3328
3264
3259
3336
3417
3438
3390
3244
3302
3326
3385
3331
3326
3354
3319
3311
3212
3307
3399
3406
3242
3352
3399
3395
3373
3316
3437
3301
3352
3234
3453
3378
3375
3444
3462
3346
3383
3344
3360
3328
3464
3455
3313
3559
3561
3356
3432
3318
3557
3442
3651
3469
3441
3518
3550
3491
3445
3366
3482
3402
3375
3408
3369
3387
3359
3499
3300
3369
3531
3374
3499
3616
3463
3584
3577
3499
3587
3488
3516
3607
3582
3523
3519
3444
3612
3756
3673
3468
3607
3619
3535
3711
3616
3498
3616
3674
3631
3618
3693
3563
3750
3614
3610
3594
3524
3659
3616
3641
3598
3602
3641
3697
3620
3778
3799
3775
3749
3790
3783
3752
3751
3713
3501
3741
3710
3584
3808
3592
3785
3749
3716
3668
3718
3698
3609
3624
3685
3755
3747
3712
3741
3664
3668
3690
3661
3770
3823
3676
3724
3761
3967
3804
3883
3866
3684
3851
3862
3869
3756
3711
3882
3739
3743
3888
3906
3862
3883
3856
4036
3933
4006
3887
3947
3924
4034
3707
3892
3927
3901
3831
3936
3863
3937
3940
3938
3905
3790
4018
4050
3954
4042
3784
3998
3897
3927
3864
3886
3964
4012
3908
3815
4030
4140
3886
4025
3983
3957
3929
3951
4025
3934
3956
3965
3975
4082
3992
3961
4094
4044
4005
4081
3980
3916
4124
4064
4024
4192
4148
4008
4147
4000
4088
4175
4149
4059
4091
4208
4177
4196
4317
4158
4075
4184
4099
4193
4231
4190
4235
4101
4185
4262
4160
4106
4196
4308
4193
4253
4318
4338
4207
4171
4295
4360
4421
4120
4365
4526
4061
4229
4219
4260
4444
4353
4329
4329
4237
4290
4366
4315
4386
4306
4444
4327
4358
4394
4207
4362
4369
4398
4461
4345
4282
4313
4567
4565
4439
4460
4422
4423
4483
4560
4469
4430
4523
4413
4233
4464
4562
4399
4597
4322
4588
4436
4485
4589
4677
4639
4581
4589
4586
4559
4579
4499
4528
4657
4484
4540
4613
4571
4426
4591
4689
4541
4497
4556
4722
4509
4525
4696
4521
4541
4647
4685
4532
4488
4473
4477
4623
4533
4464
4368
4563
4692
4816
4679
4689
4613
4852
4593
4766
4802
4697
4830
4778
4816
4870
4780
4783
4900
4820
4745
4894
4817
4605
4746
4948
4700
4766
4787
4950
4827
4743
4882
4879
5002
4900
4848
4804
4732
4883
5022
4844
4930
4843
4889
4768
4862
4912
5003
4813
5016
4893
4759
4940
4919
5024
5002
5049
4946
4938
5106
5021
5009
4962
4951
5023
5040
5110
4996
5001
5107
4970
5045
5138
5184
5134
5170
5097
5174
5176
5279
5031
5084
5193
5237
5165
5283
5140
5149
5232
5144
5256
5159
5174
5307
5214
5264
5323
5296
5234
5303
5186
5174
5135
5186
5285
5356
5310
5394
5218
5313
5270
5361
5279
5271
5390
5398
5346
5274
5380
5454
5275
5527
5474
5340
5444
5385
5286
5425
5358
5242
5320
5533
5481
5402
5527
5466
5348
5427
5564
5348
5590
5561
5381
5581
5527
5501
5567
5496
5526
5541
5498
5533
5404
5541
5476
5628
5444
5579
5573
5607
5602
5490
5684
5547
5553
5674
5680
5661
5690
5625
5764
5682
5673
5984
5717
5606
5632
5603
5854
5539
5725
5795
5790
5691
5713
5860
5818
5848
5847
5762
5874
5676
5953
5947
5995
5915
5897
5829
5942
5872
5917
6007
5783
5859
5964
5972
5808
5869
6096
5959
5996
5974
5885
6017
6090
5957
5780
5825
5889
6098
5967
5996
5987
6142
6027
6060
6159
6014
6198
6205
6079
5877
6107
6133
6057
6168
5903
6052
6244
6022
6046
6099
6263
6151
6072
6125
6259
6218
6349
6284
6124
6173
6247
6442
6191
6100
6260
6240
6124
6261
6202
6430
6261
6233
6345
6337
6466
6447
6403
6324
6346
6305
6192
6287
6112
6249
6226
6237
6158
6112
6110
6273
6302
6350
6321
6402
6426
6291
6628
6514
6711
6368
6545
6650
6642
6565
6774
6731
6546
6491
6657
6593
6613
6640
6675
6566
6604
6572
6484
6601
6639
6830
6733
6787
6601
6734
6773
6675
6647
6778
6770
6790
6801
6776
6679
6614
6804
6691
6657
6781
6551
6951
6834
6805
6843
6870
6806
6941
6964
6907
6979
6878
6998
6922
6880
6897
6786
6853
6794
6902
6882
6918
6922
6866
6822
7005
6882
6805
7046
6965
7087
6966
7094
7213
7112
7016
7235
6958
7112
7103
7195
7047
7118
7169
7183
7126
7145
7205
7161
7269
7102
7352
7294
7282
7110
7069
7131
7292
7257
7290
7269
7330
7334
7600
7388
7337
7428
7220
7310
7308
7473
7398
7515
7544
7507
7352
7439
7468
7520
7457
7713
7583
7572
7593
7625
7371
7806
7428
7545
7627
7628
7625
7667
7624
7684
7572
7669
7860
7739
7656
7713
7593
7696
7761
8016
7728
7628
7951
7712
7754
7773
7741
7549
7691
7832
7676
7764
7933
7611
7895
7971
7837
7937
8019
7848
7914
8007
7872
8079
8120
7811
7942
7978
8005
7965
8095
8079
7927
8102
8179
8241
8122
7911
8192
8132
8264
8121
8184
8088
8087
8125
8123
8078
8009
8014
8157
8008
8235
8142
8217
8258
8062
8265
8264
8432
8394
8288
8351
8221
8555
8068
8402
8470
8359
8262
8562
8469
8501
8577
8739
8239
8515
8412
8527
8648
8550
8543
8591
8585
8491
8572
8550
8659
8702
8667
8644
8708
8674
8872
8640
8611
8651
8768
8932
8883
8842
8664
8682
8565
8689
8589
8709
8630
8581
8714
8712
8685
8662
8779
8863
8913
8926
9122
8837
8841
9093
9023
8854
8912
9068
9217
9068
8906
8889
9062
9052
9174
9228
9236
9062
9026
9111
9199
9204
9062
9398
9169
9221
9126
9083
9296
9091
9133
9405
9240
9318
9299
9382
9388
9454
9371
9234
9156
9351
9531
9488
9374
9714
9331
9348
9384
9508
9171
9523
9442
9562
9438
9696
9636
9578
9634
9611
9744
9426
9786
9536
9593
9559
9672
9556
9547
9861
9681
9798
9880
9639
9812
9711
9810
9626
9712
9795
9775
9678
9733
9711
9821
9796
9905
9819
9816
9765
9981
9930
10043
9886
10102
10107
9825
9940
9940
10035
9795
10077
9665
9807
9795
9806
9918
9983
10230
9988
10102
10030
10081
10157
10203
10132
10189
10075
10144
10117
10308
10181
10225
10304
10242
10146
10155
10152
10125
10341
10167
10031
10378
10130
9972
10173
10184
10482
10202
10469
10383
10395
10585
10474
10420
10498
10598
10762
10614
10662
10481
10718
10631
10648
10679
10596
10585
10627
10757
10509
10640
10538
10750
10504
10478
10436
10665
10568
10390
10621
10790
10636
10450
10558
10388
10517
10734
10841
10885
10958
10961
11049
10895
11014
11116
10950
10848
11080
10898
10814
10836
10663
10267
10106
9940
9873
9564
9398
9082
8981
8891
8927
8985
9428
9642
9689
10155
10611
10639
11064
11380
11396
11433
11412
11350
11655
11672
11510
11606
11446
11350
11392
11372
11361
11458
11139
11643
11489
11412
11391
11598
11502
11534
11490
11538
11394
11446
11355
11240
11585
11413
11384
11473
11423
11638
11737
11691
11506
11721
11860
11648
12023
11874
11442
11943
11656
11741
11840
11916
11843
11721
11847
11554
11700
11619
11672
11951
11886
11738
11626
11877
11981
12056
12031
11971
11736
11853
11674
11837
12032
12043
12095
12068
12076
12121
12150
11828
11920
12001
12266
12200
11941
12267
12144
11821
12132
12030
12137
12070
12092
12168
12043
12220
11958
12207
12320
12216
12218
12211
12210
12171
12235
12168
12219
12352
12359
12412
12535
12717
12660
12420
12366
12357
12322
12828
12742
12686
12847
12715
12587
12728
12827
12822
12664
12733
12757
12747
12696
12955
13054
12936
12838
12840
13054
13016
12859
12679
12831
12670
12417
12553
12157
12360
12309
11881
12085
12275
12397
12292
12718
12980
13076
13272
13237
13201
13161
13181
13165
12844
13254
13018
13371
13041
13230
13107
13114
13258
13215
13218
13313
13716
13231
13433
13186
13415
13284
13209
13353
13211
13139
13262
13482
13396
13296
13282
13114
13328
13289
13658
13551
13425
13462
13474
13347
13527
13646
13550
13338
13736
13681
13643
13546
13520
13715
14007
13460
13625
13761
13458
13634
13581
13686
13524
13969
13703
14038
13862
14134
14002
13962
14128
14006
14139
13924
13771
14006
14052
13946
13894
14093
13975
14181
13963
14056
14172
14163
13997
14143
14021
14153
14020
13955
14028
14106
14208
14221
14244
14164
14165
14469
14338
14567
14148
14284
14212
14390
14216
14250
14055
14427
14436
14484
14248
14572
14650
14238
14695
14386
14805
14605
14426
14562
14809
14313
14442
14960
14428
14599
14561
14725
14809
14997
14869
14914
15119
14891
14974
14861
14914
14983
15038
14909
15047
14716
14804
14863
15005
15042
15122
14856
15069
14961
15060
15058
15056
14795
15017
15064
15101
14921
15295
15052
15060
15040
15140
15293
15227
14760
15186
15131
15304
15310
15213
15133
15124
15001
15424
15194
15456
15496
15554
15331
15533
15391
15382
15669
15257
15273
15562
15263
15463
15071
15233
15271
15124
15493
15299
15244
15245
15600
15442
15713
15621
15746
15641
15748
15734
15812
15857
15622
15696
15975
15661
15756
15570
15931
16046
15867
15901
15770
15978
15873
15882
15851
16142
15806
16101
15788
16030
15801
15774
15983
16141
15969
15944
15967
15693
16400
16076
16114
15943
15940
15862
16165
16317
15994
15990
15846
16298
16239
16136
16222
16450
16260
16413
16036
16216
16404
16140
15983
16282
16294
16268
16231
16332
16201
16302
16420
16498
16324
16452
16079
16624
16474
16306
16582
16562
16430
16516
16304
16347
16571
16697
16439
16564
16653
16566
16764
16516
16628
16558
16475
16743
16526
16642
16814
16708
16502
16665
16786
16555
16746
16876
16868
16525
16550
16589
16813
16953
16749
16904
16988
16918
16645
16973
17030
16940
16858
17049
17037
16665
16989
16769
16832
16900
16956
16931
17102
17065
16851
16863
17130
17003
16870
17058
17057
17071
17081
17020
17256
17052
17282
17139
17054
17167
17452
17258
17210
17382
17140
17118
17220
17328
17454
17364
17196
17264
17274
17088
17266
17496
17325
17332
17323
17332
17099
17278
17341
17242
17288
17320
17216
17295
17570
17574
17639
17451
17272
17382
17604
17351
17492
17572
17563
17325
17504
17964
17821
17588
17612
17448
17433
17448
17500
17664
17735
17526
17849
17920
17692
17537
17745
17726
17559
17460
17134
17414
17037
17183
17380
17258
17128
17228
17428
17502
17450
17803
17786
18216
17895
17929
17933
18017
18027
18170
18128
18016
18110
17743
17892
17743
18189
17984
17938
18002
17861
17892
18077
18280
17853
17814
18120
17840
18355
17979
18042
17963
17914
17814
18166
18013
18074
17823
17952
17827
18072
18291
18129
18272
18267
18061
18020
18226
18146
18274
18188
18200
18048
18352
18387
18134
18444
18242
18342
18283
18094
18010
18203
18596
18260
18328
18208
18388
18269
18633
18187
18202
18574
18457
17925
18379
18379
18330
18624
18413
18756
18369
18531
18560
18625
18532
18520
18212
18530
18840
18679
18608
18255
18564
18462
18663
18518
18630
18924
18598
18707
18576
18669
18588
18496
18738
18634
18689
18412
18525
18746
18606
18581
18520
18530
18644
18741
18660
18865
18602
18594
18752
18798
18625
18732
18939
18723
18643
18924
18870
18793
18598
19068
18884
18688
18807
18818
18989
18644
18810
18921
18892
19058
18825
19118
18879
18944
18833
18426
18688
18861
18747
19099
18783
18980
18780
18949
18561
18779
19290
19022
18958
19232
19226
19001
19027
19186
18985
18898
19122
19283
19038
18946
19076
19144
19186
19300
19173
18775
19159
18862
19052
18936
18930
18919
19062
19285
18967
19063
19408
19095
19242
19033
19013
19097
19311
19285
19248
19125
19224
19103
19295
19333
19190
19348
19399
19218
19084
19327
18950
19508
19154
19244
19226
19114
18986
19051
18854
19104
19364
19625
19086
18885
18898
19101
19051
19311
19210
19186
19117
19334
19092
19330
19247
19003
19164
19165
19103
19179
19617
19256
19186
19442
19774
19248
19380
19230
19182
19331
19036
19406
19389
19246
19420
18822
19296
19368
19264
19324
19536
19253
19460
19365
19444
19530
19330
19378
19355
19450
19380
19649
19472
19172
19236
19256
19082
19369
19320
19541
19306
19389
19381
19524
19744
19551
19701
19700
19520
19364
19478
19316
19492
18955
19370
19010
18980
19322
19216
19462
19234
19212
19274
19293
19327
19306
19316
19236
19325
19722
19412
19079
19419
19620
19567
19714
19868
19250
19494
19197
19306
19177
19320
19082
19009
19291
19333
19074
19163
18933
18759
18866
18759
18500
19012
19053
19110
18981
19126
19043
19028
19273
19616
19473
19515
19293
19622
19255
19608
19210
19510
19346
19399
19365
19421
19282
19406
19854
19119
19227
19436
19151
19400
19304
19321
19317
19411
19458
19190
19533
19374
19401
19282
19323
19323
19456
19493
19637
19619
19030
19433
19306
19226
19390
19397
19739
19415
19276
19364
18909
19031
19054
19154
19161
19187
19295
18977
19299
19220
19050
19472
19222
19070
19112
19262
19198
19313
18987
19091
19296
19119
18864
18971
19280
18850
18862
19128
19363
19141
19229
19287
19252
19558
19013
19363
19112
19054
19186
19172
18802
19064
19198
19106
19298
18957
18708
18961
19037
19118
18821
19035
19051
19127
18879
18984
18820
19109
18974
19068
18966
19002
18873
19094
18645
18837
18994
18808
19039
18794
18816
18669
18676
18698
19115
18776
18884
18740
18860
18850
18728
18934
18952
18777
18732
18932
18854
18893
18628
18793
18852
18845
18770
18567
18772
18673
18756
18536
18496
18664
18762
18849
18816
18701
18450
18932
18697
18539
18884
18932
18476
18420
18804
18596
18405
18675
18511
18314
18539
18431
18483
18308
18450
18388
18454
18222
18813
18546
18421
18240
18420
18410
18302
18148
18305
18181
18120
18595
18498
18367
18284
18232
18495
18425
18236
18170
18108
18057
18464
18156
18111
18249
18150
18128
18036
18148
18042
17729
18552
18056
18250
18101
17780
17787
18056
17836
17772
18080
18154
17908
17536
17998
17923
17947
17835
17920
17684
17888
17616
17922
17788
18004
18120
17572
17858
17889
17617
17885
17482
17908
17704
17794
18127
17618
17690
17590
17505
17710
17733
17609
17474
17328
17285
17387
16944
17407
17221
17290
16898
17070
17392
17156
17502
17411
17440
17237
17169
17658
17215
17172
17176
17076
17233
17169
17449
17446
17242
17151
17316
17192
17113
17264
17386
17145
17074
17317
16886
17337
17279
16870
16911
16960
17081
17066
16967
17229
16886
16651
17044
17058
16920
17031
16729
16613
16768
16602
17190
16485
16820
16635
16752
16928
16726
16665
16614
16704
16557
16458
16641
16372
16357
16532
16422
16684
16293
16596
16493
16467
16603
16566
16605
16365
16170
16251
16442
16224
16559
16411
16042
16585
16200
16600
16236
16406
16596
16037
16058
16087
15770
16089
16206
15832
15901
15986
16138
16008
15720
15899
15658
15608
15849
15886
15909
15752
15904
15770
15775
15721
15553
15812
15380
15333
15467
15357
15510
15659
15501
15557
15401
15408
15647
15764
15642
15579
15460
15585
15782
15599
15531
15567
15460
15434
15674
15636
15305
15396
15375
15444
15529
15301
15326
15010
14920
14625
14824
14572
14709
14592
14642
14852
14694
14830
14872
14956
14944
15114
14876
15084
15030
15070
14985
14857
15018
14800
14935
14761
14931
14933
14792
14792
14531
14725
14733
14553
14764
14640
14331
14518
14534
14507
14540
14557
14361
14882
14402
14622
14315
14297
14518
14344
14297
14155
14266
14181
14337
14191
14160
14295
14133
14095
13966
13824
13549
13501
13359
13597
13522
13719
13522
13348
13760
13762
13725
13857
14099
13806
13835
13600
13846
13935
13826
13738
13746
13921
13912
13627
13956
13706
13498
13610
13595
13587
13459
13396
13467
13389
13492
13228
13113
13078
13112
13156
13133
13176
13051
13037
13148
13184
12948
13013
13052
12965
13345
13253
13074
12872
12882
13036
12915
13079
12729
12944
12888
12783
12874
12842
12731
12895
12784
12425
12786
12642
12577
12499
12357
12498
12607
12709
12559
12658
12442
12552
12565
12570
12464
12532
12420
12535
12277
12352
12239
12359
12050
12306
12168
12145
12127
12077
12191
12067
12100
12074
12226
12076
12098
12058
11989
11884
11921
11720
11962
12018
11978
11762
11851
11780
11983
11766
11814
11656
11680
11921
11810
11772
11608
11665
11453
11131
11140
11347
11247
11430
11246
11181
11298
11257
11458
11520
11323
11337
11286
11303
11429
11259
11385
11276
11056
11242
11132
11264
11314
11030
10881
11183
11205
11218
11276
11050
10997
10950
10839
10739
11075
10789
11083
10900
10954
10942
10719
10560
10772
10741
11050
10883
10726
10746
10716
10542
10640
10697
10586
10511
10792
10832
10435
10635
10414
10633
10507
10610
10452
10573
10680
10451
10279
10404
10368
10368
10065
10466
10441
10379
10120
10164
10269
10350
10334
10541
10171
10438
10104
10432
10179
10294
10234
10110
10390
10231
10077
10118
10369
10080
10104
10139
10090
9926
9923
9843
10057
9759
10098
9930
9874
9914
9664
9780
9890
9854
10002
9789
9733
9640
9710
9632
9724
9661
9873
9828
9697
9922
10020
9514
9834
9667
9647
9571
9676
9636
9556
9531
9672
9669
9786
9425
9571
9573
9456
9545
9619
9341
9418
9429
9287
9472
9173
9384
9265
9405
9478
9156
9194
9223
9318
9407
9516
9336
9384
9310
9440
9300
9308
9430
9207
9169
9069
9227
9233
9219
9096
9107
9357
9211
9154
9263
9049
9031
9076
9128
9006
9087
9027
8990
9058
8916
9092
9088
8923
8880
8900
8842
9170
9031
8987
9055
8950
8903
8956
9015
8837
9128
8815
8916
8829
8805
8884
8911
8875
8753
8888
8956
8859
8894
8840
8936
8858
8918
8939
8965
8993
8854
8733
8771
8704
8619
8689
8711
8884
8755
8763
8618
8733
8738
8769
8839
8876
8927
8774
8993
8762
8766
8859
8904
8643
8733
8710
8689
8560
9004
8878
8852
8767
8783
8645
8783
8699
8834
8726
8704
8623
8835
9039
8715
8628
8801
8854
8771
8922
8876
9048
8771
8725
8649
8982
8861
8911
8813
8873
8874
8726
8669
8651
8801
8746
8876
8916
8783
9029
8848
8715
8973
8774
8982
8811
8875
8740
8692
8810
8730
8756
8768
8794
8898
8931
8947
8901
8912
9135
8946
8982
8768
8833
8978
8898
8855
8973
8992
9133
8742
8849
8920
8984
8934
8942
8942
8722
8786
8960
9034
9073
8930
8980
9037
9182
9056
9085
9039
9107
9294
9171
9172
9329
9143
9208
9297
8954
9198
9164
9443
9079
9408
9195
9229
9261
9312
9453
9421
9405
9493
9448
9296
9478
9530
9679
9396
9444
9508
9587
9528
9581
9405
9544
9449
9452
9423
9427
9390
9484
9436
9660
9491
9473
9605
9392
9486
9617
9726
9724
9561
9754
9678
9685
9690
9434
9698
9716
9320
9432
9432
9578
9578
9705
9676
9604
9842
9691
9908
9687
9779
9901
10000
9888
9697
9849
9836
9937
9862
9690
9994
9903
9834
10014
9918
10153
9866
10122
10108
9900
9797
10042
10116
10148
10040
10012
10140
10260
10093
10052
10228
10122
10267
10101
10181
10143
10211
10041
10027
10050
10152
10024
10310
10202
10234
10321
10161
10337
10462
10129
10159
10076
10050
10159
10359
10235
10110
10249
10359
10383
10256
10388
10314
10526
10353
10361
10196
10293
10189
10328
10421
10183
10297
10355
10486
10227
10464
10375
10283
10449
10555
10138
10627
10416
10295
10365
10448
10505
10496
10393
10427
10360
10597
10334
10246
10550
10450
10453
10577
10383
10755
10327
10621
10488
10406
10389
10547
10278
10244
10330
10196
10129
10299
10584
10701
10684
10453
10758
10685
10722
10705
10828
10602
10619
10548
10500
10700
10518
10714
10597
10754
10550
10687
10802
10543
10691
10589
10658
10704
10737
10837
10724
10669
10714
10742
10434
10792
10865
10948
10810
10821
10871
10962
10581
10640
10497
10624
10731
10785
10730
10685
10677
10721
10676
10750
10872
10825
10830
10604
10893
10466
10746
10756
10559
10660
10714
10533
10724
10728
10758
10768
10344
10670
10490
10811
10885
10719
10736
10480
10615
10634
10672
10673
10314
10616
10501
10762
10411
10685
10619
10739
10630
10508
10462
10518
10505
10649
10601
10556
10512
10701
10610
10679
10564
10528
10483
10600
10678
10525
10578
10557
10468
10581
10440
10727
10468
10283
10372
10537
10724
10368
10520
10439
10347
10265
10452
10453
10368
10340
10394
10434
10418
10120
10183
10407
10138
10116
10179
10319
10207
10166
10170
10128
10061
10224
10144
10147
10538
10154
10187
10257
10148
10158
10141
10262
10007
10320
10146
10037
10116
10282
10173
10184
10102
10091
9858
9996
9964
10101
10003
9812
10078
10056
9892
9972
9979
9834
10097
9784
9857
9866
9940
9806
9915
9576
9829
9788
9635
9811
9760
9831
9663
9709
9794
9605
9652
9577
9993
9665
9764
9603
9572
9558
9480
9673
9506
9515
9533
9750
9475
9456
9580
9419
9325
9410
9240
9352
9349
9266
9301
9290
9650
9484
9332
9279
9405
9344
9162
9016
9158
9211
9097
9178
9085
8914
9046
9043
9185
9018
8920
8930
9181
8865
8983
8887
8942
8727
8954
8706
8762
8840
8663
8717
8855
8715
8718
8759
8731
8613
8754
8644
8491
8448
8444
8161
8077
8185
7899
7936
8132
8271
8365
8317
8437
8308
8290
8336
8288
8460
8332
8187
8175
7983
8106
8237
8251
8104
8123
8145
7759
7929
7835
8064
7926
8056
7769
7811
7894
7749
7654
7845
7672
7661
7673
7732
7567
7462
7532
7502
7519
7457
7467
7343
7274
7468
7465
7239
7402
7243
7245
7357
7261
7160
7364
7040
7080
7079
7154
7397
7264
6996
7022
6972
6986
6864
6667
6912
7034
6690
6811
6776
6670
6866
6555
6678
6761
6485
6705
6659
6632
6593
6562
6465
6285
6392
6306
6245
6451
6374
6296
6138
6168
6289
6183
6005
6172
6185
6267
6041
5891
6030
6013
5978
5934
5885
5842
5698
5713
5704
5734
5828
5694
5598
5665
5677
5683
5638
5675
5544
5587
5620
5628
5592
5277
5399
5541
5348
5390
5309
5391
5194
5137
5134
5250
5168
5231
5198
5093
5074
4935
5199
5052
4891
4885
4904
4971
4773
4992
4685
5037
4669
4751
4755
4630
4704
4686
4742
4801
4662
4618
4600
4315
4322
4201
4161
4150
4248
4301
4373
4336
4224
4237
4148
4315
4195
4388
4165
4282
4230
4134
4184
4237
4045
4101
4179
3935
4036
4056
3937
3868
4040
3977
3836
3857
3800
3735
3942
3776
3809
3805
3713
3665
3658
3872
3671
3684
3698
3724
3627
3535
3586
3526
3436
3586
3454
3577
3478
3507
3382
3504
3438
3383
3465
3346
3444
3447
3422
3324
3501
3422
3383
3352
3216
3261
3102
3240
3308
3246
3266
3318
3210
3158
3109
3165
3313
3192
3166
3255
3148
3195
3222
3046
3172
3038
2964
