3298
3280
3398
3392
3255
3375
3282
3234
3283
3225
3240
3412
3282
3346
3303
3307
3355
3323
3419
3246
3283
3274
3220
3275
3230
3380
3443
3408
3440
3354
3325
3234
3490
3459
3441
3252
3415
3451
3350
3405
3353
3443
3363
3290
3445
3488
3617
3401
3374
3399
3586
3602
3538
3603
3365
3443
3473
3437
3422
3369
3388
3407
3395
3502
3452
3500
3437
3472
3400
3428
3465
3394
3529
3358
3552
3506
3593
3588
3506
3522
3626
3489
3516
3603
3479
3567
3575
3570
3667
3642
3544
3572
3572
3627
3554
3681
3442
3602
3758
3533
3489
3633
3764
3718
3561
3696
3631
3554
3567
3663
3720
3540
3641
3644
3712
3563
3605
3630
3608
3812
3784
3571
3660
3727
3669
3748
3822
3729
3668
3642
3648
3649
3817
3644
3738
3683
3759
3728
3694
3729
3753
3732
3621
3728
3821
3760
3642
3903
3804
3681
3746
3766
3775
3740
3735
3811
3832
3909
3834
3859
3807
3834
3742
3725
3793
3797
3964
3747
3825
3782
3958
3866
3919
3731
3847
3940
3820
3850
3860
3812
3773
3738
3828
3784
3812
3947
3814
3902
3911
4055
3782
3904
3859
3954
3778
3982
3878
3883
3916
3969
3940
4020
3957
4033
3989
3975
4134
3948
3988
4064
4015
3916
4045
3997
4130
4104
3922
4067
4015
4011
4172
4145
4056
3899
4175
4013
4029
4002
4126
4144
4331
4093
4077
4255
4067
4094
4137
4037
4112
4100
4148
4022
4153
4189
4311
4126
4253
4290
4173
4185
4224
4201
4179
4237
4205
4404
4127
4250
4294
4194
4242
4309
4080
4308
4310
4269
4264
4049
4279
4300
4385
4272
4312
4334
4293
4195
4467
4312
4432
4255
4360
4266
4330
4277
4332
4200
4309
4253
4277
4454
4380
4387
4358
4401
4442
4405
4468
4324
4464
4373
4401
4260
4481
4499
4609
4375
4562
4457
4409
4425
4465
4454
4520
4628
4547
4493
4553
4602
4565
4403
4512
4506
4522
4550
4581
4414
4754
4393
4624
4684
4747
4602
4641
4684
4714
4628
4648
4615
4603
4702
4810
4608
4525
4652
4561
4424
4618
4551
4638
4598
4596
4524
4611
4607
4732
4691
4659
4749
4656
4604
4746
4723
4566
4742
4854
4761
4668
4797
4694
4682
4809
4707
4684
4860
4708
4665
4682
4745
4976
4853
4839
4698
4724
4999
4949
4935
4857
4874
4849
4934
4861
4866
4665
4953
4918
4898
4902
4934
4943
4850
5046
4876
4931
5035
5020
4978
4927
5038
4876
4865
4834
4981
5176
4918
4991
5070
4970
4998
5071
5078
5153
5092
5125
5093
5253
5153
5108
5086
5121
5227
5071
5125
5133
5087
5172
5006
5265
5079
5230
5006
4959
5131
5195
5087
5268
5210
5152
5343
5187
5245
5237
5368
5360
5145
5207
5342
5348
5410
5191
5355
5256
5179
5423
5334
5147
5387
5157
5199
5286
5209
5376
5597
5319
5432
5582
5562
5632
5488
5299
5463
5197
5382
5310
5326
5306
5416
5460
5413
5470
5504
5501
5418
5522
5524
5448
5509
5377
5510
5399
5512
5548
5533
5575
5564
5530
5591
5545
5482
5522
5496
5584
5515
5524
5760
5553
5585
5612
5727
5498
5597
5576
5569
5589
5799
5672
5501
5666
5749
5671
5638
5775
5709
5683
5799
5821
5782
5751
5830
5818
5744
5847
5821
5787
5952
5886
5748
5882
5933
5966
5950
5839
5813
5768
5955
5884
5945
5770
5912
5946
6003
5877
5812
5798
6018
5773
6057
5940
5892
6017
6138
6127
6056
6087
5924
6148
6221
6072
6025
5992
5880
6136
6032
6082
6040
6208
6179
5978
6210
6237
6189
6006
6107
5937
6307
6106
6253
6130
6188
6162
6316
6206
6122
6272
6276
6192
6280
6273
6321
6378
6452
6129
6237
6251
6350
6382
6498
6390
6236
6376
6396
6160
6492
6265
6234
6322
6293
6364
6228
6360
6282
6202
6096
6237
6290
6264
6101
6516
6519
6508
6432
6524
6528
6498
6492
6614
6632
6396
6656
6660
6580
6511
6518
6729
6644
6587
6615
6604
6489
6561
6764
6709
6581
6793
6700
6483
6676
6612
6608
6579
6600
6797
6743
6634
6710
6605
6779
6917
6681
6628
6815
6707
6702
6714
6832
6568
6577
6985
6903
6721
7101
6826
6704
6878
6879
6840
6887
6700
6796
7124
6780
6790
6939
6821
6998
6863
7054
6873
6859
7077
7014
7128
7150
7119
6960
6960
7055
7060
7002
7186
7047
7009
7123
7155
7052
7162
7077
7074
7303
7144
7382
7171
7192
7206
7327
7277
7408
7294
7366
7204
7395
7260
7369
7182
7352
7439
7279
7288
7353
7272
7481
7413
7307
7201
7590
7611
7308
7342
7361
7353
7492
7374
7383
7437
7574
7499
7608
7419
7579
7590
7539
7338
7576
7556
7720
7698
7811
7850
7733
7615
7642
7651
7528
7661
7883
7832
7775
7621
7687
7746
7755
7876
7716
7887
7544
7753
7884
7748
7749
7785
8079
8026
7861
7840
7994
7836
7858
7930
7906
7908
7873
8027
8013
7939
8041
7992
7949
7990
8042
8062
8100
8084
7966
8014
7890
8084
8166
8258
8263
8158
8109
8185
7941
8224
8206
8154
8065
8098
8184
8043
8218
8130
8255
8230
8189
8277
8262
8224
8186
8453
8368
8198
8271
8184
8450
8200
8554
8485
8453
8395
8492
8472
8335
8383
8616
8651
8570
8873
8641
8596
8541
8482
8700
8528
8659
8606
8658
8534
8476
8594
8525
8698
8664
8726
8879
8764
8776
8678
8542
8696
8529
8462
8723
8718
8677
8554
8823
8819
8918
8805
8788
8884
8899
8887
9016
8794
9009
9089
9017
8996
9020
9017
8904
9005
9178
9110
8678
8897
9067
9044
9083
9255
9004
9324
9199
9297
9133
9068
9047
9098
9010
9292
9161
9220
9135
9304
9213
9373
9445
9321
9466
9178
9255
9530
9395
9258
9405
9522
9274
9270
9326
9205
9495
9399
9407
9535
9481
9442
9305
9714
9631
9600
9813
9444
9825
9632
9606
9612
9592
9569
9582
9683
9722
9673
9555
9584
9582
9766
9611
9536
9783
9675
9634
9809
9693
9760
9771
9764
9784
9695
9811
9852
9874
9873
9840
10148
9793
9947
10266
9738
9742
9916
10125
9821
10035
9856
10057
10022
9846
10040
10172
10241
10014
10090
9907
10167
10008
10186
10002
10261
10132
10212
10310
10058
10145
10211
10176
10354
10202
10081
10120
10107
10168
10197
10303
10163
10101
10083
10235
9995
10171
10198
10448
10345
10514
10441
10411
10252
10527
10412
10561
10329
10532
10452
10599
10699
10372
10647
10623
10643
10656
10760
10752
10606
10522
10632
10667
10555
10539
10465
10436
10458
10489
10373
10420
10533
10466
10671
10462
10442
10658
10719
10874
10772
10942
11060
10974
11029
10831
10944
10821
11013
10901
10850
10666
10554
9997
10002
9761
9828
9510
9399
9002
8917
8819
9014
9055
9230
9467
9689
10363
10385
10922
10913
11659
11356
11493
11442
11198
11297
11396
11563
11296
11545
11456
11467
11465
11685
11268
11529
11133
11301
11566
11550
11451
11434
11355
11626
11602
11357
11600
11375
11220
11544
11520
11353
11393
11659
11749
11524
11637
11844
11713
11781
11879
11867
11675
11632
11754
11740
11763
11883
11791
11709
11681
11712
11839
11655
11764
11700
11675
11908
12028
11870
11933
11855
11814
12054
11870
11949
11944
11703
11753
11970
12127
11710
11864
11942
11946
12206
11954
12148
11931
12063
12096
11888
11927
12243
11801
11903
11951
12157
12097
12303
12124
12171
12314
12288
12174
12228
12080
12612
12328
12114
12254
12000
12200
12366
12455
12357
12369
12365
12498
12454
12748
12411
12588
12517
12619
12436
12563
12591
12608
12584
12732
12736
12636
12740
12643
12633
12928
12911
12806
13060
12912
12988
12966
12714
12797
13029
12621
13012
12699
12447
12591
12418
12308
12510
12223
12292
12186
12214
12507
12556
13059
13141
13008
13313
13197
13240
13136
13149
13200
13290
13038
12875
13277
13332
13324
13126
13245
13253
13394
13528
13339
13406
13527
13411
13544
13520
13398
13286
13352
13651
13370
13275
13347
13339
13658
13572
13274
13533
13243
13295
13648
13261
13498
13424
13683
13604
13519
13711
13972
13702
13684
13526
13801
13671
13769
13855
13647
13559
13749
13704
13733
13773
13810
14026
14076
13928
13682
13719
13883
14042
13984
13956
13866
13818
14007
14270
13987
14275
13966
14082
13835
13977
14189
14132
14158
14111
14209
14105
14180
14494
14033
14019
14173
14471
14152
14187
14220
14288
14227
14372
14299
14230
14444
14165
14445
14298
14274
14342
14315
14378
14526
14636
14422
14496
14534
14186
14604
14578
14535
14872
14790
14636
14507
14662
14357
14864
14619
14936
14875
14707
14832
14624
14982
14628
14882
14909
14773
15012
14694
14662
14888
14826
15047
14711
14797
14722
15021
15034
14714
14852
15130
14762
14854
15060
15112
15106
15060
14936
15160
15196
15124
15221
15173
15018
15154
15172
14982
14894
15380
15010
15531
15161
14984
15123
15131
15373
15326
15256
15221
15649
15554
15426
15464
15726
15341
15575
15451
15357
15514
15283
15260
15174
15274
15491
15214
15306
15132
15497
15433
15556
15513
15773
15744
15562
15462
15809
15898
15810
15630
16003
15814
15821
15733
15706
15885
15535
15607
15673
15794
15765
15599
16017
15989
16053
16041
15865
15707
15934
15906
15694
16027
15900
16081
15881
15929
15781
16526
15721
15837
16042
16154
16217
16089
15994
16105
16188
16469
15928
16011
16175
16473
16317
16427
16188
16133
16205
16466
16285
16277
16469
16219
16226
16484
16266
16117
16292
16470
16568
16284
16361
16206
16384
16567
16408
16400
16283
16436
16388
16428
16410
16263
16171
16496
16613
16454
16629
16407
16690
16585
16454
16651
16694
16552
16768
16721
16524
16818
16674
16721
16680
16604
16685
16842
16596
16768
16871
16916
16805
16772
16658
16432
16408
16776
16908
16915
16772
16779
16772
16810
16962
16834
16825
16572
16824
16762
16868
16804
17004
16907
16718
16981
17027
16951
16909
16923
17205
17142
17092
17014
16944
17036
17181
17120
17054
17096
17180
17379
17437
17269
17664
17461
17445
17173
17335
17026
17441
16970
17320
17442
17421
17083
17261
17144
17551
17300
17589
17216
17388
17400
17240
17428
17481
17670
17446
17608
17323
17506
17561
17343
17594
17308
17357
17606
17478
17531
17666
17447
17518
17668
17393
17673
17795
17909
17600
17654
17230
17732
17618
17553
17604
17819
17488
17512
17311
17724
17269
17298
17380
17593
17195
17024
17397
17252
17293
17373
17848
17902
17884
18090
18002
18041
17633
17651
17960
17898
17925
17965
17830
17858
18070
18073
17858
17941
17851
17934
18003
17995
18034
17824
17992
17897
17757
17764
17877
18286
17754
18027
18165
18094
17905
18128
17990
18012
17657
18301
18337
18056
18260
17833
18208
18120
18206
18205
17894
18002
18013
18191
18313
18413
18052
18251
18188
18250
18196
18317
18364
18284
18312
18436
18514
18297
18473
18412
18292
18137
18475
18233
18250
18465
18100
18501
18285
18249
18805
18537
18679
18467
18420
18510
18373
18470
18233
18553
18478
18404
18691
18326
18448
18580
18493
18362
18465
18294
18534
18499
18536
18816
18731
18388
18768
18627
18438
18613
18964
18840
18834
18868
18588
18605
18446
18756
18712
18781
18829
18638
18671
18747
18721
18658
18688
18708
18576
18653
18805
18635
18897
18721
18905
18884
18780
18964
18678
18814
19034
19051
18931
18880
19060
18877
18850
18842
19022
18696
18916
19340
18653
18877
19074
18757
18749
19014
19132
19232
18872
18893
19131
19275
19174
18724
19058
19094
19015
19000
19112
19044
18948
18856
18772
19008
18720
19084
18966
18991
19272
18867
19244
19064
19126
19368
19063
19206
19196
18948
19207
18816
19096
19038
18901
19277
19218
19226
19080
18868
19148
18958
19176
19209
19231
18985
19041
19308
19267
19268
19348
19306
19338
19480
19403
19213
19269
19110
19290
19066
19423
19174
19078
19189
19226
18929
19194
18926
18991
19114
19158
19112
19151
19107
19176
19343
19387
19415
19223
19432
19204
19590
18992
19428
19315
19177
19602
19357
19394
19332
19348
19301
19439
19520
19450
19330
19503
19520
19068
19339
19366
19304
19472
19410
19418
19308
19383
19200
19584
19506
19332
19299
19700
19428
19462
19453
19228
19668
19362
19457
19570
19337
19611
19609
19309
19194
19511
19349
19425
19333
19628
19369
19716
19444
19384
19054
19078
19085
19427
18968
19342
19291
19283
18987
19350
19411
19233
19387
19309
19377
19365
19164
19285
19401
19216
19206
19612
19421
19505
19385
19324
19306
19398
19302
19142
19234
19213
19183
19188
19316
18824
19183
18977
18966
19300
19084
19261
18910
19441
18852
19290
19178
19412
19533
19510
19350
19540
19640
19797
19541
19577
19505
19540
19645
19457
19153
19370
19722
19404
19344
19393
19460
19403
19181
19281
19371
19418
19584
19310
19347
19385
19227
19685
19512
19250
19201
19426
19264
19656
19364
19388
19456
19372
19263
19449
19252
19233
19694
19226
19332
19130
19332
18675
19214
18956
19309
19341
19248
19261
19006
19214
19320
19186
19145
19070
18952
19033
19223
19227
18969
19325
19128
19298
19232
19072
19211
19076
19214
19013
19227
19315
19145
19024
19078
19029
19218
19321
18794
18956
18988
19144
19076
18690
18930
19068
19274
18762
18845
18658
18953
18909
19122
19144
18946
19157
18842
18764
18782
18935
18861
19098
19188
18689
19335
19011
18969
18972
18930
18835
18805
19057
18688
18680
18868
18621
18824
18874
18773
18720
18706
18852
18998
18882
19074
18804
18758
18806
18758
18944
18637
18532
18607
18668
18938
18921
18651
18600
18415
18576
18733
18816
18840
18581
18700
18441
18560
18614
18799
18867
18786
18621
18760
18381
18606
18618
18493
18679
18337
18486
18432
18361
18284
18517
18456
18523
18392
18436
18399
18466
18596
18344
18472
18306
18344
18245
18262
18390
18510
18462
18425
18307
18306
18541
18408
18041
18244
18230
18004
18232
18148
18396
18416
18243
18123
18034
18116
17949
18136
17819
17818
18302
18150
17978
18091
18017
18114
18012
18200
18003
17856
17897
17920
17998
17944
18012
17848
17756
18028
17728
18220
17801
17796
17821
17675
17884
17770
17506
17750
17944
17758
17558
17779
17664
17787
17536
17826
17642
17845
17594
17472
17370
17604
17330
17380
17421
17192
17285
17273
17252
17192
17048
17216
17020
17101
17124
17336
17343
17280
17147
17322
17149
17324
17334
17260
17213
17369
17082
17373
17226
17333
17228
17041
17205
17181
17174
16823
17224
17078
17063
16951
16984
16897
16803
16825
17126
16602
16771
16857
16796
16987
16740
16943
16823
17028
16840
16812
16849
16600
16617
16654
16813
16828
16512
16603
16746
16549
16495
16628
16552
16562
16237
16428
16502
16346
16459
16427
16394
16619
16774
16695
16406
16346
16493
16679
16432
16356
16163
16325
16388
16173
16314
16108
16309
16308
15965
16276
16251
16201
16062
16402
16125
15853
15995
16141
15824
15972
15744
15773
15806
15600
15706
16095
15724
15913
15788
15914
15740
15606
15452
15670
15379
15322
15640
15571
15835
15718
15553
15688
15384
15405
15591
15581
15720
15620
15479
15563
15601
15603
15401
15417
15093
15540
15395
15512
15535
15528
15319
15206
15437
15518
15032
15008
14722
14648
14364
14501
14807
14640
14774
14778
14807
14842
14781
14828
15206
15001
14848
14757
15093
14857
14873
14836
14637
15076
14710
14763
14896
14926
14692
14768
14831
14709
14731
14666
14738
14699
14615
14534
14488
14774
14333
14350
14259
14381
14434
14532
14394
14546
14331
14322
14147
14432
14235
14118
14351
14230
14229
14197
14061
14172
13911
13773
13720
13623
13536
13472
13609
13726
13584
13718
13636
13700
13838
14079
14016
13956
13714
13884
13810
13927
13688
13669
13828
13768
13446
13511
13648
13521
13760
13414
13614
13508
13609
13595
13474
13360
13272
13236
13233
13082
13266
13101
12975
13062
13303
13145
13316
13259
13021
13145
13282
13091
13288
12939
12964
12909
12844
12860
12609
12833
12704
12813
12809
12834
12754
12851
12683
12802
12681
12767
12808
12675
12782
12582
12532
12448
12480
12505
12667
12645
12471
12497
12189
12396
12193
12427
12379
12573
12408
12539
12372
12218
12326
12340
12324
12288
12360
12023
12270
12054
12308
12138
12199
12030
11854
11930
11987
12008
11989
11930
11928
11897
11806
11904
12130
11934
11827
11844
11834
11908
11821
11886
11700
11642
11832
11444
11346
11286
11065
11202
11276
11212
11182
11224
11419
11274
11123
11300
11380
11350
11396
11251
11306
11220
11163
10999
11219
11253
11403
11184
11266
11196
11135
11146
11197
11053
11109
10880
10909
11020
11015
10903
10882
10859
11030
11043
11044
10868
10959
10941
10697
10643
10896
10744
10765
10873
10929
10903
10741
10807
10494
10650
10615
10715
10702
10546
10485
10687
10590
10486
10652
10386
10504
10589
10397
10602
10468
10545
10403
10301
10270
10392
10288
10465
10150
10285
10360
10217
10140
10265
10227
10216
10163
10288
10214
10185
9921
10135
10102
10026
9829
9883
10121
10062
10146
9940
9980
9916
10052
10098
10102
9879
9850
9936
9860
9956
9962
9730
9937
9825
9902
9856
9848
9885
9857
9878
9756
9815
9769
9769
9760
9704
9829
9725
9549
9655
9765
9650
9638
9552
9725
9499
9527
9441
9360
9415
9686
9517
9509
9525
9599
9595
9424
9412
9468
9445
9314
9556
9384
9349
9387
9374
9416
9347
9268
9423
9459
9360
9178
9397
9268
9379
9026
9249
9200
9080
9067
9228
9236
9126
9292
9370
9187
9039
9105
9344
9197
9000
9221
9001
9137
8992
8969
9031
9068
9392
8906
8875
9159
9074
9163
9185
8968
9016
8951
9044
8968
8793
8968
8942
8796
8995
9051
9038
8882
9028
9105
9033
9033
8841
8842
8924
8818
8860
8861
8920
8842
9071
8865
9014
8857
8847
9044
8922
8772
8895
8904
8857
8773
8674
8750
9162
8742
9102
8828
8900
8854
8622
8707
8917
8884
8960
8889
9096
8790
8646
8922
8833
8742
8835
8845
8933
8867
8861
8834
8877
9127
8945
8946
8823
9070
9128
8854
8798
8636
8916
8705
8850
8701
8794
8798
8917
8990
8889
9158
8908
8787
8842
8783
8937
9008
8775
9156
8985
8957
8910
8983
8757
8950
8826
8965
9026
8920
9092
8888
9082
8952
9029
9041
8956
9090
9003
9044
8952
8964
9138
8848
8836
8871
8889
9113
9039
9102
8961
9095
8972
8962
9064
9057
9129
9225
8904
8906
8809
9004
9149
9134
9084
9216
9004
9125
9213
9037
9192
9227
9270
9502
9172
9195
9238
9504
9534
9298
9406
9242
9540
9330
9424
9535
9460
9569
9329
9545
9129
9487
9583
9277
9636
9549
9562
9452
9522
9494
9750
9505
9441
9546
9611
9643
9585
9551
9626
9477
9716
9688
9820
9748
9721
9451
9678
9582
9641
9611
9744
9670
9872
9869
9551
9650
9785
9613
9715
9731
9876
9748
9647
9569
9705
9838
9795
9875
9776
10010
9830
9922
9930
9986
10085
9981
10160
9940
9578
10107
9972
9956
10028
10062
10252
10118
9894
9967
10025
10261
10230
10117
10157
10135
10092
9955
10068
9962
10225
10177
10233
10193
10266
10346
10216
10030
10217
10035
10486
10279
10219
10399
10216
10231
10281
10255
10417
10492
10325
10443
10324
10565
10440
10454
10556
10573
10514
10233
10214
10548
10492
10331
10424
10470
10500
10443
10327
10554
10333
10447
10509
10681
10665
10461
10779
10689
10524
10585
10505
10476
10528
10592
10442
10552
10512
10642
10558
10588
10676
10724
10411
10612
10583
10664
10712
10498
10864
10759
10752
10544
10900
10659
10733
10557
10746
10772
10585
10312
10816
10364
10570
10442
10572
10654
10404
10364
10517
10570
10545
10720
10964
10829
10772
10858
10833
11123
10653
10848
10600
10752
10961
11019
10836
10982
10820
10880
10918
10690
11110
10823
11019
10873
10858
10949
10978
10868
10826
10725
10967
10939
10877
10868
10966
10984
10840
10947
10925
11106
10626
10744
10930
10887
10845
10834
10975
10932
10940
10943
10952
10844
10980
11084
10799
10767
11071
10994
10902
10954
10854
10984
10774
10985
10899
11003
10828
10744
10983
10980
10662
10733
11068
10740
10988
10760
10665
10833
10940
10735
10753
10714
10756
10824
10925
10811
10833
10814
10752
10571
10666
10772
10810
10957
10797
10689
10765
10659
10797
10733
10563
10607
10893
10776
10644
10452
10556
10511
10694
10633
10834
10776
10623
10616
10669
10472
10706
10576
10509
10606
10445
10520
10343
10626
10622
10410
10515
10542
10344
10398
10548
10533
10625
10504
10385
10167
10308
10391
10553
10251
10451
10246
10502
10439
10326
10290
10444
10497
10361
10539
10296
10445
10446
10617
10275
10423
10373
10098
10308
10481
10085
10092
10277
10448
10231
10069
10261
10253
10056
10042
10057
10037
9968
10045
9979
10288
10061
9925
9896
9874
9833
10230
9940
9792
9958
9866
10062
9949
9782
9714
9938
9937
9830
9728
9863
9744
9786
9695
9761
9785
9697
9613
9584
9552
9559
9814
9866
9486
9641
9393
9554
9615
9569
9644
9709
9677
9630
9734
9380
9495
9286
9218
9397
9165
9262
9382
9362
9334
9182
9110
9222
9334
9370
9397
9167
9162
9121
9149
9113
8942
8904
8970
8915
8917
8756
9036
8868
8862
8920
8848
8845
8824
8845
8748
8668
8749
8989
8833
8858
8521
8264
8072
8125
8102
8141
8197
8568
8549
8462
8470
8468
8742
8274
8804
8525
8390
8212
8221
8284
8105
8236
8169
8452
8048
8237
8134
8007
8043
8043
8069
7967
7822
7957
7878
7934
7813
7738
7814
7872
7614
8067
7668
7591
7824
7688
7721
7646
7637
7702
7526
7535
7609
7240
7619
7326
7396
7400
7692
7268
7284
7123
7050
7372
7039
7172
7141
7314
7204
6942
6872
6863
6932
7019
6860
6864
7060
6906
6916
6924
7027
6880
6588
6610
6588
6694
6604
6749
6520
6603
6458
6594
6535
6388
6466
6429
6393
6377
6307
6261
6154
6199
6337
6294
6151
6062
6179
6148
6055
6203
6083
5997
5941
5880
5908
5868
5776
5759
5828
5703
5803
5739
5790
5749
5836
5804
5518
5467
5396
5614
5529
5579
5455
5368
5325
5339
5278
5386
5247
5296
5253
5152
5202
5269
5132
5297
5035
5258
5063
5020
5039
4921
4872
4935
4955
4875
4959
4932
4868
4865
4879
4817
4722
4627
4590
4693
4580
4630
4452
4331
4352
4236
4188
4243
4276
4403
4420
4429
4261
4332
4472
4342
4271
4334
4283
4343
4145
4237
4197
4259
4184
4102
3946
4107
4009
4119
3979
3864
3964
3936
3891
3972
3936
3793
3859
3925
3823
3782
3913
3751
3669
3760
3679
3659
3758
3690
3560
3757
3624
3559
3603
3529
3634
3562
3553
3662
3550
3561
3554
3487
3458
3396
3443
3309
3482
3396
3382
3382
3378
3363
3404
3342
3374
3223
3119
3264
3182
3219
3200
3123
3223
3216
3200
3234
3148
3166
3241
3080
2975
3110
3045
2971
