3377
3389
3310
3341
3414
3397
3342
3299
3432
3319
3383
3200
3298
3290
3321
3265
3190
3391
3365
3444
3249
3329
3362
3331
3398
3276
3376
3494
3458
3478
3411
3453
3417
3295
3252
3372
3388
3532
3271
3484
3297
3448
3409
3448
3377
3386
3469
3406
3518
3413
3477
3397
3574
3407
3355
3673
3397
3381
3546
3483
3453
3445
3496
3345
3488
3422
3492
3556
3421
3622
3539
3456
3521
3548
3456
3409
3565
3446
3521
3621
3497
3568
3473
3547
3601
3553
3530
3656
3494
3661
3591
3447
3592
3600
3630
3549
3634
3659
3561
3552
3680
3636
3739
3641
3632
3627
3705
3773
3642
3672
3607
3635
3687
3677
3702
3763
3609
3631
3663
3681
3672
3580
3675
3550
3678
3578
3697
3693
3692
3723
3716
3659
3738
3605
3761
3778
3809
3675
3781
3723
3648
3813
3756
3666
3866
3788
3881
3781
3733
3931
3866
3832
3829
3837
3718
3794
3882
3678
3828
3923
3835
3846
3785
3834
3828
3851
3897
3662
3879
3944
3801
3780
3829
3672
3831
3755
3900
3842
3826
3896
3854
3916
3917
3923
3991
3972
3801
3966
4027
3930
3976
3993
3954
3957
3987
3970
3931
3985
3836
3934
3986
3920
4127
3983
4002
4053
4035
3915
3993
3913
3958
3976
4085
3993
3994
4059
3949
4065
4041
3858
4011
4219
4115
4160
4209
4126
4078
4076
4109
4180
4131
4079
4250
4022
4026
4235
4123
4178
4103
3995
4240
4226
4041
4197
4148
4160
4152
4295
4168
4181
4238
4301
4342
4165
4331
4252
4217
4352
4209
4297
4267
4305
4268
4310
4202
4184
4313
4261
4318
4275
4289
4233
4356
4173
4272
4324
4390
4309
4412
4398
4475
4294
4402
4275
4493
4233
4330
4271
4219
4378
4276
4393
4441
4413
4470
4383
4433
4496
4443
4413
4454
4431
4323
4445
4436
4455
4416
4454
4401
4427
4389
4304
4528
4600
4629
4525
4543
4429
4654
4467
4508
4558
4457
4505
4542
4492
4614
4413
4513
4622
4580
4573
4508
4584
4572
4685
4578
4622
4525
4567
4672
4540
4578
4633
4600
4554
4588
4611
4608
4709
4643
4573
4597
4660
4721
4718
4829
4656
4677
4687
4644
4852
4870
4855
4747
4871
4621
4678
4712
4824
4824
4818
4801
4620
4797
4815
4671
4823
4848
4903
4913
4868
4793
4864
4772
4814
4924
4832
4761
4824
4835
4796
4780
4738
4744
4936
4902
4880
4881
4988
5049
4985
5006
4923
5041
5015
4960
5051
5047
4895
5164
4924
5001
4942
4993
4876
4964
4874
5208
5102
5071
5057
5087
5018
5250
5199
5150
5059
5161
5147
5089
5052
5028
5105
5148
5089
5147
5090
5174
5137
5179
5306
5196
5228
5222
5178
5212
5397
5218
5224
5125
5355
5393
5295
5199
5416
5355
5268
5220
5338
5201
5290
5222
5305
5242
5359
5459
5267
5395
5317
5368
5376
5448
5348
5338
5356
5516
5413
5336
5372
5501
5336
5376
5385
5448
5436
5442
5328
5471
5561
5570
5501
5552
5539
5520
5513
5490
5555
5460
5509
5638
5391
5496
5536
5561
5544
5378
5617
5593
5377
5590
5597
5689
5729
5640
5604
5586
5810
5656
5621
5701
5747
5494
5755
5601
5874
5670
5732
5835
5671
5688
5813
5823
5623
5648
5692
5751
5809
5857
5953
5853
5760
5754
6106
5883
5751
5884
5858
5893
5936
5857
6011
5818
6081
6028
5886
6062
6027
5974
6013
5992
6118
5988
5960
5973
6028
5905
5993
6031
5966
6036
6143
6121
6083
5985
6110
6011
5995
6050
6109
6019
6203
6145
6109
6247
6077
6124
6118
6180
6139
6247
6353
6091
6264
6067
6271
6279
6265
6316
6287
6199
6372
6187
6250
6213
6067
6263
6346
6260
6314
6227
6231
6332
6215
6302
6081
6429
6434
6421
6355
6362
6351
6318
6270
6228
6299
6139
6246
6295
6218
6340
6147
6290
6289
6308
6383
6374
6430
6331
6519
6464
6621
6495
6454
6491
6714
6730
6346
6562
6580
6583
6479
6477
6702
6639
6538
6637
6523
6705
6427
6616
6720
6790
6749
6650
6852
6633
6646
6627
6740
6757
6596
6749
6859
6751
6772
6787
6778
6592
6714
6838
6698
6709
6756
6779
6890
6903
6855
6949
7105
6876
6842
6847
6977
6991
6934
6979
6916
6764
6854
6770
7095
6793
6939
6868
6942
6807
6978
7070
7388
7127
7070
7172
7141
7121
7167
7025
7202
7096
7081
7181
7167
7273
7204
7306
7086
7199
7346
7332
7203
7106
7330
7136
7230
7407
7186
7300
7408
7225
7307
7215
7350
7352
7511
7352
7388
7332
7282
7600
7561
7391
7333
7559
7489
7421
7481
7446
7328
7391
7613
7402
7783
7454
7613
7339
7464
7540
7758
7469
7713
7717
7606
7543
7658
7611
7394
7625
7629
7627
7572
7643
7770
7645
7811
7588
7861
7936
7746
7777
7544
7718
7723
7764
7772
7945
7785
7915
7694
7776
7662
7931
7857
8008
7960
7917
7967
7957
7936
7938
7880
7868
7971
7949
7965
8160
7797
7967
8057
8029
8071
8056
8210
8059
7874
8149
7960
8080
7997
8072
7986
7971
8007
8080
8169
8114
7994
8125
7976
8206
8232
8159
8159
8297
8277
8280
8301
8457
8160
8544
8324
8138
8148
8396
8377
8481
8497
8259
8519
8516
8477
8502
8507
8625
8417
8382
8420
8612
8493
8604
8539
8521
8704
8590
8589
8551
8668
8735
8711
8804
8660
8816
8772
8586
8954
8632
8986
8618
8766
8723
8733
8698
8760
8715
8488
8492
8694
8784
8696
8799
8816
8866
8921
8715
8986
8945
9047
9018
8890
9122
9012
8861
9077
8982
9101
9146
9252
9173
9101
9012
9231
9042
9303
9370
9128
9125
9174
9339
9281
9252
9340
9260
9378
9074
8994
9297
9271
9113
9270
9210
9244
9269
9367
9330
9448
9612
9402
9379
9477
9176
9345
9394
9358
9431
9284
9429
9323
9462
9567
9519
9599
9524
9381
9594
9652
9672
9462
9589
9893
9597
9831
9688
9519
9705
9729
9732
9575
9633
9718
9565
9789
9624
9578
9789
9755
9514
9858
9797
9876
9811
9981
9693
10041
9918
9984
9709
9817
10042
10026
9964
9857
9802
10069
10028
9768
10167
9973
9812
9763
9841
9977
10054
10057
10190
10024
10007
10099
10018
10075
9963
10247
10109
10282
10175
10237
10164
10264
10230
10400
10094
10026
10357
10130
10067
10280
10315
10393
10080
10055
10109
10356
10276
10190
10661
10302
10436
10417
10528
10459
10444
10552
10555
10520
10664
10302
10472
10548
10722
10629
10546
10474
10528
10396
10501
10496
10379
10490
10733
10681
10671
10637
10669
10488
10543
10634
10611
10534
10336
10611
10482
10661
10737
10921
11162
11038
10869
10826
11055
10747
10846
11032
11054
10924
10943
10822
10385
10086
9956
9923
9775
9434
9111
8854
8987
8973
9019
9011
9294
9507
9948
10065
10612
11093
11091
11219
11455
11355
11584
11432
11404
11456
11562
11401
11508
11497
11303
11282
11591
11449
11639
11614
11409
11499
11447
11567
11602
11636
11435
11367
11416
11512
11460
11496
11515
11367
11403
11602
11629
11733
11602
11736
11743
11535
11849
11953
11743
11734
11843
11910
11589
11834
11460
11700
11533
11578
11646
11682
11908
11677
11818
11829
11651
11731
11811
11980
11750
11633
11955
12036
11583
11904
11795
11831
12046
11534
12004
12052
12117
12190
12126
12115
11908
12115
12168
12048
11757
11915
12362
12019
12264
12298
12131
12146
12193
12049
12255
12017
12150
12118
12043
12335
12294
12278
12109
12286
12384
12444
12352
12217
12378
12578
12397
12505
12569
12407
12672
12529
12694
12821
12538
12684
12667
12425
12530
12949
12682
12755
12916
12680
12821
12810
12525
12911
13036
12975
12812
13037
13081
13001
12907
12726
12779
12845
12512
12402
12186
12540
12347
12386
12092
12384
12318
12576
12746
12646
13026
13273
13057
13237
13081
13073
12898
13173
13151
13548
13192
13183
13140
13258
13512
13387
13221
13389
13448
13477
13448
13462
13360
13297
13403
13428
13528
13515
13194
13213
13708
13556
13541
13497
13465
13466
13562
13464
13594
13832
13447
13764
13540
13781
13684
13702
13616
13614
13665
13653
13643
13528
13620
13662
13458
13824
13695
13553
13719
13820
13868
13703
13985
13620
14099
13890
13826
13910
13846
13901
13935
14024
13771
13924
13879
13868
14066
14185
13928
13837
14102
13833
14029
14204
14192
13906
14149
14094
14210
14014
14196
14150
14105
14199
14323
14368
14543
14435
14342
14486
14372
14499
14275
14134
14158
14270
14246
14316
14489
14283
14609
14291
14277
14478
14545
14469
14464
14766
14826
14715
14742
14385
14925
14699
14681
14621
14536
14898
14565
14926
14849
14977
14818
15090
14937
14857
14962
14934
14768
14936
14938
14861
14892
14899
14857
15064
14992
14868
15161
15100
14878
14949
15023
14964
15224
15262
15144
14928
15175
15026
15325
15072
15242
15238
14901
15143
15125
15026
15418
15251
15202
15334
15439
15252
15236
15204
15356
15332
15376
15330
15451
15425
15276
15607
15437
15564
15348
15411
15750
15177
15288
15109
15414
15282
15198
15270
15108
15529
15380
15556
15677
15636
15489
15755
15850
15678
15748
15700
15994
15820
15545
15688
15620
15834
15625
15984
15776
15818
15890
15680
15686
15698
15798
15745
16016
15845
16029
15798
16072
15862
15941
16022
16001
15948
15796
16004
16012
16188
16038
16165
16173
15762
16091
16084
16227
16324
16148
16266
16132
16261
16366
16136
16252
16400
16227
16293
16308
16538
16381
15989
16339
16255
16501
16486
16231
16365
16299
16325
16483
16376
16564
16438
16128
16354
16398
16420
16380
16429
16357
16557
16476
16558
16677
16372
16526
16399
16481
16485
16621
16623
16649
16498
16602
16780
16724
16817
16761
16597
16610
17021
16667
16405
16380
16648
16630
16787
16696
16792
16849
16824
16890
16701
16870
16954
16738
16512
17197
16786
16956
17162
16862
16919
16896
16935
16986
16869
17039
17109
17141
17035
17160
16921
16921
17109
17078
17119
17002
17131
17113
17352
17231
17245
17257
17146
17222
17222
17116
17152
17442
17129
17300
17437
17442
17614
17292
17189
17344
17209
17122
17276
17307
17222
17325
17174
17256
17207
17414
17422
17383
17385
17403
17632
17430
17547
17591
17426
17412
17342
17536
17410
17498
17485
17316
17630
17473
17566
17401
17356
17727
17522
17604
17692
17933
17682
17825
17458
17880
18003
17682
17503
17502
17568
17648
17402
17413
17095
17560
17366
17256
17110
17192
17043
17450
17602
17684
17821
18014
17815
17943
17893
18007
18048
18114
17705
18460
17826
18114
17770
18093
17860
18016
18301
17801
17943
18180
17969
17799
17966
18029
18022
18061
18073
18099
18337
18114
18200
17821
18022
18124
18074
18160
18185
18205
18372
17924
18261
18171
18123
18187
18246
18048
18248
18253
17994
18125
18382
18548
18206
18274
18320
17989
18147
18172
18357
18245
18238
18289
18127
18142
18322
18400
18568
18567
18335
18272
18585
18548
18297
18570
18553
18220
18529
18589
18597
18477
18800
18403
18602
18532
18449
18408
18598
18534
18789
18580
18621
18219
18533
18766
18756
18410
18644
18742
18737
18744
18690
18608
18976
18665
18470
18634
18656
18541
18740
18459
18618
18570
18550
18804
18740
18891
18788
18902
18762
18791
18849
18628
18885
18635
18530
19010
18637
18863
18816
18892
18794
18986
18669
18701
19062
18698
18797
18760
19046
19020
18688
18846
18804
18560
18618
18630
18892
18880
18910
18927
19172
18730
19164
19038
18933
18904
19030
19048
19110
19102
18985
18637
19021
19103
19229
18777
19022
19455
18986
19012
18872
18991
19012
19076
19072
18980
18720
19032
19090
19025
19318
19021
19141
19168
19179
19063
19076
18913
19195
19080
19332
18969
19368
19202
19414
19112
19436
19130
19261
19246
19158
19217
19134
18916
19125
19176
19205
19482
19156
19459
19216
19348
19266
19156
19068
19088
19297
18974
18910
19350
19073
19103
18657
19004
19040
19050
19290
19375
19215
19141
19309
19297
19117
19368
19450
19138
19469
19286
19178
19611
19304
19432
19063
19281
19277
19341
19524
19462
19447
19526
19404
19245
19060
19501
19395
19339
19544
19387
19629
19148
19376
19851
19560
19627
19400
19112
19542
19118
19572
19498
19320
19695
19494
19528
19149
19369
19298
19640
19446
19595
19274
19525
19465
19525
19412
19417
19362
19387
19390
19452
19390
19256
19339
19095
19131
19241
19132
19099
19103
19046
19135
19015
19295
19386
19300
19270
19420
19462
19533
19230
19677
19406
19432
19532
19134
19501
19542
19242
19148
19154
19257
19480
19044
19370
19500
19073
19132
18952
18740
18765
18882
19090
18930
18993
19531
18905
19063
18972
19302
19590
19677
19758
19532
19636
19259
19515
19652
19503
19722
19611
19686
19318
19608
19457
19258
19272
19298
19308
19620
19357
19363
19544
19548
19404
19309
19478
19380
19338
19265
19412
19317
19457
19272
19178
19721
19504
19417
19501
19366
19788
19404
19541
19534
19636
19513
19389
19062
19125
19104
18976
19131
19267
19319
19401
19344
19106
18880
19110
19128
19276
19268
19382
19358
19231
19052
19412
19152
19077
19391
19157
19021
19143
19242
19269
19355
19068
19269
19220
19383
19108
19331
18985
19101
18939
19242
19048
19173
19011
18908
19156
18991
19157
19024
18979
18839
19045
18725
18651
19130
19291
19020
18857
18921
18820
18702
18778
19122
19076
18845
18752
19141
18780
19101
19004
18940
19076
19016
19060
18916
18674
19074
18863
18744
18728
18800
18760
18648
18910
19114
18780
18609
18774
19048
18501
18768
18692
18608
18555
18795
18660
18904
18729
18752
18688
18756
18469
18834
18757
18410
18761
18919
18664
18781
18706
18778
18939
18742
18458
18844
18413
18513
18766
18715
18745
18755
18695
18749
18253
18490
18370
18421
18524
18286
18380
18567
18570
18196
18520
18414
18560
18409
18637
18180
18334
18189
18517
18413
18116
18377
18360
18205
18184
18283
18044
18303
18625
18086
18196
18240
18524
18031
18120
18374
18138
17876
17971
17920
18237
18296
18016
17892
18009
18068
17878
18076
17995
17965
18098
17860
17986
18186
18120
17675
17898
17994
17816
17761
17622
17931
18018
17897
17500
18022
18025
17844
17970
17700
17908
17814
17721
17885
17710
17659
17752
17408
17626
17647
17546
17457
17388
17544
17278
17306
17238
17189
17356
17323
17386
17210
17312
17425
17345
17212
17374
17461
17186
17304
17505
17389
17174
17435
17148
17272
17380
17608
17448
17052
17210
17162
17291
16892
17351
17257
17303
16948
17294
17044
16980
16837
16880
16664
16888
16886
16796
17048
16828
16974
16930
16475
16608
17089
16897
16786
16898
16978
16870
16934
16813
16812
16550
16338
16444
16852
16745
16547
16669
16614
16665
16551
16429
16684
16367
16495
16576
16599
16269
16390
16417
16396
16559
16611
16524
16443
16276
16455
16598
16009
16518
16224
16255
16255
16261
16165
16583
16074
16373
16036
16122
16129
16331
16079
16189
15864
15961
15814
15805
15793
15820
15700
15745
15574
15896
15856
15564
15884
15764
15640
15404
15421
15430
15390
15521
15595
15578
15393
15817
15702
15848
15659
15645
15536
15753
15558
15554
15498
15459
15520
15528
15492
15433
15480
15517
15566
15552
15426
15474
15428
15375
15439
14836
14702
14731
14564
14488
14602
14521
14794
14860
14680
14904
14930
14944
14848
15117
15066
14900
15130
14893
14826
15058
14856
14845
14860
14757
14610
14826
14691
14446
14554
14456
14556
14653
14798
14947
14637
14302
14384
14356
14502
14212
14588
14453
14536
14147
14500
14225
14223
14363
14277
14434
14431
14229
14211
14242
14173
14150
14230
14076
13714
13657
13259
13560
13121
13525
13978
13580
13647
13773
13754
13557
14328
13952
14029
13857
13553
13880
13631
13934
13717
13680
13556
13946
13604
13700
13669
13667
13296
13560
13686
13680
13535
13438
13475
13595
13312
13386
13332
13061
12948
13057
13302
13209
13308
13181
13027
13066
13364
13229
13039
12884
13082
12919
12844
13104
13018
12995
12975
12781
12776
12858
12800
12767
12546
12666
12778
12826
12728
12672
12618
12579
12634
12640
12514
12448
12528
12638
12560
12299
12512
12455
12427
12278
12422
12437
12284
12418
12434
12446
12530
12221
12700
12110
12223
12261
12254
12096
12000
11908
12014
11926
12196
11725
12173
11995
11860
11936
11953
11906
11838
12020
11690
11789
11987
11803
11852
11728
11807
11861
11874
11922
11540
11686
11714
11338
11329
11210
11224
11424
11398
11460
11332
11194
11323
11349
11161
11429
11303
11400
11223
11153
11410
11333
11154
11255
11245
11115
11053
10939
11055
11057
11135
11156
10954
11168
11156
11113
10884
11225
10880
10986
10756
10703
11062
10888
10715
10844
10925
10755
10951
10839
10849
11061
10772
10823
10829
10717
10805
10547
10570
10590
10719
10485
10454
10546
10458
10485
10693
10684
10549
10243
10632
10415
10298
10242
10475
10298
10271
10284
10181
10219
10291
10224
10052
10075
10162
10128
10178
10191
10034
10242
10248
10345
10167
9924
10207
10153
10019
9946
10015
10050
9825
10137
9977
9765
9981
10007
10007
9879
9952
9740
9688
9574
9764
9715
9798
9720
9548
9660
9554
9634
9621
9648
9739
9644
9730
9792
9666
9761
9512
9406
9692
9507
9650
9560
9519
9439
9439
9720
9467
9391
9460
9466
9646
9634
9353
9491
9530
9226
9482
9069
9346
9326
9353
9281
9146
9281
9065
9409
9124
9266
9142
9154
9152
9208
9198
9401
9054
9337
9245
9202
8987
9044
9258
9091
9159
9197
9053
8860
9082
8950
9012
8728
9208
9182
9040
8754
8840
8982
8739
8930
8835
8912
8960
8981
8795
8837
8952
8872
8868
8913
8973
8917
8722
8714
9072
8704
8816
8828
8784
8826
8834
8846
8794
8925
8625
8770
8824
8858
8866
8862
8612
8671
8354
8467
8690
8757
8561
8724
8526
8767
8898
8732
8635
8780
8552
8706
8516
8774
8618
8567
8448
8547
8532
8534
8852
8475
8715
8700
8716
8729
8693
8544
8545
8676
8605
8762
8685
8786
8589
8593
8597
8553
8499
8577
8523
8712
8792
8768
8546
8711
8619
8624
8667
8681
8706
8476
8531
8733
8567
8448
8527
8752
8628
8641
8637
8673
8648
8725
8703
8665
8525
8790
8825
8654
8735
8816
8625
8499
8593
8807
8759
8629
8730
8725
8717
8311
8568
8732
8556
8792
8749
8700
8797
8722
8551
8699
8799
8699
8778
8942
8684
8751
8612
8674
8773
8771
8633
8628
8689
8763
8637
8666
8651
8498
8596
8667
8724
8770
8943
8938
8938
8981
9027
8894
8862
8924
8757
8979
8839
9136
9084
8821
8797
8760
8989
8991
8994
9080
9304
8951
9060
9038
9211
9052
9049
9182
9167
8947
9145
9129
9223
9216
9238
9004
9067
9414
9183
9092
9249
9328
9303
9125
9183
8945
9387
9333
9227
9269
9258
9074
9339
9398
9160
9399
9298
9344
9276
9403
9259
9319
9494
9330
9146
9162
9115
9218
9200
9692
9426
9535
9498
9399
9451
9610
9477
9565
9651
9278
9444
9367
9526
9554
9542
9440
9661
9652
9661
9526
9497
9698
9834
9617
9668
9593
9544
9442
9604
9631
9653
9527
9720
9853
9728
9803
9785
9851
9869
9558
9992
9643
9865
9623
9730
9881
9693
9518
9517
9695
9802
9796
9775
9915
9924
9755
9789
9794
10006
10007
9844
9893
10021
9776
10117
10028
9831
10016
10005
9796
9988
9767
9851
9854
10048
9833
9830
9748
9883
9876
9972
9972
10047
9971
9948
10004
9944
10115
10235
10228
10084
10105
10176
10088
10050
10147
10074
9839
10138
10116
10069
10025
9955
10232
10058
10352
10085
10248
9951
9913
10178
9894
10127
9961
10035
10091
9715
9966
9920
10034
10241
10376
10068
10135
10365
10146
10477
10198
10180
10306
10194
10088
10399
10130
10125
9977
10324
10456
10119
10330
10368
10288
10330
10217
10326
10253
10223
10208
10204
10105
10292
10268
10402
10088
10303
10294
10533
10287
10195
10134
10196
10411
10274
10270
10292
10024
10349
10354
10288
10228
10246
10193
10561
10364
10084
10468
10337
10266
10365
10358
10233
10150
10267
10310
10240
10232
10404
10067
10220
10067
10105
10104
9952
10110
10157
10315
10174
10138
10309
10412
10319
9946
10229
10125
10296
10207
9977
10045
10127
9947
9927
10113
10272
10144
9925
10279
10093
10048
10063
9915
10143
10309
10190
10213
9959
10235
9880
10241
10044
9814
10019
10165
10104
10014
10145
9826
10057
10261
9742
9965
9846
9924
10003
9928
9637
10011
9950
10020
9542
9924
9806
9966
9967
9807
9705
9484
9736
10005
9921
10009
9732
9879
9773
9864
9753
9856
9785
9736
9846
9753
9712
9614
9760
9682
9754
9865
9596
9477
9842
9681
9613
9696
9367
9496
9509
9530
9600
9570
9425
9730
9500
9594
9570
9576
9502
9390
9335
9371
9387
9480
9074
9415
9297
9309
9511
9380
9206
9081
9225
9233
9435
9151
9131
9284
9146
9052
9207
9135
9115
8981
8958
9078
9103
8967
9106
9261
9303
8974
9071
8818
9138
8864
9210
8960
9048
9075
9141
9014
8946
8851
8746
8875
8766
8815
8676
8788
8584
8882
8928
8865
8598
8773
8717
8668
8477
8722
8510
8603
8555
8667
8549
8315
8643
8509
8497
8230
8479
8534
8325
8369
8433
8340
8461
8275
8437
8195
8197
8206
8111
8177
8062
7685
7768
7653
7756
8136
7888
8068
8184
7981
7980
8013
8059
8046
8039
7894
7858
7935
7954
7755
7739
7884
7690
7706
7673
7582
7682
7599
7656
7610
7535
7476
7570
7391
7441
7420
7413
7530
7122
7460
7301
7281
7367
7235
7176
7183
7325
7096
7177
6997
7233
6773
7072
7110
6977
7058
6844
6939
7115
7061
6893
6965
6822
6909
6696
6756
6708
6541
6633
6689
6604
6520
6632
6430
6540
6535
6518
6507
6644
6451
6559
6482
6554
6352
6359
6220
6276
6213
6377
6180
6169
6228
6271
6284
5942
6088
6026
6138
5828
5982
5920
5973
5984
5973
5700
5966
5773
5653
5782
5726
5671
5546
5700
5559
5634
5412
5451
5680
5473
5375
5593
5508
5261
5301
5512
5355
5283
5185
5265
5183
5428
5140
5072
5207
5291
5133
5159
5152
5143
5005
4928
4895
4948
5009
4791
4743
4778
4752
4840
4876
4635
4695
4722
4694
4687
4528
4661
4551
4589
4629
4474
4548
4361
4603
4375
4532
4284
4286
4076
4277
4001
4078
4090
4244
4302
4288
4208
4168
4196
4181
4203
4101
4021
4033
3975
3997
3962
3965
3965
3915
3944
3938
3815
4049
3939
3861
3826
3873
3827
3775
3809
3769
3729
3775
3757
3694
3493
3647
3635
3756
3426
3641
3610
3498
3636
3427
3549
3597
3511
3536
3501
3519
3274
3411
3419
3443
3347
3463
3364
3346
3383
3300
3259
3373
3217
3333
3224
3366
3132
3254
3246
3237
3225
3127
3134
3230
3165
3207
3196
3172
3035
3003
3151
3144
3168
3064
3020
3107
3096
2987
3002
