3221
3288
3220
3311
3374
3377
3338
3275
3335
3386
3354
3348
3259
3298
3452
3404
3225
3391
3265
3374
3359
3280
3172
3357
3331
3500
3276
3371
3378
3357
3389
3499
3444
3380
3542
3404
3380
3411
3331
3484
3383
3328
3367
3413
3444
3453
3470
3318
3430
3465
3493
3408
3422
3589
3326
3494
3454
3438
3462
3406
3405
3412
3544
3387
3484
3406
3417
3395
3532
3484
3479
3400
3538
3573
3461
3579
3565
3582
3467
3577
3594
3487
3549
3509
3561
3659
3612
3634
3612
3473
3610
3578
3682
3486
3706
3660
3643
3738
3480
3613
3434
3606
3622
3625
3620
3625
3743
3758
3656
3747
3618
3700
3679
3570
3704
3658
3602
3686
3746
3673
3725
3617
3713
3694
3797
3665
3684
3711
3776
3892
3721
3776
3540
3701
3714
3768
3729
3816
3683
3816
3737
3657
3717
3786
3790
3965
3789
3837
3657
3818
3769
3689
3833
3746
3802
3864
3929
3855
3883
3858
3895
3807
4016
3928
3816
3876
3805
3832
3788
3945
3825
3917
3725
3887
3902
3791
3764
3864
3977
3788
4000
3821
4015
3867
4031
3858
3900
3800
3918
3895
3941
3840
3895
3879
3900
4083
3918
4033
3942
4019
3960
3887
3754
3956
3957
4055
4089
4031
3944
4009
3901
4138
4149
4014
4127
3942
4149
4014
3882
3915
4108
4108
4101
4232
4108
3991
4122
4031
4085
4146
4225
4228
4184
4094
4051
4062
4168
4061
4217
4014
4125
4219
4306
4218
4200
4212
4393
4168
4110
4267
4294
4121
4353
4156
4200
4351
4216
4198
4192
4313
4110
4118
4300
4255
4303
4150
4447
4282
4214
4356
4358
4352
4451
4413
4339
4307
4332
4355
4358
4385
4375
4234
4390
4249
4253
4293
4357
4538
4375
4266
4373
4299
4220
4325
4524
4389
4468
4516
4349
4509
4372
4502
4435
4488
4320
4385
4602
4438
4385
4516
4382
4498
4621
4436
4455
4612
4478
4508
4378
4616
4517
4523
4559
4566
4531
4640
4651
4548
4493
4784
4530
4523
4551
4551
4557
4617
4618
4644
4619
4730
4558
4708
4561
4665
4636
4622
4656
4582
4708
4635
4556
4549
4610
4506
4672
4754
4655
4720
4639
4738
4662
4787
4616
4553
4528
4677
4769
4715
4650
4781
4709
4861
4876
4926
4838
4813
4838
4890
4840
4827
4782
4920
4841
4896
4825
4733
4686
4877
4850
4733
5045
4905
4973
4885
4737
4891
4852
5015
4807
4867
4857
4991
4889
5016
5050
4892
4827
4983
4966
4918
5053
4979
4979
4940
4978
4957
4945
4986
5134
5075
5066
4933
5126
5209
5232
5047
5155
5036
5125
5133
5027
5074
5251
5004
5188
5149
5033
4981
5106
5126
5139
5250
5104
5107
5242
5148
5112
5253
5400
5215
5202
5326
5180
5403
5292
5438
5264
5264
5197
5370
5280
5390
5377
5331
5413
5404
5374
5485
5310
5209
5224
5417
5333
5379
5420
5444
5496
5234
5385
5429
5404
5282
5470
5274
5421
5470
5325
5370
5375
5377
5324
5394
5564
5719
5558
5420
5574
5660
5557
5397
5500
5555
5683
5357
5618
5597
5533
5692
5507
5669
5569
5648
5800
5676
5511
5497
5561
5653
5450
5626
5693
5433
5670
5860
5839
5743
5635
5695
5711
5739
5804
5731
5913
5700
5691
5935
5781
5691
5787
5806
5650
5800
5793
5757
5710
5758
5895
5773
5797
5818
5802
5843
6077
5889
5948
5931
5917
5988
5863
6160
5860
5708
5824
5963
6038
6046
6072
5941
6043
6126
6144
6028
5927
6029
5933
6079
6043
5945
6126
6030
6083
5949
6183
5981
6069
6270
6169
6334
6066
6184
6108
6092
6042
6191
6100
6242
6236
6176
6131
6168
6261
6306
6214
6262
6275
6384
6349
6327
6386
6094
6264
6383
6212
6305
6394
6370
6508
6508
6392
6300
6342
6326
6333
6217
6374
6234
6305
6313
6060
6321
6169
6089
6311
6225
6589
6314
6512
6534
6616
6567
6344
6319
6493
6443
6649
6754
6558
6667
6462
6463
6700
6475
6597
6736
6645
6522
6767
6726
6604
6460
6582
6680
6683
6621
6604
6838
6671
6767
6528
6599
6719
6755
6756
6725
6790
6541
6847
6824
6746
6700
6703
6839
6754
6783
6808
6676
6591
6838
6824
6902
6912
6863
6796
6877
6910
7026
6923
6933
6917
7004
6944
7025
6850
6972
6764
6924
6850
7053
7223
6986
7060
7160
7139
7038
7112
6988
7149
7154
7178
7192
7098
7167
7281
7216
7162
7129
7260
7200
7103
7217
7271
7261
7362
7335
7406
7340
7159
7250
7238
7394
7276
7333
7302
7301
7408
7225
7421
7328
7540
7445
7114
7357
7397
7620
7499
7433
7536
7379
7558
7578
7345
7560
7427
7506
7623
7535
7480
7426
7595
7597
7778
7544
7599
7553
7784
7447
7899
7618
7768
7652
7595
7518
7596
7781
7728
7697
7659
7794
7665
7769
7624
7710
7608
7714
7676
7788
7665
7927
7823
7821
7829
7872
7748
7988
7896
7937
7895
7838
7885
8023
7788
7887
7916
7855
8008
8152
7963
7863
7968
8114
7986
8015
8184
7941
8011
8295
7807
8248
8063
8116
8233
8061
8140
8151
8032
8002
8076
8049
8010
8198
8288
8143
8475
8261
8401
7959
8212
8186
8276
8236
8298
8361
8412
8344
8171
8362
8275
8412
8442
8347
8528
8534
8467
8450
8606
8385
8685
8338
8585
8546
8482
8392
8456
8690
8362
8597
8578
8612
8545
8648
8757
8949
8600
8740
8846
8534
8538
8892
8471
8494
8550
8656
8501
8542
8606
8754
8851
8852
8672
8808
8921
8989
8923
9027
8818
8985
8974
9085
8860
8974
9051
9156
9128
8959
9292
9164
9246
9115
9015
9106
9200
9181
9160
9277
9129
9329
8980
9310
9264
9226
9273
9244
9378
9337
9220
9327
9339
9357
9626
9108
9360
9589
9282
9369
9401
9390
9418
9347
9572
9394
9298
9460
9455
9401
9566
9384
9492
9419
9491
9346
9750
9620
9600
9589
9532
9679
9582
9718
9613
9721
9648
9842
9831
9616
9650
9686
9623
9478
9749
9804
9737
9581
9694
9723
9615
9814
9822
9633
9919
9781
9932
9832
9732
9792
9819
9866
10070
9914
9917
9924
9838
10141
9903
9985
9806
9967
10095
9766
9955
9981
9949
10061
9790
10112
10100
10133
10174
10156
10066
10300
10165
10068
10144
10301
10165
10279
10448
10448
10384
9878
10121
10090
9985
10186
10114
10318
10279
10218
10472
10344
10210
10472
10280
10582
10486
10526
10577
10475
10577
10244
10515
10509
10428
10486
10602
10316
10728
10511
10542
10657
10624
10675
10588
10773
10760
10500
10421
10392
10444
10477
10489
10305
10353
10509
10521
10362
10308
10678
10577
10712
10793
10840
10932
11082
10804
10878
11016
10998
10871
11047
10885
10708
10644
10772
10555
10328
10209
9918
9784
9445
9291
8976
8883
8890
9125
9074
9228
9781
9864
9983
10451
10695
11269
11406
11486
11526
11570
11332
11546
11414
11626
11395
11290
11441
11583
11296
11342
11420
11368
11237
11262
11367
11577
11640
11553
11342
11616
11514
11278
11314
11413
11514
11304
11250
11586
11554
11424
11616
11438
11635
11570
11869
11690
11759
11707
11667
11660
11649
11818
11567
11931
11845
11634
11652
11769
11605
11648
11600
11768
11791
11900
11944
11735
11831
12058
11844
11728
11780
11754
11901
11738
12013
11705
11876
12045
12148
11964
11938
11839
11868
11738
12106
11901
12064
12114
12028
11800
12127
12075
12088
12170
12119
12106
12079
12101
11882
12181
11951
12197
12378
12269
12290
12181
12390
12128
12352
12610
12399
12473
12352
12473
12525
12582
12537
12561
12719
12172
12698
12876
12599
12652
12642
12468
12739
12764
12698
12788
12964
12856
12872
12884
12704
12768
12761
12762
13077
12819
12952
12977
12955
12730
12616
12352
12487
12454
12442
12751
12096
12340
12097
12473
12269
12611
12865
12981
13018
13233
13027
13045
12869
13089
13330
13221
13233
13069
13215
13321
13128
13178
13134
13400
13338
13296
13500
13160
13273
13391
13286
13384
13412
13278
13462
13596
13644
13410
13510
13492
13481
13584
13496
13206
13599
13695
13692
13509
13445
13311
13535
13497
13485
13724
13533
13885
13550
13773
13669
13786
13524
13487
13678
13604
13741
13740
13714
13839
13793
13901
13933
13980
13800
13856
13901
13839
13898
14102
13977
13828
13904
13995
14029
14000
13894
14175
14115
14249
14158
13961
14045
14034
14082
14055
14066
14145
14145
14319
14147
14585
14165
14284
14493
14088
14430
14180
14305
14437
14260
14404
14398
14440
14260
14377
14242
14408
14330
14482
14402
14469
14434
14433
14568
14417
14698
14576
14296
14187
14543
14735
14723
14959
14672
14749
14616
14644
14703
15011
14564
14757
14917
15074
14853
14664
14752
14884
14741
15061
15259
14991
14844
14861
14624
14762
14818
14698
15097
15020
15167
15418
14888
15116
15202
15026
15207
15260
15253
14881
15234
15185
15099
14958
14906
14994
15099
15273
15006
15288
15260
15112
15174
15157
14954
15233
15189
15368
15349
15462
15497
15275
15429
15374
15244
15386
15483
15199
15224
15098
15440
15347
15432
15151
15434
15229
15750
15478
15471
15805
15648
15338
15563
15672
15327
15720
15853
15789
15745
15908
15732
15804
15527
15750
15896
15636
15892
15850
15670
15701
15872
15845
15900
15725
15933
16206
15756
15741
15966
16058
15755
16162
15872
16043
15969
15968
16023
15994
16219
15737
16120
16131
16141
15793
16147
16175
16132
16332
16122
16018
15963
16267
16430
15936
16322
16466
16172
16337
16443
16445
16220
16242
16233
16100
16328
16284
16242
16076
16437
16314
16922
16384
16319
16381
16656
16397
16609
16239
16216
16284
16634
16328
16448
16649
16448
16646
16533
16527
16745
16726
16739
16669
16551
16518
16641
16654
16688
16427
16445
16696
16762
16515
16568
16651
17002
16952
16798
16724
16688
16960
16875
17010
17059
16955
16750
16979
16954
16874
16675
17051
16947
16733
16976
16883
17194
17166
17192
17130
16863
16896
17104
17004
17414
17081
17362
17119
17061
16891
16984
16848
17229
17043
17082
17211
17469
17236
17348
17422
17205
17372
17175
17044
17003
17193
17393
17206
17137
17339
17404
17176
17223
17404
17067
17371
17284
17303
17170
17306
17430
17375
17283
17488
17431
17572
17570
17401
17396
17708
17831
17610
17488
17772
17780
17410
17446
17573
17424
17672
17622
17680
17717
17893
17560
17760
17749
17737
17814
17844
17972
17740
17720
17656
17533
17391
17357
17449
17460
16964
17262
17366
17418
17152
17568
17384
17823
17997
18122
17920
17920
17844
17777
17965
17866
18089
17739
17896
17753
17966
18028
18094
17942
17948
17816
17707
17884
18100
17909
17722
17893
17927
18070
18335
17851
18086
18013
18242
18140
18123
17990
17920
17742
18093
18226
18328
18104
17954
18024
17854
18353
17764
17985
18002
18133
18294
18280
18058
18253
18040
17922
18127
18020
18310
18387
18280
18253
18153
18335
18235
18219
18337
18248
18193
18221
18221
18586
18285
18264
18491
18485
18647
18205
18377
18488
18605
18575
18294
18399
18618
18554
18564
18498
18557
18540
18768
18678
18336
18540
18634
18509
18796
18513
18676
18776
18602
18829
18585
18772
18472
18606
18708
18757
18801
18821
18413
18474
18571
18731
18728
18721
18699
18530
18834
18802
18904
18831
18682
18978
18854
18736
19140
18649
18700
18876
18709
18885
18728
19016
18516
18820
18783
18549
18786
18597
18537
18732
19008
18779
18640
18934
18593
18816
18712
18980
19115
18648
18914
18939
18798
18898
19054
18788
19112
18878
19051
19078
19039
19469
19003
18816
18945
19227
19316
19117
19134
18720
19028
18975
19096
19158
18962
19175
19032
18692
19204
18852
18998
19288
19226
18996
18804
19148
19041
19201
19047
19162
19314
18772
18804
18851
19102
18876
18969
19123
18918
19188
19089
19116
18885
19158
19386
19508
19147
19292
19270
18963
19193
19165
18944
19157
19163
19293
19110
19177
19170
18972
19138
18844
19067
19042
19156
19272
19353
19182
19223
19370
19176
19216
19474
19023
19172
19302
19609
19532
19284
19466
19002
19369
19610
19418
19228
19321
19266
19368
19194
19104
19473
19287
19654
19524
19557
19570
19640
19261
19450
19031
19447
19883
19276
19334
19116
19467
19631
19353
19492
19466
19474
19337
19572
19728
19409
19245
19341
19733
19600
19578
19388
19312
19522
19457
19356
19260
19430
19548
19355
19302
19529
19446
19258
19373
19470
19288
19404
19612
19256
19044
19203
19148
19546
19117
19218
19125
19496
19275
19389
19467
19533
19256
19474
19537
19584
19410
19531
19576
19354
19279
19200
19252
18846
18780
18957
19037
18900
19176
19204
18945
19232
18982
19247
19369
19065
19139
19426
19173
19205
19536
19289
19642
19448
19545
19311
19407
19648
19300
19671
19279
19306
19234
19344
19420
19442
19606
19488
19150
19482
19444
19622
19261
19067
19127
19547
19561
19180
19368
19325
19098
19258
19597
19272
19501
19589
19572
19197
19170
19664
19478
19660
19403
19652
19509
19178
19305
18602
19055
19174
19289
19153
19151
18914
19391
19092
19274
19218
19397
19166
19002
19208
19201
19029
19140
19316
19078
19082
19145
19227
19204
19090
19091
19128
19254
19129
19098
19300
19027
19093
19249
19038
19155
19249
18899
18850
19060
19287
19035
19113
18690
18798
18956
19044
19008
19210
18807
18904
18986
19348
19023
18996
18968
18892
18649
18882
18974
18818
19178
19157
19028
19040
19026
18878
18938
18929
18701
18873
18880
18974
18715
18734
18828
18737
18811
18907
18663
18617
18674
18910
18792
18444
18570
18757
18786
18909
18659
18528
18596
18659
18589
18731
18644
18871
18843
18704
18600
18560
18814
18644
18886
18612
18474
18058
18320
18724
18836
18734
18344
18562
18480
18402
18974
18468
18591
18403
18408
18248
18488
18451
18738
18427
18461
18365
18239
18105
18478
18175
18216
18196
18301
18484
18501
18207
18492
18457
18281
18282
18333
18162
18194
18180
18203
18276
18242
18197
17840
18336
18206
18307
18372
17975
18236
18216
17921
18250
17926
18094
17996
18489
18098
17812
17815
18270
17903
17922
18059
17710
18107
17863
18090
17849
17728
18070
18188
18106
17850
17589
18068
17654
17990
17826
17903
17704
17657
17805
17595
17832
17920
17750
17644
17774
17364
17597
17476
17691
17549
17353
17620
17124
17448
17319
17270
16897
17136
17329
17076
17438
17165
17307
17233
17230
17318
17199
17481
17618
17266
17434
17698
17430
17210
17248
16855
17525
17299
17213
17389
17084
17120
17072
16956
17059
17018
17364
16931
17175
17017
16806
16890
16917
17001
17080
17034
16576
16707
17251
16630
16721
16762
16706
16772
16744
16950
16866
16913
16740
16670
16466
16707
16780
16632
16625
16821
16513
16578
16453
16529
16736
16564
16675
16416
16554
16516
16628
16292
16557
16302
16213
16413
16276
16367
16289
16170
16337
16264
16222
16539
16304
16287
16492
16408
16336
16398
16289
16420
15970
16136
16006
16128
15957
16148
15996
15936
15918
15773
15548
15825
15798
15653
15778
15716
15722
15967
15601
15713
15618
15622
15596
15336
15482
15494
15315
15318
15664
15687
15554
15604
15480
15800
15541
15616
15539
15664
15940
15265
15370
15603
15436
15578
15616
15352
15564
15002
15440
15306
15522
15137
15277
14996
14965
14327
14655
14477
14981
14688
14758
14802
14697
14668
15032
14767
15025
14940
15252
15280
15182
14845
14928
14927
14783
14757
14828
14676
14776
14441
14692
14829
14820
14536
14661
14667
14501
14273
14372
14529
14498
14546
14514
14617
14528
14584
14400
14329
14381
14317
14350
14366
14239
14294
14362
14386
14228
14194
14109
14468
14287
14147
13954
13858
13436
13527
13505
13625
13460
13685
13665
13659
13670
13859
13837
13952
13854
13709
14047
13856
13613
14017
13851
13800
13254
13746
13766
13728
13545
13569
13700
13760
13901
13733
13714
13576
13234
13430
13317
13192
13224
13446
13245
13340
13246
13220
13556
13290
12909
13161
13360
13228
13076
13198
13146
13258
12997
13258
13181
13093
12982
13066
12890
12759
12696
12875
12883
12826
12693
12890
12502
12723
12686
12823
12564
12664
12579
12605
12493
12627
12593
12564
12595
12662
12548
12334
12470
12332
12489
12504
12338
12423
12309
12314
12337
12264
12210
12189
12242
12191
12159
12212
12064
11865
12153
11938
12053
11941
12021
12047
12008
11905
11963
11887
12082
11954
12012
11759
11865
11946
11987
11954
11748
11943
11872
11863
11521
11226
11284
11200
11427
11218
11420
11257
11188
11478
11169
11506
11469
11482
11487
11562
11492
11437
11496
11402
11341
11565
11592
11242
11172
11272
11307
11306
11237
10881
10960
11216
11178
11287
10883
10953
10880
11010
10882
10918
10799
10917
10965
10746
10693
10829
10978
10889
10865
10929
10941
10728
10841
10715
10678
10820
10602
10699
10669
10589
10658
10711
10637
10610
10412
10630
10179
10441
10477
10637
10586
10378
10518
10492
10454
10213
10277
10234
10382
10378
10127
10441
10252
10208
10269
10293
10249
10141
10404
10153
10058
10192
10078
10165
10134
10298
10104
10107
9991
9972
10212
10123
9932
10148
9965
9983
9852
9801
10037
10026
9707
9917
9674
9880
9903
9599
9568
9863
9873
9872
9663
9828
9934
9777
9605
9778
9643
9808
9871
9686
9657
9788
9757
9863
9757
9614
9733
9455
9668
9684
9543
9546
9563
9459
9449
9731
9473
9399
9509
9481
9498
9445
9306
9502
9254
9381
9499
9508
9488
9466
9330
9462
9527
9366
9457
9334
9119
9320
9262
9385
9212
9160
9336
9253
9184
9270
9035
9151
9199
9166
9305
9232
9158
9161
9344
9274
9112
9029
9245
9370
9227
9099
8993
9025
9192
8983
9049
9106
9194
9042
9068
8936
8960
9050
9216
9021
9156
9141
9018
9111
9071
8970
9066
8960
8964
8907
8921
9090
9001
9028
8857
8861
9079
8737
9054
8675
8949
8936
8732
8970
8794
8945
8815
8837
8749
8948
9119
8917
8911
8847
8800
8765
9028
9038
8816
9146
9028
8992
8952
9049
8927
8892
8984
8896
8951
9029
8976
9040
8881
8845
9049
9028
8951
8939
8823
8833
8918
8568
8827
8982
9206
9033
8892
9032
8954
9126
8973
9009
9042
8927
8921
9163
8994
9011
8955
9062
9036
8896
8842
8885
9098
9035
9125
9004
9092
9160
8959
9042
9120
9079
9004
9075
9033
8914
8984
8877
9089
9047
9004
9134
8948
9091
8964
9085
9036
9322
9039
9117
9248
9178
8999
8952
9024
8978
9009
9156
9154
9306
9273
9054
8992
9222
9026
9195
9032
9151
9164
9260
9277
9364
9465
9444
9340
9356
9472
9276
9423
9457
9360
9303
9324
9477
9498
9525
9326
9675
9626
9534
9666
9439
9508
9794
9582
9440
9668
9556
9425
9675
9706
9625
9552
9847
9376
9689
9716
9685
9671
9871
9750
9743
9865
9998
9704
9810
9802
9768
9966
9750
9764
9927
9943
9800
9795
9881
9846
9928
9955
9806
9797
9992
9721
9654
9645
9846
9566
10114
10005
10155
10058
10024
10018
10304
10316
10017
10301
10124
9885
10194
10149
10104
10269
10081
10542
10164
10336
10216
10260
10088
10292
10413
10221
10184
10259
10456
10525
10463
10309
10388
10595
10170
10349
10380
10472
10229
10376
10320
10549
10584
10355
10475
10305
10363
10533
10472
10394
10378
10432
10481
10451
10440
10592
10561
10450
10563
10529
10624
10909
10535
10648
10606
10756
10599
10782
10615
10888
10786
10659
10498
10981
10476
10798
10520
10804
10697
10697
10724
10808
10620
10646
10660
10872
10805
10824
10980
10892
10653
10842
10693
10824
10744
10766
10826
10744
10921
11196
10915
10758
10870
10753
10996
10895
10852
10844
10881
10908
10913
10963
10793
10852
10821
10674
10760
10811
10614
10576
10560
10733
10824
10999
11304
10932
11062
11035
11127
10922
11026
10936
10973
11031
11082
11050
10851
10958
11134
11177
11005
11246
10970
10854
11058
11054
11168
11065
11188
10794
11096
11199
11074
11040
10929
10988
11127
11197
10954
11010
11155
11172
11068
10985
11216
11111
11218
10985
11188
10984
11150
10895
11174
11066
11212
10961
11286
11030
11308
11265
10904
11273
11032
11112
11091
11088
10837
11180
11139
10951
11012
11233
10922
11061
10952
10984
10941
11131
11024
10880
10933
11125
10908
11071
10875
11046
11067
11154
11202
11051
11109
11025
10889
10884
11082
10733
11096
10867
10801
11099
10826
10891
11035
10886
10819
10591
10821
10815
10796
10736
11012
10730
10929
10922
10882
10815
10693
10818
10641
10884
10741
10969
10805
10658
10788
10792
10865
10610
10626
10866
10516
10581
10541
10541
10742
10627
10710
10582
10547
10369
10667
10688
10340
10719
10514
10452
10524
10582
10578
10644
10660
10441
10788
10604
10452
10649
10575
10458
10340
10432
10216
10334
10468
10584
10245
10304
10158
10171
10333
10360
10283
10319
10432
10358
10024
10143
10286
10284
10300
10157
10171
10175
10210
9984
10276
10038
10175
9948
10048
9953
10022
10045
10219
9906
10046
10217
10182
9876
9929
10021
9871
9981
9838
9695
9719
9836
10031
9775
9811
9561
9706
9851
9828
9756
9806
9958
9722
9657
9772
9707
9668
9639
9829
9756
9449
9563
9281
9318
9582
9278
9375
9267
9388
9433
9295
9480
9414
9210
9327
9327
9483
9304
9513
9159
9277
9086
9187
9152
9052
8910
9024
9101
8890
9154
8918
8978
8926
9029
9150
9005
8944
8646
8698
8311
8452
8335
8448
8480
8735
8669
8815
8717
8618
8691
8472
8530
8589
8459
8458
8493
8570
8380
8504
8547
8409
8641
8370
8169
8218
8369
8251
8239
8213
8093
8027
8113
8004
7979
7959
7959
7809
7901
8012
7889
7818
7904
7662
7826
7658
7831
7736
7674
7670
7674
7442
7592
7546
7545
7374
7695
7608
7362
7523
7165
7186
7508
7277
7224
7334
7250
7124
6923
7134
7193
6927
7162
7062
7151
7348
7094
7085
6978
6829
6838
6770
7027
6895
6826
6575
6685
6382
6465
6493
6532
6500
6520
6440
6433
6420
6479
6381
6348
6344
6348
6377
6156
6318
6202
6292
6228
6174
6087
6075
6058
5983
6086
5995
5965
5976
5962
5862
5788
5912
5890
5608
5634
5814
5773
5693
5540
5571
5632
5533
5472
5489
5529
5542
5402
5507
5430
5336
5381
5198
5352
5300
5098
5109
5144
5155
5196
5005
5106
5212
4994
4973
5076
4882
4950
4976
4860
4812
4807
4677
4669
4829
4699
4670
4779
4575
4591
4456
4490
4321
4261
4422
4439
4409
4374
4515
4298
4279
4258
4389
4236
4304
4340
4280
4163
4147
4190
4274
4223
4189
4149
4182
4093
4122
3882
3952
4103
4001
4086
4024
3909
3973
3782
3884
3851
3851
3898
3798
3844
3866
3769
3672
3802
3656
3853
3721
3581
3659
3532
3569
3693
3625
3593
3487
3537
3514
3542
3574
3587
3557
3495
3535
3474
3497
3407
3380
3358
3385
3360
3288
3316
3251
3361
3312
3355
3353
3130
3284
3212
3216
3205
3232
3172
3200
3062
3074
3139
3302
3199
3195
