3357
3349
3213
3339
3330
3387
3340
3171
3351
3358
3308
3320
3358
3396
3373
3323
3409
3350
3350
3484
3427
3276
3356
3353
3361
3452
3417
3375
3396
3314
3400
3448
3419
3456
3500
3411
3539
3319
3367
3320
3463
3413
3532
3479
3528
3502
3465
3354
3552
3387
3585
3539
3578
3556
3497
3321
3305
3464
3486
3347
3479
3312
3488
3350
3507
3293
3463
3473
3509
3541
3574
3484
3589
3481
3596
3535
3602
3553
3646
3625
3545
3386
3533
3596
3683
3659
3750
3484
3610
3589
3672
3680
3559
3505
3442
3682
3645
3572
3483
3607
3677
3592
3645
3563
3561
3595
3586
3636
3680
3610
3598
3757
3717
3641
3592
3652
3697
3656
3677
3749
3678
3618
3824
3813
3760
3659
3754
3720
3773
3861
3747
3713
3705
3614
3631
3834
3749
3777
3837
3717
3770
3815
3826
3784
3807
3842
3727
3918
3922
3778
3730
3863
3780
3742
3860
3773
3923
4083
3806
3897
3988
3892
3997
3905
3853
4008
3945
3826
3909
3832
3681
3934
3874
3886
3945
3804
3948
3985
3956
3881
3993
3998
3849
3924
3773
3927
3901
3902
3939
3935
3933
3942
4022
3909
3900
3962
3943
3926
4016
4013
4034
3921
4072
4035
4006
3935
4063
4016
4067
3900
4089
4024
4019
3998
4133
3906
4170
4006
3984
4144
4138
3982
3994
4124
4031
4111
3950
4131
4060
4066
4111
4001
4212
4167
4133
4238
4244
4166
4089
4241
4233
4098
4137
4164
4165
4265
4098
4113
4053
4169
4029
4152
4292
4330
4302
4247
4259
4278
4311
4191
4241
4269
4224
4271
4166
4389
4331
4327
4420
4285
4153
4237
4321
4353
4321
4299
4443
4243
4498
4593
4274
4347
4379
4292
4286
4228
4249
4282
4420
4326
4479
4316
4489
4426
4444
4451
4590
4449
4474
4452
4414
4441
4445
4508
4387
4381
4462
4536
4438
4521
4510
4443
4558
4503
4549
4616
4555
4531
4593
4450
4463
4564
4603
4513
4587
4520
4732
4608
4420
4526
4466
4567
4537
4612
4612
4705
4658
4600
4725
4745
4777
4558
4554
4567
4660
4488
4660
4588
4499
4582
4604
4630
4678
4732
4881
4698
4651
4670
4666
4828
4752
4741
4795
4738
4797
4754
4772
4667
4652
4748
4836
4696
4718
4910
4858
4770
4829
4880
4882
4827
4852
4850
4871
4857
4921
4787
4865
4928
4912
4872
4780
4886
4879
5061
5017
4819
4940
4936
4950
4806
4974
4959
4880
4917
5005
4922
5104
4868
4870
5015
5000
5046
4991
5107
5029
5087
4979
4970
5013
5157
5125
5127
5128
5027
5091
5130
5055
5119
5097
5223
5077
5206
5209
5224
5260
5101
5140
5243
5241
5186
5254
5169
5084
5323
5137
5311
5240
5294
5106
5288
5367
5227
5277
5113
5429
5219
5300
5215
5360
5206
5460
5399
5260
5421
5389
5218
5487
5329
5354
5460
5472
5504
5607
5235
5339
5384
5366
5445
5356
5330
5476
5370
5474
5453
5511
5458
5457
5367
5620
5718
5452
5660
5471
5581
5469
5624
5517
5589
5483
5493
5663
5438
5691
5584
5674
5626
5713
5602
5618
5774
5604
5474
5452
5563
5658
5592
5600
5499
5646
5739
5758
5760
5659
5739
5661
5698
5693
5792
5638
5879
5726
5641
5858
5780
5827
5701
5942
5935
5806
5898
5902
5959
6077
5804
5791
5892
5927
5847
5909
5745
6116
5782
5806
5869
6057
5857
6037
6106
5818
5950
5770
5888
6085
6025
5956
6069
6075
5977
6108
5955
5972
6050
5973
6020
6074
6123
5989
6113
6160
6250
6206
6151
6061
6119
6100
6258
6226
6163
6127
6281
5988
6307
6316
6150
6186
6337
6299
6195
6067
6303
6429
6200
6273
6433
6365
6233
6420
6277
6331
6362
6282
6423
6338
6253
6327
6442
6321
6334
6292
6367
6386
6611
6372
6314
6348
6365
6242
6264
6365
6295
6088
6105
6213
6226
6352
6496
6490
6532
6581
6400
6550
6576
6562
6568
6484
6536
6617
6641
6699
6606
6592
6699
6510
6780
6750
6558
6703
6597
6659
6640
6705
6669
6619
6656
6652
6805
6670
6760
6812
6684
6728
6788
6729
6622
6725
6568
6761
6717
6720
6708
6615
6814
6733
6887
6870
6754
6893
6740
6772
6838
6897
6845
7102
6872
6820
6990
6839
6792
6804
6844
6959
6927
6986
6795
6947
7057
7090
6991
6988
6882
7186
7155
7089
7011
6923
7017
7064
7066
7234
7053
7358
7349
7116
7214
7188
7283
7127
7221
7315
7220
7241
7124
7263
7089
7552
7610
7403
7465
7375
7355
7375
7522
7456
7271
7469
7431
7403
7431
7272
7385
7539
7300
7540
7332
7266
7279
7297
7504
7415
7723
7641
7564
7466
7574
7570
7669
7560
7713
7602
7624
7593
7621
7828
7716
7563
7714
7677
7720
7770
7637
7709
7791
7716
8005
7704
7744
7688
7579
7700
7688
7693
7785
7893
7708
7701
7895
7978
7866
7768
7838
7875
7770
7952
7855
7875
7886
7770
7918
8166
8134
7869
7805
7891
7678
8179
8067
8091
8055
7934
8196
8077
8050
7977
8249
7970
8243
8252
8237
8151
7968
8188
8222
8075
8266
7949
8248
8055
8327
8074
8346
8277
8384
8325
8194
8407
8202
8509
8140
8465
8309
8183
8342
8530
8493
8390
8238
8481
8777
8545
8525
8508
8480
8501
8791
8582
8565
8661
8653
8741
8701
8543
8557
8666
8680
8642
8665
8603
8766
8815
8565
8625
8743
8714
8801
8675
8779
8888
8784
8504
8657
8781
8556
8693
8429
8631
8701
8660
8856
8805
8898
8885
8813
9078
8856
9058
8864
9146
8997
8993
9069
9020
9188
9052
9219
9214
9101
9020
9156
9117
9124
9151
9208
9238
9079
9145
9333
9384
9218
9319
9280
9270
9378
9162
9225
9279
9157
9212
9100
9363
9450
9318
9333
9448
9451
9254
9410
9591
9332
9477
9152
9497
9331
9359
9322
9514
9677
9675
9291
9418
9639
9696
9529
9665
9818
9554
9601
9770
9593
9668
9752
9619
9689
9814
9393
10043
9768
9630
9653
9716
9468
9771
9485
9844
9706
9623
9857
9912
9778
9868
9629
9772
9812
9846
10039
9955
9753
9943
9942
9876
9774
9854
10063
10147
9940
10109
9932
10020
10095
9916
10092
9961
9898
9934
10068
10105
10037
10212
10273
10221
10250
10025
10328
10162
10174
10114
10221
10302
10284
10536
10215
10251
10249
10050
10222
10195
10280
10273
10040
10227
10252
10416
10435
10302
10450
10489
10613
10534
10393
10469
10606
10583
10582
10633
10715
10577
10568
10503
10731
10891
10779
10716
10650
10632
10515
10470
10676
10606
10641
10595
10556
10590
10514
10217
10593
10658
10552
10308
10575
10518
10677
10794
10985
10728
10828
10980
10868
11127
11129
10872
10925
11150
11181
10882
10870
10434
10337
10232
9910
9790
9622
9335
9153
9044
8980
8836
9240
9295
9423
9713
10194
10676
10861
11113
11373
11624
11746
11425
11572
11520
11472
11464
11601
11330
11394
11328
11412
11287
11348
11473
11376
11412
11460
11572
11731
11261
11103
11534
11489
11407
11526
11300
11610
11540
11576
11374
11653
11677
11477
11667
11901
11828
11991
11845
11944
11479
11953
11818
11702
12041
11794
11778
11723
11524
11437
11591
11725
11748
11595
11846
11823
11890
11862
11979
11961
11852
11878
11990
11885
12012
11945
12036
11929
12218
11908
11745
12109
12261
12162
12277
12116
12068
12074
11994
12067
12052
12190
12120
12131
12337
12061
12407
11915
12214
12341
12058
12202
12173
12341
12297
12147
12446
12365
12539
12268
12424
12170
12137
12445
12233
12480
12445
12567
12549
12544
12965
12618
12619
12785
12679
12800
12613
12749
12708
12487
12732
12862
12765
12954
12662
12769
12860
13156
12753
12982
12972
12880
12918
13091
13029
12858
12842
12798
12562
12299
12489
12277
12429
12356
11976
12205
12291
12505
12572
12888
13007
13134
13349
12929
13101
13278
13065
13349
13227
13340
13488
13261
13453
13417
13140
13188
13538
13432
13310
13011
13578
13301
13282
13262
13236
13728
13576
13151
13345
13472
13387
13500
13650
13491
13487
13398
13444
13478
13368
13596
13756
13511
13614
13665
13592
13664
13643
13568
13687
13820
13517
13608
13655
13802
13800
13867
13737
13957
13835
13609
13918
13677
13625
13717
13938
13902
13730
13979
14113
13949
14044
13909
13994
14199
13978
13837
13898
13936
14155
13927
14112
14002
14292
14207
14060
14136
14314
14237
14269
14277
14261
14413
14154
14047
14196
14163
14130
14227
14232
14434
14332
14217
14403
14692
14546
14521
14386
14253
14477
14448
14502
14605
14669
14520
14560
14530
14722
14442
14695
14397
14656
14786
14716
14452
14744
14639
14840
14752
14692
14740
14757
15156
14783
15124
14978
14752
14932
14776
14770
14927
14907
15035
15097
14942
14739
15060
14916
14996
15051
15277
15088
14987
14940
14780
15169
15126
15243
15167
15140
14960
15068
15115
15180
15163
15334
15041
15250
15021
15474
15108
15309
15082
15131
14916
15289
15012
15280
15276
15205
15224
15340
15221
15542
15418
15261
15542
15109
15366
15333
15333
15457
15509
15357
15408
15240
15381
15206
15566
15435
15716
15461
15796
15712
15685
15709
15742
15755
15647
15900
15966
15789
15796
15920
15930
15903
15887
15760
15626
16140
15847
15815
15733
15893
15958
15769
15924
16244
15868
15696
16134
16162
16131
15939
15969
16038
15867
16067
16218
16198
15789
16225
16454
15914
16128
15992
16032
16140
16150
16022
16435
16101
16356
16251
16322
16360
16274
16318
16497
16221
16477
16406
16516
16306
16576
16402
16390
16678
16416
16402
16452
16278
16589
16498
16569
16488
16532
16404
16374
16429
16573
16372
16307
16563
16646
16609
16781
16783
16884
16577
16618
16716
17152
16531
16900
16567
16742
16589
16778
16608
16783
16986
16622
16594
16658
16693
16624
16755
16958
16961
17037
16862
16949
16839
17076
16764
17024
16608
16827
16820
16939
17270
16751
16745
16966
17189
17127
17060
17426
16955
17101
16861
17133
16869
17175
17381
17005
17125
17140
16904
17116
16891
17282
17333
16858
17056
17191
17254
16945
17081
17322
17497
17246
17224
17325
17197
17498
17418
17386
17512
17229
17101
17383
17146
17224
17566
17222
17202
17374
17356
17520
17241
17581
17453
17784
17422
17485
17434
17354
17445
17702
17592
17664
17424
17485
17757
17488
17634
17681
17448
17590
17645
17852
17691
17808
17450
17796
17994
17807
17732
17741
17966
17526
17382
17387
17237
17335
17354
17194
17277
17414
17028
17140
17428
17416
17794
17788
18253
18126
17913
17886
17742
17988
17993
18183
18094
18044
17871
17890
18014
17821
17893
17887
18038
18312
18102
17900
18132
18136
18042
18101
18101
18021
17988
17940
18364
18169
17860
17937
17906
18080
18039
18077
18108
18114
18087
17903
18309
18098
18041
18244
18506
17859
18230
18381
18270
18278
18357
18311
18432
18441
18224
18376
18333
18117
18402
18138
18253
18289
18315
18354
18376
18227
18376
18386
18473
18244
18560
18555
18331
18428
18585
18301
18354
18493
18321
18459
18733
18565
18722
18626
18572
18638
18701
18580
18845
18603
18453
18616
18545
18827
18811
18345
18584
18720
18360
18672
18632
18820
18614
18624
18468
18780
18764
18574
18964
18765
18600
18684
18807
18805
18850
18796
18717
18770
18764
18916
18779
18854
18866
18762
18740
18747
18653
19073
18852
18956
18662
18897
18971
18616
18980
18985
18714
19279
18722
19105
18782
18781
18853
18880
18866
18948
18968
18826
18996
19290
19096
18961
18944
19052
19093
18939
18804
18962
19124
18901
19049
19213
19076
19154
19178
19274
19048
19061
19084
19072
19098
19350
19147
19004
19013
19193
19377
19249
19091
19194
19197
19172
19251
19064
19338
19355
19263
19323
19237
19249
19160
19032
19271
19275
19138
19176
19136
19083
19481
19239
19236
19145
19290
19379
19354
19512
19044
19280
19295
19323
19205
19232
19220
19340
19108
19120
19191
19222
19213
19096
19028
19076
19290
19082
19296
19268
19334
19465
19184
19092
19370
19280
19359
19229
19321
19196
19270
19274
19226
19360
19333
19565
19144
19326
19358
19324
19187
19066
19215
19180
19418
19309
19137
19517
19488
19452
19281
19423
19356
19607
19473
19430
19613
19390
19675
19412
19658
19397
19597
19848
19531
19391
19598
20096
19757
19445
19505
19598
19822
19605
19674
19792
19520
19546
19726
19712
19483
19202
19414
19448
19197
19202
19347
19108
19449
19574
19339
19406
19592
19256
19503
19280
19194
19264
19294
19601
19514
19542
19421
19574
19348
19435
19752
19470
19256
19398
19608
19364
19062
19092
19217
19170
19272
19178
19142
19178
19079
19180
18962
19001
19106
19172
19083
19244
19230
19473
19232
19471
19287
19477
19182
19820
19316
19425
19726
19883
19541
19332
19584
19629
19311
19242
19319
19414
19197
19355
19414
19404
19466
19527
19515
19159
19460
19290
19317
19285
19297
19668
19506
19530
19481
19350
19295
19316
19377
19476
19288
19314
19253
19513
19414
19795
19560
19368
19428
19370
19318
19165
18951
19132
19178
19222
19216
19381
19282
19247
19341
19228
19462
19414
19452
19146
19337
19165
19366
19204
19305
19062
19045
19327
19245
19172
19066
19390
18998
18978
19418
19182
18904
19678
19204
19146
19004
19162
18808
19120
19160
19172
19274
18953
19008
19001
18900
18900
19097
19157
18944
19317
19175
19006
19012
18898
19024
19034
18932
18851
18944
18870
19144
18824
19041
18957
19000
19032
18893
18878
19057
18852
18666
18803
18913
18998
18698
18847
18716
18674
18838
19040
18822
19103
18970
18690
18808
18636
18778
18592
18742
18592
18713
18783
18836
18860
18699
18628
18542
18582
18657
18821
18630
18713
18668
18627
18900
18642
18530
18827
18486
18512
18462
18386
18626
18761
18618
18465
18630
18557
18517
18504
18290
18415
18733
18500
18113
18410
18541
18535
18313
18069
18480
18440
18201
18488
18487
18377
18100
18440
18468
18538
18244
18432
18357
18360
18226
18346
18094
18556
18331
17888
17851
17994
18340
18514
17803
18230
18122
18260
18352
18377
18034
18011
18171
18007
17989
17979
18052
18076
17892
18184
17990
17780
17899
17931
18093
18205
18194
17682
17485
17796
17615
17869
17921
17940
17632
17841
18061
17877
17908
17412
17921
17908
17771
17771
17438
17676
17766
17497
17540
17620
17332
17472
17390
17632
17354
17311
17052
17168
17242
17391
17254
17262
17482
17448
17275
17216
17783
17509
17309
17288
17260
17397
17236
17590
17520
17272
17363
17436
17231
17412
17115
17116
17128
17011
17307
17232
17104
17184
16887
17098
17024
16982
17145
16989
17213
16756
16866
16795
16891
16738
16858
16987
17152
17123
16988
16666
16759
16730
16603
16938
16589
16818
16902
16795
16688
16724
16747
16696
16689
16752
16584
16721
16290
16640
16532
16561
16736
16544
16682
16509
16498
16264
16513
16490
16405
16423
16399
16375
16445
16378
16539
16171
16707
15925
16069
16411
16020
16240
16174
16118
16050
16072
16134
16035
15576
15882
15922
15777
15837
15846
15872
15849
15949
15823
15888
15846
15573
15489
15580
15472
15728
15322
15756
15738
15605
15501
15652
15651
15581
15703
15616
15322
15572
15456
15618
15592
15597
15478
15741
15610
15568
15702
15399
15616
15578
15552
15441
15288
15274
15085
15147
14819
14745
14638
14838
14725
14969
14887
14788
14848
15106
15055
15092
15241
14973
14872
14988
15052
14957
15108
15084
15122
15273
14946
14984
14852
14972
14714
14742
14743
14569
14762
14891
14631
14532
14572
14724
14760
14318
14620
14550
14406
14509
14558
14257
14523
14330
14637
14328
14362
14327
14609
14380
14187
14593
14210
14360
13935
13888
14014
13859
13792
13364
13424
13874
13676
13839
13609
13715
13960
13922
13984
13799
14140
13880
13964
13962
14285
13794
13781
13977
13940
14011
13961
13938
13656
13584
13860
13730
13820
13416
13528
13741
13822
13386
13276
13344
13318
13482
13353
13099
13048
13200
13306
13350
13291
13400
13210
13136
13255
12944
12991
13268
13036
13073
13073
13356
13048
13178
12896
13010
13049
12782
12988
12772
12912
12951
12574
12742
12603
12532
12828
12770
12780
12759
12664
12730
12812
12592
12674
12673
12532
12520
12554
12419
12468
12523
12701
12509
12628
12500
12366
12330
12376
12446
12514
12351
12348
12336
12327
12554
12282
12292
12184
12271
12190
12193
12354
12040
12195
12070
11939
12144
11946
12007
11728
11990
12046
12242
12058
12333
11964
11773
11677
11522
11507
11346
11563
11276
11285
11541
11479
11390
11404
11520
11721
11808
11583
11571
11327
11343
11546
11528
11536
11496
11416
11628
11668
11567
11369
11144
11358
11316
11278
11057
11417
11222
11396
11186
11270
11064
11231
11244
11158
11110
11113
10910
11153
11113
11019
11077
11110
11087
10970
10994
10944
11000
10794
10993
10984
10804
10965
10839
10873
10746
10848
10882
10821
10890
10966
10893
10897
10712
10475
10499
10604
10456
10529
10716
10728
10662
10738
10576
10411
10564
10764
10733
10585
10617
10566
10347
10744
10499
10601
10452
10440
10553
10633
10667
10834
10433
10312
10490
10337
10332
10180
10558
10305
10074
10286
9921
10206
10100
10157
10261
10221
10410
10264
9946
10287
10059
10182
10132
10099
10218
10066
10138
10173
10274
10006
10052
10167
10211
9914
10037
10187
10169
10010
10042
10029
9846
9952
10125
10003
9804
10054
10191
9922
9769
9903
9848
9988
9812
9777
9972
10031
9904
9876
10173
9934
9771
9908
10058
9965
9805
9797
9826
9930
9645
9528
9765
10047
9834
9918
9818
9753
9654
9698
9570
9722
9460
9830
9728
9538
9642
9579
9544
9690
9693
9638
9761
9569
9563
9578
9622
9850
9857
9649
9704
9673
9792
9536
9910
9756
9533
9627
9531
9603
9649
9596
9821
9798
9665
9736
9432
9504
9575
9588
9535
9667
9530
9680
9648
9557
9454
9620
9465
9819
9416
9532
9629
9698
9700
9479
9570
9528
9668
9624
9664
9730
9753
9585
9718
9504
9695
9764
9644
9447
9670
9783
9640
9631
9605
9682
9717
9621
9629
9607
9578
9762
9679
9557
9741
9636
9781
9610
9653
9649
9622
10062
9784
9659
9641
9887
9901
9750
9869
9784
9844
9962
9907
9865
9818
9769
9896
9894
9846
10002
9945
9908
9883
10060
9903
9982
10135
9982
10025
9937
9733
9847
9962
9714
10272
10108
10082
9851
9792
9915
9798
9769
10155
9904
10184
9971
9967
10162
9927
10206
10028
10068
10201
9984
10126
10173
10266
10189
10222
10171
10289
10174
10091
9967
10378
10248
10224
10250
10353
10111
10512
10506
10496
10490
10444
10377
10587
10534
10456
10612
10555
10641
10597
10728
10774
10628
10740
10546
10708
10770
10817
10688
10870
10808
10733
10949
10842
10869
11014
10644
10847
10793
10848
10846
10970
10968
11059
11179
11275
11026
11162
10997
10980
11254
11270
11365
11076
11217
11265
11121
11078
11410
11309
11235
11436
11204
11286
11387
11360
11272
11299
11302
11342
11128
11386
11160
11238
11189
11378
11322
11310
11590
11456
11695
11646
11613
11641
11760
11585
11664
11428
11470
11789
11858
11780
11738
11901
11688
11954
12020
11946
12038
11919
11965
11894
12070
12185
11748
11725
12090
11878
12146
11855
12207
12107
12114
12068
12191
11988
12137
12271
12315
12078
12158
12095
12039
12036
12053
12068
12227
12001
12298
12436
12475
12407
12152
12314
12154
12165
12506
12404
12511
12505
12476
12582
12388
12550
12512
12724
12544
12495
12401
12621
12492
12618
12506
12727
12396
12429
12493
12724
12682
12754
12530
12521
12613
12531
12572
12786
12646
12724
12722
12553
12534
12985
12843
12563
12783
12852
12616
12576
12977
12564
12980
13007
12812
12816
12871
12836
12702
12770
12726
12664
12632
12595
12694
12840
12745
12374
12897
12635
13025
13225
13053
12863
13010
12969
13214
13138
12939
13087
13245
13097
13039
13125
12902
13215
13289
13292
13189
13288
13077
13138
13052
13253
13057
12998
13165
13211
13231
13056
13117
13083
13181
13189
13325
13524
13352
13165
13107
13097
13309
13319
13261
13022
13224
13056
13376
13276
13412
13130
13072
13183
13243
13223
13191
13092
13276
13219
13077
13239
13250
13119
13238
13245
13285
12996
13062
13281
13030
13436
13262
13197
13198
13127
12936
13232
12901
12955
13220
13247
13102
13221
13014
13092
13020
13253
13065
13076
13151
13151
13072
13085
13113
13033
13057
12861
13327
13100
12950
12972
13011
13125
12941
13108
13029
12786
13034
13053
12823
12876
13113
12891
12905
13026
13092
12838
12854
13032
12702
13121
12915
13238
12813
13079
12887
12680
12891
12752
12797
12691
12516
12587
12750
12608
12861
12591
12578
12612
12651
12597
12717
12755
12938
12756
12552
12459
12773
12648
12803
12469
12640
12730
12555
12773
12589
12589
12432
12416
12617
12448
12291
12461
12352
12324
12452
12477
12292
12368
12319
12250
12275
12395
12177
12046
12341
11928
12232
12146
12062
12185
11989
12108
12090
12146
12079
12055
11986
12140
12010
12003
11894
12052
11780
12017
11600
12036
11842
11688
11840
11952
11784
11758
11896
11766
11717
11857
11701
11876
11717
11837
11658
11777
11651
11648
11460
11455
11644
11534
11412
11594
11546
11624
11270
11396
11191
11306
11409
11179
11405
11292
11224
11345
11251
11127
11152
10996
11088
11362
11147
11149
11099
10888
10800
10781
10981
10842
10875
10811
10569
10994
10855
10631
10701
10708
10716
10664
10829
10989
10434
10373
10318
9954
9739
9894
9994
10160
10082
10187
10500
10399
10329
10350
10320
10310
10319
10202
10229
9924
10073
10141
9967
9940
10015
9749
9822
9875
9663
9801
9622
9790
9837
9723
9556
9756
9590
9494
9348
9692
9557
9390
9416
9180
9122
9047
9185
9235
9238
9280
9273
9086
8936
8953
8925
8859
8952
8749
8936
8831
9003
8719
8837
8614
8591
8698
8825
8570
8692
8469
8620
8489
8433
8304
8248
8384
8456
8148
8188
8378
8195
8097
8224
8190
7882
7964
8032
7901
7757
7911
8045
7974
7693
7717
7758
7686
7672
7543
7479
7462
7566
7472
7477
7410
7411
7600
7253
7297
7160
7217
7127
7329
7375
7156
7210
6980
6906
7003
7062
6869
6795
6928
6887
6806
6637
6797
6541
6765
6707
6632
6515
6512
6496
6336
6409
6542
6218
6365
6255
6379
6198
6217
6368
6205
6014
5981
6023
6013
5943
5712
6043
5899
5911
5873
5709
5955
5734
5727
5549
5672
5544
5619
5444
5450
5412
5606
5457
5541
5385
5191
4989
4832
4999
4986
5005
5002
5120
5147
4900
4881
4882
5016
4873
4885
4922
4847
4744
4849
4765
4867
4717
4812
4626
4637
4601
4491
4588
4499
4510
4497
4581
4423
4504
4231
4561
4294
4211
4409
4251
4314
4286
4176
4180
4298
4256
4174
4032
4137
4010
4029
4021
4135
3955
4212
3932
3939
3962
3987
3833
3845
3978
3881
3794
3875
3761
3707
3673
3737
3647
3693
3700
3707
3703
3749
3763
3455
3495
3583
3596
3543
3658
3529
3496
3502
3333
3422
3512
3427
3390
3537
3432
3339
3427
