3386
3286
3375
3429
3227
3404
3311
3290
3254
3301
3375
3407
3276
3311
3368
3197
3250
3252
3373
3336
3306
3373
3443
3359
3384
3290
3280
3446
3299
3296
3290
3392
3370
3414
3416
3321
3332
3407
3342
3535
3417
3287
3385
3320
3473
3401
3509
3472
3456
3408
3530
3393
3355
3331
3369
3436
3388
3480
3533
3603
3466
3406
3485
3359
3411
3357
3533
3420
3536
3534
3574
3467
3514
3472
3492
3518
3507
3620
3488
3528
3602
3502
3445
3656
3684
3478
3539
3598
3634
3572
3628
3631
3477
3620
3564
3693
3579
3644
3549
3592
3766
3684
3666
3592
3686
3606
3621
3595
3694
3584
3568
3511
3710
3621
3787
3758
3726
3652
3671
3664
3624
3733
3689
3719
3777
3852
3604
3722
3774
3675
3739
3670
3687
3714
3642
3687
3680
3736
3792
3787
3811
3816
3792
3691
3688
3780
3799
3787
3789
3766
3835
3817
3747
3902
3601
3849
3766
3866
3921
3790
3861
3804
3882
3743
3867
3896
4043
3798
3906
3794
3971
3759
3741
3876
3989
3877
3739
3872
3877
3945
3736
3969
3982
3954
3847
3875
3900
3992
3951
3946
3856
3907
3990
3933
3824
3966
3890
3947
3992
4035
3935
3918
4047
3949
3996
4066
3979
3927
4067
4098
4002
4104
4105
3927
3843
4090
4016
4012
3963
4074
4019
4260
4214
4018
4210
4114
4069
4089
4136
4081
4156
4105
4046
4035
4126
4238
4171
4138
4337
4161
4213
4083
4182
4200
4268
4158
4238
4187
4080
4211
4230
4139
4282
4210
4152
4232
4232
4160
4284
4188
4255
4381
4201
4222
4392
4313
4385
4252
4180
4289
4240
4283
4200
4386
4192
4289
4364
4318
4399
4330
4485
4360
4257
4317
4348
4365
4477
4339
4433
4345
4364
4261
4321
4352
4334
4395
4341
4474
4303
4434
4412
4518
4530
4400
4416
4576
4491
4433
4540
4493
4493
4563
4530
4598
4429
4440
4410
4591
4608
4595
4610
4475
4409
4415
4592
4494
4612
4580
4558
4554
4552
4658
4604
4578
4608
4728
4618
4804
4560
4749
4698
4543
4660
4636
4468
4570
4815
4685
4478
4525
4594
4608
4544
4561
4708
4571
4719
4708
4554
4654
4773
4683
4820
4600
4845
4715
4669
4715
4815
4677
4864
4719
4916
4677
4740
4740
4790
4886
4766
4719
4726
4937
4803
4865
4861
4817
4906
4929
4918
4968
4868
4816
4833
4858
4830
4856
4901
4957
4890
4900
4894
5003
5042
4851
4971
4963
5112
5011
5052
5033
4938
4964
5094
5066
5018
5049
4888
4949
5012
5135
4948
5099
5008
5081
4981
5058
5042
5190
5080
5274
5181
5050
5225
5253
5103
5033
5240
5154
5251
5151
5223
5126
5131
5184
5159
5168
5242
5238
5298
5095
5352
5184
5197
5103
5313
5111
5174
5348
5383
5431
5293
5161
5202
5186
5225
5253
5372
5450
5359
5444
5540
5253
5387
5200
5290
5319
5411
5362
5485
5322
5239
5430
5453
5530
5436
5420
5553
5523
5407
5417
5455
5655
5491
5423
5588
5615
5439
5480
5482
5434
5491
5651
5577
5494
5483
5401
5587
5677
5332
5382
5529
5632
5561
5589
5724
5620
5718
5696
5728
5645
5494
5614
5658
5751
5632
5778
5675
5705
5693
5626
5787
5714
5649
5668
5770
5750
5699
5719
5764
5755
5859
5796
5818
5979
6075
5931
5744
6037
5897
5855
5875
6159
5811
5872
6102
5914
6024
5930
5972
5733
5963
5859
6006
5924
5919
6124
6025
6026
5981
5911
5969
5997
5995
6017
6158
6138
5909
6095
6126
6053
6184
6195
6054
6022
6038
6087
6198
6186
6176
6162
6153
6141
6004
6195
6302
6143
6156
6125
5923
6133
6310
6207
6099
6152
6148
6137
6251
6409
6198
6373
6148
6180
6312
6522
6421
6406
6304
6448
6466
6397
6391
6476
6302
6296
6156
6108
6417
6301
6197
6295
6178
6284
6260
6347
6270
6319
6442
6622
6587
6573
6512
6547
6553
6249
6603
6493
6545
6588
6486
6741
6539
6542
6580
6588
6632
6520
6553
6635
6581
6658
6422
6753
6656
6672
6616
6557
6520
6566
6498
6714
6741
6771
6720
6665
6820
6654
6863
6602
6746
6612
6719
6724
6662
6634
6751
7016
6615
6824
6734
7069
6836
6930
6871
7003
6916
6845
6896
6972
7004
6923
6901
6772
6654
6948
6874
6887
6894
6898
7045
6979
7083
7114
7025
7087
7090
7007
7053
7170
7158
7105
7135
7245
7020
7061
7177
7165
7234
7247
7260
7102
7151
7090
7352
7281
7402
7350
7445
7426
7212
7375
7074
7427
7233
7429
7303
7548
7428
7405
7306
7453
7485
7340
7355
7626
7668
7309
7445
7431
7504
7479
7339
7315
7325
7590
7554
7465
7717
7683
7582
7534
7597
7576
7708
7675
7529
7766
7641
7723
7644
7698
7718
7740
7657
7776
7560
7850
7614
7612
7730
7674
7607
7717
7655
7605
7730
7581
7796
7759
7686
7949
7977
7942
7889
7929
7885
7736
7857
7916
7922
7803
7721
7913
8046
8004
7957
7982
8001
8123
8127
8157
8077
8143
8128
8008
8196
8142
8216
8176
7934
8123
7914
8016
8270
8084
8204
8164
8243
8276
8259
8091
8320
8190
8309
8240
8227
8417
8341
8143
8334
8472
8449
8310
8422
8496
8386
8484
8394
8472
8487
8547
8257
8555
8431
8542
8628
8756
8632
8477
8574
8654
8534
8377
8543
8774
8516
8780
8710
8774
8678
8620
8686
8614
8645
8750
8939
8742
8789
8817
8715
8730
8681
8748
8670
8515
8951
8732
8889
8876
8856
8740
9049
9036
8981
8883
8921
9043
9079
9046
8994
8911
9039
8987
9103
9044
8941
9130
9124
8978
9226
9213
8948
9110
9121
9207
9253
9245
9133
9076
9313
9131
9019
9229
9295
9213
9437
9405
9331
9135
9232
9321
9381
9465
9102
9494
9485
9496
9470
9373
9452
9173
9541
9334
9466
9101
9517
9396
9346
9431
9533
9619
9587
9374
9466
9250
9814
9433
9704
9674
9557
9757
9606
9639
9506
9760
9661
9685
9472
9619
9532
9544
9636
9776
9642
9654
9629
9444
9661
9801
9936
9856
9793
9802
9892
9879
9874
9993
9956
9793
9877
9820
9921
10029
10008
9918
10213
9969
9937
9640
9908
10108
10030
9760
9872
9957
10018
10117
10135
10094
10117
10124
10032
10150
10592
9984
10266
10213
10349
10221
10272
10170
10368
10211
10066
9953
10142
10100
10033
10309
10089
10285
10011
10325
10529
10425
10424
10687
10414
10498
10445
10370
10552
10548
10666
10474
10510
10594
10452
10643
10782
10581
10752
10579
10372
10622
10475
10528
10681
10584
10612
10452
10444
10440
10488
10273
10600
10409
10498
10423
10524
10880
10876
10946
10797
11170
10834
10987
11199
11058
10806
10821
11115
11122
10741
10620
10331
10235
10024
9736
9736
9617
9441
8983
8992
8884
8780
8933
9336
9652
9904
10286
10642
10715
11137
11365
11483
11570
11468
11405
11309
11474
11441
11302
11426
11537
11347
11310
11116
11638
11461
11168
11481
11366
11426
11340
11328
11476
11453
11381
11352
11650
11591
11674
11348
11393
11641
11502
11656
11403
11624
11886
11617
11648
11506
11946
11665
11716
11648
11632
11890
11831
11749
11560
11707
11726
11780
11840
11844
11600
11841
12007
11790
11790
11805
12011
12134
11868
11915
11906
11865
12039
12215
11729
11963
11902
11755
12014
12015
11981
11996
12049
11930
12134
11900
12150
12025
12075
12072
12306
11995
12110
12013
12206
12133
12151
11975
12106
12334
12194
12352
12262
12284
12452
12191
12555
12228
12310
12205
12021
12481
12436
12444
12548
12610
12562
12486
12430
12569
12610
12612
12692
12697
12746
12552
12539
12614
12794
12644
12603
12590
12933
12950
12887
12942
12790
12974
12960
13203
12682
12943
13037
12576
12474
12594
12413
12460
12250
12271
12351
12159
12122
12348
12165
12714
13135
13095
13022
13368
13037
12854
13104
13000
12928
13071
13073
13376
13228
13333
13314
13197
13125
13266
13382
13427
13450
13502
13428
13494
13440
13588
13196
13226
13242
13509
13373
13422
13270
13382
13573
13328
13342
13570
13444
13449
13682
13808
13440
13616
13638
13557
13610
13563
13576
13628
13760
13793
13762
13678
13943
13846
13690
13615
13849
13741
13755
13750
13600
13915
13608
13850
13782
13663
13835
13790
13984
13922
14149
13821
14098
13846
14032
14115
13932
13881
14246
13967
14216
13925
14089
14268
14140
14408
14126
13994
14101
14117
14133
14034
14098
14061
14298
13956
14194
14306
14268
14097
14490
14153
14518
14349
14395
14414
14616
14504
14226
14314
14513
14523
14351
14487
14584
14628
14436
14657
14379
14786
14571
14584
14644
14615
14580
14684
14696
14957
14983
14853
14839
15060
14782
14909
14993
14631
14729
14709
14921
14699
14853
14633
14900
14788
15170
14883
14638
14996
15156
15027
14826
15092
14996
15088
14932
15064
15148
15023
15061
14706
15127
15093
15044
15001
15119
15204
14949
15485
15108
15252
15200
15030
15180
15114
15166
15245
15488
15594
15192
15189
15480
15396
15377
15224
15364
15162
15005
15515
15056
15368
15349
15480
15364
15312
15087
15519
15572
15412
15444
15811
15519
15640
15592
15988
15738
15656
15948
15899
15694
15706
15821
15780
15690
15905
15844
15885
15646
16001
15696
15981
15778
16030
15764
15878
16062
16098
16154
16029
15997
16009
15868
16057
15924
16082
16129
15903
16047
15872
15892
15803
16277
16229
16138
15854
16159
16295
16151
16314
15930
16094
16137
16100
16173
16340
16229
16260
16224
16227
16236
16167
16230
16244
16302
16452
16090
16345
16220
16252
16216
16253
16308
16274
16132
16229
16462
16222
16457
16412
16610
16118
16671
16268
16512
16418
16510
16724
16649
16683
16546
16829
16560
16640
16648
16718
16772
16905
16635
16757
16633
16869
16672
16456
16837
16622
16826
16844
16788
16847
16840
16710
16743
16720
17275
16786
16766
16823
16954
17032
16728
16992
16828
16627
16606
16964
17108
16963
17054
16968
17034
16896
16724
17131
17125
16868
17018
17188
17133
17141
16909
16937
17134
16850
17229
17120
17325
17316
16982
17288
17330
17185
17217
17253
17314
17322
17220
17225
17128
17300
17084
17346
17269
17319
17318
16782
17301
17277
17509
17338
17472
17391
17354
17139
17412
17192
17495
17547
17382
17512
17272
17360
17485
17580
17485
17234
17381
17382
17512
17518
17714
17693
17844
17645
17773
17911
17581
17671
17416
17786
17817
17476
17781
17468
17383
17412
17331
17485
17343
17476
17193
17184
17352
17220
17432
17497
17936
17775
17986
17856
18044
18207
17771
17992
18056
17865
18057
17741
18020
17768
17881
17724
18146
17965
18062
17744
17934
17847
17946
18010
17909
17823
18043
18018
17837
17970
18263
18048
17812
17990
17882
18185
18129
18088
18149
18188
17882
18452
18248
18224
18441
18169
18141
18121
18123
18113
18309
18170
18355
18313
17999
18372
18120
18159
18412
18306
18331
18400
18150
18350
17829
18308
18551
18297
18421
18172
18482
18484
18446
18264
18250
18303
18316
18189
18612
18461
18301
18578
18541
18520
18739
18804
18560
18548
18541
18602
18436
18340
18555
18458
18595
18601
18702
18406
18568
18565
18459
18917
18475
18796
18742
18405
18926
18517
18666
18520
18781
18740
18669
18469
18647
18973
18809
18929
18818
18768
18570
18745
18612
18830
18809
18787
18944
18574
19092
18587
19039
19000
18888
19027
18918
18564
18799
18565
18670
18617
18698
18438
18773
18970
18662
19051
19065
19098
18784
19036
18838
19060
19232
18845
18829
18816
18669
18995
19061
18829
19063
19213
19035
19031
19083
19181
19148
18824
19210
18891
18957
18952
18602
19413
18829
18920
19074
18998
19131
18950
18962
19304
18866
19144
18852
19221
19246
19234
19109
19030
19147
19156
19513
19034
19065
18901
19454
18957
18903
19305
19265
19166
19283
19022
18892
18812
19249
19136
19160
19149
19493
18944
19261
19151
19160
18701
18986
18906
19432
19227
19030
19084
19093
19060
19092
19270
19415
19422
19213
19270
19278
19534
19436
19068
19334
19227
19398
19222
19141
19383
19476
19515
19129
19173
19345
19103
19177
19212
19335
19427
19627
19199
19035
19234
19176
19447
19370
19268
19514
19521
19536
19652
19489
19311
19456
19564
19640
19650
19237
19768
19832
19608
19335
19477
19271
19182
19507
19303
19412
19355
19393
19520
19656
19688
19361
19593
19179
19260
19276
19612
19197
19023
19211
19149
19419
19300
19456
19182
19410
19167
19226
19303
19322
19261
19416
19250
19483
19397
19217
19387
19355
19084
19643
19373
19549
19400
19195
19457
19457
19256
19320
19205
19258
19452
19252
18881
19213
18938
18805
18795
19032
19108
18988
19340
19077
19077
19052
19308
19063
19429
19300
19516
19702
19257
19670
19444
19666
19444
19316
19293
19396
19434
19424
19472
19434
19297
19506
19414
19250
19594
19438
19720
19330
19079
19400
19378
19512
19420
19469
19317
19252
19435
19391
19354
19372
19386
19673
19444
19409
19409
19223
19195
19522
19480
19813
19601
19354
19149
18924
19033
19032
19083
19000
19209
19083
19200
19342
19333
19374
19092
18988
19208
19008
19368
18888
19027
18948
18936
19363
19228
19130
19148
19235
19147
19182
19221
19037
18828
19162
19386
19277
18733
19400
19042
18980
19062
19284
19084
19128
19156
19084
18980
19199
19140
18997
19123
19018
19062
18980
19076
19117
18678
18903
18832
19142
18932
19102
18852
19125
18797
18809
18821
18708
18794
18773
19020
18570
18852
18776
18820
18712
18868
18970
18688
18619
18613
18757
18724
18609
18852
18634
18796
18600
18602
18778
18656
18500
18624
18572
18500
18797
18676
18607
18669
18545
18719
18667
18699
18928
18387
18669
18684
18630
18925
18657
18444
18637
18346
18738
18638
18561
18517
18606
18391
18672
18360
18315
18206
18213
18374
18560
18312
18344
18258
18413
18123
18621
18139
18359
18193
18472
18485
18333
18220
18392
18417
18121
18284
18212
18346
18316
18374
18172
18016
18436
18068
18157
18398
18214
18228
18038
18234
18102
17818
17909
17920
18027
18028
17914
18049
18273
18138
18178
17887
17860
18059
18006
17836
17988
18066
17993
17769
17778
18151
17831
17610
17679
17963
17793
17741
17618
17679
17766
17554
17688
17436
17886
17684
17808
17741
17860
17682
17942
17687
17462
17793
17628
17522
17453
17209
17464
17306
17093
17025
17336
17149
17261
17440
17338
17476
17361
17210
17309
17480
17292
17446
17092
17425
17411
17509
17253
17340
17071
17183
17232
17038
16884
17156
17278
16998
17102
16652
17273
16963
16896
16877
16650
16859
16942
16996
16817
16807
17018
16892
16696
17039
16719
17013
16984
16677
16692
16425
16902
16833
17050
16838
16910
16647
16696
16437
16600
16565
16745
16688
16466
16607
16542
16616
16564
16286
16826
16660
16597
16448
16328
16507
16568
16384
16260
16628
16421
16672
16418
16239
16192
16291
16423
16152
16280
16236
16556
16167
16072
16173
16142
16146
16051
16376
16093
16068
16060
16090
15652
15874
15684
15540
15671
15625
15652
15853
15668
15950
15408
15604
15868
15793
15444
15295
15381
15509
15410
15744
15512
15438
15336
15502
15412
15549
15596
15814
15556
15637
15374
15546
15419
15268
15286
15322
15555
15495
15142
15312
15455
15522
15443
15558
15101
15198
15191
14754
14864
14845
14465
14807
14800
14819
14564
14757
14705
14802
14950
14976
15050
14953
15087
14725
14918
14865
14792
14810
14958
14888
14940
14754
14725
14820
14746
14727
14606
14664
14438
14690
14473
14400
14472
14582
14331
14241
14306
14373
14308
14487
14628
14420
14456
14319
14311
14109
14404
14271
14003
14202
14015
14362
14122
13993
14051
13936
13629
13476
13500
13510
13289
13607
13719
13590
13754
13946
13621
13863
14018
13858
13793
13774
13765
13716
13687
13827
13615
13709
13629
13819
13665
13716
13448
13467
13580
13550
13408
13549
13308
13574
13447
13034
13116
13244
13082
13256
13295
13126
13041
13076
13189
12959
13183
13024
12897
13003
12994
13277
13054
13047
13074
12858
13288
12888
13194
12598
12731
12875
13071
12668
12934
12616
12696
12619
12552
12696
12660
12524
12571
12384
12742
12585
12545
12451
12510
12567
12364
12313
12588
12470
12703
12452
12273
12377
12378
12367
12299
12164
12230
12260
12190
12078
12384
12281
11950
12041
12164
12033
12096
11832
12110
12159
11844
12016
11622
12012
11824
11889
11794
11914
11853
11686
11776
11793
11877
11780
11793
11969
11752
11530
11396
11171
11394
11434
11099
10996
11229
11340
11207
11372
11207
11284
11570
11492
11256
11432
11322
11292
11141
11325
11078
11114
11240
11263
11224
10875
11017
11002
11145
10943
11059
11066
11142
10980
10873
10790
10925
10876
10836
10935
10985
10916
10864
10882
10934
10983
10763
10782
10880
10736
10740
10748
10714
10678
10485
10778
10655
10810
10546
10661
10478
10625
10684
10470
10692
10484
10485
10415
10616
10398
10454
10540
10242
10480
10225
10324
10252
10382
10299
10280
9979
10101
10202
10262
10033
10005
10137
9985
10272
10195
9950
9881
10058
10090
9914
10133
10139
9900
9919
10026
9825
9869
10107
10103
9984
9829
9934
9859
9887
9792
9859
9652
9703
9774
9565
9733
9765
9678
9749
9661
9577
9716
9793
9866
9737
9861
9531
9533
9620
9536
9633
9640
9512
9443
9580
9658
9405
9334
9518
9318
9457
9403
9552
9383
9360
9383
9324
9263
9355
9328
9502
9205
9350
9129
9327
9256
9265
9317
9224
9141
9217
9425
9357
9216
9102
9118
9121
9045
9018
9149
9085
9003
9077
9146
9243
9037
8981
8954
9158
9147
9005
9021
8917
9042
8955
9006
8859
8947
8922
9028
9098
8911
9024
8958
9048
9029
8774
9125
8851
8852
8996
8730
8954
8987
8914
8710
8856
8713
8634
8639
8849
8794
8843
8662
8631
8823
8597
8886
8577
8623
8684
8516
8754
8382
8758
8530
8639
8936
8993
8765
8911
8794
8578
8913
8694
8528
8728
8651
8690
8758
8781
8717
8599
8889
8732
8612
8618
8636
8797
8628
8664
8883
8545
8653
8666
8744
8579
8660
8511
8665
8713
8686
8720
8633
8598
8602
8843
8809
8683
8698
8833
8819
8677
8666
8585
8439
8966
8714
8714
8868
8778
8667
8825
8704
8836
8805
8700
8893
8796
8889
8784
8732
8635
8883
8739
8605
8813
8830
8732
8799
9014
8856
8799
8864
8662
8756
8736
8801
9063
8578
8798
8537
8788
8772
8807
9013
8804
8777
8789
8847
8832
8772
8620
8857
8601
8764
8604
8919
8634
8684
8888
8918
9040
8969
8718
8903
8828
9108
9127
8920
9162
8989
9121
9052
9096
8869
9061
9201
9176
9121
9077
8934
9104
9161
9133
9218
9110
9189
9107
9254
9270
9062
9136
9112
9282
9371
9197
8982
9400
9151
9401
9387
9456
9450
9205
9115
9513
9395
9359
9213
9358
9307
9528
9320
9290
9381
9322
9604
9453
9211
9536
9517
9438
9556
9459
9295
9463
9311
9258
9316
9520
9286
9271
9439
9423
9561
9464
9998
9787
9669
9589
9681
9655
9520
9511
9472
9512
9479
9636
9772
9873
9770
9700
9593
9814
9802
9686
9891
9863
9751
9812
9852
10017
9894
9835
9973
9988
9666
9761
9952
9963
9976
9922
9956
9693
9923
9980
10091
9998
9875
9967
9879
9976
9891
9828
10068
9857
10036
9938
10013
9982
9894
9903
10087
9960
10142
10203
10168
10063
10140
10153
10011
10244
10230
9971
9931
10025
10166
9947
9987
10058
10087
10068
10061
10257
10416
10051
10189
10454
10306
10416
10124
10137
10294
10249
10365
10196
10369
10202
10238
10145
10323
10131
10301
10226
10245
10310
10137
10319
10306
10188
10217
10377
10328
10523
10103
10066
10171
10349
9943
10009
10114
10025
9813
10361
10093
10212
10522
10573
10390
10442
10306
10309
10556
10592
10481
10458
10426
10169
10387
10360
10416
10396
10483
10411
10484
10431
10499
10538
10555
10458
10358
10646
10094
10484
10416
10485
10588
10639
10541
10333
10516
10290
10685
10489
10434
10580
10418
10544
10484
10423
10528
10533
10368
10355
10590
10562
10582
10484
10541
10755
10472
10434
10581
10405
10386
10560
10624
10384
10191
10390
10481
10478
10552
10430
10422
10583
10354
10517
10563
10609
10341
10502
10496
10298
10327
10527
10363
10544
10506
10283
10242
10434
10344
10420
10194
10363
10321
10404
10222
10335
10464
10376
10323
10043
10193
10320
10276
10109
10027
10401
10143
10331
10284
10389
10269
10331
10076
10192
10287
10308
10187
10150
10322
10104
10089
10238
10188
10184
10199
10206
9992
10108
10066
10031
10038
9975
10012
10136
10063
9981
9891
9903
10019
9888
9880
9873
10005
9773
10087
9954
9881
10018
9912
9919
10058
10092
10130
9878
10028
9948
9829
9723
9781
9767
9910
9597
9751
9730
9879
9866
9686
9545
9837
9737
9575
9687
9668
9716
9432
9895
9688
9530
9568
9600
9692
9526
9676
9700
9620
9395
9572
9417
9640
9425
9372
9318
9307
9427
9443
9298
9204
9338
9365
9288
9304
9116
8989
9277
9249
9395
9434
9076
9205
9117
9226
9237
9181
9166
9233
9148
9088
9052
8973
9131
9102
9198
9082
9166
9129
8883
8770
9008
8988
8900
8968
8813
8754
8893
8927
8724
8797
8830
8704
8770
8832
8821
8678
8590
8679
8512
8666
8586
8511
8546
8571
8571
8452
8550
8628
8357
8640
8454
8443
8171
8035
8009
7946
7757
7646
7811
7923
8149
8186
8052
8183
8256
8320
8262
8291
8031
8089
8121
7929
8101
7840
8105
8026
7796
7819
7931
7701
7639
7609
7672
7992
7743
7748
7753
7585
7659
7650
7645
7743
7548
7556
7447
7271
7332
7484
7329
7270
7297
7189
7167
7288
7293
7222
7286
7111
7075
7127
7245
7210
7062
7052
6953
6982
6980
7069
6778
6713
6970
6846
6637
6637
6635
6717
6752
6596
6681
6633
6550
6469
6732
6565
6634
6608
6307
6536
6397
6418
6460
6285
6487
6372
6210
6412
6314
6378
6263
6122
6145
6157
6220
6047
6072
5961
6087
5964
6022
5846
5994
5848
5978
5825
5760
5774
5849
5721
5754
5587
5747
5663
5718
5580
5456
5549
5478
5679
5474
5492
5340
5539
5261
5485
5262
5250
5273
5328
5098
5133
5171
5215
5093
5128
5082
4879
5149
5101
4836
4966
5011
4915
4921
4811
4804
4937
4601
4781
4736
4777
4772
4654
4601
4655
4743
4389
4605
4473
4674
4635
4506
4228
4156
4176
4038
4044
4225
4231
4178
4178
4283
4197
4096
4171
4175
4131
4161
4202
4168
4115
4051
4117
4082
3951
3909
3978
3922
4028
3897
3887
3837
3892
3856
3813
3905
3818
3788
3704
3810
3657
3755
3786
3742
3555
3709
3671
3649
3700
3526
3602
3508
3486
3519
3612
3518
3513
3584
3585
3564
3510
3420
3316
3489
3210
3391
3319
3331
3304
3280
3365
3403
3330
3271
3247
3224
3300
3207
3250
3235
3207
3187
3178
3202
3171
3195
3055
3083
3158
3058
3089
3101
3095
2920
3075
3040
