3181
3315
3224
3383
3420
3340
3419
3333
3332
3336
3398
3452
3362
3251
3294
3345
3390
3299
3347
3345
3333
3359
3279
3335
3313
3394
3564
3261
3445
3342
3381
3226
3342
3406
3450
3379
3388
3444
3352
3337
3402
3488
3444
3428
3481
3371
3403
3426
3502
3398
3473
3366
3530
3473
3545
3379
3411
3360
3541
3481
3396
3424
3502
3417
3518
3401
3603
3446
3522
3435
3555
3598
3442
3625
3498
3585
3577
3400
3449
3571
3515
3540
3658
3533
3597
3559
3554
3611
3536
3472
3534
3593
3522
3715
3552
3669
3593
3620
3572
3571
3551
3601
3526
3614
3763
3657
3657
3749
3636
3748
3583
3680
3691
3732
3598
3640
3686
3692
3613
3661
3673
3547
3598
3810
3691
3819
3864
3702
3631
3784
3763
3675
3777
3740
3630
3749
3788
3780
3713
3798
3718
3800
3821
3730
3869
3744
3832
3758
3777
3774
3742
3796
3828
3691
3697
3789
3882
3782
3829
3922
3889
3873
3922
3788
3847
3903
3959
3863
3818
3858
3765
4074
4027
3800
3751
3860
3959
3844
3982
3908
3933
3833
3927
3911
3897
3887
4030
4016
4019
3903
3981
3933
3895
3975
4020
4061
3889
3902
3928
4068
3992
3951
3937
4029
3942
4121
4082
3928
4023
3920
4076
4081
4034
4034
4004
3987
4140
4123
3972
4105
4080
4066
4143
4157
4211
4060
4132
4194
3971
4166
4022
4204
4265
4087
4125
4221
4250
4227
4167
4212
4287
4182
4329
4212
4260
4285
4220
4312
4187
4232
4252
4314
4230
4108
4285
4174
4238
4104
4366
4231
4260
4053
4289
4329
4283
4297
4315
4300
4437
4320
4332
4374
4359
4430
4268
4267
4428
4239
4416
4442
4536
4314
4432
4248
4449
4427
4411
4222
4395
4312
4270
4201
4447
4406
4386
4394
4405
4409
4392
4502
4453
4426
4511
4377
4292
4461
4502
4465
4467
4547
4488
4505
4669
4635
4388
4590
4608
4614
4649
4567
4590
4514
4508
4526
4529
4559
4553
4650
4811
4664
4505
4597
4622
4650
4580
4725
4722
4582
4661
4671
4658
4504
4712
4640
4602
4712
4468
4741
4584
4520
4566
4637
4631
4563
4741
4702
4568
4847
4769
4724
4658
4733
4745
4779
4692
4837
4831
4699
4731
4757
4741
4747
4817
4833
4762
4785
4798
4994
4910
4894
4814
4834
4862
4961
4953
4869
4925
4889
4766
4923
4849
4909
4910
4891
4914
4893
4922
4863
4949
4880
5000
4958
4819
4969
5001
4897
4846
4931
4914
5175
5119
5058
5024
4954
5036
4974
5107
5020
5005
5110
4947
5142
5078
5122
5082
4949
5190
5136
5217
5201
5124
5206
5027
5203
5156
5252
5158
5138
5068
5160
5456
5167
5152
5265
5306
5253
5243
5114
5159
5294
5368
5312
5178
5343
5208
5325
5198
5431
5284
5313
5260
5290
5284
5442
5321
5269
5355
5396
5225
5332
5366
5454
5255
5337
5337
5397
5495
5349
5514
5248
5447
5394
5366
5379
5462
5440
5393
5519
5515
5601
5563
5554
5521
5471
5500
5392
5540
5487
5595
5394
5586
5621
5796
5613
5504
5593
5648
5686
5668
5597
5609
5585
5675
5605
5770
5756
5623
5618
5573
5660
5619
5635
5713
5737
5693
5733
5717
5631
5643
5677
5793
5757
5679
5872
5742
5778
5780
5962
5864
5853
5794
5904
5841
5784
6023
5734
6056
5566
5741
5789
6011
5951
5844
5965
5969
5804
5959
5867
5955
6100
6007
6141
5833
5919
6189
6117
5903
5992
6010
5829
6095
6016
6140
6097
5905
6139
6153
6021
6052
6217
6145
6073
6086
6093
6083
6036
6113
6120
6169
6156
6254
6238
6109
6174
6120
6158
6287
6088
6179
6210
6045
6419
6320
6307
6170
6196
6243
6383
6491
6268
6198
6416
6223
6391
6383
6227
6398
6316
6366
6334
6337
6441
6364
6368
6226
6284
6249
6351
6221
6269
6071
6460
6294
6427
6442
6293
6291
6444
6612
6476
6445
6395
6538
6583
6556
6725
6754
6633
6745
6697
6724
6778
6623
6639
6510
6596
6711
6805
6639
6783
6664
6639
6711
6909
6650
6689
6685
6567
6865
6803
6804
6782
6770
6704
6632
6794
6703
6793
6630
6692
6878
6747
6878
6659
6631
6872
6857
6639
6854
6945
6821
6829
6840
6910
6890
6884
7012
6846
6898
6970
6846
6774
6834
6912
6849
6966
7085
6915
6928
6975
7006
6997
6900
7056
7118
7144
6965
7201
7167
7187
7205
7055
7260
7178
7283
7275
7284
7373
7220
7262
7354
7117
7330
7177
7239
7427
7280
7286
7387
7372
7381
7271
7315
7620
7149
7363
7366
7467
7444
7352
7433
7465
7449
7439
7349
7322
7677
7456
7490
7538
7417
7453
7541
7594
7638
7487
7520
7581
7808
7617
7385
7533
7579
7721
7686
7608
7662
7746
7644
7593
7650
7683
7626
7857
7648
7647
7661
7689
7816
7788
7719
7693
7607
7806
7795
7697
7718
7806
7944
7844
7820
7791
7886
7906
7914
8095
8002
7878
8101
7902
8226
7941
7958
8087
8020
7944
8091
8102
8004
7895
8208
7956
7989
8131
8127
8091
7956
8048
8145
8039
8109
8046
7982
8080
8051
8120
8151
8269
8169
8184
8264
8244
8295
8317
8471
8328
8454
8458
8366
8269
8314
8413
8318
8299
8393
8580
8602
8432
8457
8536
8578
8711
8635
8497
8541
8456
8814
8860
8590
8770
8693
8548
8639
8805
8628
8784
8539
8639
8720
8547
8812
8623
8844
8701
8608
8897
8595
8635
8582
8500
8510
8809
8659
8678
8704
8776
8700
8806
8851
8961
8826
8955
8939
8854
9019
9061
8932
8941
9024
8976
9037
8756
9242
9214
8986
9041
9176
9057
8986
9151
9129
9170
9261
9116
8984
9146
9176
9243
9257
9190
9048
9320
9337
9250
9175
9295
9305
9310
9328
9173
9496
9280
9486
9462
9387
9404
9356
9540
9577
9342
9185
9432
9634
9599
9413
9600
9379
9455
9496
9485
9453
9364
9607
9728
9758
9549
9722
9670
9633
9646
9735
9846
9814
9535
9733
9730
9668
9476
9724
9711
9922
9796
9839
9612
9660
9666
9625
9890
9695
9910
10030
10000
9800
9989
9964
9960
10058
10136
10111
9772
9806
10210
10103
9945
10126
10039
9828
10115
9966
10197
9957
10002
10058
10380
9904
10122
10234
10124
10110
10188
10304
10320
10467
10348
10219
10406
10085
10301
10129
10253
10328
10358
10349
10136
10203
10240
10036
10047
10136
10246
10525
10228
10562
10676
10541
10488
10418
10576
10528
10617
10677
10817
10449
10738
10639
10762
10700
10602
10584
10833
10752
10476
10811
10577
10681
10468
10621
10549
10441
10634
10430
10449
10422
10591
10602
10697
10696
10654
10602
10575
10770
10536
11014
11043
10801
10706
10875
11158
11061
10816
11061
11054
10875
10630
10726
10368
9949
9869
9925
9506
9242
9040
8876
8800
8954
9184
9247
9650
9885
9947
10623
10697
11123
11345
11467
11614
11663
11477
11631
11532
11651
11360
11275
11320
11384
11374
11214
11655
11422
11457
11409
11608
11564
11472
11611
11393
11538
11478
11627
11381
11298
11512
11616
11425
11648
11559
11556
11610
11476
11846
11805
11753
11703
11737
11748
11833
11933
11663
11620
11761
11761
11868
12025
11816
11762
11548
11740
11833
11878
11812
11927
11837
12017
12032
11848
12002
12059
11967
12018
11828
11820
12014
12146
12051
12178
12123
12131
11948
12274
12030
12025
12195
11929
12240
12267
12183
12102
11892
12284
12249
12285
12200
12206
12285
12131
12229
11995
12062
12544
12428
12173
12364
12246
12140
12200
12348
12359
12265
12388
12421
12398
12797
12348
12606
12632
12713
12626
12905
12583
12558
12725
12770
12692
12750
12715
12734
12962
12622
12717
12728
12913
13105
12773
12984
12745
13060
13009
13050
13102
12762
12889
12538
12436
12579
12326
12470
12288
12153
12209
12249
12301
12578
12662
12981
13188
13182
13281
13272
13178
13224
13183
13164
13117
13220
13172
13089
13243
13357
13193
13228
13345
13403
13304
13388
13428
13389
13305
13266
13252
13400
13415
13549
13482
13331
13258
13397
13390
13484
13642
13434
13648
13337
13514
13520
13442
13223
13559
13329
13606
13606
13714
13580
13556
13884
13810
13812
13762
13854
13957
13848
13733
13933
13806
13685
13782
13732
14142
13771
13725
13903
14066
13881
14098
14074
13968
13824
13860
13940
13989
14085
14119
14365
14166
13922
14031
13995
14056
14234
14087
14238
13890
14290
14335
14345
14452
14348
14331
14308
14225
14396
14018
14392
14299
14277
14002
14189
14369
14299
14406
14548
14453
14592
14595
14622
14446
14526
14469
14490
14517
14553
14432
14459
14464
14379
14576
14798
14539
14652
14657
14678
14594
14668
14519
14999
15062
15088
14920
14759
15153
14885
14829
14872
14839
14913
14783
14759
14804
15076
14891
15240
15034
14824
14948
15100
15052
14844
15026
15066
15006
15194
15175
15126
15231
15166
15224
15034
14726
15332
14943
14868
15306
15109
15083
15375
15173
15215
15188
15084
15248
15180
15542
15586
15368
15444
15249
15509
15655
15298
15478
15338
15284
15445
15125
15454
15325
15280
15119
15201
15279
15294
15388
15644
15448
15566
15640
15530
15680
15402
15907
15480
16007
15888
15832
15725
15684
15892
15889
15714
15668
15866
16146
16010
15882
15862
16062
15851
15739
15992
15968
15702
16028
15913
16189
15944
15825
16189
16108
15969
15878
16013
15968
15844
15992
16179
16053
16194
15732
16117
16125
16216
16330
16078
16146
16079
16421
16288
16180
16305
16373
16203
16034
16232
16246
16286
16384
16236
16168
16178
16315
16170
16345
15993
16311
16155
16651
16533
16255
16401
16438
16543
16526
16436
16733
16575
16676
16677
16640
16774
16592
16525
16493
16792
16836
16301
16900
16917
16614
16465
16381
16634
16759
16456
16580
16918
16715
16590
16612
16544
17093
16788
16772
16713
16748
16796
16919
16739
16710
16981
16949
16770
17017
16869
16971
16871
17168
17060
17088
17082
16725
17140
17128
17195
16932
17236
17025
17101
17082
17060
17074
16973
17072
17145
17203
17056
16933
17261
17165
17016
17117
17230
16930
17264
17310
17325
17226
17193
17216
17200
17325
17196
17380
17444
17048
17268
17376
17567
17263
16993
17292
17461
17270
17299
17576
17066
17463
17142
17508
17383
17361
17551
17517
17655
17638
17597
17430
17770
17498
17527
17726
17536
17312
17455
17628
17458
17764
17754
17792
17522
17804
17439
17680
17538
17748
17684
17959
17897
17504
17405
17616
17253
17259
17565
17413
17527
17222
17433
17306
17551
17524
18016
17837
18008
18069
18100
17927
17812
17924
18073
17740
18120
17893
17934
18079
18106
18076
18094
17742
18181
17897
17892
18098
18062
17972
18103
18187
17945
17970
17875
18359
18058
17929
17892
17806
18205
18152
18084
18185
18254
18182
18127
18168
18280
18295
18186
17915
18303
18346
18192
18163
18029
18250
18290
17901
18059
18199
18343
18187
18367
18324
18313
18380
18372
18430
18576
18139
18301
18441
18330
18437
18616
18436
18328
18311
18492
18702
18694
18345
18356
18677
18692
18560
18517
18529
18455
18313
18370
18376
18870
18508
18577
18442
18713
18512
18621
18775
18847
18792
18508
18720
18550
18477
18476
18336
18612
18756
18731
18635
18710
18546
18430
18728
18688
18536
18814
18677
18624
18817
18834
18739
18845
18859
18710
18688
18766
18784
18512
18688
18688
18638
18615
18514
19054
18822
18718
18992
18792
18920
19112
18777
18956
18911
19084
18800
18969
19090
19076
19131
19144
18826
18925
18918
19108
19034
18985
18917
18932
18971
19105
19076
19064
19332
19147
19212
18944
18907
19119
19178
18888
18919
19018
19085
19201
19132
19172
19144
19015
19090
19276
19154
19118
19183
19017
19088
19132
19300
19080
19488
19268
19133
19245
18976
19794
19042
19026
19194
19163
19243
19177
19212
19463
18996
19146
19043
19173
19242
19211
19171
19140
19386
19123
19204
19141
19445
19317
19236
19351
19216
19035
19354
19360
19080
19030
18934
19029
19032
19552
19286
19449
19413
19461
19417
19325
19409
19286
19497
19292
19522
19451
19246
19419
19449
19076
19306
19433
19292
19303
19396
19174
19458
19245
19075
19338
19602
19170
19252
19524
19046
19659
19260
19546
19453
19725
19548
19514
19541
19320
19493
19494
19656
19695
19210
19432
19485
19604
19410
19426
19527
19154
19449
19698
19484
19696
19483
19455
19163
19511
19602
19294
19082
19213
19255
19586
19301
19282
19172
19498
19486
19303
19465
19419
19286
19222
19648
19293
19385
19610
19224
19245
19282
19184
19812
19562
19449
19462
19695
19450
19099
19240
19200
19484
19382
19234
19284
19266
19305
19332
18861
18678
19082
19226
18872
19259
19223
19146
19024
19277
19230
19326
19388
19530
19579
19614
19435
19473
19506
19452
19573
19599
19681
19303
19557
19370
19281
19471
19600
19156
19352
19726
19549
19118
19315
19449
19242
19502
19319
19572
19357
19405
19406
19434
19389
19513
19245
19397
19501
19524
19596
19476
19064
19136
19522
19549
19397
19624
19589
19217
19189
19266
19227
19039
18954
19247
19089
19264
18933
18987
19442
19094
19260
19444
19530
19514
19285
19445
18948
19298
19009
19310
19013
19164
19086
19374
19114
19193
19204
19237
19390
19261
19279
19160
19284
19216
19270
19114
19050
19248
18968
19270
19190
19039
18920
19191
18984
18916
19035
19072
19074
19146
18995
18900
19162
19012
18888
18858
19045
19072
19076
18989
19092
19094
18927
18955
18933
19003
19208
19151
18988
18966
18841
18934
18694
18872
19064
18832
18998
19208
18895
18840
18893
19266
18755
18719
18889
18791
18500
18830
18699
18882
18858
18781
18774
18594
18973
18692
18459
18884
18969
18491
18617
18800
18836
18670
18861
18503
18664
18399
18566
18661
18350
18919
18468
18541
18398
18584
18761
18498
18383
18564
18778
18534
18641
18817
18750
18451
18354
18299
18409
18400
18292
18430
18478
18615
18462
18347
18406
18360
18237
18281
18330
18397
18341
18356
18378
18234
18242
18036
18261
18399
18179
18173
18125
17941
18301
18506
18092
18136
18030
17945
17947
17797
17916
17956
18168
18026
18068
18036
17984
17902
18052
18261
17875
17948
18008
17821
17641
17913
17824
18042
18113
18097
17928
17899
17739
17438
17785
17752
17827
17796
17706
17560
17753
17612
17773
17869
17910
17759
17438
17243
17619
17267
17557
17084
17112
17266
16996
17028
17099
17376
17245
17354
17042
17218
17389
17457
17410
17488
17652
17105
17329
17486
17177
17460
17317
17049
17004
17481
17080
17102
16981
17136
16799
17063
17208
17014
17256
17189
17067
17029
16768
16840
17094
16897
17068
16906
16845
17064
16756
16376
16779
16845
17028
16816
17007
17193
16486
16834
16681
16916
16763
16484
16618
16680
16604
16750
16713
16672
16516
16652
16529
16538
16840
16494
16605
16557
16716
16532
16568
16716
16640
16143
16537
16188
16396
16451
16596
16512
16245
16159
16384
16198
16241
16454
16103
16319
16381
16116
16276
16085
16057
16133
15790
16196
15710
15803
15852
15658
15735
15741
15941
15799
15846
15771
15776
15957
15428
15420
15555
15620
15689
15557
15513
15722
15556
15713
15821
15572
15513
15824
15545
15758
15648
15453
15670
15438
15445
15394
16000
15658
15512
15442
15577
15666
15432
15564
15732
15572
14865
15023
15070
14804
14469
14670
14708
14706
14957
14733
14603
15117
15060
15068
15226
15205
15204
15145
14931
14998
15027
15093
15231
14923
14853
14848
15085
14639
14702
14528
14777
14836
14775
14750
14764
14644
14608
14706
14554
14443
14579
14592
14554
14350
14712
14522
14571
14661
14322
14302
14454
14374
14137
14563
14522
14321
14174
14096
14537
14115
14054
13897
13884
13419
13638
13409
13408
13478
13499
13961
13782
13740
13992
14078
14054
13817
13872
13790
14088
13853
13896
13871
13664
13848
13857
13819
13869
13865
13551
13747
13755
13457
13503
13295
13407
13460
13444
13574
13056
13064
13147
13213
13305
13303
13133
13256
13276
13144
13279
13247
13170
13156
13130
13014
13038
13072
13131
13049
13037
12890
12756
13124
12733
12928
12908
12845
12888
12736
12769
12718
12610
12884
12696
12778
12950
12421
12472
12657
13102
12842
12472
12653
12496
12826
12489
12528
12501
12632
12441
12536
12347
12412
12431
12358
12347
12550
12570
12362
12308
12069
12249
12430
12107
12283
12109
12192
12215
12137
12031
12018
12109
12044
11968
12105
11786
11988
11857
11848
12059
12074
11851
11759
11950
11900
11881
11570
11520
11522
11227
11366
11665
11585
11675
11610
11520
11501
11421
11688
11650
11449
11388
11558
11464
11365
11332
11589
11286
11501
11539
11172
11452
11179
11256
11340
11370
11394
11074
11371
11033
11053
10881
11090
11100
11242
10946
11174
11052
10975
10929
11014
10990
11314
11094
10897
10983
10832
10820
10906
10757
10952
10926
10675
10839
10926
10774
10666
10939
10880
10540
10773
10770
10656
10601
10561
10653
10747
10645
10401
10686
10418
10534
10189
10206
10433
10645
10341
10596
10437
10641
10543
10436
10247
10391
10265
10484
10311
10376
10381
10595
10199
10152
10328
10551
10228
10077
10462
10226
10281
10370
10205
10184
10227
10118
10310
10006
10040
10161
10043
10202
10173
10024
10124
10043
9833
10079
10026
10207
9922
9821
9999
9875
9839
9915
9951
9879
9844
9698
9840
9814
9866
9978
10018
9779
9779
9799
9888
9787
9853
9729
9885
9693
9758
9687
9795
9511
9512
9738
9706
9776
9448
9781
9608
9702
9683
9633
9829
9627
9500
9652
9686
9399
9606
9597
9402
9618
9482
9443
9339
9612
9368
9716
9352
9406
9544
9567
9479
9623
9565
9421
9237
9495
9238
9463
9480
9356
9434
9399
9447
9268
9531
9303
9436
9538
9448
9215
9221
9174
9371
9414
9342
9435
9363
9253
9442
9135
9164
9342
9370
9386
9368
9362
9428
9444
9179
9275
9505
9197
9330
9170
9378
9259
9326
9467
9286
9274
9139
9063
9308
9361
9226
9163
9121
9520
9238
9216
9313
9388
9142
9319
9308
9365
9317
9392
9217
9491
9098
9341
9210
9458
9266
9148
9280
9269
9472
9228
9274
9191
9316
9274
9274
9342
9407
9234
9380
9456
9250
9441
9300
9408
9419
9396
9358
9395
9507
9338
9356
9443
9614
9592
9365
9600
9512
9706
9481
9543
9368
9550
9556
9420
9365
9354
9537
9484
9191
9393
9341
9378
9524
9282
9384
9375
9611
9432
9778
9428
9549
9522
9659
9482
9588
9457
9553
9687
9515
9559
9383
9777
9583
9717
9604
9686
9821
9658
9653
9805
9707
9703
9553
9574
9600
9719
9858
9829
9808
9995
10026
9742
9849
9922
10089
10039
10064
9840
10074
10132
9983
9966
10124
10268
9962
10110
9969
10018
10272
10135
10158
10169
9992
10248
10312
10164
10245
10296
10158
10199
10368
10509
10244
10203
10356
10429
10272
10237
10279
10339
10276
10260
10488
10415
10588
10379
10499
10589
10541
10492
10562
10458
10550
10438
10615
10581
10543
10498
10633
10293
10353
10653
10336
10476
10698
10852
10800
10729
10676
10539
10530
10731
10886
10675
10678
10831
10758
10778
10818
10945
11036
10664
11062
10981
11010
11009
10988
10874
11019
11003
10836
11204
11116
11118
11318
11115
11280
11041
11073
11311
11140
11199
11227
11051
10949
11182
11381
11118
11354
11135
11450
11495
11183
11103
11186
11332
11451
11490
11293
11242
11472
11267
11496
11624
11525
11604
11344
11757
11373
11320
11804
11529
11693
11167
11459
11585
11461
11638
11486
11658
11558
11564
11520
11656
11442
11433
11437
11630
11514
11822
11837
11498
11724
11549
11706
11645
11576
11724
11771
11675
11816
11817
11578
11930
11662
11754
11580
11829
11635
11672
11623
11514
11800
12024
11697
11700
11598
11531
11618
11564
11908
11661
11624
11460
11560
11670
11830
11769
11924
12159
12185
12102
12081
11794
11869
12074
11957
12006
12007
12018
11869
12030
11921
11902
11942
11954
11947
12016
12046
12198
12122
12135
12206
11968
11972
12039
11925
12012
11950
12194
11856
12107
12022
12100
12212
12095
11938
12290
12054
11995
12194
11979
11868
12337
12246
12225
12077
12014
12340
12072
12180
12101
11758
11987
12112
12085
12043
11980
11749
12057
12062
12036
12013
12122
11931
12148
12060
12072
12041
11748
11940
11824
11784
11922
11915
11923
12070
11819
12093
12136
11989
11960
11849
11962
12012
12084
11796
11968
11860
11876
12015
12033
11912
12014
11956
12144
11788
12123
11979
11907
11963
11773
11631
11654
11936
11885
11789
11894
11779
11873
11726
11668
11659
11584
11698
11640
11790
11618
11980
11805
11946
11749
11754
11568
11753
11581
11679
11451
11472
11694
11514
11501
11350
11339
11533
11646
11771
11634
11660
11439
11602
11490
11566
11606
11537
11622
11371
11402
11732
11320
11533
11409
11404
11343
11356
11521
11392
11322
11390
11140
11437
10873
11385
11178
11131
11159
11189
11098
11070
11185
11191
10954
11103
11420
11225
11293
10858
11188
11068
10829
10881
10944
11013
11053
10890
10991
11002
10785
10905
10901
10760
10832
11011
10912
10490
10961
10771
10663
10767
10625
10667
10859
10725
10956
10694
10645
10664
10599
10764
10730
10596
10448
10645
10393
10511
10388
10432
10565
10407
10456
10094
10496
10288
10465
10221
10302
10428
10081
10174
10218
10222
10274
10194
10115
10022
9954
10090
10180
9947
9913
9992
9871
9885
9821
9876
9812
9805
9782
9698
9704
9917
9863
9722
9955
9770
9460
9545
9181
9033
9015
9024
9336
9198
9419
9429
9587
9434
9481
9530
9615
9270
9411
9181
9217
9057
9120
9133
9029
8949
8941
9000
8901
8863
8869
9034
8697
8775
8814
8800
8604
8694
8544
8788
8701
8629
8596
8764
8549
8526
8507
8354
8354
8521
8374
8196
8248
8426
8306
8223
8176
8150
8063
8104
8090
8222
8101
7995
7896
7906
8027
7993
7976
7694
7699
7844
7738
7710
7710
7623
7581
7665
7476
7672
7454
7492
7622
7413
7482
7364
7391
7374
7197
7316
7273
7084
7251
7056
7037
7037
7101
7124
7031
7135
7008
6962
6966
7016
6875
6857
6953
6812
6742
6701
6632
6683
6576
6651
6500
6460
6465
6443
6591
6467
6496
6210
6578
6143
6299
6225
6176
6194
6173
6043
6010
6043
6036
5886
6021
5918
5979
5969
5911
5884
5820
5895
5825
5656
5570
5529
5690
5632
5540
5475
5643
5522
5541
5381
5320
5413
5530
5250
5212
5378
5224
5262
5177
5176
4941
5083
5076
4878
5003
5029
4767
4905
4764
4567
4647
4608
4591
4820
4713
4750
4667
4462
4476
4850
4498
4682
4605
4496
4503
4559
4451
4685
4406
4513
4393
4298
4232
4322
4339
4288
4275
4268
4023
4177
4096
4220
4109
4049
4099
4024
4078
4037
4059
4091
3958
4066
4006
3749
3853
3838
3816
3820
3879
3663
3807
3638
3707
3667
3862
3881
3783
3601
3657
3613
3603
3592
3647
3656
3525
3663
3565
3431
3574
3594
3498
3531
3428
3344
3480
3498
3396
3390
3298
3314
3406
3197
3263
3293
3336
3352
3303
3325
3327
3248
