3374
3348
3346
3485
3304
3259
3243
3308
3261
3248
3288
3313
3228
3350
3239
3357
3229
3386
3318
3308
3437
3268
3428
3357
3344
3349
3377
3379
3357
3367
3501
3345
3459
3422
3407
3368
3485
3386
3488
3446
3408
3473
3390
3412
3403
3299
3272
3424
3348
3398
3508
3500
3398
3386
3432
3469
3429
3466
3450
3396
3411
3422
3487
3459
3292
3429
3334
3460
3436
3527
3435
3477
3587
3479
3346
3531
3562
3478
3470
3575
3439
3651
3553
3580
3481
3565
3621
3574
3584
3476
3620
3644
3507
3642
3585
3542
3524
3587
3522
3660
3526
3569
3588
3570
3482
3630
3650
3747
3642
3617
3667
3745
3669
3698
3706
3597
3786
3672
3682
3575
3618
3771
3624
3690
3693
3861
3745
3879
3739
3744
3673
3654
3781
3612
3744
3585
3705
3662
3750
3753
3747
3712
3781
3684
3759
3663
3796
3784
3736
3877
3843
3817
3819
3744
3804
3980
3815
4035
3998
3864
3855
3853
3872
3891
3775
4004
3809
3786
3779
3771
3813
3919
3888
3839
3734
3909
4046
3899
3821
3924
3883
3978
3943
3911
4032
4018
3841
3936
3898
3703
3821
3993
3910
3945
3857
3942
3928
4017
4007
3962
3855
3885
4114
3894
3892
3913
3986
4110
3994
4080
4067
3876
3972
4012
4035
4227
4117
4094
4031
3976
4075
4242
4026
4077
3997
3980
4070
4009
4156
4002
4054
4115
4049
4119
4169
4248
4143
4157
4133
4160
4289
4144
4058
3998
4277
4098
4159
4298
4198
4061
4237
4317
4202
4239
4332
4209
4252
4073
4187
4340
4170
4300
4235
4274
4204
4305
4347
4302
4288
4274
4423
4261
4384
4266
4324
4337
4341
4441
4379
4431
4374
4140
4360
4283
4379
4348
4291
4307
4346
4283
4301
4386
4395
4563
4555
4584
4344
4436
4374
4326
4379
4456
4442
4488
4328
4631
4517
4477
4626
4474
4590
4668
4658
4482
4544
4499
4538
4539
4472
4513
4500
4499
4579
4439
4373
4419
4541
4713
4602
4586
4578
4524
4574
4595
4684
4609
4595
4660
4676
4748
4625
4649
4659
4642
4677
4630
4669
4523
4655
4545
4571
4729
4614
4601
4650
4768
4729
4681
4786
4642
4745
4848
4776
4692
4755
4636
4633
4638
4806
4736
4739
4826
4702
4820
4969
4880
4794
4823
4642
4906
4812
4830
4807
4947
4718
4909
4833
4900
4847
4831
4930
4880
4853
4936
4865
4758
4802
5012
4984
4998
4937
4936
5059
4872
4975
5056
4936
5050
4888
4909
4964
4922
4993
5164
5032
4992
4942
4949
5036
5062
5038
5049
5164
5157
5012
5052
5143
5092
5154
4982
5067
5122
5140
5167
5103
5180
5145
5139
5236
5122
5199
5213
5124
5120
5288
5243
5102
5242
5279
5397
5053
5298
5200
5380
5208
5380
5339
5336
5277
5395
5239
5282
5445
5216
5321
5277
5274
5228
5329
5204
5195
5171
5353
5422
5491
5241
5452
5438
5299
5359
5509
5484
5324
5403
5504
5460
5610
5302
5496
5505
5405
5490
5384
5468
5507
5581
5646
5450
5515
5378
5565
5626
5516
5525
5557
5350
5495
5399
5546
5691
5613
5563
5584
5566
5740
5557
5653
5621
5565
5605
5660
5679
5611
5637
5657
5659
5592
5773
5522
5802
5862
5757
5700
5703
5694
5848
5696
5785
5713
5738
5886
5981
5693
5910
5889
5810
5949
5959
5847
5881
5906
5833
6058
6010
5758
5866
5886
5983
5884
5733
5862
6017
5910
5877
5862
5982
5890
5998
5917
6020
6140
6033
6071
5998
6053
6177
5946
6058
5991
6172
5812
5996
5969
6186
6118
6286
5989
6143
6145
6277
6315
5936
6209
6087
6258
6272
6178
6157
6212
6097
6128
6147
6299
6323
6231
6309
6070
6358
6186
6373
6229
6233
6345
6201
6272
6410
6426
6347
6470
6297
6437
6307
6254
6192
6349
6056
6285
6441
6255
6233
6059
6146
6181
6237
6476
6449
6511
6542
6512
6426
6764
6562
6480
6690
6756
6564
6657
6668
6545
6528
6627
6592
6551
6529
6717
6545
6455
6687
6406
6732
6552
6680
6654
6557
6812
6638
6848
6580
6731
6980
6638
6620
6612
6698
6827
6740
6644
6656
6757
6797
6717
6626
6889
6870
6835
6956
6835
6973
6850
6893
6731
6864
6865
6906
6824
6724
6889
6928
6884
6919
6895
7061
6791
6760
6937
6876
6919
7128
6938
6893
7069
7128
7050
7321
7195
6993
7129
6958
7208
7093
7226
7189
7315
7096
7338
7175
7211
7122
7214
7156
7166
7253
7312
7218
7362
7297
7177
7210
7346
7378
7282
7458
7106
7544
7298
7492
7270
7468
7412
7277
7410
7459
7349
7421
7499
7471
7577
7524
7455
7413
7532
7664
7610
7363
7488
7667
7349
7428
7583
7486
7531
7618
7728
7574
7554
7580
7745
7545
7758
7495
7695
7658
7540
7747
7529
7656
7701
7678
7542
7705
7733
7840
7729
7694
7729
7900
7783
7816
7873
7937
7878
8047
7787
7857
8009
8062
7574
7913
7797
7955
7886
7961
8118
8059
8023
8230
8187
7993
8177
8063
7953
7981
8052
8023
8067
8163
8257
8083
8216
8092
8247
8139
8153
8048
8130
8001
8071
8011
8173
8205
8126
8281
8192
8217
8366
8164
8298
8324
8370
8420
8339
8421
8662
8379
8536
8515
8323
8537
8483
8682
8455
8625
8364
8533
8563
8528
8651
8613
8694
8488
8642
8686
8425
8697
8554
8631
8536
8597
8608
8698
8678
8492
8549
8693
8884
8510
8516
8712
8754
8718
8631
8813
8671
8392
8660
8653
8518
8812
8827
8765
8935
8993
8664
9011
8845
8977
8968
8964
9004
8989
8970
9227
9003
9031
8954
8915
9002
8996
9163
9212
9250
9050
9211
9071
9232
9211
9087
9029
9281
9154
9153
9140
9348
9028
9311
9378
9420
9178
9242
9472
9391
9402
9450
9213
9432
9496
9447
9453
9346
9246
9429
9369
9410
9401
9421
9406
9407
9250
9508
9492
9547
9537
9612
9648
9682
9598
9568
9506
9355
9796
9641
9655
9718
9682
9516
9608
9603
9599
9644
9685
9580
9456
9561
9824
9667
9842
9749
9691
9666
9883
9882
10006
9881
9931
9816
9977
9684
10200
9878
10177
9951
10108
9982
9951
9924
9918
10001
9916
9900
9989
9854
10006
9702
9981
10003
10180
10148
10248
10207
10463
10056
10316
10290
10352
10318
10201
10270
10316
10294
10122
10063
10223
9965
10030
10111
10139
10143
10111
10124
10262
10204
10298
10325
10406
10421
10646
10512
10562
10561
10466
10762
10580
10621
10725
10472
10733
10593
10634
10496
10616
10556
10550
10614
10736
10745
10523
10735
10656
10333
10531
10415
10445
10357
10724
10527
10238
10541
10457
10618
10768
10926
10824
10921
10867
10994
10954
11277
10716
10999
10867
10743
10997
10986
10640
10389
10284
10226
9942
9685
9482
9315
9087
9213
8930
8882
8935
9446
9661
9792
10078
10645
10941
11014
11382
11371
11483
11576
11394
11406
11187
11423
11499
11332
11564
11598
11332
11449
11319
11520
11483
11302
11424
11598
11670
11549
11595
11528
11587
11645
11554
11369
11088
11501
11492
11525
11608
11756
11591
11654
11746
11666
11922
11699
11803
11880
11991
11756
11713
11803
11712
11530
11902
11587
11694
11544
11895
11764
11649
11673
11766
11819
11733
11874
11894
11773
12024
11821
11586
11839
11956
11848
11914
11916
12217
11814
11974
12151
12113
11909
12049
12090
12051
12253
12287
11885
11776
12036
12090
12023
11852
12231
12119
12328
12197
12139
12237
12257
12009
12324
12307
12284
12276
12316
12283
12369
12052
12176
12544
12357
12512
12458
12532
12650
12456
12521
12532
12703
12548
12774
12895
12800
12538
12504
12536
12672
12920
12833
12665
12823
12773
12565
12733
12773
12614
13190
12673
13065
12958
12870
12979
12666
12521
12442
12242
12365
12388
12092
12234
12158
12069
12169
12488
12613
12720
13006
13244
13229
13211
13370
13188
13093
13158
13455
13194
13430
13102
13116
13421
13509
13194
13206
13385
13064
13259
13366
13233
13388
13482
13442
13506
13448
13163
13540
13369
13357
13217
13460
13349
13498
13413
13337
13377
13273
13482
13635
13520
13644
13534
13484
13684
13704
13515
13586
13711
13508
13842
13531
13510
13707
13595
13955
13692
13568
13845
13719
13645
13851
13626
13557
14080
13952
14084
14114
14030
14125
13899
13644
14084
14054
13953
13731
13865
14092
13892
14179
14226
14029
14311
14061
14336
14091
14426
14079
13893
14112
14386
14405
14365
14033
14249
14252
14481
14592
14165
14250
14555
14340
14281
14422
14627
14500
14364
14504
14570
14346
14396
14469
14577
14752
14336
14534
14625
14807
14400
14512
14699
14757
14465
14922
15042
14767
14804
14777
14890
14606
14861
14695
15098
14681
14696
14803
14820
15146
14872
14892
14964
14848
14746
15003
15145
14982
14872
15139
15156
14944
15040
15301
15275
15388
15020
14999
15005
15047
15074
14987
15147
15094
15113
15103
15051
14936
14899
15350
15160
15535
15280
14962
15188
14898
15177
15456
15366
15343
15364
15561
15370
15366
15443
15364
15349
15357
15299
15372
15295
15126
15322
15134
15062
15499
15239
15281
15344
15212
15648
15861
15687
15648
15733
15622
15571
15789
15685
15527
15586
15586
15714
15770
16065
15893
15932
15837
15791
15834
16141
16000
15771
15808
15803
15801
15712
15933
15844
15616
16063
15837
16166
15983
16180
16055
16038
16122
16071
16522
16061
16250
16148
16252
16010
16155
16218
16243
16058
16148
16101
16083
16351
16357
16282
16214
16104
16222
15923
16270
15979
16634
16514
16063
16314
16077
16430
16292
16475
16331
16377
16742
16640
16360
16330
16495
16462
16676
16562
16384
16390
16457
16646
16531
16805
16353
16554
16714
16772
16704
16578
16693
16537
16731
16954
16589
16512
16788
16628
16852
16676
16557
16745
16548
16691
16842
16714
16856
16607
16904
16711
16479
16982
17046
16983
17113
16778
17074
16978
16918
17142
16736
16943
16874
16827
16885
17248
16969
16936
16612
17141
17049
16834
17295
17337
17172
17017
16832
16935
17124
17109
17269
17141
17469
17088
17185
17222
17431
17265
17432
17514
17322
17282
17348
17306
17005
17332
17285
17420
17181
17181
17572
17097
17179
17213
17428
17046
17391
17462
17559
17271
17408
17284
17536
17334
17677
17496
17362
17366
17676
17390
17513
17664
17742
17404
17398
17468
17557
17548
17536
17454
17818
17556
17809
17640
17580
17555
17776
17623
17544
17780
18022
17937
17668
17600
17273
17343
17333
17305
17559
17115
17076
17176
17429
17604
17881
18046
17978
17988
17596
17970
17920
17800
17940
17812
17856
17816
17855
17973
17787
17690
17729
18228
18084
18168
17613
17986
18122
17960
17910
18039
18085
17970
18059
17949
17970
17968
17942
17880
18064
18310
18060
17756
18154
18125
18058
17952
18242
18356
18325
18049
17886
18351
18472
18340
18201
18174
18354
18031
18112
18107
18305
18091
18322
18420
18378
18272
18526
18128
18651
18157
18284
18358
18018
18085
18632
18280
18478
18253
18587
18451
18408
18414
18475
18324
18605
18583
18481
18543
18541
18592
18532
18343
18574
18384
18535
18565
18634
18730
18637
18480
18506
18805
18520
18893
18673
18540
18442
18660
18698
18937
18923
18688
18604
18500
18588
18729
18452
18752
18727
18821
18887
18762
18622
18717
18665
18592
18891
18908
18814
18891
18728
18760
18890
18750
18741
18706
19001
19057
18795
18879
18944
18523
18923
18607
18705
18941
18996
19120
18732
18665
19054
18927
18952
18841
19221
19288
18888
18891
19024
18981
18939
18836
19291
19040
19338
19188
19305
19289
19236
19023
19087
18855
19206
19317
18691
19062
19085
18879
19109
18937
18939
18944
19078
18760
19041
19482
19174
19337
19256
19057
19290
19018
19289
19446
18964
19208
19184
19116
19097
19164
19132
19140
19258
19167
19095
18865
19100
19080
19549
18997
19290
19366
19390
19264
19401
19082
19513
19344
19353
19020
19186
19298
19245
19341
19148
19018
19517
19018
19225
19108
19234
19254
19067
19285
19642
19041
19204
19397
19470
19129
19397
19336
19578
19558
19448
19226
19221
19162
19227
19407
19069
19288
19401
19746
19391
19250
19258
19556
19371
19203
19444
19424
19191
19435
19191
19294
19508
19532
19486
19528
19259
19677
19673
19394
19684
19388
19350
19797
19676
19387
19653
19666
19748
19626
19842
19592
19544
19285
19122
19557
19841
19194
19488
19326
19469
19698
19390
19338
19386
19440
19572
19183
19494
19416
19034
19322
19433
19384
19216
19412
19501
19362
19576
19312
19190
19182
19460
19529
19449
19266
19428
19338
19336
19503
19433
19412
19298
19417
19721
19167
19266
19063
18960
18777
18936
19213
18954
19066
19102
19059
19076
19134
19238
19275
19291
19512
19596
19400
19540
19398
19893
19636
19386
19398
19336
19513
19501
19332
19518
19143
19368
19232
19930
19479
19515
19586
19732
19516
19483
19336
19301
19556
19406
19554
19618
19408
19642
19560
19584
19308
19381
19451
19818
19492
19490
19430
19117
19421
19268
19784
19478
19244
19315
19065
19235
19131
19180
19474
19311
19267
19227
18992
19136
19009
19231
19021
19254
19208
19238
19239
19402
19385
19077
19354
19110
19089
19116
19352
19080
19160
19042
19042
19113
18914
19266
19228
19355
18976
19074
19160
18816
19012
19128
18948
19117
19167
19240
19044
19054
19233
18714
19023
18995
18788
18992
18916
18988
18748
18728
19021
18820
18948
18947
19028
18957
18990
19159
18827
18852
19060
19072
18723
18828
18658
18758
18960
18660
18922
18884
18627
18759
18820
18760
18820
18772
18698
18836
19067
18964
18893
18651
18652
18634
18738
18496
18961
18932
18674
19147
18957
18448
18939
18655
18723
18697
18648
18624
18575
18448
18578
18447
18388
18345
18280
18480
18439
18541
18809
18367
18766
18332
18550
18725
18535
18474
18591
18574
18356
18704
18350
18381
18496
18232
18570
18370
18109
18299
18124
18484
18394
18334
18232
18419
18257
18324
18166
18301
18409
18262
18287
18265
18179
18080
18170
18184
18107
18158
18128
18331
18261
18166
18258
18306
18120
17682
17954
17984
18366
17810
17851
17954
18159
17904
18109
17908
18099
17855
17875
18211
18131
17849
18114
17587
17623
17768
17764
17736
17812
17798
17657
17867
17793
17791
17857
17612
17684
17815
17816
17682
17761
17504
17758
17489
17410
17542
17337
17393
17174
17192
17286
17228
17271
17333
17261
17293
17181
17290
17230
17358
17343
17404
17111
17340
17163
17437
17256
17382
17268
17062
17138
17140
17461
17097
17054
17463
17410
17192
17372
17221
17075
16885
17002
16861
16883
16835
17073
16877
16897
16855
16960
17024
16858
16707
16770
16689
16916
16905
16917
17029
16697
16678
16512
16859
16753
16834
16841
16353
16872
16559
16538
16612
16580
16573
16724
16585
16457
16545
16505
16357
16640
16346
16512
16459
16706
16501
16479
16572
16388
16312
16328
16472
16368
16269
16541
16122
16228
16533
16298
16033
15912
16194
16232
15928
16122
16388
15994
16000
15813
15885
15718
15802
15933
15780
15646
15767
15922
16104
15836
16013
15752
15770
15498
15399
15556
15611
15599
15771
15494
15802
15656
15588
15757
15628
15618
15693
15717
15548
15734
15449
15476
15352
15309
15306
15426
15401
15535
15470
15375
15590
15626
15405
15451
15235
15021
15264
14626
14608
14760
14819
14706
14896
14523
14836
14688
14829
14840
14943
14978
15139
15188
14990
14962
15134
14844
15016
14560
14690
15067
14851
14698
14777
14758
14586
14756
14609
14592
14750
14771
14848
14680
14690
14405
14550
14335
14299
14430
14635
14404
14574
14376
14456
14357
14446
14475
14093
14260
14141
14225
14231
14127
14144
14450
13959
13784
13527
13545
13617
13515
13502
13700
13679
13673
13689
13605
13725
13962
14081
13864
13963
13960
13983
13592
13900
13658
13782
13658
13965
13580
13603
13781
13596
13663
13675
13341
13519
13522
13533
13403
13468
13374
13235
13310
12968
13171
13186
13015
13084
13110
12965
13033
13189
13195
13145
13192
13061
13169
13011
12851
12982
13081
12877
12772
12932
12856
12888
12918
12548
12795
12573
12690
12910
12813
12664
12747
12649
12448
12610
12654
12360
12675
12481
12416
12552
12795
12539
12267
12383
12559
12380
12171
12153
12290
12444
12129
12107
12257
12181
12192
12424
12131
12090
12191
12238
11997
12238
12175
11871
11917
12100
12250
11974
11854
11983
11922
11941
11822
11936
11894
11928
11952
11678
11860
11687
11798
11822
11556
11694
11444
11459
11449
11076
11138
11337
11152
11271
11223
11335
11495
11252
11525
11274
11389
11226
11273
11059
11229
11354
11233
11178
11159
11262
11103
11276
11073
11069
11116
11032
10990
10989
11037
10791
10735
11140
11013
11052
10914
10934
10827
10719
10791
11002
10629
10908
10852
10610
10659
10824
10874
10625
10680
10602
10605
10695
10474
10829
10333
10452
10480
10771
10651
10478
10531
10392
10223
10408
10302
10309
10438
10233
10298
10266
10325
10276
10297
10218
10205
10277
10175
10040
10228
10101
10233
10090
10235
10118
10169
10213
10204
10042
10085
9743
9931
10003
10079
10075
9970
9901
9734
9869
9917
9941
9731
9740
9817
9782
9734
9837
9598
9777
9709
9762
9685
9740
9822
9839
9736
9776
9615
9724
9736
9490
9548
9449
9434
9568
9735
9395
9529
9672
9485
9590
9427
9507
9495
9229
9115
9492
9345
9355
9326
9293
9434
9090
9270
9356
9386
9265
9344
9362
9105
9158
9087
9234
9105
9060
9002
9126
9232
9147
9056
9179
9276
9046
9293
9204
9190
8978
9056
8960
9209
8960
9309
9181
8850
9004
9038
9113
9148
9035
8895
8762
8883
8912
8818
9182
8827
8858
8650
8739
8795
9059
9097
8701
8699
8765
8832
8713
9024
8718
8768
8865
8776
8878
8806
8787
8734
8643
8861
8764
8794
8738
8794
8566
8638
8616
8720
8695
8768
8574
8666
8722
8660
8628
8689
8676
8598
8412
8691
8614
8541
8658
8859
8583
8732
8584
8614
8522
8628
8626
8681
8817
8764
8716
8613
8567
8744
8343
8377
8454
8505
8544
8713
8669
8631
8456
8545
8614
8480
8390
8503
8520
8717
8448
8482
8636
8604
8521
8420
8585
8620
8526
8463
8654
8313
8468
8548
8650
8505
8643
8662
8690
8570
8677
8501
8505
8657
8522
8707
8649
8599
8540
8561
8439
8576
8740
8709
8795
8609
8724
8554
8671
8391
8385
8755
8618
8709
8589
8599
8580
8408
8437
8606
8548
8822
8541
8631
8578
8532
8591
8342
8441
8648
8695
8360
8516
8541
8566
8502
8490
8537
8596
8515
8765
8746
8713
8990
9019
8784
8852
8794
9122
8737
8692
8673
8985
8753
8962
8925
8786
8816
8799
8884
8877
8872
8954
8726
9106
8896
8861
8853
9031
9016
8820
9035
9047
9177
8781
8941
8982
8972
9014
8952
9078
9041
8968
9081
9103
8977
8985
8988
9011
9130
9225
9062
9142
9063
9150
9306
9175
9303
9158
9043
9037
9053
9044
9118
9124
9030
9043
9111
9346
9341
9047
9245
9301
9263
9275
9422
9377
9374
9221
9483
9182
9437
9296
9281
9328
9389
9413
9467
9429
9373
9441
9332
9344
9634
9473
9413
9461
9566
9611
9488
9386
9460
9475
9460
9658
9235
9487
9467
9812
9433
9581
9605
9465
9478
9135
9577
9515
9423
9333
9700
9436
9820
9610
9696
9650
9626
9652
9648
9945
9861
9742
9750
9776
9711
9655
9590
9674
9570
9665
9761
9736
9621
9688
9818
9675
9600
9593
9613
9577
9761
9948
9764
9661
9590
9710
9861
9617
9813
9804
9695
9964
9932
10004
9774
9668
9849
9827
9869
9764
9844
9826
9557
9741
9761
9901
9934
9772
9982
9836
9896
9588
9763
9912
9814
9735
9833
9715
9661
9707
9777
9770
9973
10058
10053
10027
9826
10036
10261
9773
9732
10125
10018
10145
10089
9962
10039
9959
10045
9826
10123
10048
9952
9817
10008
9754
9981
9853
10049
9816
9843
9916
9966
10060
10061
9856
10160
10311
10035
9949
10011
10058
9870
10055
10110
9905
9992
10230
9872
10104
9942
10028
9914
10061
9940
9954
9975
10162
10201
9986
10153
9964
9955
9995
10234
9999
9876
10183
9908
10071
9986
9949
10028
10030
9882
10130
10031
9827
9898
9992
9928
10322
9787
10133
9908
9876
9964
9802
9890
9875
9980
9847
9854
9895
9754
9996
9991
9915
9873
10022
9793
9647
9801
9978
10122
9822
9976
9693
9731
9663
9778
9915
9773
9690
9854
9696
9866
9731
9831
9736
9847
9713
9714
9733
9628
9617
9563
9772
9720
9567
9750
9497
9457
9621
9661
9356
9738
9455
9660
9456
9649
9424
9474
9578
9618
9414
9485
9405
9660
9736
9654
9571
9500
9599
9609
9666
9506
9467
9350
9460
9374
9369
9515
9439
9251
9418
9204
9247
9259
9161
9283
9340
9122
9266
9309
9363
8976
9032
9278
9315
9181
9060
8943
9286
9240
8981
9014
9054
8921
9052
9047
8982
9055
9241
8925
8986
9060
9060
8936
9035
8821
8866
8681
8998
8826
8778
8840
9012
8961
8971
8762
8906
8633
8774
8722
8890
8753
8682
8550
8897
8618
8737
8645
8544
8494
8448
8664
8555
8559
8406
8519
8718
8484
8653
8324
8480
8300
8359
8379
8346
8246
8387
8365
8362
8094
8326
8308
8302
8119
8113
8116
8166
8177
8243
8195
8305
8083
8063
7997
8009
8140
8007
7821
7511
7549
7383
7720
7730
7807
7664
7948
7836
7995
7901
7797
7906
7617
7656
7732
7532
7719
7764
7534
7620
7474
7441
7541
7436
7408
7468
7286
7324
7310
7276
7233
7287
7299
7157
7353
7473
7288
7385
6884
7062
7121
7117
7056
7003
7022
6971
7025
6988
6828
6785
6771
6857
6809
6611
6663
6903
6713
6741
6658
6549
6595
6632
6557
6539
6615
6578
6393
6534
6292
6264
6355
6564
6479
6373
6351
6210
6392
6234
6302
6225
6176
6244
6308
6075
6140
6066
6261
6143
5930
6028
5972
5951
6021
5891
5801
5882
5761
5908
5785
5786
5676
5888
5764
5659
5606
5768
5685
5634
5590
5507
5468
5372
5679
5498
5440
5252
5509
5468
5432
5489
5372
5325
5418
5153
5394
4989
5069
5124
5119
5174
5201
5076
4924
4981
5037
5027
4919
4899
4868
4770
4776
4965
4799
4791
4756
4672
4525
4740
4770
4660
4757
4575
4506
4452
4514
4533
4553
4456
4430
4449
4329
4502
4283
4275
4439
4141
4085
4080
4077
4134
4095
4050
4197
4102
4040
4020
4030
4049
4022
4032
4036
4070
4014
4034
3996
3899
3968
3937
3857
3919
3856
3853
3768
3766
3876
3797
3809
3778
3615
3722
3524
3669
3665
3706
3650
3716
3709
3469
3444
3507
3583
3551
3445
3447
3548
3412
3550
3380
3309
3443
3444
3481
3302
3490
3309
3237
3244
3231
3284
3251
3249
3165
3173
3194
3245
3231
3160
3200
3202
3243
3277
3161
3174
3104
3162
3014
3112
3132
3096
2996
3090
3062
3055
3029
2986
3073
3096
2993
3026
