3322
3410
3236
3290
3485
3305
3288
3322
3379
3287
3379
3380
3224
3427
3231
3542
3444
3472
3381
3334
3298
3410
3411
3403
3299
3411
3463
3348
3429
3412
3488
3231
3368
3370
3437
3435
3399
3434
3467
3354
3483
3357
3459
3394
3406
3416
3442
3497
3489
3426
3636
3503
3426
3461
3390
3535
3409
3556
3424
3514
3588
3379
3472
3502
3534
3522
3546
3491
3427
3632
3455
3479
3515
3444
3495
3657
3507
3556
3499
3554
3541
3584
3581
3543
3499
3541
3759
3590
3594
3568
3661
3571
3691
3696
3673
3685
3556
3679
3532
3618
3583
3610
3765
3597
3603
3733
3661
3638
3668
3666
3816
3663
3680
3640
3660
3701
3704
3850
3792
3775
3655
3581
3508
3651
3691
3712
3591
3845
3789
3734
3764
3694
3735
3570
3806
3744
3809
3748
3809
3744
3784
3737
3706
3772
3815
3859
3782
3732
3812
3670
3826
3850
3886
3899
3684
3897
3835
3839
3781
3844
3818
3831
3778
3902
3853
3874
3841
3745
3962
3920
3865
3904
3877
3758
3868
3773
3906
3914
3930
3960
3892
3911
3915
3900
3893
3878
3989
3807
4103
3976
4018
4051
3916
3940
3899
3989
3902
3814
4018
4026
3965
3998
3892
3993
3814
3999
4096
4011
3926
4110
3976
4025
4114
3870
4163
3921
4000
4016
4066
3909
4056
4195
4036
4050
4096
4094
4111
4145
4002
4137
4044
4102
3984
4153
4053
3961
4018
4141
4323
4153
4167
4250
4203
4150
4137
4148
4222
4211
4333
4186
4147
4139
4204
4166
4311
4187
4207
4187
4390
4311
4243
4209
4313
4321
4289
4298
4352
4295
4287
4243
4357
4269
4354
4282
4254
4319
4369
4419
4308
4171
4269
4459
4368
4426
4329
4334
4433
4245
4435
4349
4479
4501
4395
4409
4465
4362
4547
4444
4353
4379
4391
4504
4493
4498
4482
4660
4401
4524
4478
4469
4541
4640
4543
4722
4487
4638
4534
4713
4669
4501
4605
4461
4463
4597
4665
4429
4573
4618
4456
4518
4578
4625
4631
4625
4655
4670
4703
4641
4650
4636
4683
4603
4653
4549
4598
4757
4666
4523
4589
4481
4588
4657
4802
4803
4593
4582
4748
4728
4698
4633
4593
4844
4868
4785
4802
4866
4741
4781
4752
4830
4733
4672
4836
4844
4933
4774
4923
4876
4850
4684
4916
4855
4874
5032
4852
5010
4910
5018
4986
5034
4864
4913
4907
4851
5026
4981
4920
4930
4839
4988
4827
5145
4842
4943
4831
4836
5098
4966
5029
4936
4981
4926
5142
5003
5020
5057
4961
4979
5196
4921
5109
5123
5051
5122
4816
5089
5202
5094
5073
5154
5017
5219
5096
5239
5130
5161
5213
5266
5211
5283
5214
5232
5260
5198
5196
5256
5263
5401
5220
5441
5179
5285
5266
5255
5337
5310
5298
5248
5365
5217
5192
5275
5528
5406
5204
5318
5266
5418
5354
5285
5297
5533
5402
5456
5432
5378
5401
5641
5312
5403
5269
5344
5333
5329
5250
5359
5563
5325
5489
5423
5506
5466
5700
5372
5577
5705
5455
5696
5657
5618
5610
5664
5447
5620
5432
5492
5680
5613
5458
5791
5594
5670
5484
5650
5796
5533
5538
5734
5600
5546
5764
5752
5720
5800
5647
5694
5752
5815
5717
5744
5818
5697
5799
5681
5910
5716
5621
5847
5931
5704
6016
5859
5841
5864
5844
5673
5943
5896
5724
5879
5988
5930
6010
5920
5930
6029
5917
5920
5931
5951
5981
5924
6115
5972
6013
6016
5982
6088
5936
5902
6012
5876
6171
6136
5874
6159
6074
6119
6160
6072
6150
6212
6145
6069
6167
6197
6122
6120
6092
6221
6177
6137
6150
6197
6077
6118
6328
6253
6192
6270
6198
6021
6228
6328
6131
6165
6320
6210
6331
6250
6285
6436
6261
6233
6388
6206
6311
6489
6354
6534
6323
6269
6363
6281
6297
6221
6320
6189
6353
6153
6248
6237
6315
6303
6506
6588
6656
6674
6499
6477
6382
6544
6605
6494
6617
6510
6558
6667
6612
6466
6603
6668
6768
6722
6661
6735
6508
6599
6501
6518
6629
6657
6600
6757
6666
6588
6714
6767
6661
6661
6698
6739
6842
6869
6684
6822
6829
6779
6745
6858
6732
6766
6666
6879
6759
6761
6799
6768
6765
7015
6839
6870
6995
6832
7006
6811
6790
6876
6877
6921
6908
6818
6784
6731
7018
6765
6834
7052
6904
7087
7034
7102
7202
7192
7013
6993
7151
7188
7153
7230
7202
7320
7341
7098
7307
7381
7262
7314
7195
7284
7326
7336
7136
7254
7215
7402
7335
7330
7384
7252
7407
7287
7288
7441
7389
7313
7305
7294
7418
7562
7409
7188
7408
7552
7711
7477
7335
7376
7575
7738
7371
7511
7366
7444
7568
7604
7450
7642
7730
7522
7594
7492
7711
7663
7805
7606
7635
7565
7706
7601
7711
7518
7787
7754
7730
7816
7732
7654
7817
7762
7661
7817
7846
7764
7922
7710
7703
7665
8113
7770
7830
7794
7839
8008
7910
7996
7847
7926
7809
7794
8091
7958
8202
7954
7952
8010
7986
8067
8037
8012
7960
8018
7981
7965
7942
8153
8224
8139
8231
8227
7996
8223
8168
7953
8010
8172
8139
8251
8213
8068
8389
8267
8123
8163
8317
8448
8218
8332
8349
8351
8472
8503
8230
8308
8304
8383
8373
8655
8489
8500
8407
8575
8280
8424
8268
8491
8604
8593
8597
8670
8576
8561
8652
8678
8647
8622
8613
8616
8621
8714
8699
8640
8852
8683
8958
8837
8716
8683
8708
8624
8526
8732
8395
8536
8690
8752
8833
8858
8720
8822
9015
8875
9078
8995
9047
9010
8927
8922
9015
9002
8919
9037
8982
9136
9141
9000
9209
9232
9261
9168
9194
9011
9244
9253
9095
9227
9278
9373
9096
9241
9113
9241
9393
9296
9361
9387
9350
9301
9598
9463
9496
9376
9163
9459
9524
9111
9318
9466
9291
9364
9486
9450
9217
9492
9322
9401
9402
9353
9771
9407
9434
9599
9476
9508
9644
9591
9656
9458
9714
9792
9512
9631
9771
9642
9782
9738
9534
9536
9840
9521
9740
9769
9766
9798
9685
9757
9640
9785
9608
9996
9808
9925
9819
9989
9966
9837
9905
9880
9850
9941
10094
10030
9957
9914
10164
9865
9895
9971
9933
10073
9882
10083
10120
10286
9895
10054
10253
10003
10252
10349
10372
10379
10161
10254
10208
10467
10312
10340
10312
10316
10313
10147
10069
10264
10140
9889
10138
10199
10135
10319
10689
10396
10580
10597
10463
10345
10405
10569
10653
10563
10589
10501
10309
10661
10625
10644
10475
10729
10735
10660
10637
10736
10552
10561
10773
10709
10427
10484
10638
10553
10453
10485
10437
10344
10333
10402
10650
10870
10554
10795
10595
10768
10776
11063
10912
10902
10712
10874
10774
10837
10841
10957
10894
10760
10607
10230
10052
9933
9742
9580
9532
9107
8889
8709
8980
9156
9427
9547
10031
10276
10513
10888
11068
11525
11584
11488
11481
11583
11562
11434
11562
11180
11344
11376
11510
11425
11356
11460
11428
11301
11163
11396
11340
11457
11752
11300
11387
11452
11399
11376
11416
11438
11337
11276
11650
11545
11262
11579
11625
11599
11639
11612
11645
11860
11802
11784
11621
11824
11876
11629
11925
11535
11881
11895
11936
11599
11887
11435
11861
11513
12020
11997
11768
11798
11838
11773
11856
11788
11992
12002
11944
12027
11922
11891
12116
12005
12202
12055
12083
12045
11974
12374
12215
12148
12246
12106
11921
11895
12078
12235
12417
12202
12125
12261
12251
12394
11992
12041
12385
12484
12313
12276
12232
12344
12304
12437
12308
12348
12381
12349
12514
12401
12509
12250
12645
12696
12605
12391
12516
12685
12677
12651
12526
12313
12755
12692
12886
12921
12604
13007
12701
12789
13025
13028
12973
12906
13024
12997
12762
12789
12556
12457
12762
12590
12421
12312
12185
12159
11917
12169
12132
12460
12749
12846
13009
13065
13293
13114
12754
13084
12965
13115
13129
13406
13172
13446
13540
13301
13585
13158
13279
13324
13352
13382
13589
13656
13376
13110
13540
13426
13510
13244
13415
13257
13512
13586
13396
13472
13600
13498
13348
13344
13423
13684
13477
13677
13708
13487
13605
13472
13521
13699
13370
13804
13627
13693
13575
13576
13482
13914
13571
13780
13828
13970
13613
13818
13856
13623
13623
13960
13930
14034
13841
13683
13880
13952
14084
13682
13927
13993
14271
14101
13998
14078
14060
14116
14137
14054
14164
14016
14061
14035
14228
14125
14106
14183
14353
14280
14093
14149
14468
14303
14236
14222
14443
14398
14228
14277
14558
14391
14600
14328
14362
14510
14682
14228
14328
14584
14388
14840
14509
14438
14661
14432
14687
14644
14713
14496
14601
14717
14655
14539
14813
14908
14764
14732
14890
14989
14867
14840
14828
14994
14729
14936
14939
14930
14958
14945
14971
15146
14883
14921
14861
14748
14970
14862
14931
15126
14948
15334
15196
14880
15204
15015
15229
15195
15293
14950
14969
14839
14988
15046
15074
15562
15108
15204
15070
15200
15247
14932
15318
15368
15419
15462
15403
15573
15099
15482
15160
15226
15305
15380
15334
15273
15092
15544
15087
15347
15408
15497
15521
15349
15323
15919
15609
15642
15773
15737
15708
15724
15659
15732
15566
15728
15608
15606
15550
15716
15848
16007
15877
15546
15826
15876
15882
15895
15698
15924
15900
15718
15800
16091
15978
15982
16047
16312
15989
16052
15855
16170
16130
16218
15915
16128
16093
16234
16196
16061
16244
16075
16119
16264
16067
16190
16341
16080
16249
16181
16357
16384
16114
16472
16267
16322
16384
16534
16064
16208
16468
16414
16356
16099
16230
16368
16177
16172
16416
16559
16395
16590
16546
16443
16523
16616
16560
16684
16418
16645
16809
16330
16559
16645
16860
16668
16962
16375
16832
16288
16548
16558
16689
16696
16769
16876
16821
16618
16552
16964
16808
16772
17082
16696
16792
16650
16763
16822
16783
16526
16848
16965
16822
16777
17029
16820
17000
16774
16922
16954
16930
16849
16653
17087
16958
16815
16929
17044
17242
16778
16876
17071
17130
16706
17260
17102
17225
17011
17435
17158
17316
17166
16934
17221
17223
17137
17282
17363
17024
17309
17309
17490
17032
17324
17262
17466
17428
17040
17306
17404
17454
17265
17419
17553
17147
17490
17294
17472
17418
17432
17480
17385
17575
17347
17530
17402
17371
17620
17452
17739
17580
17387
17536
17693
17624
17337
17673
17610
17700
17879
17514
17512
17831
17403
17858
17916
17379
17755
17775
17288
17434
17172
17706
17332
17508
17229
17194
17256
17592
17572
17572
17988
17993
17755
17763
17788
17940
18104
17964
17686
18102
18120
17885
18052
17785
18066
18150
17861
17952
17870
17640
17800
17738
17962
17966
17746
17876
17939
18007
18054
17888
18299
18100
17996
18089
18129
17959
17796
18013
18128
18016
18537
17905
17970
18018
17981
18100
18159
18275
18077
18380
18256
18262
18120
18562
18117
18352
18320
17730
18320
18522
18297
18432
18031
18395
18403
18493
18436
18464
18522
18312
18132
18629
18445
18369
18228
18444
18466
18122
18169
18336
18578
18372
18541
18589
18452
18532
18356
18545
18732
18516
18754
18396
18718
18500
18797
18434
18653
18740
18470
18484
18464
18830
18623
18665
18412
18534
18578
18848
18825
18721
18607
18821
18688
18749
18539
18570
18841
18598
18440
18635
18660
18713
18776
18516
18666
18642
18905
18762
18795
18835
18728
18715
18732
18786
18504
18868
18953
18766
18571
18688
18744
18986
18873
19050
18589
18959
18955
19147
18905
18919
19305
18468
19140
19136
18961
18896
18869
19010
19189
18932
19053
18924
18816
19004
19038
19375
18978
18980
19273
19187
18940
19394
19038
18949
19204
19064
18938
19186
19220
19258
19176
19295
19234
18938
19141
19317
19405
19004
19108
18858
19358
18905
19148
19101
19479
19302
18990
18979
19443
19222
19148
19202
19182
19265
19223
19369
19022
19244
19271
19340
19234
19380
19058
19200
19373
18881
19322
19147
19084
19243
19228
19134
19064
18910
19100
19003
19357
19437
19074
19348
19174
19524
19386
19220
19298
19460
19144
19145
19386
19354
19212
19080
19575
19175
19234
19333
19092
19166
19481
19245
19261
19199
19438
19412
19170
19260
19370
19409
19350
19460
19318
19531
19352
19367
19431
19304
19242
19496
19893
19370
19423
19369
19385
19782
19634
19632
19561
19496
19464
19453
19636
19592
19515
19321
19309
19382
19496
19568
19293
19173
19154
19441
19329
19148
19120
19312
19204
19265
19172
19318
19444
19280
19272
19428
19246
19428
19795
19553
19281
19505
19124
19533
19496
19279
19589
19428
19203
19143
19009
19018
19517
19262
19118
19076
19090
18931
18954
18900
19008
19274
18860
18969
18908
18976
19053
19309
18976
19111
19379
19201
19406
19418
19399
19753
19640
19196
19556
19594
19580
19488
19702
19104
19272
19133
19622
19499
19370
19438
19502
19527
19516
18954
19333
19486
19260
19604
19240
19522
19232
19222
19316
19381
19660
19337
19541
19345
19400
19194
19390
19330
19520
19700
19470
19413
19574
19652
19234
19089
19343
19297
19405
19445
19136
19068
19395
19234
19151
19039
19091
19276
19290
19176
19309
19357
19133
19221
19313
19595
19433
19104
18983
18961
18928
19122
19188
19314
19059
18750
19050
18996
18994
19117
18933
19399
18884
19160
19140
19033
19108
18951
18922
19094
18856
18999
18950
19227
19221
19293
19084
19010
18807
18780
18818
18960
18910
18890
18968
18938
18818
19105
18923
18934
18710
19088
18867
19002
18907
18921
18964
18672
18634
18952
19166
18867
19200
18696
18764
18925
18652
18836
18905
18667
18858
18793
18965
18452
18662
18659
18624
19009
18870
18641
18580
18517
18825
18458
18641
18786
18536
18630
18782
18666
18398
18341
18344
18549
18493
18646
18479
18381
18251
18688
18469
18517
18185
18356
18372
18516
18528
18399
18414
18418
18360
18612
18580
18556
18639
18191
18346
18746
18560
18450
18324
18283
18482
18590
18359
18341
18210
18066
18329
18132
18245
18214
17963
18418
18071
18159
18230
18034
18124
17901
18133
18244
18196
18172
18336
18301
18031
17956
17713
18283
17974
18141
17736
17920
18004
17960
18096
17973
18082
17832
18086
17936
17644
17719
17829
17944
17736
18059
17709
17988
17930
18026
17801
17867
18018
17808
17876
17512
17759
17637
17786
17681
17652
17708
17624
17544
17621
17159
17400
17236
17199
16782
17228
17404
17400
17392
17241
17164
17228
17391
17424
17211
17247
17522
17537
17550
17461
17258
17360
17243
17399
17280
17518
17442
17185
17207
17142
17237
17032
16879
16933
17188
16888
17051
17240
16998
17017
16960
16550
17105
16690
16720
16964
16719
16890
16718
16790
16696
16981
16746
16925
16892
16831
16548
16868
16525
16905
16522
16735
16450
16661
17016
16517
16477
16570
16699
16579
16580
16626
16234
16701
16586
16390
16825
16590
16542
16481
16506
16592
16507
16326
16570
16584
16120
16462
16392
16346
16292
16300
16430
16049
15988
16059
16202
15860
16292
16318
16196
16243
15796
15947
15913
15488
15781
16026
16029
15854
15708
15900
15771
16026
15770
15885
15506
15965
15616
15368
15682
15629
15414
15620
15338
15486
15514
15638
15699
15632
15580
15574
15666
15491
15665
15704
15587
15373
15654
15626
15424
15403
15579
15326
15401
15526
15193
15490
15050
14962
15035
14886
15012
14820
14904
14974
14595
14668
14733
14646
14801
15034
15181
15092
14898
14877
15312
15084
14971
14859
14970
15029
14954
14832
14893
14768
15057
14965
14841
14368
14744
14657
14622
14308
14615
14580
14692
14480
14468
14348
14536
14360
14282
14606
14502
14391
14351
14266
14168
14388
14245
14098
14290
14266
14395
14162
14226
14356
14143
13622
13519
13676
13421
13406
13490
13450
13725
13463
13727
13500
13769
13815
13640
14094
13986
13815
13899
13727
13836
13817
13812
13842
13883
13876
13738
13491
13761
13541
13738
13608
13565
13532
13480
13655
13508
13358
13335
13356
13239
13196
13291
13349
13083
13120
13320
13346
13190
13301
12978
13123
13255
13171
12832
12985
13153
13134
12918
12961
13175
12889
13145
12737
12751
12730
13051
12626
12588
12491
12952
12696
12739
12832
12683
12589
12568
12750
12653
12570
12432
12591
12890
12485
12485
12492
12268
12345
12236
12294
12507
12360
12367
12478
12272
12208
12329
12248
12217
12228
12093
12250
12212
12047
11968
12125
11838
11979
11908
11934
12036
11943
11963
12298
11958
11639
11890
11838
11996
11904
11694
11726
12059
11826
11739
11459
11466
11447
11401
11598
11528
11488
11296
11485
11259
11358
11527
11462
11508
11646
11545
11466
11356
11172
11446
11279
11447
11492
11203
11488
11425
11202
11167
11250
11229
10968
11358
11051
11024
11009
11077
10853
10858
11019
11063
11288
10999
11040
10842
10982
10947
10901
10831
10939
10921
10838
10847
10864
10841
10897
10858
10597
10752
10793
10565
10557
10936
10438
10550
10605
10615
10695
10360
10500
10526
10819
10432
10509
10324
10240
10583
10546
10416
10245
10149
10365
10462
10236
10389
10476
10330
10353
10399
10594
10463
10538
10413
10172
10164
10107
10175
10008
10043
9997
10061
9870
10140
10022
10262
10013
10267
10274
9847
10086
9901
9903
9877
9937
10087
9867
9957
9898
9876
9690
9919
9919
9839
9768
9941
9780
9836
9902
9743
9850
9778
9692
9764
9708
9726
9877
9713
9963
9552
9568
9505
9446
9572
9693
9506
9398
9537
9590
9700
9740
9566
9489
9448
9398
9480
9505
9441
9362
9628
9321
9177
9386
9566
9472
9337
9276
9378
9530
9297
9480
9420
9550
9337
9386
9299
9114
9442
9306
9250
9235
9453
9211
9263
9374
9210
9105
9102
9165
9112
9252
9215
9222
9355
9137
9188
9464
9180
9165
9160
9082
9146
9117
9134
9290
9176
9183
8991
9156
9023
9051
8873
9041
9025
9136
9208
9220
9174
9013
9058
8982
9002
8992
9226
9194
8944
8997
9170
9066
9194
9293
8825
9074
8990
9004
9035
9107
9032
9079
9137
9002
9112
8803
9026
9025
9126
9311
8897
9106
9074
9024
9049
9036
9142
8836
8997
9149
9048
9030
9066
9239
8859
9083
9128
9271
9208
9220
9041
9217
9192
9189
9059
9228
9064
9168
9079
9124
9040
9133
8934
9172
9091
9135
9087
9177
8976
9330
9250
8990
9320
9102
9418
9009
9248
9476
9175
9252
9125
9216
9267
9338
9198
9365
9434
9324
9291
8928
9353
9082
9214
9560
9305
9140
9101
9416
9378
9346
9488
9498
9417
9387
9322
9328
9068
9119
9026
9378
9306
9412
9268
9197
9410
9470
9275
9497
9461
9288
9257
9676
9534
9561
9760
9523
9838
9512
9718
9736
9520
9431
9689
9517
9842
9544
9682
9812
9744
9917
9790
9853
9841
9642
9921
9855
9968
9962
9889
9829
9781
10025
9940
9988
9821
9995
9932
9913
10086
10055
9852
9995
9900
10003
10118
10059
9852
10323
9949
10312
10036
10130
10181
10060
10253
10216
9994
10272
10201
9982
10252
10233
10028
10181
10011
10033
9971
10230
10132
10200
10388
10242
10383
10440
10277
10604
10508
10373
10509
10477
10351
10416
10184
10536
10509
10774
10676
10587
10542
10499
10468
10565
10607
10743
10584
10738
10527
10830
10667
10636
10702
10554
10805
10657
10701
10825
10643
10624
10723
10780
10643
10698
10923
11092
10884
10714
10600
10883
10731
10746
10765
10957
10719
10733
10986
10848
10859
10884
11148
11081
11052
11052
10941
10906
11015
10944
10909
10998
10921
11044
10857
11047
11147
10902
11223
11024
11035
10924
10843
10895
10955
11213
11055
10923
11092
11386
11212
10951
11177
11240
11383
11045
11217
11110
11311
11041
10916
11246
11173
11129
11202
11084
11174
11333
11182
11318
11332
11278
11364
11480
11180
11214
10961
11264
11019
11222
11128
11103
11076
10908
11040
11198
11345
11431
11581
11334
11350
11401
11401
11593
11536
11545
11582
11657
11461
11429
11636
11573
11510
11433
11665
11430
11364
11355
11421
11540
11488
11621
11561
11526
11724
11520
11571
11560
11556
11590
11707
11585
11463
11735
11311
11450
11831
11732
11545
11653
11451
11613
11567
11619
11619
11590
11477
11579
11672
11585
11227
11444
11386
11496
11564
11514
11569
11681
11406
11562
11477
11290
11359
11523
11525
11530
11724
11530
11396
11485
11408
11515
11199
11279
11369
11332
11481
11333
11288
11650
11474
11313
11509
11282
11216
11485
11418
11499
11436
11336
11520
11390
11354
11316
11416
11376
11486
11263
11244
11213
11244
11269
11307
11303
11142
11169
11174
11403
11397
11106
11242
11238
11265
11318
11314
11093
11134
11370
11272
11240
11077
11131
11173
11058
11057
10984
10989
11048
10825
10964
10809
10969
11066
11100
11177
11162
11035
10920
11130
11015
11103
11000
10831
11060
10985
10990
10882
10964
10819
10900
10868
10764
10676
10764
10801
10553
10746
10738
10728
10746
10885
10694
10810
10616
10844
10651
10496
10837
10672
10535
10438
10644
10778
10423
10580
10602
10793
10506
10713
10511
10564
10525
10447
10484
10523
10454
10347
10233
10293
10311
10402
10326
10450
10456
10471
10365
10395
10164
10211
10350
10292
10232
10247
10140
10200
10324
10112
10239
10171
10077
10194
9964
10300
10112
10049
9944
10180
9892
9916
9875
9682
10013
9801
9793
10008
9903
9764
9729
9661
9755
9678
9846
9848
9749
9689
9667
9620
9572
9355
9253
9260
9477
9400
9458
9570
9409
9516
9293
9362
9387
9480
9400
9221
9397
9106
8738
8761
8609
8638
8733
8784
9053
8974
9050
8928
8999
9266
8804
8862
9082
8623
8961
8793
8964
8772
8597
8602
8625
8612
8629
8754
8720
8537
8465
8582
8629
8498
8552
8310
8373
8425
8425
8263
8117
8401
8137
8264
8001
8180
7974
8050
7974
8207
7909
7945
7882
7854
7767
7837
7727
7938
7853
7729
7846
7872
7748
7541
7732
7583
7704
7759
7674
7495
7620
7588
7356
7520
7538
7287
7177
7156
7234
7419
7148
7126
7350
7034
7156
6986
6949
6953
6895
6964
7038
7107
7032
6963
6679
6628
6769
6686
6697
6671
6675
6529
6644
6526
6703
6735
6562
6488
6492
6326
6471
6356
6186
6284
6091
6123
6175
6191
6139
6152
6017
6240
6252
6013
5973
5979
6022
6002
5935
6026
5903
5944
5693
5665
5644
5577
5712
5668
5674
5613
5725
5405
5518
5669
5472
5221
5303
5516
5462
5408
5279
5157
5180
5117
5201
5092
5000
5001
5117
4988
4958
5077
4958
4944
4936
5076
4873
4933
4715
4710
4395
4404
4402
4302
4456
4497
4440
4587
4528
4474
4410
4515
4532
4536
4425
4335
4459
4465
4215
4375
4422
4428
4291
4106
4172
4219
4112
4052
4180
4152
4169
3971
4053
3952
4128
3967
4082
3973
4073
3864
3790
3838
3821
3912
3870
3857
3759
3724
3831
3895
3685
3697
3720
3584
3791
3652
3685
3710
3716
3708
3604
3666
3564
3552
3539
3457
3471
3392
3384
3483
3522
3431
3467
3427
3525
3454
3462
3372
3371
3403
3371
3232
3289
3247
3348
3159
3133
3235
3281
3389
3306
3258
3238
