3376
3285
3321
3344
3348
3438
3239
3366
3158
3251
3322
3301
3279
3362
3341
3420
3424
3255
3343
3382
3311
3379
3393
3411
3410
3329
3392
3331
3397
3293
3401
3264
3430
3279
3277
3325
3374
3480
3454
3543
3346
3374
3402
3482
3434
3499
3339
3422
3382
3477
3419
3444
3403
3387
3542
3436
3489
3344
3490
3431
3407
3497
3542
3549
3379
3371
3590
3376
3407
3447
3470
3315
3389
3644
3520
3493
3428
3476
3604
3440
3438
3506
3561
3574
3503
3679
3511
3597
3541
3570
3600
3599
3568
3583
3558
3514
3605
3559
3560
3589
3650
3599
3632
3594
3577
3602
3599
3611
3530
3599
3565
3656
3786
3702
3517
3584
3611
3782
3584
3719
3763
3552
3608
3788
3750
3643
3654
3630
3575
3799
3811
3694
3613
3709
3725
3654
3693
3789
3778
3804
3636
3687
3665
3747
3840
3815
3773
3695
3645
3790
3729
3733
3678
3888
3869
3808
3765
3866
3747
3761
3829
3857
3831
3838
3808
3821
3866
3758
3972
3824
3892
3895
3843
3886
3900
3798
3747
3849
3855
3758
3858
3891
3860
4026
3904
3956
3822
3797
3899
3973
3978
3962
3943
3864
3976
4012
3883
4016
3951
4069
3917
3986
3982
3874
3988
3974
3935
4049
3972
4089
4018
3987
4016
3970
3992
4233
3966
3982
4219
3961
4098
4143
4073
4113
4052
4106
4041
4057
4126
4161
4030
3951
4141
4089
4072
4164
4248
4154
4145
4225
4150
4256
4118
4104
4209
4216
4254
4076
4299
4262
4349
4185
4288
4245
4199
4160
4134
4346
4233
4361
4133
4330
4368
4348
4162
4242
4203
4257
4269
4298
4240
4231
4264
4206
4352
4263
4258
4413
4372
4352
4215
4430
4196
4298
4399
4404
4293
4484
4386
4327
4414
4294
4232
4299
4288
4383
4308
4358
4438
4504
4462
4308
4374
4494
4467
4385
4387
4396
4300
4366
4471
4438
4419
4552
4605
4462
4749
4475
4566
4583
4552
4599
4614
4504
4574
4651
4670
4631
4683
4595
4599
4618
4464
4466
4587
4706
4618
4559
4504
4628
4611
4693
4635
4489
4606
4542
4501
4694
4534
4682
4664
4739
4627
4618
4668
4715
4850
4644
4719
4712
4748
4751
4705
4779
4617
4682
4750
4781
4789
4731
4744
4671
4851
4754
4698
4737
4969
4688
4777
4903
4694
4887
4752
4999
4977
5042
4949
4935
4717
5096
4872
4872
4891
5007
4880
4980
4941
4979
5007
4818
4830
4878
4881
5009
4889
5013
5005
4911
5053
5017
4876
5100
5043
5040
5007
4922
4892
4975
4965
5019
5084
5119
5035
5164
5137
5050
5157
5215
5246
5265
5325
5078
5129
5139
5085
5183
5297
5042
5327
5256
5120
5236
5191
5148
5062
5176
5244
5309
5231
5193
5292
5114
5187
5218
5334
5368
5261
5246
5279
5144
5283
5330
5330
5384
5423
5181
5301
5346
5356
5251
5479
5455
5302
5457
5312
5488
5251
5247
5449
5474
5214
5316
5289
5340
5331
5517
5499
5509
5449
5524
5508
5483
5307
5589
5530
5510
5531
5514
5544
5389
5622
5526
5416
5476
5491
5705
5571
5583
5454
5554
5580
5810
5693
5643
5481
5688
5730
5689
5585
5767
5620
5658
5538
5701
5673
5816
5793
5710
5705
5714
5727
5654
5666
5660
5708
5503
5521
5842
5804
5855
5736
5735
5726
5814
5883
5732
5908
6066
5855
5964
5766
5885
5866
6093
5933
5956
5862
5837
5908
5729
5839
5914
5860
5926
6111
5973
6019
5990
6120
6059
6184
5976
5956
5986
5997
6090
6010
6045
5992
6288
6077
6126
6216
6178
6302
6108
6322
6243
6214
6260
6159
6113
6170
6064
5884
6214
6173
6090
6418
6196
6274
6240
6310
6052
6276
6329
6418
6292
6344
6127
6455
6326
6287
6124
6244
6568
6266
6241
6267
6382
6408
6429
6527
6317
6194
6299
6294
6260
6065
6085
6261
6250
6257
6174
6361
6411
6367
6514
6370
6635
6691
6615
6539
6450
6419
6663
6541
6582
6582
6451
6579
6647
6482
6613
6836
6654
6626
6734
6544
6630
6574
6567
6900
6738
6641
6750
6595
6623
6612
6738
6724
6500
6698
6647
6811
6688
6730
6895
6772
6870
6933
6763
6807
6756
6883
6826
6715
6801
7002
6663
6854
6780
7031
6871
6845
7025
6768
7043
7005
6928
6879
6880
6967
6906
6914
6923
6827
6865
6960
6969
7083
7096
7232
7036
7245
7191
7001
7138
7224
7148
7151
7198
7302
7157
7236
7261
7269
7182
7330
7138
7255
7150
7338
7387
7308
7397
7321
7299
7320
7247
7153
7210
7360
7340
7411
7415
7644
7412
7536
7447
7178
7360
7437
7502
7387
7675
7421
7441
7489
7312
7420
7654
7366
7377
7477
7445
7514
7524
7688
7615
7692
7582
7549
7661
7614
7631
7624
7445
7953
7632
7782
7706
7624
7685
7645
7819
7708
7705
7768
7630
7698
7821
7627
7812
7682
7638
7773
7852
7973
7800
7939
7852
7776
7903
8084
8067
7875
7899
8058
8153
7996
7950
8200
7838
7855
8148
7913
8003
8067
8200
8022
7990
7921
8221
8077
7964
8106
8122
8082
7929
8117
8155
8046
8050
8024
8270
8057
7975
7913
8147
8185
8408
8272
8262
8023
8409
8287
8328
8469
8315
8200
8439
8320
8301
8402
8557
8512
8277
8749
8642
8713
8375
8769
8485
8441
8504
8448
8468
8738
8434
8659
8834
8530
8599
8596
8691
8526
8677
8832
8813
8706
8712
8845
8630
8717
8701
8747
8660
8650
8580
8538
8611
8705
8433
8842
8880
8688
8756
8580
8706
8914
8955
8937
8824
8938
9107
9045
9129
9012
8991
8954
9146
9321
9332
9020
9101
9051
9209
9384
9248
9226
9055
9402
9177
9061
8988
8996
9075
9355
9340
9283
9312
9083
9131
9173
9259
9162
9476
9236
9521
9360
9446
9245
9570
9415
9518
9387
9331
9350
9391
9498
9371
9258
9376
9586
9445
9463
9305
9388
9688
9306
9347
9498
9611
9583
9387
9509
9821
9780
9424
9431
9526
9603
9596
9436
9750
9441
9603
9827
9637
9523
9682
9892
9516
9967
9642
9891
9718
10008
9796
9760
9741
9832
9600
9850
10057
10023
9829
10024
9933
10068
10100
10022
9796
10078
10046
9974
10009
10044
10061
9914
9926
9949
10056
10022
10095
10229
10097
10059
10227
10206
10182
10117
10395
10276
10416
10392
10223
9993
10191
10276
10215
10235
10110
10202
10328
10222
10175
9904
10230
10292
10351
10406
10234
10582
10608
10496
10729
10607
10524
10584
10642
10592
10521
10714
10794
10414
10474
10688
10681
10563
10804
10403
10686
10548
10755
10552
10271
10403
10616
10353
10501
10449
10260
10607
10583
10478
10427
10343
10752
10794
10807
11116
10705
11000
10813
11080
10910
10908
10887
10985
11060
10844
10673
10338
10278
10066
9894
9873
9576
9386
9137
8685
8873
8800
9271
9260
9712
9791
10184
10534
10906
11089
11270
11644
11421
11418
11472
11530
11576
11522
11604
11135
11273
11393
11450
11241
11332
11529
11368
11370
11604
11615
11736
11693
11493
11296
11464
11516
11291
11387
11212
11517
11434
11643
11469
11741
11919
11595
11613
11614
11762
11948
11907
11656
11558
11848
11723
11770
11739
11716
11693
11790
11724
11789
11758
11684
11889
11659
11852
11720
12028
11806
11789
11957
11865
11955
11989
12085
12164
11942
11935
11994
12105
12190
12166
11904
11984
12200
11994
11977
12174
12059
12233
12275
12000
12147
11940
11853
12182
12141
11992
12004
12178
12014
12031
12198
12247
12158
12330
12142
12212
12385
12184
12129
12250
12175
12148
12523
12283
12638
12372
12473
12728
12244
12377
12659
12652
12759
12700
12789
12641
12587
12787
12870
12589
12800
12820
12898
12706
13073
12803
12911
12690
13028
12790
13210
12900
13070
12706
12764
12676
12532
12521
12237
12366
12461
11964
12182
12249
12325
12364
12662
12928
12908
13205
13026
13082
13229
13386
13007
13176
13214
12969
13108
13481
13330
13314
13371
13203
13352
13420
13265
13412
13613
13358
13414
13346
13083
13352
13206
13687
13514
13110
13393
13272
13388
13666
13370
13606
13626
13598
13492
13592
13552
13617
13578
13568
13426
13538
13794
13637
13561
13685
13937
13727
13525
13838
13844
13805
13897
13846
13810
13783
13970
13702
13892
13951
13705
13967
13998
13741
13888
14085
13862
13794
13899
13908
14098
13957
14071
14100
13860
13918
14202
13940
13976
14040
14164
14380
14173
14184
14180
14114
14073
14228
14172
14190
14250
14611
14339
14297
14185
14045
14112
14228
14504
14258
14490
14254
14597
14303
14486
14477
14620
14174
14651
14356
14392
14280
14434
14856
14534
14598
14543
14497
14615
14786
14565
14621
14578
14603
14913
14916
14659
14833
14708
14805
14873
15047
15050
14882
14957
14720
15032
15136
15284
14558
14830
14982
15055
14925
15061
14957
14949
15184
15112
14985
14784
15181
15191
14978
15295
15263
15300
14964
15145
15073
15158
15275
14935
15042
15354
15379
15253
15180
15162
15295
15186
15516
15368
15512
15370
15387
15390
15412
15523
15430
15572
15420
15308
15700
15269
15038
15250
15266
15213
15313
15448
15448
15252
15318
15296
15516
15786
15616
15547
15844
15914
15781
15328
15721
15740
15872
15590
15668
15752
15876
15583
15852
15979
15713
15942
16132
15754
15965
15834
16109
15796
15592
16092
15847
16046
15804
16073
16102
15983
15941
15940
16062
16000
16115
16168
16177
15912
16308
15946
16098
15990
16056
16130
16198
16360
16098
16180
16275
16208
16116
16278
16384
15957
16445
16398
16260
16093
16348
16376
16762
16494
16417
16506
16131
16252
16356
16539
16361
16212
16486
16653
16421
16490
16489
16198
16818
16432
16512
16538
16540
16879
16569
16554
16334
16504
16623
16733
16820
16426
16688
16576
16642
17151
16869
16532
16420
16727
16886
16633
16806
16750
16740
16463
16363
17049
16802
16821
16861
17278
16676
17041
17058
16988
16962
16865
17220
17084
16924
16728
16969
16951
16953
16931
16760
17053
17191
17010
16987
17185
16793
17290
17213
16936
17192
16996
17014
17046
17070
17396
17134
17022
17097
17373
17165
17354
17050
17188
17234
17257
17294
17369
17279
17021
17016
17413
17370
17222
17173
17115
17176
17142
17651
17457
17255
17527
17111
17245
17452
17138
17574
17188
17692
17350
17626
17343
17425
17592
17416
17690
17568
17492
17657
17748
17687
17488
17771
17406
17798
17654
17653
17704
17548
17419
17638
17746
17501
17549
17572
17720
17341
17413
17235
17578
17211
17600
16801
17143
17132
17068
17536
17635
18101
17965
17766
17707
17586
17811
17942
17838
17773
18056
18180
17895
18180
18027
17936
18021
18264
17694
17952
18150
17973
18157
18029
17844
18153
17994
18013
17733
17641
18141
18137
17856
18162
17994
18405
18151
18083
17876
18182
18234
17860
17900
18104
18228
18008
18133
18304
18235
18193
18185
18071
17940
18388
18352
18220
18075
18246
18367
18473
18306
18459
18340
18262
18187
18358
18336
18250
18465
18561
18498
18397
18600
18607
18464
18424
18491
18704
18373
18641
18675
18576
18308
18656
18132
18300
18596
18404
18626
18818
18631
18445
18389
18703
18472
18710
18513
18667
18347
18694
18417
18696
18635
18492
18718
18305
18582
18545
18444
18676
18773
18462
18708
18616
18811
18544
18756
18730
18730
18560
18906
18561
18721
18761
18935
18860
18794
18701
18682
18601
18752
18667
18933
18925
19158
19078
18778
19101
18871
18849
18550
18660
19017
18836
19042
18865
18965
18921
18727
19092
19216
19037
18836
19067
18964
19048
19058
19102
18978
19083
18875
19085
19126
18956
19167
18979
19249
18925
19077
19117
19096
19064
19052
19123
19057
19038
19221
19360
19044
19072
19042
19305
19075
18963
18984
19040
19066
18969
19202
19268
18908
19254
19416
19147
19222
19053
19137
18916
19083
19305
19419
19256
19036
19019
19340
19074
19304
19485
19466
19067
19086
19163
19246
19112
19378
19181
19090
19223
19143
19067
19145
19064
18789
19066
19116
19220
19323
19407
19246
19333
19118
19451
19374
19573
19622
19421
19188
19132
19266
19370
19215
19335
19794
19649
19371
19210
19272
19067
19126
19150
19552
19517
19430
19289
19129
19337
19416
19592
19257
19284
19321
19476
19712
19728
19441
19522
19618
19412
19598
19763
19332
19484
19270
19388
19679
19520
19568
19576
19346
19664
19380
19453
19368
19374
19780
19552
19432
19342
19149
19212
19472
19057
19174
19183
19467
19017
19298
19309
19312
19406
19392
19450
19259
19343
19166
19430
19423
19469
19469
19287
19520
19475
19288
19512
19562
19447
19072
19364
19272
18990
19074
19162
19223
19195
19053
19374
19317
18972
19026
19200
18894
18872
18718
18782
19108
19178
19049
19068
19116
19166
19375
19523
19434
19385
19586
19365
19205
19404
19341
19227
19497
19336
19613
19464
19285
19342
19268
19377
19350
19502
19412
19474
19435
19352
19464
19613
19531
19429
19587
19434
19303
19304
19574
19384
19410
19257
19596
19320
19344
19880
19117
19432
19520
19632
19666
19391
19221
19091
19292
19286
19257
18951
19291
19364
19284
19192
19360
19106
19023
19024
19276
19200
19248
19162
19286
19042
19112
19167
18964
19221
19364
19352
18838
19086
19182
19320
19305
19364
19271
18957
19421
19501
19229
18930
19034
18880
19010
18970
19178
19250
18967
19197
18910
19045
19204
19105
19094
19196
18856
19309
19080
19028
19271
19084
19034
19154
18876
18910
18792
18915
19013
19004
18962
18870
18997
18918
19020
18916
18879
18799
18979
18775
18791
18839
18723
18939
18868
18601
18824
18571
18661
18895
18746
18834
18484
19064
18693
18644
18845
18662
18539
19054
18564
18591
18476
18479
18681
18733
18579
18517
18721
18667
18500
19042
18222
18383
18715
18679
18670
18688
18645
18548
18472
18845
18490
18532
18645
18331
18760
18468
18772
18344
18229
18415
18515
18312
18410
18644
18373
18602
18264
18356
18197
18461
18328
18569
18005
18241
18366
18174
18523
18314
18206
18478
18258
18422
18334
17834
18167
18132
18060
18153
18240
18162
18283
18298
17987
17962
17826
18267
18178
18056
17992
17940
18125
18082
17887
17793
17835
18025
18100
17911
17726
18054
17860
17863
17836
17899
17992
17781
17842
17813
17664
17878
17886
17717
17634
17685
17978
17578
17848
17728
17788
17978
17449
17668
17596
17614
17622
17536
17586
17213
17162
17182
17334
17161
17098
17064
17283
17360
17418
17238
17272
17210
17545
17189
17034
17275
17457
17089
17245
17166
17206
17038
17477
17492
17163
17033
17395
17178
17028
17040
16971
17245
17421
17226
17041
17204
17042
16867
17029
16936
16951
16997
17085
16858
17168
16676
17034
16736
17012
16838
16776
16925
16807
16545
16851
16722
16567
16832
16789
16436
16560
16611
16614
16392
16456
16824
16608
16699
16348
16524
16508
16512
16573
16384
16185
16417
16479
16640
16448
16372
16357
16057
16300
16267
16038
16500
16258
16100
16244
16157
16125
16030
16065
16161
16139
16304
16170
16044
16187
15979
15937
15717
15808
15785
15920
15693
15834
15595
15781
15834
16025
15954
15484
15666
15715
15446
15730
15350
15236
15499
15586
15398
15666
15286
15642
15563
15735
15433
15444
15459
15670
15624
15749
15480
15476
15627
15930
15561
15421
15416
15428
15421
15407
15293
15512
15396
15204
15148
14760
14670
14485
14607
14803
14355
14744
14470
14824
14795
15306
15286
15005
14927
14956
15031
15003
14925
14829
14836
15042
14606
15076
14813
14949
14722
14732
14593
14715
14728
14745
14618
14518
14603
14687
14730
14655
14450
14268
14693
14357
14536
14466
14173
14417
14344
14484
14429
14433
14361
14068
14499
14356
14011
14099
14111
14106
13960
13760
13672
13764
13349
13365
13350
13477
13520
13670
13709
13590
13624
13729
13761
13908
13869
13920
13891
13894
13700
13716
13727
13612
13676
13685
13766
13700
13570
13451
13624
13377
13329
13250
13398
13494
13285
13485
13418
13263
13148
12932
13191
13380
13259
13090
12982
12973
13095
13118
13092
13097
12920
13380
12889
12864
13188
13085
12872
12953
13026
13104
13072
12878
13032
12757
12778
12982
12861
12663
12791
12730
12585
12643
12604
12484
12696
12379
12349
12474
12442
12580
12428
12496
12263
12369
12406
12571
12316
12398
12042
12348
12124
12383
12180
12296
11953
12027
12300
11940
12082
11938
12026
11957
12037
12024
11829
11782
11846
11963
11962
11840
11799
11987
11940
11865
11755
11796
11931
11776
11791
11869
11797
11840
11590
11800
11468
11320
11398
11159
11094
11413
11392
11515
11249
11040
11414
11285
11314
11210
11394
11213
11074
11305
11295
11320
11401
11082
11108
11156
11344
11236
11180
11119
10911
10991
11068
10877
11230
10756
10990
10708
10900
10651
10832
10895
10709
10924
10476
10607
10714
10638
10562
11130
10844
10426
10732
10842
10715
10648
10524
10517
10819
10802
10574
10562
10628
10315
10469
10348
10419
10719
10526
10498
10143
10557
10305
10333
10279
10156
10066
10253
10473
10221
10198
10066
10216
10233
10115
10018
10055
10197
10240
10189
10230
10090
10079
10102
9996
9953
9892
9885
10009
9901
9850
9838
10049
9938
9965
9931
9973
9814
9658
9669
9684
9660
9764
9806
9654
9694
9752
9509
9765
9523
9582
9418
9787
9668
9620
9735
9545
9471
9473
9475
9540
9310
9517
9553
9524
9576
9320
9623
9612
9707
9251
9539
9199
9327
9374
9171
9162
9263
9226
9173
9097
9216
9260
9145
9104
9095
9199
9213
9329
9225
9144
9227
9283
9005
9145
9116
9106
9125
9136
8951
9008
8936
9045
9028
9093
8994
8975
8945
9135
9065
9030
9198
8838
9049
8677
9088
8707
8868
8866
8856
8803
8644
9000
8779
8847
8990
8762
8944
8796
9014
8813
8794
8951
8847
8765
8690
8796
8810
8722
8640
8565
8964
8555
8555
8669
8582
8781
8762
8547
8698
8761
8763
8668
8665
8573
8705
8521
8710
8662
8626
8620
8723
8524
8392
8733
8704
8615
8598
8618
8766
8704
8512
8738
8532
8584
8612
8488
8588
8527
8533
8687
8480
8488
8557
8472
8520
8489
8625
8596
8509
8428
8413
8461
8512
8621
8495
8577
8690
8655
8464
8523
8674
8561
8718
8708
8644
8499
8671
8651
8689
8787
8463
8772
8590
8657
8565
8641
8555
8547
8687
8629
8622
8443
8676
8718
8716
8654
8640
8815
8665
8500
8424
8818
8675
8714
8580
8454
8311
8660
8536
8515
8561
8664
8388
8507
8659
8516
8670
8724
8629
8567
8810
8390
8520
8539
8724
8681
8452
8621
8514
8558
8557
8567
8566
8712
8484
8758
8714
8626
8700
8890
8950
8836
8934
8916
8893
8764
9153
8811
8886
9275
8839
8757
8932
8907
9007
8894
8894
8886
8897
8890
9009
8983
8840
8983
8858
9111
8886
8918
8900
9227
9135
9129
9135
9146
9234
9113
8911
9205
9100
9060
9008
9026
8924
9215
9168
8946
9124
9096
9215
9261
9179
9333
9216
9081
9140
9197
8948
9147
9226
9270
9109
9175
9108
9190
9089
9410
9188
9503
9181
9325
9564
9238
9290
9707
9267
9044
9239
9270
9488
9378
9329
9497
9325
9397
9678
9472
9596
9528
9497
9548
9324
9356
9504
9650
9574
9483
9670
9590
9253
9579
9466
9581
9544
9622
9701
9682
9526
9701
9713
9700
9355
9563
9488
9524
9710
9556
9586
9563
9815
9779
9637
9506
9812
9791
9824
9656
9830
9684
9876
9703
9614
9677
9838
9915
9780
9745
9841
9780
9696
9836
9458
9867
10007
9877
9850
9693
9874
9703
10222
9841
9803
9953
9835
10018
9919
9810
9792
9875
9790
9943
9849
9980
10225
10006
9837
9909
10088
10031
9901
9827
9926
9800
9935
9961
9957
9940
9616
9782
9824
9637
9770
9737
9793
9747
9698
9803
9851
9927
9896
10008
10086
10070
10070
10178
9960
10195
10168
10261
9958
10148
10123
9997
10124
10083
10129
10098
10128
10046
9982
10304
10168
10098
10007
10057
10188
9961
10022
10073
10253
10082
10054
9932
10135
10016
10252
10069
10164
10209
10002
10168
10144
10292
10213
10254
9947
10313
10157
10328
10266
10077
10042
10074
10028
10044
10189
10115
10087
9977
10130
9940
9851
10046
10068
9856
10040
10123
10157
10073
9984
9998
10069
10106
9864
9924
10212
10032
10000
10199
10155
10042
9894
10036
9938
9818
9956
9992
9887
9897
9731
9818
10017
9916
9799
10041
9911
9874
9902
9988
9852
10046
9811
9833
9900
10032
9920
9981
9856
9694
9742
9972
10073
9750
9838
9850
9877
9916
9867
9653
9807
9700
9789
9803
9842
9576
9776
9509
9634
9604
9542
9647
9487
9701
9586
9330
9681
9600
9731
9777
9766
9540
9328
9418
9466
9536
9702
9655
9385
9533
9440
9480
9695
9445
9367
9446
9496
9508
9304
9221
9381
9452
9335
9220
9176
9518
9221
9373
9273
9281
9476
9397
9336
9330
9267
9344
9206
9286
9322
9342
9282
9280
9135
8992
8987
9214
9042
9144
9196
9174
9251
9148
8872
8965
9052
9168
8988
8985
9005
8977
9174
8840
8986
8730
8966
8847
8941
8858
8892
8710
8724
8776
8934
8870
9084
8704
8822
8731
8854
8743
8732
8723
8661
8587
8557
8839
8546
8538
8498
8375
8525
8647
8376
8475
8557
8336
8424
8586
8360
8680
8478
8389
8455
8328
8312
8093
8250
8147
8165
8137
8134
7983
8074
8083
8077
8224
8057
7885
8188
7855
7599
7469
7715
7559
7678
7910
7895
7982
7950
7832
7795
7797
7886
7769
7919
7771
7749
7677
7720
7647
7470
7550
7639
7507
7550
7421
7486
7443
7325
7404
7219
7401
7290
7207
7318
7236
7136
7266
7394
7380
7260
7081
7123
7021
7015
7034
7082
7065
7157
6945
7058
7159
6781
6860
6790
6855
6689
6795
6771
6892
6673
6781
6852
6570
6698
6491
6644
6532
6572
6302
6497
6317
6450
6567
6509
6569
6486
6287
6145
6212
6085
6104
6299
6228
6213
6303
6175
6077
6109
5930
6023
6103
5928
5908
5988
5903
5730
5788
5928
5830
5751
5712
5925
5828
5725
5701
5668
5592
5673
5521
5712
5587
5505
5648
5274
5547
5608
5438
5342
5330
5228
5301
5417
5381
5162
5368
5251
5302
5146
5123
5094
5113
5155
5015
4913
5005
4945
4941
4927
4812
4882
4659
4929
4753
4838
4912
4589
4753
4828
4660
4634
4741
4675
4755
4591
4756
4562
4615
4464
4363
4385
4509
4501
4275
4336
4301
4184
4176
4198
3975
3997
3999
4151
4222
4142
4221
4090
4041
4058
4142
4064
4001
4087
3985
4015
3955
3850
4020
3948
3868
3886
3765
3794
3723
3780
3875
3739
3601
3637
3794
3684
3728
3599
3496
3796
3597
3710
3630
3694
3433
3575
3502
3475
3486
3284
3407
3472
3349
3332
3451
3323
3464
3571
3408
3366
3380
3469
3359
3304
3370
3219
3157
3246
3272
3252
3120
3169
3164
3136
3215
3170
3328
3104
3202
3090
2956
3125
3191
3153
3078
3026
2955
3041
2988
3036
3168
3036
2919
3093
3033
