3317
3290
3282
3311
3329
3410
3344
3338
3393
3229
3356
3275
3371
3218
3301
3338
3266
3272
3235
3339
3242
3368
3347
3401
3345
3295
3399
3417
3233
3307
3386
3335
3320
3310
3363
3377
3456
3412
3310
3398
3325
3341
3423
3445
3391
3420
3499
3396
3260
3384
3440
3472
3488
3460
3432
3462
3468
3425
3338
3420
3544
3524
3453
3438
3386
3412
3352
3295
3418
3546
3419
3424
3519
3535
3451
3579
3501
3465
3533
3505
3566
3456
3525
3623
3628
3605
3531
3505
3638
3623
3547
3601
3542
3525
3614
3554
3619
3661
3554
3646
3628
3583
3638
3513
3563
3656
3602
3699
3634
3609
3736
3606
3584
3705
3688
3684
3530
3695
3690
3732
3651
3612
3577
3665
3724
3727
3758
3771
3672
3708
3686
3749
3644
3733
3732
3740
3784
3796
3736
3678
3648
3888
3692
3655
3739
3819
3742
3758
3776
3746
3908
3774
3779
3756
3790
3776
3783
3796
3957
3819
3965
3971
3794
3921
3916
3854
3826
3861
3730
3769
3859
3781
3960
3928
3911
3984
3927
3953
3942
3966
3961
3811
3936
3945
4039
3760
3891
3703
3929
3953
3902
3832
4126
3957
3960
4058
4039
3963
3961
3917
3991
3860
4085
3967
3959
3999
3953
3961
3991
4057
4100
4052
3972
3944
4106
3871
4033
4012
4033
4069
3968
4071
4086
3950
4075
4038
3991
4053
3991
4117
4062
4043
3980
4106
4025
4086
4132
4204
4168
4239
4246
4272
4223
4124
4245
4209
4109
4242
4241
4242
4197
4123
4159
4060
4090
4184
4248
4160
4322
4184
4340
4319
4232
4323
4226
4191
4336
4276
4245
4353
4269
4276
4402
4342
4304
4327
4318
4215
4347
4519
4420
4322
4383
4273
4237
4273
4445
4252
4319
4227
4338
4349
4369
4306
4465
4429
4386
4418
4356
4544
4406
4416
4426
4410
4440
4397
4483
4318
4524
4449
4435
4511
4591
4478
4496
4483
4626
4646
4566
4540
4584
4525
4529
4479
4313
4661
4629
4664
4576
4615
4391
4549
4443
4628
4556
4533
4643
4599
4676
4663
4613
4646
4655
4641
4664
4440
4589
4600
4625
4397
4450
4590
4539
4598
4727
4746
4654
4885
4528
4699
4694
4722
4749
4566
4748
4697
4757
4659
4889
4934
4820
4748
4740
4598
4693
4752
4819
4881
4790
4819
4862
4858
4735
4900
4778
4748
4670
5041
4950
4982
4963
4834
4914
4921
4936
5062
4884
4880
4732
4952
4812
4929
4892
5115
4903
4904
4896
4957
4921
4846
4858
5026
5088
4949
5012
5027
5100
4958
5034
4994
5061
5032
5038
5179
5138
5230
5195
4974
5277
5100
5220
5173
5156
5129
5111
5145
5142
5213
5164
5111
5089
5254
4977
5167
5104
5191
5297
5219
5336
5279
5302
5359
5037
5211
5471
5370
5388
5126
5516
5254
5220
5295
5206
5318
5306
5313
5400
5358
5209
5289
5555
5313
5322
5504
5467
5275
5462
5494
5294
5515
5401
5568
5382
5480
5354
5377
5416
5441
5542
5558
5495
5621
5461
5521
5485
5507
5503
5371
5513
5486
5462
5506
5517
5531
5671
5616
5508
5583
5742
5506
5698
5590
5778
5577
5464
5671
5712
5623
5666
5664
5692
5567
5672
5768
5744
5805
5794
5770
5662
5813
5846
5732
5695
5750
5700
5817
5738
5835
5837
5817
5832
5870
5807
5915
5707
5750
5832
5710
5926
5730
6057
5960
5843
5889
5927
5965
5940
6063
5955
5945
5851
6084
6175
6030
5844
6152
6040
5884
6098
6142
6113
5954
5905
6052
6012
6040
6134
6228
5983
6097
6116
5989
6127
6176
6102
6050
6196
6245
6028
6196
6090
6145
6076
6237
6118
6233
6077
6296
6230
6155
6313
6182
6113
6280
6219
6115
6170
6244
6381
6365
6541
6422
6198
6402
6437
6211
6239
6353
6383
6462
6352
6388
6364
6503
6105
6275
6249
6281
6373
6420
6339
6283
6322
6297
6308
6421
6375
6487
6456
6453
6549
6498
6566
6464
6549
6648
6679
6501
6692
6621
6608
6636
6635
6593
6708
6430
6575
6559
6653
6729
6615
6753
6687
6573
6656
6934
6670
6763
6774
6644
6561
6701
6734
6670
6795
6676
6772
6799
6820
6937
6809
6973
6818
6856
6869
6732
6843
6751
6768
6873
6858
7041
6998
7118
6918
6790
6737
6853
6934
6943
6847
6736
6911
6895
7029
6832
6936
7037
6962
7132
6930
7092
7016
7094
7121
7345
7125
7182
7191
7172
7117
7130
7216
7259
7213
7246
7137
7067
7286
7135
7274
7384
7358
7257
7285
7245
7328
7302
7456
7345
7114
7340
7330
7416
7358
7424
7504
7365
7339
7253
7393
7309
7432
7341
7378
7456
7483
7565
7689
7628
7666
7522
7566
7632
7588
7605
7581
7648
7780
7483
7611
7712
7590
7746
7614
7622
7531
7627
7607
7748
7601
7831
7815
7647
7658
7783
7732
7624
7627
7697
7764
7689
7513
7825
7697
7865
7750
7867
7677
7742
7977
7864
8140
7725
8049
8102
8007
7987
8088
8006
8046
7808
8221
7997
7831
8037
8006
7991
8127
8078
8091
8010
8047
8046
8285
8213
8185
8029
7973
8157
8183
8266
8257
8221
8262
8268
8006
7888
8200
8084
8298
8223
8307
8183
8343
8364
8488
8231
8297
8534
8384
8281
8462
8556
8333
8509
8585
8328
8559
8526
8490
8477
8476
8610
8533
8614
8540
8909
8593
8559
8583
8574
8598
8493
8769
8324
8595
8671
8903
8753
8756
8772
8677
8873
8765
8585
8690
8643
8760
8794
8578
8453
8788
8629
8768
8911
8753
8789
8861
8908
8915
8792
8936
9108
9007
8852
9056
8820
9128
9005
9094
9148
9265
9352
9172
9064
9099
9237
8992
9237
9030
9044
9105
9301
9306
9075
9150
9406
9372
9280
9242
9036
9397
9408
9353
9349
9341
9373
9460
9215
9496
9240
9332
9530
9472
9544
9382
9416
9531
9319
9445
9576
9478
9594
9508
9676
9452
9506
9597
9506
9560
9524
9765
9674
9755
9700
9525
9703
9647
9773
9693
9716
9613
9573
9781
9880
9616
9610
9867
9820
9716
9662
9687
10064
9753
9928
9748
9934
9912
9894
9764
9953
10083
9940
9877
9988
9903
10038
9982
9844
9964
9892
9979
9932
10011
10100
10002
10028
10018
10201
9709
9966
9872
10053
10292
10239
10258
10123
10136
10149
10171
10182
10480
10426
10069
10258
10464
10369
10319
10318
10226
10384
10286
10293
10339
10208
10012
10054
10158
10287
10320
10555
10404
10449
10616
10668
10745
10637
10396
10509
10529
10600
10680
10596
10749
10816
10730
10772
10531
10619
10778
10669
10816
10770
10735
10576
10836
10419
10490
10668
10624
10530
10509
10545
10794
10644
10387
10735
10570
10568
10937
10872
11023
10836
10920
11039
10944
10804
11023
11043
10998
10894
10893
10890
10694
10490
10068
10087
9633
9674
9563
9213
8980
8930
8638
9067
9181
9530
9825
10475
10580
10918
11105
11608
11638
11560
11853
11515
11712
11634
11547
11532
11375
11525
11386
11208
11375
11467
11275
11577
11488
11562
11576
11599
11517
11741
11639
11460
11283
11503
11360
11404
11271
11621
11379
11555
11815
11637
11849
11944
11890
11572
11981
11959
11778
11841
11744
11840
11763
11830
11920
11892
11859
11577
11728
11528
12013
11774
11764
11621
11926
11995
11854
12084
11991
11999
11753
12081
12135
11905
12027
11951
12087
11890
12232
12050
12006
12201
12121
12173
12064
12084
12101
12413
12029
12376
12220
12128
12179
11952
12213
12478
12148
12265
12222
12333
12140
12088
12248
12121
12209
12130
12431
12537
12413
12393
12400
12537
12596
12597
12478
12537
12672
12586
12444
12697
12423
12518
12568
12863
12819
12549
12955
12718
12704
12755
12708
12818
12768
12884
12746
12675
12996
12973
13057
13021
13110
13101
12894
12658
12861
12937
12731
12667
12472
12566
12275
12151
12404
12304
12364
12627
12446
12930
13356
13066
12957
13116
13086
13217
13191
13084
13337
13037
13241
13297
13453
13453
13074
13464
13238
13391
13616
13427
13607
13453
13376
13364
13337
13302
13454
13588
13440
13189
13384
13441
13553
13317
13538
13484
13581
13396
13622
13571
13796
13718
13719
13468
13642
13828
13594
13537
13892
13676
13686
13708
13618
13348
13450
13949
13636
13994
13718
13801
13825
13841
13757
13916
13741
14130
14030
13824
14036
14122
14136
13972
14152
14100
13984
14105
14118
14171
14218
14132
14026
14115
14092
14244
14458
13869
14260
14315
14213
14112
14370
14394
14154
14306
14336
14449
14357
14221
14269
14325
14444
14212
14381
14318
14427
14621
14461
14381
14761
14521
14609
14558
14420
14577
14321
14599
14447
14857
14745
14868
14765
14683
14921
14514
14815
14800
14774
14925
14893
14990
14992
14862
15121
14932
15092
14974
14939
15007
15040
15046
15059
14948
15074
15076
15078
15300
14826
15156
15274
15146
15217
15108
15121
14966
15238
15231
15173
15337
15141
15273
15232
15061
15051
15106
15034
14715
15314
15099
15320
15452
15478
15433
15441
15381
15162
15508
15435
15550
15508
15437
15523
15686
15498
15325
15533
15694
15561
15233
15122
15353
15226
15421
15193
15394
15228
15533
15537
15186
15526
15564
15752
15680
15843
15678
15936
15757
15730
15919
15822
15985
15852
15930
16140
15820
15930
16004
15853
15941
15988
15834
16146
15912
16126
16041
16021
16085
16027
16139
16058
16280
16182
16083
15906
16249
16112
16029
16326
16276
16254
16174
16079
16274
16243
16190
16431
16186
16253
16201
15987
16440
16300
16283
16394
16141
16334
16141
16375
16125
16536
16498
16439
16102
16610
16349
16417
16281
16397
16714
16344
16312
16531
16559
16431
16538
16432
16640
16523
16462
16581
16541
16828
16564
16558
16666
16792
16672
16775
16915
16392
16957
16855
16626
16930
16877
16796
16670
16840
16698
16820
16923
16788
16806
16886
16715
16930
16644
17102
16872
17043
17014
16815
17140
16845
16913
16683
16830
16724
16960
16896
16968
16986
16978
16881
17024
16694
17150
16852
16950
17229
17095
17048
17052
17364
17179
17076
17014
17227
17014
17093
17134
17143
17437
17336
17204
17220
17106
17257
17341
17536
17393
17371
17456
17175
17424
17551
17696
17621
16960
17385
17258
17267
17262
17359
17620
17379
17428
17511
17640
17353
17472
17365
17408
17673
17729
17708
17508
17312
17776
17530
17653
17605
17733
17776
17509
17382
17732
17875
17589
17906
17966
17719
17634
17469
17988
17970
17924
17958
17716
17721
17695
17798
17768
17712
17581
17533
17429
17629
17554
17554
17168
17547
17170
17360
17395
17708
17987
17783
18054
17830
17901
18048
17926
18240
18162
17988
18213
17712
18331
17906
18188
18285
18221
18128
18129
17852
18049
18210
18177
18231
18236
18116
17761
18237
17972
18072
18045
18004
18310
18175
18258
18348
18196
18334
18443
18054
18293
18090
18611
18466
18256
18301
18197
18141
18364
18450
17979
18394
18196
18421
18567
18320
18151
18381
18517
18144
18346
18257
18481
18409
18570
18429
18468
18901
18512
18779
18196
18699
18522
18395
18534
18533
18688
18736
18537
18630
18562
19008
18676
18780
18512
18542
18074
18452
18625
18549
18677
18469
18625
18826
18829
18665
18806
18586
18594
18732
18772
18874
18868
18848
18850
18604
18944
18949
18886
18925
18787
18852
18918
18692
18638
18598
18788
18772
18539
18998
18816
18996
18702
18905
18926
18797
18756
19108
19017
18840
19039
18882
19016
18852
18880
18806
19200
18893
18889
18688
19156
19198
18800
19133
18997
19044
18958
19005
19028
18920
19292
19045
19200
19088
18961
19378
19322
19245
18957
19136
19142
19232
19129
19034
19293
18664
19216
19185
19312
19139
19243
19210
19468
19002
19082
19162
19531
19501
19112
19562
19222
19176
19137
19423
19112
19190
19416
19352
18986
19336
19308
19337
19528
19354
19464
19167
19385
19208
19413
19164
19544
19444
19402
19104
19261
19166
19277
19413
19378
19218
19379
19560
19270
19453
19438
19006
19232
19396
19546
19112
19383
19268
19435
18968
19539
18909
19072
19649
19622
19375
19232
19504
19423
19614
19501
19508
19604
19294
19447
19362
19198
19472
19540
19652
19506
19381
19352
19378
19429
19595
19562
19382
19298
19587
19301
19601
19434
19167
19432
19479
19645
19572
19776
19437
19637
19036
19407
19544
19617
19517
19706
19385
19421
19931
19736
19427
19915
19658
19578
19758
19731
19494
19719
19534
19593
19581
19472
19441
19761
19370
19505
19759
19181
19421
19476
19522
19262
19540
19730
19190
19840
19027
19181
19266
19377
19717
19806
19441
19446
19615
19592
19514
19313
19494
19759
19309
19643
19295
19208
19362
19271
19122
19422
19098
19421
19416
19000
19012
19028
18992
18946
18977
19369
19203
19052
19226
19250
19105
19552
19584
19388
19485
19539
19633
19432
19759
19313
19716
19910
19694
19510
19622
19594
19432
19636
19601
19560
19812
19679
19361
19179
19500
19460
19592
19508
19782
19570
19651
19634
19470
19460
19616
19624
19556
19431
19720
19386
19568
19560
19537
19564
19741
19655
19452
19429
19154
19368
19386
19043
19108
19181
19235
19574
19495
19251
19414
19270
19153
19458
19297
19292
19636
19510
19386
19244
19274
19250
19494
19452
19182
19129
19346
19172
19258
19184
19306
19286
18909
19204
19237
19212
19333
19192
19072
18932
19133
19338
19189
19321
19169
19256
19134
19208
19052
18968
18976
18818
19130
18980
18862
19341
18944
19029
19054
19182
18924
19187
18946
19494
19152
19240
19418
19032
19188
19385
19309
19193
18952
19160
18899
18966
19130
19073
19153
18854
18801
19026
19089
18786
18721
18916
18973
18966
18854
18917
18842
18663
18838
18614
18962
19124
18729
18946
18731
18732
18717
18876
18861
18983
18895
18964
18956
18541
18788
18966
18565
18596
18538
18863
18816
18638
18784
18812
18926
18594
18479
18580
18609
18808
18420
18441
18342
18667
18326
18777
18803
18971
18764
18329
18626
18498
18798
18624
18459
18546
18213
18303
18458
18438
18290
18306
18370
18357
18344
18421
18439
18233
18180
18490
18466
18260
17979
18462
18047
18257
18337
18185
18136
18384
18182
18059
18266
18052
17962
18044
18025
18048
18263
17996
18036
17907
17955
18383
18244
18114
18091
17753
17766
18125
18025
18061
17994
17580
17806
18040
17990
17789
17976
17783
17842
17920
18018
17722
17812
17721
17631
17916
17631
17633
17514
17206
17284
17386
17485
17450
17508
17380
17106
17367
17392
17755
17636
17769
17536
17595
17547
17693
17440
17218
17552
17433
17065
17610
17733
17472
17488
17158
17064
17227
17239
17332
17163
17352
16818
17070
16935
17037
17016
17082
17087
16964
16914
17138
16980
17342
17168
16973
16783
17019
16964
16868
16943
16965
17074
16909
16984
17061
16797
16722
16909
16863
16805
16787
16646
16906
16436
16548
16686
16356
16337
16881
16678
16616
16500
16860
16619
16524
16730
16529
16527
16580
16482
16267
16370
16470
16306
16395
16220
16389
16356
16436
16419
16248
16326
16340
16262
16478
16411
16106
16233
16163
16248
15933
15965
15882
15682
15656
15736
15930
15777
15881
15858
15936
15730
15846
15800
15757
15413
15481
15800
15812
15421
15131
15399
15535
15212
15611
15644
15676
15801
15562
15644
15587
15668
15775
15498
15389
15692
15605
15575
15564
15623
15416
15513
15315
15509
15341
15290
15110
14916
14700
14735
14942
14552
14613
15027
14608
15064
14968
14958
15144
15372
15113
15068
15083
15025
15113
15095
15068
15005
14768
15094
14849
14652
14605
15083
14858
14670
14872
14667
14592
14600
14668
14859
14685
14299
14670
14501
14258
14422
14569
14414
14490
14614
14477
14438
14421
14069
14462
14053
14279
14219
14379
14414
14276
14381
14297
13897
13723
13376
13547
13494
13710
13596
13469
13568
13660
13693
13755
13979
13857
13838
13837
13911
13864
13788
13932
14013
13630
13896
13733
13830
13425
13494
13526
13600
13881
13727
13585
13684
13608
13543
13297
13424
13227
12948
13213
12980
12964
12872
13045
13194
12985
13150
13221
13258
13322
13036
13126
13333
13063
12713
12916
13132
13010
12889
12814
12881
12767
12686
12827
12705
12659
12956
12770
12655
12512
12511
12643
12699
12654
12968
12527
12762
12516
12479
12599
12355
12315
12089
12420
12521
12397
12124
12336
12312
12402
12304
12322
12262
12354
12346
12143
12006
12014
11882
12212
11977
12061
11942
11951
12086
12041
12037
11933
11867
11866
11944
11907
11773
11726
11812
11687
11802
11709
11771
12020
11636
11700
11679
11845
11589
11423
11332
11328
11153
11141
11238
11293
11059
11121
11238
11042
11194
11148
11055
11298
11187
11133
11057
11325
11171
11130
11176
11056
11056
11097
11090
11082
10890
11010
10811
11238
10890
10830
11032
10804
10891
10830
10510
10812
10716
10713
10802
10781
10780
10638
10579
10708
10722
10610
10732
10404
10713
10814
10416
10479
10482
10485
10521
10499
10331
10344
10365
10432
10305
10271
10471
10229
10242
10038
10182
10204
10161
10156
10102
10291
10038
10053
10013
9789
9911
10062
9977
9951
9800
9947
10013
10200
10301
9942
9977
9796
9889
9971
10042
9783
9785
9675
9728
9871
10008
9693
9618
9788
9841
9639
9574
9611
9496
9478
9473
9411
9708
9437
9516
9550
9466
9763
9512
9631
9404
9647
9280
9397
9444
9571
9404
9304
9377
9242
9401
9272
9056
9291
9390
9400
9412
9260
9196
9360
9160
9213
9235
9236
9055
9098
8806
9101
9193
8942
8927
8867
8943
8985
9042
8988
9048
8891
8837
8948
8739
9049
8853
8924
8710
8734
8661
8897
8678
8782
8583
8868
8890
8559
8819
8687
8651
8509
8580
8728
8722
8765
8595
8527
8714
8563
8758
8594
8469
8590
8586
8487
8413
8511
8597
8477
8384
8391
8512
8469
8486
8519
8411
8431
8324
8468
8241
8315
8489
8387
8250
8424
8143
8512
8212
8347
8158
8243
8381
8217
8112
8242
8457
8385
8230
8135
8050
8408
8123
8201
8138
8364
8228
8100
8207
8297
8172
8275
8139
8159
8254
7995
8103
8071
7916
8235
8124
8061
7908
8061
8189
8148
8032
7983
8100
8101
8065
8110
7989
7970
8024
8175
8089
7901
8031
8111
8079
8044
7951
8129
8018
8167
7972
8033
7835
8008
8101
8188
7802
7907
8016
8046
8010
8075
8222
7817
8155
7942
8038
8082
8090
8045
8001
8047
8104
8125
8015
7849
8025
8080
8106
7939
7760
8006
7903
7851
8061
7974
8001
8211
7887
7981
8047
7997
7885
8059
8101
8102
7984
8086
8017
8024
7947
7926
7759
7864
8109
8069
8000
7942
8062
7832
8124
8101
7901
8170
7926
8012
8143
7964
8206
8292
8264
8039
7968
7869
8123
8132
7995
7968
8003
8284
8325
8198
8048
8187
8282
7920
8107
8098
8069
8195
8097
8129
8075
8176
8146
8134
8315
8294
8065
8212
8093
8301
8227
8306
8188
8018
8334
8349
8276
8338
8235
8125
8259
8422
8152
8352
8256
8339
8414
8355
8345
8343
8342
8173
8192
8206
8249
8340
8409
8093
8218
8040
8108
8201
8250
8413
8463
8415
8448
8467
8347
8348
8436
8366
8242
8299
8544
8332
8366
8622
8488
8520
8402
8464
8665
8410
8569
8543
8476
8578
8729
8542
8240
8448
8374
8548
8495
8537
8475
8644
8477
8415
8498
8810
8676
8606
8657
8647
8690
8530
8716
8255
8599
8621
8587
8430
8643
8650
8710
8576
8731
8724
8765
8592
8722
9047
8906
8630
8624
8682
8576
8724
8731
8682
8456
8470
8580
8653
8758
8632
8732
8806
8767
8634
8849
8797
8804
8518
8676
8781
8686
8648
8692
8736
8836
8650
8744
8675
8794
8755
8904
8617
8657
8632
8623
8874
8881
8608
8690
8957
8743
8861
8815
8740
8654
8832
8610
8729
8573
8883
8659
8541
8669
8746
8729
8885
8777
8903
8789
8764
8867
8774
8997
8579
8854
8765
9026
8824
8809
8947
9006
8977
8936
8804
8810
8811
8836
8795
9038
8707
8937
8943
8917
9060
8933
8976
8980
8891
8654
8855
8869
8895
8841
8942
8947
8811
8716
8832
8941
8849
8882
8765
9034
8843
8584
8683
8852
8926
8609
8905
8890
8924
8744
8689
8794
8729
8830
8819
8927
8948
9070
8697
8761
8998
8907
8592
8745
8946
8760
8784
8842
8753
8840
8665
8795
8700
8933
8856
8757
8835
8708
8620
8652
8675
8725
8660
8573
8683
8630
8905
8578
8744
8527
8602
8662
8699
8598
8699
8626
8504
8607
8771
8486
8662
8578
8573
8734
8621
8645
8625
8687
8482
8570
8624
8656
8284
8667
8720
8601
8514
8503
8543
8538
8474
8598
8512
8452
8386
8721
8455
8350
8386
8376
8261
8437
8297
8491
8309
8361
8399
8474
8539
8639
8295
8301
8467
8466
8419
8320
8333
8083
8439
8227
8300
8365
8228
8216
8314
8131
8327
8152
8323
7996
8230
8138
8202
8209
8107
8110
8243
8142
8141
8057
8190
8026
8059
8155
8015
8185
7953
7986
7998
7976
7910
7965
7924
8024
7988
8044
7925
7986
8020
8154
8035
7849
7994
7927
8022
7834
7790
7802
7908
7760
7712
7748
7664
7668
7727
7710
7910
7725
7740
7894
7637
7642
7820
7772
7604
7645
7469
7485
7658
7646
7491
7565
7458
7411
7593
7522
7471
7352
7390
7461
7316
7460
7465
7325
7260
7313
7402
7284
7238
7374
7378
7183
7211
7232
7380
7265
7102
7102
7270
7107
7140
7037
6708
6833
6641
6677
6612
6849
7082
6958
7014
6937
6905
6953
6862
6839
6737
6727
6776
6848
6880
6661
6720
6768
6776
6869
6766
6602
6717
6581
6636
6668
6642
6605
6525
6501
6607
6678
6607
6517
6416
6538
6386
6461
6267
6451
6148
6300
6321
6185
6285
6164
6312
6055
6232
6133
6188
6128
5927
6075
6070
6152
6037
5947
6048
6061
5871
5937
5986
5931
5858
5771
5929
5579
5770
5772
5750
5660
5697
5662
5523
5576
5666
5579
5737
5550
5560
5693
5452
5503
5439
5509
5612
5435
5253
5315
5386
5287
5313
5256
5247
5157
5182
5184
5274
5170
5329
5194
5045
5087
5155
5027
4994
4984
4930
4928
5023
4826
4980
5016
4876
4985
4946
4862
4886
4750
4830
4764
4694
4644
4737
4660
4755
4692
4624
4538
4592
4482
4468
4596
4484
4491
4471
4528
4354
4358
4308
4221
4376
4335
4230
4167
4244
4277
4195
4206
4266
4184
4141
4045
4051
4029
4000
4051
4096
3973
4057
3970
4128
3996
3753
3693
3790
3733
3658
3750
3871
3777
3886
3780
3704
3745
3690
3814
3730
3666
3674
3667
3594
3524
3511
3644
3557
3602
3496
3562
3453
3471
3491
3559
3332
3474
3419
3456
3547
3547
3362
3285
3405
3344
3368
3267
3245
3325
3305
3376
3058
3202
3441
3271
3163
3232
3015
3226
3214
3172
3199
3124
3116
3152
3076
3032
3113
3045
3062
3062
3011
3179
3079
3019
2939
2997
3048
2927
2944
3019
2921
2970
2972
3023
2967
2951
2918
2939
2878
2823
2947
2857
2854
2807
2804
2889
2867
