3260
3330
3296
3080
3334
3356
3299
3349
3241
3390
3378
3317
3272
3323
3303
3321
3349
3305
3317
3379
3264
3392
3366
3337
3436
3437
3317
3353
3270
3462
3450
3482
3288
3499
3419
3441
3389
3340
3451
3474
3504
3333
3500
3441
3488
3416
3434
3499
3464
3445
3544
3608
3412
3418
3595
3369
3537
3337
3512
3404
3558
3577
3523
3391
3426
3348
3449
3495
3464
3556
3572
3542
3506
3471
3517
3590
3575
3573
3599
3455
3572
3396
3448
3547
3561
3732
3578
3521
3664
3623
3589
3575
3708
3801
3641
3701
3628
3574
3618
3565
3631
3574
3580
3686
3688
3609
3600
3657
3680
3686
3653
3683
3755
3938
3706
3712
3753
3721
3612
3631
3626
3641
3690
3720
3685
3675
3720
3823
3590
3645
3813
3770
3792
3674
3726
3636
3738
3915
3765
3708
3695
3676
3769
3642
3701
3648
3800
3897
3687
3747
3868
3784
3865
3730
3688
3732
3776
3937
3801
3752
3901
3866
3846
3895
3827
3813
3932
3872
3873
3804
3881
3904
3899
3828
3928
3962
3877
3839
3808
3997
3849
4075
3915
3846
3849
3886
3979
3882
3827
4070
3973
4045
4065
3976
3982
4013
4031
3963
4000
4004
3897
3949
4130
3945
3851
3903
3950
4000
4051
3959
3973
4045
4161
4012
3949
3932
3939
3999
4079
3971
4022
4030
4053
4023
4078
3969
3999
4198
4097
4108
4130
4032
4034
4147
4243
4163
4219
4233
4175
4136
4110
4185
4120
4286
4162
4175
4243
4210
4201
4294
4314
4262
4175
4178
4165
4178
4218
4245
4215
4130
4303
4253
4329
4207
4295
4286
4468
4405
4140
4180
4256
4361
4272
4410
4263
4416
4321
4198
4244
4323
4440
4364
4325
4363
4300
4406
4283
4239
4306
4266
4489
4410
4348
4243
4293
4326
4423
4321
4270
4394
4482
4452
4425
4416
4571
4530
4456
4416
4437
4515
4395
4559
4514
4449
4429
4525
4481
4394
4496
4660
4570
4549
4610
4607
4399
4490
4678
4524
4446
4565
4645
4602
4560
4580
4610
4753
4709
4728
4637
4697
4543
4442
4757
4682
4517
4670
4645
4587
4564
4756
4470
4702
4572
4608
4796
4715
4763
4700
4736
4703
4750
4654
4848
4787
4823
4798
4729
4770
4714
4672
4756
4783
4854
4663
4688
4872
4836
4790
4897
4806
4800
4823
4991
4769
4865
4821
4936
4892
4978
4932
4898
4902
4834
4910
4727
4877
4981
4926
4868
4884
5048
4855
4872
4836
4956
4937
5029
5084
5015
4887
4971
5107
5062
5035
5005
5012
5017
5127
5213
5037
5012
5141
4933
5109
5120
5091
5032
5092
5127
5059
5164
5226
5045
5103
5199
5113
5260
5196
5154
5087
5134
5190
5155
5245
5163
5271
5202
5289
5328
5225
5229
5196
5144
5388
5416
5346
5353
5297
5184
5291
5323
5327
5190
5395
5208
5362
5299
5372
5262
5470
5276
5420
5354
5407
5451
5354
5295
5321
5494
5514
5509
5443
5330
5534
5336
5354
5447
5569
5593
5307
5500
5380
5614
5500
5732
5400
5654
5573
5744
5582
5580
5557
5412
5387
5592
5378
5520
5762
5567
5546
5846
5623
5594
5625
5566
5573
5659
5632
5734
5764
5643
5762
5608
5480
5731
5610
5908
5668
5698
5826
5807
5771
5710
5822
5677
5789
5792
5766
5747
5862
5839
5873
5951
5939
5856
5842
5837
5950
5731
5937
5830
5971
5821
5985
5912
5865
5709
5908
5808
5864
5884
5992
5921
6097
5931
6023
5972
5997
6114
6053
6180
6026
5978
6008
6111
5928
6192
6160
5924
6081
6009
6080
6147
6171
6132
6063
6111
6233
6118
6098
6044
6086
6179
6233
6199
6227
6181
6047
6118
6337
6299
6233
6205
6258
6224
6101
6154
6269
6342
6294
6222
6300
6446
6561
6317
6418
6499
6496
6244
6408
6436
6291
6313
6181
6248
6145
6129
6272
6349
6315
6242
6214
6396
6349
6333
6430
6351
6342
6506
6477
6344
6350
6437
6489
6447
6474
6751
6475
6575
6588
6731
6620
6568
6558
6605
6445
6585
6663
6682
6787
6670
6743
6722
6827
6820
6642
6835
6781
6814
6668
6797
6736
6825
6630
6796
6755
6701
6747
6656
6769
6810
6755
6836
6838
6858
6784
6875
6976
6913
6778
6807
6778
6922
6866
6859
6833
6828
7012
6973
6838
7131
6808
6922
6836
6843
6867
7137
6951
6953
7117
7078
7082
7111
7137
6935
7173
6999
7018
7040
7140
7257
7120
7241
7143
7221
7239
7119
7076
7244
7210
7199
7417
7194
7060
7218
7264
7437
7232
7299
7297
7392
7360
7606
7305
7652
7455
7492
7557
7462
7396
7528
7453
7508
7548
7384
7498
7501
7415
7483
7769
7566
7414
7596
7625
7498
7650
7664
7674
7683
7503
7667
7637
7691
7655
7821
7628
7735
7630
7768
7724
7741
7667
7705
7588
7966
7752
7703
7813
7489
7834
7632
7796
7789
7871
7595
7822
7729
7721
7727
7985
7837
7793
7866
8022
8025
8134
8045
7902
7918
8045
7927
7978
8070
8011
8012
7947
8016
7886
8016
8006
7907
7938
8110
8092
8159
8141
8205
8129
8188
7979
8153
8079
8271
8177
8191
7978
8201
8139
8278
8192
8156
8213
8366
8113
8323
8400
8344
8382
8351
8256
8332
8370
8411
8356
8170
8407
8253
8409
8614
8553
8413
8404
8498
8522
8676
8794
8699
8747
8656
8665
8415
8681
8482
8554
8474
8684
8740
8637
8579
8816
8715
8676
8671
8654
8728
8628
8635
8682
8641
8702
8558
8710
8714
8670
8731
8677
8957
8617
8887
8704
8975
8816
9101
8847
8943
9212
8949
8917
9063
9077
9099
9114
9278
9018
9476
9294
9101
9006
9250
8879
9069
9178
9154
9099
9033
9135
9408
9517
9302
9186
9225
9324
9426
9402
9374
9148
9428
9437
9379
9235
9385
9489
9345
9240
9357
9352
9336
9340
9473
9378
9265
9236
9376
9418
9612
9259
9293
9129
9693
9564
9590
9774
9565
9657
9561
9658
9533
9663
9495
9760
9592
9549
9525
9668
9770
9548
9533
9490
9782
9502
9603
9910
9546
9746
9891
9802
9632
9760
9924
9816
9959
9643
9907
10009
9906
10036
10051
10037
10008
9980
10040
10041
9957
10036
9832
9989
9841
10006
9910
9896
9800
9949
9986
10011
10153
10003
10260
10067
10068
10203
10120
10286
10132
10269
10206
10210
10294
10356
10348
10384
10010
10290
10119
10304
10151
10386
10168
9962
9987
10341
10257
10250
10369
10519
10502
10560
10474
10506
10564
10524
10742
10721
10760
10627
10525
10351
10542
10598
10608
10730
10597
10485
10688
10509
10527
10486
10618
10589
10588
10741
10400
10548
10313
10520
10581
10690
10369
10632
10496
10646
10740
10865
10664
10823
10923
10851
11109
11033
10775
10896
10960
10947
10780
10833
10424
10247
10169
9856
9562
9846
9271
9066
9051
8902
8950
9093
9299
9629
9980
10122
10660
10876
11297
11287
11504
11478
11392
11520
11466
11471
11471
11498
11560
11451
11497
11353
11367
11448
11356
11461
11370
11588
11593
11462
11494
11390
11644
11712
11395
11527
11483
11358
11341
11496
11584
11706
11626
11528
11761
11541
11944
11734
11671
11956
11758
11708
11785
11666
11780
11738
11728
11953
11878
11586
11833
11808
11768
11862
11809
11756
11862
11550
12027
11936
11989
12009
11941
11924
11994
12109
12039
11912
12023
11961
11998
11951
12158
12053
12079
12058
12028
12130
12126
11920
11965
12184
11842
12235
11941
12160
12190
12133
12261
12144
12124
12247
12181
12133
12177
12406
12179
12185
12260
12246
12422
12389
12258
12374
12521
12644
12406
12437
12409
12421
12751
12558
12685
12644
12736
12446
12616
12482
12777
12733
12723
12932
12794
12899
12587
12736
13044
13049
12698
12846
13130
13115
13098
12886
13165
12922
12636
12800
12673
12592
12486
12591
12222
12282
12397
12158
12434
12400
12614
12994
13188
13101
13234
13269
13115
13287
13262
13205
13281
13186
13339
13197
13221
13017
13324
13167
13203
13573
13160
13217
13420
13357
13124
13474
13518
13293
13522
13240
13430
13365
13321
13534
13233
13499
13664
13484
13279
13709
13615
13707
13686
13761
13520
13447
13525
13777
13712
13467
13860
13716
13723
13906
13666
13760
13771
13672
13835
13639
13876
13981
13995
14071
14087
13957
13910
13932
13793
13978
14076
13728
13915
14184
14022
14301
13956
13942
14161
14344
14065
13932
14073
14061
14328
14184
14152
14314
14229
14226
14085
13996
14209
14331
14197
14438
14293
14254
14480
14482
14311
14500
14560
14057
14537
14311
14549
14404
14320
14602
14383
14370
14478
14648
14461
14630
14772
14538
14507
14650
14642
14623
14745
14730
14815
14477
14532
14666
14876
14824
14955
14964
14834
14983
14852
14826
14858
14653
14984
14914
14949
14699
15010
14851
15036
14812
14884
14868
14692
14850
15027
15115
14869
15136
15220
15353
15264
14892
14910
15159
15160
15136
15073
15065
15220
15156
15234
14882
15226
15215
15279
15231
15203
15248
15186
15165
15006
15109
15045
15168
15660
15440
15461
15190
15532
15556
15631
15313
15630
15610
15478
15331
15463
15440
15475
15341
15369
15210
15245
15274
15579
15686
15607
15562
15570
15734
15823
15512
15660
15690
15933
15945
15944
15695
15835
15930
16122
15893
15674
15666
15925
15747
15817
15874
16085
16143
16077
15913
16110
15922
15654
15858
15973
15973
16061
15993
16160
16193
16117
15980
16234
15936
16080
16183
16233
16141
16210
16029
16055
16340
16519
16473
15944
16247
16397
16017
16211
16738
16331
16278
16575
16274
16314
16397
16374
16180
16296
16276
16386
16557
16376
16239
16317
16428
16693
16448
16606
16608
16495
16406
16700
16294
16394
16674
16651
16616
16709
16820
16643
16500
16660
16523
16672
16726
16532
16705
16771
16506
16719
16570
16718
16660
16611
17088
16957
16842
17059
17077
16721
16750
17029
16810
17004
16788
16904
16691
16886
17126
16965
16794
16909
16845
16932
16762
16796
16866
17284
16890
17067
17172
16981
17056
16982
17161
16936
17042
17114
17294
16993
17039
17148
17385
16980
17200
17089
17395
17376
17223
17343
17238
17273
17269
17536
17425
17076
17323
17028
17076
17452
17182
17256
17460
17197
17560
17536
17158
17079
17390
17329
17371
17285
17259
17712
17426
17572
17476
17515
17444
17497
17664
17508
17633
17640
17381
17668
17500
17588
17557
17488
17694
17860
17847
17603
17677
17687
17869
17713
17814
17728
17574
17768
17906
17832
17648
17511
17408
17465
17482
17385
17553
17279
17459
17346
17071
17213
17305
17792
17866
17818
18052
17932
17858
17937
17759
18155
17824
18037
18225
17804
17963
17868
17804
17839
18036
17772
18025
18027
17722
17901
18123
17930
17957
17858
17997
17958
18006
18296
18077
18128
17732
18054
18093
18278
18164
18116
17936
18054
17921
17944
18131
18503
18286
18004
18180
18281
18293
18310
18276
18508
18262
18444
18396
18258
18100
18113
18196
18356
18346
18184
18241
18435
18270
18265
18422
18416
18350
18423
18423
18182
18758
18218
18383
18519
18332
18493
18464
18402
18642
18644
18672
18581
18701
18614
18892
18443
18702
18570
18312
18709
18457
18522
18354
18845
18670
18818
18824
18843
18752
18924
18660
18624
18746
18472
18923
18843
18640
18657
18837
18758
19060
18670
18703
18488
18335
18720
18717
18991
18766
18930
18924
19010
18880
18873
18890
18945
18562
18875
18605
18996
18802
19100
18965
18716
18968
18957
18997
18932
19064
19012
19008
18918
18836
19112
18938
18731
18852
19129
19116
19213
19021
19237
18932
19161
18873
19406
19097
19175
19125
18862
18957
19109
18980
19143
19072
19028
19224
19033
19420
19318
19102
19240
19170
19132
19421
19270
19250
19232
19140
19116
19148
19254
18797
19060
19156
19357
19344
19162
19162
19233
19306
19141
19258
19214
19009
19304
19352
19115
19166
19391
19323
19125
19237
19290
19387
19250
18979
19268
19435
19096
19391
18976
19274
19450
19087
19193
19346
19349
19142
19111
18788
19364
19252
19239
19392
19371
19372
19453
19379
19072
19050
19320
19375
19337
19232
19080
19309
19617
19268
19546
19730
19373
19121
19376
19413
19323
19417
19346
19377
19339
19523
19530
19488
19386
19883
19279
19500
19476
19490
19648
19637
19436
19716
19316
19757
19392
19588
19354
19556
19409
19549
19676
19638
19362
19385
19656
19524
19641
19476
19700
19850
19226
18970
19494
19405
19531
19457
19393
19418
19474
19388
19049
19125
19495
19520
19414
19182
19438
18970
19292
19403
19218
19323
19211
19660
19263
19362
19375
19315
19528
19474
19374
19764
19423
19500
19252
19172
19114
19300
19211
19307
19382
18956
19175
19207
19370
19072
19400
18901
18957
19193
19137
18922
18932
19008
19301
19289
19192
19739
19409
19228
19568
19658
19522
19421
19324
19460
19812
19478
19477
19296
19578
19620
19338
19305
19494
19595
19187
19390
19244
19216
19325
19460
19498
19664
19295
19435
19215
19370
19460
19266
19454
19360
19448
19330
19534
19539
19228
19378
19461
19381
19631
19278
19391
19440
19355
19365
18893
19086
19308
19277
19401
19062
19448
19260
19483
18867
19189
19231
19256
19378
19193
19247
19421
19250
19252
19034
19449
19144
19098
19208
19170
18889
19116
19098
19351
18970
18993
19138
18902
19114
19066
18978
19108
19210
18741
18980
19245
19258
19223
19058
18864
18821
18778
19254
18952
19018
19273
19085
19034
18832
18945
18886
19204
18988
19233
19104
19145
18753
19134
18950
18999
19165
18993
19066
18953
18809
18817
19144
18995
19013
18831
18662
18824
18708
18894
19002
18805
18821
18797
18794
18881
18825
18843
18679
18566
18484
18549
18510
18722
18580
18536
18603
18875
18616
18788
18902
18887
18509
18645
18916
18840
18822
19089
18867
18789
18367
18659
18523
18546
18757
18708
18565
18766
18469
18609
18434
18455
18411
18221
18572
18290
18658
18604
18437
18411
18392
18430
18297
18560
18309
18338
18326
18302
18553
18447
18448
18447
18373
18088
18443
18225
18228
18074
18185
18374
18521
18211
18186
17716
18189
18154
18501
18203
18360
18107
18244
18427
17972
18173
17970
17992
18028
18010
17978
17762
17700
18008
18012
17885
18276
18250
17974
17812
17678
17687
17970
17986
17674
17762
17910
18176
17531
17515
17723
17750
17484
17773
17664
17672
17618
17912
17577
17553
17664
17576
17424
17588
17261
17133
17222
17254
17302
17161
17324
17238
17288
17070
17164
17116
17718
17193
17412
17300
17774
17350
17314
17475
17106
17178
17657
17505
17540
17225
17193
17218
17195
17238
17060
17158
17176
17116
17130
17238
16940
16847
16850
16842
16941
16930
17165
16930
16653
16697
16844
16738
16934
16925
17063
16624
16991
16644
16926
16828
16424
16640
16640
16640
16775
16714
16620
16491
16745
16682
16663
16681
16612
16660
16442
16506
16670
16233
16292
16431
16489
16316
16809
16715
16305
16604
16283
16448
16449
16477
16335
16250
16408
16420
16724
16086
16334
16085
16193
16248
16329
16276
16362
15944
15924
15845
15932
15875
15572
15782
15904
15879
15791
15921
15898
16095
16096
15972
15603
15941
15596
15606
15574
15656
15532
15692
15408
15484
15653
15292
15673
15732
15748
16094
15480
15421
15532
15648
15549
15657
15733
15805
15490
15542
15518
15281
15218
15499
15321
15471
15488
15257
15121
14931
14517
14875
14812
14678
14891
14702
14633
14682
14817
15067
15207
15159
14708
14876
14985
14964
14802
14943
14922
14874
14944
15010
14695
14649
14623
14751
14640
14810
14780
14758
14690
14532
14672
14645
14367
14533
14438
14646
14677
14530
14558
14381
14385
14572
14271
14359
14644
14261
14470
14356
14441
14114
14196
14375
14302
14099
14253
14017
13698
13550
13561
13547
13456
13711
13720
13632
13963
13588
13769
13960
13938
13930
13933
13680
13896
13772
13671
13725
13849
13740
13667
13720
13419
13376
13621
13621
13682
13675
13426
13508
13355
13605
13321
13384
13360
13317
13290
13092
13327
13139
13261
13424
13144
13218
12951
12981
13177
13188
13040
13140
13133
13170
12936
12851
13035
13060
12958
12900
12954
12738
12778
12949
12709
12768
12805
12374
12850
12719
12650
12765
12727
12741
12633
12751
12600
12488
12486
12304
12613
12462
12287
12187
12541
12353
12395
12337
12272
12334
12490
11993
12379
12049
12398
11926
11900
12354
11972
12040
12174
11887
12345
11982
11956
11948
11970
12023
11719
12037
11822
12022
11849
11904
11814
11673
11654
11628
11922
11760
11640
11892
11736
11486
11573
11436
11385
11327
11276
11260
11298
11242
11101
11168
11345
11290
11244
11570
11360
11419
11197
11201
11284
11032
11379
11047
11124
11066
11145
11183
11208
11128
11117
11138
11016
10811
10982
11037
10786
10761
10676
10929
10856
11053
10700
10846
11034
10692
10613
10943
10608
10818
10685
10776
11003
10684
10554
10591
10684
10844
10908
10512
10482
10834
10582
10588
10486
10606
10313
10472
10496
10304
10490
10294
10353
10033
10242
10396
10204
10113
10243
10303
10275
10178
10089
10140
10101
10280
10110
10084
10097
10162
10165
10071
10029
10068
10069
9791
10021
10245
9960
9796
9873
9941
9657
9940
10052
10013
9876
9706
9688
9674
9663
9743
9712
9633
9693
9710
9595
9834
9537
9670
9577
9513
9572
9566
9592
9798
9643
9530
9629
9621
9568
9529
9240
9339
9518
9321
9509
9369
9387
9548
9310
9258
9427
9145
9341
9292
9355
9099
9393
9221
9389
9193
8953
9442
9130
9350
9175
9170
9311
9208
9285
9036
9292
9222
8994
9000
9252
9241
9207
8871
9034
8968
9034
8961
8904
8750
8924
8938
8986
9040
8860
8737
9055
8941
8960
8964
8852
9124
8822
8816
8998
8870
8881
8740
8673
8912
8829
8816
8951
8840
8753
8943
8781
8634
8780
8852
8640
8810
8760
8697
8653
8582
8499
8666
8822
8731
8900
8768
8760
8550
8445
8494
8774
8705
8683
8563
8573
8444
8699
8628
8471
8443
8614
8572
8313
8532
8465
8461
8460
8678
8629
8554
8356
8480
8469
8636
8737
8635
8570
8736
8582
8457
8382
8560
8572
8522
8429
8598
8473
8686
8506
8462
8373
8507
8299
8536
8543
8582
8466
8354
8500
8517
8427
8561
8626
8301
8426
8409
8512
8554
8637
8460
8317
8351
8331
8618
8620
8412
8469
8452
8548
8600
8448
8605
8318
8335
8600
8243
8536
8516
8540
8281
8473
8463
8543
8474
8314
8503
8405
8497
8443
8508
8566
8511
8572
8461
8349
8591
8637
8432
8395
8324
8542
8434
8450
8362
8382
8546
8442
8477
8294
8294
8510
8560
8641
8616
8604
8569
8745
8691
8863
8681
8948
8595
8761
8682
8746
8660
8795
8881
8819
8836
8756
8989
8815
8800
8916
8678
8772
8651
8996
8960
8925
8820
8800
8779
8759
9054
8902
8971
9070
9104
8807
8802
9022
8946
8917
9024
8891
8999
8991
8923
9060
8956
9068
8923
9103
9062
8948
9087
9090
9034
8964
9228
9050
8923
8938
8861
8798
8989
8849
9117
9098
8847
8958
9009
9109
9076
9193
9250
9132
8913
9079
9254
9232
9258
9082
9202
9110
9199
9284
9504
9310
9221
9248
9192
9298
9308
9254
9209
9411
9356
9337
9393
9453
9273
9525
9518
9417
9518
9369
9466
9340
9342
9489
9486
9467
9438
9388
9618
9468
9449
9409
9516
9404
9344
9477
9566
9403
9657
9657
9568
9651
9606
9364
9738
9410
9568
9715
9561
9610
9422
9590
9627
9595
9723
9688
9589
9518
9728
9659
9630
9524
9722
9688
9477
9615
9565
9771
9613
9530
9763
9802
9664
9432
9654
9702
9623
9716
9681
9792
9752
9586
9638
9512
9783
9689
9785
9639
9766
9566
9559
9640
9713
9919
9560
9704
9728
9682
9753
9417
9449
9455
9634
9384
9467
9502
9517
9878
9885
10101
9789
9866
9972
10104
9817
9941
10168
9759
9827
9676
9836
9781
9860
9695
9777
9912
9892
9834
9813
9747
9898
9878
9985
10107
9890
9854
9950
9786
9995
9856
10032
9828
9923
9829
10009
10058
9851
9816
9908
9880
9784
9919
9847
10008
9808
9909
9780
9976
10001
9900
9954
9840
9974
9914
9832
9885
9795
9629
9874
9684
9860
9932
9961
9937
9858
9919
9946
9831
9652
9792
9719
9831
9918
9755
9927
9836
9752
9629
9719
9921
9903
9878
9887
9870
9769
9925
9771
9789
9736
9709
9835
9835
9685
9700
9463
9717
9972
9682
9695
9717
9849
9465
9785
9819
9645
9378
9450
9457
9563
9840
9754
9668
9889
9446
9589
9528
9638
9674
9601
9473
9880
9707
9390
9454
9542
9638
9418
9317
9360
9345
9389
9381
9332
9314
9317
9486
9579
9338
9290
9574
9438
9524
9437
9611
9405
9554
9523
9407
9216
9230
9290
9303
9239
9290
9184
9272
9494
9226
9199
9344
9149
9073
9176
9042
9243
9025
9212
9281
9051
8877
9031
8958
8929
8918
9075
9065
8990
9036
8987
9005
9177
9012
9087
9065
8892
8852
8840
9029
9006
9040
9062
9069
8726
8832
8666
8656
8774
8755
8671
8768
8909
8845
8721
8876
8569
8671
8562
8508
8280
8548
8721
8468
8766
8696
8641
8705
8576
8677
8485
8412
8475
8509
8581
8469
8341
8265
8405
8353
8180
8327
8375
8261
8111
8292
8305
8372
8240
8275
8090
8139
8040
8132
7869
8133
8078
7945
7932
8153
7953
8075
7955
8032
8020
7829
8127
8042
7721
7692
7466
7414
7156
7373
7592
7528
7544
7872
7643
7802
7667
7701
7736
7744
7619
7444
7607
7487
7411
7415
7325
7558
7439
7365
7209
7414
7265
7278
7226
7195
7178
7087
7244
7164
7257
7237
7227
6948
7095
7178
6980
6771
6936
6944
6930
6706
6871
6829
6846
6879
6884
6929
6647
6675
6718
6627
6860
6698
6656
6718
6596
6502
6548
6727
6473
6393
6439
6224
6411
6320
6344
6416
6540
6418
6350
6404
6341
6056
6376
6219
6153
6189
6245
6111
6226
6127
6061
5946
6023
6032
5938
6045
5897
5759
5860
5899
5844
5723
5842
5770
5707
5668
5682
5676
5653
5403
5619
5668
5574
5481
5511
5419
5550
5404
5366
5401
5385
5264
5299
5163
5183
5323
5236
5328
5181
5129
5265
5101
4970
5053
5064
5008
5087
5003
5045
4987
4938
5040
4933
4743
4777
4876
4774
4681
4749
4704
4786
4635
4589
4650
4588
4476
4654
4331
4648
4533
4475
4431
4449
4481
4327
4386
4129
4242
4292
4317
4208
4008
4095
3879
3991
4038
4081
4096
4094
4058
3989
4123
4015
4007
3860
4088
3959
4109
3919
3944
3842
3840
3826
3900
3826
3896
3891
3914
3675
3845
3677
3718
3734
3543
3725
3623
3653
3554
3591
3547
3639
3659
3509
3445
3504
3494
3547
3457
3403
3500
3323
3393
3445
3294
3387
3275
3282
3371
3358
3302
3398
3308
3178
3213
3289
3174
3304
3227
3181
3183
3245
3119
3202
3174
3136
3202
3114
3149
3145
3123
3122
3156
3111
3002
2964
3129
3085
2944
3127
3103
2930
2930
3092
2987
