3271
3256
3302
3310
3273
3301
3170
3258
3279
3166
3292
3247
3331
3261
3308
3338
3258
3267
3320
3271
3301
3402
3312
3380
3337
3354
3368
3397
3416
3232
3360
3315
3307
3345
3301
3303
3367
3438
3428
3427
3405
3356
3416
3335
3252
3469
3385
3394
3401
3447
3367
3361
3436
3458
3506
3420
3346
3432
3283
3491
3358
3557
3487
3446
3434
3413
3423
3427
3511
3444
3496
3416
3513
3568
3550
3417
3540
3523
3589
3567
3586
3539
3473
3554
3442
3528
3498
3576
3406
3550
3537
3593
3670
3588
3526
3590
3589
3616
3528
3461
3626
3586
3543
3565
3644
3449
3583
3697
3645
3627
3563
3570
3684
3689
3723
3619
3577
3659
3819
3730
3681
3617
3734
3481
3649
3584
3755
3636
3664
3589
3615
3721
3758
3772
3872
3707
3800
3602
3730
3844
3714
3836
3588
3750
3780
3769
3701
3792
3767
3688
3914
3822
3795
3683
3857
3890
3712
3871
3802
3787
3925
3805
3810
3777
3878
3779
3868
3901
3738
3753
3996
3861
3901
3978
3843
3873
3926
3846
3946
3812
3881
3971
3797
3949
4043
3911
3979
3971
4015
3937
4015
3961
3933
3962
3920
4014
3857
3922
3881
3872
3917
3867
3912
3886
4013
4084
4124
4142
4045
4002
4028
4082
3948
4026
4080
3945
4111
4032
4007
4126
4094
4060
4060
4116
4150
4040
4053
4018
4068
4070
4117
4134
3980
4083
4154
4274
4057
4107
4104
4119
4031
4224
4127
4231
4096
4174
4196
4222
4128
4164
4274
4182
4226
4418
4158
4210
4155
4305
4147
4328
4133
4217
4224
4374
4194
4153
4369
4310
4337
4342
4304
4355
4310
4222
4353
4244
4361
4309
4336
4448
4378
4465
4316
4301
4445
4359
4324
4423
4284
4330
4397
4173
4380
4334
4301
4443
4305
4453
4529
4459
4339
4634
4406
4521
4538
4395
4451
4453
4511
4432
4398
4536
4485
4448
4367
4525
4554
4624
4378
4565
4568
4509
4660
4530
4548
4451
4660
4565
4600
4308
4438
4542
4653
4624
4585
4641
4568
4621
4582
4531
4646
4553
4795
4557
4592
4593
4638
4701
4616
4558
4404
4665
4703
4642
4661
4673
4496
4699
4653
4765
4766
4728
4589
4750
4806
4744
4811
4742
4758
4759
4841
4816
4887
4793
4733
4780
4825
4859
4859
4873
4630
4968
4797
4934
4828
4894
4961
4758
4904
5021
4965
4819
5012
4917
4888
5075
4838
4946
4761
4885
4937
5006
4825
4884
4962
5010
4880
5139
4864
4919
4989
4989
4962
5175
4970
5084
5161
4949
5139
5011
4945
5178
5232
5011
5124
4908
5205
4973
5234
5129
5085
5086
5090
5221
5312
5113
5109
5094
5259
5178
5054
5153
5073
5244
5171
5224
5303
5141
5163
5359
5229
5244
5330
5327
5306
5407
5079
5142
5333
5360
5212
5410
5296
5251
5253
5227
5399
5315
5361
5249
5404
5387
5450
5292
5457
5596
5405
5427
5519
5464
5469
5445
5516
5366
5314
5525
5528
5443
5473
5552
5215
5436
5391
5401
5510
5463
5532
5589
5437
5458
5450
5607
5454
5437
5625
5606
5574
5515
5516
5592
5573
5747
5633
5617
5594
5514
5665
5593
5621
5802
5665
5554
5756
5843
5463
5723
5725
5700
5761
5746
5691
5693
5754
5677
5813
5894
5930
5688
5822
5838
5909
5883
5961
5834
5885
5921
5729
5755
6133
5960
5826
5942
5883
5799
5870
5697
5901
5862
5924
5901
6040
5963
5977
5921
5890
5992
6002
5924
6000
6055
6050
6011
5948
5928
6036
6020
5982
6079
6132
6087
6117
6237
6101
6255
6026
6151
6157
6067
6166
6194
6015
6164
6067
6168
6078
6250
6204
6191
6197
6223
6266
6230
6280
6156
6300
6274
6140
6364
6278
6198
6334
6254
6121
6241
6442
6314
6405
6376
6435
6367
6271
6361
6425
6394
6234
6463
6080
6167
6118
6212
6141
6176
6335
6167
6439
6280
6612
6554
6501
6503
6491
6656
6463
6392
6539
6522
6706
6574
6622
6548
6471
6650
6705
6608
6509
6660
6586
6572
6638
6640
6483
6632
6803
6577
6616
6550
6525
6740
6717
6818
6651
6663
6834
6711
6853
6650
6640
6793
6857
6847
6736
6712
6970
6844
6769
6751
6954
6874
6861
7050
6879
6914
7054
7021
6921
6852
7117
6997
7018
6928
6868
7071
6990
6887
6962
6941
7004
7008
6970
6915
7213
7069
7048
7249
7091
7200
7009
7287
7304
7279
7237
6982
7296
7140
7208
7264
7145
7152
7317
7252
7256
7158
7248
7278
7369
7320
7257
7366
7497
7382
7419
7567
7326
7504
7293
7482
7581
7448
7298
7332
7452
7517
7424
7467
7479
7612
7616
7310
7565
7498
7476
7427
7444
7526
7534
7510
7603
7637
7565
7595
7694
7673
7786
7826
7827
7843
7658
7554
7699
7680
7653
7652
7665
7969
7784
7569
7610
7683
7497
7832
7836
7725
7857
7693
7821
7717
7905
7617
7912
7928
7876
7936
7913
7958
7877
8044
7876
7940
7855
7773
7866
8043
7865
8181
7987
8046
7852
8092
8152
8121
8180
8145
7841
8187
8120
8209
8139
8080
8081
8043
8066
8163
8404
8208
8102
8244
8293
8173
8411
8141
8291
8373
8228
8379
8289
8244
8373
8311
8469
8480
8301
8477
8370
8185
8274
8345
8448
8415
8599
8528
8568
8372
8585
8628
8537
8568
8356
8544
8643
8561
8580
8551
8573
8596
8737
8595
8871
8741
8808
8742
8681
8694
8653
8434
8660
8716
8689
8621
8570
8436
8659
8682
8726
8720
8592
8829
8851
9015
8837
8971
8937
9044
8927
8694
9203
9090
9141
8836
8852
9067
9099
9090
9196
9046
9158
9210
9140
9111
8986
9168
8974
9192
9131
8985
9239
9152
9315
9248
9236
9472
9163
9376
9251
9263
9328
9283
9357
9239
9399
9290
9596
9454
9280
9328
9414
9623
9348
9629
9488
9472
9213
9229
9588
9486
9673
9426
9467
9449
9414
9458
9371
9791
9586
9654
9559
9689
9812
9512
9660
9853
9513
9596
9664
9751
9560
9629
9625
9736
9549
9792
9781
9996
9728
9657
9885
9682
9895
9888
9797
9894
9788
9687
9877
9853
9991
9869
9776
9839
10127
10004
9902
9912
9957
9979
9898
9860
10054
9947
9997
9861
9946
10014
9914
10125
9940
10004
10194
10189
10134
10026
10198
10073
10315
10378
10404
10252
10343
10260
10363
10116
10143
10207
10038
9986
10188
10229
10205
10019
10404
10346
10584
10266
10416
10571
10325
10382
10243
10434
10717
10423
10628
10716
10529
10695
10660
10595
10502
10605
10555
10741
10728
10779
10486
10466
10499
10578
10439
10653
10433
10521
10576
10437
10413
10212
10346
10653
10424
10550
10700
10704
10820
10898
10882
10927
10768
10976
11167
11119
10902
10948
11048
10920
10679
10656
10268
10337
9929
10034
9743
9628
9374
8986
8790
8751
8915
9122
9430
9507
9877
10121
10525
11105
11100
11314
11394
11362
11562
11391
11604
11561
11444
11326
11370
11331
11659
11631
11498
11460
11205
11560
11588
11607
11474
11658
11404
11460
11307
11440
11334
11344
11496
11488
11450
11545
11367
11423
11558
11542
11624
11674
11722
11584
11789
11732
11882
11938
11562
11948
11989
11725
11870
11663
11716
11799
11691
11686
11530
11537
11747
11815
11820
11797
11794
11749
11941
12114
11759
11974
12229
12014
11683
11794
11910
11951
11993
12272
12180
11961
12244
12034
11963
12113
12011
12088
12301
12081
12105
12075
12025
12049
11901
12309
12210
12285
12082
12300
12114
12174
12215
12272
12468
12038
12264
12388
12287
12277
12521
12332
12365
12429
12620
12529
12499
12610
12658
12475
12555
12595
12786
12763
12796
12699
12845
12425
12592
12486
12846
12717
12831
12895
12930
12973
12889
12621
13256
13189
12903
13089
12915
12908
12639
12522
12572
12628
12389
12430
12447
12206
12203
12148
12515
12390
12806
13006
13149
13320
13197
13169
13035
13074
13202
13120
13043
13065
13165
13145
13085
13104
13437
13164
13286
13456
13436
13301
13320
13529
13414
13458
13346
13351
13114
13292
13550
13181
13480
13596
13574
13468
13307
13517
13548
13664
13738
13605
13206
13678
13602
13622
13821
13711
13824
13782
13497
13562
13465
13747
13549
13753
13644
13630
13558
13726
13740
13963
13755
13817
13956
13651
13753
13713
13802
13693
13814
13895
13843
14212
13858
13931
13803
13981
14051
14074
14127
14171
14102
14150
14004
14197
14204
14377
14073
14150
13890
14288
14344
14216
14248
14149
14193
14251
14307
14167
14411
14217
14181
14114
14131
14369
14409
14435
14109
14434
14351
14587
14485
14506
14648
14440
14560
14515
14496
14604
14476
14528
14508
14498
14410
14892
14687
14376
14804
14829
14826
14788
14818
14822
14849
14646
15013
14687
14940
14941
15119
15159
15222
14962
14817
14849
15093
15013
15044
14981
14971
15152
14964
15070
14946
15082
15168
15040
15056
15163
15309
15178
15178
14779
14981
15260
15243
15259
15012
14941
15222
15018
15180
15031
15321
14953
15198
15299
15357
15519
15442
15400
15471
15269
15466
15361
15217
15539
15664
15188
15262
15470
15326
15298
15353
15250
15448
15317
15242
15279
15341
15268
15504
15468
15673
15899
15921
15955
15584
16010
15509
15880
15757
15922
15730
15797
15942
15622
15833
16000
15904
15985
15973
16177
15789
15840
15852
16012
15892
16099
15995
15776
15730
15956
16303
15820
15979
16061
16058
16148
16296
15817
15737
16153
16158
16272
16140
16138
16185
16117
16014
16290
16009
16219
16363
15988
16701
16322
16310
16175
16132
16346
16281
16452
16128
16165
16348
16551
16424
16469
16181
16250
16408
16239
16647
16433
16509
16565
16601
16433
16660
16541
16503
16450
16500
16646
16577
16592
16490
16425
16463
16589
16598
16709
16616
16550
16611
16650
16544
16872
16416
16727
16804
16718
16735
16839
16608
16672
16641
16648
17009
16662
16690
16891
16757
17004
17044
16811
16669
16768
17093
16833
17078
16640
16844
16896
16941
16867
16810
16961
17083
16879
16857
17089
17086
17270
17205
17182
17037
17042
16991
17057
17284
17290
17161
17210
17164
17076
17004
17316
17412
17356
17524
17528
17242
17363
17436
17343
17288
17514
17436
17500
17199
17413
17114
17564
17250
17665
17353
17150
17466
17391
17370
17712
17163
17571
17362
17430
17263
17587
17601
17460
17456
17485
17615
17452
17359
17449
17503
17453
17301
17774
17610
17749
17755
17700
17793
17892
18100
17921
18069
17887
17768
17701
17810
17438
17285
17306
17159
17498
17223
17293
17243
17352
17146
17751
17738
17804
17895
17929
18056
17989
17880
17906
17874
18038
18081
18045
17806
18393
18009
17941
17820
17769
17912
17752
17947
18070
18165
17884
17929
18069
18168
18082
17818
17961
18156
17977
17686
17942
18005
17882
17988
18167
18138
18271
18010
18372
18250
18343
17940
18321
18043
18342
17969
18306
18260
18404
18419
18237
18088
18409
18390
18212
17912
18320
18113
18622
18496
18445
18490
18360
18301
18197
18308
18670
18524
18310
18579
18326
18568
18218
18513
18316
18576
18482
18458
18555
18516
18481
18671
18599
18596
18666
18445
18560
18511
18531
18710
18467
18580
18810
18636
18541
18426
18626
18717
18850
18532
18426
18752
18884
18741
18420
18630
18802
18614
18408
18587
18828
18658
18660
18288
18850
18629
18862
18661
18735
18934
18909
18733
18700
18649
18621
18517
19030
18895
18728
19154
18852
18988
18640
18906
18988
19142
18808
18927
18805
18584
18872
19028
19009
19009
18731
19020
19033
19131
19000
19184
18864
19121
18933
19068
18890
19024
18744
19162
19072
19035
18984
18970
19004
19334
18863
18987
18980
19083
19019
19356
19048
18918
19180
19218
19085
19083
18976
18955
19060
18996
19041
19028
19261
19124
19230
18612
19130
19340
19090
19217
19196
19282
19108
19166
19010
18744
19120
19349
18699
19252
19253
19396
19327
18996
19105
19515
19226
19139
19291
19166
19276
19415
19244
19145
19411
18978
19240
19090
19188
19322
18960
18869
19053
19348
19122
19208
19451
19364
19265
19303
19397
19402
19329
19398
19338
19172
19230
19204
19229
19493
19597
19760
19375
19821
19654
19162
19564
19405
19382
19269
19329
19388
19752
19484
19432
19484
19451
19252
19337
19489
19797
19697
19294
19677
19547
19347
19597
19816
19497
19314
19668
19444
19734
19416
19553
19526
19727
19559
19785
19315
19331
19484
19248
19466
19290
19508
19412
19370
19380
19560
19368
19258
19062
19419
19178
19268
19514
19496
19105
19380
18991
19087
19252
19501
19470
19362
19442
19648
19086
19289
19445
19706
19395
19490
19336
19063
19533
19207
19586
19096
19095
19289
19418
19230
19238
18986
19072
19108
18890
19144
19160
19012
19163
19350
19157
19259
19379
19579
19564
19257
19441
19584
19705
19638
19601
19418
19396
19562
19440
19237
19318
19382
19407
19488
19366
19229
19648
19469
19448
19370
19393
19506
19658
19491
19309
19254
19488
19607
19480
19276
19324
19482
19277
19606
19172
19342
19292
19236
19288
19322
19115
19389
19458
19439
19454
19375
19354
19449
19114
19008
19130
19267
19237
19274
18953
19411
19212
19006
19117
18916
19088
19348
19147
19322
19240
19245
19163
19126
19163
19114
19246
19284
18918
19355
19218
19186
19113
19351
19652
19320
19370
19024
18965
19127
19210
19052
19036
18846
18885
19081
18978
19150
19115
19122
18932
19180
19000
18820
19094
19210
18982
18928
18950
18989
19100
18839
18996
19105
18963
18888
19030
18948
19148
18912
18924
18930
18800
18639
19191
18790
18669
18884
18976
18705
18906
18752
19047
18889
18968
19110
18632
18682
18969
18606
18701
18784
18476
18915
18836
19080
18938
18867
18553
18868
18763
18578
18758
18741
18699
18621
18639
18868
18731
18969
18952
18928
18900
18162
18718
18489
18564
18415
18514
18518
18338
18408
18415
18784
18485
18252
18614
18570
18756
18302
18478
18359
18444
18378
18420
18162
18453
18522
18432
18105
18178
18460
18208
18322
18275
18580
18203
18209
18198
18340
18212
17941
18358
18100
18126
18041
18241
18031
17959
17849
18041
18102
18238
18239
17815
18022
17860
17896
18004
18196
18012
17905
17904
18057
17924
17907
18004
18065
17968
17587
17861
17734
17745
17872
17682
17812
17793
17931
17639
17640
17633
17655
17984
17746
17741
17842
17590
17613
17697
17621
17877
17603
17630
17556
17354
17227
17109
17248
17399
17117
17109
17343
17235
17434
17341
17591
17506
17512
17503
17581
17393
17386
17589
17476
17440
17405
17104
17035
17415
17168
17237
17289
17317
17443
16898
17349
17318
16834
17291
17359
17290
17099
16766
17098
16825
16853
16888
16798
16980
16830
17034
16784
17010
16838
17003
16896
17069
16870
16918
16772
16917
16425
16399
16937
17060
16604
16536
16653
16693
16785
16975
16394
16731
16550
16481
16570
16664
16363
16782
16413
16255
16529
16445
16526
16434
16265
16456
16480
16277
16616
16325
16316
16229
16252
16440
16241
16182
16079
16329
16328
16049
16228
15995
16070
15924
15912
15912
15992
15662
15772
15804
15794
15723
15966
15725
15792
15744
15652
15759
15723
15463
15378
15549
15552
15555
15672
15480
15577
15689
15648
15556
15563
15779
15686
15786
15658
15616
15977
15809
15642
15597
15580
15458
15706
15520
15533
15537
15128
15560
15413
15332
15142
14891
15139
14494
14790
14500
15053
14961
14762
14665
14864
14761
14875
14981
15005
15105
15070
14804
15160
14900
14944
14740
14888
14903
14856
14858
15040
14841
14592
14868
14553
14959
14740
14824
14570
14623
14647
14522
14532
14492
14385
14443
14358
14464
14302
14296
14594
14520
14331
14303
14571
14261
14376
14068
14315
14278
14271
14425
14358
13876
14110
13892
13608
13499
13501
13410
13620
13544
13442
13666
13846
13958
13866
13746
13909
13838
13942
13950
13734
13839
13732
13424
13587
13580
13637
13546
13516
13581
13677
13764
13492
13663
13682
13444
13402
13386
13332
13338
13236
13142
13356
13214
13146
13178
13201
13130
13126
12997
12984
13052
12958
13003
13090
13374
13204
12946
13028
13167
13062
12869
12617
12925
12885
12940
12881
12971
12827
12715
12621
12459
12712
12559
12702
12523
12686
12905
12605
12421
12498
12530
12615
12669
12424
12219
12289
12269
12440
12261
12314
12004
12416
12222
12405
12382
12171
12058
12241
12146
12267
12086
12147
12124
12062
11963
11988
11941
12077
11959
11951
12111
11925
11773
12127
11815
12085
11891
11851
11936
11996
11777
11736
11848
11728
11530
11574
11544
11200
11007
11296
11384
11075
11282
11412
11126
11154
11228
11304
11339
11347
11272
11028
11418
11278
11163
11160
11082
11159
11295
11403
11157
11317
11292
11122
10965
10939
11046
11000
11049
10939
10902
10842
10960
11013
10670
10843
10709
11028
10806
10733
10740
10505
10784
10859
10642
10932
10677
10904
10646
10632
10491
10562
10379
10816
10687
10467
10375
10731
10423
10195
10483
10597
10540
10226
10252
10360
10232
10382
10288
10139
10045
10221
10362
10189
10430
10303
10100
10368
10151
10274
10135
10349
10161
9989
10043
9936
9914
10126
10157
10029
9921
9948
9958
9902
9965
9943
9845
9949
9674
9830
9648
9984
9794
9873
9562
9615
9561
9558
9489
9787
9699
9724
9618
9649
9577
9598
9778
9642
9694
9358
9478
9368
9600
9595
9436
9295
9643
9375
9485
9414
9288
9477
9692
9504
9298
9468
9384
9435
9031
9327
9317
9281
9183
9123
9101
9236
9380
9275
9168
9257
9151
9163
9229
9188
9109
9013
8965
9226
9173
9079
8915
9096
9007
9093
9073
8865
9019
9120
8854
9015
8796
8837
8959
9012
8807
8902
9040
8892
8689
8838
8808
8790
8708
8813
8920
8889
8882
8814
8747
8720
8639
9004
8900
8750
8726
8687
8758
8724
8585
8591
8650
8733
8613
8753
8730
8474
8752
8669
8684
8494
8794
8690
8856
8868
8849
8701
8768
8407
8474
8544
8497
8605
8747
8682
8533
8386
8505
8564
8827
8550
8614
8426
8533
8546
8676
8432
8598
8231
8611
8433
8293
8398
8508
8494
8464
8464
8511
8252
8538
8409
8482
8339
8416
8273
8493
8448
8297
8330
8252
8440
8512
8345
8624
8428
8483
8476
8383
8412
8357
8338
8380
8418
8539
8470
8422
8454
8417
8401
8525
8397
8618
8481
8312
8639
8635
8419
8434
8419
8542
8589
8529
8489
8338
8369
8624
8482
8435
8485
8469
8367
8386
8381
8546
8621
8458
8404
8429
8462
8366
8218
8314
8522
8680
8415
8232
8272
8386
8390
8393
8528
8260
8569
8387
8156
8314
8606
8552
8309
8457
8742
8533
8564
8604
8445
8649
8517
8574
8552
8704
8659
8472
8543
8625
8865
8775
8741
8678
8704
8680
8804
8852
8838
8710
8673
8689
8747
8868
8643
8876
8677
8925
8867
8848
8872
8848
9038
8829
8868
8921
8973
8799
9076
8757
8909
8776
8917
8689
8893
8841
8906
8814
8991
9012
9016
9006
9010
8992
8880
8884
8953
8973
8997
8776
8974
8832
9098
8877
8873
8912
8958
9021
9086
9064
9047
8996
9113
9188
9144
8973
9172
8862
9021
8872
9193
9180
9325
9396
9293
9330
9408
9119
9158
9480
9295
9346
9328
9303
9313
9032
9380
9413
9224
9391
9450
9414
9213
9236
9468
9339
9345
9306
9525
9345
9364
9133
9374
9390
9346
9285
9378
9182
9532
9190
9460
9585
9390
9419
9328
9595
9484
9647
9494
9631
9378
9563
9638
9484
9393
9519
9408
9437
9558
9282
9645
9412
9701
9507
9493
9510
9441
9491
9615
9579
9460
9400
9506
9525
9714
9451
9490
9532
9682
9858
9613
9375
9524
9433
9732
9567
9590
9498
9538
9705
9517
9612
9593
9421
9662
9565
9670
9554
9544
9456
9326
9398
9460
9586
9483
9474
9530
9487
9448
9716
9504
9873
9772
9911
9733
9738
10029
9950
9732
9519
9998
9900
9737
9745
9777
9753
9853
9864
9717
9758
9656
9730
9881
9662
9766
9753
9690
9916
9914
9693
9716
9578
9744
9842
9992
9896
9822
9734
9723
9634
9832
9857
9935
9678
9850
9843
9743
10051
9665
9828
9762
9732
9792
9652
9768
9847
9976
9739
9816
9796
9723
9726
9654
9718
9657
9635
9602
9682
9556
9712
9650
9732
9577
9638
9568
9704
9498
9617
9647
9594
9469
9882
9671
9616
9730
9606
9611
9420
9531
9747
9660
9550
9609
9643
9605
9570
9485
9414
9755
9491
9873
9566
9478
9592
9647
9490
9601
9359
9606
9561
9561
9700
9564
9390
9469
9330
9618
9672
9539
9465
9362
9429
9559
9327
9514
9493
9397
9325
9380
9355
9480
9486
9223
9274
9242
9452
9288
9226
9233
9317
9229
9078
9219
9232
9385
9340
9246
9282
9272
9422
9343
9377
9256
9249
8999
9093
9098
9262
8914
9201
9101
9137
9147
9034
9042
9060
8815
9048
9023
9173
9249
9130
8947
9109
9028
8810
9184
9234
9076
8797
8787
8812
8941
8702
8728
8778
8904
8646
9007
8830
8696
8885
8942
8857
8943
8873
8603
8698
8659
8652
8700
8445
8508
8582
8722
8602
8397
8615
8618
8480
8602
8493
8517
8549
8536
8577
8520
8493
8536
8405
8555
8588
8415
8218
8281
8320
8310
8376
8246
8330
8283
8339
8150
8092
8250
8317
8274
8181
8083
8125
7969
8264
8051
8064
8095
8054
7895
7960
7824
8031
7785
7857
7856
7911
7887
7861
7925
7738
7806
7518
7542
7287
7453
7471
7460
7513
7720
7556
7729
7661
7588
7689
7693
7499
7485
7607
7471
7595
7502
7491
7459
7350
7301
7384
7184
7185
7355
7161
7270
7110
7181
7128
7214
7173
6983
7003
7021
6873
7021
7154
6908
6993
6836
6947
6973
6761
6720
6894
6803
6582
6595
6716
6664
6724
6701
6579
6559
6710
6677
6677
6532
6542
6512
6526
6484
6322
6312
6455
6445
6253
6459
6212
6460
6245
6162
6158
6312
6328
6039
6120
6079
6040
6072
6059
5951
5939
5881
5949
5997
5946
5785
5955
5698
5709
5779
5739
5759
5756
5579
5675
5529
5652
5609
5640
5509
5452
5417
5592
5661
5476
5306
5258
5419
5269
5203
5326
5226
5164
5229
5253
5231
5198
5123
5229
5155
5154
5059
5010
4900
4881
4922
4828
4938
4945
4792
4882
4910
4924
4919
4832
5016
4753
4768
4706
4744
4695
4557
4826
4594
4525
4516
4426
4556
4557
4365
4560
4490
4447
4356
4390
4427
4323
4363
4430
4293
4243
4073
4022
3838
3924
3977
4011
4078
4073
4104
4094
4078
4024
4035
4047
3978
4000
3892
3887
3750
3834
3839
3845
3899
3856
3828
3852
3862
3687
3616
3619
3748
3703
3562
3687
3640
3705
3665
3572
3562
3414
3567
3548
3519
3371
3541
3478
3535
3375
3408
3268
3470
3307
3277
3373
3325
3346
3293
3250
3345
3246
3245
3221
3360
3329
3260
3178
3242
3123
3272
3232
3144
3222
3089
3028
3160
3148
3174
3150
3022
2952
3042
3086
2972
2989
2963
2964
2973
3137
2967
2988
3084
2960
2898
2874
