3330
3337
3416
3278
3264
3443
3269
3374
3342
3299
3420
3424
3280
3306
3332
3426
3260
3278
3365
3344
3367
3364
3370
3411
3321
3287
3302
3406
3335
3401
3339
3391
3504
3468
3465
3469
3386
3301
3407
3403
3519
3452
3313
3393
3428
3387
3437
3444
3424
3453
3592
3385
3577
3417
3437
3575
3354
3525
3487
3386
3405
3457
3598
3391
3385
3388
3366
3405
3514
3539
3523
3464
3624
3637
3446
3513
3575
3479
3603
3460
3585
3515
3442
3566
3357
3497
3520
3573
3658
3585
3638
3657
3490
3666
3551
3673
3657
3597
3674
3654
3517
3508
3736
3579
3687
3747
3438
3723
3660
3624
3666
3646
3594
3574
3717
3603
3620
3676
3664
3652
3581
3602
3699
3669
3689
3668
3764
3629
3724
3764
3789
3706
3782
3644
3747
3658
3730
3637
3846
3629
3677
3795
3706
3799
3735
3715
3900
3870
3803
3863
3841
3800
3780
3828
3787
3957
3740
3833
3816
3898
3913
3869
3802
3889
3987
3900
3804
3978
3895
3954
3779
3916
3933
3833
3968
3790
3872
3785
3880
3852
3938
4013
3944
4060
4140
3986
3943
3867
3897
3931
4113
3819
4034
3818
3919
3943
3993
4084
3985
4097
4021
4022
3929
4027
3992
4070
4079
4044
3951
4026
4008
4010
4118
4143
3990
4010
4071
4076
4014
4001
4041
4044
4104
3880
4155
4247
3958
4081
4197
4069
4145
4138
4122
4070
4105
4216
4217
4223
4178
4229
4194
4307
4230
4190
4204
4136
4165
4146
4244
4242
4188
4097
4209
4119
4171
4253
4247
4362
4279
4256
4365
4285
4385
4184
4307
4425
4177
4331
4345
4387
4301
4524
4314
4194
4345
4267
4382
4457
4250
4340
4349
4339
4335
4126
4344
4212
4295
4290
4280
4415
4317
4296
4494
4544
4392
4527
4384
4338
4270
4450
4526
4390
4396
4479
4486
4389
4477
4399
4509
4578
4383
4564
4465
4461
4525
4625
4619
4554
4344
4337
4466
4520
4583
4629
4713
4584
4589
4635
4763
4554
4550
4537
4513
4719
4623
4572
4832
4671
4625
4614
4546
4852
4625
4519
4765
4707
4689
4677
4588
4505
4588
4741
4605
4652
4702
4566
4756
4739
4748
4698
4680
4801
4639
4826
4770
4771
4765
4935
4943
4818
4823
4741
4828
4886
4854
4891
4792
4798
4831
4724
4815
4962
4926
4882
4924
5017
4973
4994
4865
4858
4808
4899
4824
4932
4886
4898
4954
4926
5049
4993
5089
4880
5108
5098
4989
4867
4897
5036
5048
4974
5077
5023
4991
5029
4968
5106
4921
5012
5077
5232
5131
5165
5199
5140
5086
5103
4929
5106
5109
5113
4988
5147
5328
5146
5112
5280
5099
5232
5207
5104
5230
5231
5186
5073
5151
5075
5291
5334
5178
5215
5224
5335
5402
5300
5245
5296
5257
5277
5428
5331
5174
5256
5445
5297
5300
5428
5458
5458
5429
5303
5419
5411
5402
5269
5509
5389
5309
5533
5455
5482
5333
5377
5388
5498
5538
5440
5357
5457
5573
5485
5533
5655
5301
5472
5349
5357
5505
5300
5521
5586
5570
5599
5675
5505
5498
5595
5522
5445
5612
5741
5582
5717
5733
5526
5476
5680
5646
5648
5571
5521
5547
5758
5661
5658
5704
5829
5690
5630
5654
5685
5912
5704
5662
5798
5787
5816
5710
5711
5805
5754
5766
5736
5779
5789
5751
5798
5825
5894
5970
5886
5896
5935
6081
5967
5920
5935
5868
5842
5943
5937
5947
5875
5979
5936
5973
5940
5979
5939
5929
6131
6131
5999
6066
6093
6037
6050
6053
5969
6052
6111
6215
6141
6196
6005
6114
6133
6117
6308
6283
6110
6247
6130
6213
6046
6273
6348
6186
6047
6296
6241
6282
6136
6215
6329
6161
6289
6272
6344
6357
6366
6437
6303
6420
6321
6370
6364
6226
6183
6445
6439
6428
6431
6579
6280
6166
6353
6316
6324
6286
6275
6181
6218
6135
6434
6376
6421
6475
6524
6596
6787
6518
6577
6415
6637
6666
6651
6644
6599
6605
6614
6536
6717
6572
6517
6558
6582
6503
6734
6455
6708
6526
6712
6653
6754
6698
6590
6498
6632
6669
6536
6849
6796
6886
6800
6885
6901
6864
6652
6629
6584
6722
6794
6659
6733
6758
6830
7005
6675
6810
7044
6924
6787
6833
7146
6940
6977
6997
7154
7007
6850
6931
7001
6823
6755
6910
6922
6888
7048
7130
7095
7100
7230
7133
7324
7097
6924
7172
7109
7324
7201
7188
7210
7320
7189
7189
7170
7037
7224
7296
7296
7311
7386
7222
7274
7206
7284
7348
7228
7245
7417
7418
7488
7243
7226
7245
7292
7536
7431
7296
7364
7456
7348
7573
7472
7424
7323
7529
7343
7525
7557
7516
7438
7627
7652
7414
7371
7691
7512
7606
7695
7685
7642
7657
7664
7450
7657
7658
7798
7766
7618
7661
7764
7762
7571
7880
7722
7661
7836
7580
7595
7811
7894
7729
7924
7554
7822
7691
7978
7847
7835
7888
7944
7918
7975
7855
7966
7934
7986
8084
7851
7955
8111
8056
7758
7826
8147
8076
8024
7913
8156
7974
8084
8119
7994
8159
8036
7937
8254
8152
8222
7961
8125
8074
8212
8250
8027
8238
8128
8249
8219
8221
8276
8265
8086
8332
8298
8509
8149
8313
8407
8448
8537
8402
8598
8478
8604
8578
8442
8553
8566
8564
8678
8548
8526
8421
8533
8491
8538
8541
8661
8571
8700
8641
8539
8808
8628
8463
8472
8489
8657
8613
8604
8666
8710
8592
8847
8720
8722
8676
8580
8513
8744
8651
8777
8768
8683
8575
8832
8769
8884
8755
8986
8801
8913
9022
9076
8874
8897
9015
8997
8878
9042
8984
9187
8999
9108
9004
9054
9233
9141
9318
9154
9202
9211
9215
9281
9263
9306
9389
9378
9064
9030
9333
9480
9337
9353
9324
9351
9149
9310
9636
9344
9554
9580
9580
9539
9303
9336
9476
9274
9422
9385
9092
9501
9501
9640
9629
9306
9428
9534
9681
9732
9610
9697
9592
9645
9668
9514
9519
9419
9556
9566
9612
9515
9706
9500
9693
9662
9737
9760
9609
9821
9760
9651
9639
9504
9629
9747
9789
9988
9955
9849
9903
10174
9930
9856
10071
10038
9925
10058
9925
10003
9842
9951
10054
9860
9771
9840
10190
9866
10033
9981
10000
10118
10249
9985
10170
10131
10292
10274
10096
10276
10137
10292
10304
10199
10340
10106
10391
10034
10368
10394
10031
10069
10259
10331
10190
9979
10319
10248
10166
10348
10417
10438
10562
10646
10518
10503
10671
10457
10679
10482
10479
10542
10781
10427
10558
10588
10649
10677
10801
10743
10400
10437
10606
10464
10501
10612
10475
10680
10410
10549
10661
10498
10607
10638
10398
10558
10829
10441
10612
10932
10860
10721
10868
10986
11107
11002
10843
10998
10829
11058
10652
10609
10403
10400
10061
10088
9794
9682
9214
9035
8823
9242
8810
9107
9176
9283
9908
10147
10719
10764
11265
11545
11438
11401
11497
11514
11590
11520
11419
11755
11424
11566
11460
11302
11442
11229
11375
11469
11357
11641
11733
11603
11776
11498
11522
11229
11476
11238
11308
11438
11358
11317
11472
11485
11356
11471
11716
11789
11680
11780
11762
12022
11685
11770
12029
11776
11873
11730
11922
11798
11734
11570
11565
11597
11726
11681
11899
11844
11826
11931
11864
12169
11846
11983
12040
11807
11734
12036
12012
11818
11868
11976
11995
12031
11934
12106
11947
11916
12100
12302
12301
12122
11910
12125
12152
12157
12117
12076
12288
12265
12225
11982
12166
12241
12321
12005
12357
12072
12186
12128
12123
12178
12235
12432
12291
12428
12567
12388
12512
12672
12469
12456
12287
12574
12462
12540
12729
12695
12621
12829
12604
12589
12730
12774
12765
13064
12718
13006
12808
12605
12925
12907
13042
13093
13160
12971
12864
12866
12548
12688
12466
12392
12449
12284
12523
12232
12420
12077
12457
12600
12655
12903
13020
13150
13254
13182
13221
13109
13069
13332
13268
13221
13212
13022
13345
13103
13435
13480
13268
13194
13256
13280
13470
13124
13454
13292
13333
13432
13416
13469
13215
13421
13485
13466
13462
13597
13568
13408
13152
13449
13561
13540
13568
13477
13517
13818
13476
13723
13734
13691
13614
13627
13644
13794
13797
14001
13766
13775
13724
13880
13822
13907
13958
13871
13819
13936
13958
13992
13880
13919
13913
13883
13689
13971
14073
13968
14023
13889
13790
14081
14061
13851
14042
14142
14104
14019
14203
14061
14164
14066
14309
14260
14144
14220
14235
14251
14345
14267
14738
14249
14202
14198
14392
14085
14203
14184
14203
14340
14380
14146
14306
14433
14516
14589
14406
14474
14508
14569
14549
14565
14660
14424
14635
14465
14639
14714
14724
14752
14972
14685
15032
14966
14898
14692
14919
14864
15124
15066
14857
14917
14795
14829
14891
14878
14785
14966
14793
14902
14793
15192
15027
15086
14993
14959
14874
15252
15320
15090
15096
15068
15331
15097
15143
15170
15020
15107
14940
15216
15243
15208
15309
15311
15314
15346
15210
15457
15319
15076
15410
15394
15480
15440
15564
15466
15525
15499
15646
15316
15262
15287
15243
15154
15293
15241
15212
15238
15154
15199
15345
15311
15242
15627
15640
15643
15644
15785
15657
15565
15690
15630
15704
15716
15705
16044
15957
15657
15921
15876
15897
15735
15753
16117
15568
15652
16026
15848
15862
15924
15910
15810
16002
16034
15942
16056
16042
15867
16059
16163
15949
16016
15913
15856
16063
16336
16259
16106
15945
16050
16200
16164
16038
15954
16358
16127
16296
16477
16237
16220
16425
16239
16621
16611
16234
16599
16327
16354
16274
16421
16541
16555
16516
16504
16640
16434
16713
16434
16377
16732
16512
16411
16470
16692
16489
16690
16342
16687
16485
16618
16750
16685
16619
16446
16769
17098
16517
16715
16840
16809
16698
16818
16683
16789
16670
16855
16751
16751
16699
16715
16716
16838
16841
16859
16852
16946
17016
16918
16703
16788
16682
16874
16676
16857
17014
16945
16861
17130
16840
16980
17099
17108
16906
16950
17146
17243
17003
17068
17227
17242
17015
16950
17305
16952
17354
17181
17156
17157
17116
17046
17380
17439
17117
17404
17292
17472
17105
17402
16989
17562
17190
17191
17578
17319
17194
17454
17625
17292
17350
17311
17509
17421
17509
17457
17261
17510
17538
17555
17739
17636
17495
17458
17133
17429
17509
17624
17699
17269
17570
17410
17652
17728
17738
17676
17847
17740
17853
17630
17768
17624
17748
17459
17683
17751
17781
17653
17811
17357
17553
17067
17279
17298
17556
17325
17170
17163
17332
17428
17614
17786
17997
17681
17935
17860
17690
17844
18200
17940
18099
18086
17896
17878
17908
17802
18099
18156
18004
17922
17973
18004
17961
17912
17920
17954
17942
18276
17903
17766
17988
18386
18053
18126
18106
17981
17866
18361
18324
17962
18130
18330
18215
18037
18458
18582
18274
18372
18184
18164
18330
18379
18299
18100
18292
18432
18481
18173
18415
17926
18217
18294
18146
18472
18560
18235
18540
18527
18464
18556
18061
18514
18556
18182
18484
18419
18589
18395
18460
18546
18682
18469
18402
18659
18534
18441
18666
18668
18700
18621
18566
18508
18460
18633
18314
18647
18636
18639
18554
18724
18584
18747
18597
18862
18624
18637
18666
18729
18934
18796
18649
18484
18539
18676
18820
18401
18748
18820
18616
18813
18439
18694
19058
18861
18698
19058
18784
18950
19000
18887
18569
19157
18789
18763
18964
18820
18782
18660
18783
18714
18954
18812
18934
19016
18827
18814
19037
18896
19001
19092
19124
18921
19116
19227
19204
18987
18994
18984
18858
18883
19085
19176
18995
19169
19044
19245
19051
19012
19223
18816
19127
18884
19083
19100
18859
19225
19244
18922
18875
19211
19238
19094
19172
19285
18996
19041
19499
19282
19178
19144
19124
18924
18994
19420
19313
19078
19292
19115
19373
19404
19130
19194
19133
19170
19457
19089
19280
19110
19164
19258
19303
19194
19435
19314
19540
19023
19326
19115
19538
18922
19232
19185
18952
19285
19104
19258
19494
19604
19363
19402
19256
19407
19398
19742
19576
19254
19464
19399
19266
19514
19279
19445
19297
19381
19402
19412
19261
19301
19563
19352
19368
19338
19151
19359
19315
19524
19369
19723
19203
19361
19492
19368
19534
19460
19544
19706
19496
19577
19182
19620
19441
19329
19512
19536
19493
19836
19592
19487
19558
19576
19421
19696
19645
19840
19492
19353
19391
19415
19595
19553
19509
19610
19332
19261
19317
19366
19304
19364
19490
19284
19158
19341
19272
19314
19342
19492
19308
19350
19476
19369
19342
19396
19320
19393
19790
19428
19544
19474
19050
19275
19466
19359
19438
18994
19403
19127
19143
19051
19200
18863
18956
18957
18883
19250
19339
19117
19190
19022
19164
18862
19656
19533
19570
19532
19580
19420
19409
19545
19759
19620
19574
19318
19584
19463
19526
19432
19662
19387
19596
19348
19184
19273
19558
19383
19433
19661
19438
19430
19531
19204
19367
19738
19506
19397
19565
19660
19313
19354
19234
19329
19506
19304
19513
19668
19684
19328
19438
19109
18909
19129
19436
19040
19176
19430
19529
19162
19278
19070
19385
19208
19468
19072
19264
19276
19286
19227
19142
19062
19240
19079
19177
18961
19290
19330
18960
19066
18920
19460
19245
19154
19209
19560
19228
19543
19061
18875
19188
19014
18938
19311
19361
19323
19122
19232
19267
18829
19236
18892
18927
19196
19011
19101
18800
19072
18981
19066
18733
19331
18950
18987
18758
19314
18907
18937
19222
18653
18985
18837
19029
18995
18988
18706
18846
18804
19145
18877
18692
18814
18760
18918
18820
19140
18936
19066
18893
19004
18549
18856
18526
18561
18749
18997
18521
18734
18747
18808
18954
18589
18847
18868
18708
18896
18752
18874
18795
18596
18658
18786
18402
18713
18667
18734
18508
18296
18483
18893
18649
18403
18445
18536
18221
18412
18454
18780
18723
18434
18590
18688
18329
18538
18382
18303
18228
18473
18602
18408
18240
18277
18564
18306
18420
18341
18449
18526
18436
18314
18171
18149
18360
18426
18210
18106
18097
18454
18071
18183
18180
18192
18119
18110
18322
18186
18397
17960
17732
18013
18371
17955
17699
18013
18008
17906
17812
18222
17800
17936
17821
17928
17975
18143
17907
17976
17850
17650
17941
18091
17718
18128
17906
17422
17940
17689
17892
17688
17677
17438
17617
17580
17556
17601
17618
17497
17432
17024
17126
17455
17371
17568
17258
17141
17319
17180
17426
17553
17393
17199
17116
17332
17511
17438
16822
17131
17384
17053
17302
17343
17233
17385
17051
17111
16948
17168
17170
17120
17268
16946
17020
17125
17165
16953
17074
16960
16887
17035
17024
16845
16740
17060
16774
16955
17009
16876
16802
16776
16563
16789
16821
16818
16570
16640
16672
16781
16683
16572
16512
16797
16554
16570
16651
16884
16397
16482
16583
16676
16514
16441
16669
16360
16439
16370
16308
16601
16811
16312
16403
16192
16425
16279
16356
16333
16161
16372
16179
16376
16537
16260
16242
16197
16303
16307
16384
16311
16061
15921
15993
16074
15642
15866
15900
15813
15567
15703
15803
15876
15917
16001
15668
15486
15494
15428
15772
15448
15520
15701
15609
15533
15482
15182
15825
15456
15597
15794
15832
15737
15370
15622
15522
15457
15680
15641
15740
15545
15177
15286
15327
15231
15325
15514
15200
14872
14880
14597
14602
14761
14767
14663
14705
14422
14694
14712
15071
14928
15020
14944
14661
14864
15189
15124
15124
15022
14899
14753
14690
14963
15016
15010
14779
14643
14804
14587
14743
14728
14815
14866
14464
14711
14429
14726
14250
14321
14334
14533
14236
14521
14457
14261
14614
14528
14465
14345
14283
14186
14324
14395
14107
14239
14345
14188
13849
13679
13540
13388
13677
13883
13601
13428
13490
13773
13440
13673
13896
14018
13765
13979
13829
14093
13996
13752
13698
13793
13747
13555
13648
13486
13687
13620
13461
13656
13670
13629
13561
13297
13416
13449
13418
13532
13125
13218
13186
13047
12936
13298
13086
13194
13236
13093
13272
13193
13178
13006
13368
12917
13175
13022
13027
12909
12931
13044
12988
12946
12850
12897
12818
12608
12795
12525
12596
12742
12630
12868
12752
12553
12530
12409
12410
12601
12650
12637
12544
12378
12411
12371
12264
12260
12510
12438
12358
12379
12183
12136
12285
12219
12213
12218
12148
11799
12285
12232
12190
11973
12223
11812
11946
11875
11947
11832
11978
11947
11921
11894
11963
11974
11705
11911
11731
11768
11690
11920
11745
11662
11776
11781
11879
11318
11258
11438
11370
11147
11227
11191
11367
11508
11183
11258
11466
11492
11360
11320
11254
11416
11231
11434
11022
11098
11119
11217
11052
11350
11231
10892
11164
11101
11125
11175
10880
10919
10822
10868
10731
10809
10809
10629
10682
10901
10791
10668
10613
10742
10698
10553
10708
10438
10759
10764
10489
10669
10593
10761
10443
10558
10693
10527
10547
10473
10427
10640
10774
10522
10224
10507
10496
10398
10265
10410
10229
10213
10341
10132
10241
10216
10114
10150
10203
9908
10154
10058
10154
10001
10266
10212
10442
10101
10106
10057
9805
10022
10132
10032
10193
9885
9825
9941
9946
9924
9577
9673
9876
9944
9844
9901
9626
9647
9757
9340
9748
9697
9747
9669
9689
9700
9536
9612
9506
9753
9541
9527
9740
9759
9450
9437
9648
9484
9386
9265
9490
9230
9349
9469
9249
9390
9264
9437
9437
9215
9252
9392
9211
9207
9205
9337
9434
9408
9294
9300
9238
9094
9121
9034
9198
9048
9216
9164
8960
9016
9078
9061
9076
9240
9128
9016
8942
8906
9124
8852
8854
8720
8924
9083
8981
9047
8948
8765
8795
8931
8893
8938
8884
8827
8786
8758
8940
8801
8911
9010
8572
8713
8740
8700
8744
8528
8834
8889
8671
8965
8628
8716
8981
8788
8645
8713
8786
8637
8572
8510
8555
8778
8425
8832
8528
8550
8459
8619
8594
8648
8496
8484
8707
8656
8553
8472
8286
8546
8456
8569
8613
8552
8462
8541
8498
8639
8610
8413
8464
8576
8387
8404
8613
8324
8417
8522
8585
8486
8302
8468
8561
8587
8480
8524
8484
8497
8496
8717
8289
8520
8586
8425
8345
8327
8362
8404
8508
8485
8614
8579
8409
8485
8476
8585
8521
8518
8676
8354
8456
8270
8331
8263
8274
8426
8289
8306
8475
8595
8561
8513
8481
8529
8528
8549
8258
8488
8586
8403
8372
8408
8410
8449
8408
8386
8273
8418
8532
8426
8476
8480
8452
8384
8426
8562
8510
8538
8402
8649
8654
8426
8494
8421
8453
8273
8473
8373
8323
8413
8461
8422
8460
8618
8511
8363
8335
8483
8720
8620
8741
8555
8754
8576
8644
8706
8668
8637
8589
8637
8766
8566
8740
8646
8705
8600
8748
8674
8790
8641
8815
8754
8774
8798
8749
8849
8847
8657
8821
8720
8752
8866
8579
9025
8766
8828
8824
8693
8939
8748
8778
8899
8939
8804
8819
8778
8805
8803
8971
8963
9010
9025
9022
9078
9115
8909
8770
8641
8751
9018
8810
8634
8768
8869
8670
9100
8982
8964
9011
8880
8944
9131
9246
9188
9150
9082
9010
9098
9032
9051
9154
9197
9188
9202
9154
9121
9098
9256
9233
9387
9300
9125
9322
9113
9073
9061
9299
9286
9289
9044
9228
9251
9288
9197
9150
9186
9129
9494
9209
9282
9309
9194
9059
9238
9253
9238
9041
9544
9290
9425
9373
9245
9464
9281
9601
9339
9683
9583
9355
9515
9362
9510
9427
9533
9457
9511
9592
9376
9379
9308
9338
9458
9445
9385
9581
9517
9338
9383
9516
9653
9639
9525
9649
9725
9530
9499
9453
9512
9587
9570
9504
9581
9452
9544
9636
9680
9519
9839
9357
9514
9668
9675
9676
9620
9812
9671
9654
9522
9450
9488
9370
9396
9540
9433
9432
9508
9658
9646
9614
9977
9550
9580
9678
9708
9696
9567
9740
9562
9641
9679
9702
9947
9697
9571
9938
9692
9843
9547
9746
9946
9484
9717
9910
9610
9895
9781
9672
9752
9743
9793
9841
9922
9762
9674
9740
9766
9770
9999
9789
9744
9589
9669
9738
9853
9765
9856
9800
9924
9818
9703
9818
9701
9709
9709
9809
9826
9654
9686
9828
9723
9539
9731
9576
9849
9675
9640
9748
9457
9740
9572
9608
9768
9649
9640
9692
9666
9519
9600
9681
9468
9557
9567
9672
9578
9657
9458
9741
9531
9595
9418
9743
9768
9748
9820
9652
9619
9536
9410
9650
9219
9268
9564
9303
9489
9405
9313
9587
9677
9687
9389
9295
9617
9484
9476
9367
9480
9572
9380
9308
9270
9502
9341
9495
9438
9428
9339
9478
9298
9143
9232
9202
9241
9211
9165
9327
9291
9162
9280
9335
9498
9283
9120
9260
9149
9294
9207
9124
9402
9170
9300
9078
9143
9103
9162
9180
9001
8941
9071
9174
8999
9000
9023
8940
8861
9115
9055
8925
8982
8961
8982
8992
8889
8957
9041
9215
9004
9076
8597
8904
8871
8684
8910
8549
8854
8809
8736
8941
8895
8756
8698
8713
8704
8842
8898
8701
8684
8426
8699
8542
8669
8870
8711
8688
8608
8594
8414
8570
8483
8626
8570
8610
8642
8580
8561
8537
8648
8514
8580
8417
8370
8493
8374
8054
8289
8197
8425
8357
8449
8290
8234
8276
8279
8245
8022
8116
8046
8086
8285
7928
7996
8145
7783
8069
7809
7923
7921
8162
7915
7731
7769
7972
7906
7844
7811
7971
7995
7724
7627
7509
7239
7326
7451
7461
7536
7652
7621
7590
7547
7536
7571
7426
7453
7375
7562
7647
7331
7337
7302
7307
7335
7434
7370
7444
7253
7176
7277
7336
6944
7174
7156
7093
6919
6973
7033
7256
7129
7003
7053
6950
6880
6803
6862
6874
6788
6809
6827
6725
6745
6578
6764
6745
6703
6634
6855
6752
6712
6662
6588
6486
6603
6506
6553
6381
6424
6140
6289
6319
6281
6277
6348
6227
6241
6224
6289
6369
6169
6016
6288
6237
6115
5859
6031
5969
6051
5975
6077
5835
5960
5820
5817
5738
5658
5658
5911
5652
5752
5889
5696
5625
5456
5592
5613
5347
5686
5418
5437
5482
5507
5393
5296
5482
5428
5213
5376
5334
5239
5132
5279
5248
5083
5254
5270
5111
5039
5026
5128
5038
4921
4879
4966
4985
4912
4898
4934
4950
4851
4699
4781
4783
4679
4680
4688
4683
4692
4555
4622
4586
4536
4692
4500
4381
4401
4490
4366
4562
4227
4374
4228
4338
4253
4345
4293
4261
4307
4259
3998
4096
4004
3834
4054
3948
4061
4225
4007
3939
3975
3963
4019
3886
4012
3988
3799
4011
3880
3856
3979
3904
3859
3762
3866
3720
3820
3597
3671
3728
3596
3593
3705
3625
3661
3608
3590
3563
3526
3477
3562
3621
3525
3638
3423
3453
3343
3359
3272
3445
3303
3430
3229
3415
3461
3395
3362
3397
3274
3328
3314
3381
3300
3223
3350
3117
3206
3181
3242
3251
3060
3133
3156
3155
3114
3089
3166
3190
3200
3134
3101
3108
3027
3012
3148
2994
3081
2872
2949
2890
2947
3050
2861
