3446
3164
3384
3287
3289
3419
3436
3259
3501
3268
3413
3403
3280
3317
3349
3429
3400
3375
3384
3390
3341
3467
3455
3304
3479
3459
3535
3460
3356
3514
3463
3457
3382
3397
3433
3504
3322
3478
3488
3448
3366
3564
3441
3500
3524
3484
3471
3430
3460
3544
3437
3534
3487
3497
3473
3510
3299
3460
3453
3564
3471
3336
3551
3458
3498
3604
3494
3430
3604
3454
3414
3508
3489
3468
3592
3565
3426
3591
3659
3514
3573
3641
3588
3653
3551
3504
3581
3552
3674
3648
3556
3520
3635
3605
3479
3669
3527
3578
3716
3499
3797
3756
3654
3785
3642
3655
3611
3615
3613
3665
3717
3562
3637
3703
3754
3565
3695
3821
3681
3598
3756
3634
3745
3721
3690
3670
3827
3719
3727
3581
3652
3692
3780
3817
3771
3646
3837
3846
3832
3763
3885
3703
3778
3874
3672
3737
3809
3857
3718
3842
3728
3752
3834
3786
3900
3677
3850
3860
3944
3898
3804
3799
3890
3927
3791
3869
3956
3936
3918
3750
3932
3999
3933
3978
3982
3928
3897
4020
3894
3915
3785
3919
3857
3917
3981
3847
3819
3927
3936
4085
3979
3905
4060
3976
4035
4148
4091
3885
4008
4078
4020
4087
4074
4125
3951
3893
4023
4177
3962
4056
4013
3984
3930
4043
4140
3912
4095
4019
3979
4101
4155
4167
4129
4128
4219
4085
4124
4042
4062
4089
4098
4204
4126
4093
4087
4215
4108
4220
4213
4346
4124
4330
4108
4140
4251
4230
4221
4265
4335
4323
4189
4175
4367
4224
4238
4215
4163
4461
4241
4430
4296
4196
4174
4339
4285
4426
4322
4332
4320
4387
4456
4270
4370
4464
4323
4387
4443
4262
4410
4355
4386
4398
4301
4337
4415
4333
4468
4354
4330
4486
4314
4376
4423
4409
4423
4296
4450
4484
4515
4474
4576
4530
4535
4475
4699
4651
4533
4651
4519
4498
4468
4463
4547
4531
4496
4534
4481
4580
4414
4581
4550
4731
4577
4641
4534
4667
4731
4657
4713
4507
4713
4680
4672
4582
4530
4845
4682
4641
4664
4690
4799
4488
4669
4669
4672
4551
4687
4679
4676
4594
4634
4686
4633
4704
4788
4762
4677
4778
4869
4865
4763
4700
4884
4733
4776
4860
4784
4717
4828
4763
4810
4807
4904
4847
4997
4830
4952
4918
4844
4799
4743
5000
4994
4956
4827
4866
4946
5048
4890
4847
4861
4930
4902
4849
4984
5026
4917
4905
4875
4948
4896
4901
4925
4906
5037
5027
5024
4999
4859
5108
5153
5007
5008
4997
4957
5085
4982
5080
4876
5147
5035
5036
5110
5114
5047
5115
5068
4981
5097
5072
5173
5245
5035
5341
5332
5229
5237
5171
5337
5235
5132
5222
5185
5098
5179
5236
5308
5355
5231
5331
5103
5254
5352
5289
5424
5292
5193
5337
5345
5412
5363
5341
5358
5363
5299
5477
5354
5403
5365
5501
5634
5275
5510
5438
5399
5472
5501
5445
5647
5488
5509
5388
5518
5486
5490
5512
5569
5494
5309
5560
5537
5408
5537
5459
5500
5493
5589
5528
5585
5467
5619
5684
5561
5683
5594
5686
5601
5637
5551
5787
5760
5639
5543
5650
5545
5845
5701
5578
5678
5582
5649
5749
5723
5611
5891
5636
5799
5725
5847
5805
5976
5499
5785
5630
5810
5862
5774
5891
5852
5739
5927
5956
5939
5730
5792
5916
5935
5958
6045
5882
5886
6015
5920
5873
6006
5913
5976
5986
5999
5993
5928
5894
6072
6013
6370
6017
5977
5965
6178
5870
6054
6088
6062
6061
6075
6076
6131
6247
6008
6090
6121
6148
6135
5997
6004
6147
6148
6052
6200
6212
6136
6150
6091
6138
6233
6302
6304
6026
6239
6238
6304
6362
6372
6349
6091
6343
6302
6238
6297
6148
6304
6240
6362
6277
6326
6375
6493
6417
6451
6414
6318
6300
6467
6285
6394
6258
6312
6415
6066
6177
6087
6350
6400
6383
6436
6633
6635
6752
6382
6619
6535
6424
6576
6600
6547
6670
6585
6571
6484
6415
6600
6775
6642
6767
6566
6456
6739
6696
6620
6656
6742
6774
6761
6814
6579
6692
6873
6573
6590
6674
6680
6684
6809
6845
6626
6836
6769
6782
6924
6889
6843
6855
6797
6858
6889
6939
6891
6840
6971
6851
6800
6926
6888
7159
7086
6937
6909
7023
6998
7033
6907
7056
6843
6812
6995
6915
7100
6854
7069
7295
7124
7013
7083
7131
6988
7230
6957
7376
7163
7232
7210
7143
7007
7054
7297
7153
7288
7252
7232
7100
7372
7168
7455
7413
7402
7279
7316
7474
7334
7237
7401
7361
7414
7229
7278
7408
7309
7610
7404
7562
7558
7372
7399
7445
7506
7424
7658
7583
7513
7582
7534
7646
7449
7739
7632
7559
7333
7463
7489
7722
7698
7661
7526
7654
7619
7450
7760
7558
7765
7857
7692
7753
7876
7758
7788
7757
7670
7772
7809
7861
7702
7872
7746
7848
7815
7680
7850
7710
7936
7948
7841
7912
7903
7983
7900
7949
7953
8041
7908
7995
7985
7972
7914
8145
8080
8047
8040
8300
8255
8346
8072
8226
7986
8248
8166
8125
8183
8027
8297
8116
8168
8265
8277
8167
8141
8066
8097
8249
8191
8250
8479
8213
8577
8194
8342
8415
8551
8393
8400
8596
8320
8343
8457
8436
8277
8203
8440
8400
8382
8340
8698
8555
8586
8543
8522
8604
8583
8604
8565
8576
8687
8486
8561
8564
8753
8875
8868
8821
8690
8735
8668
8716
8685
9078
8709
8750
8697
8756
8553
8420
8842
8605
8628
8776
8822
8897
8773
8754
9071
8969
8747
8832
9152
9010
8920
9082
9128
9059
8958
9101
9384
9230
9108
9175
9205
9178
9198
9144
9218
9216
9163
9189
9108
9181
9214
9373
9377
9306
9165
9382
9237
9270
9344
9308
9134
9312
9429
9212
9387
9555
9637
9309
9549
9408
9330
9357
9390
9393
9265
9225
9426
9338
9331
9632
9337
9624
9640
9632
9657
9551
9390
9579
9718
9636
9700
9757
9701
9708
9899
9842
9728
9770
9672
9717
9881
10038
9867
9590
9624
9822
9698
9695
9803
9648
9793
9896
9803
9923
9818
9935
9940
9836
10241
10097
10038
9879
10085
9818
10125
9893
10092
10024
10002
10045
10066
9872
9865
10081
9977
9800
9779
10078
9925
10157
10172
10401
10368
10180
10068
10287
10283
10332
10216
10084
10357
10283
10419
10433
10476
10207
10067
10440
10282
10333
10224
10190
10188
10136
10280
10387
10332
10496
10497
10551
10572
10677
10436
10654
10393
10452
10617
10559
10714
10561
10584
10746
10460
10525
10560
10782
10585
10816
10676
10600
10820
10616
10614
10570
10589
10722
10456
10529
10708
10459
10804
10477
10659
10763
10378
10785
10816
10883
10773
10979
10792
10937
11135
11136
10950
10959
10675
10845
10808
10775
10690
10421
10123
9745
9803
9674
9384
9051
8881
8921
8901
9132
9340
9764
10013
10361
10602
10987
11334
11461
11794
11548
11666
11492
11243
11836
11698
11785
11643
11611
11397
11414
11408
11525
11444
11562
11722
11615
11590
11499
11727
11624
11392
11669
11538
11595
11315
11673
11358
11690
11708
11732
11482
11718
11743
11924
11628
11682
12023
11890
11840
11805
11755
11894
11893
11630
11958
11850
11997
11768
11677
11719
11617
11837
11772
12029
11790
11653
12011
11876
11965
11889
12230
11811
12157
11931
11805
12134
12037
11994
12180
12098
12154
12025
12068
12282
12049
12127
12297
11961
12204
11876
11992
12181
12139
12135
12085
12488
12352
12349
12197
12334
12267
12037
12118
12374
12297
12236
12137
12598
12090
12342
12597
12217
12595
12594
12731
12411
12617
12457
12462
12506
12919
12618
12882
12744
12822
12910
12778
12773
12708
12723
12768
12724
12794
12593
12872
13062
13036
12783
13043
13364
12940
12833
13234
12885
12680
12578
12484
12394
12520
12465
12393
12312
12085
12234
12373
12326
12795
13018
13049
13361
12999
13191
12996
13048
13186
13305
13293
13274
13390
13486
13448
13151
13282
13509
13462
13285
13579
13569
13570
13263
13513
13462
13367
13387
13577
13444
13429
13483
13672
13479
13393
13478
13185
13608
13817
13334
13440
13434
13668
13406
13661
13736
13661
13666
13795
13685
13561
13466
13787
13868
13464
13722
13677
13612
13715
13862
13757
14018
13998
13916
13708
14003
13885
14013
13898
14107
13798
14106
13922
13814
14028
13906
14049
14036
14010
14162
13974
13957
14122
14263
14199
14201
14349
14219
14185
14269
14369
14271
14290
14347
14138
14369
14280
14457
14233
14098
14427
14741
14471
14402
14361
14708
14342
14465
14802
14549
14691
14514
14580
14647
14510
14465
14799
14720
14529
14662
14837
14914
14916
14895
14651
14833
14866
14933
14838
14637
14755
14918
14749
14687
14933
14976
15009
14958
14756
14687
15034
14921
15210
15022
15182
14850
14760
15251
15092
15114
14730
15067
15049
14860
15017
15042
15391
15060
15082
15360
15285
15185
15327
15224
15267
15368
15121
14967
15083
15406
15292
15474
15332
15290
15148
15218
15460
14905
15116
15371
15397
15303
15444
15629
15492
15373
15468
15434
15348
15492
15148
15356
15352
15307
15251
15467
15469
15424
15563
15616
15556
15752
15898
15741
15494
15697
15717
15572
15598
15702
15669
15818
15686
15773
15788
15641
16010
15721
16023
15961
16150
15885
15928
15996
16137
16014
16080
16085
16131
16018
16114
16261
16022
15858
16380
16080
16234
16216
15974
16170
16266
16158
16008
16213
16321
16228
15913
16192
16237
16157
16362
16356
16356
16349
16250
16392
16237
16215
16388
16512
16218
16243
16431
16322
16213
16440
16333
16464
16475
16280
16520
16513
16191
16520
16360
16516
16531
16576
16242
16540
16688
16341
16580
16591
16660
16533
16774
17013
16708
16993
16744
16570
16672
16724
16889
16987
16612
16935
16610
16712
16762
16828
16756
16649
16776
16878
16708
16799
16787
17014
16923
16790
16950
16838
16998
16843
17053
16879
16929
16783
16879
16980
16969
17077
16901
17062
17000
16882
16946
17001
16977
17085
17180
17281
17127
17395
17030
17112
17098
17285
17010
17260
17209
17613
17183
16941
17221
17117
17484
17364
17454
17480
17389
17139
17428
17260
17633
17190
17581
17332
17279
17732
17368
17328
17336
17478
17207
17588
17557
17279
17496
17313
17294
17232
17629
17497
17685
17603
17436
17711
17739
17609
17604
17384
17590
17664
17770
17384
17450
17933
17808
17755
17917
17375
17619
17669
17755
17644
17654
17871
17712
18050
17517
17800
17590
17455
17446
17332
17588
17483
17450
17352
17464
17358
17515
17130
17739
17849
17944
18107
18101
18106
18230
18285
17929
18221
18006
17950
17779
18021
18036
18001
18093
17885
18029
18286
17750
17930
18248
18170
18161
17912
18201
18434
17985
18190
18142
18027
17810
18036
18010
18051
18150
18271
18022
18429
18164
18189
18100
18031
18139
18277
18377
18090
18286
18132
17996
18287
18386
18164
18508
18218
18561
18382
18091
18450
18308
18664
18404
18614
18485
18518
18515
18673
17977
18542
18421
18498
18381
18600
18586
18628
18474
18395
18548
18636
18532
18735
18887
18553
18426
18622
18962
18602
18566
18817
18779
18569
18447
18441
18488
18954
18402
18478
18845
18828
18730
18750
18998
19064
18714
18859
18702
18838
18752
18692
18606
18944
18922
19022
18907
18696
18824
18944
18601
18651
18475
18567
18923
18634
18907
19019
18818
19063
18674
19157
18918
18772
19097
18873
18839
19028
18788
19266
19033
19152
18813
18966
19273
19092
19181
19064
18666
19049
19205
18885
19177
19101
18905
18962
19090
19056
19200
18933
19076
18974
19028
19130
19208
19418
19092
19183
18995
19085
19195
19292
19062
19101
19179
19405
19078
19560
19200
19458
19194
19246
19133
19037
19105
19082
19197
19339
19094
19538
19263
19275
19421
19373
19567
19493
19091
19421
19172
19338
19144
19291
19305
19305
19124
19139
19163
19183
19136
19326
19402
19354
19429
19383
19414
19332
19578
19143
19026
19307
19542
19133
19238
19334
19158
19366
19156
19320
19044
19285
19241
19286
19426
19169
19770
19487
19624
19352
19239
19572
19346
19497
19883
19712
19834
19346
19178
19288
19488
19357
19252
19184
19434
19359
19432
19413
19878
19130
19224
19492
19450
19464
19466
19400
19786
19606
19793
19452
19622
19540
19614
19283
19838
19522
19498
19417
19482
19462
19474
19273
19660
19588
19904
19411
19326
19597
19468
19382
19695
19373
19741
19996
19621
19169
19332
19665
19353
19202
19428
19604
19446
19380
19287
19541
19259
19199
19605
19222
19189
19309
19658
19436
19568
19141
19113
19407
19740
19309
19317
19579
19508
19094
19293
19016
19400
19248
19163
19288
19003
19081
19017
18875
19259
19131
19044
19109
19368
19362
19151
19371
19269
19373
19754
19520
19611
19729
19394
19792
19664
19402
19640
19749
19454
19635
19736
19257
19738
19690
19419
19512
19451
19310
19343
19628
19458
19355
19389
19532
19689
19391
19733
19466
19620
19268
19525
19698
19476
19477
19657
19483
19584
19465
19510
19194
19612
19690
19646
19610
19560
19444
19488
19438
19170
19290
19126
19320
19389
19236
19244
18922
19272
19144
19412
19111
19334
19292
19389
19474
19220
19105
19504
19280
19244
19460
19099
19356
19524
19088
19301
19214
19155
19442
19194
19327
19341
19220
19124
18906
19236
19480
19028
19057
19106
19273
19005
19326
19062
18993
19048
18936
19178
18961
19034
19053
18951
19130
18907
18952
19339
18724
19010
19210
19169
18866
19389
19051
19060
19057
19094
19109
19014
19248
18786
18976
19099
18940
18828
18889
18688
19026
19120
18908
18862
19085
18894
18865
18796
18878
18712
18835
18846
18691
19048
18778
18775
18720
18804
18660
18662
18712
18624
19029
18932
18660
18804
18916
18696
18653
18650
18588
18581
18641
18824
18885
18768
18650
18636
18724
18660
18619
18498
18688
18521
18506
18740
18548
18383
18352
18322
18538
18458
18693
18577
18821
18456
18378
18464
18148
18359
18364
18541
18616
18514
18363
18300
18506
18376
18434
18498
18221
18482
18255
18208
18059
18095
18194
18386
18082
18229
18096
18235
18336
18180
18197
18239
18146
18264
18056
18240
18138
18039
18243
18020
17883
18044
17967
17857
18174
17967
18044
18059
18005
17887
18068
17746
17693
17797
17835
17725
17977
17796
17887
17959
17670
17994
17858
17784
17842
17517
17864
17689
17668
17236
17581
17225
17460
17208
17519
17205
17451
17346
17261
17497
17343
17709
17351
17664
17198
17613
17740
17402
17380
17332
17325
17179
17156
17445
17309
17216
17399
17099
17230
17026
17396
17357
17241
17125
17282
17072
17144
17222
17338
17083
17152
17162
16765
16984
17061
16965
16940
17110
16539
17025
17076
16896
17246
16777
16870
16842
16985
16582
16682
16570
16580
16871
17054
16635
16784
16801
16764
16801
16661
16746
16690
16365
16619
16762
16391
16642
16551
16579
16299
16348
16700
16203
16712
16708
16488
16413
16533
16360
16394
16470
16312
16304
16184
16479
16326
16222
16088
16372
16288
16264
16384
15744
16089
15866
15941
15996
15659
15853
16314
15770
16027
15711
15961
15809
15704
15813
15815
15801
15642
15533
15793
15882
15616
15784
15578
16042
15569
15927
15736
16026
15988
15624
15755
15506
15644
15520
15546
15652
15683
15561
15691
15500
15722
15349
15544
15569
15254
15253
15207
15037
14730
14773
14520
14791
14872
14770
14692
15046
14987
15003
15160
15359
15192
15106
15113
15082
15194
15055
15026
14823
14785
14733
14886
14913
15070
14551
15004
14656
14678
14880
14769
14616
14502
14827
14729
14792
14525
14458
14491
14525
14673
14361
14405
14742
14415
14464
14477
14453
14541
14393
14594
14325
14301
14557
14481
14235
14346
14243
13824
13681
13630
13600
13789
14030
13902
13812
13738
13636
13813
14088
14029
13945
14127
14034
14045
14032
14064
13965
13815
13981
13756
14002
13829
13705
14013
13734
13961
13657
13666
13777
13842
13727
13474
13505
13480
13404
13307
13572
13076
13154
13304
13320
13256
13316
13131
13190
13346
13358
13344
13285
13284
12984
13233
13116
13279
13006
13145
13211
13004
12968
13142
13001
13150
13158
13066
12857
12889
12847
12969
12888
12966
12772
12775
12934
12630
12729
12734
12896
12974
12731
12692
12763
12442
12657
12443
12644
12530
12517
12637
12628
12574
12733
12324
12470
12334
12270
12587
12400
12430
12342
12132
12210
12262
12250
12214
12198
12345
12097
12130
12043
11982
12116
12192
12029
12224
12141
12109
12109
12058
12048
12153
11867
11918
11540
11482
11460
11715
11547
11501
11680
11726
11770
11685
11695
11645
11816
11805
11905
11626
11656
11444
11536
11563
11435
11549
11416
11380
11512
11579
11618
11535
11546
11402
11356
11556
11291
11386
11520
11098
11265
11468
11297
11202
11192
11412
11116
11329
11174
10991
11251
11364
11131
11191
11012
10918
10939
10889
11055
11098
11313
11005
10727
11065
11050
10860
11067
11189
10955
10938
10949
10940
10939
10905
10784
10558
10732
10684
10769
10803
10877
11020
10605
10760
10862
10618
10577
10680
10769
10874
10649
10577
10599
10580
10552
10552
10595
10486
10381
10506
10560
10397
10534
10404
10402
10752
10458
10512
10319
10557
10334
10158
10434
10413
10272
10166
10249
10257
10318
10166
10217
10340
10172
10451
10240
10294
10365
10221
10323
10304
10160
10358
10218
10348
10170
10260
10236
10145
10282
10057
10060
9999
10205
10078
10107
10142
10162
10142
10057
9990
10054
9999
10243
10124
10119
9986
9862
10002
10140
9970
10005
10049
10031
10101
9876
9949
9984
10126
9904
9965
9998
9887
9931
9896
10200
9692
9832
9801
10018
9812
9856
9947
9682
9874
9829
9921
9819
9904
9915
9912
9938
9940
9834
9781
9979
9739
9852
9894
9690
9826
9963
9910
10101
9797
9782
9759
9822
9845
9988
10028
9909
9760
9776
9794
9608
9825
9700
9762
9866
9901
9928
9749
9850
9680
9907
9753
9918
9778
9985
9974
9710
9897
9974
9878
9764
9828
9808
9850
9785
9997
9943
9924
9926
9810
9865
9851
9960
10136
10125
9896
9906
9827
9933
10010
9901
9876
9879
10037
10098
9860
9965
9835
10036
9989
9928
10232
9853
10091
10026
10026
10084
9892
10080
10204
10041
10127
10114
10059
10329
10243
10253
10164
10170
10316
10056
10179
10300
10291
10328
10020
10155
10304
10242
10090
10158
10071
10469
10147
10167
10375
10358
10248
10279
10236
10388
10285
10366
10157
10178
10388
10391
10493
10336
10390
10368
10210
10320
10474
10667
10845
10602
10605
10585
10585
10548
10639
10606
10439
10595
10561
10597
10658
10786
10564
10594
10714
10517
10759
10673
10787
11028
11063
10851
11000
11214
11057
11138
10901
10827
11015
10937
11319
11162
11124
11044
11005
11397
11277
11421
11449
11255
11358
11400
11395
11195
11432
11103
11487
11523
11292
11441
11524
11356
11627
11511
11630
11532
11475
11681
11457
11784
11573
11736
11772
11554
12035
11613
11698
11851
11972
11906
11563
11742
11871
11981
11765
11718
12074
11932
11791
11882
11810
12146
11898
11832
11544
11782
11784
12094
11963
12207
11990
12468
12374
12376
12347
12130
11882
12005
12251
12087
12058
12257
12407
12433
12517
12411
12459
12547
12408
12664
12633
12461
12746
12833
12596
12762
12723
12616
12527
12664
12625
12625
12582
12800
12718
12802
12798
12864
12920
12956
12516
12861
13016
12701
12747
12644
12732
12973
12623
13115
13087
13076
13139
13037
12920
12869
13012
13158
13140
13245
13281
13253
13104
13353
13375
13282
13292
13115
13223
13307
13302
13197
13366
13118
13088
13196
13197
13103
13613
13290
13445
13302
13425
13287
13421
13330
13538
13422
13456
13583
13322
13597
13328
13675
13397
13349
13601
13824
13358
13688
13620
13194
13542
13549
13548
13598
13517
13475
13575
13306
13362
13593
13338
13354
13356
13224
13398
13331
13963
13825
13598
13561
13824
13796
13832
14036
13683
13808
14113
13944
13954
13924
13804
13628
13940
14188
14098
14075
14050
13929
13914
14116
13924
14090
14027
14038
13910
13883
13841
13970
13765
13958
13954
14080
14160
14042
14076
13519
14013
13889
14189
13981
13837
13990
13891
14119
14047
13797
13896
13940
13933
14105
14026
14043
13786
14141
14262
13928
14081
14171
14189
13937
14036
13992
13897
14089
14049
14061
14100
13814
13969
13940
13809
13856
14074
13985
14021
13865
13715
14007
13846
14064
13884
13627
14123
13826
13910
13729
13808
13859
13977
13990
13829
13810
14027
13940
14023
13888
13689
13773
13682
13525
13922
13973
13909
13965
13678
13937
14056
13696
13679
13814
13897
13706
13785
13816
13654
13874
13693
13524
13822
13710
13649
13462
13387
13643
13654
13422
13712
13200
13496
13483
13484
13482
13396
13556
13280
13556
13517
13606
13525
13556
13511
13527
13270
13382
13377
13613
13342
13394
13519
13405
13176
13421
13396
13523
13222
13261
13258
13125
13144
12946
13038
13179
13041
13097
13321
12990
13077
12868
13048
13084
12893
13112
12994
12933
12842
12658
13030
12901
12952
12777
12511
12645
12668
12800
12725
12601
12595
12793
12515
12839
12780
12700
12893
12582
12706
12508
12663
12340
12893
12391
12561
12363
12510
12570
12356
12456
12352
12418
12253
12159
11955
12310
12533
12185
12457
12097
12288
12394
12128
12054
12140
12181
12029
11792
12006
12087
11885
11899
11978
11998
12034
12012
11909
12010
11688
11990
11778
11899
11848
11797
11204
11574
11520
11550
11574
11699
11734
11477
11332
11447
11249
11271
11433
11416
11348
11081
10776
10566
10561
10404
10374
10580
10833
11028
10945
11025
10662
10647
10678
10961
10852
10764
10753
10597
10575
10862
10664
10716
10702
10410
10553
10589
10400
10577
10340
10465
10226
10196
10215
10384
10500
10038
10211
10231
10145
9941
10027
10031
9874
9733
9787
9892
9858
9589
9755
9883
9775
9709
9693
9393
9420
9371
9485
9248
9483
9306
9217
9321
9053
9217
9178
9182
9093
9012
9115
8964
8776
8966
8917
8877
8854
8819
8861
8978
8815
8596
8576
8562
8650
8583
8625
8551
8561
8497
8283
8449
8089
8190
8230
8252
8118
8191
8134
7985
8058
8005
8154
7864
8028
7997
7869
7597
7694
7688
7445
7595
7677
7419
7353
7525
7366
7336
7378
7210
7381
7152
7161
7297
7224
7240
7168
6997
7013
6883
7056
6738
6936
6932
6909
6712
6666
6681
6781
6494
6500
6632
6376
6553
6501
6356
6262
6378
6308
6144
6216
6126
6210
6077
6015
6034
5988
5891
5856
5814
5825
5823
5768
5835
5670
5989
5839
5590
5439
5375
5109
5243
5037
5090
5181
5241
5374
5502
5271
5267
5184
5097
5069
5275
5015
5203
5110
4981
4881
5057
4938
4867
4872
4899
4877
4943
4763
4813
4687
4680
4888
4664
4664
4674
4585
4552
4454
4505
4472
4432
4452
4492
4304
4315
4254
4297
4385
4179
4303
4222
4289
4323
4193
4265
4150
4196
4045
4053
3972
3915
3887
4018
4063
4106
3902
3859
3902
3997
3826
3817
3789
3754
3844
3851
3806
3651
3712
3772
3707
3532
3675
3702
3617
3585
3616
3661
3604
3618
3617
3604
3451
3520
3492
