3268
3346
3225
3280
3348
3378
3467
3250
3312
3379
3321
3318
3263
3275
3232
3359
3248
3199
3406
3289
3350
3298
3262
3376
3461
3338
3443
3296
3372
3387
3394
3398
3478
3261
3321
3385
3372
3480
3435
3276
3453
3442
3392
3462
3478
3350
3473
3489
3463
3447
3525
3544
3511
3416
3465
3311
3433
3499
3405
3403
3466
3488
3394
3360
3470
3444
3402
3514
3518
3599
3393
3517
3400
3531
3493
3416
3500
3669
3597
3641
3597
3493
3539
3547
3602
3610
3684
3624
3590
3592
3559
3579
3569
3568
3711
3585
3543
3484
3686
3621
3631
3730
3588
3710
3645
3737
3669
3630
3748
3630
3617
3745
3700
3732
3666
3766
3539
3711
3677
3604
3738
3590
3579
3716
3731
3698
3804
3704
3707
3847
3792
3731
3766
3790
3730
3672
3753
3658
3725
3723
3862
3834
3699
3726
3735
3743
3797
3818
3897
3697
3810
3778
3760
3721
3813
3802
3851
3704
3972
3882
3919
3819
3848
3870
3944
3819
3841
3806
3791
3920
3989
3661
3886
4010
3853
3930
3872
3859
4000
3981
4003
4001
4003
3960
4011
3839
3991
3878
4038
3835
3826
3964
4000
3966
3963
3991
3993
4052
4082
3954
3888
3995
4055
3890
3813
3971
4019
3998
3981
3953
4065
3972
4158
4024
4046
3992
4113
4141
4103
4066
4065
4086
4174
4157
4168
4015
4040
4132
3965
4061
4104
4127
4080
4279
4180
4163
4107
4143
4170
4139
4068
4360
4264
4052
4278
4143
4210
4199
4283
4229
4330
4209
4185
4173
4226
4105
4142
4241
4305
4228
4099
4300
4285
4267
4129
4453
4394
4370
4318
4393
4285
4362
4323
4302
4436
4318
4331
4419
4329
4420
4233
4390
4241
4371
4270
4407
4314
4286
4374
4364
4283
4427
4405
4432
4407
4367
4474
4450
4419
4407
4459
4411
4322
4600
4581
4586
4486
4240
4602
4589
4492
4308
4583
4579
4390
4653
4582
4545
4352
4630
4579
4617
4639
4714
4591
4728
4577
4640
4514
4624
4478
4538
4702
4661
4685
4580
4618
4574
4846
4632
4686
4727
4470
4486
4666
4712
4662
4579
4532
4744
4537
4588
4593
4727
4654
4689
4652
4712
4643
4820
4821
4716
4891
4640
4642
4785
4631
4821
4773
4770
4905
4734
4742
4686
4755
4766
4771
4758
4745
4832
4830
4917
4714
4912
4903
4976
4816
4786
4993
4955
4914
4879
4935
4876
4898
4990
4957
5117
5019
4959
4961
4957
5052
5132
4982
4887
4947
5006
4981
4933
4899
4934
4988
5079
4926
5141
4949
4960
5119
5102
5211
5053
4962
5039
5026
5075
5195
5114
5179
5105
5143
5213
5173
4993
5183
5082
5149
5076
5379
5283
5303
5270
5166
5188
5261
5185
5273
5276
5171
5306
5309
5285
5245
5276
5111
5330
5335
5232
5181
5320
5301
5420
5336
5392
5344
5351
5306
5351
5418
5319
5413
5305
5299
5336
5395
5334
5476
5499
5349
5344
5465
5492
5266
5522
5503
5259
5519
5543
5364
5368
5404
5580
5405
5563
5521
5411
5540
5736
5546
5433
5449
5482
5696
5666
5644
5627
5505
5594
5546
5619
5660
5642
5660
5646
5590
5798
5570
5583
5633
5664
5734
5773
5666
5652
5703
5660
5683
5805
5759
5794
5717
5643
5797
5612
5719
5751
5594
5763
5901
5758
5785
5992
5928
5756
5838
5817
5896
5765
5765
6030
5846
5890
5934
5839
5936
5822
5793
5937
5952
5977
5931
6003
5982
6054
5821
5855
6087
5910
6004
5946
5856
5954
6143
6050
6061
6142
5957
6074
6119
6164
5946
6131
6041
5966
6220
6021
6087
6251
6210
6268
6106
6054
6131
6179
6209
6141
6218
6036
6253
6291
6159
6380
6238
6284
6251
6280
6335
6308
6268
6203
6255
6292
6308
6443
6310
6410
6276
6418
6339
6264
6308
6439
6244
6269
6312
6248
6331
6248
6273
5988
6167
6121
6360
6225
6205
6462
6671
6571
6442
6495
6653
6430
6415
6648
6380
6713
6616
6600
6673
6527
6561
6557
6689
6491
6770
6601
6491
6749
6741
6580
6520
6652
6604
6639
6668
6716
6581
6640
6699
6845
6586
6628
6706
6580
6688
6706
6688
6746
6632
6800
6711
6696
6777
6710
6825
6862
6852
6739
6873
6962
6977
7058
6922
6945
7082
6826
6821
6934
6937
6718
6853
6936
6995
6914
6871
6963
7005
7003
7005
7023
6879
7141
6931
7133
7054
6978
7118
7139
7182
7117
6854
7092
7202
7376
7318
7071
7057
7220
7378
7266
7260
7165
7431
7183
7218
7311
7394
7261
7176
7308
7217
7418
7394
7549
7264
7302
7460
7524
7405
7288
7296
7356
7395
7491
7476
7338
7629
7543
7539
7582
7406
7584
7670
7472
7697
7599
7496
7467
7631
7740
7673
7439
7669
7654
7420
7637
7668
7654
7698
7690
7721
7704
7825
7765
7798
7990
7764
7645
7418
8000
7865
7724
7781
7872
7776
7912
7979
7920
7702
7923
7986
7888
7908
7970
7925
7906
7776
7880
7914
7969
7991
7986
8045
8116
8028
7951
7983
7717
7986
7986
8064
7861
8116
8192
8002
8167
8382
8004
8107
8078
8214
8192
8426
8286
8228
8274
8181
8046
8130
8151
8179
8398
8344
8285
8195
8501
8293
8385
8340
8628
8276
8408
8373
8228
8559
8335
8451
8527
8685
8370
8320
8450
8552
8577
8559
8613
8416
8566
8549
8483
8516
8632
8430
8627
8489
8582
8509
8881
8683
8724
8542
8753
8785
8810
8609
8758
8672
8525
8562
8418
8712
8724
8705
8628
8576
8698
8734
8856
8706
8756
8699
8905
8925
8956
9050
9032
8954
9007
9064
8877
8882
8924
9175
9204
8952
9046
9111
8974
9032
9165
9236
9135
9314
9426
9245
9066
9297
9313
9159
9197
9360
9354
9283
9136
9170
9265
9347
9299
9319
9250
9533
9358
9563
9428
9268
9463
9551
9550
9291
9478
9455
9311
9486
9472
9632
9785
9563
9461
9468
9720
9425
9478
9626
9501
9714
9756
9745
9591
9716
9821
9566
9646
9466
9609
9667
9673
9669
9707
9425
9583
9579
9874
9764
9968
9797
9905
9867
10011
9842
9930
9826
9755
9879
9814
10085
9974
10001
9923
10119
9737
10163
9975
10038
9899
9910
9988
9878
9795
9998
10088
9741
9937
9946
10163
10188
9983
9930
10356
10017
10264
10184
10177
10072
10306
10154
10235
10171
10086
10206
10348
10227
10260
10047
10387
10524
10001
10063
10138
10053
10386
10426
10489
10448
10277
10654
10655
10516
10406
10351
10500
10595
10854
10532
10654
10628
10539
10669
10373
10652
10604
10854
10558
10282
10781
10505
10502
10516
10424
10529
10573
10366
10460
10360
10402
10698
10369
10588
10474
10425
10638
10870
10792
10832
10741
11012
10786
11032
11089
10906
11007
10984
11147
10859
10639
10257
10216
10148
9862
9803
9704
9125
9165
8850
8744
8866
9014
9288
9663
9899
10465
10590
10702
11088
11331
11691
11432
11456
11578
11493
11823
11393
11328
11513
11320
11514
11300
11411
11497
11532
11521
11466
11254
11614
11520
11757
11551
11308
11438
11436
11344
11416
11397
11454
11482
11515
11380
11351
11492
11624
11890
11618
11669
11611
11927
11556
11849
11671
11910
11784
11753
11709
11645
11926
11589
12042
11603
11847
11766
11866
11797
11776
11682
11992
11978
12003
11774
11926
11832
12062
11885
11822
12049
11969
12148
12091
11954
12027
12194
12020
12235
12138
12186
12133
12075
12076
12078
11940
12066
12088
11862
12180
12222
12286
12198
12378
12034
12310
12287
12238
12286
12327
12093
12313
12393
12262
12521
12401
12227
12190
12756
12532
12448
12558
12440
12278
12655
12533
12405
12575
12563
12596
12710
12688
12476
12802
12958
12613
12583
13032
12754
12781
12817
12985
13033
13250
12941
12850
13071
13035
12788
12743
12632
12664
12484
12597
12444
12248
12187
12012
12077
12310
12519
12622
12903
12985
13275
13224
13322
13421
13295
13297
13096
13235
13262
13112
13126
13264
13121
13319
13345
13284
13314
13450
13609
13284
13281
13229
13362
13279
13366
13338
13583
13248
13396
13408
13308
13575
13424
13465
13297
13462
13496
13467
13498
13525
13699
13556
13684
13422
13648
13630
13678
13686
13882
13848
13743
13696
13596
13757
13635
13605
13768
13800
13825
13647
13683
14032
13876
13902
13833
13772
13862
13844
13799
13784
13769
13762
14169
13829
14045
14116
14313
13846
13916
14001
13960
14046
14221
14052
14327
14223
13844
13994
14124
14004
14057
14188
14315
14212
14372
14314
14036
14196
14227
14256
14419
14666
14351
14557
14594
14649
14300
14251
14526
14333
14554
14653
14404
14489
14461
14540
14550
14775
14795
14728
14876
14834
14603
14501
14784
14897
14999
14537
14683
14800
14910
14998
15071
14858
14855
15012
14910
15090
15181
14746
15021
14836
15141
14878
15092
15061
14894
14954
15211
14932
15018
14913
15268
15172
15140
15259
15335
15156
15235
14907
15087
15137
15069
14920
15013
15069
15110
15246
15163
15067
15333
15000
15108
15379
15098
15268
15325
15393
15199
15288
15452
15537
15169
15279
15320
15622
15379
15234
15350
15136
15512
15495
15438
15196
15335
15435
15463
15403
15562
15387
15775
15724
15759
15849
15570
15885
15904
15857
15622
15616
15922
15761
15768
15665
15940
15929
15843
15899
15846
15973
15964
16072
15673
16119
15995
16115
16091
15738
16014
15808
16036
15970
16110
16021
15956
15783
15979
15892
16285
16184
16333
16154
16104
16349
16142
16460
16180
16223
16340
16324
16330
16132
16193
16384
16288
16184
16380
16294
16377
16458
16341
16299
16298
16296
16313
16394
16566
16247
16170
16314
16305
16467
16407
16712
16432
16196
16468
16765
16680
16486
16845
16699
16478
16621
16527
16852
16792
16322
16584
16365
16779
16812
16524
16586
17099
16837
16750
16714
16933
16693
16766
16476
16682
16735
16568
16653
16853
17133
16920
16746
16890
17052
16723
16974
16708
17224
16971
16900
16916
17011
17076
16887
16877
16841
17030
16872
17337
16996
17114
17000
17115
17006
17188
16932
17110
17312
17350
16987
17114
17037
17400
17140
17180
17283
17300
17428
17356
16712
17441
17273
17160
17334
17260
17216
17491
17410
17157
17173
17303
17609
17327
17691
17147
17106
17517
17525
17140
17487
17578
17254
17378
17570
17783
17552
17497
17338
17352
17672
17420
17775
17531
17566
17723
17728
17554
17557
17561
17740
17709
17674
17605
17802
17696
17760
17576
17816
17680
17792
17876
17756
17738
17492
17358
17536
17380
17211
17454
17534
17318
16984
17300
17398
17277
17735
17825
17992
17797
18116
17738
18107
17913
18036
17903
18159
18218
17914
17908
17912
17981
18349
17887
17954
18053
18048
18050
17550
17932
18159
18071
18089
17947
17860
18119
17945
18340
18058
17845
18048
18134
18477
18096
18089
17951
18142
18073
18266
18403
18330
17972
18166
18234
18451
18206
18155
18129
18111
17970
18322
18341
18158
18212
18070
18373
18333
18293
18264
18341
18140
18352
18178
18378
18486
18429
18276
18560
18293
18363
18409
18524
18368
18486
18268
18310
18695
18660
18482
18562
18444
18552
18586
18489
18533
18634
18660
18515
18380
18763
18720
18878
18570
18744
18451
18726
18667
18617
18541
18426
18727
18586
18716
18829
18973
18710
18816
18614
18822
19128
18549
18513
18620
18604
18952
18420
18751
18948
18830
18897
18910
18591
18740
18407
18549
18997
19082
18968
18884
18678
18912
18958
18671
18914
18630
18622
18762
18757
19069
19092
18959
18834
18808
18877
19080
18909
19031
19083
19100
19148
19072
19019
19084
18893
19015
19060
19244
19242
19084
18626
18955
19003
18980
18987
19423
18887
19258
19194
19099
19013
19081
19223
19054
19269
18917
19115
19245
18937
19172
19092
19225
18980
19321
19043
19120
19209
19148
19193
19304
19138
19029
19652
19213
18936
19432
19109
19170
19211
19245
19074
18756
19226
19048
19205
19341
19307
19212
19432
19393
19456
19300
19066
19308
19452
19159
19077
19186
19249
18900
19013
19287
19076
19076
19405
19468
19192
19381
19489
19282
19134
19236
19357
19162
19306
19476
19554
19317
19528
19498
19149
19556
19332
19698
19584
19574
19509
19332
19249
19572
19488
19159
19575
19544
19301
19388
19447
19201
19468
19527
19332
19780
19594
19692
19585
19366
19437
19558
19584
19269
19375
19748
19508
19535
19478
19450
19301
19740
19422
19402
19412
19307
19512
19410
19592
19317
19517
19606
19492
19195
19540
19184
19406
19418
19251
19300
19368
19063
19312
19478
19494
19254
19423
19182
19577
19244
19629
19627
19274
19174
19192
19305
19632
19229
19783
19253
19323
19473
19721
19303
18938
18998
19208
18996
19103
18821
19390
18917
18955
18771
18907
18786
19285
18932
18949
19053
19200
19611
19464
19492
19613
19122
19341
19584
19627
19322
19398
19511
19626
18971
19348
19536
19508
19104
19170
19293
19290
19498
19245
19117
19589
19274
19404
19541
19493
19271
19419
19159
19648
19525
19486
19636
19571
19460
19460
19284
19516
19499
19512
19542
19425
19517
19584
19391
19124
19235
19148
19202
19234
19540
19291
19380
19606
19312
19083
19489
19125
19285
19223
19411
19541
19241
19278
19145
19336
19293
19372
19132
18821
19295
19142
19225
19190
19295
19103
18929
18977
18935
19318
19211
18888
19261
19252
19181
19066
19284
18881
19093
19317
18870
18810
18973
18737
18892
19055
18874
19112
19075
19077
19315
18957
18849
19150
19030
18944
18856
18992
19140
19190
18837
18786
18824
19250
19238
18884
18801
18638
18982
18972
18829
19121
19104
18848
18795
18750
18836
19065
18669
18871
18578
18630
18905
18845
18809
18742
18544
18848
18573
18612
18724
18616
18564
18592
18650
18560
18444
18844
18440
18554
18593
18796
18863
18660
18741
18477
18738
18702
18470
18646
18645
18617
18529
18335
18638
18178
18351
18541
18548
18566
18528
18326
18570
18340
18406
18760
18486
18413
18105
18528
18322
18294
18307
18284
18251
18376
18331
18697
18244
18549
18209
18496
18332
18153
18020
18234
18259
18075
18062
17871
18291
17805
17977
18354
17985
18109
17956
18098
18190
18107
17984
18002
17865
17927
18145
17824
17797
17878
17947
17748
18244
17695
17908
18027
17731
17774
17920
17879
17962
18080
17994
17942
17909
17736
17612
17712
17917
17956
17850
17514
17636
17694
17581
17623
17797
17828
17647
17742
17855
17433
17257
17310
17275
17237
17263
17262
17204
17250
17399
17283
17506
17366
17040
17366
17283
17502
17428
17365
17161
17086
17092
17166
17566
17194
16903
17340
17069
17307
17079
17198
17476
17206
16954
16904
16946
17124
16872
17161
17043
16932
17174
16962
16782
17083
16804
16677
16817
16867
16692
16762
16916
16656
16720
16763
16733
16683
16896
16664
16704
16552
16550
16489
16688
16478
16570
16209
16658
16562
16656
16477
16374
16512
16384
16734
16552
16635
16225
16522
16294
16397
16579
16287
16152
16407
16322
16393
16123
16255
16328
16217
16267
16148
16264
16274
16381
16439
16170
16239
16165
15919
15978
15830
15729
15886
15791
15723
15668
15594
15789
15867
15968
15949
15928
15917
15613
15461
15470
15581
15523
15547
15342
15351
15437
15372
15710
15402
15866
15454
15702
15780
15665
15661
15352
15305
15670
15381
15462
15292
15616
15259
15402
15534
15199
15692
15643
15465
15196
15219
14686
14885
14737
14476
14748
14763
14627
14675
14731
14760
14690
14884
14880
15136
14744
15083
15041
14820
15043
15010
15152
14998
14859
14782
14874
14715
14766
14751
14522
14231
14620
14612
14641
14436
14613
14488
14602
14537
14473
14275
14598
14472
14678
14466
14352
14648
14406
14255
14160
14320
14098
14457
14238
14685
14093
14168
14118
14284
14059
13821
13782
13563
13370
13426
13635
13345
13722
13869
13419
13398
13818
14077
14040
13785
13682
13884
13955
13777
13525
13718
13700
13896
13587
13588
13614
13730
13630
13692
13655
13742
13427
13489
13316
13369
13474
13280
13167
13166
13378
13332
12895
13130
13225
12992
13221
13144
12970
13204
13250
13096
13002
13138
13020
12942
13180
13093
12921
12954
12940
12920
12928
12822
12840
12709
12624
12600
12730
12685
12864
12756
12629
12316
12492
12628
12508
12613
12514
12581
12450
12626
12420
12661
12356
12423
12493
12292
12405
12491
12292
12341
12288
12122
12215
11945
12048
12181
11996
11947
11891
12188
12048
12072
12126
11939
12099
11984
11943
11931
11964
12098
11945
12171
11796
11698
11812
11932
11798
11920
11905
11509
11857
11767
11745
11315
11430
11316
11301
11419
11308
11105
11282
11397
11358
11061
11453
11246
11383
11499
11338
11019
11341
11255
11092
11030
11129
11180
11139
11365
11293
11091
11280
11253
10970
10882
10924
10917
11158
11018
10712
10804
10723
10749
10933
10797
10841
10706
10690
10724
11008
10824
10895
10714
10469
10805
10588
10557
10765
10496
10776
10629
10812
10498
10572
10414
10536
10554
10414
10520
10602
10573
10358
10296
10130
10294
10305
10458
10067
10056
10274
10373
10169
10143
10129
10103
10100
10016
10154
10118
10173
10109
9856
10175
10077
10122
9975
10035
10101
9751
9934
9845
10029
10102
10040
9842
9921
9906
9969
9890
9634
9874
9791
9746
9724
9484
9485
9543
9706
9550
9678
9584
9484
9758
9641
9528
9604
9488
9705
9620
9529
9547
9572
9774
9492
9624
9311
9533
9386
9522
9556
9371
9470
9371
9469
9281
9298
9351
9370
9241
9109
9182
9192
9445
9333
9301
9285
9030
9208
9434
9264
9249
9034
9180
9141
9096
9218
9257
9109
9066
9037
9284
9247
9156
8951
8913
9163
8839
8983
8938
8906
8996
8820
9155
9038
8958
8993
9044
8740
8881
8915
8771
8808
8902
8827
8704
9029
8757
8667
8985
8729
8794
8947
8796
8755
8749
8599
8840
8632
8746
8718
8705
8580
8618
8610
8754
8700
8667
8610
8727
8673
8586
8680
8670
8641
8532
8482
8754
8566
8630
8469
8500
8637
8636
8474
8696
8522
8627
8346
8676
8503
8702
8494
8662
8459
8528
8346
8529
8401
8658
8655
8540
8576
8593
8507
8424
8540
8651
8520
8326
8384
8616
8509
8436
8502
8470
8400
8301
8596
8463
8664
8582
8415
8517
8507
8552
8634
8509
8650
8461
8555
8683
8600
8533
8351
8637
8503
8539
8424
8509
8441
8542
8658
8392
8665
8303
8405
8524
8286
8549
8679
8576
8525
8625
8613
8582
8689
8580
8415
8491
8662
8457
8571
8621
8602
8534
8458
8524
8504
8578
8747
8517
8460
8546
8706
8520
8539
8351
8604
8596
8654
8518
8459
8474
8542
8477
8432
8535
8489
8622
8630
8660
8802
8724
8693
8846
8766
8715
8795
8868
8842
8834
8671
8652
8754
8696
8923
8771
8774
8762
8761
8854
8846
8833
8790
8894
8885
8821
8739
8853
8906
8842
9072
8956
9071
8956
8794
9050
8966
8833
9089
9068
8890
9002
8999
9037
8999
9099
9074
8957
9177
9008
9050
9310
9028
9018
9156
9069
8989
9131
9077
9120
9037
9095
9042
9126
8990
9097
8989
9057
9030
9263
9220
9406
9245
9231
9193
9420
9261
9150
9238
9334
9180
9196
9433
9426
9327
9412
9134
9440
9418
9183
9288
9360
9556
9289
9272
9192
9501
9433
9398
9525
9625
9447
9588
9371
9589
9512
9496
9511
9497
9496
9627
9429
9569
9549
9453
9287
9448
9451
9338
9570
9439
9714
9402
9624
9732
9592
9812
9666
9404
9626
9637
9494
9679
9636
9579
9704
9857
9681
9728
9815
9733
9629
9609
9846
9782
9615
9399
9720
9603
9665
9612
9790
9723
9820
9640
9584
10037
9837
9700
9752
9802
10016
9768
9732
9636
9749
9728
9778
9666
9845
9768
9839
9860
9694
9921
9766
9900
9851
9748
9648
9528
9581
9632
9672
9711
9511
9429
9670
9597
9891
9803
9717
9865
9808
9800
9944
9941
9993
9803
9991
9909
9948
9915
9890
10085
10153
9768
9967
9939
9762
10005
9968
9990
9924
9918
10016
9838
9999
9979
10039
9908
9922
10024
9687
10103
10067
9909
10035
9981
9877
9978
9647
9998
10010
9953
10144
9946
9946
9988
9912
9860
10075
10035
9932
9993
10164
10131
9977
10034
9796
9931
9805
10026
9918
9733
9786
10006
9953
9666
9977
10109
9823
10030
9908
9778
9893
10053
9738
9810
9838
9929
9829
9922
9700
9901
9978
9701
9766
9685
9833
9523
9789
9703
9801
9809
9960
9996
9689
9659
9738
9455
9662
9876
9785
9670
9738
9682
9446
9546
9862
9769
9574
9613
9519
9624
9437
9708
9775
9668
9658
9780
9649
9586
9524
9805
9499
9513
9386
9275
9479
9588
9409
9462
9376
9428
9510
9564
9371
9308
9613
9520
9414
9525
9559
9460
9378
9514
9275
9510
9462
9437
9261
9361
9372
9243
9437
9250
9429
9402
9248
9459
9455
9064
9335
9025
9168
9295
9163
9260
9346
9285
9020
9081
9104
9345
9305
8835
9121
9148
9242
9130
8990
9016
8861
8914
9177
8969
9046
9110
8849
9041
8852
8912
8779
8932
8928
8889
8926
8801
8662
8889
8858
8720
8994
8913
8647
8707
8710
8789
8866
8704
8629
8716
8791
8677
8665
8826
8774
8860
8509
8480
8494
8494
8538
8472
8313
8678
8555
8482
8572
8476
8348
8489
8488
8338
8278
8230
8132
8279
8193
8313
8212
8155
7957
7938
8100
8111
7989
8169
8173
7996
8094
8040
8043
8084
8055
8163
8018
7696
7631
7551
7269
7253
7472
7398
7731
7657
7984
8103
7760
7746
7650
7702
7700
7585
7529
7645
7549
7514
7409
7625
7548
7448
7531
7450
7487
7470
7389
7143
7329
7426
7353
7303
7317
7261
7242
7145
7243
7187
7101
7148
6958
7055
6986
7074
6837
6888
6946
6955
7051
6965
6947
6819
6711
6650
6654
6628
6635
6701
6733
6646
6558
6634
6613
6646
6404
6508
6482
6426
6160
6420
6395
6264
6355
6221
6476
6186
6159
6094
6134
6260
6257
6224
6335
6337
6150
6152
6085
6074
6075
5790
5897
5897
5956
5920
5961
5787
5879
5748
5777
5849
5806
5741
5776
5863
5605
5619
5401
5539
5527
5562
5447
5454
5454
5439
5390
5364
5308
5466
5309
5198
5298
5289
5250
5066
5167
5159
5168
5215
5248
5332
5130
5014
4994
5013
4937
5024
4888
4936
4822
4843
4774
4653
4800
4869
4621
4615
4662
4746
4612
4694
4522
4487
4567
4325
4531
4382
4437
4381
4455
4358
4228
4365
4281
4396
4367
4204
4188
4013
3905
3869
4027
4121
4244
4013
4129
4079
4136
3959
4140
4073
3916
3968
3961
3901
3953
3960
3882
3867
3821
3855
3663
3768
3724
3801
3789
3644
3705
3668
3591
3673
3694
3622
3522
3638
3698
3664
3633
3443
3504
3537
3491
3519
3441
3443
3510
3414
3380
3466
3553
3454
3472
3398
3471
3390
3343
3549
3320
3288
3290
3305
3215
3208
3264
3200
3135
3105
3169
3127
3200
3290
3166
3220
3102
3170
3000
3103
3046
3076
3010
3089
3037
3067
2992
2994
2810
3104
3041
2987
3023
