4313
4218
3996
4186
4288
4608
4030
4300
4404
4121
4327
3892
4110
3926
4008
4490
4281
4035
4561
4411
3850
4056
3943
4132
4443
4303
4320
4254
4132
4305
4288
4082
4025
3970
4010
4234
4011
4493
4055
4416
4353
4165
4074
4330
4532
4028
4381
4192
4456
4466
4861
4378
4737
4170
4162
4114
4216
4086
4275
4567
4273
4107
4704
4565
4143
4081
4219
4046
4612
4480
4253
4067
4215
4293
4384
4344
4202
4482
4212
4286
4704
4299
4473
4454
4438
4560
4417
4042
4533
4270
4462
4916
4714
4309
4436
4399
4371
4632
4950
4440
4501
4306
4808
4367
4496
4722
4368
4773
4377
4342
4672
4331
4935
4613
4575
4352
4407
4847
4923
4853
4603
4413
4506
4730
4747
4839
4940
4583
4380
4680
4419
4377
4581
4555
4684
4513
4801
4880
4716
4600
4813
4878
4578
4716
4771
4718
4654
4735
4553
4604
4894
4645
4950
4711
4449
4634
4885
4733
5166
4849
5104
4662
4765
4746
4692
4645
5286
4644
5117
4578
4898
4769
4762
4556
4577
4699
4968
5166
5132
4951
5005
5233
5101
4812
4807
5314
4815
4805
5137
5020
5328
5060
5129
4958
4776
5033
4910
5102
5299
5202
4841
4922
5376
4885
4851
4939
5136
5091
5213
4879
5148
5100
5242
4877
5001
4927
5293
4971
5163
5099
5454
5077
5249
5117
5474
5168
5092
5177
4971
5283
4942
5127
5203
5216
5099
5200
5113
4975
5232
5162
5308
5223
5220
5356
5386
5254
5345
5477
5281
5545
5197
5515
5424
5283
5248
5401
5149
5170
5343
5208
5229
5576
5319
5564
5128
5486
5226
5369
5400
5738
5773
5487
5760
5553
5095
5458
5880
5308
5267
5514
5585
5517
5806
5321
5674
5462
5450
5644
5595
5545
5415
5560
5501
5533
5840
5608
5671
5558
5347
5745
5900
5988
5431
5666
5572
5785
5552
5886
5616
5841
5671
6316
5845
5754
5472
5835
5914
5820
5909
5694
6120
5404
5960
5891
5785
5670
6282
6049
6014
6093
5979
5631
5554
5901
5785
6156
5873
5838
6077
5819
6116
6207
6208
5722
5914
5911
6007
6090
5978
6320
5894
6053
5798
5909
6256
5995
5873
6285
5980
6190
5889
6068
6405
5840
6173
6036
6222
6077
6195
6025
5959
6161
6450
6184
6134
6140
6128
6032
6027
6328
5930
6429
5990
6379
6271
6223
6297
6116
6196
6133
6158
6482
6103
6388
6550
6123
6461
6234
6494
6208
6529
6656
6354
6360
6572
6403
6621
6587
6375
6552
6819
6426
6731
6848
6362
6635
6585
6728
6523
6828
6735
6676
6663
6569
6779
6407
6766
6245
6697
6601
6429
6591
6685
6605
6757
6771
6815
6942
6801
6803
6750
6835
6813
6460
6879
6796
6794
6956
6759
6918
6764
6798
6784
6978
6971
7215
6965
6829
7295
6957
6821
7187
6951
7292
6947
7344
7131
7317
6866
7147
7229
7117
6960
7277
7467
7276
7250
6953
7350
7090
7245
6936
7391
7388
7218
7006
7524
7162
7051
7252
7285
7398
7263
7163
7528
7529
7731
7404
7261
7272
7597
7544
7347
7364
7734
7400
7733
7378
7445
7221
7646
7631
7732
7825
7518
7489
7812
7781
7496
7562
7769
7655
7670
7456
7493
7817
7703
7894
7788
7803
7834
7653
7844
8062
7684
7883
7672
8147
7538
8115
7981
8041
8084
7912
8193
7648
8249
7963
7872
7952
8235
8572
8022
8355
8448
8106
8247
8075
8102
8722
7861
8292
8181
8315
8156
8477
8481
7968
8207
7961
7910
8062
7903
8028
7828
8537
8398
8433
7996
8626
8488
8354
8499
8161
8159
8501
8354
8794
8466
8320
8527
8503
8349
8168
8499
8267
8604
8348
8532
8528
8644
8480
8600
8926
8665
8609
8609
8862
8747
8661
8625
8458
8726
8775
8559
8834
8717
9014
8602
8788
8773
8931
9135
8827
8804
9092
8814
8964
9044
8795
8627
8685
8708
8573
9136
8351
8863
9032
9076
9464
8960
9269
9055
9313
9573
9539
9467
9070
9045
9244
9452
8845
9017
9190
9324
9236
9499
9419
9260
9668
9617
9238
9594
9462
9383
9435
9423
9573
9837
9361
9449
9547
9492
9829
9640
9408
9529
9636
9550
10299
9794
9627
9435
9638
9576
9890
9973
9667
10191
9985
10145
9932
10030
9924
9785
9872
10001
9992
9990
9878
10036
10470
9838
9728
9979
9702
10130
10259
9995
10222
10050
10093
10056
10280
10358
10362
10172
10547
10381
10544
10591
10666
10574
10475
10779
10308
10452
10282
10774
10407
10686
10744
10600
10300
10813
10468
10958
10567
10710
11026
10493
10863
10472
10697
10851
10954
10682
10604
10729
11037
11018
10917
11049
10983
10781
10861
11081
11175
11029
11558
11452
10922
11099
11173
10796
11192
11188
11478
10960
11516
11305
11365
11209
11332
11497
11633
11490
11327
11761
11476
11884
11773
11711
11976
11700
12045
11539
11526
11417
11693
11641
11834
11853
11900
11684
11666
11957
11650
11725
11521
12078
12002
11638
11828
12157
12202
11805
11960
12215
12264
12038
12005
12362
12259
12313
12624
12088
12285
12095
12703
12354
12862
12244
12231
12317
12571
12783
12532
12466
12706
12580
12421
13185
12564
12476
12433
12829
12688
12616
12587
12806
12986
12904
12759
12995
13028
13082
13074
13322
13658
13083
12936
13038
13035
12969
13164
13201
13099
13751
13346
13678
13519
13935
13327
13713
13539
14094
14089
13542
13355
13505
13451
13656
13615
13747
13600
13904
13603
13942
13920
14101
14166
13769
14108
14096
14281
14093
13904
13999
13884
13895
14273
14274
14138
14180
13975
14372
14137
14596
14040
14681
14692
14661
14283
14472
15279
14690
14469
14956
14755
14927
14701
15141
14908
14923
14866
15177
14947
14933
14948
15149
15005
14982
15588
15213
15516
15298
15536
15469
15115
15705
15318
15768
15816
15349
15771
15293
15449
15616
15309
15316
15980
15812
15954
16165
16121
15988
15836
16203
15695
16139
16058
16313
16028
15994
16658
16554
16239
16082
15876
16066
16546
16629
16792
17084
17143
16499
16734
16301
17065
16717
16818
17032
17262
17147
17165
16918
17127
17061
17167
16936
17040
17127
17348
17236
17067
17346
17397
17664
17770
17530
17552
17885
17555
18125
17698
17867
17850
18034
17566
18084
18140
17995
18217
18692
18335
18228
18209
18379
18523
18182
18648
18010
18615
18264
18622
18549
18336
19266
18743
18718
18969
18629
19210
19258
19017
19204
19402
19446
18844
19572
19421
19428
19312
19211
19082
19151
19245
19293
19122
19378
18907
19784
19343
19764
19712
20306
20186
20322
20157
20104
20509
20310
20154
20488
20614
20558
20602
20457
20590
20700
20650
20724
20752
20647
20579
20659
20290
20324
20652
20782
20430
20288
20307
20165
20508
20614
20392
20639
20160
20839
20872
20852
20998
21414
21672
22203
21399
21960
21693
22034
22109
21876
22208
21803
22006
21732
21336
21335
21046
20349
19917
19723
19073
18170
18384
17520
17280
17902
18113
18826
19419
20347
21124
21528
22708
22704
22745
23523
23572
23588
23361
23332
23300
23508
23586
23736
23691
23420
23486
23518
23492
24138
23599
23699
23680
23655
24053
23828
23981
23769
23565
23763
24045
23611
23766
23394
24170
23940
24298
23833
24340
24482
24835
24956
24226
24632
25093
24832
24494
24842
24551
24628
24994
24999
24523
24787
24294
25124
24458
24720
24890
24007
24932
24804
25403
25203
25218
25229
25114
25108
25354
25209
25162
25455
25356
25605
25175
25216
25881
25594
25437
25908
25634
26090
25610
25916
25640
25510
26266
25937
25728
25712
25748
25770
25848
25842
25977
25978
26389
26306
26154
25964
26861
25999
26633
26219
26214
26315
26893
26481
26921
26694
26714
26798
27041
27458
26509
27513
27312
27319
27178
27173
26950
27033
26845
27502
27211
26916
27250
27252
27693
27385
27571
27436
27734
27757
27575
27700
27605
28168
28105
27689
27757
27951
27208
26997
26605
26029
26094
26037
25548
26112
26602
26810
27356
28025
27960
28168
28264
27853
28141
27986
27590
28010
28179
28568
28352
28553
28252
28457
28116
28502
28614
28598
28564
28622
28481
28416
28740
28518
28435
28529
28538
28182
28511
28383
28621
28868
28516
27942
28500
28383
28573
28778
28724
28453
29161
28320
28770
28575
28538
29033
28964
28539
29444
28949
29551
28934
29000
29204
29112
29210
29129
29434
29010
29540
29034
29394
29092
29253
29644
28968
28938
29019
29566
29289
29403
29208
29296
29086
29396
29636
29002
29535
29613
29149
29697
29332
29149
29167
29033
29412
29019
29527
29045
30024
29542
29544
29303
29428
29770
29140
29946
29606
29516
30045
29978
29696
28932
29621
29808
29812
29376
29776
29476
29666
29297
29264
29618
29314
29417
29736
29715
29806
29643
30011
29746
29744
30031
29360
29925
29967
29978
29898
29567
29584
29385
29832
29796
29646
29835
29529
29691
29888
29670
29869
29852
29754
30134
29072
29489
29308
29985
29824
29370
29706
29805
29837
29516
29586
29647
29565
29535
29669
30146
29702
29412
29291
29305
29173
29128
29291
29068
29226
28653
28788
28901
29176
28920
29231
29146
29574
29020
29203
29489
29712
29302
29255
28917
29303
29613
29322
28916
28698
28429
28364
28942
28800
28900
28571
28301
28333
28002
28542
29329
28696
28646
29120
29378
28591
28952
29216
29106
28969
29014
29026
29128
28786
28800
28779
28349
28580
29008
28438
28802
28715
28818
29141
29005
28682
28826
28654
28807
28527
29017
28726
28488
28632
28088
28413
28516
28238
28622
28491
28636
28716
28328
28183
28503
28655
28520
28086
28456
28628
27916
28526
27540
28413
27786
28206
27469
28238
27909
27962
27659
28184
27884
27904
28180
27786
27972
27978
28057
27631
27919
28111
28180
28288
27576
27876
28062
27508
27680
27712
27794
27428
27844
27343
27412
27864
27987
27428
27213
27387
27392
27764
27510
27722
27704
27305
27349
27017
27265
27306
27272
27045
27634
27124
27243
27284
27100
26841
27598
27078
27246
27305
26962
26836
26813
26886
27044
26934
26908
26798
26699
27221
26640
27166
26720
26617
26790
27036
26447
26680
26621
26901
26626
27069
27041
26917
27035
26408
26445
26880
26868
26522
26786
26606
26552
26290
26624
26341
26714
26409
26356
26272
26474
26176
26176
26458
26324
26600
26564
26260
26164
26097
25823
25955
26038
26034
25898
26424
25922
26240
26189
26273
26210
26040
26325
26026
26242
25953
26016
25940
26346
25958
25960
25882
25356
25974
25620
25872
26246
25867
26089
25968
25585
25832
25501
25972
25445
25638
25642
25518
25934
25517
25748
25521
25078
25024
24877
24820
24692
25151
25226
24980
24920
24998
24559
24504
25067
25229
25670
25500
24918
25396
25299
25751
25199
25180
25450
25514
25529
25672
25260
25124
25092
25070
25454
25036
25057
25036
25174
24872
25372
24777
24507
24776
25026
24891
25285
25046
24813
24914
24910
25077
25035
24813
24590
24694
24438
25008
25196
24870
24644
24763
24881
24996
25149
24604
24686
25133
25299
24343
24550
24433
24694
24536
24906
24729
24623
24666
24785
24772
24570
24667
24433
24763
24676
25202
24905
24510
24832
24727
24797
24776
24747
24501
24541
24564
24415
24957
24771
24614
24920
24533
24660
24644
24120
24516
24482
24344
24326
24337
24332
24473
24821
24775
24180
24549
24134
24148
24776
24288
24447
24740
24721
24423
24350
24412
24433
24205
24184
24266
24484
24252
24499
24371
24380
24687
24504
24186
24171
24434
24435
24144
24565
24301
24098
24342
24397
24517
24502
24076
24573
24818
24236
24710
24210
24132
24218
23922
24150
24381
24509
24036
23922
24301
24642
24500
24293
24758
24224
24658
24078
24491
24507
24650
24160
24508
24278
24116
24059
23972
24117
24357
24379
24196
24389
24297
24497
25222
24898
24331
24038
24468
24337
24417
24322
24365
24452
24097
23970
24186
24276
24402
24006
24393
24570
24179
24264
24119
24236
24052
23892
24235
24189
24196
24066
24604
23975
24301
24181
24091
24192
24125
24341
24472
24084
24253
24224
24410
24106
24012
24075
24331
24379
24185
24294
24025
23894
23943
23933
23616
23972
23692
24148
23896
24009
24236
23872
24514
24121
24393
23926
24173
24484
24194
23793
23773
24124
24155
24076
24293
24181
23798
24242
24180
23733
24096
23954
23477
24538
24046
23802
23931
23713
24256
23712
23876
24148
24553
23779
24308
23851
23953
24161
23882
24406
23986
23794
24145
24026
23922
23840
23816
24036
24146
24034
24138
24418
23907
23924
24413
23921
24095
24095
24336
24428
24054
23956
23620
23883
23637
23470
23876
24058
23954
23900
23624
23389
23545
23349
23530
23573
24230
23886
23697
23540
23702
23581
23820
23854
23660
23860
23625
24080
23241
24039
23732
23198
23498
23816
23422
23007
23028
23005
23151
23126
22986
23114
23282
23074
23728
23423
23526
23362
22919
23418
22813
23341
23264
23549
23330
24254
23764
23594
23473
23368
23960
23478
23629
23159
23040
23619
23197
23177
23149
23410
23322
23327
22854
23433
23439
22748
23165
22668
23284
22970
23162
22894
23462
22740
23015
23412
23008
23412
23183
23104
22772
23144
22846
22882
22615
22816
22893
22829
23358
22837
22763
22350
22250
22766
22446
22696
22658
22180
22612
22644
22288
22486
22489
22738
22634
22742
22536
22746
22154
22538
22132
22097
21976
22053
22404
22139
22610
22512
22097
22392
22572
21883
22116
22001
22130
22130
22446
21812
22180
21876
21903
22168
21650
21673
22034
22074
21913
21769
22080
21748
21879
21905
21817
22038
21814
21694
21440
22037
21659
21973
21343
21431
21372
21844
21388
21293
21717
21332
20994
21060
21569
21059
21699
21164
21030
21167
21452
21632
21061
21007
20877
20750
21021
20948
20721
20984
20764
20558
20388
20821
20536
20878
20415
20232
20520
20800
20662
20085
20707
20389
20964
20568
20295
19972
20506
20122
20437
20282
20336
20135
19726
20138
19914
20180
20205
19787
19712
19945
20172
19956
19702
19949
19656
19518
19012
18731
18476
18397
18096
18186
18849
18360
18356
18257
18365
18364
18746
18907
18666
18346
18575
18756
18385
18379
18308
17997
18084
18013
17986
18064
17993
18182
17961
18054
18335
18111
17803
17762
17704
18174
17645
17598
17508
17586
17449
17482
17572
17306
17454
17516
17385
17487
17644
17291
17683
17601
17028
17609
17161
17548
17520
17305
17504
18084
17595
17487
17568
17007
17644
17472
17685
17336
17753
17586
17414
17642
17044
17122
17184
17121
16810
16899
16531
16711
16617
16658
16333
16474
16588
17021
16641
16289
16628
16672
16350
16340
16390
16108
16328
16478
16514
16327
16162
15849
16219
16375
16221
16135
15940
15788
15819
15914
15922
15506
15882
15400
15293
15508
15699
15290
15481
15404
15216
15059
15253
15505
15269
15036
15037
15125
14709
14955
14858
14549
14880
14870
14356
14877
14361
14469
14500
14544
14245
14341
14127
14382
14358
14270
14204
14273
13980
14329
14191
14206
14058
13876
14020
14125
13866
13848
13772
13896
13642
13556
13000
13331
13472
13402
13074
13470
13272
13157
13341
13207
12966
13522
13124
13157
13278
13130
13073
13032
12704
12877
12489
12634
12825
12585
12237
12502
12765
12744
12010
12680
12642
12480
11933
11757
12041
12072
11851
12090
11976
11789
12097
11602
11992
11778
11840
11368
11893
11554
11780
11393
11562
11649
11704
11567
11823
11528
11133
11155
11694
11183
11367
11338
10854
11156
11167
10963
10724
10345
10692
10360
10381
10433
10660
10243
10585
10921
10766
10759
10653
10443
10522
10820
10446
10398
10301
10341
10520
10017
10283
10446
10457
9496
10066
10259
9892
10182
10117
9856
10009
10160
9637
9713
9658
9696
9622
9949
9501
9461
9288
9548
9438
9472
9070
9417
9248
9729
9472
9255
9590
9060
9295
8857
9203
9131
8968
8658
8698
8322
8881
8384
8729
8598
8644
8708
8748
8822
8469
8520
8333
8457
8478
8320
8342
8347
8365
8297
8619
8674
8066
8272
8356
8200
8172
8266
8091
8082
8188
7750
7588
7838
7719
7817
7471
7798
7887
8004
7632
7555
7560
7836
7181
7833
7661
7340
7404
7562
7432
7440
7342
7779
7500
7177
7156
7109
7104
7342
7189
7012
7431
7075
7171
6991
6953
7245
7162
6945
6735
6898
6520
6942
6789
6850
6791
6425
6610
6593
6774
6796
6615
6263
6550
6366
6378
6347
6560
6294
6294
6229
6016
6365
6389
6103
6308
6273
6142
6270
6144
6219
6220
6627
6222
6160
6030
5882
6267
6024
6131
5830
6010
5743
5913
6250
6189
6050
5766
5802
6116
5857
5555
5725
5620
5707
5598
5483
5315
5652
5783
5796
5625
5477
5606
5693
5348
5333
5268
5521
5451
5388
5377
5545
5223
5665
5695
5131
5023
5236
5193
5066
5355
5307
4948
5043
5113
4892
5002
4737
5106
4933
5234
4871
4692
5050
5061
4891
4917
4808
4916
4784
4744
5194
5293
4930
5016
4642
4918
4741
4684
4931
4554
4630
4606
4664
4596
4583
4596
4863
4642
4710
4617
4742
4532
4473
4854
4416
4250
4427
4608
4697
4520
4774
4331
4310
4470
4290
4291
4461
4616
4333
4604
4516
4102
4191
4112
4314
4323
4046
4302
4261
4087
4203
4704
4288
4506
4065
4298
4134
4152
4076
4389
4079
4210
4199
4280
4456
4144
4157
4532
4329
4210
4164
4589
4383
4075
3954
3969
4065
4123
4040
4028
4070
4327
3817
4294
4202
4055
3936
4007
3981
3648
3971
4074
4170
3806
3844
4175
4373
3751
4052
3724
4066
3954
4009
4111
3989
4208
3951
3923
4281
3757
3825
3876
3973
3577
4107
3849
3560
4109
3822
3906
3578
3664
3711
3873
3988
3930
3645
3695
3710
3847
3847
3719
3798
4100
3462
3530
3893
4073
3902
3669
3589
3751
3812
3454
3625
3755
3595
3743
4002
3721
3720
3950
3903
3663
3913
3913
3911
3620
3456
3606
3592
3270
3709
3560
3685
3893
3657
3710
3566
3639
3568
3525
3431
3645
3617
3685
3988
3795
3712
3535
3664
3550
3595
3471
3866
3434
3578
3688
3531
3497
3491
3468
3868
3496
3310
3395
3479
3606
3607
3648
3612
3494
3260
3406
3693
3720
3631
3442
3686
3545
3189
3537
3598
3393
3702
3400
3478
3396
3786
3640
3558
3305
3581
3630
3544
3494
3455
3753
3553
3495
3554
3312
3527
3430
3448
3417
3490
3740
3621
3544
3414
3563
3321
3576
3554
3861
3452
3508
3431
4151
3469
3324
3348
3330
3322
3266
3241
3304
3480
3312
3439
3238
3601
3600
3481
3335
3224
3510
3237
3483
3193
3621
3441
3407
3620
3467
3180
3495
3252
3401
3374
3473
3349
3346
3282
3514
3304
3381
3742
3255
3351
3231
3344
3286
3411
3201
3745
3515
3265
3276
3348
3445
3656
3380
3255
3612
3288
3503
3417
3375
3408
3421
3421
3284
3380
3718
3439
3481
3469
3099
3412
3653
3263
3391
3370
3414
3401
3246
3278
3372
3588
3575
3318
3415
3456
3532
3603
3486
3517
3477
3226
3192
3309
3544
3310
3158
3319
3148
3298
3266
3420
3329
3289
3444
3254
3366
3076
3463
3259
3454
3275
3050
3326
3165
3221
3550
3370
3421
3641
3151
3128
3112
3144
3345
3204
3486
3110
3167
3622
3355
3378
2983
3419
3272
3503
3298
3060
3475
3200
3239
3220
3507
3299
3445
3428
3306
3368
3234
3429
3222
3332
3531
3605
3275
3139
2973
3182
3045
3252
3173
3422
3187
3174
3563
3175
3700
3428
3336
3392
3213
3498
3508
3253
3810
3270
3391
3055
3115
3346
3195
3261
3257
3132
3231
3361
3485
3281
3177
3406
3078
3101
3109
3067
3340
3279
3240
3250
3434
3245
3248
3480
3301
3280
3211
2881
3221
3136
3212
3159
3098
3034
3268
3231
3377
3295
2948
3392
3546
3299
3725
3111
3193
3146
3162
3422
3152
3196
3162
3328
3143
3304
3310
3202
3032
3135
3259
3190
3191
3200
3194
3251
3376
3306
3529
3212
3372
3086
3118
3482
3118
3136
3185
3314
3319
3144
3251
3232
3047
3159
3404
3253
3332
3421
3244
2936
3263
3278
3555
3028
3122
3343
3200
3165
3102
3341
2835
3648
3322
3447
3244
2964
3094
3130
3546
3251
3190
2923
3180
3289
3220
2908
3014
2934
3476
3403
3004
2953
3319
3158
2987
3043
3097
3056
3231
3267
3028
3671
3224
3160
3260
3276
3337
2811
3030
3234
3120
2980
3082
3405
3291
3220
3350
3165
2934
3276
3576
3266
3266
3063
3420
3095
3124
3134
3308
3262
3030
3214
3450
3078
3229
3117
3114
3290
3209
3023
3128
3298
3599
3235
3171
3323
3334
3257
3217
3093
3228
3007
3114
3226
3031
3240
3205
3319
3346
3526
3208
3011
3390
2935
3376
3234
3145
3027
3146
3457
3205
3230
3355
3066
2906
3224
3209
3175
3352
3277
3010
3152
2895
3175
3387
3210
3186
3034
3269
3285
3148
3153
3122
3166
3400
3163
2993
3302
3236
3092
3279
3134
3462
3110
3098
3149
3347
3060
3205
3337
2829
3320
3487
3000
2999
3105
3182
3218
3263
2975
3023
3051
3234
3157
3337
2922
3169
2823
3119
3165
2809
3149
3373
3216
3230
2892
3581
3263
3344
3138
3178
3044
3126
3299
3230
3021
3256
2946
3214
3265
3427
2994
3192
3273
3161
2991
3317
3240
2801
3252
3164
2821
3137
2875
3065
3246
3163
3000
3128
3355
2968
3207
3106
3297
3355
3014
3240
3124
3009
2952
3181
3271
3217
2964
3000
2854
3052
3415
3180
3041
3407
3252
3276
3281
2915
3057
2932
3239
3090
3088
3128
3114
3344
3122
3409
3142
3110
3078
2938
3137
3356
3186
3343
3096
3141
3039
3386
2966
3281
2969
3122
2871
3406
2986
3174
3272
2891
2952
3224
3082
3119
2836
3156
3013
3102
3312
2913
2971
3688
3360
2980
3084
3241
3096
3248
2947
3063
3227
3451
2940
2818
3137
3285
3143
2935
3030
3321
3083
3106
3009
3125
2999
3245
3111
3134
3042
3032
3121
2948
3170
3112
3122
3284
3161
3277
2866
2904
2992
2979
3181
3309
3121
3434
2714
2913
3050
2953
3091
3147
3130
3234
3090
3393
3362
3024
3149
3494
2978
2897
3277
3288
2857
3360
3050
3031
3098
3137
3347
3122
2940
2989
3235
3199
2940
2933
3353
3137
3293
3167
2904
3126
3123
2909
2837
3119
3800
3163
3240
3042
3092
3201
2960
3074
3006
3151
3079
2940
3226
3016
3247
3164
3034
3453
2874
3134
3265
2961
3282
3369
2942
3271
3156
3157
3059
3299
3409
2864
2863
3020
3288
3148
3044
2949
3198
3008
2873
2962
3108
3305
3238
3061
3131
3049
3268
2834
3338
2982
3079
2875
3113
2968
2970
2807
2841
3203
2843
3302
3060
3231
2804
3477
3091
3158
2740
2871
3301
3218
2855
3109
2726
3169
2976
3429
3246
3298
2992
3128
2947
2873
3160
3062
2974
2765
2952
3280
3013
3266
2935
3096
3039
2891
3394
2741
3161
3038
3019
2715
2933
3004
3065
2928
3044
2881
3154
2806
3067
3118
3221
3024
3165
