4232
4253
3987
4210
4292
4830
4056
4189
4333
3993
4298
4050
4084
4016
4001
4484
4353
3986
4373
4486
3857
4232
3926
4244
4432
4173
4433
4078
4061
4376
4557
4095
4005
4025
4188
4282
3871
4457
4154
4574
4154
4224
4202
4360
4588
4090
4652
4167
4407
4445
5029
4685
4661
4176
4311
4271
4066
4102
4282
4386
4204
4267
4481
4336
4137
4121
4287
4047
4553
4394
4426
4154
4582
4351
4439
4258
4182
4337
4337
4132
4662
4283
4620
4241
4413
4615
4504
4107
4648
4394
4487
4599
4617
4368
4427
4479
4465
4686
4926
4461
4612
4381
4805
4300
4676
4604
4323
4890
4431
4346
4592
4288
4977
4461
4532
4409
4528
4657
4794
4667
4742
4435
4500
4607
4789
4804
5101
4525
4284
4630
4491
4612
4800
4522
4588
4446
4996
4858
4822
4371
4830
4684
4554
4674
4898
4671
4748
4867
4655
4624
4826
4668
4951
4640
4529
4781
5085
4819
5210
4769
5171
4852
4798
4816
4663
4802
5280
4651
5001
4614
4844
4915
4787
4573
4635
4608
4835
5060
4998
4879
4866
5291
4984
4924
4925
5243
4969
4908
5078
5074
5323
5038
5132
4999
4776
5046
4789
5074
5150
5192
4823
4852
5229
4957
4846
4914
5109
5038
5195
5058
5064
5076
5332
5148
4921
4878
5307
4915
5121
5042
5248
5335
5209
4860
5529
5392
5199
5167
5064
5186
4964
5240
5217
5328
5062
5095
5186
5048
5230
5241
5470
5184
5085
5342
5473
5249
5232
5444
5188
5702
5205
5491
5487
5344
5450
5398
5156
5284
5655
5092
5280
5419
5285
5440
5231
5422
5457
5323
5455
5681
5843
5632
5683
5504
5252
5519
5748
5270
5333
5612
5683
5398
5738
5426
5785
5327
5478
5706
5549
5513
5348
5370
5691
5390
5893
5504
5573
5624
5495
5692
5788
5908
5486
5420
5487
5627
5592
5684
5632
5758
5731
6180
5959
5837
5538
5907
5984
5815
5907
5796
6028
5406
5752
5959
5816
5689
6108
5884
5853
5869
5896
5717
5651
5658
5989
6062
5968
5820
5856
5931
6203
6147
6158
5815
5846
5839
5952
5996
5875
6032
6063
6100
5977
5766
6326
5991
5948
6389
5836
6208
5797
6187
6395
5740
6225
5859
6090
5807
6329
6164
5953
6118
6460
6039
6228
6083
6038
6021
5869
6358
5979
6530
5905
6388
6288
6336
6284
6032
6298
6236
6324
6553
6164
6414
6422
6105
6402
6401
6322
6360
6658
6694
6216
6639
6494
6472
6567
6662
6428
6691
6834
6488
6550
6458
6440
6716
6583
6513
6595
6448
6698
6607
6678
6753
6830
6564
6661
6265
6522
6820
6461
6814
6733
6847
6733
6735
6980
6758
6839
6687
6842
6859
6896
6621
6986
6884
6678
6973
6899
7051
6844
6739
6723
6828
6877
7256
6918
6716
7256
6963
6804
7225
7144
7090
7016
7313
7097
7271
6997
6983
7316
7312
6926
7308
7476
7412
7409
7046
7342
7143
7220
6946
7245
7588
7450
7143
7488
7206
7200
7458
7549
7303
7186
7213
7376
7577
7803
7535
7322
7103
7492
7666
7441
7509
7659
7439
7499
7365
7421
7230
7485
7572
7732
7789
7518
7720
7730
7623
7249
7705
7990
7690
7941
7457
7513
8034
7892
7808
7643
7804
7856
7736
8026
8116
7740
7948
7633
8021
7716
8150
7846
8021
8188
7873
8072
7856
8088
7860
7688
8018
8265
8250
7978
8121
8204
8043
8334
8197
8066
8489
7900
8151
8264
8188
8328
8448
8580
8021
8214
8042
7950
7918
8255
8155
8018
8646
8408
8442
8315
8408
8489
8436
8784
8295
8342
8644
8560
8797
8575
8433
8409
8555
8333
8219
8551
8400
8604
8507
8614
8655
8488
8602
8634
8858
8491
8476
8380
8701
8681
8608
8885
8699
8749
8835
8739
8827
8576
8863
8914
8903
8749
9098
9235
8784
8752
8875
8555
8914
9101
8998
8799
8712
8768
8836
9140
8392
8733
8867
9386
9357
9093
9365
9031
9317
9701
9524
9653
9026
9130
9152
9562
9178
9080
9269
9476
9155
9593
9518
9481
9472
9357
9544
9580
9636
9574
9269
9308
9596
9660
9372
9828
9572
9544
9895
9871
9519
9694
9525
9516
10375
9807
9552
9401
9582
9492
9845
9882
9572
9899
10022
9878
9792
9784
10004
9950
9996
9861
10185
10025
10016
10218
10184
9940
9633
9821
9824
9978
10050
9952
10258
9959
10196
10293
10511
10245
10128
10135
10234
10492
10596
10406
10381
10678
10585
10801
10345
10566
10184
10796
10217
10960
10706
10699
10426
10596
10835
10866
10672
10433
10648
10667
10776
10415
10731
10660
11020
10541
10604
10855
10918
11251
11121
10973
11241
11238
10925
11078
11041
11292
11465
11316
10758
11210
11165
10923
11443
11173
11405
11282
11204
11252
11252
10994
11289
11395
11348
11482
11124
11620
11488
11788
12065
11882
11808
11701
11940
11517
11573
11454
11887
11639
11888
11734
12046
11854
11739
12001
11670
11769
11510
11974
11884
11753
12162
12004
12419
12162
11993
12054
12303
12055
11936
12359
12118
12196
12333
12149
12425
12255
12426
12429
13200
12181
12366
12439
12770
12637
12476
12726
12716
12347
12231
13214
12569
12486
12445
12898
12865
12540
12484
12929
13262
13132
12678
12994
12944
13173
12946
13167
13369
13060
13057
13066
13140
12778
13467
13420
13253
13683
12992
13575
13592
13708
13257
13352
13978
13958
13972
13324
13450
13370
13361
13486
13684
13430
13840
13664
13800
13952
13897
14215
14181
13775
14183
13871
14193
13861
13987
14023
13969
13801
14087
14125
13944
13908
13703
14382
14210
14159
14073
14660
14660
14747
14333
14720
15245
14728
14494
15122
14476
15054
14497
15229
14871
15109
14869
14985
14950
14913
15017
15047
15061
15208
15412
15146
15400
15405
15036
15517
15260
15287
15268
15537
15570
15596
15500
15214
15437
15853
15307
15500
16157
15946
16008
16326
15874
16282
15916
16202
15783
15893
15849
16270
15996
16362
16223
16542
16265
16423
16255
16324
16555
16708
16948
17108
16986
16588
16694
16425
17355
17014
16802
17063
17253
17188
17313
17259
17182
17188
17212
17081
17079
17142
17230
17444
17165
17279
17133
17688
17695
17433
17417
17722
17851
17940
17686
17444
17658
17746
17873
18026
18309
17695
18425
18834
18038
18121
18212
18432
18122
18266
18212
18204
18937
18063
18716
18565
18532
19428
18914
18731
18873
18884
19335
19004
18995
18755
19225
19403
18790
19590
19205
19361
19158
19089
19188
19445
19112
18877
19323
19327
19369
20014
19417
19574
19911
20084
19922
20090
20400
20640
20212
20072
20386
20494
20265
20660
20769
20708
20555
20509
20900
20485
20512
20608
20574
20780
20570
20189
21035
20608
20338
20258
20440
20552
20349
20276
20244
20608
20345
21026
20726
20683
21266
21588
21481
22116
21676
21650
21896
22082
21856
21866
22420
21660
21826
21618
21506
21230
20630
20665
19865
19702
18889
18773
18132
17455
17524
18088
18132
18389
19482
19858
21160
21522
22680
22664
22760
23576
23728
23620
23334
23524
23461
23556
23474
23799
23638
23684
23237
23608
23674
24050
24080
23808
23870
23786
23979
23871
23960
23737
23738
23272
23730
23570
23733
23718
24302
23777
24170
24200
24267
24359
25121
24901
24537
24851
24825
24289
24908
24783
24860
24916
24506
24938
24381
24498
24620
25204
24982
24753
24914
24092
24658
25088
25114
25291
25150
25482
25118
25720
25201
25606
25299
25483
25531
25508
25389
25349
25974
25177
25850
26168
25713
26028
25500
25741
25317
25460
26208
26054
25835
25765
25812
25914
25629
25818
25633
25841
26306
26262
26178
26068
26469
26259
26557
25813
26127
26055
26247
26482
26673
26762
27120
26916
27272
26934
26624
27061
27031
27427
27323
27377
26909
27069
26669
27802
27304
27085
27296
27689
27614
27618
27515
27444
27926
27649
27655
28081
27698
27480
28016
27627
27707
27953
27094
27591
26752
26431
25728
25813
25965
26136
26660
26955
27288
27930
27980
28130
28101
27750
28201
28281
28050
28288
28183
28522
28660
28104
28388
28199
28587
28757
28698
28448
28342
28837
28457
28786
28716
28591
28229
28501
28254
28639
28676
28500
28794
28705
28584
28061
28720
28736
29015
28736
28695
28308
28928
28430
28792
29019
28713
28846
28711
28937
29101
28897
29286
29034
29038
29530
28837
29179
28992
29464
28712
29514
28695
29682
28916
29436
29248
28997
29392
28901
29409
29448
29670
29530
28966
29496
29149
29060
29128
29219
29420
29487
28977
29382
29638
29626
29284
29156
29483
29431
29341
29832
29145
29533
29559
29454
29475
29501
29506
29852
29608
29902
29770
29940
29387
29860
30083
29480
29380
29848
29450
29497
29906
29136
29260
29561
29962
29702
29684
29972
30253
29605
29604
30176
30218
29382
29573
29603
30276
29798
29765
29780
29816
30016
29952
29604
30006
29978
29680
29493
29697
29837
29757
29382
30354
29298
29549
29553
30189
29818
29260
29489
29770
29879
29552
29427
29773
29350
29619
29423
29874
29291
29974
29320
29374
29748
29663
29295
29301
29330
28983
28932
29084
29045
28904
29252
29240
29119
29629
29377
29530
29178
28964
29172
28747
29236
29056
29396
29318
29037
28652
28619
28738
28383
28474
28368
28362
28586
28212
29016
29093
29448
29114
28616
29176
28641
29067
29032
28776
28860
28934
28900
29082
29204
29173
28596
28841
28676
29279
28971
28868
28237
29288
28905
29030
28945
28676
28205
29173
28407
28713
28888
28606
28709
28605
28211
28336
28121
28527
28564
28605
28695
28364
28654
27848
28694
28483
28011
28436
28136
27930
28533
27845
28252
28379
28380
27827
28265
28244
27642
27983
28009
27929
27769
27988
27716
28164
27756
27979
27717
28194
28427
28125
28029
27412
27684
27792
27348
27853
27841
27857
27856
27732
28165
27366
28045
27932
27534
27136
27776
27492
27636
27290
27314
27708
27268
27342
27392
27419
27188
27180
27129
27664
27240
26988
27256
26968
26741
27461
27298
27277
27506
26986
26955
26540
26635
27254
26948
26971
27044
26645
26728
26782
26959
26698
26488
26712
26328
26711
27002
26919
26848
26626
26641
26990
26681
26728
26520
26430
26708
26880
27036
26464
26363
26843
26478
26525
26645
26564
26570
26392
26250
26521
26500
26473
26231
26481
26641
26132
26139
26184
25914
25736
25998
26052
25892
25869
26493
25656
25856
26061
26077
26008
26051
26299
25944
26298
26409
26166
25772
25858
26178
25562
25610
25698
25950
25600
25170
26164
26166
25610
25785
25686
26010
25501
25925
25477
25784
25859
25650
25745
25736
25583
25309
25171
25088
25041
25088
24888
25109
24842
25206
24938
24832
24684
24866
24818
25289
24973
26231
24868
25864
25529
25402
25494
25202
25460
25496
25088
25486
25184
25454
24858
24898
24978
25035
25207
24657
25205
24965
25258
25026
24891
24955
25077
25240
25102
24898
25147
24708
24740
25220
25030
24409
24447
24891
24617
24972
25352
24680
24610
24704
24628
24685
24769
24524
24543
24805
24864
24473
24799
24777
25210
24954
25035
24654
24904
24592
25072
24724
24881
24822
24511
24384
24440
25012
24328
24466
24856
24729
24298
24708
24754
24580
24573
24621
24621
24920
24676
24832
25030
24500
24272
24628
24308
24423
24418
24494
24354
24450
24349
24588
24746
24876
24537
24644
24543
24386
24713
24400
24504
24644
24686
24598
24107
24394
24272
24075
24413
24324
24317
24286
24413
24707
24116
24266
24428
24084
24425
24186
24503
24454
24248
24184
24585
24365
24155
24566
24442
24192
24658
24660
24549
24640
24271
24485
24348
24285
24203
24091
24832
24438
24040
24232
24582
24436
24362
24718
24221
24179
23868
24482
24570
24886
24534
24564
24581
24072
24168
24167
24098
24724
24258
24040
24182
24372
24152
24980
24628
24336
24420
24372
24156
24608
24160
24232
24201
24467
23974
24310
24077
24107
24230
24262
24343
24325
24629
23928
24314
24128
24053
24038
24336
24308
23938
24414
24296
24444
24166
23864
24319
24340
24248
24254
24348
24380
23866
24496
24600
23915
23922
24596
24362
24248
24203
23953
24328
24059
24442
23619
23798
23620
24124
23980
24477
24336
24122
24486
24361
24583
24148
24458
24464
23900
23968
24115
24193
24280
24225
24654
24381
24133
24250
24119
23763
24123
24070
24096
24128
24096
23848
24101
23978
23978
24236
23898
24136
24460
23756
24682
24168
24083
24379
23880
24358
24413
24173
24408
24126
23842
24629
24257
24058
24328
24352
23725
24379
24237
24088
24697
23751
23958
24314
24072
24246
24070
24119
23953
23529
24189
23546
24144
23570
23834
23675
23666
23690
23774
23753
24249
23584
24010
23704
23509
23188
23700
23611
23796
23632
23653
23915
23666
24393
23723
24196
23778
23296
23259
23573
23377
22970
23202
23060
23101
23012
22912
23026
23149
22987
23492
23004
23658
23083
22869
23517
22831
23337
23352
23418
23542
24076
23688
23586
23347
23469
23484
23744
23545
23626
22869
23346
23291
23429
23369
23108
23113
22948
23351
23371
23134
23398
23024
23262
23562
22828
22985
23063
23445
22868
23040
23284
23313
23187
23254
23116
22925
23052
22634
22872
22718
22677
22869
23013
22890
22891
22946
22349
22423
22566
22550
22628
22584
22032
22518
22187
22341
22829
22648
22499
22316
22415
22404
23130
22090
22165
22429
22123
22219
22115
22247
22155
22484
22216
22235
22468
22099
22189
22553
22074
22301
22160
21915
21732
21858
22345
21898
22128
21968
21830
21938
21503
21734
21506
22112
21931
21837
21452
21650
21705
21773
21640
21468
21791
21640
22035
21436
21549
21524
22072
21492
21299
21912
21313
20874
21400
21739
21052
22098
20918
20870
21348
21193
21690
21255
20882
20966
20846
21263
21186
20832
20997
20800
20796
20956
20497
20844
20361
20544
20709
20772
20586
20325
20268
20560
20484
20825
20330
20495
19898
20676
20395
20340
20247
20140
20021
19806
20028
19664
20036
20057
20369
20042
20340
20430
19590
19646
19791
19648
19438
19464
19200
18586
18293
18100
18056
18621
18418
18254
18361
18608
18109
18905
18849
18475
18189
18332
18836
18242
18225
18344
18036
18158
18136
18197
18391
17874
18139
18102
18138
18203
18221
18049
18012
17686
17696
17820
17785
17291
17561
17461
17581
17175
17604
17293
17482
17333
17413
17718
17314
17547
17364
17045
17236
17315
17790
17580
17354
17622
17622
17305
17496
17131
17306
17448
17380
17424
17081
17686
17602
17302
17620
17030
17082
17085
17204
16844
17093
16465
16988
16571
16672
16240
16215
16701
17105
16453
16365
16821
16705
16524
16326
16253
16413
16149
16558
16272
16474
16494
16199
16321
15926
15802
15890
15998
15561
15977
15848
16111
15609
15802
15462
15758
15403
15372
15124
15484
15222
14924
14980
15444
15297
15231
15053
15117
15366
14788
14903
14722
14796
14617
14865
14580
15049
14138
14297
14342
14556
14153
14391
14151
14507
14450
14420
14362
14314
14099
14248
14235
14067
13994
13854
13794
14154
13749
13768
13803
13737
13482
13580
13098
13413
13396
13538
13162
13452
13265
13257
13490
13172
13118
13390
13273
13245
13243
13357
13072
12925
12664
12633
12713
12665
12879
12560
12381
12253
12750
12550
12432
12760
12278
12557
11893
12087
12098
12241
12161
12091
12094
12075
11930
11603
12134
11916
11885
11573
11800
11888
11789
11512
11872
11498
11545
11428
11524
11493
11328
11120
11628
11209
11318
11486
11059
11161
11221
10817
10874
10449
10635
10735
10438
10455
10664
10529
10569
11132
10810
10607
10830
10550
10718
10626
10148
10358
10399
10341
10452
10153
10524
10295
10318
9565
10324
10132
10091
10261
9914
9863
9908
9990
9731
9919
9992
9977
9567
10045
9768
9361
9464
9572
9389
9054
9186
9443
9265
9623
9476
9420
9538
9076
9336
8956
9388
9046
9042
8746
8900
8658
8897
8575
8791
8801
8799
8712
8932
8699
8433
8425
7977
8642
8380
8354
8361
8434
8520
8174
8744
8461
8164
7999
8335
7965
8192
8335
7972
8027
8155
7898
7701
7875
7968
7968
7929
7671
7788
7850
7709
7510
7670
7717
7460
7764
7538
7642
7411
7693
7197
7508
7374
7695
7381
7329
7184
7362
7129
7204
7131
6915
7258
7157
7072
6991
6799
7255
7026
6779
7020
6710
6727
7006
6639
6794
6886
6333
6592
6685
6744
6701
6686
6294
6532
6444
6516
6267
6452
6172
6302
6307
6101
6512
6490
6071
6327
6256
6073
6280
6261
6241
6032
6620
6062
6113
6124
5916
6345
5961
6071
5721
5954
5536
5753
6105
6441
5969
5977
5800
5871
6037
5701
5730
5507
5712
5497
5614
5609
5758
5638
5637
5449
5410
5625
5717
5650
5334
5593
5598
5429
5133
5335
5379
5365
5555
5549
5043
5206
4984
5198
5282
5202
5403
4940
5076
5155
4907
5096
4791
5143
4847
5381
5177
4908
4925
5056
4827
4906
4965
4945
4787
4918
5210
5052
5137
4940
4678
5148
4797
4809
4968
4680
4842
4562
4759
4724
4727
4810
4877
4533
4817
4654
4710
4765
4402
4614
4576
4352
4392
4710
4704
4692
4705
4536
4299
4301
4267
4279
4374
4466
4401
4557
4532
4167
4314
4317
4493
4324
4173
4404
4378
4164
4168
4709
4438
4566
4319
4410
4195
4379
4393
4335
4151
4330
4213
4288
4475
4028
4214
4325
4464
4349
4307
4683
4267
3861
4141
4000
4145
4109
3913
4237
4036
4318
3896
4235
4080
4069
3812
4212
3916
3627
4034
3941
4135
3809
3884
4058
4352
3888
3948
3778
4123
4078
4006
4226
3841
4128
3946
4057
4294
4009
3762
3946
3794
3691
3966
3840
3584
4010
3785
3860
3641
3726
3578
3871
4074
4030
3723
3692
3634
3936
3811
3793
3789
4180
3569
3716
3976
4121
3965
3898
3633
3685
3972
3620
3754
3894
3609
3656
4029
3673
3714
4098
3820
3619
3798
3909
3955
3597
3505
3582
3781
3200
3654
3491
3664
3853
3585
3425
3482
3549
3563
3696
3560
3693
3428
3599
3885
3714
3784
3496
3740
3466
3687
3373
3867
3376
3453
3648
3482
3560
3705
3417
3720
3478
3237
3516
3627
3618
3475
3670
3604
3690
3358
3475
3552
3616
3529
3412
3811
3591
3197
3446
3636
3552
3740
3348
3481
3479
4018
3729
3511
3387
3802
3585
3554
3410
3427
3813
3580
3466
3429
3407
3456
3425
3297
3461
3450
3830
3515
3734
3170
3531
3355
3615
3399
3930
3375
3533
3307
4154
3539
3290
3342
3210
3302
3324
3314
3376
3435
3293
3528
3240
3694
3439
3502
3373
3168
3460
3353
3411
3286
3576
3504
3509
3555
3368
3276
3355
3380
3520
3501
3562
3379
3352
3304
3410
3249
3411
3801
3315
3365
3295
3353
3289
3328
3142
3824
3613
3237
3385
3510
3468
3611
3316
3206
3665
3377
3367
3468
3269
3354
3321
3581
3274
3405
3659
3395
3491
3556
3230
3449
3750
3156
3444
3374
3558
3433
3291
3244
3423
3697
3478
3286
3389
3444
3483
3530
3605
3427
3676
3148
3224
3361
3576
3238
3191
3346
3090
3481
3130
3318
3361
3351
3472
3247
3400
3166
3421
3267
3269
3382
3142
3080
3332
3241
3399
3285
3391
3664
3195
3036
3172
3280
3307
3302
3466
3271
3117
3687
3439
3454
3182
3295
3386
3372
3347
3159
3340
3156
3208
3112
3446
3376
3437
3332
3333
3314
3416
3651
3228
3397
3473
3688
3287
3069
3113
3304
3027
3224
3205
3290
3283
3200
3521
3193
3523
3496
3282
3289
3350
3519
3517
3361
4004
3366
3482
3081
3258
3532
3058
3208
3194
3078
3420
3475
3410
3242
3288
3515
3011
3087
3177
3140
3163
3248
3235
3249
3431
3197
3388
3292
3370
3475
3212
3108
3300
3061
3329
3121
3200
3079
3118
3160
3351
3346
2950
3260
3469
3313
3656
3211
3210
3181
3285
3496
3023
3328
3311
3369
3294
3388
3319
2957
3043
3125
3272
3197
3215
3219
3105
3315
3200
3289
3645
3229
3332
3149
3160
3404
3113
3156
3354
3339
3413
3054
3130
3151
3056
3201
3438
3161
3418
3594
3399
3016
3412
3275
3513
3114
3151
3433
3330
3217
3097
3199
2847
3546
3089
3389
3218
3084
3147
3206
3479
3092
3170
2934
3214
3270
3182
3032
3132
3054
3450
3436
3047
2972
3302
3138
3043
3062
3255
3100
3210
3282
3051
3668
3294
3118
3321
3308
3427
2960
3177
3239
3160
2827
3205
3432
3194
3272
3430
2981
2956
3309
3730
3220
3378
3084
3316
3223
3101
3080
3258
3259
3062
3163
3500
2923
3273
3144
3123
3246
3248
3165
3140
3341
3580
3202
3041
3290
3400
3336
3133
3103
3100
3112
3091
3239
3198
3100
3151
3285
3399
3534
3155
2979
3442
2835
3340
2968
2967
3053
3165
3441
3177
3404
3308
3094
3100
3298
3123
3258
3429
3310
2959
3136
2856
3151
3269
3131
3289
2976
3226
3282
3111
3209
3036
3132
3382
3129
3039
3315
3177
3104
3314
3101
3339
3248
3140
3073
3280
3152
3275
3147
3033
3338
3434
3131
3157
3093
3262
3259
3206
3038
3029
3099
3031
3086
3327
2921
3137
2840
3025
3170
2922
3069
3498
3255
3218
2994
3619
3142
3391
3193
3035
2934
3155
3256
3205
3156
3317
2906
3261
3330
3561
2983
3220
3390
3140
3146
3192
3143
2789
3245
3126
2824
3238
2928
3037
3267
3257
3164
3103
3436
3019
3302
3192
3284
3214
2976
3275
3167
2923
2919
3136
3339
3109
2996
3067
2842
2917
3416
3082
3019
3328
3163
3263
3277
2907
2988
2977
3357
3093
3138
3237
3018
3363
3126
3216
3129
3123
3010
2966
3168
3396
3159
3292
3106
3173
3129
3502
3199
3199
2952
3007
2835
3374
2998
3139
3212
2911
3108
3189
3108
2974
2874
3150
3113
3025
3280
2963
2964
3602
3350
2957
3066
3309
3155
3149
3010
2977
3141
3476
3010
2917
3296
3135
3229
2898
3067
3409
3002
2986
3018
3204
3034
3170
3078
3154
2894
3112
3124
2951
3027
3064
3072
3146
3101
3372
2807
2916
3086
3041
3200
3387
3213
3396
2850
2826
3157
2958
3024
3134
3121
3335
3233
3377
3408
2934
2973
3394
3004
3000
3279
3335
2936
3298
3088
3153
3045
3039
3302
3061
2852
2956
3326
3311
3028
2907
3274
3220
3307
3175
3120
3167
3074
3062
2932
3180
3895
3153
3380
2945
2990
3023
2913
3090
3114
3133
3142
2928
3262
2956
3187
3069
3127
3399
2960
3155
3156
2977
3233
3199
2926
3228
3098
3104
3021
3356
3510
2938
2981
2976
3415
3199
3126
2785
3084
3007
2748
2957
3133
3130
3066
3068
3080
3197
3252
2908
3208
3048
3172
3005
3145
2943
3164
2911
3134
3216
2979
3453
3025
3222
2720
3358
3024
3209
2695
2906
3382
3343
2875
3075
2709
3066
3060
3273
3194
3176
2904
3091
2936
2900
3183
3076
2898
2765
3078
3278
3313
3069
3014
3059
2915
2976
3550
2778
3109
3055
3156
2736
2940
2956
3050
2824
2987
2910
3125
2865
3038
3143
3294
2932
3087
