4324
4429
4032
4153
4054
4643
4091
4249
4389
3922
4302
3956
4171
4034
3907
4359
4198
4044
4498
4436
3931
4140
4061
4142
4327
4192
4484
4111
3967
4284
4453
3972
3888
4018
3933
4230
4051
4407
4185
4343
4234
4103
4204
4289
4506
3988
4365
4186
4469
4173
4837
4542
4610
4133
4254
4223
4208
4079
4037
4471
4150
4204
4619
4508
4015
4177
4292
4042
4498
4392
4299
4093
4244
4454
4469
4305
4165
4389
4340
4165
4650
4363
4536
4285
4483
4669
4343
4238
4587
4497
4575
4642
4666
4419
4485
4451
4386
4875
4877
4447
4413
4096
4739
4267
4669
4611
4471
4765
4277
4440
4656
4249
4967
4496
4608
4424
4480
4803
4792
4689
4470
4506
4444
4714
4551
4835
5101
4573
4381
4685
4538
4493
4741
4555
4687
4689
4945
4831
4801
4521
4734
4758
4506
4555
5129
4891
4925
4806
4716
4788
4849
4630
5101
4576
4553
4796
4836
4943
5192
4886
5127
4737
4788
4936
4628
4885
5175
4725
5092
4577
4811
4820
4878
4590
4717
4545
4890
5195
5100
4865
4832
5346
5083
4804
5064
5120
4918
4874
5034
4980
5107
4900
4921
5118
4696
5085
4790
5075
5147
5244
4834
4748
5313
4842
4885
4906
5067
5055
5292
4950
5171
5231
5164
5083
4911
4829
5222
5173
5158
5105
5404
5279
5177
4789
5561
5149
5159
5257
5017
5145
4912
4959
5357
5172
4996
5291
5205
5125
5288
5190
5653
5244
5097
5226
5262
5256
5395
5442
5368
5648
5113
5605
5409
5465
5208
5205
5172
5087
5352
5159
5204
5473
5334
5418
5237
5561
5297
5297
5437
5735
5640
5585
5746
5685
5329
5488
5787
5492
5520
5575
5482
5401
5774
5429
5764
5197
5353
5752
5631
5665
5422
5467
5541
5427
5971
5490
5611
5513
5504
5709
5906
5934
5468
5574
5510
5838
5493
5724
5804
5878
5799
6272
6017
5657
5670
5765
5960
5724
5960
5676
6172
5353
5853
5768
5864
5556
6156
5737
6076
5852
5974
5681
5715
5806
5812
6154
6022
5825
5589
6011
6099
6036
6254
5791
5838
5909
6230
6010
6113
6149
5971
5983
6172
5935
6236
5880
5992
6371
6010
6055
5858
6189
6296
5812
6372
6002
6210
5967
6222
6088
5930
6067
6408
6322
6163
6090
6181
5877
6070
6185
5966
6300
6024
6281
6312
6236
6380
6059
6381
6199
6193
6518
6024
6385
6394
6079
6351
6246
6342
6373
6390
6506
6119
6610
6598
6513
6484
6625
6430
6528
6588
6420
6619
6735
6640
6656
6617
6636
6623
6678
6687
6743
6743
6746
6871
6546
6534
6415
6619
6811
6613
6758
6743
6622
6754
6913
6872
6767
6804
6794
6707
6885
6694
6490
6890
6920
6820
7188
6803
6976
6948
7010
6874
7033
6812
7330
7102
6874
7187
6713
6786
7248
7067
7053
6935
7448
7092
7027
7032
7125
7274
7357
6994
7219
7588
7171
7332
6969
7356
6892
7068
7145
7335
7433
7465
6939
7468
7123
7167
7400
7311
7116
7213
7247
7252
7387
7670
7413
7257
7333
7574
7464
7270
7322
7657
7467
7769
7380
7294
7186
7467
7561
7842
7865
7478
7942
7934
7591
7193
7446
8139
7730
7629
7610
7412
7926
7661
7746
7680
7848
7804
7839
7856
8005
7791
7946
7682
8076
7690
8114
7661
7860
8237
7979
8282
7837
8043
7773
7533
7944
8002
8385
7953
8019
8270
8146
8278
7930
8228
8451
7970
8038
8203
8340
8040
8476
8400
8058
8259
8040
7990
8218
8118
8193
8134
8366
8444
8434
8045
8448
8576
8228
8667
8150
8130
8640
8448
8685
8366
8681
8616
8509
8363
8392
8320
8218
8681
8452
8626
8601
8535
8624
8621
8690
8802
8917
8392
8469
8809
8571
8539
8416
8874
8693
8795
9035
8654
8980
8866
9028
8773
8789
9236
8726
8791
8895
8482
8927
8992
8868
8682
8715
8568
8832
9240
8310
8606
8984
9210
9314
9194
9082
9088
9296
9503
9530
9565
9180
9249
9157
9502
9230
9078
9503
9359
9276
9807
9445
9345
9473
9427
9404
9743
9584
9618
9200
9748
9716
9406
9465
9700
9662
9661
9934
9823
9503
9641
9484
9523
10078
9501
9411
9360
9773
9661
9728
9988
9374
9808
10025
9987
9708
10021
10227
10036
9993
9994
10191
10117
9962
10088
10424
9928
9753
9736
9912
9840
10233
9996
10168
9902
10162
10279
10237
10353
10304
10118
10481
10334
10528
10285
10273
10847
10413
10839
10253
10579
10290
10965
10232
10765
10834
10668
10362
10664
10955
10877
10669
10994
10763
10581
10926
10580
10701
10793
10827
10681
10386
10891
10946
10869
10683
10936
11014
10788
10968
11029
11046
11140
11356
11291
10959
10987
11329
10867
11536
11293
11232
11206
11450
11341
11305
11025
11275
11473
11380
11514
11290
11776
11567
11700
11917
12005
12133
11562
11954
11476
11704
11283
11811
11830
11930
11718
12025
11594
11696
11949
11659
11914
11709
12161
11867
11860
11909
11911
11857
12079
12198
12109
12562
12125
12082
12379
12127
12358
12366
12185
12154
12227
12536
12689
13049
12420
12053
12448
12533
12923
12429
12739
12801
12750
12462
13042
12292
12484
12405
13083
12989
12556
12443
12852
12945
12944
12980
12980
13016
13269
13308
13387
13624
13019
13078
13175
13359
12922
13431
13360
13352
13593
13137
13364
13625
13778
13381
13532
13676
13888
13917
13780
13644
13496
13450
13605
13754
13337
14106
14044
13805
13787
14121
14357
14158
13723
14227
14018
14094
13862
13974
14160
14041
14194
14290
13896
14314
14005
13819
14169
14340
14308
14206
14257
14544
14523
14499
14442
15255
14854
14764
15034
14532
15317
14972
15526
14592
14955
14981
15062
14907
14717
15159
15212
15030
15160
15357
15309
15662
15058
15466
15469
15233
15552
14972
15481
15457
15595
15758
15344
15434
15645
15525
15747
15896
15904
15885
16536
15798
16265
15823
16149
15775
16040
15914
16182
16195
16548
16306
16341
16271
16406
16156
16350
16522
16648
16603
17185
17044
16519
16828
16614
17404
17056
16893
16867
17103
17129
17254
17300
16888
17032
16870
17293
16996
17351
17328
17252
17196
17197
17069
17564
17678
17606
17365
17897
17766
18189
17726
17608
17548
17531
18151
17984
18580
18223
18276
19028
17942
18402
17971
18248
18492
18192
18769
18645
18860
18302
18166
18458
18355
19124
19060
18820
18803
18710
19110
18956
18960
19067
19309
19045
19149
19419
19253
19284
19050
18949
19507
19030
19024
19090
19420
19246
19326
19968
19546
19534
19758
20172
19880
20120
20532
20112
20324
20054
20179
20489
20597
20846
20904
20488
20830
20821
20726
20663
20984
20552
20674
20469
20693
20328
21113
20685
20792
20431
20560
20612
20461
20410
20698
20488
20114
20648
20685
20892
21040
20962
21517
22176
21530
21802
21594
22234
22357
21994
22040
21770
22058
21802
21242
21467
20857
20634
20163
19808
19050
18517
17916
17923
17318
17960
18024
18634
19114
20036
21325
21227
23080
22996
23134
23764
23732
23674
23547
23504
23578
23462
23372
23578
23584
23909
23884
23596
23435
24199
23866
23603
23745
23682
23796
23852
23882
23612
23707
23737
23852
23422
24031
23835
23476
24155
24094
24165
24048
24628
25115
24330
24854
24882
24792
24694
24656
24594
24592
24587
24638
24803
24148
24763
24172
25124
24568
24757
24792
24272
25298
24649
25023
25291
25048
24825
25259
25195
25208
25242
25317
25391
25070
25670
25377
25305
25818
25573
25733
26118
26018
25964
25602
25541
25551
25588
25931
25989
25716
25549
25606
25585
25533
25920
26152
25690
26342
26333
26190
25928
26537
26141
26447
25691
26245
26236
26538
26639
26494
26717
27252
26971
27172
27001
26404
27056
27259
27453
27412
27225
26884
27164
27144
27355
27400
27316
27357
27713
27560
27090
27846
27490
27960
28038
27942
27792
27708
27983
28194
27851
27975
27837
27250
27103
26752
26180
25857
25770
25480
26011
26338
26602
27348
27495
27873
28249
28074
27978
28605
27997
28009
28475
28251
28452
28534
28055
28335
27829
28549
28909
28621
28653
28804
28481
28596
28696
28896
28624
28399
28278
28538
28090
28772
28358
28498
28779
28213
28259
28370
28614
28478
28554
28812
28485
28938
28253
28761
29208
28644
29226
28707
28713
28964
29098
28768
28614
29159
29117
29092
29106
28955
29032
29077
29588
28953
29672
29334
29032
29444
28763
29278
28857
29252
29130
29238
29258
29259
29184
29242
29497
29389
29269
29288
29285
29292
29470
29165
29581
29373
29709
29117
29259
28864
29855
29385
29452
29629
29561
29693
29674
29175
29716
29788
29645
29591
30057
29226
30016
29483
29622
29881
29709
29733
29480
29330
29474
29497
29380
29789
29915
29709
29913
29760
29579
29542
29868
30071
29613
29469
30072
30159
29780
29552
29789
29620
29797
29870
29610
29908
29802
30186
30042
29764
29858
29426
29176
29730
29497
29558
29448
30336
29803
29659
29509
29514
29784
29901
29544
29659
29557
29164
29577
29661
29556
29074
29755
29508
29060
29416
29230
29269
29266
29130
28842
28756
28581
28864
29175
28948
29338
29098
29165
29540
29389
29340
29142
28555
29021
29684
29018
29013
28960
28389
28688
29376
28495
28338
28729
28876
28143
28612
28868
28773
29058
28822
29194
28840
28390
29179
29224
28952
28675
28849
29056
28840
29316
28946
28445
28332
28650
29084
28550
28989
28724
28965
29316
29314
29130
29023
28453
28695
28716
29066
29087
28666
28316
28557
28420
28372
28164
28617
28663
28710
28620
28372
28268
27933
28813
28142
27780
28372
28708
27897
28224
27794
28296
28080
28148
27761
28384
28187
27945
28068
28118
28334
27988
27751
27664
28033
28208
27866
27526
27929
27718
27764
27866
27734
27596
27816
27444
27661
27593
28297
27830
27938
28182
27456
27964
27933
27338
27512
27485
27330
27776
27392
27464
27308
27412
27236
27510
27322
27049
27124
27264
27621
27552
26866
27302
26893
27153
27032
27383
27027
27136
26778
27480
27060
27125
26808
26969
27065
27156
26381
27104
26597
26947
26401
26770
27005
26800
26536
26623
26778
26664
26583
26591
26788
26629
27113
26196
26752
26614
26725
26987
26678
26668
26550
26381
26964
26645
26706
26429
26580
26523
26654
26744
26299
26492
26140
26210
25826
26628
25910
25638
25624
25896
25602
25980
26248
26148
25937
26585
25973
25762
26452
25753
26298
25558
25926
26016
25954
25872
25836
25766
25579
25856
25514
25941
25842
25796
26293
26097
26148
26240
25706
25702
25261
25480
25556
25810
25658
25372
26016
25536
25452
25365
25428
25062
24754
24812
24862
24753
25120
24984
25069
24840
24756
24854
24788
25322
25352
25907
24933
25696
25424
25121
25420
25292
25348
25478
25469
25646
25238
25133
25069
24973
24815
24928
25220
24797
25104
24923
25374
25112
24781
25158
24960
25098
24740
24746
25037
24621
24634
25088
25113
24416
24550
24636
24965
24872
25003
24358
24804
24663
24948
25001
25064
24565
24625
24973
24916
24422
24880
24634
24860
24752
25028
24605
24812
25051
25008
24576
24746
24431
24636
24713
24303
24860
24570
24203
24772
24328
25241
24668
24773
24504
24628
24900
24838
24735
24550
24244
24861
24731
24306
24775
24429
24316
24484
24548
24578
24165
24436
24542
24484
24690
24411
24392
24516
24447
24543
24684
24520
24267
24510
24252
24433
24618
24582
24322
24308
24697
23956
24212
24346
24649
24358
24566
24717
24198
24526
24474
24420
24370
24720
24220
24296
24510
24292
24318
24621
24269
24447
24789
24031
24715
24186
24038
24408
24454
24301
24077
24820
24582
24042
24263
24608
24409
24161
24762
24436
24495
24046
23918
24285
24890
24545
24664
24310
24160
24301
24114
23903
24482
24797
23969
24314
24045
24178
24442
24491
23905
24056
24456
24252
24643
24357
24271
24504
24248
23893
24064
24276
24114
24409
24117
24372
24201
24116
24244
24459
23997
24192
24590
24152
24056
24300
24462
24300
24233
24132
24139
24133
23993
24314
24621
24444
23995
23839
24900
24346
23726
24038
24228
24436
24131
24043
24332
23689
24295
24098
23693
23990
24198
24000
23507
24010
24678
24296
24413
24436
24520
23952
24248
24451
23949
23812
24157
24402
24503
24182
24170
24447
24200
24000
23954
23350
23968
24285
23932
24090
23936
23809
23877
23672
23961
23754
24064
24454
24533
23716
24387
24455
23826
24157
23782
24155
24445
24283
24209
23976
23593
24281
24135
24192
24299
24040
23994
24032
24232
23900
24765
23816
24075
24151
24316
24049
24132
23808
23721
23765
23835
23789
23995
23814
23754
23917
23529
23824
23673
23750
23804
23693
23946
23622
23607
23423
23527
23930
23546
23760
23698
23896
23633
24091
23512
23988
23467
23479
23755
23631
23332
22829
23226
23199
22760
22829
22575
23266
23422
22928
23565
22937
23463
23316
22833
22959
23276
23371
23451
23640
23273
24008
23465
23684
23437
23729
23733
23446
23598
23069
23140
23282
23407
23362
22821
23413
23332
23302
22893
23118
23512
23580
22962
22911
23246
22790
23169
23204
23148
22985
23065
23287
23081
22824
22960
23052
23088
23064
22788
23197
22974
23013
22897
22784
23126
22584
22525
22634
22532
22628
22331
22376
22578
22239
22597
22410
22380
23029
22506
22679
22319
22546
22680
23044
22392
22356
22200
22100
22413
22106
22164
22250
22625
21929
22282
22596
22401
21979
22349
21956
21810
22114
22038
21788
21928
21862
22333
21679
21876
21556
22116
21483
22020
22004
21930
21723
21719
21539
21652
21862
21722
21882
21284
21806
21581
22017
21493
21402
21482
21880
21544
21662
21774
21410
21111
21372
21610
21115
21525
20953
20803
21179
21320
21584
20957
21164
20730
21246
21332
20749
20548
20794
21257
20628
20722
20842
20394
20397
20698
20760
20708
20522
20493
20517
20684
20506
20864
20365
20616
20251
20411
20070
20485
20491
20397
20232
19814
20033
19976
19954
20205
20114
20186
20135
20148
20070
19952
19620
19901
19206
19269
19178
18480
18488
18227
17865
18842
18445
18588
18462
18407
18346
18894
18598
18826
18388
18235
18907
18363
18268
18394
17806
18250
18202
18158
18029
17833
18084
17796
18344
18106
17952
17978
17804
17967
17739
17722
17675
17364
17246
17219
17574
16925
17589
17559
17391
17227
17144
17326
17653
17488
17499
17296
17414
17374
17394
17447
17461
17608
17528
17734
17542
17321
17307
17485
17402
17253
16941
17908
17213
17675
17682
17070
17178
17319
17024
16982
16724
16860
16808
16724
16676
16186
16234
16514
16888
16356
16442
16611
16388
16866
16463
16602
16327
16482
16565
16456
16139
16674
16156
15969
16436
16001
15828
15850
15773
15962
15888
15951
15564
15668
15386
15484
15300
15375
15148
15506
15240
15016
15169
15292
15094
15094
14964
15120
15337
14896
14893
14938
14826
14646
15213
14263
15250
14273
14188
14283
14636
14137
14233
14292
14490
13933
14315
14269
14390
14191
14282
14089
14145
13872
14356
13906
14146
13837
14042
14021
13819
13909
13720
13094
13436
13000
13476
13291
13282
13228
13193
13476
13314
13241
13666
13363
13384
13069
13066
12915
12813
12630
13032
12725
12723
12677
12480
12290
12412
12712
12610
12256
12512
12470
12620
12061
12195
12224
12068
11957
12008
12200
12168
12005
11725
12003
11964
11822
11488
12001
11585
11741
11532
11595
11549
11846
11588
11632
11562
11268
11232
11786
11044
11671
11608
11112
11084
11166
10958
10969
10509
10461
10578
10271
10349
10580
10280
10435
10868
10833
10665
10712
10699
10588
10593
10480
10358
10341
10335
10455
10205
10760
10254
10109
9664
10222
10058
10080
10061
9911
9801
10096
10074
9856
9976
9834
9837
9363
9898
9619
9600
9365
9377
9648
9394
9140
9436
9263
9666
9504
9442
9475
9270
9118
9019
9201
9260
8692
8344
8773
8470
8841
8262
8764
8897
8756
8713
8900
8882
8590
8539
8164
8575
8462
8337
8243
8438
8524
8374
8529
8586
8000
8137
8258
8023
8146
8266
8115
8142
7859
7865
7745
7778
7699
8173
7739
7521
7721
7959
7598
7518
7613
7480
7563
7723
7751
7349
7346
7501
7194
7531
7212
7665
7460
7230
7106
7111
7025
7132
7199
6870
7301
6995
7119
6952
6972
7200
7064
6822
6721
6930
6740
6859
6786
6795
6671
6265
6503
6751
6737
6836
6486
6319
6634
6528
6673
6542
6419
6379
6355
6039
6027
6333
6446
6042
6236
6273
6120
6283
6151
6202
6144
6613
6063
6222
6038
5972
6473
5982
6173
5936
5815
5789
5834
6294
6325
5922
6003
5866
5882
5920
5586
5728
5556
5761
5568
5485
5334
5629
5629
5749
5568
5305
5504
5760
5571
5174
5279
5362
5618
5112
5319
5570
5318
5628
5422
4860
5024
5046
5114
5137
5149
5289
4982
4938
5075
4762
5131
4734
5124
4871
5142
5016
4954
5023
5113
4785
5009
4956
5048
4829
4792
5142
4992
4959
4846
4605
4938
4674
4816
4954
4642
4698
4646
4682
4750
4561
4552
4675
4559
4627
4650
4732
4576
4345
4707
4622
4427
4304
4600
4633
4522
4655
4409
4577
4459
4336
4087
4402
4506
4376
4544
4581
4299
4254
4208
4373
4351
4206
4299
4347
4015
4213
4463
4328
4424
4219
4242
4063
4250
4271
4400
4057
4324
4373
4198
4420
3974
4191
4369
4343
4293
4230
4693
4442
4060
4117
4079
4181
4203
4023
3919
4002
4134
4014
4245
4185
3974
3920
4107
3762
3849
4049
3943
4145
3833
4005
4103
4305
3907
4195
3752
4103
4009
3907
4219
3934
4114
3991
3946
4198
3739
3839
3861
3891
3727
4066
3787
3547
3945
3701
3880
3640
3652
3554
3819
3957
4110
3891
3745
3678
3858
3722
3716
3671
4020
3561
3675
3752
3910
3949
3633
3479
3719
3829
3494
3701
3746
3652
3588
3997
3638
3657
3899
3937
3513
3818
3878
3880
3578
3500
3558
3492
3323
3690
3724
3556
3803
3562
3505
3670
3658
3587
3492
3677
3740
3632
3669
3916
3545
3856
3610
3522
3512
3637
3431
3856
3316
3503
3555
3548
3426
3487
3402
3702
3615
3312
3548
3650
3582
3438
3612
3554
3531
3352
3400
3565
3744
3590
3510
3742
3439
3099
3498
3496
3470
3650
3460
3415
3424
3875
3635
3470
3348
3649
3539
3541
3365
3519
3746
3541
3416
3549
3332
3581
3518
3404
3439
3444
3895
3596
3741
3215
3509
3467
3478
3472
3897
3444
3524
3387
4104
3515
3367
3395
3097
3462
3337
3261
3286
3413
3446
3432
3352
3667
3538
3524
3422
3318
3316
3200
3335
3264
3572
3440
3392
3700
3465
3328
3321
3305
3346
3471
3601
3248
3409
3274
3376
3268
3337
3778
3201
3333
3232
3268
3240
3428
3355
3706
3514
3211
3212
3539
3450
3675
3196
3323
3616
3348
3442
3365
3350
3467
3435
3630
3256
3309
3697
3382
3561
3553
3177
3297
3643
3308
3343
3159
3535
3305
3439
3125
3350
3591
3591
3310
3179
3463
3424
3651
3445
3552
3602
3204
3202
3392
3614
3278
3227
3388
3109
3423
3140
3257
3338
3354
3375
3293
3346
3244
3372
3318
3386
3272
3021
3125
3206
3209
3467
3179
3283
3496
3179
3079
3223
3108
3298
3284
3474
3256
3151
3625
3309
3423
3106
3309
3196
3438
3268
3075
3442
3017
3232
3168
3541
3280
3394
3380
3375
3297
3221
3617
3145
3277
3216
3640
3253
3060
2999
3117
3071
3346
3071
3379
3134
3095
3575
3175
3573
3423
3298
3376
3176
3492
3663
3320
3975
3422
3555
3161
3101
3348
3334
3134
3243
3113
3366
3309
3360
3216
3196
3431
3028
3122
3080
3117
3265
3487
3291
3328
3411
3031
3228
3397
3340
3239
3120
3001
3292
3080
3390
3256
3203
3106
3338
3292
3293
3325
2950
3399
3492
3211
3612
3016
3048
2973
3115
3433
2959
3052
3355
3397
3401
3456
3481
2938
3167
3194
3196
3337
3106
3128
3010
3069
3289
3363
3727
3284
3311
3235
3037
3490
3203
3227
3202
3286
3398
3051
3158
3324
3189
3136
3440
3211
3236
3508
3416
3041
3408
3334
3484
3168
3037
3332
3174
3097
3063
3280
2945
3544
3355
3274
3272
3071
3116
3167
3447
3106
3047
2986
3230
3268
3178
3081
3105
3050
3382
3405
2888
2928
3166
3181
3002
3201
3138
3129
3275
3240
3003
3648
3281
3059
3320
3275
3311
2929
3115
3295
3155
2832
3211
3461
3313
3337
3490
3057
3026
3272
3658
3176
3334
3053
3316
3298
3115
3100
3243
3166
3111
3182
3404
2944
3238
3261
3210
3302
3305
3003
3170
3307
3606
3302
3172
3200
3421
3285
3186
3220
3264
2950
3041
3302
3085
3171
3086
3226
3396
3502
3359
3026
3382
3003
3305
3074
3155
3083
2975
3595
3248
3394
3466
3029
2890
3109
3094
3187
3300
3309
2994
3121
2916
3122
3314
3132
3274
3009
3211
3251
3305
3050
3061
3103
3437
3305
3002
3473
3145
3055
3363
3036
3438
3268
3099
2941
3339
3011
3362
3311
3012
3413
3414
2945
3138
3011
3240
3455
3203
3010
2895
3173
3051
3090
3434
2865
3076
2911
3193
3185
2941
3220
3348
3151
3196
3110
3687
3162
3275
3101
3056
2900
3141
3282
3041
3088
3224
2808
3098
3366
3459
2957
3151
3285
3144
3072
3146
3180
2770
3169
3164
2857
3084
2815
3180
3257
3203
2973
3258
3296
2997
3348
3077
3275
3234
2959
3261
3046
2994
2923
3221
3274
3211
3004
3096
3021
3008
3380
3115
3059
3222
3132
3142
3167
2924
3012
2993
3207
3017
3032
3200
3106
3240
3264
3232
3179
3192
3195
3013
3039
3409
3177
3167
3095
3247
3048
3456
3133
3230
3132
3010
2877
3477
2956
3167
3113
2955
3011
3261
3037
3036
2968
3048
2943
3084
3308
2940
2961
3620
3312
2975
3060
3360
3171
3216
3066
3042
3136
3549
3052
2853
3325
3196
3036
2907
3178
3426
3135
3063
2971
3086
2969
3309
3070
3170
3047
3038
3043
2722
3127
3066
3042
3307
3118
3317
2783
2964
2979
2996
3150
3401
3168
3594
2874
2890
3053
2848
2995
3109
3053
3289
3120
3301
3373
2977
3192
3423
3089
2951
3304
3340
2820
3277
3186
3126
3050
3156
3462
3085
2940
2842
3220
3228
2883
2972
3194
3192
3280
3143
3125
3082
3096
3062
2883
2958
3686
3095
3310
2894
2965
3071
2917
3001
3150
3124
3171
2959
3189
3023
3280
3105
3107
3435
2968
3166
3063
2999
3137
3277
3164
3322
3055
3168
3099
3414
3388
2987
2894
3019
3317
3080
3110
2774
3040
2975
2797
2859
3016
3223
3225
3173
3081
3011
3197
2880
3205
3123
3160
2897
3034
2851
3065
2978
2956
3152
2837
3500
3066
3216
2749
3328
2971
3169
2799
2894
3447
3271
2792
3137
2670
3086
2918
3242
3138
3241
3092
3217
3047
2953
3124
3057
2929
2812
3068
3284
3144
3218
3027
2998
3001
2880
3431
2674
3038
3075
3077
2595
3094
3094
3170
2890
3051
2867
3122
2900
3126
2973
3253
2959
3029
