3177
3186
2898
3092
2928
3474
2868
3085
3038
2809
3220
2690
2893
2902
2683
3356
3160
2749
3292
3181
2731
2874
2628
3077
3247
2985
3035
2919
2865
3082
3166
2833
2884
2831
2899
2941
2756
3206
2973
3190
3025
2915
2929
2976
3242
2774
3207
2807
3110
3233
3623
3330
3303
2936
2840
2997
2927
2771
2874
3115
2917
2888
3309
3211
2762
2785
2915
2665
3167
3081
2997
2712
2947
2973
3096
2866
2804
3155
3066
2945
3258
3061
3031
2954
3156
3055
2983
2660
3137
3180
3008
3119
3255
2948
2996
3105
2927
3193
3516
2904
3082
2741
3282
2861
3020
3149
2844
3229
2745
2852
3083
2810
3369
3174
3037
2797
2926
3268
3440
3228
3087
2993
2821
3089
3277
3235
3455
3132
2649
3080
2943
2868
3101
2866
3083
3070
3303
3284
3153
2974
3258
3084
2946
3007
3298
3232
3193
3116
2958
3058
3272
2952
3353
2925
2667
3017
3209
3142
3539
3148
3473
3010
3080
3109
2988
3139
3290
3022
3313
2799
3028
3101
3113
2741
3038
2915
2993
3192
3285
3016
3140
3437
3320
2934
3100
3219
3041
3107
3398
3181
3313
2962
3248
3051
2889
3223
2970
3130
3078
3250
2927
2902
3218
3047
2941
2986
3168
3197
3389
3022
3123
3148
3250
3109
3008
2831
3249
3042
3045
2983
3298
3228
3242
2957
3473
3113
3098
3267
2895
3403
2878
3030
3182
3101
2905
3029
3053
3043
3266
3163
3373
3153
3005
3081
3288
3120
3138
3304
3095
3488
2952
3323
3341
3220
3108
3178
2894
3040
3331
2898
2937
3229
3070
3222
2992
3209
3083
3067
3261
3588
3368
3341
3345
3377
2904
3074
3490
2941
3132
3302
3431
3108
3362
3104
3363
3013
3206
3291
3274
3211
3069
2912
3037
3117
3512
2976
3257
3222
2988
3319
3315
3368
3108
3113
2923
3148
3077
3315
3134
3294
3137
3822
3556
3210
3012
3311
3412
3373
3397
3142
3377
2824
3202
3371
3183
3065
3574
3140
3277
3396
3381
3070
3102
3148
3079
3450
3257
3208
3154
3026
3378
3293
3420
2949
3091
3262
3255
3342
3244
3452
3272
3341
3328
3066
3403
3265
3183
3383
3134
3265
3033
3312
3442
2904
3318
2992
3201
3010
3355
3144
3077
3079
3440
3260
3141
3005
3171
2970
3108
3319
2858
3282
2913
3409
3215
3126
3436
2999
3430
3183
3238
3375
3024
3243
3513
3161
3258
3097
3366
3123
3306
3429
3192
3366
3291
3272
3316
3467
3208
3358
3417
3142
3461
3448
3247
3385
3374
3237
3336
3448
3445
3421
3549
3525
3285
3173
3252
3075
3302
3492
3149
3277
3430
3247
3330
3404
3428
3340
3259
3248
3315
3467
3291
3047
3358
3352
3307
3438
3232
3428
3285
3362
3405
3371
3345
3681
3267
3215
3445
3212
3223
3490
3318
3599
3211
3826
3391
3497
3304
3424
3360
3469
3222
3476
3665
3423
3498
3189
3466
3069
3302
3149
3437
3641
3472
3139
3641
3416
3209
3587
3341
3310
3212
3220
3387
3491
3755
3492
3479
3324
3468
3604
3198
3336
3593
3308
3534
3144
3462
3174
3550
3500
3427
3774
3387
3468
3642
3578
3064
3320
3722
3360
3452
3349
3236
3632
3426
3578
3487
3560
3418
3494
3581
3509
3450
3632
3407
3625
3281
3682
3538
3572
3731
3486
3624
3295
3613
3211
3418
3409
3618
3837
3414
3508
3791
3436
3641
3372
3611
3882
3341
3549
3614
3621
3552
3770
3877
3281
3500
3370
3434
3256
3361
3452
3268
3856
3606
3546
3421
3723
3646
3539
3678
3222
3331
3712
3670
3938
3648
3552
3777
3538
3468
3286
3331
3263
3644
3302
3559
3586
3426
3422
3473
3694
3557
3766
3437
3562
3718
3566
3487
3560
3757
3502
3508
3655
3498
3624
3515
3679
3521
3585
3772
3541
3581
3509
3331
3654
3842
3788
3603
3452
3633
3500
3828
3175
3532
3574
3490
3728
3483
3698
3489
3644
3927
3908
3993
3565
3576
3439
3709
3414
3508
3638
3604
3419
3873
3586
3468
3788
3741
3705
3695
3750
3659
3703
3837
3664
3791
3533
3700
3561
3654
3888
3777
3551
3612
3559
3450
4153
3704
3628
3444
3731
3614
3690
3854
3507
3871
3813
3755
3617
3726
3754
3705
3882
3712
3999
3807
3693
3855
4196
3655
3579
3618
3635
3878
3887
3768
3904
3514
3595
3702
3899
3786
3750
3496
3820
3870
4041
3997
3658
4063
3897
4024
3684
3745
3498
4015
3677
4050
3856
3845
3711
3830
3896
4057
3894
3836
4063
3838
3947
3468
3806
3945
3990
3673
3564
3839
3658
4059
3865
3990
3922
3867
3755
4015
3937
3956
4203
4070
3707
3941
4052
3615
4136
3800
4023
3781
3779
3819
3997
3758
3852
4030
3812
4202
3867
4129
3937
4117
4208
4212
4240
4103
4470
3691
3884
3704
3909
3830
4147
4063
4160
3949
4056
4060
3904
4042
3632
3969
4141
3753
4152
3973
4118
4139
4086
4011
4410
4008
3784
4148
3891
4167
4182
3843
3917
3957
4127
4128
4633
3924
4082
4076
4133
4295
4096
4160
4226
3981
3899
4441
3965
4119
3997
4268
4145
4005
3762
4067
4308
4128
3935
4051
4193
4268
4225
4379
4418
4144
4002
4077
4156
3791
4320
4236
4206
4364
4075
4327
4215
4360
4036
4107
4494
4471
4591
4233
3966
3879
4018
4176
4219
3903
4360
4192
4271
4072
4209
4372
4551
4134
4240
4169
4408
4153
4187
4226
3877
4188
4463
4215
4381
4066
3993
4338
4525
4347
4132
4571
4444
4326
4044
4329
4865
4352
4236
4691
4238
4578
4273
4640
4330
4392
4339
4508
4172
4368
4369
4582
4271
4421
4534
4464
4543
4311
4320
4458
4334
4521
3999
4616
4494
4432
4566
4306
4358
4564
4225
4416
4671
4437
4496
4712
4302
4791
4353
4574
4295
4399
4285
4571
4513
4580
4655
4626
4512
4657
4484
4499
4692
4611
4577
5068
4894
4345
4593
4591
5145
4476
4462
4568
4794
4839
4754
4740
4484
4725
4519
4779
4614
4654
4630
4800
4404
4611
4633
4804
4907
4647
4628
4901
4703
4990
4629
4584
4583
4682
4664
4716
4937
4590
4801
5277
4672
4675
4734
4926
4987
4862
5195
4763
5178
4607
4811
5066
4909
5455
5023
5032
4883
4790
5078
5140
4642
4853
5008
5151
4848
5071
4995
5276
4845
4986
4963
5001
4883
4694
4960
5082
4881
5755
4963
4951
5083
5292
4982
5169
5259
5252
5179
5008
5135
5308
5333
5387
5407
5035
5186
5045
5397
5112
5306
5346
4957
5034
5049
4932
5698
5225
5215
4975
5035
5253
5181
5153
5182
5148
4975
5387
5063
5281
5138
5322
5320
5999
5381
5314
5200
5630
5528
5414
5716
5069
5556
5466
5414
5421
5426
5366
5082
5319
4928
4957
4914
4853
4710
5148
4931
4970
5154
5059
5537
5290
5700
5476
5479
5991
5838
5782
5585
5734
5501
5928
5672
5817
5923
5737
5767
5803
5672
6147
5883
5696
5804
5641
5838
5814
6086
5657
5730
5597
5878
5750
5860
5689
5908
5856
6088
5572
5872
5903
6384
5942
5740
6091
6314
5870
5974
6141
5875
5963
5818
6090
5640
6270
5741
6289
5839
6213
6090
5581
6093
5920
6209
6094
6240
6199
6087
6242
5995
6245
5996
6126
5869
6337
6134
5958
6636
6081
6116
6594
6359
6622
6314
6283
6029
6209
6458
6506
6337
6316
6284
6262
6270
6112
6258
6336
6512
6495
6315
6320
6730
6362
6636
6141
6484
6477
6575
6454
6611
6583
6410
6731
7023
6726
6435
6706
6954
6875
6530
6785
6560
6464
6562
6916
6558
6611
6592
6914
7059
6538
6718
6884
6992
6893
6594
6862
6704
6896
7021
6893
7042
7200
6590
7018
6804
6764
6459
6802
6600
6643
6858
6650
6768
6886
6967
7081
6772
6962
7187
6971
6815
7129
7133
7304
7543
7114
7070
7000
7134
7797
7495
7142
7452
7423
7301
7296
7464
7379
7091
7287
7233
7215
7466
7198
7337
7416
7387
7174
7058
7479
7360
7320
7672
7188
7783
7498
7504
7571
7391
7497
7617
7622
7861
7433
7808
7621
7612
7797
7517
7815
7965
8215
7705
8063
7627
8155
7793
8034
7936
7731
7735
7845
7926
7993
8310
7897
7661
7942
7968
8169
7916
7934
8156
8132
8109
8147
7940
7938
8097
7970
7775
8235
8117
8625
8057
8312
8102
8324
8398
8089
8342
8799
8471
8587
8510
8622
8036
8669
8587
8544
8558
8820
8649
8418
8489
8500
8438
8227
8416
8736
8448
8801
8866
8545
8587
8635
8989
8619
8997
8635
8983
9171
8793
8849
8789
9207
8827
8832
9170
9000
9154
9233
9060
9016
9060
9086
9330
8791
9229
8955
9664
9448
9098
8996
9459
9458
9297
9245
9546
9249
9161
9350
9480
9156
9631
9421
9157
9236
9370
9439
9573
9700
9167
9684
9608
9709
9434
9588
9749
9857
9853
9728
9940
9716
9735
9707
9592
9454
10047
9842
10006
9487
9732
10069
10208
9735
9933
9755
9920
9746
9787
10052
10280
10193
9636
10358
10415
10293
10405
10272
10408
10243
10507
10368
10481
10516
10578
10179
10300
10500
10855
10526
10699
10692
10952
10893
10894
10976
10981
10873
10887
10981
11067
11142
11253
10686
11030
11016
11109
10941
11022
11182
11530
11874
11277
11418
11116
11679
11250
11341
11466
11558
11306
11551
11394
11588
11341
11728
11285
11861
11780
11597
11595
11703
11766
12025
11742
11844
12118
11859
12044
11756
12214
12352
12160
12304
11945
11914
12308
12053
12042
12230
12658
12590
12627
12637
12360
12880
12612
12559
12416
12788
12500
13017
12911
12868
12712
12864
12960
12677
12851
13065
12959
13062
13289
13326
13332
13246
13075
13221
13431
13413
13652
13654
13202
13805
13504
13547
13602
13755
13894
13748
13458
13909
13792
14218
13621
13580
14173
13930
14040
13986
14287
14683
14140
14494
14490
14475
14809
14303
14127
14657
15129
14746
14762
14742
14831
14820
14860
14864
14932
15228
15162
14908
15349
15495
15381
15282
15206
15638
15380
15366
15389
15407
15144
15540
15590
15274
15744
16042
15755
15817
15696
15955
16162
15850
16205
16008
16308
16092
16318
16360
16164
16396
16429
16574
16340
16794
16508
16633
17141
16953
16822
17010
16847
17410
16998
17700
17202
17243
17599
17537
17648
17804
17803
17985
17594
17585
17928
17428
17593
17654
17492
17752
17181
17126
17455
17599
17406
18121
18221
18905
17972
18779
18540
18631
18825
18909
18780
18884
19032
19375
18738
18944
19149
18714
19476
19499
19244
19165
19298
19096
19722
19547
19668
19812
19826
19956
20002
19887
19989
19660
20180
20464
20452
20143
20054
20450
20106
20773
21148
20504
20480
20587
20673
21168
20882
20645
20749
21441
21268
20595
21508
21320
21832
22073
21751
21732
22153
21953
21950
21516
22137
22042
22084
22063
22009
22479
22228
22146
22767
22480
22600
22717
22491
22852
22982
22996
22676
23132
23060
23040
23652
23509
23412
23422
23407
23482
23572
23570
23680
23980
23936
23876
23990
24189
23757
24020
24298
24313
24806
24308
24715
24945
24864
24861
24806
24753
25108
25094
24740
25224
25040
25099
25367
25234
25307
25590
25307
25408
25482
26198
25864
25696
25986
25864
25804
25947
25945
26285
26635
26176
26737
27305
25984
27120
26747
26441
27194
26820
26921
26907
27192
26939
26692
26920
27481
27832
27427
27784
27657
28036
27444
27922
27892
28380
27868
28317
28416
27889
28252
28036
28230
28184
28171
28148
28588
28812
28633
29176
29056
28743
28770
29035
28837
29464
29220
29124
29337
29173
28730
29159
29645
29197
29830
29218
29963
30033
30008
29835
29912
29881
29877
30116
30205
30571
30070
30700
30540
30468
30746
30406
30848
30460
30746
30805
30516
30814
30538
31462
31105
30858
31300
31720
31351
31170
31488
30777
31141
30925
31034
31013
31270
31284
31698
31570
31652
31785
31909
32172
32168
32475
32277
32733
32634
32006
32058
32229
32804
32779
32459
32466
32905
33113
32730
32634
32661
32792
32553
32399
33322
32486
32520
32858
32929
33140
32910
33104
33236
33368
32896
33850
33074
33308
33740
33480
33608
33949
33536
33740
33738
33647
34048
33522
34048
34518
34093
34143
34054
33700
34002
34331
33562
34048
34428
34340
34455
34616
34334
33908
33829
34263
33877
34690
34094
33984
34224
33873
33344
33924
34304
34476
34024
34297
34649
34178
33900
33870
34422
34714
34525
34437
35119
34307
35550
34475
34996
34486
34374
34617
33856
33978
32992
33141
33421
33419
33457
33453
34112
34472
34774
34548
34048
34960
34586
34475
34331
34266
34666
34765
34664
34665
35302
34358
34854
34696
35023
34693
34775
34624
34944
34404
34901
34994
34772
34666
34274
34542
34892
33821
34783
34970
34580
34396
34780
35008
34399
34090
34602
34570
34380
34212
34807
34793
34304
33997
34698
34436
35161
34234
34633
34294
34681
33866
33994
34364
34408
34142
33682
33836
33538
33438
33369
33204
32826
33432
33812
33788
34304
33757
33926
34048
33992
33829
33654
33373
33745
33288
33325
33029
33380
32832
33599
33127
33042
33042
33565
33448
33378
33317
33172
32784
33148
33094
33073
33204
33204
32896
32949
32692
32638
32872
32720
32123
32745
32768
32516
32735
32667
32172
32980
32376
32230
32000
32165
32198
32792
31770
31710
32001
32539
32328
31722
31809
31764
31507
31672
32202
31164
31828
31268
30946
31160
31721
31786
31042
31040
30957
31076
30716
30904
30558
30569
30677
30658
30892
30491
30719
30082
30093
30186
30784
30120
29912
29959
30274
30268
30284
29476
29700
29558
29800
29540
29769
29504
29231
29668
29226
29421
28986
29220
29289
29005
28778
29162
29069
29070
29089
28590
28068
28276
28276
27776
27357
26940
26396
25723
26123
25433
26388
26301
26305
26316
26389
26648
26422
26312
26316
26984
26444
26293
25828
25860
25664
25610
25688
25890
25201
25396
25563
25333
25914
25413
25108
24906
24870
24838
24203
24730
24640
24616
24220
24304
23973
24221
24266
24096
23908
24026
24181
24064
24178
24120
24061
24350
24363
24323
24316
24117
24594
24435
24424
24302
24162
24166
23896
24050
24002
23914
24038
24114
24038
24118
23154
23628
23360
23421
22842
22937
22731
22413
22541
22538
22516
22171
22366
22788
21972
21965
22386
22187
22212
22190
22106
21916
22034
22204
21919
21763
22104
21744
21410
21672
21336
21211
21227
21322
21219
20715
20829
20532
20632
20294
20280
20382
20182
20198
20234
20132
19968
19944
19906
19794
19908
19840
19712
19842
18813
19386
19382
18839
19135
18865
18798
19258
18561
18714
18651
18635
18280
18372
18162
18345
18132
18406
18334
18155
18096
18260
17962
17466
17962
17766
17678
18131
17610
17538
17477
17335
17387
16772
16516
16790
16689
16541
16601
16648
16440
16546
16686
16578
16697
16652
16465
16100
16640
16273
15925
16122
15791
15464
15481
15687
15860
15419
15113
15110
15832
15471
15141
15352
15172
15229
14551
14616
14680
14620
14187
14470
14536
14529
14694
14240
14267
14311
14367
13710
14104
14284
14139
14001
13995
13888
13929
13721
14051
13664
13461
13524
13868
13004
13586
13802
12947
13120
13189
12776
12852
12512
12408
12558
12125
12147
12136
12214
12381
12638
12418
12485
12655
12306
12270
12468
11878
11877
11943
11731
11898
11850
12198
11732
11637
11243
11840
11484
11194
11530
11349
11311
11713
11499
11229
11031
11261
11172
10882
11441
10935
10924
10575
10898
10880
10711
10298
10601
10668
10796
10606
10670
10510
10196
10574
9956
10425
10439
10233
9598
9720
9700
9983
9377
9772
9695
9731
9543
9910
10058
9468
9498
9416
9269
9319
9160
9281
9364
9384
9309
9403
9478
9066
9218
9299
8825
8855
9055
8982
8917
8749
8658
8406
8675
8235
8572
8520
8458
8445
8504
8385
8287
8112
8291
8038
8545
8092
8235
8044
8151
7975
8149
8005
8376
7816
7787
7877
7733
7686
7657
7549
7481
7778
7530
7602
7394
7525
7671
7583
7485
7353
7285
7202
7409
7140
7471
7378
6800
6977
7130
6917
7341
6932
6937
6972
7109
6710
6702
6876
6519
6889
6746
6421
6694
6797
6378
6658
6449
6394
6715
6382
6606
6248
7005
6597
6292
6365
6286
6548
6005
6379
6013
6207
5884
6113
6433
6556
6111
6165
6013
6093
6201
5800
5879
5895
5988
5867
5623
5746
5745
5957
5922
5738
5659
5810
5941
5713
5514
5558
5604
5623
5479
5684
5710
5475
5779
5692
5154
5252
5157
5460
5246
5413
5556
5209
5302
5212
5125
5257
4780
5053
5000
5222
5085
5161
5133
5139
5004
5018
4987
5027
4829
5003
5318
5300
5274
5083
4953
5316
4832
4897
4975
4701
4723
4784
4888
4758
4561
4687
4926
4724
4793
4684
4829
4686
4498
4842
4608
4433
4445
4629
4687
4644
4628
4375
4463
4495
4408
4252
4450
4657
4331
4688
4758
4252
4373
4240
4304
4473
4225
4382
4399
4085
4361
4538
4254
4432
4224
4296
4160
4302
4339
4415
4196
4386
4180
4336
4604
4094
4154
4396
4357
4123
4232
4593
4353
4021
4014
3828
3983
4116
4217
4054
4065
4097
3899
4138
4175
4052
3921
3894
3872
3828
3929
3963
4146
3781
3935
3974
4235
3921
3981
3842
4005
3879
3773
4063
3986
4232
3858
3896
4048
3900
3887
3919
3829
3648
4146
3759
3664
3951
3786
3734
3611
3599
3666
3806
3896
3757
3695
3610
3850
3778
3746
3684
3778
4050
3566
3588
3821
3985
3946
3898
3538
3684
3824
3457
3772
3754
3645
3804
3993
3648
3605
3949
3742
3358
3818
3941
3741
3717
3312
3569
3532
3274
3637
3559
3697
3899
3444
3550
3444
3450
3569
3463
3508
3626
3612
3584
3923
3531
3855
3353
3610
3433
3604
3363
3830
3465
3531
3573
3516
3396
3511
3230
3703
3492
3226
3361
3496
3617
3553
3667
3476
3580
3229
3437
3580
3571
3452
3440
3657
3320
3036
3402
3510
3564
3498
3445
3345
3425
3834
3658
3360
3273
3633
3588
3520
3352
3383
3637
3408
3507
3442
3248
3467
3372
3273
3323
3495
3698
3514
3645
3266
3412
3459
3480
3343
3757
3290
3618
3289
4169
3450
3150
3283
3160
3344
3305
3251
3124
3280
3401
3287
3353
3274
3561
3520
3262
3120
3317
3217
3250
3222
3579
3319
3485
3513
3393
3201
3268
3291
3273
3319
3505
3211
3390
3235
3308
3162
3330
3815
3188
3393
3170
3288
3226
3265
3143
3751
3430
3148
3226
3349
3443
3513
3250
3183
3459
3361
3406
3263
3306
3258
3250
3616
3171
3315
3618
3423
3516
3410
3092
3383
3543
3147
3441
3183
3442
3431
3242
3162
3304
3520
3318
3261
3142
3524
3455
3528
3389
3423
3396
3107
3135
3409
3575
3286
3114
3175
3018
3401
3196
3337
3323
3313
3405
3218
3307
3004
3402
3309
3406
3314
3034
3103
3193
3228
3433
3115
3322
3479
3272
3171
3205
3053
3203
3320
3450
3174
2918
3650
3226
3423
3029
3277
3158
3544
3209
3018
3302
3124
3176
3076
3409
3325
3382
3333
3166
3317
3236
3531
3086
3266
3288
3397
3191
2896
2994
3156
3136
3180
3173
3195
3261
3269
3622
3120
3507
3229
3222
3200
3173
3593
3392
3168
3921
3311
3395
2898
3122
3233
3134
3130
3144
3062
3254
3284
3265
3258
3199
3375
2864
2888
2998
3095
3023
3230
3222
3246
3339
2894
3126
3270
3315
3175
3127
2982
3240
3124
3245
3205
3084
2993
3119
3254
3194
3225
2994
3366
3545
3282
3670
3072
3198
3016
3038
3348
2985
3028
3106
3289
3184
3312
3181
2903
2936
3220
3258
3091
3192
3153
3006
3080
3214
3240
3492
3113
3234
3101
2892
3384
3198
3114
3073
3149
3286
3067
3120
3099
3055
3168
3381
3122
3285
3338
3263
2990
3179
3182
3419
2914
3155
3322
3164
3032
2988
3271
2795
3456
3092
3096
3142
2864
3127
3141
3400
3099
3004
2913
3057
3234
3096
2913
3015
2888
3325
3365
2965
2879
3220
3058
2951
3087
3124
2993
3169
3231
2906
3552
3270
3102
3218
3313
3116
2726
3019
3092
3118
2754
3101
3334
3168
3085
3301
2994
2731
3093
3515
3067
3207
3071
3226
2957
3035
3032
3133
3044
3068
2998
3381
2966
3133
3084
3111
3268
3226
2885
3125
3179
3532
3069
3067
3318
3250
3200
3090
3096
3075
2896
3079
3175
2992
3080
3045
3136
3165
3360
3175
2887
3135
2694
3174
2995
2922
3227
2979
3256
3114
3187
3307
3083
2887
3056
3115
3110
3317
3089
2883
3011
2836
3062
3228
2980
3315
3121
3218
3200
3306
3000
2956
3149
3409
3131
2975
3215
3036
2986
3258
3038
3375
3012
2910
2873
3310
2970
3276
3267
3004
3236
3455
2872
2974
2881
3072
3247
2953
2979
2886
2990
2927
3181
3291
2949
3070
2743
3000
2971
2850
2997
3236
3161
3122
3039
3540
3085
3175
3161
3085
2904
3108
3208
3158
2980
3340
2615
3052
3263
3295
2863
3080
3129
3204
3202
3116
3110
2803
3058
3179
2828
3011
2852
2970
3137
3078
2959
3146
3122
2977
3122
2984
3095
3164
2937
3068
3012
2919
2869
3151
3267
3058
2895
2959
2808
2862
3292
3003
2955
3063
3056
3122
3176
2771
2931
2861
3140
3043
3095
3099
3065
3314
3134
3117
2977
3115
2926
2862
3027
3342
3208
3137
2909
3120
3003
3387
2999
3124
2920
2986
2651
3325
2884
2948
3201
2842
2972
3150
2948
3004
2783
3006
2878
2936
3118
2790
2999
3473
3246
2833
2971
3170
3131
3105
2963
2822
3028
3466
2812
2791
3091
3279
3239
2829
2911
3319
3047
2972
2865
3013
2889
3080
3018
2968
2899
2926
3016
2687
3028
3076
2969
3247
3090
3232
2713
2814
2906
2888
3211
3273
3146
3426
2784
2810
2958
2987
2976
3234
3033
3170
3019
3316
3355
2821
2857
3389
2836
2852
3200
3212
2877
3209
2983
2885
2956
2996
3171
3109
2837
2779
3115
3165
2910
2799
3224
3120
3105
3075
2982
2984
2953
2912
2790
2877
3526
2893
3106
2925
2904
2912
2810
2807
2981
3136
2959
2893
3036
2962
3122
3066
2898
3236
2754
3123
3051
2935
3061
3048
2984
3149
2939
3022
3058
3371
3317
2902
2856
2911
3174
3033
2913
2814
2969
2908
2653
2690
2847
3147
3053
3012
2862
2986
2996
2865
3197
3033
2988
2707
3007
2698
3096
2839
2854
3117
2828
3284
3036
3137
2758
3262
2862
3075
2739
2857
3126
3188
2828
3166
2795
2952
2968
3166
3109
3113
2866
3131
2837
2699
2999
2986
2874
2709
3021
3157
3064
3105
2825
2906
2838
2933
3302
2650
3025
3001
2969
2545
2901
2766
2973
2743
2800
2788
2961
2891
2991
3000
3178
2986
3043
