3143
3181
2879
3205
2892
3618
2814
3053
3130
2929
3135
2746
2991
2894
2764
3284
3137
2880
3220
3320
2770
2818
2702
3030
3229
2993
3248
2942
2756
3121
3258
2792
2854
2738
2775
3020
2769
3200
2867
3094
2948
2954
3017
2987
3279
2718
3116
2846
3204
3119
3484
3295
3302
2898
3021
2878
2900
2738
2983
3094
2908
2797
3288
3143
2835
2841
2872
2841
3266
3034
3013
2803
2901
3069
3049
3113
2942
3056
3001
2868
3302
3031
2961
2976
3058
3181
3018
2742
3234
2966
3006
3174
3179
3028
2969
3100
2865
3171
3552
2985
3016
2822
3278
2971
3212
3146
2760
3143
2843
2989
3111
2800
3484
3004
3098
2854
2825
3093
3379
3183
3142
2909
2889
3088
3142
3277
3459
2993
2681
3145
2902
2863
3158
2926
2990
2966
3358
3240
2989
2877
3162
3160
2853
3040
3225
3101
3011
3212
2910
2952
3215
2910
3263
2964
2822
3024
3272
3246
3579
3012
3563
2974
3007
3067
3007
3202
3489
2828
3433
2801
3104
3159
3157
2949
2954
2813
3048
3223
3241
3106
3164
3412
3316
3034
3099
3377
3101
3080
3287
3223
3405
2948
3277
3132
3047
3173
3085
3211
3228
3279
2994
2831
3405
3007
2906
3030
3227
3163
3248
3120
3282
3240
3318
2982
2883
2884
3219
3115
3199
3111
3212
3059
3177
2955
3588
3283
3034
3148
3027
3314
2956
3018
3388
3276
3046
3059
2939
3107
3194
3127
3382
3159
3021
2991
3313
3074
3185
3242
3059
3405
2963
3395
3131
3207
3135
3181
2922
3037
3306
2948
3029
3415
3067
3183
2949
3394
2910
3091
3230
3515
3315
3256
3592
3295
2889
3165
3520
2916
3113
3240
3345
3019
3435
2962
3210
2943
3253
3308
3312
3219
3063
2960
3102
3127
3415
3062
3240
3150
2958
3168
3196
3530
3012
2921
3035
3190
3067
3370
3310
3352
3183
3563
3523
3212
3010
3212
3320
3266
3403
3122
3495
2990
3265
3303
3150
2997
3525
3257
3205
3271
3289
3032
2934
3043
3145
3444
3406
3082
3230
3068
3424
3395
3304
2980
3175
3220
3232
3375
3364
3304
3337
3328
3360
3212
3438
3302
3192
3417
3245
3321
3027
3310
3458
2849
3461
3065
3235
3121
3282
3202
3110
3028
3340
3213
3147
3245
3144
2951
3017
3233
3077
3366
2933
3134
3190
3121
3406
2953
3516
3319
3167
3456
2997
3363
3466
3062
3362
3212
3413
3168
3250
3405
3275
3425
3402
3273
3219
3465
3182
3302
3519
3249
3516
3472
3118
3416
3336
3299
3300
3302
3403
3282
3323
3432
3308
3169
3187
3060
3173
3467
3118
3323
3310
3243
3227
3292
3447
3206
3286
3207
3211
3406
3321
3055
3344
3483
3201
3316
3337
3515
3273
3451
3408
3418
3239
3718
3156
3050
3578
3270
3301
3519
3358
3440
3287
3692
3303
3448
3226
3461
3604
3536
3254
3454
3693
3373
3637
3148
3587
3045
3247
3051
3531
3595
3530
3308
3563
3295
3312
3549
3373
3308
3153
3089
3349
3484
3872
3660
3408
3173
3417
3545
3301
3645
3594
3366
3555
3195
3397
3288
3320
3415
3435
3785
3476
3511
3697
3492
3064
3351
3763
3570
3419
3397
3223
3639
3443
3469
3463
3574
3537
3410
3581
3530
3389
3621
3425
3613
3357
3681
3410
3688
3745
3407
3691
3240
3559
3306
3322
3410
3488
3706
3570
3464
3660
3517
3580
3461
3531
3850
3267
3412
3521
3721
3548
3689
3886
3396
3540
3474
3392
3473
3424
3524
3306
3695
3558
3455
3379
3696
3585
3536
3730
3361
3270
3794
3684
3835
3632
3505
3693
3587
3409
3339
3369
3404
3678
3456
3593
3566
3492
3398
3631
3771
3580
3718
3261
3526
3527
3371
3437
3395
3819
3496
3530
3741
3482
3792
3472
3640
3476
3468
3803
3561
3300
3601
3334
3695
3807
3651
3627
3428
3664
3590
3978
3228
3373
3689
3574
3713
3493
3529
3487
3659
3871
3983
3983
3510
3627
3641
3829
3531
3379
3665
3612
3451
3859
3801
3661
3779
3786
3627
3745
3737
3723
3595
3680
3860
3783
3538
3723
3618
3546
3883
3800
3561
3695
3626
3639
4232
3700
3543
3490
3524
3546
3718
3919
3488
3694
4013
3821
3754
3624
3714
3659
3788
3656
3803
3702
3563
3958
4069
3705
3549
3620
3512
3770
3866
3669
4081
3585
3632
3779
4002
3831
3816
3481
3894
3787
4008
3814
3701
4087
3892
4308
3709
4019
3553
4046
3526
4179
3875
3801
3700
3723
3873
3963
3941
3855
4025
3939
4030
3588
3951
3854
4022
3693
3647
3877
3804
4027
3735
3800
3992
3771
3810
3956
3970
4015
4255
4093
3806
3977
3894
3787
4013
3958
4006
3780
3943
3975
3952
3805
3817
3940
3827
3909
3873
4186
3848
3952
4340
4130
4306
4056
4418
3796
3764
3637
3892
3978
4052
4116
4103
3997
3988
4105
3931
3933
3630
4168
4084
3749
3987
3957
4110
4067
3961
3970
4330
3988
3950
4343
4132
4269
4254
3969
4096
4092
4021
4055
4680
3822
3984
4075
4154
4335
4024
4111
4286
3909
3884
4510
3990
4034
3802
4293
4074
4026
3762
4096
4323
4087
3919
3932
4094
4272
4163
4319
4547
4090
4116
3954
4146
3852
4382
4171
4200
4439
4116
4273
4298
4326
3882
4228
4426
4659
4532
4234
4108
3800
3950
4345
4208
3854
4267
4289
4195
4343
4252
4411
4464
4118
4277
4112
4545
4140
4180
4290
4051
4211
4510
4408
4382
4019
3997
4258
4452
4548
4281
4566
4345
4442
4120
4471
4948
4369
4114
4612
4206
4727
4212
4634
4216
4532
4291
4361
4173
4293
4510
4482
4209
4397
4543
4531
4562
4335
4291
4671
4376
4508
3942
4635
4553
4417
4533
4154
4265
4570
4138
4474
4650
4405
4664
4577
4405
4777
4373
4612
4391
4479
4328
4578
4493
4633
4639
4564
4468
4508
4468
4284
4736
4552
4670
4976
4880
4530
4557
4454
5150
4624
4459
4667
4781
4823
4752
4815
4402
4699
4584
4617
4534
4717
4852
4818
4563
4547
4464
4876
4798
4614
4716
4859
4776
4858
4658
4612
4645
4599
4727
4814
4987
4654
4850
5326
4674
4694
4608
4868
4966
4868
5012
4829
5134
4530
5040
4882
4682
5294
5022
5077
4973
4745
5168
4849
4877
5002
5015
5019
4757
5195
4967
5026
4874
5088
5111
4925
4916
4577
5134
5133
4829
5523
5009
5024
5145
5208
5052
5067
5347
5245
5412
4977
5322
5247
5349
5350
5353
5197
5194
5196
5436
5067
5355
5295
5192
5185
5083
4918
5533
5258
5171
5018
4874
5506
5006
4952
5185
5188
5018
5281
5103
5294
5464
5386
5585
5994
5546
5302
5387
5661
5443
5528
5581
5230
5566
5382
5604
5513
5490
5550
5083
5450
4994
4918
5000
4732
4949
5148
5122
5135
5045
5197
5419
5224
5771
5400
5498
5879
5721
5782
5767
5696
5499
5710
5730
5907
6009
5704
5669
5774
5532
6107
6054
5848
5825
5705
5986
5687
5906
5778
5966
5786
5862
5516
5910
5840
5839
5896
5931
5741
5888
5895
6346
5928
5811
6111
6275
5715
6068
6138
5853
5901
6015
6157
5685
6135
5713
6282
5826
6019
6053
5622
6077
6022
6187
6280
6238
5979
6165
6083
6054
6176
6148
6170
6033
6488
6026
6026
6536
6199
6286
6307
6218
6476
6047
6116
5983
6152
6519
6469
6276
6345
6051
6236
6144
6209
6029
6214
6485
6479
6290
6236
6593
6516
6631
6295
6492
6546
6714
6402
6511
6535
6610
6550
6868
6761
6341
6643
6790
6741
6589
6630
6693
6407
6548
6691
6548
6508
6716
6761
6777
6679
6685
6789
6759
6651
6693
6739
6681
6817
7105
7016
7018
7246
6811
7049
6830
6794
6568
6870
6421
6735
6863
6750
6712
7019
6981
7149
6751
7066
7202
7004
6898
7346
7334
7544
7471
7036
7264
7117
7122
7643
7416
7156
7250
7509
7236
7300
7480
7343
7189
7264
7291
7123
7275
7222
7515
7538
7177
7056
7312
7493
7436
7368
7452
7301
7755
7208
7462
7581
7522
7764
7550
7652
7968
7706
7925
7652
7650
7612
7560
7665
7741
8261
7712
8079
7514
8266
7936
7910
7943
7731
7888
7662
7833
7869
8193
7980
7799
8034
8234
7880
7778
7890
8138
8214
8198
8302
7980
8036
8078
8104
7890
8094
8104
8728
8053
8192
8168
8505
8634
8155
8286
8768
8374
8613
8648
8668
8111
8592
8663
8541
8270
8707
8448
8819
8609
8520
8592
8593
8493
8684
8393
8690
8791
8578
8621
8695
9044
8653
8746
8766
9011
9106
8767
8729
8762
9204
9151
8714
9178
8927
9112
9298
9067
8917
9159
8993
9514
8947
9213
9034
9592
9527
8907
9249
9377
9557
9249
9501
9282
9247
9125
9474
9605
9474
9344
9515
9474
9159
9765
9512
9544
9724
9283
9675
9599
9597
9456
9688
9714
9900
9581
9700
9850
9682
9997
9569
9750
9744
10006
10055
9829
9448
9572
9816
10209
10138
10075
9819
10015
9651
9805
10149
10085
10323
10200
10467
10283
10148
10309
10294
10520
10117
10449
10356
10417
10374
10422
10412
10704
10673
10752
10486
10790
10471
10831
10889
11125
10790
10902
10842
10843
10916
11140
11263
11186
11197
11050
11087
10935
10922
11202
11219
11392
11684
10996
11321
11239
11594
11209
11131
11524
11360
11262
11542
11287
11702
11440
11916
11457
12034
11828
11576
11658
11929
11576
11778
11891
11973
11982
11824
11840
11769
12268
12349
12100
12081
12269
11840
12364
12148
12181
12340
12768
12648
12393
12784
12385
12932
12639
12712
12588
12819
12813
12991
12756
12940
12925
12884
12818
12581
12821
13015
12807
13006
13330
13161
13158
13290
13184
13142
13336
13264
13717
13587
13341
13942
13556
13246
13642
13848
13958
13918
13394
14004
13682
14075
13930
13764
14313
13859
13909
13878
14406
14368
14086
14253
14782
14625
14904
14466
14224
14651
14698
14848
14752
14829
14502
14973
14966
14700
15266
14909
14912
14957
15342
15035
15162
15406
15263
15598
15338
15469
15051
15085
15389
15450
15589
15470
15550
15675
15718
15892
15778
15666
16221
16072
16431
16014
16444
16282
15986
16581
16357
16654
16558
16277
16490
17044
16529
16569
16968
17029
16724
17094
16773
17153
17051
17230
16966
17278
17350
17264
17404
17453
17350
17529
17832
17566
17570
17885
17638
17417
17900
17721
17300
17536
17322
17277
17796
18011
18052
18838
18204
18792
18580
18655
18818
18807
18978
19308
18954
19066
19341
19166
19193
18821
19364
19369
18986
19306
19482
19260
19668
19467
19537
19612
19778
19858
19802
20012
20006
19890
19748
20613
19880
20166
20058
20171
20506
20498
20964
20584
20234
20504
20806
20534
20962
20632
21256
21264
21556
21144
21416
21153
21742
21586
21848
22037
21925
21509
21779
21990
22086
21816
21864
22534
22033
22246
22468
22178
22569
22534
22478
22692
22715
22696
22984
22607
22776
23355
22962
22867
23769
23261
23364
23578
23239
23384
23594
23733
23908
23896
23951
24726
23930
24170
23769
24180
23937
24086
24588
24320
24877
24600
24502
24800
24820
24999
24836
25003
25113
25323
25060
25040
25406
25487
24987
25477
25610
25600
25230
25567
25893
25664
26087
25618
25784
25941
25878
26424
27026
25803
26827
27116
26180
26715
26479
26386
26893
26966
26938
26841
27080
26872
26922
27198
27530
27504
27493
27609
27468
27924
27359
27709
27933
28580
27681
28088
28370
27877
27818
28396
28059
28480
28526
28260
28521
28356
28884
29520
29046
28903
29112
29324
28561
29256
28728
29414
29485
29551
28880
29221
29733
29428
29849
29446
29673
29480
30030
29798
29798
29890
29802
29936
30196
30948
30383
30804
30525
30356
30272
30430
30938
30513
30597
30825
30459
30960
30744
31097
30893
30837
31066
31244
31501
31425
31277
31240
31615
31354
31568
31097
31080
30964
31483
31372
32070
32388
31849
32138
31962
32622
32270
32560
32564
32276
32352
31702
32697
32682
32546
32411
32810
32577
33182
32408
32548
32600
32292
32912
32853
32953
32902
33394
33049
33108
32837
33110
33729
33834
32978
33815
33045
33396
33807
33508
33506
33730
33713
33677
34019
33948
33997
33642
33941
34077
34123
34234
34028
34048
34096
34344
33856
33880
34399
34532
34325
33940
34196
33924
33926
33679
34324
34845
33942
34579
33572
33924
33690
34016
34425
34362
34186
34250
34282
34100
34132
34258
34625
34856
34615
34916
34907
34349
35456
34788
35026
34252
34377
34592
34336
33492
33314
33390
33282
33627
33522
33802
34065
34746
34482
34585
34310
34785
34452
34180
34539
34554
34564
34780
35276
34657
35678
34826
34759
35160
34868
35309
34821
34747
34772
34743
34677
34957
34426
34395
34980
34788
34706
34592
34721
34809
34304
34285
34568
35340
34404
34788
34264
34356
34731
34882
34615
34593
34375
33851
34324
34728
34410
34004
34130
33940
34212
34613
34304
34270
34292
34066
33874
33818
33362
33330
33347
33078
32728
33608
33796
33643
33877
34028
34168
34276
33896
33895
34116
33313
33360
33536
33317
32986
33419
33674
33433
33497
33380
32971
33408
33404
32989
33840
33263
32668
32996
32821
32922
32964
33002
32570
32956
32683
32384
33033
32749
32187
32793
32734
32311
32473
32328
31940
32824
32362
31876
31789
31988
32165
33058
31831
31877
32100
32328
32058
32317
31653
31768
31522
31677
32000
31830
31636
31341
31164
31265
31428
31848
31118
31252
31220
31246
31181
31010
30850
30988
30375
30682
30677
30162
30590
30450
30141
30346
30564
30006
30217
29631
30198
30381
30172
29674
30118
29124
30122
29696
29622
29878
29666
29694
29036
29338
29052
29113
29559
29596
28891
29067
28820
28562
28928
28452
28377
28319
27947
28074
27320
26880
26077
25845
26151
25463
26329
26407
26661
26098
26836
26800
26427
26291
26142
26458
26196
25805
26122
25688
25858
25691
25436
25677
25492
25870
25523
25470
25452
25236
25123
24874
24882
24859
24794
24770
24806
24350
24075
24669
24164
24106
24091
24192
23792
24219
24257
24162
24616
24332
23944
24366
24009
24386
24255
24230
24482
24492
24491
24429
23974
24022
24290
23974
23808
23894
24038
24148
23707
23948
23544
23574
23192
23381
22879
23191
22652
22879
22685
22750
22394
21917
22420
23072
22349
22333
22223
22127
22166
21929
22016
21928
21670
22253
21902
21840
21817
21487
21715
21297
21397
21239
21255
21001
21406
20933
21021
20881
20765
20166
20444
20560
20310
19978
20316
19943
19584
20053
19814
20082
19815
19389
19742
19856
19562
19567
19472
19239
18948
19097
18728
19197
18613
18313
18500
18764
18209
18453
18084
18094
18348
18272
18186
18271
18048
18345
18162
17428
17426
17921
17565
17962
17367
17558
17318
17434
17307
17256
16506
16658
16524
16598
16350
16795
16468
16487
16649
16571
16409
16586
16698
16329
16180
16474
15846
15989
15796
15586
15563
15525
15605
15408
15127
15174
15639
15443
15093
15533
15163
15298
14639
14830
14676
14735
14526
14478
14640
14568
14477
14289
14253
14239
14239
13732
14055
13974
13985
13760
14069
14196
13935
13811
13945
13795
13476
13663
13984
13231
13172
13547
13065
13002
13354
12750
12812
12349
12324
12449
12094
12050
12322
12278
12260
12909
12555
12663
12719
12388
12303
12235
12078
11928
12067
12027
12070
11587
12149
12004
11706
11237
11492
11737
11578
11626
11429
11257
11413
11354
11236
11228
11041
11028
10887
11328
11145
11036
10647
10829
10978
10569
10477
10583
10602
10756
10814
10645
10658
10283
10485
9990
10346
10162
9897
9846
10023
9427
10013
9305
9704
9696
9482
9539
9760
9961
9472
9420
9271
9419
9382
9213
9323
9508
9356
9277
9327
9490
8904
9158
9110
8855
8983
9253
9009
9015
8792
8644
8429
8566
8452
8800
8442
8587
8532
8496
8243
8231
8281
8268
8301
8502
7959
8169
7883
8072
7988
8047
8086
8275
7906
7658
7786
7605
7622
7826
7569
7548
7724
7534
7650
7281
7519
7563
7592
7389
7456
7189
7342
7259
6900
7395
7125
6845
7000
7264
7022
7312
6844
6854
7010
6910
6692
6763
6662
6605
6521
6772
6446
6809
6755
6372
6904
6693
6524
6675
6421
6530
6457
6939
6486
6480
6518
6303
6665
6215
6407
6143
6266
5976
6186
6461
6616
5990
6129
6002
6154
6002
6013
6010
5682
5736
5761
5683
5683
5709
5898
5748
5911
5755
5895
5860
5764
5610
5541
5473
5696
5333
5546
5680
5407
5844
5597
5294
5182
5307
5352
5465
5440
5590
5238
5289
5308
5018
5253
4900
5107
4892
5218
5056
4953
5111
5141
4949
5100
5149
5134
4900
4996
5361
5212
5254
5125
4806
5242
4843
4847
4988
4706
4723
4660
4941
4819
4638
4528
4996
4737
4844
4718
4672
4501
4451
4867
4643
4302
4535
4552
4618
4560
4673
4418
4421
4525
4482
4185
4644
4581
4604
4600
4570
4296
4265
4133
4294
4469
4216
4288
4572
4110
4218
4777
4405
4483
4242
4326
4206
4140
4261
4403
4010
4398
4258
4217
4336
4103
4119
4397
4289
4284
4171
4665
4233
4046
4078
3907
4041
4030
3945
4029
3992
4219
3830
4244
4059
4123
3731
3963
3912
3777
3924
3904
4167
3843
3850
4019
4381
3839
4066
3651
4094
3939
3924
4225
4013
4267
3987
4049
4224
3882
3899
3877
3791
3719
3914
3863
3590
3884
3882
3841
3589
3585
3558
3715
4005
4094
3640
3709
3868
3841
3690
3681
3863
4106
3555
3509
3837
3894
3887
3642
3386
3723
3837
3645
3795
3818
3641
3628
3999
3560
3585
3921
3686
3516
3712
3867
3806
3749
3400
3578
3616
3405
3728
3524
3719
3938
3627
3380
3434
3480
3500
3530
3380
3692
3558
3502
3768
3512
3747
3477
3526
3273
3600
3308
3714
3358
3459
3475
3592
3388
3434
3307
3736
3393
3279
3396
3399
3598
3321
3631
3546
3548
3304
3373
3519
3632
3487
3648
3682
3452
3124
3526
3563
3536
3509
3375
3311
3363
3875
3454
3509
3264
3656
3567
3364
3457
3413
3714
3407
3328
3356
3259
3535
3480
3357
3343
3390
3639
3492
3601
3089
3358
3372
3243
3526
3802
3403
3534
3267
4068
3351
3255
3090
3167
3141
3147
3216
3182
3429
3310
3487
3221
3451
3499
3458
3280
3205
3369
3334
3291
3120
3532
3229
3409
3545
3315
3177
3273
3211
3244
3301
3360
3260
3336
3167
3405
3097
3326
3761
3170
3270
3123
3255
3190
3307
3243
3670
3420
3209
3262
3374
3338
3590
3336
3207
3635
3247
3396
3421
3401
3401
3162
3473
3358
3364
3425
3334
3470
3370
3116
3310
3662
3242
3363
3201
3536
3270
3264
3155
3193
3516
3414
3230
3214
3454
3522
3455
3543
3395
3425
2961
3184
3364
3446
3117
3114
3250
2983
3277
2908
3198
3270
3284
3320
3194
3355
3081
3404
3354
3329
3193
3102
3171
3159
3144
3387
3243
3302
3456
3183
3055
2999
3046
3376
3182
3395
3202
2993
3569
3174
3234
3000
3232
3246
3247
3165
3067
3363
3165
3208
2992
3420
3268
3336
3149
3146
3290
3219
3505
3043
3295
3470
3520
3181
3115
2925
3122
3020
3124
3059
3137
3000
3111
3533
3213
3520
3273
3179
3314
3178
3421
3496
3189
3846
3181
3340
2920
3065
3369
3085
3213
3040
2999
3342
3273
3412
3224
3105
3446
2914
3002
3057
3013
3118
3261
3098
3151
3274
2949
3169
3326
3331
3159
3041
2859
3076
3134
3278
3207
3130
2939
3178
3206
3123
3135
2849
3248
3354
3253
3542
3134
3074
3000
3102
3402
2869
3080
3091
3189
3265
3222
3314
2926
3023
3158
3134
3167
3184
3192
2858
3099
3196
3143
3398
3180
3329
3097
3055
3292
3094
3091
3036
3152
3208
3068
3115
3114
3087
3164
3260
3130
3197
3471
3362
3011
3294
3349
3370
3012
3039
3224
3069
3089
2954
3153
2789
3428
3085
3231
3229
2941
3142
2976
3425
3084
3081
3005
3077
3265
3205
2859
3048
2981
3327
3211
2995
2945
3208
3107
2927
3038
3123
3014
3210
3224
2931
3469
3163
3117
3171
3147
3275
2681
3040
3181
3166
2782
3169
3438
3136
3135
3331
3003
2844
3280
3656
3170
3189
2962
3193
3103
3117
2983
3262
3068
3097
3158
3476
2841
3225
3133
3048
3201
3140
2868
3082
3302
3317
3002
3173
3211
3290
3091
3060
3119
3032
2991
3005
3181
2948
3034
2979
3137
3239
3400
3124
2900
3296
2862
3331
3192
3097
3007
2914
3425
3095
3258
3378
2992
2922
3075
3105
3067
3419
3069
3020
3052
2879
3046
3207
3054
3239
3057
3195
3275
3190
3081
2995
3056
3480
3132
2875
3264
3196
2903
3150
2967
3435
3016
3047
2972
3352
2997
3180
3194
3041
3185
3405
2969
3056
2928
3192
3192
3160
2953
2962
3085
3088
3098
3241
2980
2986
2857
3049
3029
2803
3037
3253
3118
3050
2982
3538
3164
3319
3119
3035
2963
3093
3219
3037
3155
3317
2751
3117
3185
3397
2669
3080
3170
3083
3133
3232
2990
2789
3179
3138
2811
2982
2838
3009
3003
3150
2969
3129
3099
2932
3228
3207
3200
3226
2990
3081
3214
2935
2999
3109
3300
3152
2863
3021
2765
2853
3403
3051
3085
3186
3000
3230
3164
2840
2934
2929
3165
2859
2934
3095
3005
3285
3170
3178
3086
2988
3005
2850
2965
3330
3098
3168
2879
3124
2940
3331
3088
3125
3012
3064
2735
3334
2834
3039
3051
2785
3019
3194
3044
2921
2941
3013
2951
3055
3270
2835
2976
3579
3316
2955
3006
3269
2938
3175
2973
2915
3148
3386
2925
2825
3085
3194
2956
2834
2973
3233
3071
3063
3005
3089
2943
3130
3041
2969
2843
2907
2948
2838
2947
3021
2984
3209
3065
3200
2747
2812
2997
2931
3185
3234
3157
3325
2728
2822
2997
2854
2841
3113
2977
3158
2976
3278
3311
2877
2957
3323
2853
2899
3134
3336
2848
3183
3049
2986
2884
3009
3321
2975
2799
2774
3217
3156
2915
2757
3147
2942
3061
3112
2974
3074
2912
2806
2814
2876
3815
3078
3165
2829
2931
3173
2906
3017
2963
3016
3056
2993
3030
2933
3160
3065
2901
3423
2856
3198
3128
2889
3010
3071
2922
3125
2945
3032
3186
3352
3328
2797
2860
3008
3369
3067
2881
2799
3014
3010
2751
2764
2959
3083
3115
3028
3007
3045
3002
2802
3255
2936
2936
2872
3036
2712
2925
2946
2902
3105
2884
3312
3072
3247
2704
3299
2895
3089
2735
2921
3221
3194
2800
3078
2541
3056
2907
3297
3175
3103
2881
3214
2752
2801
2987
2896
2955
2540
2805
3196
3126
3065
2883
2950
2875
3052
3346
2607
3047
2936
2919
2584
2999
2884
2961
2768
2857
2790
3091
2804
2926
2869
3070
2915
2879
