3384
3455
3278
3234
3362
3846
3165
3376
3524
3151
3486
3131
3308
3050
3039
3580
3417
3143
3716
3624
3115
3308
3061
3456
3682
3311
3569
3282
3227
3444
3550
3205
3105
3162
3172
3348
3047
3580
3300
3567
3285
3187
3306
3479
3708
3067
3617
3183
3582
3488
3956
3592
3513
3173
3229
3302
3331
3092
3220
3740
3243
3300
3728
3582
3188
3233
3271
3158
3572
3570
3319
3257
3240
3278
3441
3561
3426
3367
3270
3271
3646
3419
3540
3318
3478
3631
3345
3141
3538
3443
3505
3667
3572
3461
3371
3535
3392
3658
3855
3585
3534
3312
3654
3353
3537
3528
3259
3635
3229
3340
3491
3319
3888
3423
3471
3287
3332
3668
3748
3639
3755
3417
3456
3727
3627
3715
4034
3386
3178
3537
3506
3163
3611
3379
3355
3371
3785
3778
3650
3339
3667
3584
3465
3569
3922
3591
3490
3589
3414
3395
3767
3463
3900
3558
3328
3629
3788
3743
4009
3729
3904
3580
3527
3542
3545
3653
3989
3377
3869
3347
3606
3616
3550
3473
3551
3369
3647
3789
3898
3586
3623
3949
3774
3434
3753
3894
3636
3677
4004
3760
3929
3739
3808
3703
3556
3776
3549
3683
3700
3889
3403
3468
3961
3728
3568
3620
3785
3667
3889
3733
3719
3742
3789
3634
3659
3329
3888
3589
3625
3700
3782
3767
3679
3593
4159
3768
3746
3796
3461
3912
3530
3584
3929
3860
3481
3550
3746
3669
3772
3686
3889
3793
3591
3740
3988
3676
3865
3895
3789
4023
3548
3921
3958
3925
3878
3930
3502
3617
3837
3589
3732
3934
3679
4006
3688
3964
3849
3720
3857
4178
4132
3974
4151
3936
3565
3864
4120
3618
3710
4159
3989
3705
4172
3726
3951
3656
3857
3941
3899
3754
3846
3619
3802
3838
4178
3732
4022
3861
3616
3886
3892
4096
3805
3707
3757
3934
3708
3883
3863
3995
4005
4466
4205
3936
3854
3945
4053
3998
4164
3920
4248
3611
4110
4009
3955
3586
4258
3965
3971
4198
4011
3846
3721
3905
3920
4298
4096
4016
3989
3966
4046
4062
4241
3764
3967
4014
4015
4067
4287
4346
4036
4131
4034
3860
4276
3981
4009
4333
4065
4101
3998
4093
4236
3797
4275
3987
4041
3946
4208
4146
3910
3851
4297
4131
3880
3927
4035
3842
4073
4287
3803
4271
3870
4233
4244
4044
4229
3871
4208
3912
3997
4259
3809
4312
4314
4000
4170
4109
4221
4113
4297
4343
4039
4269
4290
4186
4296
4516
4179
4362
4376
4304
4363
4463
4161
4446
4318
4131
4212
4358
4368
4326
4451
4398
4460
4191
4193
4045
4181
4408
4029
4340
4451
4224
4290
4414
4526
4318
4421
4196
4303
4489
4360
4148
4457
4433
4242
4379
4439
4439
4315
4471
4371
4469
4440
4825
4318
4183
4559
4330
4329
4720
4429
4425
4373
4841
4311
4740
4483
4690
4550
4644
4129
4608
4870
4441
4691
4405
4562
4241
4296
4264
4600
4770
4658
4392
4869
4493
4495
4590
4651
4489
4485
4350
4598
4667
4984
4799
4548
4309
4872
4777
4436
4720
4764
4613
4730
4491
4509
4439
4662
4579
4770
4943
4566
4739
4882
4761
4252
4632
5107
4757
4675
4507
4410
4893
4602
4646
4673
4939
4816
4658
4884
4823
4726
4853
4680
4929
4701
5002
4580
4987
4900
4822
5075
4573
5137
4566
4625
4653
4886
5317
4863
4796
5107
4795
4997
4984
4969
5145
4716
4812
4978
5124
4818
5197
5317
4604
4962
4783
4905
4662
4761
4639
4678
5057
5120
4938
4689
4920
4977
4969
5053
4733
4665
5060
5093
5320
4965
5031
5131
5130
4979
4855
4872
4741
5074
4961
4917
4965
4867
4853
4957
5195
5024
5242
4832
5091
5001
4811
5043
5007
5147
5095
5002
5117
4865
5167
4896
5268
4861
5060
5380
5196
4954
5207
4897
5249
5426
5290
5015
5042
5180
5055
5648
4738
5004
5172
5186
5321
5224
5363
5164
5286
5493
5573
5524
5222
5187
5105
5393
5078
5086
5101
5252
5250
5362
5397
5376
5640
5485
5242
5324
5503
5328
5184
5294
5261
5488
5156
5436
5291
5389
5673
5622
5254
5407
5413
5444
5994
5578
5171
5207
5316
5148
5502
5587
5288
5462
5557
5589
5412
5724
5650
5584
5548
5548
5512
5716
5475
5793
5863
5414
5382
5392
5492
5554
5508
5554
5903
5383
5500
5592
5648
5729
5527
5467
5656
5956
5959
5874
5862
6134
5660
6132
5590
5685
5690
6018
5526
5908
5922
5750
5673
5766
5914
6024
5866
5722
5913
5749
6008
5487
5990
5818
5856
5684
5616
5837
5902
6088
5868
6082
6082
5877
5730
6008
5955
6154
6251
6098
5890
5969
6116
5738
6250
5919
6286
5848
5958
5973
5953
6011
5897
6094
6094
6247
6045
6415
6301
6209
6439
6450
6361
6155
6552
6223
6110
5960
6219
6082
6372
6334
6413
6093
6334
6278
6159
6277
6096
6425
6361
6073
6465
6387
6531
6222
6457
6238
6691
6249
6327
6561
6311
6664
6633
6212
6313
6342
6424
6442
6948
6345
6472
6289
6559
6730
6497
6582
6701
6295
6266
6969
6565
6452
6326
6853
6693
6505
6235
6632
6797
6720
6390
6511
6765
6909
6612
6827
7233
6576
6507
6672
6840
6626
7059
6921
6981
7185
6682
7012
7181
7086
6703
6853
7049
7265
7421
6720
6914
6525
6560
6864
7169
6793
7115
6858
6834
6977
7019
7114
7315
6976
7291
7082
7481
6895
6935
6987
6779
7046
7215
7166
7372
6990
6608
7076
7334
7312
6876
7354
7377
7319
6989
7479
7872
7461
6896
7521
7350
7593
7315
7686
7188
7516
7316
7339
7302
7419
7467
7712
7457
7494
7759
7798
7787
7586
7466
7714
7388
7485
7394
7763
7722
7666
7780
7298
7572
7730
7622
7788
8093
7852
8023
8371
7708
8258
7494
8054
7759
7915
7677
7963
8007
8153
8106
8038
7677
7918
7818
7793
8204
7993
8222
8410
8659
7976
8133
8051
8469
8172
8181
8364
8443
8395
8637
8266
8038
8192
8312
8189
8112
8230
8022
8518
8255
8082
8321
8466
8479
8236
8323
8776
8511
8704
8395
8166
8307
8614
8442
8554
8819
8681
8647
8884
8488
8804
8652
8802
9079
8865
8998
8537
9113
8399
8987
9021
8789
9330
9004
9050
9166
8859
9445
8993
8904
9060
9126
9203
9017
9174
9226
9111
9089
9196
9137
9114
9076
8746
9248
9240
8966
9811
9095
9408
9440
9686
9146
9437
9449
9752
9711
9619
9705
9926
9730
9851
10015
9878
9949
9844
10051
9558
9868
9786
9619
9473
9601
9333
9975
9814
9630
9590
9598
9851
9622
9461
9631
9584
9647
9793
9664
9745
9796
9865
9934
10520
9889
10050
10069
10302
9961
10379
10470
10040
10450
10219
10205
9994
9890
9957
9341
9556
9061
9182
8825
8569
8573
8862
8953
8832
9333
9631
10141
9982
10599
10295
10476
11200
10807
10943
10953
10625
10491
11027
10777
10892
11236
10971
11009
11054
10881
11569
11176
10955
11066
11322
11148
10886
11268
10903
10985
10867
11090
10756
11206
10909
11558
11008
11141
11184
11204
11380
11865
11574
11407
11498
11569
11481
11609
11418
11188
11434
11457
11693
11028
11520
11215
11672
11434
11329
11540
11019
11824
11418
11920
11878
11527
11666
11614
11926
11669
11919
11592
11695
11625
12021
11910
11760
12502
11791
12020
12093
11985
12329
12072
11933
11898
11871
12221
11939
12187
11795
12128
12062
12060
12002
11926
11934
12253
12214
11689
12313
12576
12202
12468
12149
12196
12306
12382
12481
12511
12544
12530
12647
12811
12628
12416
13013
12780
12973
12544
13065
12817
12570
12733
12780
12821
12617
12864
12844
13227
12838
12873
13150
13040
13046
12976
13089
12733
13072
13185
12972
13095
13411
12894
13137
12663
12833
12265
12391
12338
12240
12870
12572
12789
13170
13260
13387
13163
13048
13625
13318
13068
13420
13028
14061
13729
13197
13612
13104
13443
13957
13585
13435
13597
13966
13540
13496
13867
13478
13526
13378
13623
13388
13628
13295
14072
13705
13362
13358
13405
13828
13758
13606
13892
13584
13962
13746
13952
13916
13700
14055
13920
13627
14169
13726
14311
13882
13709
13904
13757
14038
14154
14221
14088
14365
13904
14244
14014
14286
14203
14005
13990
14203
14364
14107
14736
14037
14097
14281
14199
14416
14169
14023
14676
14262
14629
14622
14228
14347
14496
14334
14328
14532
14531
14870
14753
14516
14626
14786
14828
14460
14445
14912
14836
14963
15138
14630
14350
14900
14673
14821
14572
15148
14644
14901
14731
14713
14577
14919
14817
15096
14946
15020
15190
15078
14605
15092
15250
14640
15224
15036
15274
15168
14980
15275
14905
15469
15349
15196
15201
14884
15335
15745
15217
15384
14976
15051
15604
14957
15172
15190
15650
15414
14940
14998
15411
15479
15446
15357
15459
15236
15300
15427
15549
15335
15515
15412
15364
15110
15220
15465
15398
15399
15162
15415
15341
15285
15012
15356
15429
15604
15452
15741
15712
15645
15407
15441
15555
15392
16036
15656
15457
15408
15317
15453
15812
15438
15528
15609
15444
15284
15585
15815
15799
15795
15528
16100
15649
15414
15716
15935
16099
15589
16155
15852
15997
15752
16051
15882
16066
15833
16303
15822
16089
16172
16142
16171
16065
16293
16336
16149
16185
16316
16527
16604
16437
16114
16061
16084
16285
16324
16308
16366
16356
16637
16425
16364
16219
16763
16235
16212
16480
16774
16160
16360
16446
16598
16275
16614
16142
16780
16532
16512
16331
16658
16468
16487
16587
16618
16501
16857
16583
16303
16847
16886
16646
16733
16582
16834
16830
16762
16769
16896
16941
17081
16989
17041
16759
17247
17101
17014
16784
17041
17087
16911
17138
16871
16948
17162
17117
17160
16948
17108
17113
17044
17435
16994
17205
17291
17258
17004
17064
17567
17099
17592
17192
17311
17270
17257
17365
17472
17784
17670
17231
18053
17399
17835
17226
17309
17607
17387
17403
17524
17755
17600
17612
17944
17899
17668
18277
17796
17754
18025
18313
18242
17865
18234
18137
17974
18250
17931
18224
18352
18116
18182
18378
18099
18288
18114
18124
18342
18288
18239
18087
17974
17960
18507
18588
18202
18476
18772
18500
18657
18360
18464
18842
18477
18884
18828
18800
18438
19002
18688
18668
19103
18880
18741
18513
18868
19228
18677
19192
19325
19187
19301
19238
19216
18934
19377
19374
19244
19264
19237
19400
19561
19766
19413
19238
19685
19002
19202
19438
19264
19628
19556
19275
19184
19072
19076
19332
19666
19828
20334
20030
20242
19765
20286
20309
19954
20020
20388
19924
20632
20052
20308
20372
20300
20527
20580
20591
20512
20699
20475
20875
20621
20356
20459
20840
20736
20842
20805
20854
20408
20692
20820
20778
20766
21241
21002
21046
21024
21248
21243
20752
20826
21225
21317
21226
20892
21248
21837
21483
21381
21644
21532
21592
21772
21866
21863
22228
21609
21910
21872
21614
21972
21752
21860
21506
22253
22397
21625
22260
22171
22084
22228
22188
22170
22315
22304
22005
22592
22682
22582
22882
22282
22418
22482
22296
22615
22621
22650
22660
22567
22728
23064
23030
23266
22744
23417
22843
23060
23403
22997
23050
23180
23497
23635
23170
22967
23323
23377
23624
23449
23704
23220
23705
23688
23540
23971
23677
23685
23668
23793
24027
24090
24111
23921
24045
24299
23872
24466
24437
24276
24590
25184
24373
24724
24500
24125
24441
24186
24238
24519
24316
24836
24543
24704
25062
25204
24716
24934
24916
25227
24614
25101
24997
25032
25210
25445
25299
24989
25128
25354
25195
25204
25385
25252
25557
25558
25224
25781
25895
25856
25557
25966
25514
26100
25336
25671
26040
25879
25494
25777
25938
26165
26125
25803
26276
25868
25849
26148
26344
26194
25818
26266
26388
26482
26472
26792
26231
26274
26494
26512
26898
26528
26597
27150
26644
26676
26198
27180
26485
26454
26602
26744
27161
26724
27213
26925
27065
26706
27144
26201
26786
26871
26761
26529
26787
27312
26904
27695
27361
27298
27150
27180
27562
27331
27141
27256
27691
27367
27093
27232
27474
26968
27946
27028
27035
27248
27178
27377
27620
27220
27588
27528
27433
27655
27513
27852
27921
28243
27608
28068
27826
27917
27829
27837
28309
28095
27745
28210
27560
27860
28205
27922
27934
28177
27908
28141
28391
28068
28196
28628
27746
28320
27997
28324
28526
28340
28356
27780
27830
28036
27995
28218
27944
28164
28270
27849
28010
27896
28048
28186
28104
28172
28147
28134
28145
28358
27976
27950
28125
28013
28595
28198
28710
28148
28746
28259
27702
28165
28716
27944
27661
27701
27615
27613
27638
27290
27864
27917
27933
28548
28167
28113
27958
27487
28303
27595
28517
28440
28224
28229
29003
28398
28922
28357
28555
28720
28410
28612
28600
28435
28023
28819
28376
28100
28269
28340
28232
27891
28580
28312
28045
28149
27970
28623
27963
28346
28020
28506
28340
28146
28077
28166
28139
28199
28236
28493
28090
28388
28282
28014
28443
27792
27581
28129
28552
28000
27428
27539
27710
27441
27568
27394
26947
27540
27421
27797
28196
28161
27614
27648
27509
27604
27813
27445
27384
26853
27494
27175
27142
27183
27289
27707
27402
27422
27562
27638
27025
27925
27170
27226
27225
27142
27054
27069
26730
26698
27122
26708
27207
26820
27141
26854
26764
27212
26898
26668
26809
26707
26866
26698
26880
26583
26752
26516
27099
26345
26640
26412
27136
26312
26225
26762
26410
26073
25999
26610
25971
26568
25892
25794
26308
26348
26527
26020
26221
25722
26002
26557
26011
25661
25793
25939
25518
25495
25509
25438
25336
25360
25188
25585
25154
25029
25096
25044
24934
25429
25155
25020
24822
24954
24749
24444
24907
24404
24812
24216
24502
24481
24626
24536
24530
24362
24662
24736
24299
24269
24064
24122
23880
23811
23378
22822
22729
21965
22020
22760
22351
22256
22017
22365
22469
22906
22685
22796
22265
22506
23059
22553
22357
22267
21658
22158
22347
22009
22148
21671
21853
21956
21720
21796
21572
21664
21634
21330
21536
20955
21382
21122
20872
21175
20955
20873
21177
20880
21121
20658
20737
21113
20984
20938
21034
20717
21213
20618
21290
21070
21190
21120
21303
21167
21538
20941
20966
21189
20978
20966
20822
21147
21002
20954
20915
20776
20361
20685
20701
20263
20250
19801
19828
19653
19821
19503
19390
19482
20328
19748
19702
19888
19371
19607
19606
19793
19223
19430
19764
19685
19143
19347
19199
19318
19197
18994
18918
19082
18688
18927
19082
18790
18837
18996
18364
18561
17924
18055
17984
18509
17844
17748
17993
17877
18170
18096
17804
17477
18293
17391
17498
17543
17464
17058
17828
17072
17289
16711
16842
17037
17242
16746
16842
16357
17005
16750
16712
17112
16862
16740
17160
16508
16646
16402
16565
16252
16650
16441
16294
16131
16145
15993
15706
15301
15628
15316
15818
15249
15406
15602
15452
15521
15457
15256
15627
15381
15334
15295
15440
14884
14849
14624
14765
14505
14382
14780
14644
14252
14187
14925
14508
14098
14639
14056
13981
13554
13906
13645
14074
13540
13704
13762
13961
14112
13452
13634
13494
13248
13087
13276
13670
13580
13311
13209
13350
13235
13134
13294
13093
12761
12881
12982
12685
12980
13029
12667
12658
12598
12349
12195
11707
11892
11940
11596
11658
11770
11648
12100
12274
12199
11865
12190
11855
11613
11810
11571
11616
11551
11645
11651
11322
11745
11599
11454
10822
11420
11240
11032
11337
10964
11207
11220
11088
11069
10990
10923
10678
10682
11128
10806
10729
10114
10658
10347
10513
10234
10309
10449
10547
10465
10472
10532
10280
10120
9780
10388
10008
9646
9397
9485
9354
9742
9344
9648
9534
9321
9517
9545
9681
9186
9371
9052
9243
8974
9214
9090
9157
9339
9280
9460
9293
8698
9037
9012
8751
8810
8970
8612
8824
8641
8683
8520
8443
8380
8298
8316
8336
8265
8411
8248
8038
8255
8183
8099
8391
8137
8118
8051
8213
7931
7835
7861
8155
7876
7714
7594
7584
7543
7816
7652
7480
7890
7420
7601
7492
7364
7556
7688
7394
7249
7338
7135
7422
7158
7411
7100
6826
6898
6940
7097
7187
6856
6758
7103
6943
6734
6700
6874
6531
6576
6507
6287
6689
6832
6337
6513
6637
6514
6756
6416
6392
6433
6900
6172
6257
6343
6241
6545
6454
6393
6104
6217
5958
6023
6507
6755
5878
6205
5917
6205
6231
5968
5942
5643
5807
5783
5567
5524
5731
5768
5856
5825
5630
5875
5926
5863
5562
5522
5528
5645
5444
5548
5526
5472
5875
5725
5347
5148
5330
5266
5503
5347
5357
4991
5201
5284
5066
5186
4839
5118
5050
5227
5051
5078
5019
5197
5098
4904
5078
5210
4885
4918
5384
5237
5176
5040
4738
5154
4879
4903
4999
4876
4604
4701
4753
4867
4776
4548
5098
4741
4936
4821
4854
4558
4410
4810
4610
4468
4616
4682
4719
4621
4626
4475
4381
4525
4470
4361
4463
4743
4289
4619
4748
4262
4359
4394
4542
4441
4180
4322
4317
4079
4227
4753
4402
4374
4344
4424
4117
4267
4419
4281
4161
4326
4244
4236
4537
4136
4105
4502
4324
4353
4187
4685
4303
4020
4174
4051
4130
4153
3932
4053
4169
4180
3875
4305
4090
3947
3975
3939
3922
3600
4094
4047
4066
3833
3926
4062
4267
3823
3965
3800
3996
3816
3998
4106
4079
4130
3921
3957
4266
3864
3876
3818
3974
3637
4072
3812
3691
4075
3789
3769
3556
3717
3503
3737
3879
3913
3744
3568
4007
3852
3677
3802
3822
4006
3497
3497
3859
4036
3843
3652
3451
3673
3739
3500
3623
3773
3593
3853
4051
3661
3778
3851
3810
3563
3737
3964
3882
3686
3490
3790
3660
3338
3573
3590
3594
3801
3552
3519
3558
3541
3618
3469
3530
3754
3541
3520
3893
3487
3788
3472
3590
3472
3611
3410
3841
3457
3543
3615
3420
3413
3496
3358
3787
3542
3332
3424
3608
3469
3489
3715
3606
3687
3268
3407
3505
3690
3546
3516
3601
3461
3116
3477
3593
3471
3705
3410
3336
3233
3853
3545
3404
3343
3723
3523
3503
3440
3371
3616
3490
3427
3457
3266
3481
3341
3237
3365
3373
3671
3363
3627
3374
3460
3398
3513
3451
3743
3446
3492
3388
4147
3470
3314
3289
3202
3384
3235
3248
3190
3349
3373
3364
3230
3415
3409
3474
3316
3227
3337
3354
3307
3332
3529
3364
3455
3442
3423
3293
3361
3278
3495
3347
3543
3212
3275
3198
3413
3149
3416
3746
3269
3412
3242
3173
3306
3293
3240
3571
3422
3133
3259
3382
3392
3589
3261
3290
3468
3297
3441
3384
3385
3344
3352
3697
3224
3356
3485
3405
3505
3315
2990
3433
3649
3151
3282
3297
3519
3384
3267
3210
3377
3618
3453
3312
3200
3456
3296
3629
3501
3322
3489
3126
3161
3294
3506
3377
3191
3152
2997
3366
3078
3336
3360
3356
3465
3297
3305
3109
3371
3334
3273
3300
2994
3218
3227
3047
3434
3017
3190
3640
3165
3092
3108
3135
3163
3247
3408
3134
3124
3532
3340
3309
3062
3388
3292
3382
3291
3140
3376
3083
3242
3013
3502
3258
3310
3369
3247
3278
3169
3457
3170
3272
3236
3529
3297
2960
3011
3092
3083
3095
3059
3266
3125
3163
3538
3243
3527
3383
3317
3214
3109
3470
3461
3277
3843
3304
3486
3055
3205
3380
3186
3184
3225
3036
3288
3245
3303
3178
3264
3396
2901
3093
3139
2960
3064
3327
3292
3242
3374
3157
3211
3373
3196
3292
3141
2901
3180
3087
3160
3084
3119
3106
3225
3289
3344
3266
2870
3331
3558
3225
3668
3099
3156
3094
3213
3406
2870
3225
3159
3370
3265
3325
3429
2882
3034
3225
3175
3252
3182
3104
3155
3076
3305
3207
3627
3291
3244
3177
3007
3302
3159
3153
3094
3255
3317
3181
3071
3255
3146
3256
3382
3163
3332
3421
3219
2914
3208
3198
3242
2992
3020
3293
3172
3086
3107
3209
2684
3538
3266
3313
3093
2923
3134
3129
3313
3154
3098
2843
3183
3154
3072
2933
3114
3004
3391
3438
3006
2856
3338
3173
3015
3135
3130
3023
3139
3182
3028
3564
3283
3049
3230
3228
3201
2921
3181
3142
3066
2729
2962
3430
3154
3075
3263
3129
2887
3238
3476
3061
3315
3019
3411
3175
3109
3147
3230
3123
2964
3172
3385
3018
3266
3146
3114
3304
3268
3022
3121
3367
3431
3253
2995
3277
3280
3057
3206
3044
3145
2975
3067
3223
2973
3014
3144
3115
3344
3485
3295
2838
3461
2738
3196
3085
2943
3001
3025
3324
3110
3322
3459
3055
2972
3200
3066
3078
3366
3144
2823
3107
2824
3046
3354
3003
3206
2970
3255
3277
3160
3012
2916
3120
3391
3109
2949
3245
3192
2985
3236
3043
3231
3000
2967
3036
3219
3033
3222
3252
2901
3272
3436
2864
2970
2862
3071
3285
3143
2900
3002
3020
2892
3147
3318
2883
3060
2784
3040
3124
2892
3262
3334
3088
3240
3016
3572
3208
3421
3095
3033
2832
3111
3206
3195
3048
3167
2851
3123
3189
3375
2842
3137
3236
3102
3191
3127
3209
2837
3119
3163
2724
2977
2782
3005
3149
3074
2968
3228
3104
2905
3322
3063
3268
3227
2921
3083
3017
2871
2875
3172
3208
3012
2932
3045
2864
2901
3317
3095
3078
3301
3064
3182
3110
2844
2884
2920
3276
3016
2990
3046
3016
3343
3042
3191
3021
3196
2905
2882
3002
3420
3162
3231
3039
3177
2991
3345
3021
3050
3046
3003
2797
3419
2809
3141
3192
2870
2971
3235
3076
3051
2895
3121
3010
3068
3133
2887
2878
3478
3263
2906
3005
3291
3057
3140
3035
3013
3180
3439
2984
2760
3224
3193
3148
2898
3022
3377
3016
3050
2912
3042
2946
3208
3095
3134
2933
3148
3023
2911
3047
3078
2950
3171
2987
3215
2984
2907
2987
2986
3209
3241
3169
3412
2785
2968
3188
2975
3014
3143
2932
3157
2958
3287
3189
2978
2959
3438
2995
2960
3240
3264
2843
3210
3002
3074
2875
3034
3359
3183
2866
2837
3323
3199
2866
2870
3268
3125
3188
3137
3015
3170
2985
2819
2799
3042
3619
3027
3269
2933
2960
3060
2947
2862
3069
3099
3037
2873
3070
3010
3231
3092
3024
3230
2829
3064
3123
2975
3254
3296
2935
3017
3011
2999
3084
3346
3373
2797
2817
2990
3292
3063
2975
2841
3194
2911
2664
2906
2949
3158
3247
2952
2981
2976
3116
2742
3208
3081
3116
2890
3093
2889
3001
3043
2989
3090
2902
3201
3142
3156
2848
3160
3000
3219
2781
2799
3312
3235
2796
3020
2615
3078
2996
3251
3134
3246
2818
3197
2816
2862
3035
2887
2896
2726
2970
3254
3326
3092
2975
2855
3003
2861
3223
2615
2955
3088
2912
2507
3028
2821
3158
2824
2957
2871
3133
2874
3022
3044
3159
2861
3061
