3509
3443
3250
3357
3466
3875
3253
3341
3395
3310
3308
3077
3245
3101
3098
3527
3512
3166
3629
3549
2946
3386
3050
3290
3589
3335
3620
3271
3147
3402
3512
3048
3160
3234
3101
3366
3080
3537
3252
3508
3343
3304
3312
3319
3590
3225
3473
3182
3621
3390
3944
3470
3692
3205
3341
3331
3149
2984
3273
3480
3265
3202
3658
3447
3244
3313
3395
3015
3445
3470
3330
3220
3341
3477
3532
3445
3282
3369
3398
3205
3725
3331
3519
3411
3508
3600
3442
3027
3658
3508
3423
3668
3775
3230
3380
3545
3486
3748
4067
3414
3402
3249
3714
3366
3530
3642
3177
3789
3215
3374
3516
3305
3844
3494
3505
3318
3380
3641
3769
3610
3621
3323
3372
3635
3622
3695
3973
3557
3332
3683
3365
3365
3599
3353
3501
3476
3731
3741
3645
3339
3554
3586
3446
3623
3684
3668
3591
3564
3368
3375
3570
3498
3767
3515
3353
3487
3605
3723
4112
3699
4009
3497
3613
3668
3593
3585
3948
3568
3737
3261
3561
3583
3464
3415
3402
3412
3598
3699
3819
3721
3636
4111
3887
3510
3577
3759
3519
3504
3884
3617
3868
3490
3646
3750
3453
3626
3443
3792
3764
3767
3415
3534
3928
3622
3539
3691
3737
3607
3866
3706
3564
3591
3833
3646
3510
3410
3913
3686
3717
3651
3928
3834
3881
3505
4106
3706
3692
3833
3356
3912
3454
3510
3854
3780
3512
3675
3636
3768
4022
3785
4026
3752
3546
3756
4039
3812
3713
3819
3739
4111
3655
3871
3778
3981
3596
3623
3596
3664
3960
3583
3687
3899
3678
3855
3606
3888
3648
3737
3963
4023
3956
4002
3999
3957
3635
3904
4130
3695
3704
3992
3946
3835
4172
3633
3984
3806
3839
3940
4126
3927
3813
3624
3720
3839
4186
3737
4075
3893
3776
3991
3932
4148
3585
3820
3755
3880
3698
4070
4017
4028
3885
4369
4123
3910
3856
3847
4157
4098
4076
3921
4185
3567
3951
4052
3953
3886
4247
3963
3906
3924
3984
3768
3720
3955
3912
4262
4137
3828
4013
3874
4284
4168
4171
3668
3770
3978
4079
4087
4029
4196
4031
4191
3938
3899
4276
4049
4024
4246
3854
4335
3714
4146
4265
3780
4133
4048
4029
3875
4119
3983
3895
3981
4257
4116
3912
3892
3972
4008
4051
4188
3835
4251
3879
4050
4066
4078
4233
3842
4298
4173
3954
4378
4020
4117
4458
4044
4294
3988
4160
4176
4267
4234
3937
4440
4328
4113
4319
4426
4276
4243
4510
4199
4395
4257
4128
4383
4217
4223
4314
4464
4371
4315
4404
4462
4365
4129
4193
3867
4296
4313
4144
4250
4275
4298
4352
4375
4528
4209
4403
4231
4260
4407
4436
4116
4332
4485
4287
4444
4272
4536
4248
4378
4341
4493
4409
4912
4188
4225
4559
4390
4287
4611
4389
4606
4342
4811
4387
4551
4407
4631
4347
4666
4323
4687
4805
4651
4708
4280
4627
4248
4314
4275
4525
4647
4415
4324
4748
4475
4542
4755
4549
4338
4522
4431
4526
4609
4932
4861
4551
4352
4642
4825
4518
4579
4689
4636
4776
4445
4574
4349
4704
4603
4609
4800
4603
4654
4842
4643
4494
4462
4903
4736
4719
4457
4500
4860
4633
4808
4681
4816
4896
4547
4829
4844
4678
4675
4683
4828
4532
5089
4669
4928
5038
4852
5087
4559
4904
4635
4439
4792
4826
5085
4843
4916
5133
4712
5104
4911
4942
5162
4558
4946
4784
4980
4835
5215
5153
4672
4767
4647
4799
4732
4776
4848
4645
5182
5000
5002
4617
5011
5160
5000
5118
4618
4665
5000
4916
5401
5038
5051
4996
5116
5031
4645
4967
4662
5096
4941
4940
4817
4818
4908
4979
5236
5138
5179
4900
4896
5141
4859
4996
5106
5134
5098
5087
5278
4943
5264
4996
5323
5023
5103
5536
5102
5061
5234
4844
5254
5161
5186
5076
5087
4975
5103
5422
4824
5084
5244
5191
5368
5058
5248
5055
5423
5634
5573
5627
5200
5298
5278
5597
5056
4953
5268
5302
5197
5421
5397
5107
5572
5360
5292
5387
5415
5359
5249
5203
5476
5606
5234
5453
5361
5224
5684
5533
5180
5409
5367
5215
5951
5427
5419
5138
5395
5376
5388
5608
5269
5588
5661
5612
5376
5726
5633
5577
5554
5473
5612
5741
5538
5734
5983
5302
5308
5507
5473
5587
5764
5426
5634
5380
5496
5506
5818
5775
5654
5347
5839
5943
6010
5823
5739
6055
5696
6107
5609
5668
5483
6149
5623
6150
6032
5701
5576
5889
5784
6014
5786
5847
5977
5787
6000
5513
5924
5809
5968
5677
5534
5926
6015
6054
5885
6097
6196
5915
5803
5998
5998
6075
6116
6151
5903
6085
6015
5857
6051
6041
6116
6109
5976
6039
6021
5867
6012
5981
5909
6248
6045
6192
6104
6134
6438
6387
6561
6400
6608
6114
6239
5998
6193
6132
6277
6341
6455
6246
6291
6352
6067
6254
5933
6509
6330
6199
6361
6188
6606
6353
6317
6438
6670
6349
6298
6715
6438
6389
6636
6353
6419
6234
6409
6509
7100
6310
6342
6648
6486
6706
6470
6656
6679
6527
6141
7057
6433
6544
6497
6960
6710
6530
6364
6636
7034
6908
6490
6711
6907
6831
6896
6823
7226
6700
6632
6558
6762
6473
7134
6873
6687
6961
6952
6903
7205
7105
6665
6917
7196
7106
7250
6957
6883
6624
6836
6998
6925
6597
7033
7011
7001
7083
7040
7195
7471
6957
7123
7051
7407
7125
6920
7076
6958
6889
7296
7177
6988
6928
6857
7213
7308
7234
7057
7348
7244
7354
7098
7254
7767
7331
7301
7594
7178
7735
7187
7696
7280
7652
7256
7372
7129
7209
7600
7677
7549
7757
7436
7536
7761
7525
7672
7727
7644
7556
7240
7935
7630
7547
7967
7163
7693
7744
7375
7869
7900
7769
7973
8040
7658
8142
7745
7758
7588
7916
7708
7758
7769
7968
7848
7900
7913
8025
7901
7860
8340
8023
8159
8660
8495
7932
8087
8111
8503
8114
8105
8137
8487
8372
8403
8223
7989
8312
8250
8426
8288
8244
8490
8393
8073
8184
8206
8393
8621
8373
8259
8689
8463
8646
8352
8576
8438
8512
8629
8392
8776
8468
8685
8978
8586
8627
8531
8783
8787
8787
8978
8567
9000
8650
8619
8586
8704
9199
9203
9056
8993
8951
9062
9054
8726
8795
9084
8861
8961
9309
9240
9096
9143
8925
9141
9152
8979
8959
9201
9437
9050
9842
9205
9114
9174
9500
9235
9462
9600
9489
9515
9382
9369
9762
9898
10080
10036
9639
9728
9776
9934
9460
9782
9546
9415
9602
9476
9277
9967
9771
9745
9624
9506
9643
9592
9686
9574
9649
9550
9932
9683
9734
9951
9911
10134
10575
9988
10187
10091
10526
10159
10018
10514
10056
10503
10082
10172
9936
9953
10001
9304
9469
9253
9249
8959
8652
8416
8868
8942
9086
9385
9864
10199
9852
10842
10469
10440
11128
10875
10983
10890
10979
10717
11188
10858
11119
11038
11005
10933
10910
10804
11338
11329
10666
11078
11020
11175
10931
11366
10884
11008
10932
11138
10873
11166
11190
11419
11180
11499
11117
11313
11335
11831
11636
11252
11498
11676
11415
11816
11478
11487
11413
11297
11524
11282
11600
11184
11836
11404
11637
11659
11184
11673
11433
11898
11607
11857
11678
11611
11684
11568
11799
11803
11844
11679
12026
11851
11834
12471
11967
12098
12177
11904
12058
11786
11926
11702
11962
12252
12292
12039
11794
11858
11755
12111
11864
12188
12170
12407
12433
12087
12093
12435
12150
12384
12040
12184
12265
12435
12381
12374
12763
12395
12774
13086
12774
12480
12521
12906
12907
12860
12764
12687
12471
12615
13085
12600
12638
12618
13135
12987
12580
12999
12877
13146
12948
12904
13141
13060
13254
13040
13066
13440
12973
12859
12882
12509
12713
12315
12372
12237
12489
12604
12579
12869
13073
13250
13319
13028
12733
13572
13516
13214
13614
13311
13712
13865
13421
13511
13383
13326
13713
13838
13457
13593
13671
13457
13450
13600
13367
13420
13347
13789
13844
13748
13604
13627
14006
13845
13490
13460
13739
13807
13898
13949
13549
13910
13444
13654
13949
13797
13736
14042
14099
14242
13742
14459
14124
13800
14154
13933
14107
14173
14334
13994
14429
14049
14497
14173
14353
14512
14189
14260
14206
14214
14214
14516
14052
13933
14260
14248
14363
14252
14232
14491
14612
14525
14783
14797
14596
14720
14614
14312
14445
14736
15172
14675
14679
14827
14836
14840
14616
14606
15090
14781
14832
15016
15020
14331
14954
14870
14621
14718
15396
14808
15099
14969
14574
14893
14831
15037
15273
14869
14933
15276
14712
14969
15029
15174
14736
14955
15200
15256
15154
15045
14952
15095
15477
15080
15339
15255
15189
15216
15511
15287
15275
15101
14829
15565
14962
15514
15006
15603
15784
15193
15220
15572
15624
15289
15302
15527
15251
15491
15513
15734
15118
15382
15050
15089
15425
15632
15355
15204
15349
15271
15168
15502
15409
15125
15384
15435
15588
15528
15669
15343
15791
15595
15600
15321
15616
15971
15519
15708
15141
15361
15427
15840
15552
15294
15428
15451
15162
15579
15798
15562
16061
15581
15837
15840
15680
15781
15840
16043
15936
15826
15853
16074
15866
16020
15987
15832
15864
16603
15831
16278
15996
16128
16114
16232
16287
16101
16005
16310
16260
16604
16512
16316
16226
16222
16075
16347
15663
16192
16082
16640
16436
16068
16566
15976
16781
16157
16185
16315
16438
16172
16532
16212
16359
16591
16600
16122
16953
16552
16308
16403
16658
16361
16400
16427
16333
16840
16488
16423
16494
16900
17034
16728
16745
16818
16434
16941
16539
16952
16767
17172
16948
16834
17141
16749
17069
17067
16968
16886
16888
17101
17246
17048
16956
17292
17039
17157
16800
16883
17114
16912
17581
17080
17225
17107
17413
17073
17316
17274
17515
17303
17525
17375
17578
17590
17080
17448
17430
17448
17358
17303
17530
17279
17920
17525
17316
17542
17304
17736
17506
17850
17800
18067
17695
17883
17551
18075
17424
17909
18132
18320
17608
18317
18004
17834
17952
18354
17872
18285
18146
18041
18211
18299
18379
18127
18382
18200
18178
18490
18646
18032
18276
17949
18339
18366
18469
18472
18714
18974
18449
18281
18553
18847
18643
18828
18806
19154
18813
18934
19126
18821
19236
18680
18820
19069
19220
18582
18932
19116
19145
19260
19268
19489
19027
18980
19406
19180
19314
19713
19073
19460
19414
19627
19331
19229
19508
19357
19528
18964
19114
19562
19764
19022
19163
19382
19089
19353
19767
19828
20250
19706
20270
20364
20095
19981
19985
20157
20491
20323
20570
20121
20492
20502
19954
20667
20488
20326
20106
20431
20351
20941
20260
20438
20612
20598
20760
20891
20800
20736
20760
20686
20888
20992
21163
20692
20842
20977
20888
21560
21050
21017
21208
20980
21316
21496
20918
21050
21675
21284
21191
21813
21734
21966
21610
21795
21989
22207
21527
21901
21668
22040
21727
21705
22213
21784
22246
22036
22074
22010
22107
22254
22398
22349
22525
22430
22586
22082
22452
22696
22528
22676
22506
22544
22747
22556
22587
22393
23061
22888
22829
22818
23196
23250
23074
22950
23105
23117
22766
23308
23238
23137
23354
23417
23428
23300
23420
23530
23380
23622
23681
23523
23445
23434
24044
23018
23889
23600
23338
23816
23900
24027
24292
24272
23601
23917
24002
23676
24283
24341
24268
24370
24744
23856
24394
24370
24039
24633
24496
24428
24298
24646
24710
24420
24811
25050
25018
24763
24813
24491
25141
24960
24853
25345
25434
25208
25398
25116
25166
25253
25052
25207
25524
25402
25036
25465
25268
25400
26150
25549
25521
25272
25624
25597
25789
25684
25802
25906
25691
25693
25763
25739
26280
26520
25510
26330
25626
26272
26004
26489
26168
25764
26132
25967
26494
26052
26671
26201
25959
26758
26472
26417
26278
26882
26667
26906
26656
26600
27245
26794
26729
26710
26930
27000
27048
26627
26624
26481
26666
26660
26458
26922
26363
27390
26406
27116
27408
27152
27412
26960
27738
27338
27243
27648
27242
27253
27092
27277
27350
27517
27677
27754
27003
27636
27246
26849
27241
27460
27357
27799
27538
27553
27451
27152
27358
27371
27456
27818
27972
27454
28244
27797
27792
27898
27553
28026
28161
28136
27947
28048
28160
28445
27968
28320
28292
27684
27796
27872
27655
28293
28746
28008
28274
28168
28394
28720
28273
28004
27835
27811
28091
27904
28736
27942
28059
28212
27577
27572
27998
27732
28296
28189
27994
28109
28289
27867
28142
28150
28069
28339
28453
28328
27696
28956
28303
28644
28443
28353
28452
28100
27762
27240
27794
27418
27359
27472
27478
27588
28483
27947
28052
28109
28364
27914
27673
27956
27033
28130
28282
28234
28343
29048
28554
28613
28644
28340
28910
28141
28618
28404
27541
27984
28319
28277
28588
28354
28265
28192
28046
28419
28068
28008
28218
27879
28458
28272
28219
28445
28102
28060
28093
28432
28376
28171
28070
28072
28288
28006
28125
28331
27626
28198
28154
27546
28060
28314
28308
27592
27589
27788
27526
27274
27536
27276
27408
27357
27458
28328
27608
27867
27840
27604
27588
27800
27572
27645
27002
27396
27468
27125
27684
27637
27668
27397
27317
27497
27789
27116
27826
27435
27234
27210
27323
27246
26991
27317
27221
27039
26923
26880
26822
27285
26776
26765
27138
26770
26724
26740
26704
26598
26802
26921
26372
27050
26966
27226
26524
26742
26410
27108
26618
26012
26617
26332
25889
26442
26412
26245
26567
26236
26120
25969
25958
26843
26162
26180
25518
25800
25896
25659
25604
25522
25856
25424
25367
25465
25512
25364
25498
25474
25344
25600
25256
25213
25448
24871
25500
25065
25311
24875
25177
24804
25062
24680
24824
24718
24369
24669
24299
24811
24696
24506
24518
24636
24530
24093
24376
24312
23876
23930
23648
23421
22980
22804
22291
22154
22511
22336
22360
21818
22404
22279
22864
22880
22615
22212
22409
22602
22670
22461
22280
21776
21950
21774
22180
22020
21672
21906
21868
22010
22250
21884
21500
21378
21572
21474
21254
21568
21478
21167
20788
21181
20839
20849
20913
21114
21050
21075
21196
20948
21161
21356
20778
21090
20792
21080
21372
20998
21248
21270
20612
21399
21262
21191
21212
20877
20537
20637
21194
21013
20894
20906
20271
20483
20546
20690
20247
20313
19742
20207
19660
20028
19700
19330
19901
20266
19925
19425
19959
19814
19840
19503
19345
19591
19469
19864
19578
19373
19520
19428
19435
19053
19100
18877
18916
18605
18868
18616
19010
18732
18820
18112
18612
18309
18096
18350
18178
18267
17592
17992
17656
18143
17994
17593
17610
17856
17513
17548
17813
17540
17367
17694
16921
17577
16776
16794
17148
17263
17102
16714
16267
17098
16493
16670
16865
16892
16792
16826
16725
16422
16432
16528
16286
16498
16519
16299
15988
15872
16028
15608
15280
15692
15503
15459
15350
15599
15340
15682
15461
15293
15588
15452
15291
15562
15348
15325
15224
14908
14870
14780
14637
14197
14498
14349
14330
14178
14696
14735
14156
14500
14115
14375
13636
13866
14093
13812
13625
13523
13787
13901
13908
13581
13441
13531
13626
13280
13613
13073
13362
12988
13637
13192
13151
13235
13373
13048
12868
12665
13373
12775
12779
12934
12640
12638
12288
12043
12070
11953
11941
11990
11834
11796
12059
11750
11886
12232
12304
12100
12200
11956
11709
11755
11597
11589
11554
11521
11525
11355
11811
11557
11311
11022
11354
11253
11034
11483
11072
11154
11182
10975
10989
10667
10890
10764
10658
10964
10461
10532
10383
10568
10563
10368
10347
10240
10071
10525
10461
10457
10338
10058
10190
9844
10158
10137
9894
9420
9741
9445
9745
9251
9542
9705
9698
9553
9562
9406
9272
9174
9139
9216
9148
9153
9086
9039
9284
9177
9475
9540
8903
9052
8718
8852
8858
9101
8656
8989
8609
8500
8326
8522
8524
8654
8341
8328
8324
8390
8151
8189
8209
8369
8324
8517
8102
8301
8093
8114
7772
7979
7765
7941
8061
7681
7715
7662
7775
7670
7526
7534
7918
7692
7405
7321
7348
7572
7378
7248
7438
7315
7321
7341
7078
7394
7297
6849
7041
7020
7068
7216
6864
6794
6980
6902
6747
6817
6882
6514
6667
6522
6299
6729
6622
6348
6556
6558
6321
6627
6490
6595
6315
6788
6324
6358
6360
6096
6814
6145
6211
6013
6067
5975
6033
6308
6450
6293
6180
6047
6144
6302
6062
5748
5826
5742
5826
5634
5439
5840
5713
5859
5741
5606
5792
5750
5629
5432
5494
5786
5761
5555
5597
5558
5576
5674
5742
5142
5110
5405
5297
5476
5456
5410
5237
5221
5292
4991
5300
4845
5075
4934
5389
5025
5029
5111
5163
4865
5066
5106
5188
4854
4979
5246
5368
5242
4965
4795
5088
4920
4837
5046
4905
4724
4823
4883
4697
4785
4574
4890
4645
4798
4741
4721
4805
4457
4750
4538
4404
4479
4621
4675
4577
4658
4431
4352
4528
4568
4329
4497
4588
4503
4548
4685
4345
4327
4261
4360
4340
4311
4386
4530
4125
4249
4654
4397
4432
4305
4319
4077
4255
4495
4408
4050
4446
4210
4346
4359
4204
4217
4429
4438
4222
4249
4615
4344
3960
4013
4106
4027
4258
4084
4104
4161
4185
3911
4134
4204
4030
3808
4173
4039
3671
3956
3980
4119
3772
3764
4045
4236
3748
4012
3735
4043
3949
3816
4038
3931
4190
3924
3999
4226
3982
3865
4017
3849
3578
4033
3724
3511
4001
3789
3674
3593
3612
3588
3805
3877
3917
3625
3747
3866
3797
3783
3761
3813
4092
3594
3490
3643
3918
3757
3771
3607
3591
3738
3712
3605
3826
3607
3612
3994
3653
3714
3955
3776
3509
3709
3944
3755
3527
3390
3658
3646
3382
3619
3477
3647
3886
3683
3561
3593
3565
3591
3600
3482
3618
3525
3564
3763
3589
3825
3403
3425
3474
3559
3346
3755
3448
3539
3618
3636
3527
3490
3441
3707
3461
3254
3506
3468
3480
3500
3520
3591
3690
3416
3452
3692
3698
3645
3569
3708
3421
3150
3448
3642
3403
3531
3307
3314
3252
3631
3617
3469
3236
3704
3602
3510
3432
3400
3850
3470
3467
3316
3321
3355
3477
3337
3337
3425
3834
3453
3605
3282
3376
3257
3577
3380
3780
3275
3540
3377
4182
3454
3274
3203
3213
3404
3297
3249
3267
3382
3276
3484
3381
3426
3428
3397
3337
3136
3200
3261
3278
3209
3454
3315
3366
3513
3365
3247
3272
3151
3353
3370
3401
3290
3247
3249
3326
3301
3375
3673
3140
3337
3278
3264
3192
3301
3268
3792
3613
3159
3315
3466
3346
3454
3229
3271
3429
3391
3488
3498
3388
3322
3298
3653
3303
3359
3752
3317
3428
3355
3192
3341
3616
3112
3216
3163
3429
3456
3295
3158
3382
3608
3410
3292
3340
3375
3388
3532
3511
3338
3481
3050
3188
3345
3398
3261
3153
3253
2929
3419
3344
3362
3471
3460
3463
3142
3343
3117
3276
3081
3267
3263
3027
3207
3234
3142
3622
3186
3212
3443
3154
3167
3034
3103
3307
3167
3333
3049
2857
3576
3348
3284
3006
3195
3146
3328
3294
3230
3320
3111
3316
2952
3406
3176
3456
3238
3189
3092
3264
3456
3009
3265
3369
3579
3187
2989
2998
3095
3102
3191
3071
3160
3156
3232
3393
3219
3444
3219
3296
3267
3223
3600
3584
3289
3789
3346
3371
3033
3057
3363
3134
3224
3249
2973
3286
3263
3217
3217
3196
3322
2914
3051
3061
3008
3218
3380
3266
3174
3309
3035
3212
3369
3168
3194
3227
2927
3264
3124
3252
3140
3065
3006
3235
3320
3201
3292
2873
3239
3589
3255
3520
3068
3171
3018
3117
3332
3000
3160
3267
3313
3329
3385
3314
2948
2956
3263
3289
3071
3064
3137
2931
3194
3141
3218
3555
3268
3247
3138
2975
3318
2987
3011
3205
3252
3163
2954
3050
3035
3099
3006
3422
3131
3314
3543
3281
2946
3268
3250
3390
3071
3154
3286
3054
3112
3094
3200
2824
3526
3107
3306
3178
2858
3028
3139
3467
3137
3035
2897
3149
3296
3091
2929
3016
2876
3442
3313
3029
2822
3169
2998
2950
3131
3165
2966
3012
3151
3182
3586
3193
3170
3148
3227
3232
2868
3175
3161
3149
2611
3154
3337
3172
3171
3324
2981
2846
3182
3430
3090
3293
2989
3258
3115
3134
3020
3248
3198
2973
3136
3544
3005
3145
3221
3090
3119
3134
2983
3122
3303
3497
3144
3192
3358
3297
3118
3106
3266
3126
2952
2919
3160
2946
3060
3085
3225
3330
3436
3143
2955
3410
2771
3205
3080
3009
2950
3082
3348
3171
3174
3335
3049
2808
3181
3058
3145
3351
3143
2969
3178
2860
2992
3298
3078
3291
2974
3292
3138
3094
3184
2978
3172
3391
3149
2897
3303
3167
2915
3208
3129
3299
3261
2975
2942
3351
2957
3116
3234
2956
3214
3351
2888
3033
2943
3127
3247
3266
2994
2875
3125
3101
3154
3261
2916
3044
2898
3100
3213
3021
3241
3370
3123
3072
3110
3592
3094
3234
3288
3071
2931
3046
3084
3051
2984
3281
2803
3294
3242
3251
2895
3159
3308
3126
3028
3177
3114
2825
3166
3192
2799
2999
2761
2938
3172
3146
2874
3098
3186
2939
3179
3172
3165
3182
2902
3098
3044
2982
2885
3207
3249
3077
2826
3079
2798
2962
3478
2939
3069
3171
3039
3209
3096
2830
3046
2899
3266
3117
3023
3137
3109
3339
3085
3204
3095
3088
2925
2821
2993
3304
3075
3323
3047
3141
3106
3363
2981
3086
3016
3161
2789
3483
2848
3151
3047
2854
2976
3305
2977
3047
2919
3076
3096
2876
3164
2829
2820
3595
3290
2854
2773
3268
3159
3125
2946
2940
3171
3437
3019
2747
3194
3016
3154
2924
2947
3268
3026
3081
2841
3153
2968
3068
3056
3107
2985
3061
3069
2873
2995
3007
3048
3157
3026
3125
2741
2793
2933
2842
3194
3213
3092
3448
2859
2887
2915
2892
2839
3099
3014
3203
3093
3240
3200
2906
3010
3473
2830
2866
3250
3264
2819
3242
3001
3023
2985
2989
3204
3093
2838
2861
3144
3060
2809
2806
3331
3066
3108
3232
3054
3098
2978
2956
2725
2931
3674
3034
3308
2932
3063
3104
2922
3125
3116
3216
3046
2951
3036
2908
3225
3024
2992
3268
2783
3144
3178
2857
3189
3166
3064
3232
3135
3033
2995
3279
3327
2924
2739
2899
3154
3033
3020
2843
2981
2851
2750
2839
3070
3311
3105
3046
3091
3074
3129
2919
3152
2907
2994
2942
2968
2804
2919
2925
2977
3153
2849
3371
3104
3062
2697
3171
2833
3162
2736
2818
3147
3098
2753
2987
2652
3082
2886
3260
3093
3183
2918
3236
2941
2785
2983
3021
2870
2752
2824
3197
3167
3096
2964
2894
2958
2972
3365
2814
2991
2997
2976
2655
2827
2863
3070
2841
2978
2876
3106
2854
3079
2987
3083
3059
2997
