5962
5981
5700
5925
5988
6574
5890
5789
6153
5602
6109
5742
5793
5651
5595
6027
6075
5732
6281
6185
5586
5851
5707
5871
6307
5983
6275
5981
5890
5976
6097
5907
5704
5732
5908
6164
5826
6380
6073
6422
6112
5959
6144
6127
6249
5888
6285
6130
6346
6225
6676
6494
6617
6014
6070
6159
6186
6023
6163
6510
6118
6093
6598
6263
6129
6031
6157
5894
6276
6435
6372
6039
6110
6143
6422
6452
6426
6414
6369
6183
6640
6591
6713
6438
6461
6617
6522
6227
6787
6605
6625
6753
6763
6571
6424
6587
6495
7051
6996
6678
6538
6429
6896
6503
6762
6672
6388
6983
6751
6749
6956
6538
7165
6894
6874
6592
6887
6871
7175
6979
6984
6686
6865
6945
6900
7007
7341
7023
6639
7000
6926
6928
7020
6815
7008
6973
7319
7230
7239
6668
7127
7132
6910
7111
7393
7167
7217
7226
7068
7107
7169
7092
7443
7104
7012
7174
7414
7281
7529
7362
7742
7230
7028
7296
7323
7253
7888
7151
7550
7237
7407
7348
7394
7305
7479
7258
7405
7544
7758
7459
7402
7943
7967
7563
7706
7732
7737
7414
7898
7819
7830
7736
7760
7770
7435
7890
7585
7730
7872
7970
7666
7650
8056
7809
7714
7866
7852
8075
8019
7966
7986
7930
8074
7944
7933
7725
8205
8150
7972
8089
8131
8215
8269
7770
8410
8119
8029
8157
8021
8142
8015
8010
8142
8448
8140
8098
8186
8337
8361
8330
8590
8543
8153
8238
8495
8358
8386
8571
8374
8677
8506
8789
8579
8787
8581
8488
8583
8537
8734
8486
8646
8919
8460
8781
8538
8893
8699
8674
9020
8972
9018
8906
9169
9135
8450
8761
9202
8824
8906
9100
9100
9183
9289
8886
9242
8763
9030
9304
9200
8991
9067
8791
8879
8982
9449
9106
9337
9155
9173
9347
9233
9438
9146
9261
9301
9305
9324
9565
9291
9548
9380
10002
9719
9312
9339
9749
9910
9479
10040
9626
9832
9288
9805
9990
9813
9652
10107
9640
9717
9831
9768
9523
9566
9692
9907
10119
9929
9979
10048
9951
10202
10017
10039
9918
9846
9943
10344
10150
10017
10178
9955
9834
10021
9778
10186
10172
10101
10294
9869
10322
10098
10505
10470
9937
10444
10127
10369
10450
10422
10602
10320
10500
10833
10479
10653
10387
10601
10525
10459
10752
10433
10841
10445
10884
10861
10669
11014
10516
10932
10789
10794
10932
10682
10937
11154
10812
11013
10677
11170
10943
11068
11141
10839
11424
11252
11081
11300
11434
11309
11485
11707
11423
11653
11705
11421
11704
11611
11450
11618
11442
11756
11671
11799
11699
11801
11562
11772
11357
11643
11923
11764
12015
11810
11866
12002
12045
11908
11909
11796
11830
12257
12205
11910
11817
12056
12260
12230
12453
11992
12106
12036
12218
12191
12361
12212
12918
12165
12148
12538
12392
12344
12871
12530
12622
12316
13128
12635
12760
12534
12672
12778
12745
12585
12959
13103
12808
13071
12533
13058
12417
12787
12548
12990
13157
12941
12857
13288
13017
12909
13239
12882
13107
13198
13193
13370
13400
13536
13557
13332
13372
13333
13710
13569
13747
13901
13647
13655
13371
13550
13429
13549
13501
13658
14358
14006
13750
14173
14173
13608
13960
14007
13972
14022
13939
13817
14246
14135
14249
14084
14211
14457
14140
14315
14592
14284
14529
14258
14496
14173
14667
14488
14723
14804
14731
14565
14422
14917
14226
14852
14538
14852
15140
15005
14955
15206
14825
15198
15227
15208
15416
14693
14865
14837
15248
15013
15509
15258
14978
15126
15166
15134
15184
15514
15280
15064
15778
15938
15574
15437
15691
15681
15476
15730
15291
15254
15830
16007
16170
16002
15900
16066
15815
15805
15709
15737
15865
16272
15872
15823
16493
16265
16011
16125
16571
16464
16178
16288
16191
16322
16585
16470
16370
16825
16548
16347
16913
16534
16618
16453
16941
16940
16956
17145
16847
16706
16966
16578
17056
16941
16683
16157
16216
16741
16696
16820
16249
16672
16897
17139
17298
17277
17469
17330
17712
17678
17885
17916
17595
17700
17435
18180
17412
17626
17573
17933
17744
18139
18130
18152
18484
18285
18105
18073
18470
18429
18469
18143
18344
18640
18061
18374
18057
18504
18748
18720
18378
18551
18917
18224
19157
18700
18560
18641
18164
18579
18954
19077
18786
19104
19087
18852
18980
19403
19334
19220
19220
19584
19436
19560
19103
19561
19482
19442
19013
19270
19082
19544
19458
19303
19927
19437
19481
19834
19951
20414
20333
19650
20466
20261
20202
20554
20477
20941
20792
21106
20091
20170
20422
20851
20402
21004
20777
20880
20447
20667
21224
20917
20966
20872
20882
21445
21214
20917
21152
21108
21316
20950
21190
21248
21245
21604
21484
21661
21670
21572
21739
21961
21926
21747
22224
22178
21657
22048
22486
22017
22196
22136
22436
22173
22338
22425
22453
22555
22812
23024
22389
23098
22986
23164
22609
23178
23061
23194
23364
23315
23351
23403
23182
22906
23377
23381
23680
23371
23808
23684
23709
23448
23342
23438
22989
24002
23844
23856
24045
23791
24292
24326
24192
24358
24602
24394
24269
24581
24394
24116
24381
24416
24742
24515
24861
24738
25338
24695
24966
25101
25216
25385
25165
25453
25364
25285
25242
25700
25130
25577
25080
26082
25446
25212
25728
25646
25898
26020
25935
26013
26234
26048
26513
26253
27036
26196
26542
26450
26488
25992
26946
26509
26706
27213
27303
27229
27529
27800
27146
27675
27677
27676
28064
27594
27530
27176
27755
27755
28067
27513
27656
28255
27942
28333
28180
28227
28688
28244
28590
28230
29033
28860
28572
28566
28196
28232
28684
28218
28396
28374
28146
28180
28812
28671
28278
29426
29438
29328
29483
29916
30906
30412
30182
30426
30171
30800
30246
30366
30639
30637
30586
30728
30336
30490
30642
30948
30825
31176
31671
31104
31269
31405
31252
31790
31637
31237
31210
31554
31626
31647
31623
31556
31572
32058
31894
32140
32986
32715
33035
32820
32889
33100
32973
33029
32804
32802
32877
33024
33595
33387
33481
33280
33110
33702
33530
33444
33770
33630
33967
34678
34735
34052
34486
34240
35176
34580
34458
34961
35136
35218
35218
34690
34971
35072
34832
34883
35346
35414
35177
35596
35540
35492
35611
35815
36388
35811
35690
36402
36293
36744
36234
36798
36555
36550
36960
37317
37382
36717
37192
37796
37277
37162
37092
37209
37898
37445
37785
37513
37709
37637
37804
38187
38177
38179
38732
38818
38890
38509
39052
39168
38884
38708
39478
39200
39316
39534
39896
39526
39071
39594
39042
39436
39178
39494
39098
39268
39643
40506
40010
40403
40484
41036
40921
41130
40884
41266
41508
41268
41529
41944
41556
42061
41970
41977
42260
42226
42020
41876
41956
41996
42200
41560
41418
41963
42145
42090
42184
41600
41737
41919
41338
41515
41965
42092
41380
42384
42288
42845
42833
43385
43554
44336
43342
43706
43652
45004
44288
44490
44968
43545
44176
43558
43286
42732
41770
41129
39621
39282
37339
36264
35421
34439
34313
35029
36301
37787
38733
40698
42404
43741
45698
46426
46540
47658
47200
47693
47434
47744
47038
47078
47668
47706
47872
47499
47217
47108
46962
47828
47884
47700
47834
47384
47616
47994
47908
47305
47264
47240
47380
46923
47194
47756
47988
47908
48426
47997
48516
48732
49563
49338
48688
49304
49241
49216
49428
49002
49338
49435
49288
49302
48910
49408
49092
49885
49006
49497
49408
48868
49408
49894
50129
49689
49372
49949
49631
50314
50046
50188
49736
50588
50013
50251
50330
50346
51117
50436
50628
50772
50724
50925
50413
51001
50284
50754
50269
50645
50670
51039
49920
50946
51112
50752
50754
51246
51764
51224
51220
51765
51462
51712
51348
51005
51510
51476
52027
51910
52011
52154
52885
51982
53156
52640
52218
52416
53255
53136
53400
53036
53028
52582
52752
53214
52968
53204
53528
53275
53864
53394
53284
53440
53801
53450
54090
53690
53452
53688
53966
53333
53675
53555
52692
52132
50688
49914
49048
49227
49288
50044
51148
51764
52703
53705
54061
54035
53656
53610
53956
53860
53967
54153
54228
54228
54196
53717
54010
54006
53574
54678
54388
54452
53961
54330
53966
54080
54784
54218
53769
54266
54178
53962
54632
53760
53870
54134
53970
53824
53818
54125
53997
54290
53942
53948
54284
53882
54053
53786
54329
54586
54532
54220
54980
54570
54196
53914
53719
54645
54228
54246
54337
54504
54469
54164
54206
54354
54506
55052
54178
54400
54012
54251
53933
54601
54344
53858
54132
54058
54089
54060
53615
54118
54668
54058
54250
54346
54574
53844
53956
53893
53556
54218
53787
54500
53833
54314
54005
53750
53876
54233
53842
54364
53697
54422
54044
53657
53340
53784
54220
53992
53586
54016
53432
53578
53424
53386
53692
53768
53471
53734
53508
54064
53554
53442
52938
53879
53600
53444
53520
52892
53260
53339
52955
53156
52904
53720
53472
52922
53109
53222
53252
53147
53260
52996
52546
52283
53164
52136
52301
52384
53366
52159
51924
51592
52398
52059
52352
51914
52196
52281
52154
52095
52444
51964
51833
51994
51926
50884
50716
50731
50538
50663
49862
50752
50168
50484
50184
50705
51001
50880
51045
51112
50651
50584
50971
50266
50667
50196
50816
49810
49916
49124
49416
49216
49582
48394
48178
48992
48745
48396
49499
49366
49300
49710
49096
49428
48984
48687
48691
48899
49490
48586
48877
48688
48768
48903
48704
48486
48180
48326
48628
47878
48262
48415
48548
48470
48384
48280
48571
47744
48153
48029
47995
47876
46975
47316
47227
46882
46504
46764
46922
46408
47268
46720
46578
46212
46308
46554
46108
46400
46210
46136
45935
45994
45312
45956
45645
45636
45712
45512
45620
44970
45205
45358
45188
45001
44822
45109
45096
44832
44428
44603
45214
44790
44197
44460
43754
43946
43963
43572
44404
43956
44394
44160
43706
43786
43240
43676
43626
43597
43115
43372
43124
43428
42828
43083
42868
42836
42586
42508
42496
41924
42157
42195
42266
41823
41748
41960
41396
41798
41232
41429
41748
41560
40960
41335
41030
41265
41224
41288
41108
40562
40272
41482
40076
40554
40237
40157
40512
40166
40096
39768
39864
39864
40128
39736
39880
39858
39893
39364
39734
39610
39066
39184
39528
39176
39097
38772
38799
38715
38965
38984
38210
38616
38982
37784
38429
38491
38210
38108
37964
38100
37420
37656
37808
37485
37037
37400
37276
37748
37074
37025
36763
36885
36742
36876
36782
36169
36794
36352
36754
36442
36042
36617
36170
35876
35840
36121
35581
35862
35830
35751
35945
35525
34944
35469
35252
35528
35024
35145
35205
34912
35574
35082
34884
34310
33972
33732
33316
33589
33326
33636
33800
33899
33942
33322
33308
33826
33512
33620
33741
34071
33156
33875
33195
33417
33259
33220
33642
33147
33082
33158
33112
33302
32865
32279
32656
32832
32272
32597
32282
32108
33074
32314
32114
32221
31753
32119
31659
32053
32042
31789
31008
31897
31562
31439
31056
31349
31100
31015
31584
31329
30760
30677
30417
30840
30747
30182
30282
30922
30946
30112
30644
30549
30573
29925
30508
30336
30160
30122
29845
29930
29934
29842
29577
29400
29554
30016
29416
29346
29468
29292
29579
29322
29185
29472
29240
28996
29117
29115
29076
28938
29613
28916
28507
28489
28374
28596
28540
28437
28405
28694
28312
28714
28579
28658
27675
28160
27802
27508
28357
28225
28105
28026
27972
27988
27498
27438
27604
27453
27113
27566
27326
27451
27569
27541
26852
27482
27258
26756
26804
27478
26985
26533
27250
26861
26504
26324
26393
26720
26822
26326
26511
26607
26068
26344
26053
26388
25969
26489
26605
25959
26027
25606
26022
25636
26335
26164
25597
25856
25664
25910
25419
25948
25638
25757
25510
25940
25605
25467
25236
25285
25027
25102
25381
25015
25141
24904
24955
25645
25320
24664
24760
25045
25390
24743
24683
25116
25163
24657
24244
24518
24603
24406
24486
24269
24843
24310
24724
24530
24778
24481
24055
23998
24154
24704
24308
24469
23720
23864
23812
23597
23832
23734
23867
24164
23828
23977
23304
24361
23773
23535
23759
23637
23588
23449
23303
23158
23413
23277
23310
22538
23181
22445
23272
23000
23337
23643
23173
23594
22948
23208
22792
23030
23104
22952
22747
22784
22891
22857
22756
22817
23040
22586
22736
22370
22300
22516
22202
22498
22664
22445
22360
22516
21977
22172
22382
21993
22323
22736
21913
22553
22073
21960
22066
21834
22293
22181
22096
22153
21972
21869
21776
21796
21940
22335
22025
21840
22026
21697
21623
22184
21380
21660
21706
21970
21944
21816
21524
21380
21209
21295
21282
21243
20910
21491
21459
21189
20974
21004
21166
21312
21042
21070
20956
21142
20716
21064
20737
21269
20880
20993
20929
20804
21023
20544
20770
20746
20438
20974
20876
20478
20087
20222
20395
20005
20268
20007
20169
20205
19920
20714
19695
20291
20044
20053
20257
19936
19970
20203
20286
20070
20620
20349
20432
20264
20154
20430
20332
20331
20053
19770
20213
20135
19895
19689
19848
20010
19776
19588
20243
20366
19752
20003
19944
19976
19491
19675
19488
19833
19584
19937
19567
19594
19531
19387
19524
19562
19396
19101
19259
19101
19497
19206
19218
19597
19344
19440
18868
18990
18909
18973
19282
19133
18764
18826
19101
19094
18887
18834
18951
18879
18752
18909
19247
18521
18863
18564
18505
18732
18484
18639
18786
19045
18670
18386
18564
18758
18055
18899
18637
18246
18399
18603
18181
18399
18060
18090
18762
18162
18251
18539
18277
18181
18096
18575
17928
18224
18427
18056
18360
18093
17863
17731
18005
18111
18411
18005
17809
17900
18496
17844
17863
18052
17758
17446
17648
17933
17158
17826
17313
17335
17606
17805
17899
17312
17652
17121
17298
17469
17522
17330
17486
17542
17542
17082
16934
17343
16883
17000
17009
17148
17250
16909
16844
17204
16900
17216
17024
17237
16726
17126
16971
16977
16780
16863
16605
16202
16345
16217
16645
16556
16684
16659
16505
16716
16377
16612
16338
16256
15897
15757
15744
15343
15176
15068
15276
15786
15282
15268
15149
15261
15301
15734
15588
15408
15481
15316
15937
15318
15106
15437
14970
15010
14978
14832
15301
14711
15093
15071
15212
15278
14890
14713
15099
14688
14707
14442
14936
14700
14669
14331
14592
14554
14509
14519
14724
14335
14442
14530
14504
14925
15012
14289
14688
14654
14605
14467
14569
14614
14874
14565
14758
14275
14556
14763
14843
14642
14218
14896
14518
14861
15018
14399
14202
14620
14506
14240
14126
14058
13765
13882
14144
13812
13687
13692
14311
14062
13693
14116
13865
14109
13879
14133
13436
13540
13850
13743
13788
13862
13653
13433
13773
13474
13374
13599
13243
13210
13260
13676
13188
13245
13105
13271
12963
12954
12802
12996
13125
12734
13048
13039
13027
12824
12700
12929
13210
12339
12692
12617
12533
12620
12776
12275
12606
12221
12387
12407
12842
12198
12164
11974
12222
12356
12221
12176
12215
11984
12482
12113
12297
12025
11905
12017
12245
12004
11910
11887
11915
11817
11584
11366
11485
11514
11636
11444
11486
11434
11388
11467
11373
11263
11428
11712
11401
11339
11729
11318
11133
10752
10944
10923
11001
11023
10847
10950
10608
11071
10927
10742
10916
10662
10918
10498
10286
10478
10553
10394
10612
10490
10538
10410
10021
10532
10425
10251
10029
10433
10295
10181
10252
10413
10196
10092
9994
10048
10092
10092
9994
10546
9711
10139
10383
9668
9883
10028
9660
9800
9260
9565
9397
9306
9166
9579
9103
9323
9572
9590
9472
9357
9252
9404
9424
9180
9151
9233
8920
9286
8980
9591
9297
8900
8586
8794
8942
9000
9014
8941
9071
9214
9050
8732
8964
8839
8823
8509
8913
8785
8586
8485
8649
8677
8270
8207
8320
8579
8617
8374
8786
8697
8221
8428
8314
8261
8338
8183
7842
7912
7607
8115
7721
8019
8053
7946
7859
7957
8439
7739
7787
7691
7775
7828
7680
7698
7689
7768
7661
7788
7947
7345
7541
7569
7326
7557
7643
7495
7508
7517
7143
6984
7453
7144
7379
7132
7136
7284
7274
7029
7058
7092
6971
6895
7140
6898
7058
7122
7054
6919
6881
6775
7046
6907
6538
6586
6545
6735
6792
6762
6631
6985
6498
6656
6541
6455
6721
6727
6387
6413
6255
6553
6347
6317
6562
6370
5990
6148
6268
6297
6560
6268
6157
6296
6344
6079
6115
6155
5819
5993
5954
5761
6060
6096
5568
5936
6005
5860
5959
5674
6154
5927
6404
5812
5905
5723
5549
6041
5698
5705
5402
5851
5319
5555
6019
6097
5571
5665
5617
5641
5795
5394
5504
5315
5602
5327
5131
5220
5248
5497
5439
5243
5260
5477
5538
5339
5334
5218
5320
5248
5157
5235
5299
5077
5451
5391
4917
4929
5061
5007
5061
5126
5241
4740
4942
5031
4766
5020
4618
5054
4719
5129
4972
4951
4730
4980
4717
4858
4825
4758
4797
4858
5171
5131
5000
4921
4531
5080
4651
4674
5006
4573
4683
4596
4648
4662
4534
4438
4785
4639
4682
4626
4780
4562
4245
4658
4377
4251
4426
4590
4691
4336
4677
4316
4362
4277
4355
4123
4585
4470
4376
4565
4612
4156
4398
4134
4355
4522
4173
4329
4395
4001
4301
4599
4251
4448
4284
4441
4022
4283
4366
4492
4158
4482
4317
4251
4390
4170
4207
4292
4301
4320
4269
4640
4302
4049
4208
4052
4211
4144
4072
4155
4056
4335
4066
4283
4079
4019
4041
4147
4037
3686
4057
3987
4388
3932
4023
4224
4363
3964
3974
3894
4297
3968
3990
4236
3987
4280
4085
4019
4288
4021
4025
4046
4008
3843
4169
3982
3862
3956
3862
3844
3600
3694
3739
3990
4034
4089
3738
3801
3986
4036
3858
4006
3948
4251
3713
3759
3959
3951
3893
3834
3640
3935
3935
3693
3861
3964
3664
3740
4042
3743
3965
4191
4056
3685
3853
4089
4116
3823
3486
3672
3935
3625
3810
3809
3713
3918
3672
3762
3665
3684
3705
3599
3643
3939
3732
3700
3967
3692
3933
3718
3661
3587
3633
3527
3980
3521
3606
3813
3733
3602
3660
3501
3876
3737
3345
3715
3681
3707
3626
3831
3764
3891
3619
3438
3795
3802
3752
3692
3872
3551
3349
3649
3732
3513
3783
3553
3528
3537
3969
3681
3695
3530
3786
3748
3616
3485
3643
3859
3512
3654
3613
3392
3688
3634
3671
3503
3612
3845
3683
3819
3510
3648
3525
3707
3682
4071
3649
3650
3592
4219
3645
3412
3477
3408
3554
3486
3427
3530
3739
3507
3597
3460
3621
3747
3567
3596
3362
3583
3427
3666
3555
3791
3626
3568
3684
3575
3355
3573
3428
3561
3625
3596
3428
3608
3422
3570
3405
3536
3814
3467
3529
3342
3522
3344
3487
3479
3846
3585
3384
3400
3554
3478
3738
3482
3396
3782
3508
3516
3494
3495
3549
3473
3611
3475
3582
3815
3550
3649
3471
3214
3554
3772
3387
3602
3382
3595
3460
3497
3499
3429
3669
3702
3560
3446
3792
3640
3783
3697
3531
3715
3325
3488
3485
3726
3527
3340
3451
3181
3522
3234
3561
3515
3508
3650
3393
3598
3283
3508
3477
3456
3467
3313
3242
3515
3374
3580
3527
3526
3663
3402
3266
3345
3307
3347
3480
3609
3384
3177
3731
3458
3529
3173
3541
3331
3624
3528
3200
3680
3261
3357
3185
3523
3454
3647
3412
3460
3466
3393
3823
3280
3380
3481
3794
3404
3209
3056
3417
3341
3337
3254
3587
3238
3429
3669
3328
3752
3553
3402
3576
3354
3684
3617
3398
4048
3549
3632
3169
3479
3553
3243
3497
3270
3126
3537
3475
3466
3379
3408
3684
3155
3078
3312
3243
3361
3724
3449
3370
3516
3171
3481
3615
3433
3359
3297
3107
3495
3352
3305
3355
3333
3181
3421
3456
3390
3361
3058
3509
3701
3491
3754
3269
3310
3209
3256
3639
3099
3217
3344
3552
3426
3577
3630
3113
3259
3346
3400
3360
3283
3289
3228
3302
3299
3445
3822
3380
3606
3445
3207
3612
3378
3346
3333
3432
3471
3174
3411
3287
3309
3173
3609
3327
3369
3671
3485
3214
3451
3309
3546
3247
3375
3522
3360
3194
3401
3478
3048
3764
3381
3269
3429
3258
3375
3154
3595
3378
3401
3136
3420
3462
3407
3092
3317
3114
3671
3501
3130
3114
3347
3236
3295
3317
3476
3208
3323
3457
3247
3674
3428
3275
3475
3358
3444
3008
3384
3292
3303
2973
3204
3626
3400
3455
3449
3183
3148
3361
3692
3331
3423
3180
3411
3477
3276
3246
3465
3444
3296
3493
3728
3112
3382
3371
3238
3377
3359
3149
3302
3411
3700
3212
3328
3443
3411
3299
3435
3368
3351
3175
3246
3476
3139
3400
3205
3366
3599
3565
3413
3105
3484
3041
3466
3292
3225
3153
3271
3529
3254
3505
3538
3202
3077
3308
3270
3243
3488
3308
3120
3244
3067
3267
3358
3238
3367
3207
3414
3470
3390
3190
3212
3280
3602
3387
3198
3351
3265
3316
3389
3182
3551
3308
3216
3143
3381
3294
3345
3365
3091
3545
3557
3268
3243
3193
3329
3417
3224
3195
3204
3143
3257
3270
3452
3176
3256
3061
3279
3211
3044
3359
3612
3319
3370
3286
3796
3303
3483
3198
3273
3172
3307
3440
3287
3262
3343
2868
3274
3364
3516
3014
3311
3422
3269
3257
3224
3323
2970
3371
3392
3022
3183
3057
3234
3214
3306
3073
3344
3292
3044
3382
3360
3444
3353
3295
3302
3339
3129
3137
3260
3624
3229
3076
3252
3143
2994
3509
3199
3180
3369
3455
3429
3329
3037
3032
3190
3402
3318
3189
3424
3258
3451
3214
3345
3141
3246
3192
3035
3181
3396
3344
3444
3078
3339
3170
3558
3336
3348
3288
3276
3127
3660
2973
3328
3300
3001
3136
3413
3334
3124
2999
3154
3191
3298
3417
3150
3170
3720
3608
3064
3133
3568
3245
3316
3227
3247
3241
3672
3197
3071
3266
3299
3187
3031
3073
3481
3273
3113
3064
3199
3077
3379
3212
3273
2999
3143
3154
2985
3138
3279
3189
3382
3239
3438
2894
3004
2981
3113
3429
3527
3431
3509
3014
2952
3320
3100
3126
3390
3185
3480
3308
3511
3404
2979
3101
3552
2957
2978
3407
3466
2863
3485
3256
3247
3183
3407
3564
3251
3163
3149
3383
3456
3092
3074
3409
3240
3275
3304
3270
3204
3192
3060
2970
3100
3797
3213
3547
3156
3151
3254
2964
3237
3248
3292
3250
3200
3444
3080
3526
3230
3229
3499
3001
3342
3236
3185
3243
3424
3258
3330
3190
3231
3381
3548
3609
3174
2997
3080
3455
3270
3133
3086
3135
3111
2989
3080
3269
3388
3371
3229
3270
3176
3343
2916
3370
3162
3115
2977
3112
2978
3233
3050
3183
3329
3032
3569
3192
3468
3089
3418
3126
3316
2964
3065
3526
3287
3015
3218
2908
3350
3143
3480
3322
3377
3103
3438
3083
3025
3240
3194
3082
2850
3143
3465
3211
3274
3087
3133
3171
3055
3651
2863
3274
3079
3261
2813
3072
3123
3211
2986
3124
3069
3126
3117
3175
3121
3350
3066
3141
