5955
5965
5723
5771
5834
6410
5730
5917
6050
5897
5979
5741
5727
5644
5647
6078
5965
5900
6239
6290
5718
5754
5821
6067
6325
5775
6163
5913
5952
6053
6016
5847
5639
5852
5975
6135
5796
6158
5810
6292
5975
5941
6090
6187
6373
5867
6357
5938
6209
6176
6837
6519
6550
6070
6250
5996
6120
6175
6164
6311
5962
6128
6556
6350
6170
6085
6201
6091
6432
6476
6102
6069
6254
6348
6430
6535
6277
6414
6497
6234
6674
6545
6650
6335
6461
6620
6387
6260
6640
6694
6600
6811
6862
6357
6544
6644
6521
6846
7158
6531
6604
6392
6824
6605
6756
6875
6535
6840
6530
6500
6838
6571
7067
7002
6763
6668
6642
7088
7258
7028
6921
6779
6687
6923
7118
7206
7293
6899
6592
6864
6910
6670
7134
6811
7074
6960
7405
7241
6925
7082
7062
7059
6890
7004
7438
7026
7065
7204
6980
6931
7356
7171
7508
7097
7036
7170
7391
7304
7773
7287
7648
7364
7328
7483
7086
7431
7810
7113
7639
7196
7347
7470
7339
7276
7241
7240
7632
7720
7738
7634
7588
8159
7755
7285
7592
7762
7643
7508
7777
7857
8029
7827
8053
7751
7402
7712
7609
7816
7903
7915
7382
7483
8085
7748
7484
7907
8006
7915
8170
7968
7882
7881
8107
7826
7802
7759
8124
7788
8077
8109
8205
7970
8180
7837
8613
8195
7951
8232
7880
8377
7847
8175
8340
8246
8114
8317
8301
8175
8457
8442
8545
8266
8099
8428
8629
8223
8500
8647
8422
8748
8152
8670
8560
8618
8432
8562
8604
8479
8893
8477
8435
8953
8321
8746
8422
8836
8804
8692
8828
9009
9013
8906
9137
9094
8810
9037
9460
8695
8777
9173
8981
8655
9268
8912
9236
8850
9066
8948
9028
8948
8820
8884
9177
8981
9450
9085
9261
9380
9231
9457
9168
9607
9076
9440
9124
9533
9217
9338
9528
9284
9423
9959
9864
9752
9436
9712
9869
9594
9985
9448
9823
9301
9686
9901
9681
9432
9780
9528
9784
9890
9754
9674
9537
9879
9621
10165
10157
9912
9774
9914
10356
9988
10321
9796
9925
10212
9932
10134
10035
10369
9864
10102
9856
9840
10503
9988
10235
10496
10189
10505
9904
10354
10575
10028
10812
10005
10350
10309
10538
10474
10372
10397
10610
10477
10549
10649
10639
10426
10476
10764
10466
10923
10491
10942
10854
10717
10623
10615
10766
10752
10909
11197
10789
10666
11211
10880
10957
10725
10996
10842
11480
11247
11066
11438
11286
11210
11217
11253
11229
11552
11556
11252
11562
11370
11086
11403
11699
11522
11506
11540
11506
11648
11923
11962
11783
11472
11748
11313
11539
11646
11717
11745
11909
11539
11701
12091
12175
12031
11964
11988
12115
12163
12026
11842
12093
12088
12121
12278
12056
12557
12056
12223
12260
12366
12267
12638
12041
12011
12455
12260
12429
12430
12451
12659
12720
12951
12568
12862
12663
12823
12837
12854
12605
12755
13143
12985
12994
12842
13005
12472
12616
12708
13190
13267
13311
12772
13076
12964
12977
13236
13114
13354
12906
12981
13466
13284
13696
13478
13326
13243
13474
13734
13528
13412
13870
13675
13786
13476
13778
13318
13572
13568
13727
13971
13832
13844
13894
13994
13412
13820
14331
14018
13920
13995
13745
14402
14015
13917
14136
14434
14340
14114
14462
14578
14141
14508
14117
14484
14407
14823
14651
14834
14838
14644
14871
14305
14664
14626
14695
14362
14875
15117
14554
14809
15044
14613
15258
15240
14906
15507
14912
15131
15183
15364
15404
15478
15515
14868
15677
15038
15060
15184
15300
15165
15036
15638
15300
15250
15493
15528
15810
15446
15665
15460
15652
15814
15900
16376
15749
15912
16026
15913
15709
15784
15458
15907
16044
15716
16022
16125
16122
15806
16170
16790
16310
16298
16154
16473
16276
16337
16320
16297
16469
16486
16476
16851
16562
16662
16729
16905
16604
16769
17107
16576
16726
16794
16473
16941
16882
16626
16893
16448
16464
16559
16939
16340
16547
16881
17304
17364
17154
17635
17283
17704
17930
17852
18271
17625
17653
17723
18039
17481
17725
17605
17990
17613
18080
18162
18170
18277
18066
18169
18257
18201
17962
18170
18194
18394
18330
18388
18429
18176
18314
18662
18840
18392
18390
18276
18424
19174
18599
18346
18390
18703
18624
19012
18969
18856
18991
19236
19009
18846
19311
19210
19278
19406
19132
19731
19334
19185
19812
19693
19292
19259
18916
19250
19301
19824
19594
20068
19533
19561
19924
20286
20057
20174
19789
20415
20374
20431
20630
20262
20705
20354
20614
20512
20401
20392
20786
20111
20869
20894
20782
20746
20709
20994
21240
20651
21216
21240
20978
21156
20652
21274
21261
21351
21243
21080
21294
21294
21609
21672
21701
21784
21841
21632
21955
22082
21914
21861
22216
22106
22026
21933
22107
22094
22311
22412
22288
22113
22312
22262
22519
22725
22539
22553
23015
22802
22966
22820
22818
23487
23105
23355
23013
23713
23240
23174
22848
23078
23279
23352
23476
23670
23154
23579
23680
23374
23562
23588
23419
24099
23755
24077
23918
24584
24236
24085
24211
24319
24412
24123
24456
24511
24344
24515
24835
24656
24600
25088
24872
25636
24321
24452
25340
25124
25632
25162
25178
25765
25112
25466
25796
25257
25295
25132
25886
25333
25659
25376
25860
26172
25978
25948
26146
26218
26316
26168
26705
27072
26458
26540
26362
26605
26180
26839
26725
26724
27185
27181
27390
27208
27581
27176
27583
27643
28060
27853
27530
27422
27539
27754
27672
27988
27316
28163
28329
27933
28124
27802
28218
28894
28457
28369
28322
28909
28486
28267
28764
28363
28078
28843
28240
28507
28625
28243
28796
28713
29252
28952
29526
29402
29476
29693
29958
30699
30221
29761
30450
29837
30497
30216
30330
30699
30170
30485
30276
30651
30708
31032
31096
30813
30968
31636
31211
31087
31341
31420
31883
31638
31180
31132
31708
32132
31668
31898
31556
31596
32032
31796
32408
32941
32542
32648
32994
32740
33204
32868
33024
33010
32853
32664
33024
32946
33133
32924
33154
33152
33748
33266
33533
33972
34112
34149
34298
34409
33969
34080
34100
35005
34409
34420
34822
34867
35086
35145
35354
34840
35691
34757
35257
35241
35467
35018
35424
35214
35515
35537
35848
35940
36156
36329
36198
36264
36525
36804
36562
36629
36322
36480
37242
37317
36354
37024
37678
36788
37396
37152
37364
37460
37494
37617
37510
38262
37458
37976
38226
37898
38557
38744
38705
39016
38806
38945
38838
39017
39448
39072
39188
39096
39560
39896
39338
38980
39360
39458
39535
39072
39094
38820
39242
39261
39972
39692
40053
40650
40648
40825
41216
41236
41516
41876
41300
41732
40884
41892
42350
42093
41893
41476
41687
41980
41796
42560
41892
42240
41919
41862
41748
42616
42196
41526
41823
41912
42068
41144
41076
41669
41956
41676
41903
42165
42716
42642
43161
43645
44584
43558
43958
43794
44559
44411
44314
44422
43885
43816
43738
43346
42546
41882
41524
39492
39470
37248
36441
35085
35088
34642
35590
36507
37732
38720
40640
42959
43799
45780
46557
47122
47471
47376
47272
47464
47755
47019
47210
47518
47428
47691
47581
47022
47181
47277
47643
47594
47117
47784
47846
47916
47556
47744
47616
47190
47303
47689
47408
47556
47722
47808
47836
48216
48653
48525
48877
49254
49252
49595
49164
49496
48829
49589
49250
49541
49472
49624
48928
48903
49478
49104
49528
48871
49128
49421
48858
49762
49495
50285
49792
49933
49988
49764
50167
49915
49785
49899
50432
49810
50618
50253
49896
50790
50553
50373
50715
50370
51076
50846
50752
50118
50690
50712
50856
50764
50560
50089
50940
50829
50518
51048
51528
51473
51562
50694
51100
51588
51106
51248
50488
51562
51612
51901
52091
51791
52461
52652
52719
53066
53024
52800
52828
53092
53056
52999
52968
52224
51917
52850
53272
52970
53076
53132
53242
53877
53268
53772
53340
53892
53920
53396
53844
53978
54066
54059
53450
53796
53504
52260
52202
50538
50349
49466
48944
49098
50027
50909
51744
52633
53421
53833
53248
53536
53706
54189
53723
54280
54368
54036
54538
54029
54125
53740
53466
53912
54713
54372
54413
54803
54532
54784
54037
54436
54336
53963
54108
53736
53668
54361
53760
54283
53850
53414
53508
53727
54265
53908
54207
54358
53960
53978
53976
53876
54426
53700
54784
54139
54248
54274
54168
55167
54164
54714
54660
54226
54123
54536
54366
54411
54648
53815
54644
54304
54288
54272
53801
54468
54245
54281
54046
54500
54207
53762
53924
54554
54260
53898
53354
54472
54106
54107
54493
54092
54066
54116
53999
53258
53692
53941
54324
54052
53972
53304
53888
54090
53700
53540
54253
53640
53854
53994
53666
53402
53944
53952
53838
53312
53945
53613
54073
53849
53506
53480
53376
53688
53444
53220
53764
53476
53196
53565
53416
53661
53231
53716
53268
53760
53240
53117
53446
52848
53264
53092
52824
53128
52749
52644
53476
53060
52450
52198
52282
53083
52268
52850
52022
53098
52596
51974
52216
52416
52592
52420
52341
52488
51992
51786
52000
52164
51745
51808
52394
51154
51133
51135
50957
51160
50986
49992
49885
49962
50251
50488
51266
50442
50649
50708
50996
50971
51239
51165
50636
50805
50253
50688
50402
50388
49305
48973
48922
49371
48528
49252
48990
48936
48664
48644
49357
49322
49193
49010
49012
49984
49234
48996
48804
49044
48203
48980
48589
48824
48605
48304
48282
48696
48145
48623
48079
48256
48042
48640
48169
47915
48044
47572
47510
47572
47316
47424
47826
47256
47478
47251
47168
46770
46443
47085
47190
47098
46925
46292
46656
46426
46848
46075
46132
45944
46592
45478
46554
45724
45632
45380
45850
45344
45460
45344
45275
44998
45628
44772
45174
45069
44596
44490
44469
44418
44188
44634
45042
44173
44738
44300
44024
44242
43743
43828
43655
43797
43576
44088
43860
43547
43767
43790
43384
43265
43144
42788
43162
43455
43072
43092
42388
42675
42444
42140
42324
42260
42164
41978
42048
41748
41838
41040
42112
41865
41707
41787
41152
41012
41543
41232
40802
40913
41057
40494
40584
40112
41002
40395
40662
40681
39839
40176
40148
39908
39760
40110
39990
39437
39727
39560
39680
39488
39153
39060
39561
39546
39172
39388
39104
38794
38868
39410
38632
38869
39140
38682
38508
38477
38117
38504
38048
37577
37993
38510
37952
37806
37499
37620
37742
37224
37227
37180
37120
37197
36917
36812
36903
37546
37290
37066
36709
36612
36356
36539
36605
36300
36203
36320
36056
35709
36114
35958
35573
36025
36104
35620
35673
35480
35246
35245
35565
35072
35130
35146
34938
35262
34452
35050
34448
34058
33323
32992
33242
33220
33048
33977
33513
34330
33965
33428
33334
33293
33558
33528
34426
33381
33809
34011
33466
33898
33160
32948
33373
33001
33252
33084
32997
32877
32344
32768
32514
32650
32369
32520
31872
32668
32321
31964
32090
32171
32030
31732
31882
31642
31695
31280
31637
31318
31244
31018
31268
31308
31014
31533
31537
31165
30889
30461
30920
30858
30544
30697
30853
30649
30022
30534
30336
30724
30232
30364
30669
29865
30016
30586
29941
29920
30068
29656
29782
29513
29936
29672
29301
29240
29464
29332
29014
29012
29117
29659
28918
28794
28816
28884
28477
29172
28852
28846
28644
28107
28314
28360
28296
28436
28056
28714
28500
28671
28704
28050
27759
28117
28020
27892
27879
28040
27974
28048
28123
27317
27904
27852
27217
27365
27197
27204
27292
26986
27510
26952
27448
27002
26808
26880
27126
26909
27261
27094
26662
26704
26760
26472
26880
26789
26388
26635
27112
26263
26394
26726
26487
25993
26092
25946
26205
26724
26031
25892
25972
26161
25981
25616
26075
26095
25974
25461
25890
25418
25861
25816
25732
25395
24972
25029
25336
24852
25606
25294
24848
25191
25284
25211
25434
25296
24678
24628
24832
24502
24980
24772
24708
24945
24592
24085
24215
24588
24903
24337
24396
24788
24045
24235
24571
24372
24533
23646
24216
24076
24626
24008
24580
23771
24173
24133
23604
24202
23616
23939
23910
24023
23704
23877
24340
23474
23201
23255
23834
23514
23612
23184
23179
23409
23530
23165
22808
23285
22993
23096
22861
22941
23240
22820
23402
22921
23157
22843
22962
23643
22760
22914
22680
22832
23036
22659
23068
22880
22516
22726
22376
22175
22573
22372
22196
22472
22434
22532
22314
22480
22228
22196
22351
22535
22456
22213
22410
22098
22190
22547
22160
22300
22324
22232
22316
21826
21803
22130
21884
22115
22050
22028
21980
22133
21904
21632
21994
21434
21628
21840
21748
21792
21538
21536
20957
21220
21220
21318
21688
21262
21370
21385
20982
20844
20902
20842
21282
21163
21129
20954
20840
20918
20915
20964
20747
20884
20994
20965
20946
21444
20686
20974
20675
20397
20692
20865
20429
20301
20173
20259
20227
20116
19997
20125
20300
19983
20265
20207
20722
20293
19877
20175
19800
20305
20194
20364
20068
20720
20388
20262
20246
20344
20370
20173
20037
20136
19501
19996
20103
19854
20145
19830
19916
19609
19640
20133
19978
19773
19854
19521
19482
19468
19562
19306
19554
19397
19515
19638
19656
19556
19550
19697
19732
19764
19149
19226
19280
19460
19350
18957
19828
19384
18876
18828
18916
19140
18796
19074
18781
18740
19288
19274
18892
19092
18900
18762
18644
19471
18690
19128
18613
18776
18688
18644
18884
18348
18539
18338
18554
18696
18481
18750
18834
18502
18674
18268
18287
18348
18486
18468
18295
18382
18346
18342
18370
18003
18430
18445
18011
18150
18487
17871
18274
18025
17748
18352
18048
18156
17829
18249
18097
18367
17787
18262
17885
17992
17900
17892
18262
17792
17532
17582
18141
17830
18206
17676
17618
17451
17755
18013
17391
17588
17197
17316
17387
17163
17261
17493
17443
17187
17252
17018
16986
17053
17266
16776
17323
17177
16866
16850
16973
16842
17119
16953
17213
16602
16960
16842
16882
17017
16558
16413
16269
16674
16324
16704
16648
16609
16319
16690
16462
16327
16434
16183
16317
15925
16054
15785
15208
15399
15277
15473
15705
15231
15231
15411
15282
15424
15461
15660
15520
15024
15268
15773
15141
15173
15046
15239
15300
15141
14895
15028
14706
15061
14876
15081
15324
15057
14848
14804
14979
14778
14658
14805
14400
14602
14259
14663
14354
14409
14438
14569
14324
14492
14486
14466
14629
14780
14436
14692
14562
14613
14666
14347
14570
14678
14487
14849
14782
14271
14487
14412
14445
14472
14890
14580
14728
14848
14348
14288
14568
14330
14149
14056
13818
14210
13854
14069
13845
13554
14010
14412
13787
13876
13960
13933
14017
14072
13819
13634
13519
14120
13814
13866
13717
13488
13577
13578
13286
13327
13517
13181
13628
13625
13410
13491
13304
13141
13406
13023
12895
12895
13073
13007
12618
13007
13013
13050
12977
12796
12805
13173
12475
12589
12743
12568
12590
12782
12199
12841
12309
12215
12539
12316
12442
12065
11972
12369
12258
12158
12002
12260
12047
12449
12058
12123
12204
12308
12011
12234
12027
11973
11921
11714
11876
11516
11232
11611
11324
11659
11556
11469
11590
11261
11476
11261
11352
11556
11481
11444
11414
11472
11226
11145
11181
11045
10896
10773
11061
10674
10698
10755
11228
11110
10766
10922
10552
10762
10485
10630
10760
10766
10381
10554
10588
10401
10920
10276
10428
10152
10457
10088
10368
10214
10212
10178
10138
10189
10227
10147
10273
10148
9874
10033
10332
10004
10052
9937
9610
9889
9941
9542
9674
9187
9440
9626
9382
9297
9451
8940
9249
9725
9668
9538
9451
9330
9145
9488
9134
9028
9202
9165
9324
9108
9611
9276
9140
8558
9029
8941
8788
9142
8844
9085
9205
8990
8788
8822
8861
8873
8555
9221
8819
8528
8436
8667
8678
8341
8381
8508
8523
8619
8507
8779
8641
8218
8481
8251
8369
8412
8175
7597
7828
7540
8255
7893
7951
7938
7965
7978
8124
8116
7776
7532
7388
7853
7736
7621
7616
7601
7856
7884
7890
7815
7442
7666
7632
7400
7439
7605
7380
7605
7401
7300
7125
7224
7249
7348
7267
7092
7068
7324
7169
7028
6986
7161
7061
7180
6871
7086
6813
6966
6822
6904
6749
7082
6966
6570
6681
6646
6419
6630
6712
6526
6834
6481
6668
6383
6360
6577
6647
6476
6435
6553
6393
6437
6254
6467
6233
5995
6082
6255
6283
6393
6294
6141
6239
6186
6172
6116
6083
5926
6014
5889
5774
6113
6172
5547
5940
5816
5869
6160
5958
5946
5810
6321
5939
5854
6006
5554
5960
5778
5916
5525
5577
5440
5592
5924
6146
5681
5661
5461
5643
5785
5534
5636
5210
5370
5351
5161
5214
5389
5348
5461
5270
5270
5291
5630
5344
5076
5112
5240
5214
5051
5274
5298
5207
5516
5379
4972
4880
4948
4963
5146
5020
5038
4968
4936
5126
4852
5233
4569
4939
4805
5043
4966
4794
4870
5021
4673
4661
4822
4989
4742
4757
5210
5202
5140
4646
4671
5038
4673
4791
4932
4622
4377
4634
4578
4661
4512
4411
4766
4507
4749
4611
4717
4672
4423
4606
4558
4319
4474
4746
4754
4393
4560
4288
4336
4396
4383
4100
4493
4388
4364
4543
4447
4381
4325
4165
4417
4428
4174
4283
4365
4040
4140
4639
4446
4467
4353
4490
4180
4256
4383
4610
4061
4382
4323
4406
4412
4113
4193
4390
4485
4146
4293
4734
4326
4002
4211
4157
4340
4172
4040
4108
4143
4229
3911
4161
4010
4011
3892
4190
3895
3945
4098
4099
4373
3821
3959
4206
4229
3880
4126
3845
4028
3989
4020
4261
3996
4288
4074
4067
4362
4180
4006
3908
3980
3871
4057
4109
3842
4032
3937
3894
3676
3851
3718
3887
4010
4074
3672
3897
3952
3905
3819
3765
4029
4360
3594
3599
4059
4012
4018
3757
3601
3649
3878
3681
3788
3828
3602
3903
4133
3701
3776
3941
3919
3688
3985
4079
4004
3820
3464
3880
3844
3547
3788
3678
3780
4165
3796
3686
3711
3712
3582
3664
3658
3868
3612
3792
3967
3693
3901
3655
3754
3535
3743
3577
3990
3567
3687
3710
3708
3547
3702
3621
3733
3679
3354
3721
3663
3748
3631
3847
3915
3741
3343
3546
3690
3823
3704
3593
3978
3648
3324
3722
3729
3771
3933
3476
3636
3415
3918
3691
3584
3513
3749
3697
3640
3578
3655
3761
3583
3668
3604
3524
3602
3645
3563
3721
3652
3967
3726
3924
3323
3637
3587
3606
3601
4097
3533
3802
3633
4451
3542
3463
3509
3393
3535
3379
3374
3422
3620
3556
3516
3403
3705
3682
3690
3535
3283
3542
3364
3532
3415
3699
3642
3671
3658
3502
3340
3417
3361
3688
3462
3630
3427
3515
3276
3614
3484
3661
3971
3426
3621
3360
3480
3409
3434
3357
3871
3715
3380
3316
3452
3547
3704
3398
3486
3771
3457
3540
3488
3436
3656
3517
3762
3543
3626
3761
3549
3638
3712
3245
3412
3934
3424
3539
3494
3692
3430
3467
3485
3502
3685
3659
3538
3339
3730
3642
3624
3640
3597
3606
3312
3506
3528
3699
3507
3488
3315
3259
3583
3303
3450
3496
3499
3704
3476
3543
3290
3560
3462
3518
3441
3199
3185
3415
3355
3659
3441
3572
3613
3368
3315
3286
3315
3469
3456
3540
3285
3232
3767
3492
3604
3174
3531
3421
3651
3549
3277
3574
3358
3395
3262
3691
3597
3596
3496
3427
3462
3517
3683
3283
3564
3598
3674
3439
3215
3132
3363
3161
3336
3380
3508
3462
3445
3698
3244
3820
3534
3500
3557
3538
3673
3807
3486
4035
3544
3677
3127
3328
3577
3348
3251
3324
3202
3416
3472
3402
3350
3337
3702
3257
3274
3337
3377
3276
3601
3309
3433
3577
3123
3496
3616
3467
3512
3310
3188
3428
3364
3539
3403
3391
3414
3430
3452
3518
3490
3103
3585
3677
3545
3753
3330
3293
3246
3449
3644
3263
3409
3552
3622
3447
3554
3498
3137
3225
3350
3425
3368
3351
3325
3181
3405
3366
3466
3657
3323
3361
3408
3372
3532
3225
3292
3427
3459
3407
3251
3152
3334
3294
3334
3656
3405
3544
3651
3519
3309
3398
3397
3550
3185
3317
3479
3350
3308
3317
3517
3012
3669
3396
3485
3346
3204
3336
3224
3590
3337
3197
3268
3378
3504
3371
3112
3215
3131
3598
3479
3103
3191
3326
3257
3143
3272
3205
3208
3400
3477
3286
3874
3369
3416
3425
3412
3408
3014
3300
3431
3407
2911
3320
3685
3496
3380
3357
3227
3137
3546
3898
3318
3459
3361
3376
3337
3260
3215
3333
3229
3172
3366
3679
3257
3370
3454
3251
3447
3363
2975
3261
3474
3642
3221
3380
3446
3449
3271
3316
3367
3328
3153
3200
3372
3087
3144
3198
3263
3327
3717
3513
3131
3418
3088
3527
3341
3143
3259
3134
3573
3391
3474
3390
3276
3033
3153
3294
3271
3532
3291
3014
3343
2903
3310
3547
3322
3478
3224
3296
3518
3397
3267
3041
3239
3585
3290
3109
3444
3379
3342
3481
3206
3608
3305
3185
3129
3503
3298
3355
3305
3071
3319
3536
3025
3038
2977
3325
3465
3272
3231
3179
3335
3217
3316
3420
2967
3210
3002
3205
3214
2908
3384
3474
3347
3383
3273
3715
3227
3518
3145
3091
3113
3181
3391
3272
3153
3396
2980
3447
3518
3521
2945
3402
3483
3204
3330
3313
3357
3033
3394
3292
2962
3118
3040
3210
3353
3273
3126
3352
3360
3200
3443
3362
3349
3365
3226
3469
3207
3116
3167
3337
3522
3363
3098
3277
3182
3041
3501
3255
3189
3433
3172
3373
3276
3025
3147
2963
3497
3255
3255
3307
3230
3497
3318
3464
3303
3247
3155
3041
3171
3498
3306
3477
3201
3291
3162
3582
3252
3227
3266
3124
2978
3668
3126
3393
3339
3041
3139
3349
3172
3173
3035
3289
3202
3242
3415
3023
3067
3818
3559
3070
3135
3404
3274
3248
3259
3051
3360
3607
3230
3056
3436
3361
3171
3092
3133
3554
3200
3257
3129
3326
3157
3275
3205
3349
3217
3310
3218
3040
3208
3190
3170
3396
3147
3524
3033
2952
3113
3049
3326
3518
3342
3515
2942
3130
3186
3112
3019
3248
3186
3515
3303
3466
3353
3117
3148
3599
3176
2996
3469
3472
2941
3419
3174
3196
3225
3337
3384
3264
3036
3046
3466
3472
3067
3108
3381
3293
3269
3390
3198
3262
3255
3119
3009
3203
3743
3251
3413
3106
3086
3203
3012
3208
3377
3262
3247
3107
3369
3222
3423
3256
3218
3542
3044
3382
3413
3225
3322
3377
3214
3165
3258
3206
3345
3506
3499
3008
3035
3007
3436
3270
3405
3125
3120
3150
3016
3012
3264
3244
3336
3185
3329
3164
3297
2976
3370
3162
3293
3071
3166
3032
3263
2985
3178
3374
3039
3469
3224
3406
2934
3387
3158
3361
2846
3020
3476
3376
3046
3279
2821
3224
3156
3475
3278
3402
3128
3368
3168
2998
3213
3196
3035
2926
3137
3371
3236
3297
3023
3057
3097
3202
3622
2814
3254
3150
3262
2797
3118
3158
3205
3064
3018
3050
3235
3039
3179
3155
3437
3189
3204
