4842
4847
4774
4752
4783
4839
4737
4594
4981
4799
4799
4896
4677
4797
5022
4743
4793
4758
4890
4869
4696
4803
4838
4596
5014
4930
4832
4932
4741
4981
4902
4789
4923
4896
4941
4691
4780
4733
4989
5130
5001
5063
5048
4982
4974
4816
4986
4862
5055
5109
5174
4994
4889
4926
5022
5113
5016
5007
5034
5011
4869
5055
4998
5092
5205
4946
5003
4881
5115
5137
5075
5001
5160
5162
5118
4991
5178
5233
5064
5085
5257
5076
5308
5099
5256
5237
5083
5036
5248
5172
5249
5379
5171
5216
5323
5330
5279
5411
5321
5317
5314
5315
5103
5188
5172
5288
5368
5433
5200
5307
5356
5407
5429
5269
5441
5332
5290
5411
5558
5370
5520
5371
5419
5485
5316
5557
5396
5437
5561
5657
5533
5434
5489
5452
5695
5472
5540
5702
5620
5511
5574
5549
5523
5636
5560
5590
5587
5584
5736
5729
5558
5617
5700
5709
5705
5620
5746
5582
5842
5749
5829
5618
5614
5661
5654
5798
5633
5708
5856
5686
5745
5694
5885
5782
5819
5799
5679
5628
5719
5668
5686
5838
5952
5696
5863
5794
5840
5976
5836
5964
5845
5882
5897
5917
5843
5920
5796
5970
5880
6157
5855
5883
6181
5962
5983
6209
5912
6120
6180
6055
5925
5947
5930
6014
6010
6034
6149
6031
6043
6164
6126
6247
6152
6103
6056
6055
6176
6166
6201
6241
6104
6241
6092
6204
6054
6149
6132
6169
6387
6236
6322
6242
6265
6295
6210
6318
6376
6320
6113
6212
6390
6330
6331
6323
6413
6459
6535
6325
6395
6201
6475
6517
6258
6481
6346
6414
6451
6401
6423
6449
6484
6517
6496
6600
6467
6672
6581
6475
6481
6738
6622
6555
6656
6364
6547
6602
6519
6622
6510
6650
6554
6572
6579
6695
6840
6808
6680
6575
6813
6841
6645
6875
6843
6691
6726
6669
6701
6868
6776
6767
6823
6805
6939
6873
6866
6864
6951
6900
6952
6857
6716
6873
7053
6790
7114
6815
6983
6800
6932
6964
6856
6871
6900
6888
7106
7065
7105
7057
7163
6988
7098
6899
7165
7080
7080
6876
7103
6897
7160
6904
7037
6978
6800
7092
7145
7105
7170
7130
7268
7102
7074
7209
7311
7001
7345
7162
7169
6958
7385
7124
7184
7112
7324
7252
7328
7305
7467
7276
7410
7459
7352
7381
7195
7581
7486
7400
7510
7436
7483
7343
7490
7577
7589
7451
7396
7569
7736
7532
7465
7450
7617
7505
7576
7557
7557
7621
7479
7776
7668
7669
7592
7530
7588
7719
7650
7786
7632
7628
7722
7748
7849
7726
7894
7973
7904
7793
7917
7666
7887
7972
7891
7933
7851
8168
8059
7912
8095
8027
8032
7776
7819
7991
8147
7845
8293
8038
8100
8140
7995
7822
7962
8349
8158
8175
8301
8415
8014
8078
8162
8073
8208
8316
8237
8157
8197
8165
8084
8304
8270
8228
8264
8232
8452
8285
8543
8355
8350
8243
8510
8180
8334
8295
8438
8481
8497
8499
8588
8491
8602
8793
8623
8536
8653
8613
8564
8626
8480
8774
8464
8691
8753
8833
8565
8706
8737
8643
8987
8646
8585
8761
8589
8714
8778
8788
8822
8957
8888
9021
8747
9111
8977
8891
8939
8840
8946
8980
8924
9091
8919
9031
8917
9048
8968
9091
9029
9123
9041
8966
9014
9082
9069
8968
9078
9114
9105
9114
9268
9174
9265
9368
9450
9360
9108
9304
9419
9356
9382
9277
9278
9500
9044
9366
9396
9433
9282
9302
9347
9566
9448
9419
9402
9454
9480
9460
9493
9571
9632
9674
9507
9541
9408
9538
9730
9629
9404
9692
9602
9588
9773
9734
9765
9773
9842
9728
9671
9707
9696
9874
9545
9641
9960
9832
10056
9866
9702
9936
9854
9919
9785
9817
9972
10078
9889
10039
10045
10102
10074
10178
10089
10178
10116
10021
9974
10053
10004
10102
10040
10043
9740
9844
9901
9695
9901
9951
10082
9954
10116
10515
10368
10162
10158
10368
10385
10338
10191
10456
10618
10567
10533
10551
10500
10526
10520
10653
10624
10445
10790
10452
10504
10819
10858
10735
10696
10811
10752
10551
10630
10740
10977
10814
10810
11005
10741
10754
10881
10822
10770
10754
10738
11204
11132
10811
10874
10850
10988
11001
11210
11125
10906
11057
11226
11056
11120
11145
11325
11336
10888
11148
11134
11061
10914
11190
11228
11067
11178
11052
11173
11290
11476
11375
11492
11624
11736
11406
11403
11472
11461
11627
11373
11456
11809
11681
11482
11713
11861
11650
11730
11860
11551
11769
11606
11754
11947
11860
11780
11878
11798
11756
11716
11673
11862
11794
11917
11949
11913
11915
11768
12153
11880
11920
11972
11734
11907
12091
12194
12122
12159
12066
12530
12151
12141
12090
12076
12129
12143
12309
12279
12457
12438
12441
12169
12480
12405
12347
12265
12610
12514
12504
12546
12494
12544
12711
12509
12612
12600
12855
12746
12608
12623
12485
12596
12635
12698
12728
12663
12914
12935
12922
12820
12660
12880
12959
12728
13110
12759
12994
13171
13053
12920
13262
12951
13125
13124
12994
13058
13172
12919
13031
13092
12992
13226
13339
13239
13368
13370
13316
13341
13272
13306
13370
13137
13093
13410
13285
13218
13364
13354
13164
13323
13472
13490
13529
13440
13306
13636
13740
13460
13602
13952
13792
13664
13593
13536
13947
13490
13934
13716
13826
13724
13892
13916
13956
13980
14106
13958
14054
14104
14181
14088
14171
14084
14120
14085
14058
14177
14013
14207
14094
13915
14279
14411
14167
14125
14303
14374
14301
14034
14140
14207
14060
13992
14369
14354
14273
14266
14275
14326
14520
14632
14804
14634
14807
14696
14937
14435
14801
14968
14748
14869
14905
14653
14952
15224
14663
14808
14747
14802
14941
15022
15012
15268
14912
15220
15170
15032
15092
15057
15026
15127
15208
14971
15163
15182
15308
15481
15304
15266
15436
15428
15150
15509
15719
15546
15470
15504
15478
15542
15369
15547
15530
15488
15450
15458
15566
15588
15717
15708
15744
15777
15739
15835
15832
15749
15864
15741
16086
15857
16232
15997
15754
15842
15900
16011
16059
16050
16180
16130
15975
16038
15996
16432
16278
15981
16191
16143
16197
16148
16282
16439
16279
16273
16186
16565
16237
16456
16486
16644
16499
16484
16226
16504
16659
16751
16730
16458
16540
16606
16340
16682
16735
16713
16934
16805
16680
16863
16782
16928
16804
17016
17142
17158
16746
17016
17024
16960
16998
17172
17270
16980
16983
17142
17081
17112
17072
17211
17362
17021
17141
16952
17064
17178
17515
17485
17595
17256
17482
17523
17284
17538
17722
17515
17757
17624
17513
17608
18045
17885
17845
17631
17654
17861
17800
17857
17560
17519
17462
17636
17613
17614
17650
17293
17540
17844
17502
17710
17355
17347
17477
17866
18040
17978
17840
18148
18320
18313
17984
18520
18262
18340
18069
18332
18155
18214
17859
17520
17118
16956
16709
16150
16062
15680
15088
14929
14821
15002
15258
15299
15913
16299
17025
17276
17792
18311
18760
19050
19327
19342
19540
19697
19438
19218
19196
19315
19115
19109
18982
19158
18966
18904
18929
19154
19234
19255
19472
19337
19593
19094
19094
18908
19234
19128
19104
19200
19248
19225
19502
19407
19310
19457
19766
19785
19778
19810
19678
19880
19878
19645
19851
19594
20040
19622
19652
19572
19733
19741
19432
19400
19656
19994
19899
19852
19816
19851
20023
19735
20298
20125
20202
20101
20637
20008
19899
19927
19932
20470
20114
20165
20168
19900
20202
20158
20295
20491
20614
20594
20104
20331
20501
20312
20101
20480
20625
20556
20425
20428
20541
20598
20701
20930
20519
20612
20770
20625
20819
20396
20672
20321
21019
21106
21148
21164
21185
21172
21256
21104
21456
21167
21236
21338
21524
21285
21386
21341
21235
21137
21390
21451
21416
21720
21690
21528
21598
21830
21816
21761
21796
21762
22056
21772
21354
21306
21388
21169
20900
20924
20666
20772
20668
20427
20663
20660
20664
21023
21428
21904
21882
22006
21852
22022
22016
21802
22059
22368
22090
22257
22426
22431
22402
22228
22322
22197
22391
22536
22625
22537
22613
22364
22707
22620
22712
22858
22665
22724
22870
22596
22300
22522
22571
22651
22797
22726
22571
22978
22778
22708
22612
22736
22908
23139
23139
22980
22812
23464
23192
23133
23069
23336
23215
23261
23430
23600
22959
23360
23223
23501
23432
23412
23494
23192
23315
23524
23506
23262
23739
23638
23874
23665
23705
23531
23892
24020
23683
23754
23689
23689
23854
23961
24028
23668
23941
23514
23992
24248
23994
23890
24100
24659
24134
24173
24152
24415
24410
23884
24024
24413
24122
24128
24219
24283
24267
24161
24723
24220
24336
24536
24682
24634
24715
24567
24397
24373
25175
24865
24973
24778
24800
24941
24950
24968
25114
24971
25172
24928
25302
24969
24969
25204
25205
25674
25108
25109
25343
25318
25535
25483
25195
25547
24918
25174
25188
25389
25403
25077
25572
25206
25676
25653
26041
25457
25893
25707
25621
25672
26017
25803
25396
25794
25844
25500
26117
25575
25911
25812
25954
25998
25592
26028
25840
25719
25728
25500
26274
26151
26242
25956
26252
26396
26107
26436
25732
25892
25945
25920
25603
26060
25574
25905
25814
25741
25877
26104
25772
26127
26385
26473
26220
26453
26552
26910
27120
26720
26515
27021
26622
26996
26836
26852
26944
26884
26766
26968
26889
26811
26776
26852
27080
26824
26635
26754
26636
27032
26888
26485
27020
26856
27355
27207
27458
27333
26928
26820
27322
27104
27085
27304
27326
27278
27419
27636
27303
27184
27490
27136
27382
27652
27501
27485
27620
27509
27435
27821
27788
27410
27620
27653
27914
27633
28013
27981
27938
27941
27657
27906
27722
27860
27950
27741
27792
28042
27957
28180
28228
28108
27954
28051
28151
28569
27877
28537
28306
28739
28629
28508
28105
28520
28612
28369
28328
28655
28501
28185
28793
28741
28527
28749
28850
28347
28643
28608
28714
28614
28426
28530
28773
28569
29084
28398
29034
28461
28622
28685
28356
28816
29048
28573
28543
28904
28666
29098
28866
28943
29141
28973
29208
28968
29100
28996
29045
28928
28618
28836
29636
28933
29112
28896
29202
29576
29098
29332
29380
29162
29620
29351
29146
29288
29498
29345
29691
29498
29712
29322
29599
29390
29549
29677
29487
29564
29245
29567
29438
29876
29306
29501
29458
29236
29586
29561
29952
29818
30018
29718
29918
29526
29892
29845
30067
29880
29842
29972
29824
29753
29776
29813
29960
30260
30010
30104
30108
29995
30376
29863
30462
30522
30112
30032
30379
29602
29480
29655
29216
29345
29250
29344
29425
29349
29197
29343
29692
29813
30118
30454
30468
30530
30646
30837
30519
30661
30651
30310
30364
30838
30388
30610
30401
30661
30297
30976
30454
30559
30702
30569
30729
30905
30587
30828
30946
30732
30639
30713
30949
30616
30921
31020
30731
30885
30219
31066
30988
30906
30776
31346
31368
30699
31040
30925
30634
31110
30906
30772
30904
30652
30890
30887
31424
30662
30882
31323
30784
30765
31480
31283
30683
30988
31042
30872
31154
30977
31101
31233
30909
30922
30957
31172
31428
31097
31001
31130
31373
30976
31478
31334
31647
31296
31079
31148
31366
31515
31414
31636
31404
31418
31666
31181
31602
31285
31794
31568
31657
31218
31500
31499
31434
31884
31752
31569
31234
31665
31372
31371
31193
31051
31771
31482
31750
31615
31760
31794
31124
31638
31556
31541
31640
31646
31826
31368
31700
31845
31930
31577
31413
31908
32086
31589
31768
31700
31604
32328
31810
31752
31813
32052
31899
32000
31876
31935
31976
32074
31952
32102
32056
31730
32273
31942
31900
31988
32288
31947
32214
32141
32280
32072
32042
31980
32141
32134
31937
32280
32006
31978
31733
32133
32276
32500
31876
32043
32461
32196
32150
32330
32306
32493
32018
32492
32344
32397
31858
32497
32474
32244
32502
32248
32500
32330
32294
32169
31762
32154
32250
32189
32320
32566
32250
32472
32666
32222
32316
32285
32550
32719
32372
32639
32360
32475
32384
32260
32263
32164
31954
32166
32241
32394
32298
32310
32320
32072
32122
32256
32520
32264
32619
32364
32368
32861
32703
32370
32570
32490
32430
32244
32422
32772
32386
32623
32272
32877
32510
32687
32760
32532
32228
32399
32105
32556
32686
32234
32656
32484
32458
32722
32440
32212
32413
32629
32576
32636
32330
32500
32280
32489
32594
32346
32854
32762
32349
32782
32359
32811
32797
32699
32276
32373
32634
32786
32201
32422
32564
32377
32457
32415
32404
32272
32564
32602
32179
31838
32660
32524
32364
32514
32358
32123
32068
32116
32365
32920
32538
32558
32422
32157
32229
32649
32751
32610
32497
32324
32605
32569
32200
32112
32221
32145
31700
31777
31741
31640
31547
31652
31696
31338
31419
31384
31238
31277
32026
31633
31611
32100
31764
32292
31922
32378
32733
32592
32202
32686
32282
32667
32774
32181
32578
32427
32282
32628
32445
32232
32480
31896
32416
32278
32420
31892
32340
32256
32757
32452
32603
32229
32312
32027
32347
32152
32018
32122
32124
32404
32582
32058
31983
32409
32556
32256
32375
32070
32377
32340
32058
31898
31652
31885
32172
32233
31460
32161
32012
31815
32070
32029
31786
31572
31673
32032
32000
31898
31543
31445
31693
31773
31838
31755
31933
31878
31393
32224
32093
31694
31853
32006
31709
31800
31831
31894
31414
31734
31782
31582
31840
31464
31084
31656
31360
31513
31428
31435
31550
31142
31355
31460
31777
31402
31232
31324
31525
31354
31634
31497
31422
31368
31413
31471
31447
31743
31540
31251
31076
31548
31240
31122
31108
30604
30957
31090
31300
31021
30937
31060
31336
30948
31083
31272
30754
31074
30802
31130
30891
30976
30756
30773
30852
30605
30948
30629
30660
30968
30547
30800
30730
30373
30916
31062
31124
30474
30312
30813
30699
30332
30702
30816
30508
30251
30336
30278
30316
30818
30716
30340
30364
30525
30507
30411
30138
30397
30244
30198
30465
30018
30516
29820
30165
29899
29818
30218
29756
29825
29825
30124
30188
30160
29930
30084
30112
29812
30189
29417
29657
29720
29978
29678
29713
29416
29542
29519
29752
29729
29875
29522
29812
29940
29318
29526
29865
29446
29679
29210
29341
29162
29162
29165
29305
29118
29365
29236
29056
29389
28986
29268
29173
29037
29494
28988
29557
28845
28580
29069
28994
28765
29025
28910
29064
29064
28957
28785
29001
28928
28714
28877
29064
28876
28304
28364
28388
28149
27914
27927
28219
28168
27933
27875
28025
27957
28153
27765
28467
28136
28250
28578
28272
28366
27905
27925
28014
28434
28243
28192
28192
28228
28092
28185
27584
27962
27688
27992
28042
27620
27952
27254
27765
27530
27585
27442
27512
27926
27428
27796
27296
27481
27722
27276
27148
27428
27878
27145
27222
27564
26944
27115
26954
26798
27185
26612
26828
26782
26661
26977
26694
26222
26916
26669
26623
27032
26550
27030
26720
26777
26482
26740
26792
26714
26456
26240
26353
26831
26664
26320
26386
26297
26220
26548
26330
26174
26425
26485
26216
26263
26453
26392
26374
26094
26385
25864
25578
25785
25929
25666
25498
25600
25612
25846
25252
25870
25596
25483
25647
25192
25284
25400
25110
25028
24990
25062
24841
25204
25038
24999
25067
25065
24596
24704
25102
25110
25460
25052
25007
25015
25176
25024
25194
24946
24778
25233
25021
25021
24955
24862
24921
24824
25112
24584
24439
23882
23242
23359
23557
23910
23668
23448
23757
23688
23602
24018
24075
24192
24215
24131
24226
24160
24522
23929
23828
23709
24312
23688
24193
23741
24132
24034
24046
24068
23876
23770
23738
23604
23905
23682
23729
23253
23562
23279
23182
23537
23258
23176
23525
23580
23552
23173
23069
23323
23215
22916
23287
23048
23432
22834
22973
23156
23000
22684
22088
22040
21549
22005
21911
22073
22425
22216
22244
22472
22446
22540
22253
22306
22389
22708
22364
22233
22696
22733
22382
22352
22170
22205
22258
22100
22107
22009
22004
22398
21933
22090
22078
21834
22037
21964
21898
21615
21704
21657
21372
21398
21489
21510
21163
21389
21193
21444
21540
21242
21371
21249
21439
21350
21184
21639
21250
20763
21244
21294
21335
21130
21134
21101
20922
21108
20896
20544
20677
21058
20833
20500
21044
20759
20886
20402
20783
20651
20634
20843
20601
20477
20587
20590
20348
20427
20574
20144
20381
20318
20298
20354
20342
20527
20243
20450
20086
19842
20236
19977
19764
19844
19972
20104
19922
19842
19780
19742
20050
19668
19753
19974
19857
19692
19683
19656
19754
19494
19680
19784
19660
19819
19642
19482
19130
19154
19018
18897
19000
18992
18682
18938
18587
18876
19362
19077
19354
19160
19111
19330
19097
18712
19139
19306
19063
18874
18780
18872
19298
19102
18808
18970
19100
18748
18991
18781
18931
18557
18404
18674
18612
18333
18540
18610
18532
18603
18568
18500
18543
18364
18344
18474
18628
18630
18802
18342
18576
18434
18536
18379
18278
18533
18168
18166
18286
18224
18068
18079
18340
18324
18157
18544
18327
18229
18359
18312
17813
17955
17977
17949
17823
17712
17908
17973
17912
18274
17775
18184
17940
18044
17932
17957
17875
18093
18055
17673
17765
17802
17820
17778
17781
17981
17829
17467
17851
17729
17562
17943
17745
17949
17564
17588
17840
17604
17721
17844
17687
17537
17421
17730
18120
17709
17756
17439
17814
17631
17593
17664
17476
17929
17584
17810
17531
17202
17684
17590
17706
17365
17615
17632
17698
17785
17625
17629
17423
17483
17550
17672
17759
17715
17947
17689
17362
17751
17747
17748
17830
17636
17664
17829
17497
17647
17720
17600
17600
17640
17877
17588
17312
17813
17531
17289
17546
17719
17706
17816
17722
17584
17473
17524
17644
17361
17379
17520
17830
17762
17881
17396
17604
17472
17822
17486
17632
17560
17764
17874
17721
17798
17883
17786
17876
17848
17734
18121
18092
17653
17713
18031
18008
17891
18011
17863
17940
17677
18066
18032
17891
17948
18217
17861
17986
17871
18060
18220
18298
18456
18357
18112
18116
18018
18073
18140
18255
18264
18166
18405
18414
18472
18733
18314
18540
18574
18738
18774
18641
18265
18554
18410
18476
18904
18634
18484
18438
18889
18757
18544
18827
18893
18688
18986
18550
19127
18658
18732
19030
19016
18994
19028
18969
19109
18955
19284
19509
19002
19284
19246
19517
19141
19664
19361
19672
19553
19536
19483
19400
19481
19678
19781
19973
19822
19980
19874
20183
19968
19837
20068
20157
20139
20026
19953
20221
20021
20351
20307
20219
20231
20223
20029
20006
20177
20201
20411
20426
20363
20296
20248
20158
20504
20804
20954
20840
20835
20868
21028
21082
20975
20611
20872
20957
20968
21094
20836
21050
21197
21114
21048
21042
21305
20968
21306
21530
21474
21607
22021
22028
21787
22017
21995
21931
22130
22261
22434
21942
22463
22325
22354
22508
22379
22806
22666
22582
22494
22406
22541
22984
22576
22785
22523
22811
22488
22706
23112
23157
23140
23314
23386
23081
23252
23290
23208
23700
23797
23635
23530
23182
23544
23842
23780
23930
23478
23702
23487
23889
23700
23956
24230
23904
23594
23810
23946
24282
23855
24213
23622
23457
23588
23997
23789
24585
24372
24364
24657
24802
24832
24702
24946
24872
24764
24736
24538
24188
24995
25021
25446
25300
25300
25052
25168
25629
25643
25607
25421
25418
25325
25554
25611
25617
25545
25422
25869
25998
25690
25700
25788
26171
25715
25889
25784
26116
25936
26347
25893
26552
25700
26226
25860
25906
26203
25789
26204
26106
26369
26484
26583
26196
26278
26429
26533
26756
26304
26834
26584
27119
26872
27078
26987
26901
26773
27024
26906
27102
27051
26888
26760
26842
27204
27236
27042
27194
27297
26831
27193
27516
27052
27352
27284
27185
27343
27397
27302
27924
27638
27706
27349
27914
27560
27446
27515
27540
27780
27603
27989
27642
27524
27776
28109
27714
28230
27837
27976
27721
27588
27300
27334
27432
27640
26972
27102
26952
27449
27678
28203
28120
28090
28829
28619
28473
28254
28626
28484
28548
28533
28724
28760
28352
28533
28218
28496
28365
28196
28666
28250
28599
28335
28705
28490
28234
28672
28794
28636
28605
29051
28607
28651
28448
28695
28489
28166
28406
28452
28456
28388
28868
29080
28805
28216
28560
28353
28800
28693
28838
28384
28305
28877
28650
29106
28718
28826
28813
28540
28537
28384
28359
29068
28360
28628
28564
28584
28777
28338
28526
28570
28152
28553
28602
28539
28247
28536
28360
28215
28173
28358
28274
28138
27845
28076
28312
28232
28234
28432
27970
27534
28072
27972
27989
28056
27894
27982
27792
27952
28315
28180
27729
27967
27793
27592
27402
27784
27767
27845
27706
27769
27700
27712
27771
27594
27264
27908
27445
27583
27510
27322
27458
27391
27097
27220
27227
27030
27088
27354
27221
27036
27033
27286
26548
26836
26698
26724
26820
26783
26451
26630
26565
26666
26676
26720
26388
26564
26172
26170
26482
26216
26669
26280
26130
26084
26231
26312
25582
26032
25923
25922
25405
25758
25743
25965
25527
25498
25510
25300
25476
25477
25311
25163
25314
25338
25182
24936
25111
24965
25188
24745
24574
24866
24640
24694
24477
24676
24711
24487
24537
24481
24612
24308
24177
24009
24160
23757
24420
24128
24100
24004
24080
23870
23402
23724
23461
23605
23430
23186
23556
23194
23319
23288
23227
23429
23033
23387
23024
22935
23020
22755
22487
22125
22310
22685
22361
22417
22372
21935
22360
22206
21976
21931
22058
21956
21625
21806
21942
21572
21730
21555
21482
21114
21005
20941
21139
20970
20608
20932
20681
20503
20911
20736
20587
20674
20926
20580
20534
19922
19518
18644
18578
18631
18633
19069
19594
19216
19758
19726
19486
19693
19700
19273
19019
18984
19167
18725
18900
18620
18634
18478
18663
18441
18098
18014
18031
17997
18154
18233
17788
17737
17593
17741
17468
17184
17153
17279
17362
17008
17246
16574
16560
16671
16273
16380
16448
16704
16314
16177
16196
16181
15838
15941
15590
15780
15521
15636
15489
15583
15252
15339
14736
15121
14906
14649
15048
14473
14408
14449
14178
14017
14040
14312
14175
14023
14174
13958
14021
13586
13722
13807
13398
13408
13333
13341
13101
13121
13111
12776
12692
12745
12633
12723
12509
12461
12516
12370
12416
12355
12011
12093
11993
11961
11985
11474
11620
11406
11567
11368
11118
11114
10958
11146
11021
10740
11080
10951
10701
10587
10693
10556
10399
10535
10169
10200
10004
10101
10198
10001
9881
9547
9790
9744
9657
9566
9531
9373
9403
9265
9326
9337
9242
9140
8996
8843
9038
8969
8629
8486
8685
8498
8502
8301
8405
8238
8407
8108
8179
8025
8214
7889
7972
7810
7693
7829
7837
7460
7418
7251
7062
7023
7116
7094
7197
7248
7305
7219
7012
7002
7126
7082
6790
7000
6825
6758
6856
6794
6802
6711
6740
6733
6669
6527
6470
6327
6365
6294
6495
6329
6205
6109
6212
6221
6032
6023
6033
6019
6226
6056
5983
6095
5933
5914
5727
5869
5920
5689
5718
5749
5480
5725
5715
5652
5551
5629
5617
5537
5545
5650
5313
5404
5260
5296
5363
5383
5515
5167
5194
5300
5128
5309
5223
4965
5189
5140
5141
5221
4898
4893
5023
5019
4970
5114
4939
5064
5035
5028
5037
4942
4847
