4792
4875
4641
4697
4917
4996
4805
4783
4852
4793
4907
4796
4890
4730
4858
4837
4887
4717
4988
4938
4779
4862
4777
4836
5044
4775
4878
4976
4891
4927
5165
4909
4918
5012
5045
5009
4887
4867
4868
4927
4954
4899
5057
4994
5061
5029
5041
4768
5142
4955
5135
5078
5197
5016
5071
5152
5132
5002
5034
5070
4973
4960
5213
5147
4988
4995
5148
5026
5058
4956
5102
5094
5209
5154
5276
5033
5070
5268
5247
5132
5286
5270
5442
5204
5156
5169
5228
5192
5402
5522
5296
5464
5227
5298
5290
5268
5314
5353
5456
5335
5369
5238
5338
5325
5300
5428
5271
5259
5309
5254
5528
5344
5510
5339
5466
5442
5360
5395
5417
5463
5532
5446
5498
5389
5506
5594
5492
5429
5396
5384
5477
5486
5683
5482
5686
5470
5553
5603
5641
5546
5576
5853
5515
5594
5798
5540
5654
5666
5819
5600
5672
5591
5684
5608
5790
5577
5764
5743
5709
5499
5893
5608
5911
5730
5645
5777
5862
5873
5777
5741
5745
5962
5894
5716
5922
5807
5864
5869
5924
5980
5787
6026
5942
5844
5869
5945
5795
5611
5866
6037
5981
5940
5912
5866
5989
5979
5878
6050
6091
6120
6017
5905
5862
6146
5930
5821
5992
6120
6057
6167
6178
6059
6145
6226
6163
6113
6064
6154
6210
6087
6243
6299
6106
6120
6285
6257
6170
6234
6225
6063
5978
6337
6289
6252
6177
6320
6369
6382
6423
6483
6331
6198
6570
6249
6240
6501
6509
6436
6343
6324
6277
6355
6356
6451
6564
6449
6543
6521
6487
6330
6589
6541
6488
6605
6284
6581
6269
6510
6555
6831
6713
6341
6600
6682
6582
6559
6614
6619
6522
6488
6515
6686
6617
6655
6643
6760
6755
6660
6660
6607
6618
6630
6597
6700
6713
6546
6592
6819
6902
6857
6660
6753
6664
6816
6724
6682
6750
6810
6829
7001
6766
6879
6820
6822
6829
6856
6842
6930
6860
6822
7101
6965
6837
6965
6910
7034
6819
7023
6825
7158
7062
7058
6861
7021
7014
7068
7031
7098
7131
7055
7189
7070
7035
7152
7006
7045
7106
7102
7151
7101
7200
7175
6954
7126
7029
7179
7128
7333
7314
7331
7111
7267
7431
7318
7594
7365
7357
7122
7288
7335
7366
7342
7391
7260
7355
7471
7493
7342
7405
7602
7371
7460
7540
7630
7466
7530
7583
7634
7559
7389
7528
7475
7609
7510
7542
7533
7525
7803
7882
7479
7641
7748
7812
7800
7807
7747
7756
7731
7938
7839
7703
7709
7662
7817
7735
7677
7769
7900
7762
7840
7831
8050
8018
7747
7877
8046
8012
8063
8071
8004
7972
8047
8072
7903
7990
8028
8125
8031
7972
8173
8175
8121
7953
8042
8147
8081
8098
8252
8014
8178
8080
8087
8254
8338
8060
8198
8065
8404
8391
8214
8191
8219
8084
8406
8328
8470
8271
8309
8296
8121
8392
8537
8334
8601
8696
8255
8491
8477
8669
8494
8583
8537
8552
8714
8738
8488
8757
8516
8572
8667
8630
8662
8718
8538
8455
8760
8806
8919
8727
8801
8767
8729
8715
8642
8811
8630
8824
8790
8794
8746
8794
9115
8905
8926
9044
8954
8882
8900
9025
9019
9099
8996
8994
8897
8769
9013
8895
9206
9094
9187
9160
9332
9043
9241
9221
9250
9074
9067
9222
9365
9428
9268
9105
9413
9467
9010
9177
9126
9161
9227
9128
9428
9427
9098
9455
9357
9087
9462
9201
9331
9590
9581
9420
9541
9528
9633
9420
9558
9374
9751
9393
9524
9398
9495
9584
9732
9787
9409
9682
9652
9699
9676
9945
9843
9663
9826
9910
9676
10102
9828
9855
9879
9996
9916
9712
9722
9873
9654
9882
9943
9841
10035
9959
10115
10141
10064
9967
9986
9927
9904
9975
10185
10238
10276
9972
10022
10100
10359
10145
10298
10326
10191
10152
10248
10078
9910
10164
10030
10218
10237
9979
10213
9972
10076
10178
10228
10458
10326
10525
10520
10545
10654
10856
10598
10685
10713
10567
10738
10512
10585
10470
10673
10777
10632
10667
10602
10889
10812
10934
10900
10846
10937
10836
10629
10988
10633
11111
10873
10743
10537
10777
10745
10881
10850
11190
11076
10866
11195
10912
10759
11112
11142
11041
11014
10874
11226
11235
11212
11152
11293
11025
11220
11286
11473
11368
11403
11526
11297
11451
11363
11071
11480
11169
11357
11348
11249
11268
11185
11429
11485
11527
11639
11586
11668
11620
11653
11701
11639
11697
11800
11992
11768
11723
11802
11780
11789
11892
11804
11825
11729
11877
11796
11884
11782
11801
11913
11837
11739
12183
11817
11951
11944
12223
12128
12204
12043
12042
11974
12277
11974
12212
12264
12349
12330
12185
12194
12109
12251
12372
12347
12506
12361
12197
12378
12416
12680
12583
12338
12505
12513
12389
12421
12459
12637
12766
12645
12682
12785
12822
12603
12622
12581
12838
12807
12923
12820
12729
12894
12742
12831
12775
12917
12912
12866
12748
13132
13018
13030
12939
12760
13081
13016
12869
12965
13143
13054
13387
13049
13352
13189
13186
13093
13317
13214
13286
13312
13378
13345
13127
13618
13475
13619
13384
13472
13269
13634
13381
13577
13401
13517
13167
13315
13496
13505
13435
13400
13581
13353
13588
13646
13604
13602
13655
13900
13700
14040
13593
13691
13654
13788
14079
13762
13902
13714
13956
13741
14038
13930
14025
14170
14476
14273
14266
14153
14311
14132
14497
14212
14244
14219
14312
14180
14472
14238
14532
14315
14470
14346
14116
14364
14436
14528
14514
14144
14298
14502
14499
14371
14231
14457
14167
14349
14460
14530
14364
14728
14685
14627
14888
14654
14797
14869
14855
14916
14765
15137
14927
14954
14895
14916
15186
15066
15043
15026
15195
14908
15101
15211
15213
15308
15125
15321
15151
15349
15287
15242
15343
15234
15500
15301
15389
15277
15121
15162
15566
15488
15382
15597
15634
15557
15794
15589
15550
15928
15678
15677
15629
15846
15771
15655
15424
15628
15702
15834
15673
15660
15669
15960
15866
15845
16148
16196
16065
16024
16060
16180
15927
16040
16281
16052
16173
16161
16216
16129
16351
16078
16251
16250
16512
16226
16556
16070
16245
16265
16629
16191
16549
16214
16533
17071
16427
16848
16651
16915
16845
16660
16745
16685
16852
16896
16830
16686
17268
17137
17028
16819
16922
17038
16712
16792
16759
16978
16805
16630
16890
17092
17298
17191
17365
17138
17004
17152
17408
17328
17020
17148
17541
17433
17413
17332
17149
17258
17374
17070
17262
17361
17336
17218
17156
17372
17620
17675
17724
17771
17880
17698
17973
17869
17887
17641
18091
17973
17845
17997
18206
17973
18011
18174
17960
17797
17970
18130
18069
18039
18090
18054
18083
17803
17913
17639
17758
17588
17813
17645
17865
18007
17698
18006
17958
17936
18176
18297
18629
18786
18665
18572
18486
18246
18527
18648
18590
18464
18309
18403
17881
17780
16962
16837
16378
16292
15800
15462
15305
14884
14848
15284
15469
16107
16429
16841
17632
18141
18916
19255
19335
19948
19849
19541
19856
19498
19536
19744
19448
19456
19588
19482
19242
19110
19428
19398
19406
19391
19539
19647
19482
19431
19786
19617
19368
19319
19388
19524
19510
19382
19449
19646
19795
19759
20008
20091
20417
19939
20163
20073
20197
20229
20117
20349
19920
20194
19869
20125
20088
20243
19918
20020
20132
19951
20144
20147
20108
20220
20282
20056
20164
20469
19988
20117
20107
20573
20502
20396
20618
20452
20480
20615
19939
20603
20178
20457
20173
20767
20480
20829
20934
20681
20453
20695
20505
20580
21008
20569
20700
20850
20992
20522
21141
20880
20518
20965
20722
21027
20720
21120
20736
21056
21229
20986
21264
21256
21213
21531
21337
21636
21451
21395
21430
21405
21284
22003
21885
21605
21628
21762
21828
21754
21733
21958
21774
21922
21926
22210
22102
21916
22240
22413
22223
22224
21945
21536
21672
21637
21335
21366
21131
21049
20925
20992
20854
20892
20994
20974
21365
21786
22115
22318
22462
22261
22533
22292
22338
22249
22411
22473
22419
22735
22590
22784
22562
22564
22648
22829
22436
23219
22615
22539
23144
22386
22889
22765
23104
22746
22860
22861
22948
22828
23140
22918
22840
22929
22988
23085
23108
23088
23132
23257
23291
23290
23284
23592
23125
23215
23429
23553
23373
24047
23234
23370
23444
23669
23737
23429
23964
23757
23748
23942
23620
23778
23496
24212
24205
24219
23853
23846
24096
23756
24081
24100
24235
23977
24232
23936
24031
24171
24185
24269
24223
24228
24521
24352
24527
24219
24282
24556
24604
24321
24774
24441
24362
24757
24453
24851
24331
24874
24418
24356
24270
24454
24439
24572
24532
24777
24800
24708
24938
24917
24938
24968
25033
24976
25099
25263
25015
25003
25207
25186
25228
25412
25460
25485
25540
25480
25211
25240
25346
25226
25653
25510
25640
25581
25507
25595
25420
25591
25804
25462
26031
25541
25542
25425
25517
25930
25290
25733
25757
25426
26205
25846
26031
25965
26050
26120
26240
26020
26028
25800
25928
25992
26116
25947
25956
25972
26237
26220
26368
26309
26331
26136
26208
26194
26464
26206
26273
26112
26630
26739
26773
26560
26542
26701
26249
26319
26484
26153
26232
26310
26136
26473
25997
26374
26653
26310
26429
26458
26837
26776
26990
26910
27112
27018
27359
26897
27650
27225
27185
27200
26975
27497
27189
26884
27264
27158
27380
27579
27266
26851
27748
27255
27171
27368
27332
27369
27464
27377
27402
27536
27442
27701
27141
27212
27969
27405
27712
27802
27828
27728
28095
27793
27706
27664
28062
27694
27919
27886
27776
27956
28012
28175
28404
27732
28154
28146
28004
28087
27996
28299
28289
28371
28098
28502
28690
28120
28346
28546
28132
28850
28309
28356
28676
28488
28671
28667
28565
28732
28597
28680
28427
28694
28596
28875
28968
28928
28667
28976
28740
29044
29240
29092
28780
28783
29241
29056
28890
28996
29009
29078
29044
29283
28954
29096
29030
29034
29519
29184
29164
29151
29330
28887
28998
29370
28950
28888
29248
29338
29170
29125
29557
29186
29286
29468
29213
29199
29734
29722
28980
29032
29384
29609
29545
29837
29714
29706
29889
29989
29729
29808
29557
29718
29850
29969
29725
29914
29925
29483
29849
30174
29792
29850
29565
29696
29979
30277
30219
29897
29840
29801
29830
30138
30064
30208
29959
30453
30159
29956
30093
30126
30016
30348
30432
30066
30047
30525
30550
30536
30376
30010
30493
30550
30489
30459
30210
30312
30250
30443
30171
30583
30699
30722
30574
30670
30508
30472
30499
31042
30542
30363
30443
30154
29913
30150
29954
29864
30003
29834
29855
30166
29897
30058
30408
30784
30892
31195
31133
31208
30980
30833
31140
30717
30817
30978
31227
31082
30861
30794
31082
30704
30957
31204
31191
31314
30958
31354
31301
30925
30869
31405
31313
31120
31477
31320
31283
31513
31583
31510
31356
31284
31371
31440
31114
31282
31357
31324
31428
31304
31593
31236
31833
31189
31872
31516
31338
31602
31752
31228
31539
31520
31243
31690
31652
31689
31776
31276
31472
32091
31396
31652
31540
31705
31564
31552
31354
31928
31853
31989
31752
31936
31620
31980
31572
31872
31884
31921
32322
32214
32089
31768
31661
32137
31857
31908
31679
31840
32026
32016
32297
32280
31960
32246
32238
31968
31900
31985
31582
32025
31924
32210
31706
32347
32250
31888
31810
32143
32040
31967
32025
31937
31915
32136
31910
32259
32124
32116
32068
32164
32089
32270
32340
32416
31981
32094
32347
32532
32329
32325
32299
32251
32461
32440
32604
32633
32525
32728
32744
32269
32618
32430
32474
32541
32642
32262
32637
32682
32420
32520
32090
32363
32635
32708
32674
32617
32668
32582
32844
32649
32660
32813
32674
32344
32134
32672
32420
32749
32989
32580
32508
33138
32912
32970
32790
32809
32594
32684
32696
32564
32660
33072
32826
33211
32718
32906
33214
32620
32820
32698
32947
32907
32815
32692
33446
32772
32933
33124
32942
32502
32815
33189
32776
32936
33479
33109
33465
33005
32794
33288
32664
33155
32666
32461
32868
32746
32736
32897
32854
32530
33046
33206
33306
32853
32836
33088
32777
32933
32985
33446
33047
32984
33036
32900
33066
32852
33622
32986
33256
33246
33064
33380
32651
33108
32993
33226
33088
32772
32635
33270
33024
33058
32946
33330
33034
33226
33152
32929
32980
33035
33120
33121
33081
33265
33213
33004
33148
33293
33531
33452
32952
33261
33092
33092
33252
33183
33044
33058
33309
33338
33227
33344
33172
32795
33156
32968
32979
32678
33121
32853
33024
32910
33208
32964
33007
32853
32487
32633
33164
33012
32919
32667
32836
33179
32927
33152
32953
33188
33066
33316
33123
33414
32852
33094
32714
32621
32599
32618
32553
32448
32489
32362
32128
32290
31937
32228
31880
32209
32032
32164
32475
32356
32655
32278
32832
32709
33285
33338
32878
32980
33081
33288
33325
32935
33496
33130
33211
32699
32932
33320
33010
33430
32833
33306
32884
32913
33416
32968
33165
33230
33053
32854
32717
32848
32793
32960
32570
33032
32728
32873
32716
32658
33064
32795
32919
33092
32665
32864
32862
32972
32492
32937
32333
32408
32790
32538
32407
32866
32576
32693
32727
32398
32507
32256
32481
32175
32341
32634
32192
32299
32490
32138
32623
32516
32045
32345
32404
32772
32132
32133
32152
32333
32000
32049
32354
32544
32373
32121
31976
32212
32324
31743
32190
32272
32258
32213
32244
32101
32308
31857
31873
31917
31760
31916
32521
31882
31948
31785
31961
32206
32228
32584
32011
31710
31906
32141
31892
31727
31872
31697
31725
32074
32234
31640
31946
31270
31808
31698
31492
31556
31777
31713
31629
31390
31578
31662
31757
31410
31562
31371
31496
31536
31235
31401
31444
31708
31360
31577
31232
31360
31492
31104
31312
31476
31372
31482
31471
31378
31407
31446
31378
31533
31149
31252
31005
30854
31030
30898
31044
31513
31309
31002
30957
30826
30922
30882
30848
30848
30719
31132
30592
30722
30522
30550
30437
30589
30866
30442
30790
30693
30742
30864
30682
30536
30711
30680
30426
30853
30388
30583
30436
30309
30586
30584
30302
29961
30330
30467
30080
29941
30074
29824
30212
30109
29792
29901
29964
29838
30045
30154
29889
29876
29989
29848
29556
30001
29952
29524
29626
29938
29835
29581
30186
30058
29512
29843
29448
29446
29691
29924
29634
29586
29756
29308
29421
29437
29476
29286
29640
29551
29528
29210
28858
29026
28952
28747
28664
28553
28764
28389
28772
28472
28601
28201
28360
28684
28564
28407
28468
28702
28749
28632
28827
28662
28450
28557
28844
28404
28406
28562
28889
28628
28504
28363
28394
28215
28515
28288
28312
28420
28416
28224
28373
28057
28368
28036
28216
28062
27828
27717
28073
28220
27904
28008
27769
27885
27570
28168
27981
27645
27456
27210
27425
27434
27556
27222
27140
27266
27427
27180
27464
27353
27055
27090
27054
27382
27586
27276
27231
27156
27349
27140
27386
27040
27122
27148
27101
27128
27069
27092
27172
26915
26948
26760
26705
27165
26596
26960
26590
26799
26682
26945
26826
26518
26574
26481
26140
26265
25870
25784
25754
25901
25894
26086
26252
25773
26297
25878
25912
26356
25685
25480
25461
25345
25352
25291
25617
25521
25394
25450
25493
25354
25440
25362
25686
25448
25312
25318
25940
25414
25587
25327
25328
25318
25418
25606
25130
25614
25017
25240
25312
25288
24926
24705
24520
24292
24052
24034
24092
24176
24008
23997
24273
24178
24188
24293
24704
24490
24586
24613
24460
24509
24628
24688
24668
24452
24476
24324
24362
24482
24424
24252
24658
24106
24148
24188
24171
24077
23972
23928
23848
23691
23824
23947
24142
24108
24005
23739
23898
23850
23669
23515
23537
23798
23352
23408
23331
23389
23379
23461
23637
23369
22989
22959
22169
22187
22310
22216
22451
22816
22541
22642
22620
22560
22499
22493
22838
22921
22601
23130
22706
22784
22528
22705
22753
22610
22834
22784
22487
22495
22678
22474
22572
22316
22267
22364
22009
22296
22434
21965
22266
22043
21718
21891
21876
21786
21890
21921
22001
21665
21773
21754
22210
21595
22037
21665
21688
21541
21627
21656
21402
21460
21592
21413
21187
21688
21348
21435
21340
21401
21426
21084
20992
21149
21101
21052
21035
20848
20554
21293
21019
20864
21074
20818
20772
20862
21082
20823
20644
20592
20911
20859
20501
20970
20520
20685
20554
20667
20364
20400
20592
20452
20376
20373
20187
20368
20246
20043
20343
20048
20211
20473
20316
19997
20358
20013
20041
20149
20214
19915
19816
19826
19957
20001
20062
19831
19736
19741
19104
19339
19185
18953
18988
19180
19282
19260
19120
19329
19028
19337
19338
19531
19435
19549
19312
19417
19545
19351
19485
19330
19389
19498
19598
19050
19188
19092
18911
19140
19300
19144
19127
18962
18772
18874
19048
18883
18779
18970
18980
18810
18842
18752
18701
18600
18870
18774
18792
18409
18573
18356
18674
18544
18496
18543
18730
18651
18485
18320
18245
18769
18869
18464
18380
18708
18896
18577
18700
18343
18218
18314
18328
18144
18333
18407
18074
17939
18212
18188
17983
17874
18008
18197
18351
18054
18104
18235
18018
17985
18338
18084
17988
18010
18120
18345
18048
18180
18196
18021
17904
18194
18388
17854
18117
17975
17925
17944
17496
18074
17916
17842
17851
17803
17786
18052
17604
17941
17730
17935
17868
17990
17844
18067
17894
17997
17903
17982
18077
17917
17807
17524
17741
17810
18086
17854
17710
17669
17864
17943
17506
17620
17785
17480
17773
17874
17737
17677
17826
17883
17924
17940
17658
17698
17794
17976
17485
17618
17833
18106
17897
17744
17664
17438
17973
17801
17729
17340
17740
17902
17884
17914
17677
17565
17815
17828
17776
17677
17989
17841
17588
17634
17494
17657
17768
17734
17934
17977
17798
17984
18053
17706
18109
17941
17614
17824
18129
18261
18089
18251
18106
18200
18256
18307
17852
18220
18234
18109
17958
18037
18040
18197
18160
18138
18189
18131
18372
18013
18028
18336
18154
18244
18084
18170
18321
18133
18534
18553
18688
18306
18477
18530
18500
18524
18189
18648
18646
18594
18454
18714
18616
18517
18570
18739
18862
18830
18640
18747
18888
18701
18869
18930
19081
18925
19059
19075
18830
18736
18874
19174
18907
19323
19112
19220
19162
19155
19389
19301
19275
19700
19291
19737
19274
19580
19628
19666
19744
19777
19712
19476
19789
19677
19940
20116
20013
19968
20132
20086
19791
20174
20130
20074
20013
20346
19949
20132
20125
20230
20288
20475
20134
20452
20292
20402
19805
20534
20356
20269
20521
20635
20476
20668
20602
20557
20900
20948
21067
20601
21080
20998
20816
20900
20771
21166
20745
20744
21126
20789
20929
21026
21308
21258
21365
21389
21259
21514
21654
21901
21945
22060
21986
22228
22132
22174
22073
22000
22266
22402
22532
22316
22198
22466
22398
22740
22826
22508
22553
22558
22728
22543
22968
22771
22777
22698
22969
22938
23310
23192
23213
23143
23107
23084
23384
23300
23174
23494
23386
23394
23343
23203
23389
23157
23456
23389
23770
24157
23808
24114
24149
23963
24106
23820
23797
23972
23834
24040
23918
24068
23928
23909
23908
23689
23751
24198
24571
24704
24843
24895
24653
24964
25140
24768
24479
24552
24529
24664
24665
25128
25088
25299
25330
25672
25446
25310
25184
25287
25669
25664
25301
26052
25938
25993
25380
25856
25688
25506
25669
26112
25906
25988
25574
25664
25958
26200
26317
26406
26132
26066
26082
26039
25794
25909
25952
25858
26006
25970
26334
26589
26324
26504
26450
26326
26120
26526
26626
26673
26934
26902
26762
27088
26772
27226
26974
26774
26664
27075
27002
27322
27147
26916
26996
26676
27204
27322
27428
27302
27550
27306
27268
27174
27352
26892
27229
27540
27560
27480
27723
27762
27430
27436
27776
27397
27800
27322
27531
27480
27608
28056
27821
28033
27764
28150
27754
28038
28160
27834
27349
27498
27517
27208
27015
26889
27026
27168
27555
27444
27759
28530
28324
28171
28488
28297
28470
28243
28288
28744
28378
28502
28248
28533
28314
28380
28364
28483
28503
28794
28566
28144
28204
28413
28445
28396
28559
28465
28344
28585
28888
28555
28811
28503
28288
28501
28622
28505
28905
28356
28401
28698
28642
28272
28613
28857
28228
28834
28338
28315
28592
28266
28738
28763
28984
28404
28394
28332
28831
28590
28688
28696
28452
28630
28570
28358
28308
28661
28768
28388
28372
28358
28604
28498
28554
28396
27852
27934
28509
28116
28193
28212
28217
27891
28168
27696
27947
27828
27988
28074
27948
28224
27904
27969
27768
27905
27550
27794
27972
27958
27904
27627
27428
27624
28076
27721
28093
27322
27892
28035
27877
27785
27548
27524
27417
27317
27288
27445
27548
27341
27064
27244
27570
27357
27533
27552
27056
27122
26862
26997
26628
26574
26867
26648
26740
26343
26724
26854
26257
26641
26069
26576
26614
26573
26504
26257
26285
26356
26856
26272
26236
26500
26338
26363
26171
25878
25917
26092
25710
25856
25388
25656
25316
25589
25760
25388
25293
25508
25270
25297
25578
24840
25302
25248
25220
25316
25251
25116
25188
24924
24869
24901
24722
24842
24602
24273
24756
24603
24704
24366
24342
24128
24081
23977
24231
24134
24393
24406
23673
23825
23584
23986
23776
23720
23716
23348
23612
23098
23128
23506
23451
23454
23284
23128
23291
23165
23143
23155
22893
22966
22925
23144
22574
22580
22424
22196
22468
22422
22258
22123
21963
21965
21983
22028
21847
21778
21666
21541
21416
21547
21280
21065
21122
21088
20961
20922
20992
20813
20662
20795
20602
20712
20556
20537
20650
20766
20618
20326
20065
19289
18795
18782
18562
18401
18901
19436
19354
19536
19412
19610
19324
19586
19277
19059
18946
18616
18861
18619
18682
18638
18496
18619
18348
18196
17935
17881
17924
17945
17816
17784
17668
17594
17588
17221
17401
17570
17140
17135
17331
16820
16712
16661
16439
16378
16379
16258
16375
16301
16180
15938
16144
15978
15570
15606
15697
15590
15534
15100
15310
15396
15501
15160
15125
14896
14820
14685
14550
14512
14391
14082
14332
14134
14194
14157
13934
13858
13851
13873
13720
13540
13449
13546
13290
13258
13007
13039
13045
12806
12876
12639
12596
12715
12525
12237
12360
12253
12022
11909
12235
12007
12148
11909
11743
11766
11772
11741
11370
11306
11433
11212
11032
11081
10793
11061
10774
10708
10884
10784
10542
10638
10350
10484
10182
10365
10088
10334
10022
10017
9809
9846
9692
9620
9664
9613
9588
9642
9388
9442
9398
9136
9166
9092
8893
8942
8790
8818
8583
8860
8685
8627
8481
8429
8409
8185
8203
8235
8163
8164
8111
8088
7976
7819
7776
7768
7576
7713
7353
7407
7155
6948
7090
6998
7231
7017
7243
7128
7192
7117
7085
7083
7003
6986
6877
6870
6817
6703
6690
6663
6796
6672
6388
6620
6400
6468
6255
6378
6257
6318
6402
6282
6111
6413
6070
6299
6148
6196
6017
6127
6003
6068
6153
6139
5912
5767
5848
5740
5913
5632
5771
5715
5748
5678
5743
5657
5535
5517
5544
5389
5299
5539
5465
5356
5504
5307
5346
5409
5348
5295
5327
5121
5282
5286
5050
5146
5149
5134
4861
5205
5087
4947
4996
5148
4856
5000
4895
4922
4836
5000
4942
4928
