5027
5049
4954
5083
5045
5201
5066
5155
5180
4994
5025
5065
5089
4919
5109
5123
5096
5100
5119
5207
5203
5080
5199
5105
5294
5252
5190
5162
5174
5221
5383
5090
5271
5295
5285
5180
5196
5393
5127
5114
5226
5217
5276
5149
5177
5154
5266
5382
5345
5550
5397
5413
5237
5279
5352
5336
5298
5312
5132
5357
5114
5279
5314
5240
5270
5330
5177
5282
5284
5313
5269
5253
5373
5359
5434
5563
5562
5552
5590
5562
5523
5555
5569
5660
5700
5584
5609
5445
5624
5504
5578
5630
5634
5512
5418
5393
5682
5780
5579
5602
5611
5758
5693
5626
5736
5704
5644
5698
5735
5603
5762
5757
5796
5854
5602
5714
5722
5772
5790
5626
5859
5798
5739
5679
5673
5798
5706
5694
5685
5854
5689
5833
5845
5780
6000
5845
5954
6008
5917
5891
5858
5935
5780
5869
5894
5813
6039
5940
6086
6022
6143
6010
6044
5912
5884
6021
5984
5970
6058
6143
5934
6019
6020
5941
6116
6104
6187
6051
6118
6152
6251
6266
6147
6108
6067
6153
6213
6103
6098
6098
6035
6302
6243
6115
6316
6405
6055
6261
6219
6313
6340
6324
6405
6197
6132
6336
6169
6414
6385
6317
6246
6249
6300
6190
6237
6315
6347
6336
6281
6494
6328
6534
6465
6346
6380
6600
6566
6645
6370
6503
6656
6501
6501
6457
6618
6529
6610
6768
6632
6597
6643
6600
6735
6520
6554
6538
6606
6632
6645
6493
6689
6504
6620
6805
6669
6589
6814
6629
6752
6852
6675
6881
6913
6924
6832
6920
6734
6672
6862
6634
6895
6868
6891
6810
6800
6898
6996
6833
7136
6922
6787
6977
6898
6989
6778
7017
7076
6928
6932
6980
6875
6809
7125
7156
6740
7126
7200
6990
7127
7037
6916
6886
7131
7096
7284
7042
7157
6976
7079
7061
7165
7057
7103
7092
7213
7289
7246
7312
7259
7334
7318
7303
7321
7155
7261
7222
7169
7319
7587
7323
7435
7419
7510
7304
7488
7434
7305
7421
7444
7449
7284
7259
7253
7593
7538
7638
7572
7506
7467
7562
7508
7627
7491
7525
7466
7563
7288
7559
7427
7515
7476
7589
7530
7746
7654
7557
7533
7697
7708
7742
7760
7622
7656
7848
7775
7782
7647
7911
7644
7637
7693
7759
7912
8053
7718
7871
8017
8085
7948
7933
7700
7997
7816
7904
8037
7924
8032
7779
7881
7846
8098
8005
8071
7943
7984
7962
8176
7966
8049
8100
8232
8040
8194
8084
8126
8067
8247
8174
8110
8346
8209
8196
8184
8358
8284
8280
8289
8396
8326
8603
8396
8409
8553
8373
8376
8410
8372
8428
8412
8473
8431
8572
8706
8427
8562
8815
8568
8605
8770
8576
8778
8515
8420
8525
8608
8686
8668
8635
8709
8909
8571
8766
8708
8832
8653
8670
8804
8733
8874
8735
8693
8879
8849
8836
8846
8888
8611
8822
8708
9035
8897
9002
8709
8962
9021
8991
9233
9058
9045
8845
8923
9068
9090
9163
9096
9137
9298
9042
9152
8950
9060
9068
9144
9190
9302
9380
9235
9252
9248
9199
9225
9290
9084
9271
9125
9233
9222
9441
9512
9490
9215
9416
9550
9445
9569
9391
9501
9649
9554
9464
9472
9374
9575
9722
9567
9847
9652
9715
9645
9757
9726
9872
9869
9877
9658
9818
9689
9784
9835
9812
9763
9808
9721
9741
9696
9958
9864
9785
9822
9783
9805
9907
9876
10093
9987
10261
9988
10097
10073
9962
10039
10220
9851
9979
9826
9965
10173
9948
10190
10241
10146
10170
10197
10289
10039
10120
10264
10321
10104
10272
10289
10297
10535
10266
10461
10377
10528
10567
10346
10252
10341
10353
10219
10358
10403
10515
10648
10441
10589
10421
10644
10568
10468
10729
10646
10709
10463
10668
10572
10508
10666
10466
10683
10864
10586
10685
10840
10693
10666
10738
10949
11116
10739
10738
10752
10803
10678
10795
10678
10574
10613
10430
10600
10854
10695
10943
10941
11206
10934
11028
11000
11042
11119
11387
11291
11278
11296
11268
11240
11365
11236
11442
11442
11256
11401
11433
11424
11489
11373
11466
11503
11369
11378
11533
11857
11193
11577
11688
11619
11535
11556
11473
11600
11549
11634
11607
11424
11613
11672
11782
11873
11691
11709
11899
11857
11925
11785
11846
11859
12008
11840
12061
11965
11874
11928
12013
12132
11944
11787
11940
11838
12153
11821
11904
12057
11941
11905
12327
12168
12281
12219
12150
12484
12280
11948
12321
12388
12363
12410
12587
12636
12603
12397
12452
12641
12453
12535
12341
12583
12421
12736
12688
12713
12761
12537
12630
12412
12634
12635
12674
12774
12905
12569
12529
12955
13005
12826
12801
12872
12860
13123
13054
12903
12965
13049
13139
12856
12882
13165
13012
13200
13215
13172
13158
13171
13155
13226
13087
13370
13291
13332
13609
13499
13554
13492
13211
13538
13319
13577
13242
13618
13759
13611
13236
13580
13412
13482
13741
13166
13367
13444
13627
13432
13545
13516
13614
13852
13720
13933
14004
13948
13934
13876
13796
13893
13863
13827
13919
13871
13893
13818
13860
14363
14089
13836
14282
14148
14000
14130
14036
14218
14408
14302
14209
14294
14276
14572
14280
14426
14306
14233
14300
14296
13864
14427
14054
14447
14230
14207
14365
14435
14592
14550
14531
14733
14895
14496
14676
15021
14811
14453
14575
14530
14798
14548
14928
14918
14848
14952
15152
15010
15154
15065
15113
15011
15177
15183
15183
15195
14874
15020
15247
15229
15293
15183
15426
15218
15044
15400
15180
15435
15306
15345
15374
15151
15309
15075
15240
15147
15046
14943
15375
15393
15449
15122
15438
15549
15729
15540
15769
15966
15734
15821
15729
16229
16077
15936
16016
15942
16017
16094
15900
16175
16234
15915
16060
15936
15966
16337
16436
16153
16395
16268
16200
16531
16181
16323
16157
16522
16205
16388
16112
16461
16361
16186
16731
16411
16389
16711
16401
16574
16794
16740
16613
16651
16437
16470
16498
16650
16690
16621
16386
16783
16584
16718
16800
16691
16714
16676
17026
16815
16951
16844
17099
17310
17011
17234
17199
17096
17301
17337
17354
17403
17298
17248
17285
17529
17450
17289
17467
17284
17361
17100
17243
17384
17501
17275
17617
17348
17750
17455
17588
17906
17492
17728
17696
17978
17601
17739
17942
17910
17832
18085
17659
18080
17676
17757
17868
17882
17996
17779
17790
17736
17924
18356
18117
18153
18263
18395
17984
18208
18299
18269
18388
17922
18123
18108
18663
18313
18093
18632
18184
18672
18392
18234
18270
18451
18392
18313
18330
18389
18243
18698
18744
18758
19288
19327
18987
19042
18951
19156
18999
18954
19030
18996
18917
19114
19124
18996
19735
19374
19144
19209
19108
19272
19083
19028
19077
18999
18683
19050
18715
18692
18911
18841
18886
18807
19095
19092
19049
19115
19530
19572
19533
19584
19862
19819
19523
19712
19968
19473
19818
19460
19276
18920
18648
18303
17797
17526
17142
17066
16570
15905
15872
16113
16144
16502
16896
17716
18282
18946
19289
19968
20765
20876
20827
20741
21082
21099
20785
20710
20618
20674
20992
20592
21024
20548
20715
20613
20396
20728
20783
21032
20916
21000
20985
20736
20836
20707
20685
20967
21030
20822
20744
20597
20890
21197
21164
20906
21170
21293
21324
21517
21339
21338
21454
21298
21789
21293
21573
21278
21060
21047
21306
21402
21142
21287
21260
21494
21284
21507
21273
21190
21681
21310
21596
21616
21957
21372
21762
21864
21269
21688
21672
21945
21692
21724
21638
21675
21965
21917
21819
21882
22082
21760
21688
21969
21971
21780
21804
21950
22276
22039
22122
22261
22132
21901
22233
22116
22043
22286
22299
22641
22452
22286
22264
22176
22863
22592
22509
22972
22785
22978
22770
23068
22569
23085
22856
23090
22904
23154
23172
23292
23095
23251
22891
23430
23336
23097
23559
23373
23301
23432
23218
23551
23415
23549
23760
23281
23146
23114
23102
22836
22649
22521
22397
22224
22544
22157
22148
22406
22368
23108
23130
23641
23885
24064
23884
23770
23754
24039
24018
24264
24000
24002
23892
24219
24234
24268
24070
24150
24023
24500
24194
24326
24292
24393
24676
24401
24224
24582
24338
24745
24534
24339
24252
24342
24460
24464
24642
24524
24557
24520
24853
24832
24577
24757
25020
24612
24548
25193
25110
24868
25296
25032
25286
25360
25035
25026
25028
25232
25152
24949
25252
25088
25547
25350
25270
25117
25429
25364
25412
25562
25254
25406
25470
25556
25529
25469
25242
25664
25633
25728
25470
25375
25499
25483
25867
25690
25772
26148
26066
25864
25960
25685
25963
25738
25991
25823
25636
25896
26018
25968
25930
26103
26493
26020
26308
26223
26540
26331
26541
26584
26149
26468
26676
26683
26587
26381
26922
26531
26683
26507
26511
26659
26537
27140
26728
27084
26929
27128
27109
27136
27318
27227
27420
27226
27181
27200
27175
27454
27210
27121
27525
27803
27278
27140
27068
27559
27285
27357
27621
27311
27848
27796
27540
27784
27748
27512
27456
27541
27508
27720
28067
27876
27911
27732
27755
27833
27666
27828
27708
27630
27674
27982
27817
27728
28218
27655
27676
27942
28196
27992
28249
28160
28212
28292
28395
28242
28381
27744
28269
28064
28001
27876
27846
28360
27915
28040
28302
27751
28169
28460
28240
28815
28747
28566
28828
28685
28695
28709
29008
28671
28836
28898
28987
28820
28954
29320
28738
29248
29370
29164
28966
29113
29103
29359
29245
29316
29275
29588
29364
29701
29288
29373
29106
29469
29416
29152
29538
29226
29469
29350
29398
29490
29768
29672
29373
29628
29897
29852
29844
29434
30067
30006
29743
29668
30092
30300
30129
29888
29980
29794
30434
29848
29976
30386
30500
30345
30504
30298
30122
29976
30394
30198
30391
30148
30644
30600
29963
30326
30482
29996
30794
30494
30272
30388
30842
30990
30848
30821
30781
30778
30504
30994
30852
30686
30529
30420
31095
30784
30744
30804
30955
30420
31296
30831
31194
31320
30541
30943
31035
30748
31001
30904
31019
31140
30880
30934
31272
30976
30824
31206
31052
31323
31179
31314
31010
31106
31461
31344
31654
31162
31512
31029
31381
31611
31325
31504
31532
31402
31650
31074
31643
31755
31619
31749
31872
31478
31566
31449
32180
32194
31581
31706
31658
31876
31924
31776
32394
31941
32040
31741
31735
31919
32069
31840
31740
32072
31796
31825
31782
32062
32250
32150
31962
32430
32568
32566
32222
31933
32152
32494
32133
32494
32014
32229
32069
32408
32148
32646
32489
32350
32801
32808
32500
32651
32376
32305
32558
32763
32718
32875
32734
32409
32090
32189
32386
31800
32033
31922
31685
31988
31909
31625
31374
31517
32090
32644
32639
33065
32983
33082
33179
33394
33108
33244
33168
33108
32970
33064
33305
33290
33088
33376
33152
33012
33525
33072
33006
33024
33133
33214
33141
33432
33321
33184
33293
33155
33076
33768
33193
33735
33140
33524
33382
33620
33592
33448
33512
33179
33348
33690
34059
33681
33595
33675
33640
33569
34048
33410
33943
33291
33821
33621
34090
33553
33980
33989
33524
33502
34092
33821
33948
33958
33832
33992
33954
34231
33751
34286
33920
34232
33799
34363
34118
33931
34075
34316
33488
34014
34352
33930
33862
34066
33772
34092
33857
34048
33945
34347
34068
34314
34328
34052
34062
34517
34332
34614
34280
34274
34614
34448
34332
34370
33979
34140
34732
34698
34595
34440
34629
34324
34093
34012
33981
34400
34270
34281
34642
34776
34836
34337
34749
34562
34527
34570
34944
34726
34322
34858
34684
34660
34637
34475
34788
34867
34440
34404
34901
34760
34432
34586
34540
34513
34864
34504
34788
34830
34921
35260
34442
34861
34873
35089
34699
34639
34947
35054
35062
35179
35207
35237
35016
34564
35035
34895
35208
34789
35076
35008
35177
34868
35180
35445
35360
35060
35034
35291
34666
35300
35092
35124
35413
35292
35400
35315
34714
35190
35213
35200
35261
35313
35278
35520
35133
35204
35445
35394
35456
35450
35108
35412
34993
35440
35581
35262
35476
35356
35384
35368
35318
35226
35261
35052
35131
34985
35318
35140
35034
35138
35060
34836
35310
35338
35639
35156
34988
35721
35464
35483
35469
35293
35279
35146
35292
35606
35249
35323
35052
35037
35693
35332
35877
35412
35186
35690
35342
35274
35309
35437
35371
35136
35245
35616
35434
35271
35716
35858
35218
35530
35674
35946
35565
35551
35629
35721
35720
35226
35400
35743
35574
35669
35570
35337
35300
35445
35656
35970
35829
35722
35546
35540
35787
35372
35540
35244
35634
35480
35613
35586
35280
35204
35122
35725
35188
35027
35105
35541
35136
35361
35144
35400
35241
35720
35216
35677
35434
35108
35474
35462
35764
35669
35170
35490
35806
35328
35149
35050
35029
35236
34837
34970
34630
34880
34970
34260
34944
34412
34773
34342
35024
34740
34651
34732
34886
34530
34936
34936
35019
35008
35594
35744
35890
35545
35786
35206
35426
35374
35044
35205
35120
35364
35176
35332
35642
35421
35497
35179
35498
35638
35430
35174
35514
35362
35176
35074
35236
35460
35164
35213
35261
35210
35436
35316
35214
35081
35077
34907
35464
35563
35003
35408
35546
35224
34846
34976
34778
34737
34827
34884
34900
34934
35246
34596
35088
34924
34687
34820
34616
34640
34646
34921
35060
34552
34780
34926
34687
35072
34860
34561
34944
34756
34909
34669
35145
34560
34682
34768
34358
34820
34461
34537
35008
34512
34343
34197
34534
34675
34372
34564
34637
34180
34293
34107
34465
34036
34634
34349
34661
34217
33718
34441
34420
34685
34452
34120
34569
34341
33881
34473
34315
34028
34618
34420
34486
34209
33921
34450
33996
33952
33903
34082
34060
33920
34048
33920
34326
33984
34072
33394
33577
33952
33882
33645
33546
33496
33094
33643
33527
33613
33460
33560
33434
33334
34166
33836
33243
33592
33604
33240
33817
33293
33637
33216
33394
33541
33654
33280
33275
33675
33480
33138
33466
33193
32932
33669
33076
33063
33186
33226
33128
33310
33115
33172
32909
32821
33168
33237
33066
33057
33154
32764
33156
32846
32875
32925
32916
33120
32999
32957
33084
32904
32585
32653
32377
32766
32614
32735
32566
32689
32376
32138
32551
32220
32244
32400
32360
32154
32219
32228
32146
31872
32115
32165
32012
31604
32280
31854
32418
31865
32388
32151
32133
31972
32186
31789
32036
32186
32100
32000
32373
31660
31793
32000
31864
31766
31634
31599
31817
31833
31814
31764
31872
31843
31326
31700
31144
31397
30733
30674
30548
31004
31112
31158
30660
31236
30912
30692
30576
30743
31381
31257
31279
31114
30873
31167
31117
30687
31223
30939
30701
30893
30790
30556
30731
30473
30228
31034
30590
30560
30522
30824
30245
30285
30458
30316
30041
30451
30533
30336
30171
30394
29981
30106
30320
30451
29928
29826
30069
29973
30147
29936
30064
29530
29430
29467
29558
29376
29800
29528
29704
29663
29592
29260
29644
29240
29451
29520
29607
29089
29290
29236
29396
29614
29381
29300
29006
29224
28855
28620
29371
29302
29166
29173
29212
28689
29164
28863
29111
29198
28698
28774
28936
28748
28258
28508
28910
28830
28793
28482
28276
27938
27603
28187
28178
28045
28066
28067
27720
28312
27874
27853
27720
27694
27530
27386
27223
27366
27353
27477
27332
27575
27420
27435
27924
27549
27340
27509
27594
27593
27464
27396
27445
27336
27501
27386
27524
27421
27260
27435
27078
27045
27337
27173
27649
26828
26594
26357
25773
26226
25888
25813
26218
25938
25987
25728
26067
26338
26442
26341
26493
26842
26456
26324
26689
26088
26534
26590
26420
26328
26556
26317
26312
26375
26004
26133
26029
26221
26170
26066
26101
25871
25803
26003
25388
25652
25840
25642
25460
25752
25515
25197
25433
25544
25422
25283
25277
25359
25386
25068
25309
25179
25450
25370
25288
25092
24430
24264
23834
24161
23784
23998
24161
24164
24374
24283
24416
24347
24601
24232
25095
24314
24556
24461
24804
24173
24344
24404
24408
24364
24311
24170
23834
24122
24223
24064
24074
24009
23768
23722
24004
23885
23904
23397
23168
23353
23616
23236
23389
23270
23620
23402
23338
23477
23130
23540
23297
23115
23600
23390
23493
23264
23285
23178
23098
23210
22963
23252
22956
22790
22806
22895
22850
22775
22659
22413
22775
22482
22602
22673
22857
22398
22777
22490
22675
22150
22900
22284
22338
22130
22558
22374
22169
22330
21979
22100
21929
22146
21928
21870
22185
21857
21881
21615
21608
21684
22093
22053
21585
21760
21884
21702
21798
21696
21845
21807
21283
21540
21558
21826
21327
21229
21626
21374
21684
21367
21540
21614
21590
21304
21047
20820
20383
20202
20680
20679
20620
20569
20506
20731
20749
20674
21218
20859
20790
20750
20864
20632
21008
20712
20820
20347
20581
20545
20747
20704
20642
20645
20737
20362
20313
20342
20237
20186
20477
20034
19990
19968
20373
20139
20420
20025
20285
19897
20034
20189
19992
19882
19845
19930
19915
19934
19957
19869
19767
19764
19836
20242
19712
19698
19833
19897
19993
20074
19730
19927
19506
19724
19689
19768
19514
19290
19325
19541
19437
19564
19639
19443
19447
19441
19598
19520
19486
19622
19276
19140
19584
19400
19418
19659
19467
19608
19409
19265
19130
19030
19090
19322
19258
19386
19304
18858
18964
19355
19456
19126
19310
19322
19181
18886
18911
19020
19135
19066
18904
18855
19004
18911
18907
18999
19176
19152
19018
19204
19077
19050
19102
19105
19029
18809
18997
18828
18688
19604
19026
19220
18905
19261
18971
18956
18712
18813
19192
18756
18647
18902
18622
18776
18840
19001
19082
18748
18628
18968
18908
19109
18948
18811
18693
19064
18953
18746
18888
18839
18882
18840
18821
18756
19142
19148
19025
19261
19050
19090
18532
19108
18870
18930
18716
18932
19032
18982
18891
18940
19043
18944
18844
18782
19067
18968
19067
18797
18984
19133
18874
19165
19081
19498
19246
19334
19336
19085
19362
19192
19161
19182
19460
19162
19311
19041
19156
19453
19354
19179
19564
19649
19533
19105
19801
19426
19626
19521
19576
19401
19744
19377
19254
19378
19668
19620
19236
19298
19629
19816
19522
19439
19929
19688
19946
20044
19796
20057
19801
19940
19830
19984
19705
19925
19962
19844
19848
19924
19879
20268
20120
20500
20071
20158
20355
20253
20211
20275
20246
20472
20308
20536
20473
20412
20404
20506
20496
20351
20843
20576
20562
20872
20936
20736
21126
21025
20860
20814
20894
21482
21268
21301
21162
21158
21195
21404
21250
21648
21484
21443
21272
21456
21548
21480
21537
21161
21677
21580
21702
21734
21496
21683
21890
21894
21374
21489
21844
21463
21883
21970
21708
21881
22425
22186
22350
22620
22374
22069
22016
22278
22168
22200
22392
22500
22376
22419
22189
22524
22548
22740
22592
23029
22736
23199
23369
23398
23659
23637
23757
23660
23739
23844
23785
24013
23828
24202
23946
23790
24107
23737
24310
24209
24276
24111
23628
24202
24111
24139
24332
24054
24420
24514
24381
24903
24594
24615
25002
24964
25046
24925
24886
24898
25166
24832
24948
24820
25069
25405
25448
25448
25408
25370
25632
25232
25765
25620
25883
25469
25452
25613
25578
25997
25453
25748
25498
26146
25771
25304
25716
25757
26463
26246
26705
26477
26615
26299
26507
26964
26822
26814
26318
26354
26634
26494
27284
26668
27009
27259
27583
27434
27253
27579
27761
27563
27530
27503
27366
27575
27108
27696
27896
27872
27926
27824
27672
28102
27466
27940
27604
28088
27988
28130
28194
27962
28125
28004
27951
27801
27973
27656
27738
27981
28152
28228
28508
28596
28462
28583
28827
28763
28586
28880
28376
28657
28839
28649
29387
28696
29378
28940
29158
29090
29204
28908
29248
29038
29003
29026
29294
29396
29048
28850
29512
29350
29274
29584
29566
28761
29074
29124
29358
29669
29297
29700
29496
29992
29419
29686
29476
29952
29828
29717
29828
29952
29554
30024
29909
30036
29806
30236
30411
29930
29733
29904
29289
29248
29262
29077
29226
28746
28956
29900
29958
30141
30165
30496
30622
30758
30472
30558
30533
30612
30780
30476
31084
30398
30729
30596
30581
31078
30765
30643
30538
31066
30570
30912
30514
30590
30650
31061
30734
30586
30484
30696
30797
30798
30642
30666
30795
30940
30585
30552
30479
30610
30314
31066
30490
30764
31369
30685
31024
30824
31261
30678
31360
30795
30857
30536
30912
30950
30508
30625
30634
30775
30848
30831
30683
31069
30764
30834
30378
31226
30621
30365
30488
30405
30685
30246
30603
30182
30589
30491
30281
30661
30248
30610
30242
30710
30272
30201
30027
30272
29884
30310
30405
30325
30124
30116
30342
30544
30038
29846
30080
29907
29865
29754
30004
29700
30101
29976
30089
29730
29540
29625
29740
29575
29558
29800
29320
29503
29345
29322
29336
29267
29450
29042
29258
29112
28995
29076
28996
28948
28951
28864
28913
28619
28710
28445
28589
28487
28538
28550
28821
28504
28806
28614
28762
28138
28492
28229
28587
28715
28386
28097
28192
28372
28437
27600
28017
28050
27779
27554
27776
27373
27766
27396
27637
27236
27517
27345
27220
27232
27372
27444
27501
26699
26968
27204
27223
26982
26698
26845
26925
26862
26942
26285
26199
26440
26624
26313
26234
26460
26230
26056
26086
25666
26014
25864
26052
25652
25838
25871
26021
25484
25654
25548
25413
25333
25527
25005
25124
25326
25002
24904
24650
25033
24641
24793
24781
24708
24632
24862
24354
24352
24229
23969
24032
23697
23808
23860
23767
23636
23533
23550
23832
23681
23707
23384
23188
23172
23348
23148
23084
22895
22939
22713
22585
22493
22500
22323
22058
22244
22255
22052
21965
22088
21894
21880
21912
22000
21842
21214
20736
20365
20010
19508
19628
20314
20367
20573
20502
21048
20678
20934
20697
20544
20543
20308
20236
20118
20033
19758
19517
19676
19751
19779
19381
19406
19140
19080
18954
18817
18954
18533
18383
18489
18363
18533
18276
18187
17832
18367
18132
17756
17856
17452
17421
17288
17243
17184
17194
17252
17060
17037
16808
16900
16486
16586
16525
16644
16298
16288
16054
16337
16088
15875
15736
15547
15529
15604
15307
15052
15014
14820
14796
15078
14644
14643
14559
14954
14741
14279
14282
14287
14271
14079
13978
13882
13738
13736
13584
13422
13244
13276
13608
13350
13185
13212
13038
12759
12928
12801
13065
12674
12548
12756
12407
12180
12079
11949
11878
11865
11859
11674
11627
11339
11585
11166
11312
11468
11178
10986
11131
10948
10693
10781
10844
10438
10524
10511
10727
10413
10317
10379
10461
10003
10052
9843
9945
9940
9859
9696
9516
9350
9432
9362
9264
9197
9429
9248
9029
8934
8908
8776
8645
8616
8621
8781
8569
8323
8537
8509
8358
8320
8365
8150
8151
8179
8077
7819
7569
7408
7359
7218
7328
7225
7616
7316
7603
7386
7377
7314
7426
7302
7106
7041
7174
7081
7181
7176
7050
7113
7129
7017
7122
6884
6775
6793
6897
6802
6773
6623
6564
6760
6634
6485
6317
6604
6468
6402
6311
6295
6353
6349
6053
6252
5970
6017
5890
6123
5897
5973
5867
6214
5893
5914
5956
5986
5771
5910
5682
5859
5705
5593
5518
5494
5662
5642
5613
5632
5741
5568
5581
5598
5666
5501
5496
5590
5366
5135
5343
5307
5305
5315
5264
5102
5185
5181
5225
5235
5128
5033
5338
