4652
4828
4703
4889
4753
4784
4801
4860
4935
4990
4788
4912
4773
4885
4785
4843
5028
4848
4894
4872
4870
4893
4853
4861
4761
4887
4947
4871
4671
4959
4815
4880
4920
4851
4857
4970
4922
5073
4833
5052
5004
4924
4953
5110
5068
4873
5233
5105
5045
4958
5158
5088
5177
5088
4973
5160
5053
5092
5159
5082
4882
5161
4922
4994
5176
4964
5218
5147
5181
5076
5175
5117
5130
5297
5202
5101
5190
5142
5288
5242
5121
5104
5183
5323
5368
5279
5274
5200
5196
5269
5114
5346
5404
5173
5260
5278
5269
5111
5283
5383
5334
5428
5364
5299
5373
5558
5307
5432
5445
5513
5501
5244
5318
5283
5359
5303
5330
5433
5476
5448
5485
5373
5453
5419
5574
5647
5646
5562
5408
5591
5604
5518
5451
5556
5470
5545
5717
5607
5709
5563
5618
5743
5594
5698
5605
5535
5866
5576
5608
5524
5688
5482
5679
5568
5704
5697
5796
5627
5790
5645
5856
5589
5769
5828
5814
5924
5931
5823
5757
5611
5736
5935
5758
5652
5848
5787
5797
5768
5852
5946
5955
5700
5944
5700
5863
5785
5928
5956
6024
5953
6182
5926
6054
6075
5965
5915
5896
5914
6099
5984
5996
5973
5903
5981
5823
5984
5926
5913
6042
5947
6229
6060
6098
6154
6008
6015
6110
6154
6159
6045
6282
6226
6184
6002
6268
6131
6090
6273
6147
6195
6216
6232
5996
6068
6091
6299
6146
6307
6306
6246
6436
6311
6263
6232
6431
6485
6319
6385
6186
6359
6449
6507
6338
6415
6445
6411
6397
6458
6559
6450
6429
6353
6304
6496
6348
6433
6455
6484
6459
6500
6608
6519
6804
6648
6506
6609
6638
6816
6557
6597
6601
6596
6716
6793
6748
6606
6514
6661
6769
6678
6715
6654
6585
6601
6852
6624
6608
6738
6594
6524
6914
6820
6763
6845
6760
6754
6796
6854
6888
6782
6844
6869
6943
6891
6981
6792
6852
6937
6912
6824
6947
7017
7070
6937
6734
6795
6905
7021
7098
6996
7173
6866
7090
7131
7341
7030
6973
7118
7241
7175
6977
7189
7199
6993
7007
6990
7040
7003
6852
7142
6969
7021
7066
7059
7192
7236
7245
7401
7114
7221
7403
7309
7417
7251
7355
7424
7208
7246
7642
7292
7409
7485
7360
7574
7323
7225
7460
7284
7318
7469
7289
7669
7564
7731
7521
7240
7518
7563
7471
7616
7490
7562
7492
7510
7570
7454
7579
7579
7773
7512
7713
7576
7428
7756
7671
7615
7582
7773
7819
7712
7846
7784
7589
7901
7671
7848
7809
7702
7744
7948
7870
7760
7934
8007
7984
7736
7939
7891
7846
8041
7947
7873
8074
7890
7938
8147
8099
8144
8026
8101
8042
8077
8062
8140
8080
8158
8203
8193
8248
8068
8092
8086
8220
8224
8237
8166
8091
8076
8199
8316
8147
8187
8284
8453
8341
8359
8505
8352
8273
8348
8389
8578
8255
8308
8736
8602
8402
8537
8671
8394
8466
8482
8344
8640
8476
8330
8625
8729
8662
8519
8770
8659
8688
8773
8665
8665
8838
8796
8818
8608
8608
8675
8674
8762
8776
8584
8978
8836
8699
8686
8884
8970
9049
8801
8950
9020
8991
8964
8992
8952
9079
8933
8975
9044
9054
8897
8961
9133
8858
9025
9108
9104
9117
9126
9206
9213
9043
8940
9164
9168
9157
9178
9455
9175
9251
9220
9382
9380
9309
9036
9356
9312
9266
9378
9266
9180
9583
9272
9474
9535
9392
9485
9480
9395
9348
9389
9415
9474
9463
9333
9742
9527
9412
9537
9381
9475
9510
9689
9836
9658
9603
9696
9667
9694
9616
9801
9699
9728
9770
9870
10004
9953
9950
9890
9919
9829
9941
9753
9768
10010
9931
9898
10012
9949
10004
10075
10028
9891
10186
10149
10181
10121
9894
9986
10286
10043
10075
10106
10114
10354
9995
10246
10176
10120
10181
10278
10092
9987
10035
10233
9993
9836
9865
10252
10123
10123
10258
10413
10572
10400
10368
10396
10436
10689
10626
10382
10629
10581
10541
10577
10764
10384
10621
10669
10666
10600
10736
10782
10821
10712
10864
10865
10693
10756
10910
10890
11020
11072
10959
10925
10922
10917
11100
10967
10762
10904
10789
10946
10897
11051
11154
11121
10982
10925
11252
11202
11193
11237
11270
11297
11322
11114
11016
11338
11387
11286
11033
11357
11377
11321
11322
11401
11248
11182
11338
11520
11352
11571
11481
11627
11374
11782
11735
11614
11628
11696
11566
11733
11741
11909
11850
11854
11752
11685
11794
11851
11712
11451
11949
11741
11786
11589
11729
12038
11924
12076
11738
11923
11984
11953
12037
11920
11874
12102
12052
12106
11991
11780
11934
12014
12435
12304
12212
12244
12260
12383
12148
12164
12249
12479
12500
12492
12466
12287
12539
12193
12394
12549
12357
12397
12637
12470
12511
12346
12676
12514
12590
12826
12788
12688
12774
12680
12985
12987
12693
12666
12564
12816
12686
12789
12765
12859
12844
12875
12864
12694
12987
12636
12846
13082
13130
12778
13355
13053
12986
13098
13060
13079
13038
13105
13108
13188
13116
13202
13099
13193
13142
13450
13193
13445
13368
13248
13445
13295
13723
13588
13386
13561
13568
13417
13335
13356
13722
13466
13388
13491
13487
13572
13597
13369
13642
13643
13898
13652
13700
13658
13965
13844
13734
13840
13884
13707
13860
13817
13944
14044
14121
13925
14145
14010
13989
14193
14260
13972
14122
14212
14331
14205
14108
14030
14241
14029
14238
14261
13990
14340
14201
14365
14386
14651
14464
14578
14335
14396
14253
14346
14630
14377
14313
14538
14316
14194
14300
14466
14534
14491
14510
14721
14749
14539
14858
14918
14803
14814
14992
15002
14763
14855
15079
14926
15174
15224
15042
15076
15228
15150
15204
15108
15017
15084
15144
15006
15113
15260
15139
15243
15274
15140
15789
15682
15309
15218
15105
15093
15584
15562
15405
15510
15416
15500
15346
15425
15545
15620
15693
15866
15956
15552
15849
15649
15575
15692
15733
15722
15902
15603
15709
15814
15624
15794
16044
16181
15894
15966
16071
15909
15862
16086
16157
16248
16037
16385
15937
16283
16155
16446
16351
16336
16332
16076
16237
16422
16287
16185
16152
16337
16600
16602
16417
16628
16606
16493
16449
16870
16660
16748
16652
16740
16908
16781
16786
16640
16852
16984
16642
16883
16749
16666
16876
17093
16997
16914
17019
16925
16809
16727
17334
17060
17365
16795
17361
17258
17234
17250
17246
17115
17474
17384
17209
17170
17440
17451
17381
17355
17427
17536
17104
17168
17124
17415
17551
17540
17664
17472
17612
17866
17799
17806
17857
17901
17956
18122
17812
17978
18020
17913
18234
17934
18022
17928
17957
18374
17826
17916
17978
17975
18174
17882
17833
17826
17809
17822
17686
17836
17920
17703
17923
17785
17791
17766
17898
18427
18362
18429
18333
18496
18723
18786
18578
18454
18712
18513
18565
18139
18079
17321
16915
16809
16334
16255
15748
15535
15043
15079
15192
15220
15552
16013
16661
17100
17484
17954
18422
19113
19433
19526
19531
19640
19567
19395
19613
19536
19174
19407
19632
19079
19144
19254
19133
19187
19289
19357
19532
19690
19524
19520
19419
19434
19252
19508
19114
19552
19559
19619
19456
19736
19894
19691
19643
20090
20113
19986
19834
20176
20021
19863
20051
19825
19834
20056
20431
20033
19798
20008
19701
19739
20034
20162
19770
20053
20168
20196
19819
20289
19937
20317
20205
20079
20143
20184
20396
20530
20232
20703
20283
20575
20309
20443
20738
20544
20378
20353
20644
20788
20667
20778
20653
20628
20500
20950
20634
20692
20809
20595
20668
20981
20676
20640
20610
20811
20954
20717
20628
21194
20785
20942
20957
21112
21181
21172
21227
21375
21638
21513
21684
21262
21637
21660
21722
21596
21760
21709
21542
21578
21600
21584
21787
21754
21763
21964
21572
22056
22004
22233
21958
22336
22023
22278
21842
21634
21738
21403
21137
21102
21313
21333
20906
20877
20646
21007
20652
21240
21138
21856
22212
22123
22872
22411
22637
22245
22264
22320
22640
22424
22532
22377
22657
22548
22548
22840
22605
22896
23018
23195
22621
22820
22952
23053
22638
22714
22996
23250
22948
22844
22845
23012
23068
23082
22801
22824
22980
23147
23331
23241
22954
23208
23349
23160
22976
23518
23476
23386
23449
23144
23533
23602
23330
23673
23515
23601
23709
23413
23730
23654
23709
23826
23812
23841
23720
23861
23770
23808
24035
24153
23933
24013
23658
24109
23752
23941
24031
24266
24084
24019
23860
24011
24133
24068
23967
24348
24000
24318
24331
24256
24214
23968
24508
24628
24437
24609
24613
24796
24402
24546
24981
24782
24768
24431
24736
24664
24444
24894
24789
25057
24700
24760
24982
25037
24994
25034
24978
24923
24663
24980
25185
25051
24932
24998
24980
25015
25384
25154
25226
25180
25349
25403
25498
25402
25104
25357
25510
25507
25704
25409
25430
25573
25714
25746
25856
25122
25408
25723
25696
25986
26046
25899
25367
26016
26120
25746
26240
26046
25946
26217
25876
26517
25988
25963
25881
26090
25776
25901
26138
26094
26216
25709
26112
26232
26384
26114
26257
26312
26084
26382
26602
26600
26586
26363
26116
26136
26469
26188
26388
26047
26372
26270
26004
26525
26275
26384
26120
26677
26503
26676
26603
27166
27181
26705
27156
27180
27003
27291
27206
26809
26695
27098
27141
27103
27410
27002
27124
27330
27305
27116
27519
26968
27556
27213
27195
27668
26949
27285
27307
27151
27780
27392
27449
27715
27400
27713
27424
27688
27384
27805
27577
27636
27993
27942
27531
27888
27827
27980
27879
27656
28110
27592
27652
27978
28122
28073
28078
27754
28170
28208
28123
28090
28134
28344
28383
27951
28306
27970
28153
28653
28345
28068
28230
27953
28800
28270
28650
28218
28628
28702
28573
28698
28699
28774
28671
28786
28650
28637
28872
29072
28864
28553
29098
29130
28704
28840
29117
28886
28929
28792
29270
29150
29090
29018
28790
28934
29193
28770
29001
28952
28849
29036
28986
28849
29249
28764
28948
29048
28930
29268
29400
28697
29430
29320
29473
29172
29524
29198
28948
29417
29366
29420
29248
29274
29645
29576
29526
29789
29372
29762
29696
29475
29589
29848
29336
29510
29380
29394
29690
29898
29630
29840
30154
29866
29884
30128
29882
30021
30004
29768
29952
29794
29582
30056
29594
29461
30000
29693
30208
30180
30094
30031
30316
30315
30212
30324
30171
30393
30397
30272
29952
30192
30308
30290
30697
30253
30180
30277
30198
30566
30532
30190
30666
30594
30358
30411
30980
30328
30687
30872
30346
30621
30093
30121
30029
29808
29842
29686
29850
29896
30122
29708
29741
29623
30442
30340
30556
30976
30712
31001
30957
30738
31049
31348
31134
30768
30812
30848
31275
31021
31307
31548
30875
30962
31050
31116
30757
31006
31011
30940
30989
31187
31203
31106
31380
30862
31067
31181
30901
31241
31158
30910
31288
31630
31356
31086
31597
31242
31670
31332
31377
31417
31550
31554
31288
31517
31642
31810
31570
31444
31426
31670
31332
31543
31213
31646
31348
31907
31542
31338
31574
31852
31524
31804
31717
31691
31427
31344
31764
31711
31645
31661
32000
31629
32061
31848
31679
31808
31780
31808
31789
31972
31702
31910
31940
32045
32126
31885
32112
31928
32020
31572
32083
32056
31819
32132
31716
31902
31787
32194
31772
31911
31911
32281
31769
32128
31904
31961
32009
31942
32106
32040
32185
32342
31941
31661
32121
32173
32166
32505
32456
32292
32242
32348
32372
32410
32000
32265
32468
32530
32281
32388
32535
32773
32770
32604
32618
32506
32268
32239
32043
32700
32424
32660
32261
32859
32581
32384
32955
32410
32384
32453
32342
32672
32256
32638
32464
32515
32388
32557
32190
32765
32321
32424
32432
32248
32853
32853
32466
32618
32354
32376
32729
32952
32776
32593
32668
32948
32438
32686
33214
33333
32733
32735
32764
32678
32900
32672
32445
32719
32765
32687
33099
33216
33304
32770
32741
32513
32822
32973
32538
32930
32936
33056
32866
33082
32611
32866
32978
32879
32986
32613
33206
33053
32906
32718
32719
32832
32621
32659
32652
32821
32659
32816
33158
33037
32992
32942
33076
33092
33280
32788
33152
32868
32747
33056
33212
33032
32660
33364
33124
33078
32996
33013
33013
32679
32884
32757
33030
33002
32966
32882
32575
33076
33265
33156
33088
33108
32753
33455
32779
33252
33006
33036
33202
32966
33230
32975
32896
32762
33188
32975
32813
33169
33193
32920
32994
33042
32747
32989
32923
33171
33212
33252
32904
33252
33081
32978
32799
32730
32794
33096
32973
32717
32568
32637
32890
32571
32918
32885
32772
33094
32890
32912
32796
33116
33156
33249
32912
33217
33024
32653
33068
32941
32664
32941
32682
32306
32914
32462
32549
32465
31814
32070
32078
32156
32065
31926
31986
32410
32188
32072
32256
32436
32961
32735
32972
32898
32802
33189
33050
33160
33210
33076
33197
33261
32683
33140
32970
32853
32666
32788
33098
32856
32712
32900
32836
32832
32878
32605
32852
32981
32553
33000
32742
32596
33124
32605
32717
32896
32921
32958
32763
32966
33052
32735
32623
33035
32343
32669
32534
32772
32644
32234
32518
32491
32308
32873
32865
32228
32374
32599
32157
32256
32541
32564
32057
32558
32356
32461
31972
32112
32091
32097
32508
32308
32124
32042
32271
32061
32120
32027
32457
32233
32310
32474
32210
32510
32072
32214
32107
31872
31899
32157
32089
32069
32332
32064
32000
31846
31608
31725
32244
31761
32036
31874
32192
31805
31517
31812
31320
32282
31732
32167
31668
31605
32230
32131
31549
31924
32059
31688
31564
31606
31353
31120
31700
31522
31668
31219
31753
31532
31589
31652
31293
31653
31412
31316
31444
31292
31623
31375
31367
31332
31308
31387
31092
31440
31480
31264
30858
31874
31206
31022
31222
31570
31542
31053
31192
31086
31344
31476
31371
31162
31018
31048
30789
31067
30984
31304
30581
31179
30733
30925
31106
30937
30632
30894
30218
30856
30574
30729
30588
30497
30459
30675
30506
30396
30244
30794
30460
30566
30741
30437
30212
30536
30907
30541
30711
30181
30248
30344
30415
30233
30336
30272
30250
30137
30220
30068
30408
30048
30184
30282
30202
29818
30100
29746
30088
29686
29777
29963
29691
29986
29813
29858
29642
29876
29773
29698
30061
29804
29636
29355
29660
29582
29574
29700
29378
29300
29444
29610
29578
29336
29368
29924
29521
29649
29348
29548
29167
29277
28954
29496
28907
28555
28465
28436
28940
28578
28756
28571
28642
28619
28214
28618
28354
28904
28660
28569
28805
28936
28990
28773
28849
29035
28692
28170
28736
28484
28596
28444
28516
28335
28685
28086
27862
28548
28874
28155
28505
28610
28016
28037
27655
27986
27673
28056
27842
27604
27659
27860
28085
28106
27138
27895
27904
27807
27427
27645
27630
27504
27043
27589
27284
27074
26917
27307
27302
27188
27491
27053
27526
27186
27136
27427
27220
27334
27183
27068
27124
27008
27256
27354
27415
26956
27257
26758
27044
26679
26827
27258
26746
26730
26976
26956
26652
26955
26549
26831
26586
26776
26328
26504
26478
26360
26041
26200
25719
26233
26014
25924
25934
26070
25872
25670
25688
25934
25940
25676
25386
26098
25177
25069
25165
25384
25511
25326
25113
25509
25407
25228
25402
25178
25468
25353
25575
25379
25477
25309
25570
25463
25574
25424
25228
25594
25267
25282
25162
25233
25274
25225
24968
24543
23922
23769
24076
23922
23917
24192
23970
23997
24027
24079
24208
24358
24662
24303
24849
24573
24572
24661
24736
24552
24365
24248
24362
24442
24297
24292
24409
24154
24399
23977
23981
24260
23949
24154
24122
24109
23866
23898
23572
23970
23768
24182
23481
23976
23676
23684
23640
24102
23497
23423
23708
23564
23548
23627
23418
23453
23241
23245
22977
22488
22501
21760
22129
22080
22253
22350
22335
22672
22749
22450
22628
23325
23040
22920
22674
22810
22954
22673
22729
22552
22310
22628
22698
22426
22285
22434
22446
22287
22563
22132
21869
22285
22293
22180
22065
22069
21860
21632
21898
21856
21593
21569
21632
21737
21958
21529
21717
21836
21769
21912
21810
21835
21494
21224
21515
21789
21678
21506
21656
21625
21474
21409
21107
21391
21196
21471
21217
21321
21095
21032
21224
20745
21129
21261
21031
20742
21012
21008
21343
21120
20801
21058
20756
20377
20861
20774
20649
20598
20498
20788
20608
20459
20499
20808
20648
20198
20686
20438
20574
20450
20173
20068
19994
20235
20164
20056
20048
20379
20053
20040
20169
20180
20041
20301
19951
19882
19692
20260
19994
20012
19832
19867
20133
19450
19252
18951
18974
19192
19019
19117
19144
19290
19158
19354
19168
19142
19437
19172
19444
19467
19220
19417
19206
19187
19310
18958
19249
19482
19033
18901
19157
19103
19173
19318
19492
19112
18706
18610
18919
18787
19149
18740
18923
18985
18970
18880
18493
18590
18765
18544
18792
18486
18936
19106
18745
19111
18582
18792
18752
18563
18411
18688
18444
18560
18314
18200
18435
18621
18555
18484
18111
18742
18471
18315
18549
18556
18301
18162
18388
17827
18000
18424
18136
18319
18032
18113
18256
18223
18171
18085
18121
18061
18379
18445
18266
18086
18219
18108
18065
18061
18316
18164
17868
18164
17921
18127
18176
18015
17900
18010
18056
18060
17796
17821
17876
17995
17994
17789
17813
18058
17897
17690
17725
18220
17732
17965
18202
17853
17922
17731
18000
18091
17561
17547
17963
17781
17925
17453
17792
17597
17668
17349
17756
17485
17717
17745
17550
17853
17611
17741
17632
17829
17698
17685
17504
17702
17752
17464
17694
17694
17565
17605
17499
17736
17860
17489
17714
17724
17596
17725
17856
17482
17750
17864
17974
17881
18096
17664
17729
17915
17848
17768
18014
17658
17854
17849
17813
17836
17738
17989
17827
17971
17881
17969
17944
17970
17899
17892
17941
18012
17834
17952
18093
18164
18097
18112
17753
18004
18155
18152
18009
17858
18026
18264
18056
18258
18071
18092
18294
18014
18366
18228
18308
18250
18567
18116
18460
18420
18496
18494
18549
18510
18445
18280
18504
18300
18269
18340
18788
18634
18592
18527
18585
18662
18454
18937
18678
18816
18776
18672
18706
18777
18816
18807
18868
18560
19018
19249
19160
19035
18824
18834
19029
18829
19093
19173
18999
19264
19378
19640
19173
19189
19396
19660
19218
19482
19235
19450
19541
19600
19563
19315
19675
19973
19512
19979
19745
20011
20159
19682
19943
19781
20100
19920
20363
20077
20381
20177
20178
20178
20358
20344
20238
20533
20672
20545
20203
20473
20365
20262
20529
20366
20314
20765
20586
20691
20584
20941
20834
21332
21218
20829
21135
21112
20727
20873
21048
20842
20884
21093
20959
21238
20874
20959
21252
21254
21400
21417
21295
21459
21637
21624
21988
22106
22138
22071
22090
22270
22197
22233
22491
22808
22500
22429
22302
22531
22356
22712
23014
22635
22763
22650
22594
22466
22711
22751
22784
22633
23064
22688
23290
23056
23212
23143
23339
23350
22960
23656
23340
23684
23450
23524
23448
23399
24002
23685
23632
23619
23818
23680
24043
23852
24208
23829
24161
24168
24020
24044
24241
23995
23915
24202
24152
23988
23892
23892
23972
24367
24752
24587
25164
24832
24755
24612
24697
24612
24727
25121
24429
24754
24996
24900
25041
25156
25286
25258
25428
25582
25928
25492
25408
25757
25768
25867
25567
25665
25705
26187
26374
25933
26052
25893
25924
25997
25446
25860
25994
26192
26538
26388
26245
26085
25844
25860
25967
26078
26087
26189
26211
26084
26425
26311
26580
26844
26660
26784
26604
26785
26975
26909
26865
26594
26999
26893
27048
26458
26715
27261
27068
27210
26802
27149
26948
27210
27164
27089
27278
27224
27123
27258
27464
27020
27287
27430
27503
27240
27674
27437
27670
27730
27834
27753
27513
27698
27583
27583
27993
27958
27725
27615
27754
27428
28055
27448
28160
28096
28426
28020
27892
27793
27456
27448
27462
27375
27378
27325
26938
27034
27620
27922
27826
28448
28406
28573
28486
28726
28341
28692
28582
28381
28318
28626
28695
28541
28421
28713
28424
28656
28995
28569
28600
28620
28636
28605
28412
28141
28454
28736
28692
28640
28720
28696
28709
28953
28717
28564
28869
28833
28475
28907
28493
28565
28811
28474
28824
28737
28584
28570
28786
28528
28652
28820
28737
28772
28847
28840
28433
28521
29101
28612
28324
28716
28628
28746
28976
28066
28904
28540
28756
28527
28262
28583
28503
28317
28163
28578
28629
28411
28308
28348
28224
28448
28228
28384
28516
28354
28443
27946
27785
28219
27882
28154
28050
27781
28015
27975
28228
28338
27874
28067
27698
27782
27639
27932
28114
27972
27850
27634
27743
27969
27542
27243
27742
27541
27495
27485
27516
27354
27673
27507
27589
27136
27402
27693
27408
27213
27622
27161
27060
27114
26571
26753
26903
26615
27012
27063
26573
26996
26693
26773
26590
26778
26714
26376
26573
26375
26648
26610
26226
26446
26522
25878
26494
25856
26459
25956
26084
26095
26341
25901
25824
25757
25212
25792
25542
25592
25336
25639
25492
25612
25391
25260
25252
25396
25654
25430
25465
25426
24917
25113
25236
25216
24818
24646
24557
24684
24254
24660
24637
24737
24540
24326
24256
24260
24274
24421
24239
24356
23871
24097
23901
24171
23852
24085
24136
23784
23611
23435
23434
23410
23330
23463
23290
23579
23213
23016
23084
23147
23213
23076
22926
22757
22407
22426
22388
22297
22557
22255
22241
22186
21762
22458
22185
22020
21666
22098
21800
21632
21353
21706
21379
21256
21197
21462
21094
20958
20927
20771
20820
20891
20630
20702
20589
20892
20684
20492
20621
20696
20230
19530
19162
18696
18357
18854
19008
19349
19546
19811
19672
19388
19462
19331
19132
19237
19015
19002
19093
19036
18925
18602
18715
18500
18694
18278
18079
18023
18148
18067
18139
17856
17837
17486
17445
17401
17509
17369
17255
17220
17103
17234
16905
16532
16692
16569
16647
16400
16332
16186
16262
16170
15963
16115
15817
15693
15674
15544
15616
15263
15475
15401
15245
15416
15108
14901
14775
14960
14860
14692
14432
14177
14175
14237
14023
14098
13908
14207
13925
13692
13744
13857
13707
13387
13294
13336
13462
12906
12820
13118
12926
12671
12808
12676
12519
12614
12570
12287
12605
12238
12196
11974
12132
11968
12042
11885
11619
11464
11542
11203
11188
11280
11336
11131
11145
11092
10987
10795
11062
10755
10653
10610
10382
10589
10369
10136
10261
10094
10165
10200
9868
10090
9781
9826
9876
9567
9448
9647
9304
9384
9227
9143
9149
8974
9054
8820
8952
8928
8855
8691
8644
8570
8525
8285
8489
8194
8210
8138
8072
7983
8178
8141
8044
7830
7920
7948
7967
7766
7493
7407
7298
7116
7032
7120
7001
7352
7261
7305
7110
6990
7040
6960
6879
6984
6843
6671
6882
6730
6673
6712
6714
6760
6660
6613
6551
6481
6481
6431
6239
6442
6188
6411
6262
6173
6261
6196
6306
6070
6043
6011
6161
5907
6038
6069
5904
6026
5821
5663
5730
5704
5751
5672
5669
5670
5847
5697
5456
5459
5521
5562
5446
5525
5404
5385
5374
5320
5535
5347
5389
5392
5282
5321
5247
5229
5117
5289
5196
4967
4956
5220
5300
5095
5134
4979
4959
5058
5050
5037
4913
5093
5037
4998
