4988
5051
4968
5055
5072
5153
4994
5075
4934
4939
4956
4997
4916
4888
4929
5119
4953
4973
5066
5225
4989
4964
5169
5099
5161
5099
4992
5201
5008
5168
5216
5151
5265
5064
5113
5035
4989
5042
5105
5378
5186
5283
5173
5256
5314
5082
5352
5130
5233
5353
5244
5224
5215
5309
5462
5132
5382
5272
5384
5389
5174
5107
5131
5318
5231
5281
5218
5266
5259
5377
5154
5304
5196
5260
5423
5352
5467
5390
5341
5358
5561
5338
5313
5497
5484
5483
5527
5424
5528
5526
5481
5549
5469
5450
5369
5567
5376
5614
5441
5551
5365
5547
5657
5550
5557
5414
5610
5687
5555
5589
5584
5510
5638
5640
5705
5623
5781
5610
5545
5657
5727
5770
5664
5666
5844
5783
5870
5750
5504
5662
5607
5703
5854
5680
5815
5685
5821
5813
5703
5662
5714
5743
5815
5892
5920
5871
5990
5874
5756
5793
5673
5877
5990
5849
5825
5991
5952
5957
5895
5931
6087
5947
5924
6121
6013
5981
6004
6024
5995
6034
6155
6050
6066
6031
5995
5992
5989
5958
5912
6115
6130
6172
6170
6272
6042
6020
6130
6002
6079
6104
6330
6197
6383
6134
6213
6296
6128
6335
6178
6322
6280
6013
6330
6285
6263
6079
6359
6295
6279
6364
6186
6204
6370
6332
6313
6283
6325
6408
6400
6229
6347
6566
6369
6263
6324
6386
6422
6429
6349
6577
6493
6552
6556
6382
6557
6553
6655
6440
6789
6553
6562
6553
6602
6532
6650
6792
6554
6515
6632
6582
6666
6704
6409
6827
6721
6658
6437
6533
6807
6739
6654
6677
6665
6736
6774
6764
6923
6795
6756
7021
6781
6889
6750
6682
6687
6952
6910
6843
6869
6828
6728
6786
6874
6816
6968
6793
6947
7050
6882
6858
6899
6889
6883
6819
7156
7129
7172
7056
7024
7123
7037
6984
7255
7051
7103
7154
7142
7089
6986
7146
7190
7220
7132
7099
6893
7362
7192
6980
7292
7196
7214
7117
7243
7228
7194
7099
7343
7054
7312
7144
7477
7268
7338
7285
7144
7437
7492
7364
7436
7447
7362
7309
7368
7252
7316
7465
7433
7220
7462
7452
7500
7504
7371
7318
7426
7396
7343
7698
7515
7581
7461
7609
7698
7410
7845
7758
7619
7610
7604
7607
7572
7508
7732
7654
7765
7918
7749
7773
7768
7643
7582
7717
7585
7936
7800
7830
7781
7804
7856
7722
7775
7929
7802
7864
7930
7924
7733
7912
7940
7813
7839
8106
8091
8088
7975
7994
7971
8132
7881
7956
8217
8133
8155
8054
8321
8107
8106
8139
8130
8156
8065
8221
8148
8465
8398
8278
8093
8327
8466
8278
8369
8562
8335
8402
8342
8298
8418
8568
8205
8396
8566
8343
8550
8314
8532
8331
8389
8577
8501
8253
8439
8573
8422
8450
8481
8440
8676
8576
8646
8590
8607
8521
8714
8640
8605
8646
8700
8493
8691
8754
8662
8832
8730
8794
8751
8848
8792
8717
8613
8635
8793
8700
8860
9037
8712
8952
9089
9018
8893
9123
8942
9052
9011
8893
8889
9032
9129
9124
8946
9199
9172
8950
9170
9176
9100
8978
9286
9164
9135
9178
9106
9372
9324
9362
9348
9273
9337
9326
9229
9448
9541
9437
9329
9224
9537
9544
9481
9484
9384
9490
9483
9546
9795
9616
9466
9540
9466
9790
9419
9540
9491
9716
9682
9717
9588
9756
9866
9923
9566
9654
9736
9678
9835
9858
9830
9797
9820
9715
9898
9624
10001
9896
9804
9986
9737
9961
10135
9961
9885
10015
10010
9964
9918
10102
10165
10302
10271
10104
10112
10243
10147
10033
10299
9905
10127
10309
10199
10429
10233
10452
10111
10157
10097
10358
10225
10174
10209
10266
10373
10690
10214
10475
10560
10472
10325
10484
10396
10436
10394
10496
10355
10484
10613
10500
10336
10617
10412
10816
10877
10697
10374
10687
10549
10408
10617
10479
10337
10554
10464
10393
10428
10319
10308
10461
10624
10380
10935
10724
10872
10934
10727
10883
11023
10898
10806
11161
11325
10918
11134
11174
11084
11198
11031
11305
11250
11222
11223
11146
11128
11297
11237
11180
11140
11476
11432
11392
11341
11227
11345
11292
11110
11158
11253
11279
11378
11403
11190
11242
11554
11513
11643
11355
11434
11508
11463
11548
11568
11404
11720
11594
11478
11617
11621
11666
12083
11642
11796
11980
11874
11704
11884
11867
11533
11787
11867
11765
11876
11662
11881
12060
12052
11882
12150
12177
12113
11921
12089
12127
12314
12503
12173
12070
12297
12219
12131
12401
12123
12270
12136
12243
12250
12394
12355
12363
12262
12478
12492
12264
12580
12544
12367
12377
12776
12372
12505
12677
12658
12544
12449
12854
12809
12659
12814
12439
12493
12872
12898
12924
12980
12746
12755
12796
12794
13116
13165
12906
12813
13030
12938
13410
12982
13015
13170
12918
13074
13020
13228
13223
13492
13198
13281
13284
13191
13545
13245
13451
13092
13311
13269
13006
13410
13178
13457
13392
13418
13597
13237
13239
13644
13544
13769
13543
13560
13532
13591
13637
13733
13836
13644
13568
13684
13523
13810
13991
13880
13978
13899
13772
13847
13835
13940
13894
13731
14021
14137
13902
13986
14024
14086
14018
13983
13969
14154
14010
13880
14101
14130
14060
14034
14035
14166
14409
14202
14162
14081
14304
14453
14310
14301
14596
14275
14450
14612
14592
14538
14634
14391
14858
14733
14872
14677
14813
14805
14612
15199
14976
14906
14822
14773
14677
15000
15045
14863
14742
14889
14869
15045
15200
14996
15012
14917
15080
15122
14842
15102
15320
15081
14945
15211
15005
15037
14911
14905
15012
14977
14848
15196
15241
15608
15288
15433
15463
15625
15560
15781
15866
15678
15774
15550
15814
15906
15824
15904
15776
15833
15837
15700
15712
16006
15980
15783
15800
16082
15992
16438
16132
16149
16012
15962
16123
16246
16112
15940
15844
16175
16392
16178
16127
16263
16351
16504
16287
16322
16385
16373
16371
16413
16473
16331
16299
16239
16366
16539
16472
16268
16415
16296
16605
16808
16424
16988
16856
16756
16838
16485
16868
16810
16862
16648
16843
17002
17009
17061
16912
17105
17002
17095
16954
17234
17287
17060
17059
17068
17042
17156
17140
17350
17224
17154
17255
17300
17293
17323
17518
17510
17814
17446
17597
17472
17538
17616
17642
17461
17453
17433
17201
17636
17543
17277
17620
17595
17742
17568
17702
17496
17746
17928
17734
17981
17960
18060
18227
18147
17847
17936
18045
17948
18197
18225
17836
18128
17985
17866
17954
18029
17974
18216
17927
18037
18156
18134
18112
18332
18394
18522
18630
18474
18724
18676
18560
18713
18836
18737
18376
18730
18970
18744
18795
18716
18692
18904
18981
18958
18583
18597
18716
18653
18716
18486
18740
18705
18534
18490
18633
18608
18251
18671
18577
18731
18734
18958
19098
19150
19140
19349
19300
19533
19377
19307
19411
19266
19379
19321
18996
18541
18267
17755
17436
17109
16909
16936
16161
15910
15616
15539
15939
16205
16324
17555
18036
18454
18854
19360
20231
20334
20383
20550
20073
20704
20489
20494
20129
20348
20348
20424
20415
20429
20409
20437
20020
20322
20332
20705
20528
20676
20694
20296
20323
20411
20610
20365
20436
20487
20240
20186
20756
20835
20711
21064
20914
20878
20860
20810
20843
20968
20886
20762
21168
21126
20938
20802
21171
20800
20892
20829
20884
20845
20896
20937
20880
21332
21059
20932
20924
21050
21397
21070
21182
21312
21229
21289
21316
21338
21201
21665
21413
21364
21674
21384
21764
21387
21245
21531
21380
21794
21664
21312
21628
21669
21762
21514
21722
21775
21526
21256
21810
21512
21700
21621
21588
21900
21824
21706
21927
22068
21760
21640
22120
22267
22330
22484
22427
22301
22484
22455
22611
22133
22310
22632
22528
22762
22596
22760
22478
22667
22481
23081
22936
22671
22930
22784
22946
22760
23168
23357
23149
23242
22900
22824
22554
22802
22687
22404
22081
22088
22271
22344
21610
22172
21644
21726
22453
22344
22610
23016
23177
23666
23633
23233
23701
23268
23290
23549
23317
23739
23960
23808
23508
23794
23535
23642
23496
23750
24021
24064
23716
24135
23602
23951
23912
24236
23846
24029
23862
23792
23942
24006
23741
24264
24183
24039
24138
23945
24509
24415
24076
24313
24314
24556
24165
24410
24619
24970
24640
24331
24960
24333
24480
24494
24628
24869
24813
24912
24751
24876
24896
24877
25167
25063
24858
25204
25091
25005
24710
24777
24801
24963
25109
24752
24901
25063
25224
25217
24912
25443
25052
25364
25109
25344
25201
25442
25357
25473
25202
25200
25425
25550
25508
25372
25780
25528
25746
25535
25573
25590
25752
25678
25928
26214
25818
25905
25592
25737
25917
26062
25930
25747
25682
25683
26071
26144
26198
26396
26062
26024
26244
26086
26620
26308
26461
26573
26792
26657
26250
26700
26710
26436
26696
26666
26772
26604
26763
26918
27023
26733
26604
26779
26638
26758
26756
27032
27021
26872
26982
26891
27510
27462
27092
27162
27314
27313
27460
27352
27565
27336
27345
27268
27254
27476
27362
27432
26990
26994
27328
27420
27365
27253
27294
27758
27424
27480
27706
27581
27764
27767
27672
27650
27780
27700
27496
27597
27439
27436
27549
27161
27854
27712
27851
27636
27497
27812
27549
27436
27697
28141
28527
28383
27988
28536
27974
28382
28096
28384
28018
28294
28759
28742
28552
28009
28242
28370
28525
28420
28821
28453
28460
28752
28978
28912
28909
28588
28802
28551
29038
28630
29341
28955
28887
28864
28601
28969
28661
28888
29366
28720
29102
29408
29056
28670
29241
29133
28818
28822
29412
29552
29691
29256
29412
29268
29340
29628
29560
29270
29394
29727
29435
29528
29693
29721
29721
29209
29764
29768
29542
29725
29826
29592
29528
29824
29705
29857
29878
29492
30100
29712
30284
29838
30146
29888
29364
30260
30062
30020
30074
30146
30331
30113
30241
30134
29988
30272
30218
30020
30117
29934
30064
30196
30228
30200
30082
30653
30200
30246
29930
30362
30452
30347
30305
30799
30556
30778
30449
30484
31170
30638
30587
30922
30468
30433
30560
30613
30611
30772
30696
30888
30652
30400
30575
31252
30683
31106
30900
31193
30874
31193
31080
30769
31179
30848
30813
31154
31320
31032
31572
31130
31361
31285
31711
31368
31282
31447
31192
31048
31303
31537
31077
31253
31448
31410
31192
31344
31297
31598
31796
31381
31482
31466
31558
32090
31270
32081
31940
31482
31816
31956
31733
31611
31588
31564
31615
31924
31836
31972
32075
31828
32125
31695
32149
32052
32045
32073
32313
32021
32516
32189
31576
31700
31460
31385
31124
31622
30868
31583
31058
31481
31030
31452
31375
31225
32326
32532
32250
32617
32701
32311
32618
32356
32766
32218
32436
32700
32508
32768
32440
32731
32396
32792
32678
32445
32868
32424
32300
32506
32786
32438
32921
32490
32687
32729
33088
32678
32857
32638
32835
32821
32561
32595
33296
32750
33078
33000
33085
32923
32870
32726
32868
33293
33194
32889
33174
33216
33418
33184
33252
33027
33194
32859
32925
33186
33046
33128
32852
33415
33102
33024
33402
33333
33266
33100
33483
33400
33514
33203
33322
33204
33639
33438
33490
33428
33268
33504
33330
33678
33588
33260
33549
33194
33588
33379
33821
33397
33699
33574
33398
33849
33512
33408
33992
33860
33742
33496
33688
33642
33817
33448
33912
33766
33942
33904
33413
33380
33749
33586
33191
33515
33747
33764
33654
33770
33458
33944
34088
33722
34253
33990
33888
33867
33592
33700
33577
34107
33386
33695
34464
33774
33972
34404
33772
33967
33805
34036
34196
34224
33820
34170
34070
33976
33752
33826
34257
34088
34363
33989
33812
34169
34166
33809
34114
34088
34084
33782
34532
34165
34356
34349
34248
34420
34144
33920
34243
34180
34740
34598
33907
34717
34602
34417
34328
34493
34644
34604
34671
34235
34678
34775
34826
34606
34596
34741
34525
34489
34486
34348
34480
34648
34933
34553
34583
34781
34683
34644
34238
34907
34605
34386
34602
34613
34507
34358
34682
34574
35138
34372
34465
34527
34804
34290
34173
34410
34091
34348
34188
34625
34696
34670
34308
34822
34788
34826
34774
34751
35300
34648
35101
34901
34553
34476
35062
34765
34432
34816
34976
34894
34833
34725
34662
34478
34682
34944
34816
34668
34653
34858
34507
34833
34629
34680
34816
34678
34734
35002
34839
35072
34686
34706
34949
34456
34569
34946
34873
34710
35095
34961
35037
34557
35217
34884
35227
35077
34789
35009
34834
34603
35380
34886
35179
35034
35076
35300
34726
34694
34756
34470
34706
34246
34552
34677
34739
34381
34634
34477
34609
34732
34598
34578
34779
34546
34982
34434
35044
34738
35082
34662
34685
34388
34694
34600
34880
34374
34072
34501
34522
34261
34538
33937
34121
33706
34025
33514
33786
33449
33876
34082
34252
34352
34318
34308
34192
34747
34775
34584
35180
34938
34674
34746
34958
34984
34304
34774
34937
34743
34477
34580
34628
34775
34480
34571
34900
34510
34630
34826
34901
34836
34843
34710
34626
34788
34086
35097
34381
34834
34760
34520
34329
34713
34900
34488
34869
34432
34952
34816
34644
34749
34749
34495
34524
34199
34240
34468
34061
34330
34290
34566
34154
34122
33871
34100
34157
34106
34169
34070
34245
34263
34140
34104
34260
34420
33770
33523
34112
33769
33912
33865
33824
34112
34072
33761
34280
33826
33847
33933
33928
33796
34132
33681
33626
33824
33937
33540
33888
33964
33848
33441
33317
33774
33718
34048
33816
34196
33696
33934
33636
33650
34260
33771
33920
33252
33770
33351
33881
33312
33528
33394
33600
33546
33428
33130
33538
33358
33624
33206
33403
33284
33302
32898
33600
33293
33451
32808
33083
33280
33044
33695
33454
33458
33212
33328
33093
33005
33157
33024
33486
32732
33293
32878
33088
32820
32844
32761
32750
32597
32755
33113
33064
32924
33243
32906
32868
32733
32550
32529
32777
32878
32944
32792
32581
32965
32312
32418
32650
32726
32349
32661
32566
32142
32637
31890
32402
32282
32130
32520
32558
32144
32234
32296
32226
31983
32285
32118
32559
31949
32409
32054
31756
32020
32104
31878
32330
31980
31703
31943
31514
31953
31462
31828
31776
31936
31787
31626
31657
31396
31554
31204
31642
31814
31353
31099
31540
31298
31526
31433
31402
31898
31515
31206
31540
31321
31484
31398
31408
31529
31100
31291
31466
31200
31188
30890
31054
30880
30912
30568
31114
31150
30964
30983
31197
30832
30652
30864
30379
30308
30606
30377
30077
30362
30189
29869
29946
30412
29977
30338
30373
30493
30527
29928
30612
30440
30100
30189
30488
29997
30295
30139
30340
29993
30214
30061
30096
29963
29625
30080
29772
30198
29865
29757
29629
29620
29574
29808
29565
29677
29548
29345
29772
29652
29435
29606
29466
29296
29305
29789
29197
29119
29190
29412
29159
28759
28813
28555
29258
29300
29164
28948
29236
28607
28786
28724
28698
28866
28902
28443
28811
28764
28848
28622
28876
28682
28416
29068
28582
28335
28584
28464
28301
28429
28525
28483
28379
28028
28432
28334
28036
27824
28078
28016
27940
27843
27896
27869
28146
27950
27576
27816
27622
27403
27153
27355
27738
27402
27220
27495
27653
27149
27235
27187
27228
26586
26569
26580
26827
26909
26986
26887
26869
26928
26851
26974
26932
27126
27058
26700
26853
27030
26916
26692
26903
26666
26928
27194
26990
26694
26660
26849
26602
26770
26544
26530
25821
25992
25354
25698
25345
25277
25572
25065
25604
25464
25718
25405
26245
25864
26234
26333
26153
25848
26055
25961
25680
25722
25801
25595
25192
25426
25921
25530
25380
25672
25402
25063
25161
25646
25582
25223
25793
25486
25071
25207
25153
25048
25224
25268
25079
25150
24651
24944
24538
24634
24475
24881
24923
24887
24657
24725
24970
24529
24924
23973
24203
24270
23408
23230
23449
23473
23509
23641
23744
23784
24100
23778
24314
24171
24148
24194
24348
23948
24229
24218
24064
23901
23796
23923
23624
23717
23698
23861
23666
23704
23265
23588
23104
23482
23444
23144
23124
23417
23268
22933
22722
23040
22879
22795
22935
22801
22596
22717
22860
22937
22924
22927
22784
22728
23096
22867
22392
22730
22585
22724
22445
22371
22495
22369
22379
22650
22137
22076
22026
22516
22373
22106
22740
22144
22194
22187
22141
21908
22060
21951
21766
21876
21865
21956
22168
21861
21534
21796
21892
21931
21992
21760
21581
21732
21598
21536
21680
21220
21545
21515
21618
21213
21229
21283
21231
21077
21371
21065
21380
21013
21186
21467
21262
21349
21012
20829
20663
20821
21064
20888
20956
21184
21076
20764
20419
20269
20281
20181
20269
20121
20328
20145
20507
19961
20392
20320
20200
20263
20609
20610
20557
20225
20066
20383
20621
20060
19950
20290
20258
20276
20102
20244
19955
20064
20105
19834
19893
19815
19788
20047
19823
20061
19712
19959
19786
19880
19902
19454
19782
19620
19700
19577
19815
19682
19734
19300
19448
19500
19590
19580
19295
19738
19673
19418
19436
19603
19460
19453
19619
19384
19011
19530
19533
19290
19122
19061
19366
18910
19030
19038
19136
19081
19139
19268
19022
18973
18938
19258
18946
19330
19163
19281
19030
19192
19306
19136
19177
18983
18860
18986
19081
19009
18879
18863
19092
18861
18648
19158
18735
18924
18836
18919
18688
18796
18706
18406
18726
18794
18635
18728
18708
18511
18545
18635
18549
18728
18869
18621
18692
18725
18781
18946
18677
18668
18765
18688
18652
18564
18444
18836
18839
18654
18608
18637
18746
18619
18697
18667
18587
18450
18471
18564
18688
18597
18724
18887
18414
18373
18384
18768
18806
18718
19221
18462
18524
18411
18440
18616
18596
18710
18277
18501
18638
18689
18588
18488
18398
18410
18543
18410
18677
18722
18541
18452
18587
18716
18388
18611
18441
18790
18650
18335
18312
18484
18546
18661
18446
18573
18779
18660
18543
18927
18714
18772
19072
18915
19268
18881
18842
18954
18909
19272
18997
18758
18948
18886
18929
18945
18896
18895
19120
18987
18987
18870
19031
19243
19115
19220
18944
19012
18973
19016
19249
19444
19182
19242
19396
19009
19294
19222
19434
19362
19329
19254
19416
19656
19546
19544
19560
19746
19528
19444
19808
19453
19705
19712
19623
19808
19825
19917
19546
19733
19848
19960
20215
20034
19856
20187
19950
20139
20544
19942
20346
20220
20632
20276
20747
20308
20415
20407
20497
20556
20461
20806
20356
20315
20572
20989
20442
20626
20939
20795
20878
21287
20979
21214
20988
21167
21156
21086
21051
21209
21070
21104
21294
21234
21242
21165
21116
21396
21442
21391
21389
20950
21621
21412
21307
21676
21613
21372
22280
22150
21708
22100
21801
21676
21743
21793
22059
22202
22206
21975
21852
21954
21893
21845
22168
22328
22317
22359
22319
22610
23140
22820
23073
23168
22740
23158
23371
23212
23428
23252
23586
23305
23279
23540
23428
23618
23374
23508
23685
23725
23485
23808
23534
23576
23532
23858
24234
23848
24326
24133
24024
24094
24192
24264
24180
24414
24238
24174
24481
24474
24484
24424
24640
24670
24832
24637
24821
25066
24868
24884
25206
24813
25312
25400
25137
25306
25148
25206
25242
25327
25338
25179
25113
24805
25268
25111
25442
25681
25954
26105
26153
25996
26034
26204
25680
25844
25659
25674
25949
26260
26336
26360
26451
26378
26607
26555
26882
26575
26492
26856
26693
26985
26924
26962
26951
26723
26854
27409
27161
27181
27361
27060
27098
27080
27332
27353
27517
27307
27466
27746
27194
27180
27053
27208
27138
27522
27192
27498
27092
27784
27924
28162
27794
28012
28058
27956
27922
28132
28138
28121
28187
27912
28460
28390
28333
28357
28379
28036
28289
28208
28281
28731
28315
28510
28457
28582
28495
28646
28578
28861
28752
28568
28473
28713
28698
28765
28906
29007
29007
28940
28885
29001
28965
29147
28605
28942
29142
29106
29236
29091
29349
28809
29234
29373
29098
29661
29712
29444
29060
28814
28708
28788
28482
28784
28628
28538
28438
28932
29442
29046
29764
29707
29625
30222
29876
29908
29675
29966
29990
30117
29545
30058
30176
29793
29777
30505
29982
30088
29932
29956
29858
29962
29595
29897
29781
29840
29914
30132
30038
29977
30186
29907
29952
30208
29737
30660
29924
30138
29919
30083
29789
29936
30138
30394
30196
29854
30212
30196
30024
29972
30281
30114
30058
30024
29994
30101
30345
30132
30101
29900
29836
29921
30080
29668
29835
30057
29992
30318
30299
29970
29996
30082
29956
29665
29694
29706
29266
29668
29605
30208
29965
29736
29442
29405
29509
29549
29530
29408
29504
29637
29508
29254
29487
29452
29490
29307
29371
29012
29208
29240
29523
29225
29158
29220
28982
28872
29168
29044
28829
29243
29334
29005
28820
28753
28770
28792
28998
28877
28818
29044
28438
28804
28832
28685
28411
28850
28413
28741
28152
28660
27904
28269
28269
27972
27756
27986
27970
28098
27984
28183
28155
28062
27869
28253
27608
27716
27813
27788
27652
27665
27432
27489
27252
27553
27515
27012
27396
27280
27434
27370
26847
26510
26760
27222
26763
26798
26916
26961
26426
26445
26330
26536
26206
26350
26317
26242
26203
26058
26299
26086
25870
26099
26010
25634
25945
26260
25661
25465
25561
25590
25632
25439
25721
25005
25476
25243
25348
25133
25481
24765
25146
25007
24736
24893
24795
24710
24128
24705
24407
24097
24344
24584
24404
24364
24117
24277
23981
23751
24246
24113
23593
23479
23524
23474
23316
23355
23019
23491
23080
23211
22954
23062
22966
22805
22888
22944
22904
22607
22557
22473
22349
22285
21769
22044
21860
21836
21832
21628
21846
21782
21753
21580
21622
21768
21568
21398
21239
20804
20590
19790
19606
19400
19273
20025
20031
20195
20349
20682
20170
20289
20580
20524
19675
20009
19919
19447
19556
19461
19380
19019
19074
19374
18966
18780
18566
18779
18626
18666
18541
18382
18237
18315
18079
17882
18129
18251
18025
17786
17613
17498
17512
17391
17141
17116
17434
17262
16780
17006
16701
16744
16503
16377
16122
16281
16168
16116
16088
15913
15950
15789
15652
15538
15818
15305
15287
15243
15106
14912
14770
14533
14691
15023
14466
14716
14458
14416
14317
14198
14340
14023
13782
13895
13913
13895
13607
13578
13455
13461
13242
13028
13019
12874
13078
12847
12612
12584
12651
12374
12608
12079
12275
12222
11861
12107
11961
11802
11867
11780
11560
11496
11243
11478
11280
11022
11035
11251
11153
10955
10973
10552
10597
10757
10442
10384
10324
10438
10253
10292
9881
10044
9813
9943
9767
9559
9737
9944
9580
9510
9436
9426
9249
9232
9224
9321
9075
9198
9142
8859
8853
8746
8730
8629
8712
8509
8350
8499
8497
8315
8327
8173
7927
8166
8076
8049
8068
7645
7470
7264
7251
7169
7357
7242
7451
7417
7336
7362
7418
7159
7263
7226
7101
7118
7081
6952
7066
6866
6886
6898
6927
6811
6747
6778
6747
6507
6738
6718
6533
6533
6541
6345
6373
6385
6493
6411
6302
6308
6213
6324
6195
6116
6151
6066
6033
5898
6041
5914
6004
5914
5753
5946
5792
5742
5947
5796
5813
5788
5749
5513
5589
5587
5604
5434
5525
5550
5785
5598
5575
5525
5429
5406
5506
5134
5304
5175
5320
5021
5265
5177
5322
5239
5193
5115
5174
5021
5084
5196
5133
5108
4950
