5471
5463
5525
5473
5451
5561
5425
5412
5462
5499
5568
5468
5544
5575
5481
5520
5572
5563
5613
5545
5445
5543
5451
5584
5483
5512
5503
5416
5476
5680
5688
5399
5480
5556
5567
5652
5664
5621
5524
5617
5703
5504
5816
5524
5615
5673
5720
5571
5839
5886
6060
5857
5685
5799
5575
5730
5774
5820
5599
5764
5768
5692
5728
5835
5847
5602
5750
5634
5789
5704
5858
5821
5781
5957
6001
5978
5818
5916
6034
5923
6077
6089
6046
6029
6003
5915
5898
6042
6079
6136
5985
6126
6165
5959
5993
6067
6048
6125
5911
6123
6056
5954
6131
6057
5986
5988
5864
6094
6253
6219
6124
6210
6232
6162
6191
6168
6096
6137
6123
6186
6226
6049
6053
6375
6136
6228
6441
6265
6436
6153
6162
6265
6348
6206
6382
6250
6344
6421
6408
6145
6282
6344
6297
6322
6261
6253
6390
6426
6467
6250
6516
6402
6574
6346
6431
6391
6469
6576
6618
6471
6660
6489
6569
6377
6625
6508
6586
6386
6729
6442
6652
6578
6634
6570
6487
6630
6614
6448
6710
6642
6407
6750
6840
6741
6823
6525
6820
6721
6795
6768
6768
6802
6714
6785
6689
6868
6616
6751
6788
6880
6538
6776
6783
6887
6814
6788
6732
7019
6965
6824
6892
7027
6827
7061
7008
6776
6959
6936
6914
6996
7123
7105
6958
6926
6818
7075
7014
6960
7262
7016
6885
7126
7225
7046
6982
7370
7179
7118
7288
7074
7160
7294
7159
7213
7187
7342
7144
7285
7261
7464
7440
7298
7376
7196
7161
7236
7535
7343
7381
7493
7281
7303
7279
7341
7378
7336
7400
7369
7434
7616
7514
7532
7527
7517
7553
7375
7628
7434
7521
7581
7452
7605
7488
7512
7645
7531
7718
7441
7601
7722
7508
7618
7680
7665
7809
7676
7766
7808
7832
7786
7771
7703
7638
7661
7713
7808
7827
8045
7866
7713
7749
8158
7929
8042
7879
7749
8032
7972
8005
7986
8148
8072
8150
8192
7985
7910
8160
8035
8047
8183
8188
8135
8112
7983
8150
8007
8210
8312
8209
8131
8379
8235
8113
8001
8178
8169
8364
8094
8136
7849
8049
7868
8185
8176
8236
8075
8408
8417
8316
8435
8330
8288
8499
8455
8502
8391
8444
8529
8484
8478
8388
8383
8409
8462
8437
8450
8477
8490
8494
8649
8452
8548
8691
8591
8478
8768
8580
8618
8456
8731
8646
8907
8552
8820
8707
8578
8778
8880
8686
8711
8872
8866
8948
8704
8692
8879
8901
9054
8861
9016
9051
8807
8863
9028
9052
9045
9063
8963
8944
9094
8981
8963
9061
9260
9252
8977
9363
9379
9194
9253
9257
9298
9189
9117
9117
9275
9295
9229
9274
9460
9218
9204
9461
9324
9475
9330
9324
9626
9492
9488
9530
9340
9356
9289
9466
9514
9590
9327
9463
9579
9649
9600
9564
9539
9706
9906
9673
9786
9732
9571
9771
9795
9758
9901
9696
9933
9910
9653
9933
9604
9868
9817
9870
9983
9988
9637
10038
10038
9969
10024
9908
10159
9916
9894
9868
10178
10130
10103
10057
10028
9870
9972
10256
10023
10362
10215
10054
10210
10276
10317
10175
10242
10394
10038
10264
10528
10354
10322
10424
10355
10443
10364
10521
10125
10158
10318
10264
10564
10550
10470
10484
10803
10324
10571
10396
10476
10502
10698
10685
10745
10758
10810
10592
10541
10648
10796
10823
10696
10764
10832
10794
10726
10709
10723
10782
10933
10976
10891
11188
10953
10949
10703
11062
10934
11015
11037
11156
10982
11131
11094
11306
10718
11189
11162
10977
11281
11089
11014
11217
11354
11186
11093
11244
11299
11336
11190
11183
11435
11260
11259
11498
11332
11245
11422
11366
11124
11613
11289
11600
11345
11456
11569
11620
11512
11820
11319
11631
11434
11618
11303
11631
11781
11720
11770
11466
11707
11933
12009
11795
11769
11921
11735
11804
11774
11708
11627
11215
11598
11701
11450
11732
11329
11512
11575
11852
12050
12025
12042
12061
12047
11996
12149
12093
12214
12290
12335
12174
12033
12304
12285
12511
12292
12245
12424
12326
12253
12417
12352
12432
12566
12360
12245
12396
12495
12477
12307
12454
12421
12385
12508
12579
12615
12394
12490
12850
12751
12636
12692
12786
12773
12788
12567
12691
12474
13055
12757
12742
12878
12936
13047
13030
13045
13036
13255
13238
13341
13033
12942
13092
12775
12908
12969
12773
13060
12906
12925
13003
13065
13067
13351
13305
13338
13453
13274
13466
13449
13518
13720
13586
13670
13607
13590
13723
13556
13572
13682
13544
13733
13784
13573
13952
13758
13974
13992
13803
13818
13948
13729
13930
13956
14042
13707
13753
13941
14269
13995
14060
14234
14109
14244
14320
14299
14107
14159
14121
14297
14219
14290
14271
14266
14470
14239
14288
14113
14316
14378
14101
14650
14509
14288
14545
14473
14349
14644
14518
14630
14891
14775
14780
14425
14701
14803
14701
14548
15091
14763
14850
15014
14978
14978
15033
14784
14973
14723
15001
14858
15089
15052
15236
15387
15319
15039
15224
15226
15158
15418
15541
15180
15578
15194
15245
15618
15562
15638
15530
15448
15439
15736
15513
15643
15878
15821
15564
15434
15626
15623
15608
15887
15542
15548
15670
15576
15517
15717
15641
15657
15885
15804
15865
15777
15940
16059
15805
16059
15898
16160
16172
15930
16311
15853
15981
16253
16132
16143
16086
16191
15981
16497
16364
16040
16225
16472
16398
16549
16446
16549
16535
16520
16843
16518
16306
16715
16549
16651
16691
16568
16642
16778
17152
17029
16873
16841
16672
16735
16900
16708
16815
16919
16710
16708
16378
16420
16685
16556
16503
16799
16817
17254
16942
17041
17366
17124
17067
17179
17364
17157
17376
17179
17536
17399
17203
17703
17508
17634
17645
17605
17566
17358
17581
17668
17549
17590
17920
17531
18132
17539
17501
17706
17679
17900
17433
17708
17976
18090
17962
17987
17930
18442
17714
18015
18411
17992
18182
18177
18324
18124
18181
18057
18097
18113
18101
18210
18309
18101
18274
18226
18266
18517
18222
18650
18734
18603
18775
18651
18798
18582
18564
18855
18531
19012
18862
18830
18574
18945
19009
18885
19013
18645
18741
19134
18729
18587
18917
18807
19002
19173
18884
18861
19233
19097
19278
19021
19379
19550
19159
19458
19389
19334
19379
19338
19383
19320
19483
19490
19610
19100
19800
19456
19366
19688
19617
19405
19448
19438
19706
19641
20018
19922
20103
19949
19972
20026
20076
19954
20019
20397
20302
20213
19776
20190
20037
20001
19618
19784
19978
20101
20034
19970
19870
20024
19846
20477
20542
20580
20603
20761
20629
20680
20632
20762
20456
20838
20916
21035
20815
21197
20761
21144
20956
21070
20980
20971
20681
20721
20694
20728
20660
20874
20749
21044
20604
21014
20412
20634
20792
20366
20956
20796
20822
20764
20912
21529
21441
21632
21493
21880
21496
21512
21739
21732
21369
21349
21427
21000
20628
20370
19988
19451
19172
18740
18140
17678
17288
17058
17140
17360
17658
18240
18932
19828
20333
21082
21726
22336
22459
22702
22725
22584
22636
22892
22986
22797
22433
22630
22745
22869
22714
22383
22423
22786
22474
22533
23129
22848
22898
22828
22595
22850
22610
22372
22426
22649
22530
22482
22604
22891
22564
22963
22765
23400
23243
23136
23476
23483
23176
23416
23504
23284
23156
23306
23449
23422
22968
23212
23261
23330
23604
23413
23131
23423
23464
23834
23454
23478
23642
23605
23643
23600
23323
23572
23487
23318
23768
23876
23839
23882
23721
23779
23705
23934
24210
24074
24064
23788
23786
23624
23853
24027
23928
24085
23955
23930
24157
24081
24031
24395
24253
24077
23985
24361
24336
24485
24221
24204
24338
24484
24308
24613
24442
24665
24935
25282
24896
24939
24852
25046
24898
24960
25230
24986
25217
24998
25556
25001
25088
25189
25414
25658
25389
25502
25291
25728
25802
25680
25888
25364
25784
26085
25642
26045
25412
25134
24678
24722
24378
24498
24379
24138
24006
24272
24321
24710
25163
25615
26159
26158
26137
25901
26222
26004
26049
26248
26528
26318
26220
26884
26504
26549
26426
26584
26701
26476
26829
26669
26333
26460
26857
26553
26243
26796
26669
26531
26830
26588
26648
26953
26720
26918
27000
26708
27002
27026
26954
27249
27048
26945
26966
27536
26924
27044
27088
27306
27554
27232
27151
27690
27554
27700
27441
27610
27271
27556
27694
27485
27565
27515
27667
27320
27672
27820
27760
27919
27570
27886
27790
27830
27828
27862
28127
28074
27501
27922
27883
27724
27943
27956
28045
28032
28304
28450
27995
28267
28082
28177
28603
28297
28670
28487
28690
28417
28726
28511
28525
28787
28650
28730
28558
29219
29124
28654
29213
28753
29104
29142
29127
29435
29115
29302
28668
29572
29416
29498
29228
29072
29320
29611
29560
29305
29269
29212
29478
29524
29856
29755
29737
29646
29888
30042
30138
29824
29901
29862
29881
29920
30069
30120
29965
29685
29896
30324
29847
30219
30388
30272
30208
29910
30345
30431
30329
30394
30213
30251
30256
30336
30837
30540
30112
30357
30617
30092
30348
30485
30424
30344
31066
30658
30731
30518
30864
30614
30580
30554
30850
30627
30729
30957
30889
31364
31115
31360
30976
31157
30828
30790
30406
30740
30965
30848
30740
30392
30708
30832
30858
31098
31669
31717
31543
31714
31573
31628
32344
31575
31604
31828
31505
31800
31622
31832
32281
32304
32050
31704
32078
32090
32212
32139
32229
32101
32068
31949
32106
32346
32374
32088
31844
32503
32388
32346
32305
32328
32392
32142
32605
32525
32155
32264
32652
32468
32700
32172
32852
32205
32768
32384
32960
32796
32873
32769
32969
32669
33102
32541
32804
33257
33102
32842
33128
32746
32882
32749
33099
33294
33024
32639
33299
33204
32996
33053
33465
33494
33293
33358
33479
33528
33498
33400
33261
33116
33284
33352
33562
33485
33714
33685
33479
33392
33818
33204
33526
33605
33841
33716
33762
33680
33527
33518
33833
33579
33989
33968
33999
33674
34156
33949
34360
34192
34196
34254
33840
34116
34164
33325
33867
34386
34404
34074
34032
34411
33926
34333
34356
34127
34550
34251
34230
34181
33940
34669
34671
34642
34308
34384
34508
34382
34635
34605
34281
34404
34536
34725
34724
34886
34455
34904
34796
34944
34950
34821
35018
34829
35262
35030
34909
35174
34737
35549
35055
35200
35074
35284
35285
35288
35380
35093
35309
34928
35232
35706
35131
35543
35284
35460
35125
35562
35289
35316
35580
35436
35771
35472
35336
35690
35663
35789
35384
35775
36104
36128
35838
35622
35794
35756
35896
36085
36083
35908
35754
35435
35025
35530
34756
35189
35072
34822
34465
34395
34976
35392
35961
36048
36060
36339
36118
36236
36676
36260
36651
36390
36658
35890
36100
36613
36608
36780
36668
36308
36459
36184
36161
36713
36444
36517
36826
36652
36527
36552
36571
36385
36585
36416
36589
36341
36527
36635
36873
36436
36486
36958
36891
36756
37029
36780
36752
36557
36746
37012
37024
37376
36757
37043
36900
37275
37050
37168
36754
37073
36804
36998
37291
36777
36955
37171
36950
37434
37234
37162
37094
37284
37684
37416
37422
37156
37397
37705
37292
37133
37100
37437
37773
37452
37754
37527
37723
37305
37591
37487
37674
37452
37843
37384
37597
37921
37276
37938
37528
37670
37702
37627
37963
37722
37892
37559
37956
37802
37697
38068
37487
38410
38043
37512
37392
37643
37908
37660
38028
37788
37599
37661
38102
37853
37817
38058
37864
37978
38016
38040
38132
38059
38134
38214
37837
38410
38518
37668
38016
38126
38232
38052
37992
38250
37802
37814
38372
38276
37997
38292
38566
38801
38552
38150
38300
38360
38844
38180
38870
38492
38456
38613
38539
38470
38278
38466
38427
38664
38282
38148
38477
38475
38116
38284
38400
38216
38428
38453
38024
38552
38164
38254
38546
38409
38510
38309
38189
38724
38897
38681
38517
39058
38650
38957
38774
38976
38789
38666
39255
39019
38680
39390
38853
38621
38600
39403
38922
38906
38642
38934
38814
38736
39060
38721
38621
39104
39108
38774
38676
38533
38909
38601
38618
38886
38414
38598
38612
38413
38901
38734
38452
38630
39385
38821
38383
38986
38822
39128
38904
38613
38843
39097
38875
38961
39027
39168
39789
39011
39535
38875
38820
38849
38868
38586
38586
39273
38628
39325
38909
38979
38525
39078
39006
39194
39262
39252
39135
39147
39168
39373
39463
38980
39188
39584
39114
39086
39213
39236
38988
39216
39005
39194
38941
39286
39048
39387
39088
39674
39040
39089
38818
38874
39218
38834
39049
38825
38886
38860
38624
38552
38548
38601
38928
38770
38678
38639
38635
38864
38923
38868
38739
39122
38906
38716
39302
39461
39020
38976
39332
38895
38692
38905
38616
39334
38601
38390
38310
38874
38336
38364
37954
37924
38116
38148
38045
37376
37977
38258
38244
38440
38600
38722
39092
39012
38996
39336
39084
38920
38960
38987
39175
38906
39077
39249
39552
38844
38758
38772
38658
39042
39592
38695
38944
39050
38709
38923
38404
38509
38573
39060
39114
38570
38896
38548
38546
39114
38329
38724
38807
38999
38984
38724
38962
38714
38980
38843
39275
39259
38765
38548
38805
38476
38190
38637
38260
38937
39148
38795
38545
38544
38262
38860
38340
38406
38400
38615
38488
38458
37994
38123
38315
38361
37965
38324
38292
38338
38428
38301
38544
38210
38420
38430
37984
38216
37976
37881
38496
37606
37672
38084
38006
37706
37821
38144
38230
37940
37487
38029
37509
38221
37864
37776
38472
38160
37615
37529
37726
38016
37973
37988
37799
37684
37547
37605
37876
37816
37874
37672
37482
37718
37656
37035
37658
37330
37946
37293
37044
37162
37434
37360
37563
37604
37402
37701
37813
37176
37270
37368
37343
37432
37050
37274
37039
37358
37234
36954
37477
37129
37129
37193
36996
36790
36825
37169
36984
37333
36667
37029
36698
36871
36706
36996
36680
36992
36550
36857
36400
36650
36618
36984
36616
36834
36565
36491
36945
36594
36730
36500
36434
36312
36552
36518
36506
36616
36522
36256
36180
36215
36056
36381
36188
36341
36082
36172
36084
36308
36187
36017
35788
36078
35396
35878
35908
35930
35796
36004
36128
35949
35854
35704
35677
35442
35437
35185
35246
35250
35511
35666
35192
35866
35456
35309
35213
35544
35129
35236
35108
35412
35570
35402
35445
35248
35341
35332
34989
35213
35193
34682
34826
35344
35229
35151
34944
35300
35146
35169
34621
34788
34938
34746
35016
34751
34421
34498
33920
33717
33647
33864
33636
33884
33634
33602
33900
34176
33949
34336
34234
34317
33888
34133
34397
34171
34155
34294
34376
33970
34011
33881
34305
34232
33722
33753
33848
33770
33702
33695
33581
33268
33300
33324
33562
33502
33229
33501
33792
33071
33525
33309
33326
33170
32992
32914
32861
33183
33009
32852
33114
32822
33012
32781
32288
33010
32388
32644
32660
32761
32692
32834
32649
32356
32781
32564
32346
32097
31906
32836
32084
32462
32612
32532
32269
32823
32213
32221
32120
32118
32292
32452
32042
31926
32225
31634
32052
31697
31497
31773
31601
31472
31872
32008
31846
31636
31738
31450
31545
31120
31090
30874
31131
30880
30571
30622
30708
30423
30638
30509
30803
30628
30398
30255
29933
30231
30269
30151
30144
29986
29824
30465
30168
30190
30152
30649
30436
30623
30292
30148
30517
30361
30435
30042
30342
30180
30347
29976
30221
30377
29941
29806
30374
30089
29840
29568
29025
28442
28196
28588
28469
28698
28461
28437
28510
28858
28933
28928
29350
29293
29581
29526
29112
28914
29042
28976
28785
28856
28980
28549
28658
28916
28824
28800
28661
28244
28689
28458
28677
28320
28605
28502
28564
28074
28103
28022
28613
28168
28253
28331
27997
27848
28361
28110
28012
28224
28022
27704
27723
27970
27626
27700
27778
27638
27578
27189
26881
26569
26264
26160
26790
26222
26788
26688
26528
27173
26533
27294
26845
26989
27136
26991
27388
26824
26826
26928
26716
26773
26661
26884
26762
26132
26944
26350
26548
26607
26408
26156
26437
26328
25912
25758
26000
25871
25562
25814
25674
25933
25705
25503
25819
25856
25768
25526
25777
25434
25502
25325
25432
25380
25311
25473
25526
25233
25216
25492
25038
25372
25096
25384
25384
25076
24966
25093
24804
24797
24664
25122
24920
24799
24554
24749
24956
24832
24794
24314
24557
24558
24109
24552
24252
24054
24277
23985
24154
24228
24258
24256
24170
24295
24086
23844
24232
24116
23837
23732
23961
23684
24021
23705
23840
23784
23737
23747
23829
23755
23460
23215
23594
23434
23595
23106
23286
23656
23310
23419
23819
23294
23437
23129
22458
22460
22450
22208
22364
22534
22398
22622
22516
22469
22622
22829
22850
22631
22824
22950
22742
22690
22465
22864
22583
22834
22698
22804
22507
22428
22261
22354
22557
22403
22290
22107
22190
22309
22040
21945
22264
22030
21967
22434
22161
21926
21763
21851
22215
22084
21798
22090
21663
21982
22236
21776
21805
21729
22042
21912
22038
22082
21613
21669
21576
21636
21803
21941
21760
21662
21760
21656
21474
21870
21520
21592
21388
21532
21560
21394
21280
21192
21296
21298
21066
21125
21231
21508
21620
21490
21188
21289
21173
21212
21648
21133
21397
21424
21415
21322
21206
21133
21416
21210
21227
21549
21124
21460
21312
21100
21176
20652
20736
20833
20490
21040
20956
21104
20900
21070
21034
20754
20805
21040
21189
21106
21343
20744
21078
21300
20997
20774
21030
20598
21196
20896
20985
20651
20924
20829
20776
20929
20612
20696
20937
20897
20772
20985
21149
21015
21007
20900
20700
21061
20893
20820
21044
20529
20516
20857
21006
21138
20745
21058
21028
21216
20692
21062
21178
21036
20999
20772
20858
20998
21113
20790
20904
21010
20932
20802
20961
20994
21064
21012
21068
20917
21034
20975
21172
21069
20780
21293
20978
21116
21190
21070
21162
21098
21106
21256
21262
21460
21643
21398
21158
21362
21344
21438
21592
21153
21388
21212
21172
21454
21288
21956
21407
21632
21386
21600
21684
21478
21461
21485
21527
21585
21836
21647
21684
21599
21632
21735
22012
21556
21612
21811
21796
22264
22042
22040
22331
22238
21822
22155
22315
22298
22224
22440
22248
22267
22402
22186
22394
22272
22549
22596
22532
22540
22866
22413
22714
22485
22468
22791
22704
22884
22989
22908
22988
22976
22779
23224
23205
23142
23170
23168
22885
23168
23444
23612
23286
23125
23802
23736
23792
23591
23816
24106
23782
23832
23855
24128
23608
24057
24292
24051
24507
24348
24404
24221
24162
24493
24502
24801
24515
24476
24504
24446
24582
24720
24972
24845
24616
24653
24676
24884
25325
25101
25438
25619
25268
25661
25540
25416
25512
25588
25445
25437
25769
25333
25369
25490
25665
25679
25608
25689
25698
25969
26112
26285
26235
26882
26848
26784
27316
27136
27053
26958
27196
27028
27130
27371
27355
27689
27548
27606
27843
27661
27951
27572
27784
27809
27688
28056
27930
28020
28214
27872
28122
27920
28190
28680
28325
28728
28645
28762
28816
28781
29001
28968
29359
29284
29389
29184
29526
29646
29309
29133
29328
29733
29627
29804
29745
30097
30020
30100
30021
30144
29663
30008
29916
30240
29932
30016
29881
29800
30023
30152
30283
30841
31144
31090
31236
31009
30952
31014
30939
30965
30838
30932
30951
31268
31292
31689
31775
31465
31819
32194
31748
32028
32088
32283
31780
32349
32238
32438
32490
32238
32664
32811
32388
32666
32390
32482
32662
32984
33152
32874
32859
33207
33060
33117
32985
32921
32585
32994
32929
32794
33096
33370
33576
33525
33946
33752
33827
33886
34009
33736
33933
34050
34421
34068
34180
34508
34408
34444
34189
33974
34346
34376
34152
34470
34534
34668
34566
34548
34614
34653
34641
34639
34885
34932
34552
34955
34658
35729
35024
34685
35050
34970
34810
35377
34890
35012
35442
35352
35538
35431
35212
35528
35674
35446
35741
35727
35692
35432
36107
35884
35474
35738
35650
35024
35002
34911
34590
34682
34548
34693
34936
35909
36100
35838
36436
35780
36155
36678
36528
36358
36233
36422
36537
36604
36437
36270
36077
36856
36619
36196
36669
35968
36416
36315
36853
36325
36038
36302
36180
36684
36362
36632
36868
36144
36292
36677
36794
36932
36389
36469
36480
36540
36048
36486
36395
36540
36496
36740
36573
36829
36692
36664
36364
37090
36797
36628
36596
36280
36200
36786
36628
36659
36678
36791
36452
36413
36301
36532
36813
36306
36436
36458
36203
36468
36283
36544
36118
36469
36473
36116
36180
36337
36121
36188
36378
36266
36084
36267
35873
36317
36152
36100
35661
36027
36072
35657
36016
35584
35622
35720
35706
35822
35592
35916
35433
35280
35211
35458
35556
34934
35471
35336
35396
35025
35381
34889
34933
35172
35210
35084
35242
34790
34866
34502
34840
34546
34820
34686
35009
34625
34219
34191
34106
34203
34833
34571
34048
34373
34133
34292
33850
34368
34176
34421
34188
34423
34312
33793
33846
33940
33477
33770
33681
33613
33644
33668
33580
33260
33220
33156
32989
33326
32896
32678
32715
33012
32511
32969
32805
32296
32580
32200
32391
32000
32603
32223
32233
32311
32182
32006
31904
32206
31791
31502
31479
31512
31453
31356
31225
31508
30730
31178
31332
30667
31046
31044
31037
30663
31095
30918
30496
30522
30120
30708
30088
30317
30393
30158
30001
29818
30180
29941
29796
29682
29548
29621
29714
29665
29750
29663
29194
29355
29184
28985
28442
28819
28461
28607
28297
28123
28312
28098
27798
27524
28139
27598
27322
27732
27624
27045
27411
27035
27136
27097
26753
26489
26484
26521
26527
26314
26058
26285
26274
25817
26075
25743
25956
25908
26112
25636
25238
24548
23949
23490
22978
23238
23544
24239
24573
24809
24448
24288
24268
24413
24084
24192
23923
23798
23694
23574
23526
23176
23228
22860
22767
22893
22537
22454
22292
22603
22521
22004
22149
21800
21644
22203
21732
21632
21049
21179
21000
21145
20881
20853
20841
20420
20385
19866
20106
20192
20036
19539
19765
19674
19540
19290
19346
19489
19177
19113
18874
18748
18616
18673
18278
18522
18544
18269
17820
17626
17572
17231
17318
17040
17480
16989
17178
17314
17064
16870
16837
16521
16461
16157
16406
16060
16262
15999
15785
15543
15588
15262
15268
15167
15083
15032
15203
14612
14508
14615
14469
14498
14312
14474
14197
14259
13881
13686
13593
13749
13602
13224
13191
13190
13281
13081
12830
12765
12933
12886
12759
12513
12332
12489
12212
12090
11959
12088
11960
11883
11794
11864
11377
11137
11450
11089
11117
11037
11143
10894
11015
10849
10792
10479
10560
10305
10491
10597
10411
10412
10037
10149
10150
9885
9846
9865
9752
9594
9529
9462
9371
9479
9435
9105
9192
9082
9085
9117
8836
8540
8378
8309
8122
8235
8323
8442
8424
8401
8405
8298
8397
8304
8288
8164
8086
8000
7883
7826
7804
8002
7788
7791
7670
7720
7784
7520
7584
7549
7602
7477
7364
7369
7569
7246
7222
7228
7044
6998
7192
7085
6986
6970
6888
7092
6920
6851
6636
6795
6561
6640
6576
6560
6604
6555
6618
6618
6366
6640
6468
6312
6437
6432
6384
6174
6530
6358
6475
6448
6347
6324
6099
6068
6145
6255
6127
6043
6077
5953
5899
5964
5803
5835
5920
5949
5735
5862
5767
5776
5748
5790
5751
5728
