4693
4769
4731
4795
4746
5044
4766
4810
4835
4756
4803
4830
4772
4830
4587
4826
4843
4824
4915
4726
4774
4728
4697
4918
4976
4890
5014
4820
4863
4895
4759
4818
4923
4929
4902
4971
4965
4913
4852
4935
5012
4928
4788
4930
4946
4876
5002
4913
5056
5184
5059
4915
4952
5126
5161
4905
5070
4918
5068
4959
4940
4946
5206
5018
4984
4941
4979
4914
4937
5095
4996
5028
5044
5149
5152
5067
5289
5236
5155
5186
5278
5155
5188
5259
5090
5206
5290
5123
5340
5392
5257
5332
5306
5123
5331
5277
5241
5382
5274
5346
5141
5480
5480
5292
5378
5265
5337
5423
5202
5365
5348
5228
5357
5196
5324
5289
5356
5415
5336
5611
5451
5463
5523
5343
5461
5487
5536
5433
5390
5492
5529
5526
5519
5611
5329
5316
5525
5554
5519
5610
5582
5463
5645
5608
5669
5531
5537
5541
5536
5576
5662
5598
5731
5588
5557
5640
5784
5696
5690
5771
5910
5688
5677
5750
5623
5663
5777
5662
5815
5525
5594
5819
5753
5540
5773
5716
5859
5930
5894
5837
5736
5903
5833
5776
5708
5783
5928
5826
5919
5816
5864
5812
5930
5801
5825
6058
6006
5859
6114
6074
6102
5861
6020
5946
5906
5905
5954
5897
5950
6128
6042
6007
6203
6145
6022
6108
6201
6181
5994
5983
6174
6082
6221
6132
6205
6154
6009
6152
5957
6234
5943
6227
6025
6248
6393
6139
6262
6203
6191
6310
6255
6532
6187
6141
6283
6308
6381
6324
6418
6320
6194
6466
6463
6309
6260
6318
6282
6422
6358
6366
6343
6482
6500
6406
6389
6281
6474
6453
6400
6596
6712
6565
6635
6402
6516
6642
6558
6362
6524
6570
6376
6454
6632
6436
6442
6571
6532
6589
6610
6452
6682
6621
6640
6670
6753
6631
6632
6723
6574
6661
6806
6714
6753
6872
6810
6799
6865
6614
6770
6651
6674
7008
6849
6887
6793
6875
6871
6967
6866
6819
6848
6994
6903
6848
6884
6936
6954
6901
6698
6725
6904
6874
6819
6868
7030
6914
6951
6873
6914
7197
6856
7101
7193
6861
6915
6893
7110
6842
6925
6952
6821
7047
6972
6980
7226
7101
6906
7219
7247
7140
6959
7277
7010
7125
7210
7214
7219
7329
7312
7186
7388
7209
7238
7389
7250
7362
7385
7237
7328
7355
7191
7429
7458
7590
7510
7296
7407
7220
7583
7367
7316
7511
7478
7655
7710
7575
7571
7516
7633
7493
7483
7556
7662
7560
7749
7604
7526
7455
7577
7640
7684
7693
7628
7754
7666
7612
7688
7590
7694
7781
7722
7875
7848
7908
7774
7848
7758
8088
7694
8009
7962
7853
7801
7965
8015
8028
7847
7941
7861
7997
7970
8061
8058
8163
8224
8065
8037
8332
8054
8166
8192
8050
8125
8180
8098
8243
8045
8179
8207
8050
8156
8449
8490
8449
8386
8454
8263
8302
8220
8331
8221
8220
8371
8320
8507
8394
8476
8249
8505
8297
8532
8280
8484
8674
8452
8366
8610
8559
8250
8470
8522
8710
8623
8544
8532
8619
8677
8650
8667
8549
8662
8566
8582
8594
8801
8625
8824
8799
8676
8834
8611
8819
8958
8850
8924
8856
8862
9006
8968
8714
8984
8957
9044
8862
8779
9123
8954
8896
9203
9009
9059
9006
9012
9208
9137
9043
9253
9108
9055
9199
9041
9098
9058
9255
9256
8985
9170
9114
9105
9308
9120
9052
9225
9273
9261
9273
9320
9172
9014
9455
9195
9339
9369
9323
9423
9226
9540
9460
9570
9528
9684
9481
9518
9401
9518
9440
9607
9554
9615
9535
9591
9496
9534
9551
9694
9552
9661
9594
9790
9873
9728
9887
9709
9736
9531
9613
9843
9803
9803
9814
9730
9937
9768
10164
9921
10021
10008
9880
10082
9838
10080
10026
10002
10023
10074
10229
10036
10091
9988
10240
10099
10009
10070
10009
10123
9844
9879
9775
10005
10178
10002
9867
9892
9924
9954
10320
10387
10410
10358
10491
10314
10223
10427
10231
10468
10390
10427
10437
10346
10699
10660
10603
10389
10650
10650
10356
10586
10528
10514
10727
10474
10530
10696
10975
10734
10862
10794
10796
10849
10588
10741
10744
10769
10673
10839
10669
11098
10799
11055
10891
10880
10893
10857
10751
10935
10852
10817
10985
10893
11019
11147
11133
11387
11142
11248
11346
11011
11204
11146
11294
11214
11147
11081
10884
11135
10916
11363
11197
11333
11477
11179
11370
11517
11491
11370
11541
11464
11626
11460
11629
11477
11514
11622
11723
11565
11484
11675
11546
11605
11698
11995
11648
11706
11692
11808
11660
11916
11799
11732
11871
11576
11732
11709
11835
11737
11890
11820
12054
11980
11978
12093
11917
12171
12076
12064
12182
12438
12227
12075
12206
12074
12037
12336
12276
12356
12165
12336
12363
12187
12641
12428
12558
12094
12624
12322
12393
12433
12412
12595
12283
12384
12639
12476
12726
12741
12756
12545
12800
12352
12651
12629
12713
12544
12556
12781
12489
12619
12840
12850
12860
12545
12976
13008
12889
13121
12924
12955
13185
12877
12885
13000
13123
12886
13228
13135
12934
13088
13037
12895
13053
13311
13104
13231
13141
13380
13290
13330
13366
13253
13243
13180
13360
13290
13343
13560
13498
13252
13495
13556
13667
13308
13631
13351
13513
13530
13608
13586
13739
13789
13678
13901
13676
13598
13670
13660
13682
13912
13906
14011
13988
13794
14093
14006
14027
13783
14006
14211
14269
13846
14014
14199
14114
14020
13956
14014
14089
14213
14131
14294
14401
14145
14368
14188
14259
14333
14480
14041
14167
14152
14274
14172
14127
14032
13997
14350
14233
14632
14232
14509
14601
14581
14869
14660
14576
14656
14933
14889
14903
14614
14794
14903
14752
14874
14796
14858
14907
14953
14901
14988
15177
15117
15168
14998
15259
15020
15092
15151
15346
14858
15026
15221
14875
15306
15212
15201
15248
15288
15417
15223
15516
15344
15527
15530
15488
15586
15392
15662
15416
15668
15469
15620
15523
15500
15847
15585
15488
15517
15596
15624
15706
15503
15610
15847
15860
15890
16089
15969
15841
15789
15956
15818
15910
15894
16042
15972
16021
16054
15930
16110
16088
16201
16197
15986
16266
16220
16055
16140
16090
16290
16531
16392
16315
16293
16701
16665
16548
16724
16342
16676
16324
16680
16641
16796
16618
16758
16570
16601
16732
16868
16524
16563
16896
16788
16670
16758
16891
16843
16901
17128
16866
17101
17002
17394
16940
17072
17513
17052
17480
17051
17196
17164
16672
17204
16862
17255
17180
17160
16939
16938
17294
17320
17077
17373
17476
17340
17575
17736
17560
17923
17397
17702
17994
17649
17749
17952
17821
17976
17870
17614
17297
17536
18052
17816
17624
17542
17696
17995
17447
17704
17305
17664
17530
17441
17398
17723
17416
17762
17769
17680
17877
18193
17848
18302
18271
18642
18260
18185
18165
18313
17960
18320
18147
18176
17968
17539
17312
16999
16179
16301
15993
15685
15212
14748
14815
14860
14943
15332
15471
16304
16926
17251
18237
18280
19144
19386
19570
19266
19388
19426
19372
19489
19433
19338
19115
19169
19296
19270
18906
19091
19102
18881
18921
19438
19651
19475
19340
19126
19274
19248
19101
19016
19227
19413
19029
19240
19348
19468
19740
19596
19688
19720
19910
19917
19931
19748
19511
19602
19786
19869
19935
19815
19857
19764
19716
19693
19647
19637
19835
20002
19608
19466
19901
19761
19948
20054
20056
20013
20077
20002
20127
19974
20100
20201
20429
20325
20064
20386
20167
20427
20468
20210
20118
20550
20336
20296
20457
20276
20392
20218
20593
20584
20529
20500
20326
20711
20480
20312
20662
20506
20608
20584
20679
20520
20773
20386
20818
21057
20844
21112
21022
21019
21231
21048
21161
21449
21038
21215
21312
21486
21338
21372
21272
21338
21379
20902
21652
21550
21571
21767
21544
21463
21970
21869
21974
22160
21934
22114
22118
21860
21445
21131
21275
21123
20838
20828
20857
21140
20746
20490
20347
20736
20970
21245
21481
21725
21982
22154
21910
22008
22388
22134
22109
21953
22410
22127
22198
22408
22410
22273
22702
22316
22532
22309
22447
22420
22393
22455
22440
22507
22852
22749
22614
22587
22592
22187
22390
22752
22527
22555
22437
22889
22740
22924
22885
22957
22774
22750
22808
22690
23111
23201
22754
23050
23314
22784
23314
22851
23359
23076
22820
23349
23389
23282
23151
23013
23513
23225
23512
23447
23358
23467
23600
23375
23349
23766
23449
23808
23839
23552
23877
23494
23928
23798
23506
23569
23810
23858
24077
23430
24171
23908
24100
23928
23918
23726
24265
24194
24192
24084
24253
24036
24298
24301
24347
24124
23672
23930
24173
24484
24297
24128
24294
24282
24501
24836
24661
24863
24589
24351
24785
24586
24460
24461
24989
24634
24866
24529
25119
24462
24784
24871
25258
25058
25044
24949
24900
25068
25220
25338
25193
25430
25376
25402
25252
25262
25300
25206
25034
25020
25728
25462
25356
25104
25602
25448
25576
25642
25380
25844
25368
25544
25449
25706
25880
25421
25803
25812
25562
25549
25712
25728
25454
25788
25781
25880
26137
26064
25978
25710
25761
25889
25770
25844
26020
26043
26365
26228
26155
26042
26292
26028
25996
25879
25972
26039
25774
25742
25689
25856
26005
26064
26248
25728
26502
26654
26677
26434
26580
26692
26628
26715
26482
26885
26653
26559
26760
26579
26685
26695
26858
27034
26813
26838
27030
26856
26880
27217
27021
27113
26773
27272
27165
27102
27035
27078
27157
27397
27411
27054
27389
26976
27530
27296
27001
27128
27418
27386
27226
27421
27324
27445
27285
27151
27420
27870
27338
27546
27371
27607
27623
27682
27738
27787
27805
27501
27595
27599
27730
27762
28042
27862
27913
27896
27864
28069
28040
27877
27916
28216
27880
28430
28008
27866
28122
28107
27986
28663
28004
28068
28454
28363
28212
28472
28398
28728
28296
28427
28408
28297
28516
28802
28372
28378
28488
28602
28694
28680
28557
28374
28456
28629
28187
28680
28758
28517
28712
28581
28690
28538
28740
28548
28793
28562
28889
28888
28728
28806
28674
28712
28819
29029
29102
28950
29220
29075
28568
28787
28774
29060
28879
29205
29168
29302
29348
29405
29244
29141
29313
29204
29147
29470
29754
28836
29581
29208
29554
29420
29351
29356
29317
29850
29461
29519
29306
29402
29312
29026
29061
29180
29567
29387
29354
29357
28968
29648
29625
29652
29750
29739
29764
29385
29580
29824
29827
29812
29952
29859
30392
30212
30012
29698
30094
29920
30170
29915
30100
29623
30248
30465
30131
30386
29940
30499
30245
30007
30264
29711
30082
29204
29826
29269
29492
29558
29596
29459
29564
29434
29677
30040
29829
30344
30403
30365
30473
30733
30429
30487
30655
30386
30365
30688
30522
30742
30390
30792
30518
30385
30570
30381
30684
30740
30914
30608
30860
30306
31058
30955
30787
31095
30793
30274
30530
30712
30993
30685
30618
30912
31122
30731
30715
30770
31049
30848
30632
30709
30909
30728
30828
31183
31164
30682
30571
31113
31342
31250
31174
31298
31261
31085
31104
30966
30959
30636
30996
30798
31147
31204
30984
31113
31060
31368
31314
31189
31018
31035
31178
31071
31412
31018
31624
31087
31122
31220
31156
31520
31645
31320
31099
31523
31584
31270
31766
31397
31639
31368
31784
31429
31549
31236
31232
31684
31301
31333
31343
31579
31344
31149
31794
31718
31615
31530
31685
31365
31700
31608
31747
31572
31466
31302
31596
31292
31531
31705
31430
31699
31888
31741
31978
31570
31607
31975
31674
31656
32228
31662
31956
32092
31944
32055
31942
31683
31830
32090
31695
31828
32044
32059
32218
31845
31831
31881
31891
31554
31796
31808
31668
32139
32085
31917
31752
32101
32438
32294
32064
32408
31830
32298
32217
32075
32492
32276
31890
31772
32234
32200
32237
32125
32466
32068
31793
32329
32300
32175
32097
32358
32242
32396
32410
32309
31914
32637
32318
32344
32186
32449
32445
32370
32293
32742
32108
32360
32684
32503
32279
32337
32077
32556
32621
32670
32228
32468
32237
32589
32256
32185
32356
32036
32333
31926
32152
32217
32141
32169
32296
32264
32389
32418
32810
31837
32591
32464
32708
32293
32852
32681
32718
32532
32669
32120
32732
32850
32840
32813
32199
32500
32260
32392
32603
32800
32628
32169
32119
32418
32817
32269
32548
32629
32384
32586
32372
32320
32388
32571
32277
32229
32370
32477
33126
32605
32526
32369
32654
32660
32776
32436
32694
32777
32348
32749
32630
32312
32692
32407
32717
32778
32221
32394
32544
32299
32390
32285
32357
32100
32158
32036
32370
32806
32013
32312
32069
32316
31885
32300
32328
32312
32216
32395
32452
32475
32311
32582
32692
32442
32681
32162
32536
32379
32004
32495
32267
32132
31866
31809
32188
32146
31967
31557
31360
31445
31399
31659
31380
31402
31733
31711
31977
31589
32027
31764
31893
32134
32466
32308
32461
32554
32302
32820
32427
32022
32450
32235
32661
32628
32553
32122
32108
32530
32456
32694
31890
32064
32261
32372
32324
32100
32298
32232
32092
32288
32312
32105
32181
32522
32676
32374
32144
31772
32288
32456
32285
32374
32341
32452
32389
31989
32023
31865
31496
31690
31965
31831
31947
32189
31877
31952
31750
31852
31689
31763
31852
31890
32279
32184
31883
31563
31621
32034
31884
31466
31711
31651
31696
31848
32027
31906
31644
31515
31837
31599
31512
31546
31476
31698
31675
31666
31390
31616
31229
31453
31381
31274
31454
31150
31368
31432
31463
31392
31492
31397
31199
31328
31372
31428
31641
31067
31636
31721
31341
31343
31512
31328
31625
31264
31196
31117
31098
31442
31208
31232
31360
30987
31052
31397
31538
30999
30908
30874
31123
31186
30776
30666
31115
30674
30609
30760
30729
30725
30922
30996
30730
30719
30643
30977
30744
30762
30690
30763
30390
30337
30815
30582
30422
30569
30193
30558
30519
30487
30346
30566
30464
30474
30731
30452
30474
30408
30530
30422
30234
30420
30398
30328
30116
30556
30295
30347
30229
29771
29764
30086
29876
30292
30094
30169
30093
30088
30005
30406
30168
30004
30096
30012
29774
29940
30134
29677
29844
29548
29645
29714
29910
29556
29892
29627
29615
29802
29549
29984
29716
29249
29704
29330
29346
29656
29530
29418
29284
29640
29429
29174
29529
29104
28960
29332
29187
29368
29167
29085
29688
29034
29056
28978
28971
28972
28638
28712
29257
28992
28968
28948
29042
28774
28591
28944
29032
28736
28893
28532
28415
28713
28270
28052
28251
28044
28202
28137
27969
27940
28083
28036
28238
28059
28077
28261
28100
28064
28196
27904
28109
28205
28410
28316
28353
28180
28032
27904
27947
27674
27579
28150
27860
27812
28090
27977
27798
27733
27940
27802
27588
27396
27582
27450
27305
27396
27590
27512
27694
27387
27469
27105
27477
27483
27277
27057
27005
27221
26933
26811
26807
26511
26854
26789
27188
26645
26884
26861
26684
26708
26910
26702
26872
26597
26880
26566
26933
26507
26548
26889
26985
26774
26483
26808
26554
26467
26678
26519
26619
26097
26227
26280
25993
26284
26269
26004
26200
25864
26217
26170
26028
26112
25957
26121
25604
25866
25326
25258
25856
25721
25451
25533
25602
25605
25351
25238
25494
25195
25081
25124
25162
24970
25069
24820
24900
24708
24903
24853
25114
24968
24905
25134
25197
25120
25154
25154
25018
24916
25000
24574
25122
25416
24768
24485
24807
25056
24878
25144
24952
24693
24312
23845
23878
23524
23588
23744
23908
23782
23533
23500
23780
23836
24034
24260
24436
24527
23892
24177
24261
24114
24219
24096
24040
23844
23726
23999
24060
23812
23949
23670
24064
23567
23850
23721
23404
23530
23467
23578
23733
23140
23596
23236
23140
23413
23292
23338
23384
23599
23053
23108
23112
23221
23106
22906
23146
23147
23370
23216
22962
22664
22625
22158
21923
22154
22032
21781
22148
22213
22123
22523
22101
22094
22424
22301
22366
22677
22463
22392
22442
22740
22212
22266
22273
21844
22279
22085
22123
22052
21984
21720
21930
21885
22200
21510
21622
21993
21702
21483
21444
21528
21337
21192
21696
21396
21589
21396
21336
21558
21134
21477
21346
21294
21540
21222
21464
21142
21435
21064
21092
21137
21162
20872
20956
21092
20946
21312
20910
20835
21036
21090
20778
20965
20764
20864
20760
20603
20722
20552
20636
20937
20291
20533
20597
20329
20582
20456
20594
20042
20157
20452
20312
20036
20522
20008
20523
19917
19982
20133
20023
20232
20105
19909
19688
20157
20169
19973
20052
19904
19758
19788
19698
19825
19625
19974
19831
19816
19604
19350
19473
19992
19549
19860
19512
19163
19284
18907
18850
18769
18998
18954
18808
19032
19093
19237
19020
18836
19120
19020
18951
18988
19160
18830
18874
19002
19002
19078
18852
19493
19022
19277
19106
18717
18752
18946
18870
18877
18650
18825
18538
18701
18440
18520
18379
18708
18792
18574
18657
18781
18574
18292
18411
18474
18696
18600
18699
18748
18256
18701
18417
18410
18420
18128
18280
18405
18337
18420
18301
18415
18196
18410
18254
18301
18315
18436
18050
18139
18106
18134
18202
18264
17814
18120
18292
18080
17956
17772
17984
17977
17865
18107
18133
17895
18102
17909
17881
17398
17964
17868
17897
17980
17988
18158
17916
17653
17986
17720
17979
17992
17700
17954
17764
18037
17656
17497
17569
17714
17821
17545
17786
17483
17576
17565
17616
17721
17717
17754
17798
17754
17458
17333
17628
17711
17581
17747
17769
17656
17617
17771
17684
17735
17780
17771
17363
17469
17390
17600
17562
17518
17692
17572
17604
17864
17664
17762
17607
17396
17458
17722
17625
17903
17868
17698
17640
17724
17689
17952
17434
17769
17572
17702
17409
17760
17693
17739
17735
17490
17605
17585
17704
17738
17748
17601
17902
17719
17623
17447
17573
17650
17728
17816
17693
17780
17768
17874
17741
17592
17807
17708
18001
17636
17794
18096
17710
17664
17748
17960
17965
17792
17928
18011
17882
18066
17858
17807
17751
18024
17890
17988
18050
18058
17991
18216
18174
18321
18397
18538
18326
17916
18329
18403
18172
18209
18520
18257
18290
18412
18509
18284
18386
18054
18789
18794
18614
18335
18774
18494
18316
18845
18628
18628
18862
18688
18674
18900
18760
18937
18477
18836
18826
19085
19065
19241
18825
18744
19014
18792
19115
19368
18936
19135
19396
19440
19446
19415
19178
19345
19407
19451
19586
19467
19480
19562
19484
19703
19369
19786
19677
19584
19684
20097
20260
19981
20036
20407
19812
19963
19849
20052
19956
20084
20051
20234
20132
19898
20191
20170
20658
20472
19726
20350
20415
20213
20514
20344
20564
20410
20671
20617
20616
20891
21332
20833
20992
20842
20754
20758
21082
20860
21018
21115
21154
21018
21262
21072
21130
21228
21314
21358
21256
21592
21465
21554
21924
21688
21957
21729
22044
22111
22244
22198
22427
22341
22177
22524
22273
22646
22616
22432
22731
23041
23052
22758
22901
22828
22706
22388
22831
22798
22656
22934
23114
22997
23060
23448
22965
22970
23471
23350
23304
23281
23857
23535
23391
23268
23495
23925
23421
23404
24072
23949
23865
23802
24035
24064
23842
24174
24045
24121
23868
23827
23914
23931
24429
24009
23907
23746
24020
24061
24164
24274
24793
24904
24786
25140
24762
24983
24757
24887
24971
24822
24616
24850
25225
25168
25600
25277
25236
25192
25341
25507
25388
25748
25434
25515
25804
25416
26124
25728
25904
25943
25864
25878
25693
25856
25830
25856
26052
26108
26136
26487
26176
26116
26370
26029
26045
25816
26406
26347
26157
25900
26180
26466
26582
27030
26298
26745
26808
26664
26890
26896
26991
26884
26301
26796
26958
26824
26902
27179
27019
27108
27181
27274
27057
26986
27310
26996
27172
27293
27394
27442
27691
27592
27418
27440
27655
27437
28032
27470
27661
28008
27898
27745
27637
27564
27600
27812
27422
27492
27436
27588
27650
27487
27847
27904
28104
28024
27802
28022
27950
27588
27546
27808
27483
27452
27373
27210
27240
27191
27712
27528
27640
28168
28777
28717
28395
28657
28740
28639
28447
28804
28605
28260
28622
28600
28548
28750
28441
28630
28886
28720
28499
28872
28412
28260
28445
28602
28669
28736
28818
28460
28701
28810
28493
28984
28754
28994
28565
28914
28891
28774
28715
29238
28614
28786
28941
28616
28541
28868
28711
28559
29036
28506
28939
28688
29156
28628
28711
28482
29069
29007
28440
29003
28613
28776
28689
28805
28586
28696
28625
28578
28588
28773
28856
28373
28539
28518
28257
28370
28253
28583
28373
28178
28561
28366
28383
28490
28470
28052
28016
28181
28216
28358
28362
28221
28230
28032
27819
28076
28422
28092
28395
28326
27893
28160
28154
27963
27959
27673
28276
27822
27860
27788
27940
28008
27515
27538
28228
27396
27732
27626
27302
27557
27541
27489
27738
27712
27644
27148
27163
27357
26934
26913
27212
26909
27147
26779
26972
27061
26920
26533
26752
27115
26716
27068
26966
26404
26724
26672
26762
26923
26571
26550
26572
26443
26276
25876
26462
25856
26137
25816
26231
25930
25620
25485
25670
25938
25554
25778
25798
25883
25730
25293
25357
25110
25512
25602
25238
25012
25027
25217
25212
25099
24920
24905
24692
24617
24724
24580
24890
24782
24529
24578
24378
24390
24167
24353
24338
24072
24350
24105
23914
23826
23992
23958
24228
23875
23546
23593
23341
23740
23588
23416
23444
23053
23534
23413
23285
23042
23128
23205
23104
22857
23124
22548
22720
22557
22346
22573
22331
22062
22442
22161
21997
22022
22042
22048
21913
22088
21997
21362
21894
21428
21350
21526
21210
21124
20877
21030
20697
20998
20920
20781
20866
20894
20647
20825
20740
20788
20653
20204
19553
19082
18747
18541
18620
19252
19146
19634
19813
19292
19529
19261
19121
19300
19440
18906
19594
18959
18924
18648
18474
18329
18392
18426
18027
18113
18149
17922
18352
18053
17978
17956
17695
17706
17420
17554
17186
17338
17220
17208
17361
17092
16481
16676
16571
16574
16481
16420
16340
16226
15946
16158
16052
16130
15856
15745
15858
15806
15338
15545
15514
15197
15486
15266
15198
15033
14905
14883
14457
14331
14378
14075
14409
14564
14137
14106
13896
14091
13934
13577
13981
13696
13825
13755
13572
13511
13440
13259
12964
12649
13006
12675
13054
12742
12765
12469
12253
12532
12368
12157
12325
12282
11955
12055
11649
11750
11677
11720
11336
11468
11213
11332
11262
11163
11016
10927
11013
10827
10882
10547
10850
10566
10518
10572
10475
10215
10275
10088
10196
10065
9918
9961
9699
9602
9504
9732
9610
9151
9522
9345
9070
9146
9159
9086
8967
8878
8917
8694
8764
8781
8756
8588
8460
8246
8300
8322
8391
8285
8271
8040
8074
8018
7906
7862
7655
7704
7725
7368
7196
7110
7181
7005
7190
7158
7255
7214
7271
7252
7123
6958
7127
7059
6933
6792
6856
6813
6696
6825
6964
6892
6773
6766
6566
6506
6588
6444
6573
6324
6297
6212
6192
6185
6256
5999
6171
6253
6164
6126
5921
5981
5982
6110
5974
5853
5604
5848
5798
5910
5650
5560
5706
5704
5676
5612
5624
5588
5463
5575
5458
5481
5484
5424
5482
5268
5563
5447
5434
5353
5177
5340
5162
5246
5336
5126
5063
5155
4983
5022
5133
5022
5020
5173
5002
5036
5032
4957
4915
4844
5067
4980
4879
