5712
5495
5362
5349
5519
5479
5470
5504
5664
5476
5528
5477
5577
5479
5541
5721
5632
5553
5540
5580
5643
5548
5650
5604
5577
5434
5701
5529
5468
5744
5656
5688
5775
5737
5707
5709
5504
5889
5687
5682
5812
5724
5685
5819
5838
5749
5724
5824
5738
5995
5784
5941
5933
5743
5854
5672
5864
5894
5837
5961
5788
5856
5931
5704
5726
5797
5766
5835
5798
5778
5792
5925
5840
5909
6055
5954
5957
5874
5827
6246
5957
5834
5980
6038
6048
6121
5874
6253
6095
6090
5964
6138
6130
6056
5989
6159
5870
6208
6268
6033
6107
6087
6193
6192
6302
6201
6142
6224
6166
6312
6145
6401
6301
6210
6389
6042
6260
6201
6518
6213
6295
6150
6192
6213
6286
6334
6385
6385
6223
6327
6313
6257
6201
6377
6505
6412
6570
6544
6404
6362
6496
6382
6345
6369
6394
6574
6616
6561
6436
6481
6511
6520
6568
6458
6206
6486
6522
6662
6807
6576
6704
6564
6647
6589
6521
6691
6621
6640
6737
6687
6716
6723
6796
6634
6508
6675
6757
6932
6885
6857
6656
6911
6873
6754
6698
6959
6971
7001
6819
6786
6818
6858
6866
6788
6796
7016
6781
7052
7052
7066
6906
6911
6954
7061
7049
7028
7168
7076
7072
6974
7058
7021
7232
6895
6932
7073
7156
6998
6975
7169
7120
6998
7070
7050
7130
7178
7101
7303
7333
7243
7147
7243
7154
7212
7258
7285
7228
7311
7191
7120
7432
7348
7210
7303
7471
7396
7252
7632
7526
7526
7246
7591
7360
7236
7525
7477
7594
7575
7438
7550
7476
7428
7557
7413
7482
7526
7536
7488
7498
7622
7602
7368
7541
7704
7706
7609
7702
7624
7822
7640
7829
7623
7679
7545
7774
7610
7772
7748
7643
7631
7684
7630
7691
7585
7778
7976
8019
7913
7914
7591
7944
7849
8015
7849
7825
7948
7782
7990
7808
7851
7874
8158
8046
8095
7953
8066
7909
8108
8154
7918
8111
8087
8093
8175
8279
8060
8090
8196
8147
8235
8334
8196
8127
8275
8433
8233
8189
8212
8141
8262
8330
8266
8325
8062
8361
8359
8172
8363
8124
8203
8276
8228
8302
8271
8507
8348
8326
8358
8297
8483
8490
8660
8516
8473
8457
8576
8439
8495
8387
8611
8667
8501
8701
8700
8694
8509
8717
8681
8670
8754
8662
8772
8649
8819
8866
8750
8650
8855
8798
8580
8704
8794
8712
8890
8787
8833
8854
8890
8883
9074
8813
9022
8832
8807
9082
9109
8954
9064
9071
8925
8878
8908
9158
9192
9128
9243
9144
9218
8981
9277
8975
9111
9125
9370
9533
9218
9275
9345
9362
9228
9372
9500
9416
9275
9352
9261
9322
9421
9315
9447
9244
9435
9431
9618
9524
9605
9484
9684
9448
9559
9452
9661
9642
9729
9574
9724
9492
9572
9484
9576
9767
9810
9773
9502
9836
9837
9783
9744
9767
9940
9803
9820
9903
9945
10049
9910
9744
10032
9962
9976
10006
10171
9988
10133
10086
10074
10120
10095
9909
10250
10149
9921
10235
10212
10286
10211
10157
10243
9968
10132
10201
10212
10097
10228
10473
10413
10284
10326
10354
10528
10398
10324
10307
10453
10381
10253
10440
10674
10427
10333
10666
10439
10625
10631
10585
10620
10627
10533
10683
10778
10484
10597
10764
10738
10897
10823
10697
10666
10590
10763
10996
10859
10821
10908
10915
10658
10913
10783
10888
10917
11076
11081
11098
11042
10841
10981
10870
11023
10851
11157
11029
10950
10997
11235
11171
11145
11164
11139
11263
11164
11104
11090
11435
11195
11047
11545
11239
11429
11377
11573
11599
11368
11436
11304
11550
11581
11302
11534
11318
11460
11437
11330
11615
11603
11418
11636
11520
11566
11631
11620
11739
11570
11663
11698
11718
11594
11456
11470
11916
11571
11937
11652
11909
11995
12083
12179
11979
12112
11855
11833
11991
11804
12134
11739
11798
11667
11864
11747
11786
11575
11658
11730
11756
11823
12050
12139
12128
12068
12133
12434
12116
12426
12279
12239
12473
12475
12334
12377
12341
12525
12285
12589
12311
12597
12447
12531
12667
12611
12511
12427
12465
12540
12544
12434
12512
12530
12766
12538
12714
12886
12726
12703
12916
12639
12980
12910
12809
12862
13037
12846
12824
12626
13046
12768
12948
13090
13167
12986
13076
12956
12950
13045
13424
13074
13262
13348
13081
13128
13286
13133
13001
13061
13092
13157
13080
13210
13256
13631
13447
13423
13552
13542
13539
13639
13492
13544
13487
13680
13724
13694
13980
13638
13651
13573
13893
13863
13872
13807
13952
13731
13739
14051
14009
14125
14069
14027
14160
14071
14010
14362
14265
14291
14180
13988
14276
14477
14512
14286
14251
14594
14520
14330
14648
14368
14304
14554
14472
14391
14640
14496
14298
14464
14429
14592
14461
14598
14592
14806
14869
14848
14330
14821
14698
14940
14760
14858
15158
15146
15121
14994
15073
15258
14750
14977
15125
15322
15110
14835
15307
14964
15076
15098
15099
15373
15096
15331
15331
15285
15469
15726
15498
15561
15403
15568
15256
15437
15524
15424
15439
15654
15498
15442
15696
15716
15682
15872
15546
16051
16011
15681
15594
16148
15872
15896
16054
15840
16057
15883
15758
16025
15757
16002
15987
15886
15958
16040
16099
15893
16214
16128
15976
16251
16228
16274
16245
16301
16441
16375
16317
16324
16390
16537
16235
16284
16308
16461
16592
16345
16518
16848
16600
16790
16957
16462
16814
16825
16916
16863
16605
16813
16747
17044
16870
16813
16930
16736
16958
17133
16940
17140
17131
16821
17172
17060
16930
17018
16917
16750
16841
16993
16815
16962
17033
16878
17174
17158
17088
17113
17249
17234
17442
17468
17746
17334
17626
17869
17970
17744
17620
17606
17853
17642
17839
17834
17795
17910
17738
17871
17810
18001
18043
18175
17848
18195
17310
18026
18067
17930
17944
18052
18143
18155
18093
18004
18183
18353
18356
18154
18427
18538
18445
18257
18344
18724
18382
18543
18743
18494
18493
18390
18572
18184
18715
18364
18398
18597
18537
19090
18832
18620
18763
18542
19012
18868
19101
19004
18832
19439
19029
19008
19366
19023
19316
19042
19243
18864
19343
19512
19326
19250
19548
19252
19048
19284
19228
19431
19229
19258
19206
19354
19363
19562
19830
19432
19948
19608
19486
19498
19534
19748
19587
19961
19449
19834
19854
19661
20003
19862
20090
19788
19892
19654
19650
20089
19824
20204
20032
19960
20075
20344
20312
20398
20317
20453
20288
20340
20804
20709
20232
20306
20533
20116
19994
20342
20028
20376
20289
20317
20351
20406
20370
20346
20813
20811
21133
20855
21056
20917
21103
21074
20838
21294
21312
21146
21100
21333
21192
21586
21251
21200
21393
21241
21189
21306
21065
21078
21323
21093
20963
20884
20915
20949
20941
20858
21217
20916
20662
20910
21129
21146
21482
21747
21866
21802
21864
22011
22134
22085
21901
21780
21813
21803
21674
21484
20621
20731
20042
19540
19848
18925
18584
18095
17423
17493
17499
17803
17970
18707
19355
20164
20937
21439
22144
22641
22936
23413
22904
22861
23192
23164
23252
22980
22973
23168
23212
22801
22960
22904
22827
22784
22567
22913
23312
23286
23104
23217
23042
23151
22714
22779
22971
22940
22752
22975
22828
23157
23080
23499
23797
23327
23592
23702
23785
23579
23543
23788
23637
23381
23741
23460
23688
23790
23348
23686
23359
23652
23620
23592
23748
23928
23672
23832
23928
24078
23884
23887
23991
23881
23880
24004
23924
24034
24040
24102
24238
24005
24452
24262
24349
24408
24395
24123
24594
24452
24234
24317
24162
24338
24216
24227
24074
24396
24354
24558
24461
24420
24379
24258
24659
24414
24592
24735
24516
24808
24894
24535
24606
24714
25088
25039
25289
25418
25277
25152
25421
25341
25308
25176
25408
25157
25532
25606
25611
25471
25488
25728
25991
25402
25899
25764
25860
26326
25864
26454
26278
26413
26177
26160
26439
25891
25848
25747
24765
24968
24612
24789
24842
24810
24818
24660
25065
24782
25118
25629
26278
26215
26532
26852
26386
26481
26708
26890
26888
26462
26940
27080
26822
27176
27099
27070
26872
27294
26757
26752
26715
27038
26628
26993
27178
27067
27194
26958
27173
27498
27328
27192
27274
27302
27410
27021
27240
27044
27330
27589
27513
27382
27255
27548
27524
27225
27622
27776
27767
27768
27912
27744
28061
28161
27680
27486
27597
28069
28219
27936
28052
28032
28040
28019
28204
28461
28436
28383
28314
28356
28672
28560
28294
28280
28490
28201
28753
28218
28474
28060
28267
28998
28800
28940
28232
28700
28502
28731
29103
28928
29008
29073
29274
28736
28950
29026
29064
29195
28635
29404
29030
29307
29044
29254
29227
29273
29072
29378
29405
29130
29240
29650
29460
29725
29230
29768
29518
29666
30010
29748
30100
30040
30286
29656
30018
30284
29931
30154
30074
30325
29691
30550
30171
30386
30166
30412
30516
30601
30433
30388
30221
30813
30300
30424
30330
30468
30493
30506
30719
30595
30789
30687
30676
30841
30715
30848
31116
30784
31020
30931
30963
31435
30472
30765
30579
31112
30765
31012
30468
31068
30937
30715
31058
30693
30914
31082
31252
31341
31404
31213
31682
31090
31741
31232
31496
31647
31660
31828
31084
31061
31117
31386
31225
31346
31468
30948
31733
31480
31296
31818
31812
32397
31636
32011
32525
32162
32470
32149
31924
32006
32183
32109
32396
31905
32442
32285
32868
32712
32668
32491
32427
32281
32714
32529
32114
33036
32853
32578
32820
33188
32722
32858
32919
32922
32644
32984
32776
32914
33024
33028
33051
32957
33161
33286
32568
32988
33412
33097
33309
33306
33145
33626
32618
33141
33433
33340
33595
33524
33478
33280
33604
33388
33668
33461
33578
33250
33631
33604
33743
33693
33442
33583
33533
34004
33861
34136
34125
34120
33743
33840
33794
34018
34176
34121
33609
33913
33974
33693
33901
34006
34144
34159
34029
33732
34048
34612
33972
34536
34166
34464
34110
34500
34208
34002
34260
34851
34180
34317
34214
34532
34376
34760
34861
34843
34442
34264
34134
34747
34546
35083
34743
34248
34679
34622
34892
34588
34886
34675
34909
34564
34987
35072
35200
35332
34866
35204
35181
35061
35202
35077
35340
35482
35336
35116
35274
35471
35225
35747
35332
35829
35606
35336
35579
35850
35648
35287
35593
35563
35868
35629
35786
35872
35917
35694
35782
35933
35760
35805
35905
35805
35626
35883
36340
35908
36185
35979
35546
36033
35976
36107
36261
35748
36282
36173
36096
36216
36300
36404
36560
36475
36360
36394
36612
36208
36388
36580
36497
36490
36392
36763
36521
36052
36308
35878
36085
35661
35530
35634
35786
35804
35288
35282
35926
36204
36555
36617
37053
36392
37016
37018
37197
36740
36917
36822
36785
37048
36708
36824
36996
36854
37545
37339
37148
37096
36986
37206
37240
37333
36923
37164
36890
37288
37212
37428
37284
36941
37428
36799
37805
37309
37015
36975
37783
37801
37515
37264
37460
37529
37174
37176
37580
37535
37376
37551
37773
37946
37786
37727
37995
37928
37517
37963
37908
37780
37812
37778
37904
37921
37754
38296
37776
38315
38097
37982
37876
38229
37805
37869
38181
38086
37788
37928
38109
38272
38016
38052
38276
38048
38125
38583
37909
37988
37912
38106
38118
37810
38159
38176
37924
38148
37915
38184
38792
38356
38472
38482
38986
38362
38328
38390
38422
37888
38428
38113
38496
38367
38088
38721
38374
38464
38107
38419
38122
38596
38482
38004
38463
38692
38868
38990
38528
38946
38464
38516
38699
38619
38575
38895
38938
39040
38645
39118
39168
38749
38800
38406
38616
39088
38744
38782
39311
39417
38948
39226
38894
39242
39025
38925
39172
39088
39149
39072
38821
39388
39476
39180
39051
39111
39700
39178
38907
39260
38620
39424
38724
39179
39040
38857
39330
39168
39099
39135
38872
39111
39168
39242
39460
39076
39332
39056
39020
39309
39242
39792
39274
39140
39371
39384
39746
39562
38982
39516
39352
39296
39722
39310
39947
39195
39320
39424
39471
39371
39268
39241
39733
39424
39432
39425
39268
39482
39381
39371
39306
39300
39501
39195
38959
39316
39133
38827
39202
39389
39482
39689
39768
39463
39176
39332
39257
39821
39830
39849
39397
39220
39652
39482
39828
39256
39900
39748
39517
39468
39310
39510
39306
39996
39219
39458
39606
39862
39802
39529
39796
39888
39685
39918
39972
39869
39432
39848
39838
39766
40002
39843
39871
39801
39908
39461
39869
40022
39873
39790
39645
39826
39860
39801
40081
39849
39740
39684
39720
39482
39973
39882
40046
39813
39821
39403
39168
39956
38888
39588
39428
39494
39009
39386
39290
39218
39241
39432
39284
39450
39380
39736
39588
39894
39771
39946
40136
40116
39946
39531
39846
39949
39385
39625
39261
39015
39338
39646
39227
39020
38747
39084
38938
38912
38804
38865
38556
38879
38367
38956
39012
39405
39658
39645
39956
39821
40159
39850
39862
39754
39213
39764
39610
39968
39498
39722
39707
39965
39863
39732
39604
39766
39416
39786
39348
39436
39770
39684
39192
39380
39568
39403
39402
39893
39659
38985
39556
39476
39329
39524
39497
39508
39325
39462
39516
39517
40107
39826
39543
39327
39223
39300
39026
39686
39211
38952
39250
39124
39384
39408
39466
38921
39325
39400
39026
38994
39237
38905
39334
39099
39003
39210
38692
39076
38861
38666
39086
39129
38819
38741
39130
38948
39012
39051
38700
39066
38645
39170
39200
38554
38050
39128
38458
38153
38934
38292
38620
38522
38570
38862
38638
38854
38660
38498
38698
38644
38306
38295
39095
39197
38613
38548
38578
38344
38546
38928
38628
38843
38394
38750
38219
38420
38057
37875
38248
37812
38025
38277
38039
38054
38264
38068
37892
37770
38090
37924
37894
37602
38024
37850
37674
37650
37972
37408
37822
37532
37664
37675
37773
37657
37668
37736
37416
37496
37740
37454
37624
37289
38016
37764
37638
37923
37808
36637
37306
37613
37304
37684
37718
37801
37419
37593
36982
37444
37120
37405
37120
37388
37069
36843
36940
36779
37196
37070
37252
36909
37193
36876
36621
36728
36793
36724
36576
36900
36818
36902
36716
36632
36389
36553
37084
36525
37048
36331
36453
36565
36356
36601
36308
36682
36536
36315
36373
36180
36352
36102
36532
35821
36326
36160
35914
35920
36418
36125
35915
35642
35924
35816
35805
36190
36314
35688
36061
35609
35846
35842
35807
35882
35507
35704
36013
35915
35329
35277
35946
35388
35840
35508
35611
35656
35743
35282
34948
34838
34725
34684
34756
34564
34762
34760
34799
34581
34628
35114
34660
34827
34849
34720
34987
35410
35121
34668
34846
34488
34914
34869
34963
34596
34652
34889
34592
34138
34082
34193
34058
34180
34202
34336
34254
34032
34522
34201
34237
34221
33635
33920
33432
33669
33965
33892
33865
33572
33597
33945
33722
33674
33610
33849
33425
33611
33600
33038
33167
33149
33184
32932
33306
33172
33045
32917
32953
32816
32756
32820
33264
32717
33204
32827
33168
33050
32944
33042
32761
32621
32606
32923
32637
32941
32333
32732
32848
32203
32436
32470
32573
32443
32388
32423
32104
32410
32250
32036
32210
31853
31928
31368
31245
31742
31548
31082
31268
31214
31210
31259
31450
31305
31321
31649
31220
31004
30546
30661
30822
30829
31109
30922
30637
30976
30661
30624
31195
31165
31083
31109
30662
31098
30932
30744
30772
30635
30796
30976
31069
31098
30493
30590
30936
30461
30676
30816
30119
29922
29556
29352
29365
28929
29551
29212
29020
29035
29111
29049
29440
29543
29837
29741
29696
29985
29879
29614
29824
29557
29382
29518
29524
29700
29546
29316
29396
29020
29131
29095
29253
29106
29307
28572
29174
29188
28681
29014
28877
28565
28597
28928
28480
28224
28426
28478
28333
28578
28644
28297
28438
28238
28230
28553
28852
28455
28378
28194
28040
27638
27035
26570
26644
26485
26880
27138
26817
27331
27130
27260
27457
27392
27556
27427
27733
27665
27563
27460
27474
27126
27320
27280
27163
27353
27060
26958
26986
27003
26938
26854
26746
26900
26862
26282
26688
26469
26330
26376
26145
25684
26240
26187
26445
25984
26036
26030
26009
26129
25917
25811
25532
25949
26172
25920
25674
26050
25839
25487
25421
25609
25322
25446
25323
25567
25581
25316
25372
25399
25713
25320
24983
25664
24902
25298
24924
25103
25126
25207
24790
25161
24858
25027
24834
25090
24946
24848
24532
24720
24608
24809
24555
24290
24605
24530
24076
24347
24220
24130
24438
24402
24192
24193
24235
24201
24088
24147
23812
23748
24041
23863
24008
24018
24248
23662
23986
24270
23988
23722
23872
24041
24100
23688
23826
23328
23083
22811
22826
22865
22480
22909
23044
23084
22768
22953
22905
22916
23118
23169
23201
23030
22980
22938
22928
22493
22773
22955
22919
23138
22893
22955
22766
22959
22570
22729
22757
22586
22563
22518
22637
22401
22105
22152
22337
22205
22476
22487
22565
22389
22144
22135
22358
22429
22371
22266
22406
22234
22034
22449
22165
22270
22112
22083
21993
22150
22257
22240
21914
22112
21931
21949
21829
21874
22125
21711
21556
21818
21688
21521
21841
21654
21592
21666
21700
21538
21478
21576
21373
21684
21796
21808
21471
21867
21713
21517
21558
21433
21522
21626
21521
21493
21445
21374
21236
21424
21108
21453
21682
21701
21438
21300
21299
21288
21269
21146
21615
21350
21205
21093
20986
21279
21254
21192
21061
21288
21343
21248
21428
21322
21178
21165
21074
21266
21177
21280
21177
21227
21483
21348
21008
21112
21120
21140
21294
21136
21428
21250
20971
21361
21236
21188
21009
20958
21162
21225
21237
21188
20916
20949
21388
21098
21259
21366
21257
21448
21432
21453
21482
21356
21243
21069
21147
21192
21036
21268
21597
21241
21223
21172
21588
21289
21401
21326
21354
21563
21336
21150
21162
21400
21446
20984
21113
21391
21274
21494
21552
21304
21174
21257
21608
21636
21433
21778
21737
21706
21707
21325
21848
21731
21628
21837
21844
21828
21501
21648
21837
21730
21806
22048
22000
21954
21584
21648
21931
21926
21995
22273
21820
22037
22332
21849
22072
22075
22330
22070
22021
22404
22211
22341
22538
22412
22045
22639
22230
22515
22541
22823
22469
22565
22349
22594
22540
22493
22840
22759
22476
22784
22932
22931
22954
23275
22633
22942
23314
23234
23206
23240
23303
23332
23309
23317
23408
23287
23464
23628
23428
23407
23794
23924
23784
23831
23787
23758
23826
23526
24010
24012
24306
24313
24194
24200
24209
24243
24543
24559
24361
24349
24772
24712
24533
24391
24780
25005
24832
24988
25142
25430
25281
24806
24725
25312
25212
25261
25175
25205
25238
25457
25870
25785
25916
26042
26043
25940
25942
25819
25714
25965
26029
26149
25948
25877
26292
26009
25984
25816
26314
26667
26068
26761
26603
26381
26954
27100
27152
27375
27501
27718
27606
27912
27639
27670
27417
27766
27862
27548
28124
28082
28138
27938
28378
28420
28468
28314
28292
28427
28722
28479
28455
29252
28788
28740
28739
29274
28932
28810
29124
29330
29373
29314
29184
29314
29454
29578
29890
29780
29754
29764
29915
29852
30255
30283
30326
30363
30665
30188
30442
30257
30683
30636
30878
30449
30562
30709
30710
30336
30124
30272
30210
30831
31497
31342
31652
32000
31454
31457
31708
31924
31389
31284
31593
31586
31540
32404
31936
32378
32726
32493
32772
32549
32731
32858
32682
33274
32793
33096
32744
32955
32778
33154
33336
33037
32808
33266
32788
33174
33591
33162
33534
33442
33752
33780
33904
33387
33621
33586
33448
33204
33440
33643
34005
33898
34217
34503
34644
34524
34154
34769
34523
35180
34740
34749
34907
35106
34530
34711
35216
35080
35108
35017
35392
34797
34987
35313
34824
35483
35280
35567
35154
35569
35331
35642
35931
35580
35592
35428
35488
35546
35620
35788
36186
35443
36290
36037
36153
35968
35726
36204
36317
35849
36008
36096
35941
36004
36078
36418
36161
36741
36505
36625
36452
36416
36234
36004
35720
35492
35238
35008
35311
35347
35442
36259
36679
36756
36847
37262
36933
36952
37222
37338
37348
37226
37544
37328
37531
37140
36981
37444
37344
37050
36764
36740
37385
37022
37260
37277
37338
36845
36949
36907
37030
37128
37330
37082
37165
37170
37720
37396
37148
37172
37136
37194
37144
37469
37248
37258
36980
37184
37060
36917
37330
37130
37271
37345
37536
37369
37329
37221
37012
37092
37321
36938
36884
37636
37057
37280
37122
37360
37253
37548
37359
37120
37295
37325
37192
37224
37096
36629
36886
36934
36814
37012
36597
37062
37086
36536
36548
36994
36697
36440
36632
36474
36652
36461
36509
36589
36676
36397
36239
36302
36364
36326
36139
35946
36332
36452
36230
35950
35866
36188
35848
36260
36374
36021
36058
35700
35645
35844
35785
35794
35296
35805
35851
35304
35565
35946
35332
35120
35162
35341
35101
34894
34773
34882
34916
34881
34605
34580
34653
34909
34777
34876
34527
35207
34886
34660
34641
34824
34637
34449
34565
34473
34279
34459
34206
33963
34384
34212
33960
34205
33893
33856
33529
33677
33380
33391
33416
33208
33330
33157
32854
32970
32626
32867
32904
33126
32768
32548
32751
32725
32402
32555
32541
32320
32349
31910
32141
31349
32082
31748
31881
31823
31684
31849
31752
31399
31157
31318
31393
31540
31508
31140
31196
30876
30817
30964
31147
30826
30628
30566
30372
30532
30397
30289
30324
29912
29885
29874
30262
29770
29533
29378
29365
29594
29149
28988
28832
29241
29410
28766
28462
28669
28557
28328
28264
28196
28092
28381
28102
27928
27736
27517
27588
27458
27307
27264
27156
26586
26845
26768
26805
26586
26525
27125
26370
26372
26523
26436
26693
25977
25810
24837
24034
24239
23623
23616
24238
24382
24780
25169
24738
24540
25082
24733
24621
25018
24416
24124
24040
23868
23792
23576
23789
23398
23373
22964
22882
22752
22853
22557
22925
22605
22473
22147
22044
22169
22252
21878
21933
21680
21537
21511
21354
21197
21056
20730
20614
20888
20602
20562
20299
20321
20260
19968
19880
19567
19563
19472
19218
19307
19280
19101
18810
19003
18829
18584
18562
18258
18152
17947
17886
17443
17604
17320
17413
17521
17316
17367
17332
17137
16916
16948
16888
16634
16538
16448
16429
15924
16071
15837
15888
15769
15457
15338
15303
15254
15168
15101
15027
14763
14580
14515
14508
14260
14438
14298
14235
14064
13946
13915
13777
13824
13435
13361
13182
13298
13010
12961
13208
12867
12933
12617
12670
12412
12554
12194
12276
12059
12086
11901
12005
12063
11582
11590
11469
11299
11308
11398
11282
11094
10981
11004
10857
10737
10669
10646
10544
10771
10443
10573
10127
10409
10066
10183
9809
9837
9816
9644
9738
9517
9674
9545
9683
9360
9243
9278
9122
9149
8924
8594
8367
8291
8178
8361
8404
8266
8622
8569
8626
8234
8420
8330
8190
8248
8109
8297
8214
8006
8209
7920
7931
7925
7819
7730
7828
7756
7544
7609
7415
7644
7554
7528
7465
7361
7370
7282
7399
7367
7284
7061
7168
7157
7115
7010
6909
6836
7038
6957
6833
6644
6735
6518
6711
6587
6736
6589
6601
6475
6554
6559
6324
6576
6406
6252
6363
6267
6460
6459
6228
6444
6372
6308
6328
6309
6314
6284
6110
6111
6052
6047
6049
5974
5863
5981
5951
6047
5841
5876
5724
5910
5772
5887
