4837
4814
4774
4734
4794
4841
4861
4937
4762
4729
4957
4825
4751
4737
4702
4843
4904
4758
4888
4701
4784
4753
4837
4790
4937
4904
4920
4989
4777
4824
4861
4845
4785
4903
5122
5012
4811
5009
4931
5026
4890
5043
5143
5075
5076
4979
5041
4977
4994
5041
5264
5072
5082
5130
5060
4964
5018
4935
5154
5058
5014
4842
5165
5009
4969
5018
4967
4976
5148
4993
5130
5115
5207
5080
5111
5220
5174
5273
5040
5198
5219
5226
5368
5133
5202
5339
5167
5112
5412
5400
5224
5386
5282
5250
5137
5279
5153
5369
5396
5240
5210
5357
5461
5322
5379
5406
5270
5417
5359
5287
5385
5416
5455
5297
5423
5390
5358
5515
5460
5448
5485
5518
5389
5514
5516
5540
5605
5470
5388
5611
5470
5550
5569
5425
5460
5560
5563
5550
5600
5565
5768
5649
5494
5646
5642
5647
5684
5624
5595
5558
5486
5614
5803
5557
5894
5643
5786
5610
5677
5675
6016
5622
5718
5685
5719
5644
6044
5716
5738
5708
5789
5844
5675
5834
5832
5793
5820
5955
5829
5781
5802
5835
5878
5817
5880
5894
5720
6039
5902
5829
5872
5868
5932
6056
5940
5960
6124
6037
6024
6051
5762
5774
6008
5889
5940
5754
6008
5900
5929
5974
6030
6136
6185
6210
6132
6176
6275
6120
6102
6077
6009
6424
6111
5936
6326
6129
6209
6169
6169
6166
6113
6159
6345
6362
6280
6417
6245
6253
6234
6106
6201
6410
6289
6411
6363
6248
6541
6413
6464
6389
6413
6417
6278
6450
6511
6297
6245
6254
6322
6411
6390
6634
6580
6383
6492
6420
6548
6653
6441
6569
6531
6494
6603
6731
6510
6691
6721
6479
6623
6600
6504
6660
6801
6593
6654
6544
6590
6784
6842
6634
6579
6578
6679
6539
6732
6846
6690
6786
6716
6593
6797
6611
6774
6731
6792
6901
6718
6981
6910
6876
6807
6940
6826
6884
7099
6935
6892
6929
6902
7020
7114
6724
6747
7083
6963
6754
6937
7103
7020
6922
7036
7015
6816
6930
6941
7201
7166
7126
6972
7079
7094
7048
6890
7084
7181
7190
7151
7233
7045
7067
7236
7135
6984
6874
7213
7289
7260
7170
7386
7145
7183
7319
7373
7270
7350
7259
7351
7407
7410
7318
7253
7349
7344
7399
7134
7380
7261
7457
7377
7519
7424
7594
7397
7489
7478
7538
7651
7546
7521
7603
7494
7519
7519
7540
7837
7474
7557
7606
7696
7704
7729
7574
7876
7631
7816
7636
7663
7638
7711
7759
7705
7677
7763
7894
7929
7804
7992
7840
7969
7981
7782
7926
7998
7924
7739
7864
8008
7983
7925
7890
8008
7994
8159
7853
8110
8085
7764
8116
8090
8252
8225
8060
8116
8088
8052
8194
8158
8119
8147
8324
8125
8385
8121
8458
8187
8351
8130
8462
8334
8270
8240
8438
8411
8400
8308
8398
8338
8197
8407
8540
8474
8480
8485
8474
8401
8558
8754
8604
8398
8352
8481
8555
8471
8424
8667
8559
8709
8599
8428
8611
8582
8432
8488
8481
8715
8794
8667
8746
8666
8618
8645
8779
8744
8623
8717
8709
8976
8775
8789
9054
8945
8846
9084
8922
9069
8881
9101
8973
8857
8906
8945
8687
9189
9058
8978
8955
8916
9080
8958
9165
8975
9244
9183
9309
9150
9355
9094
9008
8984
9083
9156
9195
9132
9300
9251
9421
9208
9225
9196
9400
9376
9600
9429
9538
9517
9475
9316
9365
9352
9437
9299
9406
9329
9589
9594
9551
9543
9523
9638
9516
9627
9451
9716
9409
9489
9705
9595
9755
9642
9618
9807
9794
9828
9650
9914
9915
9970
9681
9667
9721
9837
9674
9862
9960
9786
9969
9965
9872
9785
10005
10066
10039
10117
9905
10100
10011
10020
10064
9916
10042
9971
10110
10123
9878
10088
10304
10403
10068
10174
10062
10069
10069
10252
10108
10085
10039
9940
10056
10032
9940
9920
10077
9982
10005
10315
10201
10384
10313
10398
10528
10496
10461
10583
10556
10450
10463
10602
10501
10652
10704
10599
10508
10620
10947
10705
10863
10860
10680
10730
10793
10944
10882
10994
10975
10811
11010
11159
11157
10910
10903
10730
10844
10873
10880
11101
10942
10932
10845
10959
11048
10909
11229
10885
10932
11029
11092
11113
10827
11252
11393
11336
11188
11064
11370
11220
11237
11280
11456
11396
11237
11403
11220
11270
11370
11290
11374
11328
11421
11363
11741
11574
11572
11585
11593
11729
11660
11557
11652
11638
11856
11677
11583
12015
11823
11789
11719
11456
11358
11936
11737
11785
11729
11877
12181
12011
11928
11945
11802
11861
11826
12237
12028
12081
12232
11931
12289
12178
12016
12196
12214
12215
12296
12308
12515
12225
12386
12241
12347
12252
12374
12402
12254
12302
12336
12226
12456
12578
12519
12532
12539
12683
12357
12518
12748
12517
12544
12537
12655
12729
12636
12693
12780
12794
12834
12534
12724
12793
13042
12648
12826
12825
12601
13068
12939
12754
12970
12533
12883
12824
12947
12905
13196
13120
13083
13159
13109
13181
13048
13221
13260
13217
13222
13254
13123
13040
13314
13261
13534
13294
13120
13073
13371
13474
13531
13573
13352
13420
13337
13241
13223
13432
13360
13544
13504
13302
13457
13440
13405
13647
13611
13645
13616
13869
13824
13838
13752
13747
13679
13703
13849
13650
13748
13827
13568
13789
13681
13994
14177
14092
14138
14371
14066
14112
13710
14041
14279
14219
14274
14321
14271
14009
14255
14370
14400
14297
14324
14219
14306
14237
14373
14645
14693
14303
14657
14583
14427
14262
14645
14374
14414
13964
14442
14388
14244
14490
14537
14889
14603
14381
14775
14981
14691
14926
14849
15133
15257
14843
14998
15101
15148
15140
14790
15168
15444
15256
14995
15050
15409
14929
15176
15302
15288
15266
15253
15265
15274
15579
15406
15364
15170
15310
15387
15616
15597
15555
15264
15504
15524
15688
15465
15771
15675
15725
15807
15602
15493
15697
15927
15658
15771
15673
15910
15772
15515
15701
16055
15750
15702
15810
15978
16005
16276
15825
15864
16128
16181
16300
15933
15850
16322
15979
16261
16331
16144
16035
16500
16324
16518
16297
16286
16349
16190
16143
16239
16552
16645
16449
16662
16426
16364
16298
16724
16697
16384
16761
16892
16928
16604
16888
16778
16818
16680
16851
16922
16917
16439
16954
16620
17012
16702
16641
17060
16890
16905
17078
16905
17108
17366
17260
17092
17115
17163
17351
17176
17323
17112
17378
17476
17384
17209
17285
16941
17317
17162
17364
17563
17295
17188
17206
17147
17562
17901
17650
17496
17434
17625
17784
17760
18044
17924
18176
18087
18043
18090
18050
18297
18080
17976
17878
18137
18340
18405
18169
17842
18089
17790
17760
17877
17673
17787
18041
17741
17673
17664
18021
18116
17941
17756
18071
18103
18359
18182
18302
18452
18681
18575
18752
18390
18795
18627
18683
18333
18294
18221
17692
17725
16982
16582
16384
16196
15914
15419
15327
15253
15229
15135
15310
15874
16640
16896
17547
18219
18932
19223
19302
19766
19998
20025
19585
19645
19439
19748
19411
19695
19243
19410
19285
19257
19229
19246
19561
19515
19780
19652
19722
19618
19371
19406
19548
19429
19438
19405
19435
19739
19594
19863
19528
19766
19827
19902
20050
20342
20342
20212
20206
20126
20349
20152
20028
20233
20380
20151
19892
20297
19757
19824
20304
19988
19935
20004
20002
20154
20174
20335
20349
20098
20171
20415
20173
20233
20356
20442
20238
20156
20447
20459
20383
20245
20399
20622
20512
20500
20730
20756
20893
20773
20862
20587
20973
20680
20658
20715
20780
20756
21050
20875
20786
20811
20849
21097
20705
20794
20832
20900
21092
20788
20877
21273
21387
21446
21473
21487
21711
21592
21310
21476
21801
21457
21598
21568
21541
21683
21562
21532
21614
21803
22064
22048
21870
21949
22262
22188
21816
21770
22504
22072
22571
22093
21945
21894
21690
21760
21120
21300
21253
21057
21303
20802
20980
20621
20959
21157
21490
21772
21862
22538
22820
22317
22338
22331
22612
22074
22362
22528
22814
22653
22973
22798
22710
22685
22621
22849
22868
22810
22785
22584
22842
22980
22801
23004
22951
22965
22808
23041
23050
23193
23024
22900
23077
23173
22894
22954
23014
23112
23104
23345
23188
23244
23454
23252
23760
23398
23320
23821
23507
23588
23487
23698
23540
23467
23411
23549
23751
23829
23660
23389
23808
23948
23727
23653
24192
24050
24164
24093
23819
24042
24015
23821
24264
23943
23942
23984
24250
23764
23808
23827
24077
24249
24269
24136
24211
24372
24284
24518
24525
24267
24414
24282
24173
24706
24412
24564
24382
24870
24219
24846
24576
24852
24459
24704
24597
24936
24690
24796
25088
24818
24956
25037
25146
25045
25210
25208
25444
25098
24915
25461
25365
25368
25702
25050
25389
25807
25294
25349
25399
25411
25353
25741
25633
25658
25716
25651
26135
25375
25789
25538
25817
25613
25659
25818
25682
25756
25603
25812
25518
26064
25496
25714
25961
26053
26277
26030
25948
26294
26143
26324
26221
26320
25769
25898
26148
26285
26282
26256
26458
26230
25956
26288
26245
26356
25966
26188
26197
26516
26362
26693
26357
26793
26720
26447
26386
26546
26361
26266
25877
25997
26342
26352
26452
26356
26188
26528
26812
26733
26667
27224
27220
26904
26854
27200
27181
27098
27180
27237
27248
26890
27149
27673
27212
27501
27108
27277
27125
27539
27109
27665
27187
27158
27349
27677
27351
27546
27252
27049
27209
27389
27466
27383
27764
27666
27499
27394
27780
27668
27476
27814
27764
27777
27708
27464
27777
28135
27752
28114
27974
28239
28375
28044
27820
28043
28214
27854
28724
28218
28248
28296
28184
28226
28132
28246
28425
28132
28119
28076
28442
28307
28496
28684
28367
28461
28564
28669
28317
28365
28864
28518
28737
28376
28370
29229
28833
28800
28696
29210
28764
29196
28628
28864
28539
29293
28813
28561
28778
28621
29039
29145
29231
29114
28900
29362
29347
28676
29061
29000
29534
29698
28986
29171
29381
29096
28952
29146
29284
29678
28960
29526
29165
28914
29264
28986
29194
29269
29317
29505
29604
29106
29762
29687
29540
29566
29515
29652
29454
29853
29645
29920
29805
29956
29653
29718
29977
29673
29403
29690
29956
29776
29718
29858
29806
29642
30027
29853
30098
29444
29790
29798
29940
29796
30278
29706
29914
30424
29800
30028
30032
30262
29698
30324
30058
29971
30404
30449
30410
30482
30434
30253
30476
30450
30208
30544
30196
30175
30472
29996
30294
30444
30555
30550
30558
30564
30816
30468
30584
30939
30492
30532
30461
30340
29941
30006
29790
29656
29844
29707
29688
29956
29952
29842
30352
30718
30976
31210
31224
31355
30948
31124
30898
31360
30954
31212
30949
30936
31188
31306
31081
30877
31172
30954
31156
31208
31455
31530
30890
31325
31252
31288
31750
31273
30978
31040
31054
31189
31225
31477
31292
31302
31691
30996
31369
31323
31373
31349
31448
31172
31189
31224
31426
31748
31556
31157
31303
31770
31525
31416
31525
31641
31476
31768
31955
31592
31876
31694
31322
31653
31246
31796
31840
31644
31828
31348
31525
32287
31476
31914
31685
31662
31525
31833
31528
31915
31812
31899
31948
31780
32080
32393
31727
31892
32016
32020
31835
32043
31934
31764
32132
32112
32431
31879
31783
31946
31912
31910
32078
32488
32095
32276
32236
32072
32248
32540
32176
31945
32468
32021
32068
32000
31855
31786
32544
31508
32050
32514
32377
32390
32272
32000
32168
32355
32235
32082
32542
32663
32717
32541
32350
32403
32571
32554
32570
32708
32468
32376
32810
32772
32379
32500
32713
32496
32631
32692
32743
32502
32217
32429
32858
32300
32596
32724
32596
32752
32811
33005
32494
32277
32701
32390
32426
32694
32503
32607
32776
32550
32676
32605
32858
32912
32864
32744
32481
32490
32980
32918
32448
33006
32448
32820
32850
33174
33246
33206
32692
33078
33124
32585
33088
32875
32749
32948
33386
33116
33024
32759
33004
32841
32966
32962
32707
33007
33182
32948
33208
33143
32980
33184
32668
32781
32912
32896
32981
32789
32784
32810
32917
32682
32646
32875
32876
32663
32761
32925
32812
33370
32865
33261
33112
32808
33147
33202
33186
32909
33189
33238
32856
33026
33082
32957
33069
33112
32935
33099
32786
33253
33206
33508
32896
32932
33177
32914
33158
33044
32875
33582
33101
32976
32836
33097
33128
33280
32885
32852
33351
33132
33085
33133
33076
33013
32986
33336
33066
33238
32948
33236
33222
33368
33114
33364
32954
33081
33088
33431
32839
32827
32773
33044
33060
33060
33204
32948
32836
32884
32964
33226
32381
32896
33158
32639
32978
32926
32681
33225
32429
33090
33156
33386
33056
33004
32970
32851
32980
32630
32494
32755
32842
32573
32733
32345
32228
31837
31976
32091
32009
32206
32424
32309
32280
32086
32410
32413
32388
32900
32804
33192
33217
33160
32958
33007
33150
33024
32820
33259
33040
32827
32710
32699
32987
32731
32664
32678
32854
32874
32680
32932
32970
33077
32896
32920
32452
32770
33206
33317
33032
32761
32784
32972
33134
32677
32655
32908
32763
32957
32980
32788
32877
32953
32662
32650
32410
32678
32539
32509
32024
32308
32434
32671
32619
32986
32265
32464
32394
32312
32644
32349
32400
32385
32120
32828
32562
32212
31976
32468
32000
32300
32157
32455
32477
32384
32111
32438
31929
32385
32540
32329
32106
32154
32023
31800
31597
31604
32379
31980
32394
31981
32158
31837
32499
32334
31940
32241
32232
32120
31877
31847
31979
31434
31913
31936
31927
31946
32141
32036
31898
32116
31876
31933
31914
31882
31638
31492
31374
31812
31605
31403
31482
31556
31493
31387
31881
31325
30965
31705
31620
31626
31147
31370
31419
31193
31381
31606
31401
31517
31589
31344
31482
31476
31485
31396
31490
31270
31028
30980
31516
31252
31448
31178
31314
31657
31197
30862
31033
31314
31188
31205
31120
31067
31395
31142
30811
30943
30778
30617
31037
30698
30459
31161
30338
30850
30785
30703
30615
30627
30825
30471
30474
30559
30681
30316
30695
30669
30791
30598
30484
30368
30699
30420
30601
30358
30122
30175
30559
30388
30292
30166
30296
30096
30413
30080
30308
30283
30263
30155
30060
30068
30216
29977
29770
30088
29897
29824
29751
30331
29675
30008
29952
29407
29832
29851
29965
29594
29621
29440
29407
29454
29639
29781
29586
29344
29375
29490
29330
29538
29986
29217
29362
29064
29237
29417
29149
28657
28721
28714
28500
29033
28710
28738
28292
28662
28308
28580
28484
28761
28775
28572
28936
28720
28928
28916
28564
28429
28856
28660
28586
28457
28628
28321
28460
28750
28290
28532
28776
28664
28123
28480
28036
28506
27880
28062
28397
27924
28458
27834
27963
28064
28194
27940
27904
28041
27844
27919
27999
28016
27732
27833
27737
27785
27405
27554
27724
27256
27142
27712
27560
27306
27253
27446
27416
27036
27556
27174
27083
27293
27203
26952
27274
27047
26880
27064
27131
27172
26861
26923
27028
26683
27026
26925
27010
26932
26941
26791
26566
26856
26964
26856
26549
26908
26651
26344
26612
26569
26846
26603
26359
26252
26009
25908
25885
25944
25977
25762
25873
26023
26157
25752
25514
25582
25792
25833
25432
25522
25378
25411
25878
25192
25486
25469
25496
25506
25664
25484
25728
25621
25437
25028
25628
25492
25716
25394
25384
25428
25175
25237
25245
25314
25245
25160
25033
25421
25124
24623
24246
24262
23837
24284
24199
24453
24104
23944
24391
24154
24274
24516
24628
24768
24405
24513
24559
24503
24404
24761
24434
24782
24180
24208
24110
24388
23930
24245
24052
24212
24229
24081
24164
23838
24061
24076
24024
23801
23851
23831
23853
23964
24033
23577
23996
23877
23769
23573
23640
23516
23693
23646
23821
23742
23577
23749
23444
23342
23312
23001
22474
22340
22780
22322
22154
22148
22628
22510
22518
22682
23049
22796
22588
22958
23007
22736
22887
22982
22709
22472
22958
22664
22852
22674
22604
22318
22620
22765
22235
22178
22308
22054
22388
22131
22020
22004
22062
21948
21697
21742
21860
21937
21579
21765
21811
21965
21921
21937
21812
21892
21802
21611
21562
21999
21483
21604
21677
21141
21618
21497
21616
21512
21502
20997
21350
21760
21419
21332
21100
21208
20980
21163
20998
21083
21031
20857
21036
21131
20865
20760
21174
20951
20822
20893
20551
20678
20514
20553
20803
20698
20593
20523
20767
20768
20299
20394
20554
20201
20377
20366
20513
20439
20634
20332
20111
19994
20363
20253
20128
20019
20046
20030
20244
20182
20043
19829
20157
19700
19973
19817
20057
19754
19816
19468
19315
19391
19114
19220
19485
19356
19243
19003
19136
19466
19468
19389
19250
19512
19164
19344
19328
19263
19311
19463
19502
19033
19359
19370
19415
18845
19144
19028
19032
19122
18835
19146
18897
18714
18996
18814
18802
18701
18861
18688
18834
18890
18613
18760
18576
18498
18979
18644
18910
18841
18718
18836
18445
18626
18560
18693
18560
18516
18238
18420
18539
18054
18527
18379
18394
18518
18440
18440
18410
18516
18297
18459
18584
18306
18536
17965
18358
18077
18275
18162
18386
18138
18456
18454
18254
18101
18244
18130
18205
18068
18281
17866
18052
18198
18167
18256
18038
17981
18114
17900
17963
18090
17757
18178
18075
18211
18058
17941
17738
17732
17824
17962
17802
17978
17961
17752
18157
17561
17956
17925
17995
17893
17937
18046
17798
17569
18037
17739
17874
17750
17680
18059
17913
17546
17853
17671
17718
17718
17666
17970
17794
17851
17782
17693
17926
17849
17711
17628
17732
17820
17757
17700
17691
17729
17978
17736
17894
17716
17828
17780
17762
17626
17586
17638
17735
17789
17530
17833
17739
17864
17757
18224
17614
17668
17711
17784
17520
18026
17592
17823
17771
17792
17780
17765
18048
17805
17669
18020
17813
17642
17705
17820
17757
17908
17936
18183
17674
18067
18458
18021
18161
18136
18216
18164
17894
18212
18143
17972
18080
17874
18070
18208
17802
17750
18291
18524
18156
18300
18244
18398
18344
18255
18404
18670
18172
18388
18410
18578
18269
18621
18434
18716
18116
18650
18562
18596
18698
18561
18554
18347
18698
18987
18839
19082
19048
18652
18677
18861
18944
18926
18906
18747
18885
18816
18773
19021
19401
19174
19185
19118
18900
19285
19576
19274
19398
19319
19240
19286
18998
19512
19626
19437
19347
19346
19592
19478
19624
19642
20026
19835
19634
19704
19695
20042
19882
19988
19874
20155
20141
19928
20184
20355
20138
20240
19993
20240
20546
20426
20284
20141
20706
20522
20377
20184
20236
20314
20619
20657
20802
20754
20529
20422
20460
20608
20900
21034
20724
21200
20987
20906
21088
20715
21417
20764
20687
21107
21226
20989
20943
21003
20852
21131
21293
21114
21539
21082
21628
21696
22330
22219
21962
22041
22316
22370
22042
22100
22083
22479
22539
22274
22163
22507
22419
22244
22532
22650
22617
22405
22816
22517
22894
22852
22733
22769
22929
23218
23381
23035
22996
23233
23045
23385
23491
23304
23408
23551
23640
23469
23508
23681
23739
23568
23730
23890
23698
23994
23865
24190
24109
23988
23609
24291
24092
24171
24175
23796
24096
23872
23975
23870
23971
23851
24266
24118
24618
24749
25066
25090
24742
25018
24738
24949
24630
24559
24704
24822
24790
24770
24947
25728
25608
25216
25470
25384
25620
25453
25708
25439
25548
25523
25732
25532
25675
26229
25757
25807
25642
26100
25754
26077
26166
26250
26158
25994
25875
25940
26005
26053
26181
25733
26052
26186
26132
25922
26187
26385
26658
26554
26508
26532
26737
26616
26474
26567
26740
26986
27060
27144
27053
27017
26789
26959
27373
27046
26920
26863
26941
27284
27318
27214
27077
27061
26816
26840
27429
27153
27230
27373
27376
27253
27178
27513
27812
27412
27524
27637
27450
27620
27741
27812
27664
27304
27549
27569
27617
27828
27736
27643
27970
27602
27692
27890
28462
27922
27972
27712
27574
27626
27043
27056
27122
27168
26936
27136
27433
27992
27982
28549
28341
28427
28427
28234
28650
28578
28235
28520
28633
28826
28392
28762
28722
28357
28564
28566
28736
28596
28393
28634
28420
28451
28995
28732
28582
28783
29017
28564
28903
28324
28901
28790
28426
28654
28830
28740
28481
28214
28499
28736
28677
28671
28566
28716
28928
28620
28650
28752
28607
28620
28498
28790
28574
28715
28586
29101
28571
28816
28346
28596
28372
28543
28389
28529
28340
28120
28420
28712
28574
28420
28652
28441
28391
28485
28108
27999
28452
28746
28384
28452
28317
28516
28330
28218
28232
28063
28160
28186
27880
28004
28014
27780
28056
28402
28194
28029
28283
27712
28127
27674
27890
28136
27866
27862
27821
27712
27957
27784
27904
27752
27886
27574
27920
27208
27579
27390
27444
27031
27493
27480
27428
27356
27776
26975
27496
27109
27143
26969
26986
27027
26900
26756
26574
26972
26752
27004
26824
26687
26581
26533
26752
26341
26786
26741
26600
26411
26376
26265
26094
26522
25826
26026
25874
26246
26125
25953
25890
25939
25716
25904
25280
25840
25870
25604
25802
25984
25611
25668
25266
25399
25216
24933
25476
25364
25184
25121
25013
24966
25082
24832
24712
24726
24404
24475
24868
24330
24192
24655
24536
24258
24570
24198
24268
24004
24424
24033
24216
23808
23988
23760
23416
23562
23789
23550
23881
23510
23722
23382
23370
23270
23263
23238
23279
23312
23378
23076
23204
22956
22767
22928
22521
22517
22536
22370
22398
22318
22182
22338
22011
22602
21714
21853
21856
21728
21947
21665
21152
21591
21418
21540
21184
20829
21016
21186
21016
20951
20853
20808
20675
20584
20469
20848
20608
20575
20524
20371
20082
19424
18861
18583
18526
18605
18829
19306
19316
19723
19524
19397
19695
19407
19136
19169
19234
18953
18912
18993
18394
18501
18850
18344
18536
17797
17926
17493
17757
18024
17834
17762
17435
17658
17627
17764
17346
17175
17032
16882
17179
16602
16904
16516
16655
16552
16345
16360
16584
16244
16213
15887
15744
15951
15841
15582
15727
15735
15766
15421
15515
15295
15332
15360
15197
15200
14772
15044
14521
14416
14458
14283
14107
14103
14315
14017
13821
13747
13888
14102
13861
13678
13306
13637
13524
13144
13299
13285
12764
12756
13099
12844
12764
12430
12633
12458
12533
12390
12278
12366
11958
12186
12028
12189
11889
11711
11342
11640
11326
11400
11321
11428
11126
11173
11016
11051
10935
10950
10881
10759
10660
10496
10728
10272
10418
10223
10033
10036
10146
9870
9928
9819
9659
9704
9659
9582
9521
9591
9607
9454
9346
9182
8940
9164
8987
8906
8827
8888
8761
8633
8625
8526
8667
8418
8274
8236
8321
8162
8234
8170
8099
8004
7892
7837
7982
7836
7942
7768
7444
7277
7236
7199
6973
7054
7011
7051
7124
7218
7145
7198
7084
7038
6952
6966
6930
6980
6810
6640
6724
6745
6695
6678
6602
6577
6432
6572
6535
6465
6417
6272
6431
6316
6279
6293
6071
6158
6272
6019
6014
5977
5930
5934
6092
5803
5847
5818
5761
5770
5966
5593
5779
5491
5909
5657
5605
5496
5547
5502
5398
5344
5342
5499
5575
5529
5296
5341
5367
5293
5324
5306
5267
5100
5199
5316
5003
5047
5207
5169
5018
5147
5043
4938
4987
5049
4880
4902
4895
4946
4974
4948
4786
5074
