5686
5777
5789
5808
5862
5945
5844
5796
5858
5722
5940
5805
5687
5743
6026
6059
5785
5779
5943
5897
5757
5948
5787
5858
5925
5967
5785
5884
5807
6068
6019
5987
6050
5885
5931
5980
5954
5974
5703
6057
6095
5933
5961
5923
6182
6070
6280
6218
6029
6313
6214
6118
5995
6052
6005
6273
6160
6087
6377
6189
6291
6261
6212
6221
5982
5893
6186
6146
6217
6127
6182
6255
6175
6237
6272
6187
6300
6390
6211
6278
6333
6388
6262
6364
6549
6203
6408
6318
6372
6329
6516
6396
6433
6354
6443
6294
6236
6326
6447
6324
6542
6541
6610
6543
6464
6528
6505
6634
6577
6502
6800
6453
6587
6452
6629
6511
6555
6571
6653
6621
6553
6593
6555
6693
6637
6656
6809
6806
6534
6718
6784
6801
6816
6626
6772
6781
6720
6701
6728
6574
6687
6938
6755
6918
6877
6858
6841
6957
6824
7007
6850
6808
6819
6824
6713
7073
6917
7101
6811
6845
7076
6994
6975
6885
6835
7147
7222
7045
7025
6965
6971
7074
6845
7085
7073
7070
7065
7071
7305
7104
7095
7076
7235
7075
7287
7169
7151
7120
7156
7213
7174
7250
7194
7183
7315
7458
7092
7278
7391
7513
7380
7259
7230
7438
7026
7255
7388
7330
7272
7415
7379
7477
7503
7538
7358
7435
7418
7639
7529
7398
7366
7701
7572
7515
7543
7582
7513
7534
7522
7443
7642
7569
7655
7613
7709
7582
7515
7712
7748
7683
7914
7642
7710
7724
7650
7833
7736
7872
7791
7849
7706
7788
7913
8011
8037
7936
7938
7884
8114
7906
7752
8035
7897
7943
8008
7995
7994
8106
7949
8090
8244
8162
8119
8394
8111
8232
7991
8077
8097
8206
8172
8237
8272
8328
8095
7853
8157
8283
8066
8180
8280
8006
8193
8264
8488
8448
8350
8342
8363
8324
8311
8436
8326
8265
8297
8390
8361
8326
8452
8519
8396
8734
8501
8434
8497
8693
8610
8582
8481
8523
8820
8519
8371
8364
8562
8611
8814
8536
8625
8612
8697
8674
8639
8703
8585
8744
8586
8838
8822
8944
8696
9012
8724
8855
8702
8836
8923
8628
8757
8553
8618
8724
8822
8746
8946
8828
8656
8815
8881
8973
9024
9123
9145
8989
9060
8990
8990
9150
9047
9020
9251
8998
9118
9080
8995
9179
9211
9237
9406
8967
9238
9294
9195
9296
9284
9401
9493
9249
9433
9069
9509
9396
9305
9397
9571
9278
9546
9487
9494
9512
9450
9688
9359
9540
9528
9588
9479
9587
9816
9624
9750
9626
9797
9619
9813
9756
9487
9779
9957
9868
9910
9701
9569
9909
9776
9678
9942
9908
9894
10027
9816
10149
9913
10042
10012
10173
9991
10054
10104
10156
10005
10201
9968
10136
9928
10188
10202
10131
10017
10100
10155
10184
10195
10185
10123
10499
10166
10217
10326
10217
10329
10259
10502
10425
10517
10447
10354
10328
10499
10476
10381
10661
10366
10530
10517
10264
10661
10698
10468
10517
10486
10636
10521
10633
10555
10468
10663
10635
10732
10850
10645
10916
10706
10870
10888
10825
10868
10994
10631
10789
11212
10792
10948
10957
10989
11010
10789
10895
11061
11027
11074
11054
11040
10918
11153
11209
11137
11126
11092
11093
11018
10943
11275
11405
11047
11286
11184
11469
11481
11543
11418
11476
11454
11394
11451
11431
11340
11553
11345
11656
11362
11348
11634
11558
11632
11557
11773
11544
11636
11797
11678
11656
11520
11770
11856
11894
11782
11672
11802
12048
11710
11822
11869
11859
11863
11706
11841
11762
11922
11900
12058
11816
12136
12069
12262
11912
11786
11994
11958
12081
12035
12207
12112
12026
12339
12201
12370
12277
12441
12538
12154
12341
12269
12296
12432
12089
12605
12438
12501
12400
12574
12406
12485
12637
12548
12358
12416
12489
12480
12563
12810
12615
12658
12552
12635
12956
12599
12972
12681
12696
12866
12779
12721
12772
12740
12592
12618
12630
12237
12167
12317
12257
12622
12423
12752
13005
13187
13259
13162
13382
13130
12914
13165
13493
13393
13382
13309
13256
13255
13492
13306
13312
13174
13655
13669
13300
13440
13461
13427
13700
13318
13522
13421
13612
13495
13568
13704
13715
13821
13704
13592
13675
13914
13712
13654
13779
13878
13684
13913
13732
13747
13869
13786
13908
14012
13804
14054
13917
13911
13981
14242
14068
13988
14224
14182
14329
14352
14111
14172
14041
14033
13936
13851
13954
14242
14271
14411
14156
14397
14237
14549
14546
14416
14552
14703
14475
14554
14852
14984
14612
14904
14653
14915
14684
15106
14565
14532
14520
14803
14944
15231
15021
14976
15037
15273
15020
14969
15024
14961
15044
14982
15230
15060
15262
15046
15131
15238
15225
15188
15314
15464
15415
15354
15461
15299
15279
15560
15522
15374
15158
15496
15483
15630
15556
15350
15376
15421
15607
15804
15543
15784
15658
15684
15616
15574
15750
16019
15772
15985
15954
16304
16028
16332
16075
15971
16153
15932
16010
16075
16347
16078
16161
16290
16230
16203
16128
16280
16334
16139
16098
16214
16164
16219
16649
16505
16702
16457
16346
16748
16524
16790
16520
16666
16749
16949
16692
16784
16733
17116
16707
17006
17099
16797
17078
16863
17126
16768
16858
17017
17109
17154
16888
16980
17054
16930
16866
17101
16910
17141
17249
17150
17275
17195
17224
17527
17481
17546
17519
17406
17691
17612
17450
17211
17678
17781
17752
18020
17656
17872
17780
17978
18164
18089
17781
17999
18235
17757
18228
18136
18058
18069
18097
18172
18133
17927
18265
17986
18297
18168
18159
18244
18111
18176
18166
18202
18215
18180
18052
18063
17979
18111
18269
18044
18322
18085
17960
17940
18653
18331
18484
18828
18738
18770
18834
19122
19227
19094
18710
19144
19055
19000
19077
19042
19289
18863
19009
19243
19049
19218
19125
19261
19224
19211
19068
19391
19222
19208
19264
19515
19490
19598
19394
19482
19461
19506
19721
19746
19414
19372
19437
19598
19650
19588
19758
19558
19800
19957
19480
19423
19837
19882
19850
19658
19880
19616
19765
19788
19657
19901
20188
19693
20268
19928
20244
20341
20382
20189
20312
20528
20476
20100
20375
20545
20502
20784
20626
20572
20351
20245
20329
20596
20351
20383
20357
20496
20386
20551
20758
20829
20649
20762
20748
21018
21141
20605
20776
21072
20946
20697
21019
21164
21255
20884
21186
21310
20894
21127
21180
21110
21115
20660
21121
21018
21194
21210
21558
21294
21510
21787
21760
21690
21825
21828
22020
21677
21657
21741
21865
21888
21536
21608
21575
21568
21365
21525
21383
21478
21371
21363
21939
21894
21962
22060
22162
22254
22356
22333
22468
22455
22514
22657
22568
22506
22376
22420
22420
22346
22536
22619
22922
22532
22692
22472
22740
22507
22547
22712
22426
22313
22612
22652
22338
22334
22260
22393
22107
22436
22451
22584
22828
22568
23376
23290
23389
23211
23472
23758
23188
23125
23393
23180
23274
23305
22981
22362
21938
21582
21098
21009
20425
20012
19181
18401
18236
18256
18670
18889
19896
20925
21613
22349
22929
23963
24371
24691
24576
24629
24798
25090
24698
24425
24758
24868
24418
24662
24675
24352
24032
24519
24156
24589
24688
24941
24804
24783
24524
24404
24729
24580
24293
24456
24215
24173
24538
24404
24765
24832
25110
25114
25528
25346
25104
25163
25371
24925
25129
24956
25380
25239
25029
25162
25081
25158
24935
25148
24880
24786
25012
25258
25078
25556
25620
25198
25829
25371
25436
25410
25521
25821
25468
25619
25476
25246
25881
25860
25873
25909
25856
25565
26184
25640
26212
26125
26144
26074
25952
26219
26084
25546
25856
25926
25959
26170
25734
26086
26077
26250
26060
25878
26157
26421
26316
26415
26550
26357
26698
26494
26504
26579
26524
26597
26970
26916
27100
26726
26780
27085
27304
27264
27642
27308
27342
27117
27338
27602
27354
27642
27732
27803
27466
27637
27554
27888
27628
27864
28045
27677
28040
28052
27712
27695
26997
26854
26440
26246
26451
26328
25935
25672
26203
26010
26872
27419
27650
28044
28244
28254
28325
28381
28143
28548
28706
28140
28090
28102
28310
28793
28333
28406
28434
29132
28395
28829
28859
28728
29131
28888
28916
28824
28829
29072
29118
28850
28737
28824
28566
28820
28748
29088
28884
29038
29033
29261
28875
29068
29112
29242
28969
28868
29376
29488
29447
29533
29290
29278
29824
29401
29282
29564
29649
29764
29470
29700
29687
30109
29741
29653
29925
30313
29861
29860
29771
29800
30238
30041
30236
30009
30114
30366
30004
30177
30408
30532
30227
30453
30362
30450
30500
30813
30639
30442
30633
30581
30646
30724
30798
31268
30725
30904
31090
31110
31144
31064
31002
31300
31238
31181
31057
30962
31096
31100
31199
31545
31797
31473
31252
31714
31453
31253
31684
31544
31476
31741
31645
31523
31410
31764
31888
31836
31560
32411
32153
31928
32346
32340
31898
32437
32622
32676
31914
31739
32759
32359
32617
32740
32868
32164
32251
32599
32713
32742
32485
32896
32602
32250
32683
32641
32426
32292
33001
32469
33028
32601
32937
32896
33398
32923
32740
32835
32677
32339
32688
33309
33100
33072
33232
32810
32884
32664
32761
32989
33072
33529
33135
33250
32994
33460
33577
33284
33793
33549
33032
33316
33532
32810
32987
33137
33034
32650
33223
33435
33024
33415
33444
33908
33807
33733
33600
34061
33625
33668
34093
33773
34141
33940
34229
34389
34088
34434
34395
34359
34340
34380
34164
34248
34517
34210
34372
34484
34423
34474
34381
34546
34728
34592
34580
34731
34308
34748
34844
34585
34760
34426
34473
34945
34902
35002
34678
34998
35107
34912
35096
34840
34870
35256
34989
35316
34948
34990
34874
34984
35005
35245
35085
35040
35498
35537
35072
35658
35293
35680
35434
35646
35318
35610
35781
35710
35880
36021
35912
35701
36153
35833
35990
36190
35914
35956
35718
35786
35884
36107
35858
36074
36144
36384
35920
36137
36006
36040
35882
36136
36151
36205
36361
36443
36398
36073
36652
36177
36412
36636
36636
36438
36683
36423
36376
36462
36491
36742
36628
36782
36909
36840
37061
36916
36992
37146
37120
36837
36696
37043
37178
37314
36943
37248
37157
37029
37268
37138
36948
37180
37071
37408
37286
37075
37333
36685
37413
37085
37464
37424
37787
37236
37406
37504
37833
37913
37753
37604
37428
37496
37648
37522
37566
37282
37577
37629
37776
37398
37830
37633
37944
37723
37751
37612
37404
37837
38100
37860
37823
37914
37878
37861
38362
37604
37780
37842
38021
37741
38170
37928
37860
37898
38568
38239
38536
38324
38178
38307
38538
38121
38316
38447
38653
38672
38920
38292
37700
37930
37276
37753
37424
37574
36772
37290
37024
36996
37376
38249
38734
39181
39168
38673
38980
38955
39236
39082
39333
39572
39019
38938
39116
39138
39008
38766
38701
38948
39249
38796
39168
38982
39046
38936
39097
39116
39006
39018
39452
38984
38830
39456
39290
39094
39210
39188
39014
39168
39578
38917
39562
39248
39324
39245
39319
39040
40116
39527
39404
39424
39828
39535
39593
39461
39387
39668
39725
39671
39766
39839
39902
40018
39613
39850
39836
39886
40044
40000
39707
39465
39696
40278
39538
39764
39698
39853
40070
40022
40000
39944
39567
39901
40107
39839
39837
40098
40215
40256
40036
40260
40221
39980
39952
40421
39796
39882
40204
40765
39822
40064
40346
40552
40138
40268
40336
40540
40621
40501
40154
40175
39780
40038
40595
39915
40004
40132
40309
40142
40277
40209
40570
40630
40220
40520
40651
40693
40696
40112
40660
40592
40825
40891
40749
40557
40398
40589
40942
40641
40852
40437
41048
41259
40978
40820
40738
40932
40596
41157
40482
41161
41114
41056
40972
41002
40590
41094
40993
40971
40765
41357
41226
40931
41066
41124
41128
40765
41088
40948
41088
41045
41126
41240
41382
41242
41124
40826
41126
40916
41036
41165
41386
41355
41613
41540
41120
41480
41178
41272
41888
41609
41321
41928
41786
41554
41560
41418
41266
41383
41525
41320
41398
41227
41540
41507
41678
41328
41386
41951
41642
41323
41290
41482
41725
41585
41506
41629
41377
41256
41302
41141
41433
41321
41088
41764
41114
41403
41851
41804
41552
41654
41658
42004
41654
41604
41790
41622
41896
41883
42148
42370
42215
41800
41542
41496
41386
41928
41759
41608
42048
42084
41576
41578
41710
41966
41732
41722
41481
41898
41480
41776
41824
41590
41416
41802
41828
41705
41632
42000
42360
41752
41845
42036
42026
42202
42080
42086
42177
41910
42253
42240
42038
41878
41977
42112
42253
41492
41931
42088
41716
42210
41420
41577
41430
41300
41282
41257
41602
41594
41428
41281
40950
41602
41392
41453
41828
41580
41886
41960
40882
41589
41552
41435
42011
41908
41957
41630
41892
41844
41721
40973
41444
41536
41268
41000
41344
41317
41168
41182
40738
41076
40858
41070
40850
40948
40827
40868
40998
41154
41706
41152
41556
42027
42264
41588
41844
41901
41972
41530
41808
41592
41945
41725
42116
41293
41782
41537
41706
41815
41568
41812
41492
41556
41412
41549
41700
41255
41786
41462
41304
41194
41323
41364
41520
41574
41780
41702
42000
41481
41756
41382
41527
41269
41131
41929
41642
41620
41853
41272
41004
41402
41163
41005
41256
41320
41352
41216
40980
40868
41092
41437
41706
41244
41401
41402
41156
41536
40889
40634
40866
40872
41354
41360
41063
40807
41018
41141
41291
40949
41243
41366
40950
41069
40902
40970
41076
40960
40678
40858
40480
40517
40521
40852
40564
40719
40548
40682
40604
40960
40597
41046
40563
41024
40516
40285
40486
40276
40883
40453
40298
40561
40762
40285
40730
40561
40385
40420
40555
40128
39928
40357
39885
40196
40524
40260
40105
40373
39994
40192
40213
40130
40264
39503
40412
40349
40456
39896
39952
40239
40000
39691
39958
40128
40016
39595
39901
39993
39745
39624
39940
39528
39724
40068
39963
39528
40169
39309
39991
39236
39690
39764
39073
40129
39817
39821
39786
39192
39430
39147
39434
39240
39476
39280
39040
39073
39242
39172
39390
39284
39133
39097
39354
39067
39113
38789
38984
39209
38970
38966
39096
39082
38720
38906
39012
38813
39222
38714
38212
38610
39168
38562
38636
38529
38392
37936
38089
38434
38560
38056
38172
38294
38625
38028
38266
37805
37976
38074
38098
38187
38536
37862
38091
38123
38404
38192
37658
37978
38121
37956
37944
37865
37817
37454
37656
37416
37790
37882
37885
38020
37780
37658
37595
37957
37700
37383
37693
37835
37417
37155
37615
37120
37348
36420
36447
36573
36890
36590
36533
36525
36458
36812
36812
36692
36795
36406
36779
36473
36779
36682
36379
36287
36652
36687
37184
36368
36327
36430
36360
36283
36417
36284
36333
36352
36106
36484
36245
36352
35780
36327
36084
36000
36040
35711
35814
35784
36048
35718
35458
35256
35914
35567
35675
35645
35739
35853
35512
35647
35412
35529
34588
35559
35179
35096
35053
35300
35008
34989
35328
35158
35021
34476
35012
34781
34892
34856
35058
34822
34632
34437
35038
34596
34622
34252
34376
34034
34405
34409
34166
34512
34490
33912
34171
34588
34028
33939
34413
34027
34186
33920
33452
33641
34187
33522
33510
33045
32978
32970
32489
32988
33141
32845
32816
33185
32985
33024
33160
32687
32678
32281
32208
31931
32332
32539
32184
31990
31837
32461
32529
32192
32468
32490
32784
32740
32901
32674
32486
32395
32488
32129
32685
32584
32108
32201
32308
31977
32070
32303
31949
31685
31756
31125
30667
30401
30314
30337
30997
30372
30309
30200
30583
30683
31279
31346
31338
31343
30838
31232
31191
31165
30894
31546
30794
31186
30827
31148
30925
30588
30793
30778
30588
30634
30381
30504
30364
30107
30616
30554
30319
30030
30245
29960
29978
30027
29914
29418
30104
29700
30196
29928
29816
29850
29993
29681
29545
29790
29675
29576
29458
29479
28865
28584
28353
27992
27564
28032
28402
28109
28437
28446
28472
28554
28738
28651
28864
28919
28916
29225
28646
28928
28621
28456
28490
28542
28432
28313
28468
28551
28300
28285
28140
28528
28206
27989
27648
27904
27684
27470
27138
27244
27210
27122
27281
27057
26789
27158
27364
27225
27365
27071
27544
27430
27227
27010
27127
26976
26973
26966
27100
26857
27029
26450
26558
26669
26692
26973
26637
26922
26381
26372
26291
26584
26229
26320
26124
26189
26373
26172
25957
26205
26140
25976
25607
25760
26176
25824
26004
25846
25633
25572
25684
25483
25469
25613
25534
25355
25482
25304
25201
25436
25293
25138
25007
24823
24922
24892
25285
25088
24996
25224
25090
25204
24602
25116
24709
24613
24818
24716
25106
24712
24664
24524
24650
24474
24526
23954
24073
23680
23726
23482
23704
23816
24054
23499
24059
23812
23657
23764
24503
23986
23693
23420
23792
23866
23957
23608
23398
23915
23704
24028
23525
23445
23388
23214
23354
23307
23009
23229
22853
23098
23116
23133
23052
22838
23316
22792
23010
22692
22679
22912
22830
22957
22644
22475
22486
22633
22636
22495
22473
22592
22636
22884
22610
22505
22482
22298
22499
22493
22558
22278
22329
22467
22642
22405
22276
22203
22100
22399
22060
22049
22084
22219
21693
22265
22000
21607
21905
22101
22052
21944
21802
21700
22102
22038
22114
21750
21962
21760
21786
21749
21805
21509
21797
21478
21680
21371
21668
21905
21604
21609
21784
21344
21462
21466
21608
21163
21466
21608
21554
21624
21580
21470
21597
21481
21753
21627
21336
21444
21377
21514
21262
21701
21303
21365
21491
21244
21434
21138
21327
21318
21420
21053
21083
21256
21230
21051
21401
21364
21337
21320
21653
21117
21346
21060
20897
21290
21254
21262
21124
21325
21234
21194
21218
21185
21365
21342
21514
21297
21257
21434
21370
21325
21330
21277
21341
21437
21221
21064
21224
21228
21336
21331
21367
21239
21405
21319
21185
21200
21136
21645
21239
21257
21371
21220
21304
21292
21133
21305
21282
21467
21302
21498
21721
21220
21375
21110
21514
21374
21578
21258
21796
21260
21552
21492
21352
21696
21397
21557
21693
21746
21506
21364
21659
21599
21538
21913
21782
22020
21992
22020
21600
21626
21957
21690
21877
22024
21897
21864
21832
22056
22004
21958
22084
22212
21908
22388
22163
22148
22155
22060
22249
22421
22463
22454
22483
22471
22440
22237
22261
22894
22740
22538
22672
22685
22802
22776
22813
22800
23043
23090
23061
23165
22994
23325
23160
23162
22948
23197
23584
23145
23232
23473
23517
23242
23519
23654
23643
23594
24116
23921
23612
24024
23981
23717
23962
24244
24137
23912
24009
23981
24476
23970
24362
23949
24461
24420
23994
24028
24429
24646
24805
24278
24568
24469
24278
24764
24724
24724
25033
25383
25324
24900
25133
24980
25093
25314
25406
25182
25292
25336
25416
25423
24954
25160
25289
24896
25516
25286
25701
25621
25928
26014
26329
26630
26805
26985
27140
27070
26852
26653
26746
27124
27339
26922
26915
26778
27065
27350
27402
27622
27624
27464
27541
27652
27574
27761
27913
27812
27972
27732
27814
27938
28299
28305
28118
28248
28297
28632
28784
28651
28404
28669
28781
28760
28607
28838
28928
28908
29230
29279
29200
29004
29295
29139
29444
29305
29636
29480
29657
29431
29556
29650
29688
29105
29326
29037
29163
29407
30026
30337
30713
30919
30436
30191
30420
31196
30612
30452
30383
29854
30376
30654
30630
31068
31328
31545
31836
31669
31690
31630
31654
31602
31802
31756
31816
32106
31694
31860
32294
32196
31610
32117
32251
32221
32041
32355
32000
32331
32619
32168
32960
32748
32611
32636
32493
32468
32521
32204
32660
32401
32768
32884
33524
33551
33284
33131
33380
33542
33741
33515
33860
33674
33409
33450
33455
33775
33962
34102
33939
33792
33783
33812
34034
33937
34154
34252
33597
33951
34196
34180
34252
34181
34274
34060
34232
34048
34293
34779
34260
34316
34866
34578
34610
34715
34189
34445
34314
34797
34854
34596
34852
35043
34980
34741
34889
35051
35242
35151
34616
34574
34797
34340
34589
34463
33954
34176
33316
33681
34207
34387
35148
35328
35364
35386
35396
35249
35060
35222
35229
35468
35693
35606
35408
35365
35393
35563
35328
35574
35376
36004
35469
35408
34882
35108
35060
35677
35370
35112
35108
35485
35217
35567
35395
35908
35416
35826
35140
35530
35412
35530
35330
35604
35170
35407
35042
35764
35365
35236
35589
35263
35525
35462
35461
35784
36002
35272
35348
35351
35178
35444
35144
35222
34977
35290
35220
34869
35375
35727
34773
35191
35018
34977
34650
34976
35020
35293
35072
34805
34790
34956
35008
34768
34939
34742
34853
34882
35128
34484
34527
34360
34388
34566
34442
34432
34712
34308
34698
34614
34493
33990
34118
34033
33960
34523
33864
34134
34011
33890
33972
33792
34212
34138
34189
33581
33371
33437
33344
33613
33688
33586
33380
33240
33245
33372
33514
33573
33488
33613
32928
33223
32603
32619
32844
32476
32614
32149
32731
32440
32776
33053
32762
32353
32188
32669
32297
32520
32241
32320
32365
32027
32166
32377
32345
32236
32084
31716
31882
31874
31579
31589
31372
31186
31286
31288
31116
30905
30920
31033
30696
31006
30910
31127
30549
30536
30418
30893
30812
30614
29999
30391
30292
30057
30256
30173
29798
29903
30042
29284
29754
29548
29483
29189
29528
29748
29458
29098
29256
29274
29382
29062
28928
28804
28731
28901
28829
28961
28752
28326
28306
28335
28282
28215
28147
27976
28143
27506
27822
27887
27516
27652
27864
27629
27432
26991
27141
26907
26810
26897
27010
27041
26334
26537
26678
26484
26230
26268
25951
25876
25786
25904
25513
25567
25497
25453
24908
24866
25156
24863
24646
24776
25069
24221
24704
24672
24506
24666
24650
24506
24365
23946
23288
22733
21939
21703
21732
21744
22635
23006
23570
23499
23127
22957
22697
22890
22912
22644
22365
22294
21853
22144
21946
21604
21338
21199
21556
21149
20825
20888
21312
21014
20978
20629
20218
20272
20488
20106
19946
20129
20092
19792
19858
19465
19243
19394
19136
18982
19155
18871
18698
18688
18569
18612
18397
18182
18084
17958
17966
17748
17682
17869
17289
17536
17220
17135
17196
16899
17032
16543
16609
16449
16083
15937
16014
16094
16029
16181
16220
15764
15883
15364
15396
15091
15330
15059
14749
14745
14573
14592
14430
14393
14561
14134
14181
13842
13746
13765
13633
13350
13709
13391
13353
13474
13053
13160
13262
12977
12718
12623
12769
12644
12647
12328
12206
11954
12462
11979
12101
11943
11520
11510
11532
11718
11369
11554
11489
11286
11162
11305
11151
11092
10729
10583
10782
10533
10636
10138
10520
10390
10365
10233
9994
10273
10120
9992
9761
9986
9985
9687
9637
9412
9494
9466
9298
9325
9152
9240
9228
9214
8914
9163
8968
8819
8631
8921
8733
8856
8704
8519
8323
8325
8032
7963
7774
7878
8004
8046
8128
7969
7930
8116
7896
7865
7885
7721
7667
8037
7736
7718
7637
7577
7660
7629
7618
7190
7567
7419
7308
7069
7072
7208
7278
7094
7034
6917
7039
6983
6973
7068
6931
6832
6891
6785
6603
6781
6665
6836
6602
6623
6445
6623
6506
6539
6406
6594
6437
6260
6579
6417
6227
6408
6484
6315
6089
6209
6094
6304
6300
6292
6173
6175
6000
6044
6216
6049
6113
6066
6108
5906
6176
5906
5955
5890
5942
5836
5916
5803
5740
5765
5728
5922
5657
