5472
5417
5472
5471
5454
5482
5543
5566
5534
5306
5626
5308
5532
5502
5310
5431
5510
5385
5629
5608
5467
5420
5444
5603
5698
5497
5544
5571
5624
5785
5470
5596
5734
5668
5669
5811
5450
5709
5689
5737
5791
5845
5657
5705
5556
5677
5573
5714
5754
5606
6052
5789
5684
5846
5762
5797
5666
5707
5786
5781
5747
5725
5680
5717
5725
5785
5752
5637
5765
5700
5708
5624
5618
5873
5877
5613
6017
5889
5840
5824
5935
5921
6006
6093
5931
6119
5786
5893
6027
5909
5914
6110
6097
6151
5913
6119
6095
6156
5978
6017
6128
6061
6036
6213
6171
6206
6101
6150
6105
6142
5976
6150
6244
6286
6152
6280
6093
6354
6536
6148
6348
6147
6414
6170
6349
6357
6310
6250
6228
6263
6348
6295
6313
6334
6440
6276
6389
6364
6450
6370
6354
6491
6368
6326
6429
6605
6292
6436
6261
6589
6549
6492
6535
6429
6363
6444
6614
6342
6551
6742
6654
6536
6688
6686
6506
6617
6650
6463
6822
6522
6567
6428
6571
6651
6606
6595
6668
6745
6606
6648
6667
6580
6807
6717
6921
6616
6877
6665
6769
6787
6838
6738
6760
6783
6865
6747
6763
6720
6962
6935
6791
6899
7012
6977
6729
6956
6947
6847
6814
6757
6973
6975
6825
6955
6895
6916
7095
6742
7069
6870
7030
7006
6952
7066
7054
7170
6937
6981
7090
7177
7169
7079
7129
7115
7167
7180
7130
7338
7085
7242
7231
7405
7301
7325
7417
7199
7388
7250
7251
7325
7339
7402
7224
7496
7319
7376
7468
7664
7527
7409
7542
7368
7381
7279
7240
7496
7404
7386
7519
7426
7576
7635
7482
7826
7624
7676
7585
7662
7513
7719
7494
7634
7647
7785
7734
7675
7551
7721
7658
7546
7556
7531
7614
7882
7921
7878
7938
7822
7843
7757
7796
7851
7883
7976
7989
7867
7936
7837
7946
8066
7995
8115
8022
7980
7886
8086
7861
7884
8038
7784
8212
8011
7957
8134
8198
8208
8164
8301
7940
8107
8001
8129
8055
8319
8073
8418
8186
8118
8192
8305
8326
8306
8153
8205
8175
8143
8132
8052
7995
8087
8154
8115
8389
8223
8475
8330
8374
8379
8497
8522
8230
8482
8434
8476
8567
8367
8325
8569
8587
8448
8636
8505
8624
8587
8592
8626
8622
8511
8535
8795
8486
8624
8623
8668
8609
8434
8678
8772
8829
8781
8770
8827
8790
8844
8904
8702
8922
8742
8778
8988
8896
8789
8942
8822
8959
9156
9077
9208
9004
8984
9093
8917
8957
9033
9147
9157
9275
9218
9283
9085
9156
9125
9193
9229
9335
9273
9107
8915
9517
9355
9344
9223
9208
9488
9387
9259
9460
9352
9465
9650
9716
9644
9437
9100
9416
9428
9702
9626
9449
9539
9601
9534
9548
9540
9403
9700
9590
9612
9554
9667
9713
9644
9735
9866
9576
9582
9740
9794
9706
9698
9844
10038
9732
9842
9787
9966
10068
9924
9747
9677
9782
9780
10041
10058
9875
9718
9946
9967
9941
10058
10076
10196
10085
10007
9959
9949
10174
10062
10131
10156
10079
10221
10370
10251
10556
10251
10233
10143
10211
10480
10409
10225
10163
10538
10267
10453
10377
10245
10389
10505
10379
10369
10619
10421
10368
10647
10454
10456
10642
10688
10649
10618
10812
10655
10548
10731
10593
10646
10764
10902
10596
10645
10743
10686
10805
10718
10780
10840
10814
10888
11158
10916
10886
10912
11175
10889
10999
10848
10865
11086
11023
11142
11028
11067
10988
11326
11257
11163
11102
11102
11147
11100
11265
11273
11149
11449
11279
11289
11252
11219
11190
11387
11396
11280
11531
11432
11386
11530
11603
11545
11644
11380
11547
11214
11459
11626
11627
11602
11483
11467
11621
11534
11507
11553
11793
11542
11636
11606
11776
11741
11890
11848
11930
11796
11722
11918
11867
12121
11856
11584
11704
11951
11893
11678
11740
11740
11589
11612
11490
11424
11474
11594
11800
11735
12109
11949
12068
11981
12296
12184
12063
12266
11986
12239
12346
12435
12668
12417
12345
12385
12538
12408
12498
12597
12595
12514
12660
12519
12550
12436
12313
12476
12633
12612
12642
12758
12416
12498
12778
12719
12851
13021
12699
12694
12717
12700
12911
13076
12606
12923
12890
12672
12757
12886
13130
13057
13029
13137
13065
12717
13049
13246
13272
13347
13314
13216
13049
13240
13440
13167
12719
13304
12943
13302
13229
13103
13366
13295
13300
13494
13580
13424
13321
13624
13314
13545
13412
13783
13770
13759
13512
13643
13492
13713
13797
13689
13469
13309
13622
13719
13839
13917
13794
13899
14009
13856
13980
14071
14133
14069
13906
13968
13699
14125
14161
13908
14181
14090
14135
14189
14448
14174
14387
14540
14393
14294
14268
14406
14434
14576
14474
14442
14464
14413
14470
14421
14700
14728
14717
14695
14838
14604
14560
14672
15026
14950
14924
14540
14618
14685
14865
14880
14734
15045
14739
14839
14672
14793
14802
14854
15062
14900
14839
15016
14989
14984
15139
14675
15059
15039
15307
15035
15384
15176
15427
15164
15106
15152
15032
15279
15112
15295
15466
15682
15414
15515
15519
15578
15353
15629
15590
15670
15658
15786
15717
15818
15887
15736
15803
15708
15697
15521
15821
15528
15650
15752
15751
15788
15857
15958
15790
16353
16157
16186
16082
16367
16274
15886
16202
15949
16111
16229
16280
16290
16201
16506
16380
16304
16356
16634
16498
16516
16533
16618
16797
16656
16841
16642
16398
16733
17029
16620
16542
16342
16644
16696
16679
16957
16541
16796
17148
16788
16976
16733
16609
16715
16870
16780
16660
16434
16451
16535
16571
17034
16699
16813
16603
16896
17042
17149
17004
17330
17437
17197
17216
17348
17247
17288
17457
17332
17374
17118
17327
17529
17073
17549
17462
17594
17364
17720
17669
17725
17562
17548
17451
17502
17664
17776
17820
17518
17710
17598
17908
17636
17860
17884
17893
17841
18130
18264
18464
17834
18023
18254
17911
18246
17980
18020
18149
18159
18421
18186
18249
18159
17914
18327
18310
18358
18481
18306
18403
18665
18793
18570
18734
18634
18311
18590
18419
18630
18767
18736
18702
18509
18860
18789
18846
18805
18796
18352
18836
18846
19096
18940
18852
18824
19120
18964
18977
19156
19344
19498
19037
19027
19626
19677
19402
19282
19433
19419
19202
19494
19115
19522
19354
19370
19258
19590
19464
19400
19670
19482
19438
19554
19820
19976
20033
19691
19825
19885
19721
20132
19848
20036
20088
19922
20133
20426
20086
19749
19978
19764
19666
19754
19535
19405
19778
19780
19984
19978
20100
20245
20474
20516
20484
20530
20228
20527
20813
20680
20389
20666
20431
20966
20932
20770
21008
20549
20902
20812
20625
20724
20366
20908
20828
20546
20462
20589
20264
20609
20196
20446
20488
20401
20185
20206
20307
20342
20523
20590
21344
20955
20901
21076
21096
21309
21524
21203
21453
21256
21148
21222
21451
20850
21063
20548
19741
19569
18990
18300
17752
16888
16516
16445
16579
17141
17417
18182
18902
19681
20347
21360
21851
22578
22519
22572
22277
22141
22580
22538
22433
22607
22484
22436
22503
22251
22296
22725
22381
22244
22609
22436
22436
22350
22784
22550
22310
22418
22163
22275
22220
22190
22162
22503
22546
22347
22545
22761
23032
23023
22473
22938
22844
22776
23046
22790
22843
22804
23172
23092
22779
23072
22896
22855
22832
22592
22794
22724
22790
22725
23030
23124
23156
23077
23093
23178
23350
23278
23249
22910
23353
23332
23210
23468
23460
23611
23314
23351
23322
23479
23498
23716
23520
23654
23332
23530
23487
23060
23633
23432
23637
23526
23903
24021
23600
23733
23664
23862
24306
23782
23785
23842
23688
23588
23808
24159
23755
23819
24156
24541
24461
24578
24541
24554
24539
24740
24447
24609
24427
24873
24521
24771
24850
24708
25322
24882
24814
24850
25004
24865
25194
25005
24960
25316
25497
25031
25190
25376
25253
25340
25197
24710
24430
24109
23717
23773
23688
23385
23510
23552
24067
24265
24766
25217
25327
25814
25427
25263
25719
25508
25623
25694
25664
25700
25705
25752
25830
25654
25801
25858
25900
25783
25760
25750
25956
26128
25805
26235
25869
25844
26164
25996
26020
26082
25755
25745
26088
26098
26124
26188
26176
25966
25870
26533
26138
26334
26353
26358
26087
26315
26537
26525
26571
26473
26154
26186
26473
26853
26594
26684
26730
26766
26816
26570
26636
26733
26900
26651
27032
26738
26760
26784
27065
27374
27048
27216
26922
26973
27172
27049
27177
27156
27230
27228
27222
27186
27286
27091
27478
27316
27499
27243
27370
27744
27686
27750
28001
28033
27532
27798
27661
27556
28040
27638
27798
27965
27832
28284
27904
27701
28057
28277
27733
28192
28082
28250
28312
28445
28324
28230
28549
28515
28396
28378
28372
28636
28562
27988
28326
28683
28707
28444
28586
28865
28507
28849
28872
28840
28877
28908
28973
28964
29012
29114
29008
29184
28692
28941
28804
28917
29097
28667
29115
29165
29044
29171
28928
29051
29240
29394
29020
29184
29292
29147
29578
29132
29498
29270
29416
29432
29341
29264
29412
29578
29677
29287
29417
29117
29633
29349
29582
29300
29624
29593
29620
29941
29866
29842
29877
29829
29448
29734
29696
29153
29184
29356
29312
29461
29338
29122
29309
29740
29810
29884
30008
30215
30020
30210
30511
30299
30082
30557
30152
30123
30391
30408
30486
30660
30653
30510
30228
30556
30501
30285
30703
30620
30605
30564
30671
30893
30698
30478
30695
30580
30746
31076
30673
30794
31145
30661
31044
30816
30854
30906
30873
30907
30928
30872
30901
31142
31236
30952
30816
30780
31088
31042
30821
30842
31034
31048
31180
31268
31421
31098
31304
31389
31435
31515
31492
31305
31179
31272
31244
31518
31428
31499
31686
31588
31590
31407
31826
31850
31691
31453
31529
31656
31789
32052
31396
31620
31656
31702
32114
31865
32109
32210
31816
31794
32004
31904
31876
31884
32128
32015
31938
31709
31946
31848
31936
32000
32008
31780
32164
32128
32008
32250
32185
32340
31802
32120
32546
32237
31844
32202
31936
32418
32324
32423
32436
32186
32436
32336
32340
32305
32639
32408
31952
32794
32493
32836
32616
32602
33034
32690
32712
32744
32425
32616
32714
32349
32811
32880
33033
32811
32900
32887
33170
33252
32858
32934
33062
32793
33193
32826
33298
32874
32916
33056
33002
32836
32826
33117
33132
32832
33438
33173
33060
33480
33016
33160
33405
32688
33165
33028
33228
33005
33498
33322
33332
33211
33483
33496
33239
33483
33621
33334
33584
33660
33408
33461
33373
33418
33763
34368
33589
33751
33242
32907
33044
32788
32464
32963
32500
32361
32311
32199
33041
33146
33200
33772
34103
33802
34197
34064
34106
33496
33783
33995
33764
33878
34090
34066
33989
33914
34242
33948
33920
34052
34008
33914
34218
34084
33952
33774
34248
34532
34317
34118
34031
34004
33900
33954
34024
34205
34434
34377
34135
34180
34188
34201
33928
33796
34612
34496
34281
34508
34312
34562
34488
34216
34687
34222
34284
34846
34426
34486
34258
34342
34476
34506
34681
34276
34484
34596
34797
34845
34591
34578
34796
34651
34916
34764
34566
34944
34894
34900
34970
34756
35146
34702
34928
35000
34965
34963
34863
34998
34834
34746
34700
34818
35412
34813
34880
35147
34888
34795
35131
35301
35096
34613
34783
34980
35204
35028
35019
34810
34973
34994
35244
35314
35195
34970
34573
34696
34566
34790
34994
34964
35180
35029
34952
35172
34916
35092
35148
35243
34950
35283
35208
35000
34804
35000
35156
34774
34980
35010
35456
34742
35460
35268
34912
35126
35302
35117
35700
35386
35216
35112
35093
35098
35170
35080
35248
35090
35200
35076
35509
35158
35531
35725
35626
35433
35723
35594
35556
35236
35208
35200
35516
35293
35559
35709
35727
35364
35515
35668
35496
35169
35708
35512
35477
35630
35444
36027
35258
35600
35695
35579
35405
35336
35588
35738
35178
35288
35204
35465
35349
35757
35483
35721
35179
35528
35220
35608
35572
35848
35844
35653
35376
35386
35605
35512
35828
35503
35450
35141
35417
35337
35648
35409
35172
35047
35418
35300
35373
35729
35488
35916
35332
35797
35661
35711
35606
35518
35768
35492
35556
35302
35526
35842
35530
35368
35445
35710
35552
35760
35564
35492
35774
35613
35610
35337
35076
35748
36012
36234
35402
35604
35857
35499
35687
35908
35540
35828
35328
35643
35541
35874
35758
36004
35764
35886
36150
35718
35572
35317
35849
35309
36381
35920
35913
35749
35718
35394
35562
35757
35977
35492
35796
35652
35598
35317
35293
35093
35200
35508
35328
35117
35328
34950
35600
35544
35482
35444
35477
35657
35268
35201
35309
35718
35313
35762
35456
36096
35670
34849
35036
35384
35156
34745
35020
34773
34944
34766
34588
34172
34868
34775
34724
34685
34820
34816
34916
35012
34944
34530
34800
34909
35222
35413
35910
35425
35680
35349
35546
35533
35072
35465
35608
35271
35673
35033
35136
35406
35692
34970
35005
35402
35087
34832
34757
35236
35645
35365
35289
35315
35401
35131
35660
35261
35097
35013
35165
35213
35595
35288
35144
34810
35410
35498
35099
35281
34850
35439
35118
34880
35240
34968
34449
34629
34676
34445
34680
34481
34714
34329
34402
34646
34299
34738
34480
34567
34885
34860
34615
34735
34438
34586
34693
34554
34424
34649
34568
34458
34445
34734
34496
34589
34344
34422
34244
34964
34238
34150
33908
34368
34297
34136
34140
34304
33929
34056
34187
33678
33606
34460
34101
34234
34384
34089
33992
34189
33940
33956
33540
33988
34100
34292
34048
34392
34237
33930
33974
34162
34123
34262
33732
33956
33775
33568
33632
33600
33604
33590
33629
33768
33531
33693
33876
33824
33901
33602
33333
33616
33176
33332
33403
33222
33238
33014
32948
33702
33033
33304
33724
33610
32840
33477
33452
33426
32886
33489
33433
33180
33240
33204
32812
32871
32929
33010
33035
32648
32710
32541
33030
32697
33153
32934
32794
32589
32304
32792
32827
32777
32441
32543
32308
32484
32857
32218
33064
32356
32348
32440
32396
32648
32618
32628
32123
32321
32157
32392
32641
32558
32422
31644
32240
32505
32507
31855
32052
32143
31974
32083
32226
31967
31882
31722
32017
31700
31849
31733
31904
31872
31437
31742
31224
31664
31499
31716
31536
31476
30959
31299
31620
31364
30924
31688
31320
31434
31396
31304
31414
31396
31281
31074
31322
31186
31234
31402
31491
31119
31204
31170
31130
31346
31513
30976
30868
30872
30532
30274
30226
30089
30298
30100
30414
30148
30192
30823
30546
30105
30213
30188
30461
30745
30229
30269
30536
30149
30498
30185
30386
30026
30073
30332
30131
30161
30116
30056
29855
30058
29770
30080
29612
29716
30025
29673
29428
29202
29739
30144
29441
29225
29237
29682
29532
29499
29438
29506
29713
29264
29556
29284
29147
29467
28957
29493
28650
28698
29293
29033
29192
29098
28724
28869
28850
28516
28569
28885
28596
28587
28951
28762
28707
28957
28590
28569
28393
28809
28271
28437
28056
28537
28538
28484
28418
28366
28116
28151
28187
27959
28172
28245
28026
27805
28016
28063
27506
27508
27492
27544
27384
27104
26845
26656
26869
27127
27110
27193
27338
27216
27228
27204
26776
26917
26140
26301
26620
26181
26188
26653
26520
26795
26554
26757
26494
27090
26720
26754
26448
26697
26551
26566
26667
26514
26148
26568
26788
26268
26637
25874
26107
25826
25871
26034
26249
25749
25773
25206
24653
24581
24991
25098
24486
24815
24930
24781
25340
25152
25565
25519
25636
25452
25316
25131
25616
25452
25334
24774
25193
24960
24988
24986
24506
24626
24613
24704
24881
24798
25006
24832
24631
24730
24418
24389
24622
24418
24273
24188
24323
24376
24172
24138
24035
24116
23921
24215
23876
24046
24035
24107
23884
23956
24344
24105
23766
23454
23118
22811
22619
22338
22710
22656
22794
22712
22852
23067
23396
23514
23428
23268
23348
23296
23108
23198
22852
23022
22885
22724
22922
22979
22628
23061
22660
22646
22601
22682
22713
22410
22525
22692
22520
22228
22400
21979
22173
21832
21901
22016
21643
21655
21621
21941
21973
21837
21785
21792
21903
21576
21612
21722
21648
21691
21357
21386
21230
21371
21754
21300
21268
21317
21433
21405
20921
20939
20925
20932
21228
20800
20699
21000
20904
20662
20537
20836
20744
20553
20391
20601
20411
20474
20445
20629
20495
20647
19950
20561
20299
20316
20298
20091
20006
20058
20277
19805
19958
20042
19606
19968
19807
19584
19685
19736
19698
19612
19728
19505
19693
19492
19426
19462
19610
19544
19410
19675
19386
19181
19550
19508
19274
19236
18600
18641
18628
18452
18280
18404
18474
18410
18555
18721
18731
18688
18756
18434
18781
18664
18352
18541
18523
18322
18245
18130
18414
18291
18200
18389
18286
17826
18261
17816
18254
17957
18205
17883
17654
17812
17837
17583
17544
17682
17515
17873
17634
17492
17527
17586
17685
17467
17488
17445
17304
17640
17284
17219
17343
17119
17485
17227
17234
17221
17337
16960
17056
17370
17060
16980
17042
17002
17092
16966
16720
16760
16250
16715
16582
16873
16498
16743
16533
16564
16603
16426
16614
16332
16704
16884
16725
16676
16580
16464
16526
16472
16238
16333
16381
16258
16388
16327
16276
16411
16330
16267
16212
16162
16189
16028
16192
15927
15814
15733
15859
15928
15805
15832
15824
15997
15949
15956
15759
15850
16026
15745
15812
15827
15915
15828
15483
15667
15493
15810
15484
15474
15737
15552
15721
15488
15560
15553
15183
15376
15474
15229
15522
15373
15208
15560
15254
15482
15427
15350
15172
15042
15250
14895
15481
15416
15261
15322
15179
15493
15275
15210
15458
15117
15442
15285
15190
15519
15199
15008
15250
15229
15037
14765
14898
15202
15260
14966
15129
15058
14989
15279
14908
15118
15101
15052
15294
14977
15238
15060
15029
15002
15278
15067
15022
14992
15054
15124
15021
15148
15150
14976
15252
15012
15054
15035
15153
15093
15126
14824
15057
14973
14896
14888
14869
14937
15206
15101
15034
15094
15087
14841
14904
14896
15120
15002
14806
15127
14881
14949
15107
15110
15026
15186
15016
15229
14954
15052
14954
15012
15053
15258
15371
15149
15115
15274
15369
15297
15020
15241
15187
15070
15004
15295
15189
15146
15482
15224
15267
15031
14956
15162
15289
15431
15344
15441
15133
15479
15396
15467
15320
15675
15559
15552
15414
15433
15562
15636
15936
15585
15381
15665
15738
15683
15807
15520
15639
15625
15927
15672
15640
15813
15720
15751
15831
15936
16093
15964
15936
15964
15988
15880
15869
15782
15793
15642
15809
15829
15797
15886
15867
16021
16089
16319
16143
16152
16300
16139
16384
16080
16385
15717
16068
16312
16407
16342
16085
16259
16108
16047
16193
16251
16342
16265
16568
16483
16533
16645
16631
16989
16987
17078
16999
16827
17018
17124
17290
17072
17332
17048
17008
17186
17545
17520
17429
17372
17343
17356
17222
17330
17506
17818
17499
17949
17384
17623
17895
17910
17600
17732
17826
18147
17848
17992
18261
18200
17915
18216
17955
18112
18132
18018
18562
18297
18267
18466
18315
18343
18442
18350
18420
18637
18776
18468
18309
18536
18417
18106
18155
18444
17985
18154
18168
18482
18757
18760
18973
18880
18838
18888
19220
19202
18852
18867
18842
18936
19189
19166
19372
19434
19530
19419
19561
19569
19470
19712
19752
19253
19698
19669
19557
19757
19620
19487
19820
19930
20045
20057
19809
19896
20000
19816
20248
20245
19994
20310
20025
20134
19823
19958
19780
19998
19879
19827
20005
20407
20480
20274
20292
20480
20484
20324
20642
20220
20320
20540
20574
20672
20603
20632
20842
20929
20841
20718
20924
20592
20882
20837
20970
20818
20890
21122
21095
21020
21243
20695
20948
20795
20864
20938
21260
20573
21121
21051
20969
21186
21106
21149
21069
21065
21234
21151
21134
21201
21198
21017
20992
21181
21512
21001
21179
21229
21460
21194
21262
20818
21093
20651
20784
20809
20660
20488
20392
20440
20992
20931
21152
21844
21519
21577
21313
21652
21421
21515
21576
21260
21314
21489
21325
21574
21582
21364
21268
21299
21144
21428
21388
21614
20993
21378
20985
21501
21178
21661
21598
21036
21448
21458
21221
21560
21426
21189
21417
21509
21151
21193
21313
21092
21446
21485
21293
21184
21406
21320
21274
21394
21422
21674
21439
21225
21305
21645
21071
21291
21352
20818
21222
20868
21315
21443
21390
20878
20918
21285
21277
20951
21300
21003
20980
21229
20814
21090
20860
20935
20786
21069
20832
20826
20612
20765
20738
20859
20527
20576
20646
20904
20717
20554
20616
20847
20672
20968
20544
20725
20608
20406
20351
20205
20468
20322
20638
20665
19992
20474
20309
20165
20384
20226
20548
20497
20054
20002
19977
19844
20096
19796
20162
20077
20070
19845
19980
19883
19973
19732
19565
19628
19454
19572
19124
19528
19691
19389
19629
19433
19272
19536
19528
19012
19380
19279
19413
19153
19508
19160
19274
18845
18858
18998
19216
19149
18812
18920
19013
18964
18761
18549
18739
18730
18578
18326
18422
18276
18514
18096
18169
18330
18048
18076
17940
18005
18118
17926
17859
17750
17710
17829
17714
17609
17902
17519
17516
17438
17583
17388
17296
17254
17154
17037
17251
16998
17237
17204
16818
17136
16700
16648
16932
16664
16604
16855
16653
16975
16593
16293
16475
16712
16523
16255
16296
16112
16112
16203
16238
16025
16044
15928
16041
15668
15769
15781
15557
15741
15494
15458
15396
15334
15284
15144
15387
15432
15102
15118
15189
14884
14824
14921
14894
14478
14612
14222
14460
14472
14389
14127
14084
14275
14026
14074
14020
14055
14267
14046
14068
14049
13949
13596
12948
12692
12529
12427
12771
13044
13164
13226
13125
13200
13108
13251
12850
13159
13025
12825
12826
12715
12777
12546
12307
12226
12624
12180
12084
12168
11753
11840
12070
11988
11809
11819
11469
11613
11671
11532
11442
11396
11264
11147
11067
10962
10948
11117
10704
10773
10624
10872
10650
10725
10658
10670
10448
10487
10266
10116
10023
10178
10227
9989
10027
10067
9909
9852
9790
9821
9737
9563
9455
9326
9092
9130
9208
9348
9127
9086
9357
9179
9013
9128
8692
8957
8761
8730
8623
8577
8585
8516
8542
8173
8127
8098
8176
8139
8272
7894
8034
8043
7937
7953
7717
7706
7838
7596
7560
7540
7633
7597
7452
7432
7318
7161
7142
7382
7223
7202
7338
7016
7072
6937
6930
6929
6915
6895
6847
6837
6827
6689
6572
6773
6649
6429
6658
6333
6477
6400
6356
6352
6259
6308
6368
6307
6071
5997
6178
6119
6106
6194
6071
5855
5997
5944
5912
5897
5686
5656
5794
5840
5696
5678
5800
5614
5622
5706
5597
5536
5486
5502
5450
5173
5166
5072
5228
5248
5288
5206
5233
5089
5252
5158
5252
5270
5203
5204
5193
4972
5075
5062
5184
4988
4943
4843
4897
4957
4837
4783
5052
4825
5060
4877
4795
4817
4924
4782
4680
4839
4735
4667
4784
4807
4834
4738
4715
4592
4418
4649
4632
4435
4531
4545
4406
4641
4588
4378
4615
4602
4539
4494
4336
4488
4319
4427
4413
4462
4436
4465
4353
4356
4336
4293
4279
4374
4290
4240
4196
4228
4303
4286
4166
4220
4154
4238
4072
4199
4107
4196
4116
4400
4203
4215
