5376
5430
5470
5454
5318
5481
5394
5472
5328
5330
5377
5338
5264
5205
5329
5550
5474
5427
5612
5546
5458
5383
5554
5431
5546
5451
5632
5524
5466
5629
5467
5637
5540
5530
5661
5577
5704
5656
5468
5506
5510
5697
5775
5835
5748
5595
5576
5755
5802
5691
5824
5616
5784
5899
5597
5708
5712
5633
5591
5765
5532
5633
5872
5572
5642
5671
5589
5659
5608
5845
5646
5695
5647
5750
5762
5781
5723
5748
5883
5906
6042
5922
5836
5942
5930
5971
5819
5850
6124
6001
5918
5910
6007
5962
5784
6040
6084
5926
6004
5892
5898
6018
6036
6103
5891
6038
6028
5965
6209
6160
6232
6047
6141
6264
6172
6019
6093
6143
6372
6324
6200
6173
6107
6034
6067
6080
6258
6149
6087
6211
6386
6423
6362
6182
6368
6267
6255
6317
6263
6152
6308
6346
6189
6112
6500
6292
6322
6400
6372
6523
6339
6361
6440
6629
6337
6499
6291
6434
6478
6301
6335
6368
6402
6305
6417
6554
6454
6480
6680
6532
6608
6506
6480
6577
6449
6475
6544
6711
6503
6757
6805
6653
6662
6624
6719
6675
6739
6439
6768
6725
6724
6805
6768
6687
6784
6738
6676
6707
6748
6885
6714
6606
6712
6845
6721
6709
6925
6811
6918
6871
7071
6839
6637
6883
6931
6834
6942
6730
6889
6728
6830
6982
7128
6991
7085
7070
6985
7059
7055
7020
7051
6898
7050
7015
7124
7054
6955
7032
7116
6955
7034
7092
7193
7174
7082
7440
7283
7296
7322
7445
7017
7240
7077
7160
7248
7305
7263
7416
7194
7289
7353
7505
7421
7469
7208
7547
7236
7374
7477
7505
7410
7349
7516
7500
7453
7416
7521
7597
7546
7478
7765
7493
7582
7494
7652
7517
7565
7472
7548
7577
7661
7705
7814
7627
7973
7772
7919
7656
7621
7883
7710
7836
7813
7654
7821
7782
7742
7878
7812
7814
7841
8115
7956
7725
7826
7934
7946
7930
8176
7963
8070
7831
7830
7998
7884
7918
8237
7934
8045
8059
7971
7860
7960
7971
7997
8084
8142
8245
8083
8071
8042
8122
8107
8194
8052
8069
8184
7889
7837
7918
8008
8074
8308
8267
8209
8017
8164
8171
8237
8328
8431
8100
8440
8188
8340
8318
8327
8391
8381
8326
8384
8429
8580
8551
8290
8502
8475
8423
8575
8606
8295
8628
8362
8848
8778
8710
8612
8418
8750
8508
8592
8631
8479
8611
8759
8788
8674
8422
8997
8709
8966
8676
8733
8946
8630
8869
8921
8906
8889
8744
8942
8899
9160
9055
9121
8836
8850
9014
8844
9094
8872
9024
9116
9043
8964
9122
9332
9062
9047
9099
9108
9114
9157
9202
9207
9282
9218
9222
9237
9181
9340
9467
9448
9439
9317
9093
9505
9602
9333
9357
9610
9475
9322
9498
9504
9468
9226
9541
9374
9401
9553
9573
9816
9374
9420
9892
9629
9799
9597
9631
9710
9777
9734
9485
9728
9684
9722
9593
9793
9772
9811
9766
9891
9922
10011
9901
9781
9849
9845
9956
9810
9736
9606
9872
10121
9972
10061
10287
10090
10130
10197
10223
10147
10086
10338
10044
10143
10207
9964
10054
10172
10173
10055
10361
10017
10219
10396
10169
10071
10475
10417
10443
10570
10386
10162
10355
10454
10285
10386
10476
10368
10488
10422
10677
10542
10644
10487
10600
10531
10395
10566
10555
10620
10560
10638
10795
10725
10534
10725
10773
10661
10867
10774
10713
10826
10898
10702
10987
10780
10757
10816
10791
10848
10764
10841
10975
10796
11046
11009
10933
11040
10971
11112
10882
11171
11136
11088
10994
10928
11114
11194
11303
11303
11032
11174
11189
11324
11050
11248
11441
11073
11062
11326
11487
11297
11395
11360
11577
11388
11434
11330
11364
11285
11464
11738
11543
11379
11426
11752
11399
11663
11664
11587
11604
11620
11738
11777
11556
11880
11913
11921
11770
11776
11738
11640
11669
11300
11384
11295
11170
11505
11428
11526
11336
11830
11867
11654
12076
11992
11991
11757
12131
11975
11871
12095
12085
12328
11826
12275
12168
12168
12361
12199
12273
12323
12309
12502
12348
12240
12600
12653
12318
12424
12441
12403
12481
12552
12667
12587
12447
12535
12712
12501
12646
12824
12564
12345
12651
12610
12689
12768
12800
12611
12930
12545
12924
12691
12743
13083
13003
12822
12820
12937
12987
12929
13106
13223
13378
12875
12813
12821
12867
12879
12584
12686
12930
12868
13176
13005
13183
13309
13365
13140
13672
13417
13200
13250
13349
13401
13402
13513
13447
13730
13313
13335
13302
13605
13248
13572
13493
13352
13716
13537
13665
13506
13658
13912
13497
13691
13748
13619
13716
13613
13639
13762
13955
13846
13769
13942
13703
14254
14024
14107
14167
13916
14018
14116
14176
14042
14337
14199
14292
14165
14359
14480
14130
14252
14381
14188
14275
14037
14049
14585
14253
14592
14604
14406
14314
14535
14548
14693
14690
14775
14574
14669
14788
14381
14592
14617
14661
14546
14669
14642
14532
14649
14633
15015
14800
14716
15065
15222
14976
15079
15094
14957
14852
14869
14884
15114
15276
14815
15198
15156
15157
15035
15044
15434
15130
15506
15438
15557
15388
15408
15225
15466
15260
15234
15424
15247
15337
15395
15333
15571
15480
15556
15309
15265
15638
15598
15761
15524
15660
15662
15830
15605
15668
15734
15856
15970
15747
15980
15901
16041
15876
16109
15926
15938
16254
16018
16548
16539
16358
16448
16267
16255
16161
16497
16416
16550
16430
16470
16749
16095
16522
16138
16401
16466
16391
16535
16677
16430
16383
16370
16442
16454
16737
16418
16180
16310
16291
16308
16611
16265
16560
16454
16705
16605
16539
16713
16877
16866
17032
16945
16848
17055
17288
17003
16980
17156
17126
17171
17168
17144
17035
17172
17271
17400
17116
17065
17274
17444
17062
17506
17374
17486
17522
17566
17373
17367
17109
17480
17288
17496
17653
17431
17497
17380
17597
17641
17389
17810
17847
17845
17644
17977
17588
17946
17724
17968
17485
17481
17990
17770
17402
17829
18021
18140
18041
18152
17835
18020
18060
18225
18260
18323
18095
18142
18578
18176
18318
18303
18117
18303
18373
18426
18395
18342
18562
18164
18426
18653
18249
18393
18649
18649
18345
18324
18717
18507
18983
18852
18964
18836
18996
18892
18968
19236
18974
18986
19250
19284
19254
19320
18893
19008
19227
19173
19121
19235
19332
19013
19223
18973
19117
19456
19642
19767
19328
19608
19418
19484
19553
19444
19738
19813
19455
19580
19681
19681
19715
19652
19459
19484
19325
19645
19423
19452
19098
19202
19458
19514
19771
19812
19908
19936
20150
20084
20206
20308
20118
20318
20297
20326
20059
20587
20171
20446
20245
20203
20108
20625
20310
19901
20473
20385
20444
19992
20285
20238
20389
19636
19675
20036
20045
19712
19768
20190
20308
20156
20349
20820
20359
20712
20704
20800
20889
21316
20996
20932
20800
20786
20982
20790
20780
20002
19932
19378
19115
18780
18283
17623
17004
16287
16211
16250
16861
17412
17860
18745
19551
20086
20571
21137
22141
22102
21988
22054
21868
22010
22211
22149
21910
22038
22011
21819
21798
22010
21952
21700
22355
22183
22262
22330
22184
21974
21976
22035
21966
21925
22058
21553
21810
21836
22279
21961
22130
22214
22296
22443
22364
22466
22414
22549
22594
22492
22588
22897
22708
22419
22533
22706
22506
22474
22448
22388
22169
22594
22146
22314
22661
22714
22938
22553
22974
22532
22594
22544
22789
22474
22538
22717
22922
22998
22837
23040
22568
23145
23099
23003
23236
22889
23253
23414
23047
22925
22810
23073
23078
23060
22938
23021
23140
23044
23202
23474
23512
23350
22949
23326
23581
23524
23428
23292
23456
23371
23656
23722
23836
23835
23791
23988
23908
24233
23941
23909
24133
24280
24274
24569
24315
24132
24395
24053
24277
24290
24148
24400
24346
24757
24435
24802
24420
24379
24952
24812
24763
25021
25154
24938
24882
24457
24480
24169
23673
23693
23413
23208
22937
23176
23441
23417
23798
24003
25130
24792
25122
24896
25152
25021
24873
25021
24874
25275
24968
25309
25391
25606
25160
25396
25508
25161
25061
25317
25251
25511
25734
25494
25377
25460
25390
25334
25412
25424
25206
25732
25547
25510
25284
25956
25768
25788
25999
25984
26156
25425
25984
25644
26082
25738
26426
26371
25970
26067
26250
25846
25846
26049
26553
26228
26501
26398
26284
26196
26777
26690
26235
26177
26024
25938
26486
26636
26309
26706
26591
26884
26568
26615
26880
26662
26580
26613
26379
26699
27069
26630
26812
26764
26885
27110
26923
26944
26799
26807
27092
26880
27074
27149
27057
27038
27114
27387
27340
27334
27485
27544
27037
27217
27370
27860
27469
27621
27427
27423
27770
27594
27254
27873
27706
27641
27729
27847
27924
27642
27520
27541
27470
27794
28044
28025
28040
28140
27936
28139
28094
28536
28142
28106
28589
28456
28107
28187
28333
27949
28420
28274
28383
28448
28284
28276
28442
28517
28541
28683
28701
28496
28570
28692
28619
28742
28783
28295
28874
28938
28920
28602
29147
28678
28427
28842
28478
28588
29074
28928
29234
29176
28852
28852
28860
28579
28870
29068
28749
29321
29167
29431
29307
29228
29330
29103
29460
29204
28972
29236
29250
28738
28763
28692
28888
28701
28532
29056
29024
28982
29476
29409
29435
29464
29561
29700
29774
29742
29899
29788
29629
30020
29844
30036
29535
29880
29596
29881
29954
30050
30259
29764
29721
29688
29978
30101
30013
30010
29725
29838
29824
29988
29941
30300
29841
29974
30526
29917
30221
30317
30336
30409
30026
30503
30753
30568
30442
30660
30425
30582
30281
30458
30669
30740
30385
30285
30258
31098
30678
31169
30574
30982
31076
30760
30840
30812
30948
30778
30868
30477
30733
30672
31125
30874
30504
30591
31018
31140
31292
31113
30909
30976
30925
31347
31470
31490
31168
31209
31022
31149
31375
31582
31133
31145
31240
31716
31515
30848
31320
31232
31350
31002
31569
30596
31802
31392
31304
31210
31138
31368
31460
31190
31452
31448
31685
31405
32000
31465
31514
31417
31644
31449
31876
31844
31517
31738
31951
31707
31848
31682
32021
31524
31626
31738
32053
31896
32108
31887
32203
31802
31922
31877
31967
32245
31963
32262
32128
32196
32433
31988
32298
32116
32058
32482
32573
32138
32452
32163
32148
32050
32036
32329
32093
32098
32104
32592
32260
32520
32293
32601
32709
32410
32852
32528
32693
32320
32347
32807
32484
32378
32685
32611
32561
32692
32852
32882
32660
32512
32727
32868
32901
32699
32912
32992
32770
33127
32952
32990
33112
32768
32971
32686
32942
32713
32864
32152
32084
32096
32336
31920
32014
31502
31670
31938
32597
32953
33236
33236
33417
33476
33171
33384
33251
33672
33140
33308
33154
33520
33179
33108
33446
33303
33446
33229
33434
33092
33557
33106
33189
33280
33352
33418
33582
33628
33487
33572
33424
33886
33331
33721
33752
33974
33354
33757
33723
33867
33965
33716
33716
33507
33725
33810
33872
34010
33528
33794
33920
33128
33804
34000
33913
33783
33984
34085
33828
33938
34192
33894
34024
33728
33881
33882
34402
34151
34112
34286
33947
34250
34508
33428
34052
34245
34127
34112
33988
34272
34244
33960
34596
34348
34443
34397
34498
34489
34583
34452
34692
34525
34073
34234
34631
34560
34332
34354
34546
34534
34495
34655
34583
34388
34436
34474
34830
34196
34164
34619
34324
34648
34202
34141
34351
34202
34365
34178
34268
34141
34180
34584
34486
34398
34783
34178
34144
34560
34359
34064
34477
34677
34382
34362
34650
34383
34008
34309
34112
34706
34235
34324
34484
34761
34533
34712
34468
34625
34373
34558
34618
34531
34258
34299
34324
34548
34356
34836
34520
34604
35173
34820
34714
34601
34792
34867
34777
34714
34749
34653
34662
34780
34498
34733
34804
34684
34614
34484
35112
34771
34634
34827
35037
34628
35160
34621
34572
34857
34685
34527
35200
34788
34799
34855
35144
35181
34767
34699
34825
34848
35228
34378
34824
35257
34532
35088
34770
35225
34938
34989
35035
35188
35338
35392
34772
34872
34828
35116
34662
34521
34887
34432
34806
34692
34580
34736
34600
34902
35026
34800
34596
34632
34779
35364
35008
35145
34613
35024
34683
34646
34709
35387
34848
34729
34976
34945
34950
34813
34820
34734
34718
35033
35007
34717
35104
34821
34933
34618
35073
34849
34976
35090
35300
34798
35110
34980
34735
34868
35282
35131
34990
35172
35268
35092
35011
35378
34856
35131
35044
35125
35176
34955
34758
35193
34727
34924
35092
35174
34683
35101
34838
34902
34277
34445
34807
34336
34569
34925
34382
34304
34630
34726
34560
34678
35015
34540
34756
34649
34619
34620
34932
34840
35060
35048
34660
34924
34745
34777
34576
34438
34202
34500
34475
33856
33851
33903
33903
34074
33706
33798
33912
34155
33577
33998
33453
33873
34074
33979
34272
34208
34820
34660
34799
35188
34432
34816
35096
34445
34872
34621
34809
34525
34952
34666
34676
34776
34626
34582
34561
34346
34410
34352
34252
34591
34309
34416
34351
34699
34388
34616
34263
34557
34342
34604
33942
34372
34648
34540
34958
33964
34580
34266
33972
34426
34415
34440
34414
34210
33860
34322
33646
33768
34136
33988
33908
33745
34061
33604
33756
34084
34134
34274
34112
33897
34133
33769
33594
33394
33830
33770
33781
33854
33460
33900
34018
33741
34194
33819
34108
33776
34245
33506
34094
33640
33921
33770
33416
33766
33328
33368
33320
33388
33530
33529
33549
33630
33480
33825
33841
33776
33488
33306
33199
33160
33189
33148
33271
33506
33400
33369
33506
33001
33257
33194
33533
33320
33508
33197
32663
33089
33229
33284
33071
33546
33430
33206
33288
33147
33116
33257
32757
33035
32795
32833
32916
32948
32964
32549
32452
32438
32761
32781
33025
32584
32584
32527
32452
32884
32835
32601
32832
32485
32400
32323
32097
32527
32652
32428
32461
32325
31914
32453
31925
32262
32103
32184
32132
31929
32212
32042
32239
32502
32262
32064
32346
32468
31961
31858
31781
31956
31810
32002
31921
31335
31882
31912
32228
31664
31946
32154
32164
31739
31816
31526
32068
31808
31501
31351
31660
31428
31690
31497
31339
31834
31364
31701
31546
31321
31092
31393
31378
31386
30760
31220
30966
31610
30880
30853
31313
30838
30880
31065
30872
31299
30701
31104
31245
30827
30962
30733
30665
30821
30924
30586
30694
30410
30868
30572
30773
30740
30520
30710
31151
30552
30865
30777
30605
30716
30356
30504
30117
30142
29864
29556
29718
29597
29704
29782
29416
29753
30052
30118
29962
29617
30298
29824
29865
29740
29857
29784
29952
29690
30045
29992
29629
30052
29556
29764
29536
29614
29637
29570
29662
29460
28984
29223
29099
29252
29131
29078
29108
29325
29389
29120
29151
28859
29200
28987
28768
29051
28858
28884
28747
28580
28675
29051
28820
28618
28865
28523
28571
28712
28762
28316
28176
28133
28155
28041
28266
28255
28387
28150
28103
28103
27958
27753
28077
28049
27769
27947
28082
28185
28032
28187
27940
27850
27618
27546
27445
27533
27629
27712
27354
27402
27644
27593
27818
27273
27405
27067
27256
27334
27057
26686
27089
26536
26428
26157
26644
26596
26356
26730
26968
26455
26673
26285
26267
25910
25994
25839
25882
26171
26066
25856
25882
26099
25812
26156
25972
26352
26468
26538
25814
26194
26134
25900
25775
26196
25816
25987
25762
26020
25861
25693
25669
25609
25771
25676
25410
24780
24778
24255
24284
24521
24447
24762
24168
24704
24407
24456
25003
24977
24788
25237
25014
25187
24956
24758
24872
24913
24424
24726
24555
24649
24712
24282
24404
24509
24502
24306
24125
24109
24549
24430
24134
24296
23814
23969
23869
23748
23830
23477
23556
23749
23869
23690
24045
23624
23664
23790
23530
23676
23697
23704
23321
23729
23609
23562
23064
22676
22356
21970
22157
22028
22105
22443
22539
22511
22635
22985
22859
23162
22879
22613
22799
22587
22630
22600
22493
22530
22581
22147
22180
22486
22339
22216
22123
22082
22200
22177
22045
22064
22234
22012
21999
21685
21576
21412
21331
21254
21188
21304
21487
21369
21349
21186
21533
21248
21236
21536
21168
21175
21508
21124
21106
20922
21037
20935
20792
21184
21300
20980
20777
21158
20772
20633
20749
20157
20792
20731
20482
20516
20486
20395
20409
20166
20426
20267
20158
20450
20367
20228
20357
20068
19778
19900
20020
19898
19871
20108
19899
19833
19705
19705
19572
19674
19821
19741
19565
19554
19326
19407
19845
19284
19561
19332
19479
19355
18973
19068
19414
19369
19179
18890
19247
18760
19146
18971
19028
18709
18944
18697
18547
18202
18548
17874
18233
17968
18077
18000
18315
18330
18148
18221
18441
18329
18454
18268
18017
18101
17994
18129
18154
18246
17931
17730
18250
18011
17988
17924
18007
17911
17636
17938
17608
17306
17549
17664
17347
17451
17424
17389
17257
17159
17348
17254
17396
17371
17406
17017
16818
17341
17162
17259
17244
17115
17195
16972
16690
16926
16888
16896
16828
16724
17042
16825
17012
17130
16795
16760
16605
16990
16635
16711
16328
16314
16603
16405
16348
16437
16234
16164
16244
16179
16230
16215
16222
16277
16284
16083
16435
16302
16161
16202
16162
16262
15644
15931
15788
15908
16139
15738
15771
15706
15545
15693
15835
15954
15746
15658
15451
15728
15663
15513
15661
15478
15544
15476
15576
15797
15602
15151
15534
15387
15294
15499
15397
15416
15323
15576
15458
15513
15137
15222
15158
15241
15290
15147
15157
15172
15212
15570
15149
15272
15065
14916
14940
14789
15242
15133
15222
14973
14707
14802
15097
14898
14937
14813
15140
14960
14671
14742
14914
14803
14629
15131
14752
14778
14836
14694
14898
14809
15004
14635
14905
14710
14658
14596
14982
14850
14546
14671
14817
14830
14876
14547
14797
14677
14603
14577
14684
14554
14803
14386
14608
14472
14736
14669
14781
14625
14614
14779
14948
14771
14556
14700
14824
14637
14707
14592
14856
14805
14672
14512
14269
14885
14618
14721
14619
14749
14779
14667
14480
14651
14649
14716
14459
14531
14648
14364
14952
14710
14951
14631
14472
14639
14724
14697
14731
14666
14385
14693
14718
14688
14457
14428
14357
14588
14678
14693
15033
14693
14586
14831
14808
14988
14827
14829
14829
15012
14741
14964
14848
14766
15033
14907
14936
14908
15012
14849
14951
15062
15196
14858
15048
14827
15023
14994
15110
15334
15163
15160
14923
15231
14982
15400
15366
15228
15182
15322
15263
15392
15056
15338
15181
15388
15413
15270
15182
15428
15215
15204
15226
15653
15492
15644
15130
15172
15291
15399
15127
15144
15338
15631
15576
15616
15628
15652
15674
15616
15417
15492
15602
15492
15598
15720
15573
15739
15701
15488
15581
15658
15506
15636
15763
15504
15830
15913
16289
16247
16172
16254
16620
16598
16543
16242
16467
15904
16431
16596
16684
16396
16646
16571
16608
16738
16962
17097
16898
16675
16900
16712
17019
16927
17002
16961
17260
16965
17284
17098
17282
17212
17292
17310
17575
17419
17141
17537
17450
17369
17380
17510
17542
17843
17494
17664
17604
17458
17844
17428
17457
17754
17674
17764
17738
17641
17643
17665
17688
17558
17590
17520
17484
17613
17522
17526
17613
18310
18249
17996
18269
18082
18292
18740
18332
18240
18157
17704
18521
18237
18471
18777
18670
18726
18766
18603
18773
18612
18519
18884
18905
18775
18922
19006
18950
19132
18916
19005
19359
19099
18688
19008
19162
19195
19137
19261
19043
19366
19536
19310
18872
19194
19416
19313
18930
18990
18974
19236
19340
19383
19801
19641
19423
19444
19771
19657
19630
19883
19727
19923
20137
19533
20136
20280
19686
19920
19731
20096
19782
19704
19996
19859
20215
19999
20250
19956
19943
20256
20147
19985
19861
20620
20102
20526
20315
19844
20220
20440
20591
20024
20358
20172
20211
20183
20165
20236
20345
20280
20053
20223
20262
20155
20226
20179
20389
20594
20387
19826
20138
20052
20041
19946
20092
19851
19290
19559
19757
20042
20347
20485
20356
20776
20464
20776
20452
20538
20292
20388
20966
20737
20237
20746
20437
20233
20585
20439
20696
20365
20346
20587
20506
20683
20185
20436
20528
20315
20493
20489
20622
20618
20303
20358
20381
20857
20789
20405
20244
20443
20541
20312
20549
20397
20420
20553
20558
20419
20546
20462
20316
20465
20412
20198
20314
20368
20336
20725
20522
20076
20564
20425
20275
20410
20182
20584
20374
20157
20490
20274
20176
20061
20343
20100
20248
20234
19973
19896
20084
20070
20212
20114
20092
19858
19894
19957
19801
19764
19932
19781
19596
19734
19691
19591
20019
19847
19663
19742
19704
19612
19584
19494
19663
19892
19494
19722
19638
19489
19740
19586
19005
19376
19481
19310
19485
19115
19249
19164
19200
19150
19034
19001
19158
19561
19144
19054
19343
19102
19290
19022
18743
18488
18600
18792
18644
18869
18539
18592
18457
18508
18765
18613
18322
18362
18506
18540
18433
18485
18196
18348
18367
18249
18499
18075
18328
18126
18147
18070
18183
18072
18081
17693
18013
17544
17780
17389
17712
17509
17558
17405
17450
17410
17572
17555
17240
17325
17160
17204
17355
17180
17219
17048
17060
17126
16874
16847
16796
16842
16772
16424
16525
16350
16540
16444
16512
16473
16632
16406
16325
16300
16048
16066
16408
15944
15908
16144
16065
15822
15959
15787
15666
15816
15704
15553
15809
15427
15400
15543
15201
15446
15453
15182
15247
15266
15293
14928
14864
14771
14964
14780
14629
14684
14824
14628
14539
14604
14547
14492
14452
14285
14284
14176
14145
13868
13894
13678
13581
13766
13702
13662
13750
13414
13589
13456
13550
13709
13479
13642
13386
13365
12858
12575
12198
12072
12241
12207
12288
12474
12757
12814
12724
12549
12352
12437
12531
12593
12406
12167
12137
11990
12214
12091
11821
11610
11623
11675
11416
11364
11503
11390
11426
11447
10944
11177
11338
11167
11027
11142
10848
10686
11112
10703
10530
10698
10523
10357
10627
10381
10290
10189
10260
10338
9896
10184
10187
9998
9970
9741
9916
9839
9605
9567
9461
9475
9541
9531
9344
9240
9278
9256
9002
8998
8999
9229
8820
8876
8850
8557
8780
8710
8744
8623
8496
8471
8446
8340
8432
8250
8078
8196
8042
7981
7946
7966
7841
7961
7816
7738
7595
7789
7676
7517
7691
7506
7479
7568
7458
7268
7346
7284
7306
7114
7107
7120
7157
7038
6874
6889
6851
6789
6676
6847
6817
6925
6724
6689
6610
6651
6612
6459
6409
6392
6552
6266
6381
6309
6275
6200
6266
6233
5918
6068
6159
6025
5871
5805
5962
5754
6155
5726
5764
5940
5823
5681
5546
5606
5650
5590
5525
5633
5602
5520
5504
5541
5296
5476
5536
5206
5214
5135
5039
5102
5037
4986
5049
5221
5076
4925
4967
4981
5233
4944
4992
5180
5149
4887
4828
4991
5012
5053
4780
4892
4954
4750
4909
4685
4765
4704
4810
4632
4696
4565
4792
4658
4608
4596
4699
4645
4648
4628
4517
4643
4497
4533
4482
4437
4572
4547
4488
4481
4456
4396
4497
4415
4524
4406
4492
4415
4453
4121
4335
4243
4322
4156
4183
4396
4370
4243
4259
4218
4124
4203
4347
4181
3992
4135
4077
4112
4077
4021
4216
4099
4113
4127
4108
4150
4083
4020
4067
4099
4027
