5178
5155
5202
5125
5304
5352
5208
5106
5232
5122
5319
5129
5094
5140
5261
5269
5274
5130
5177
5358
5252
5273
5145
5303
5268
5410
5295
5186
5246
5322
5501
5281
5274
5361
5185
5266
5223
5236
5263
5481
5285
5501
5402
5476
5421
5422
5423
5498
5462
5388
5449
5492
5417
5259
5271
5480
5403
5195
5430
5468
5423
5383
5530
5443
5416
5477
5665
5490
5391
5460
5499
5376
5582
5673
5693
5600
5603
5734
5546
5628
5738
5571
5659
5812
5598
5760
5766
5672
5517
5650
5621
5760
5690
5688
5636
5714
5749
5826
5840
5670
5755
5834
5892
5847
5855
5854
5828
5988
5821
5901
5671
5816
5804
5751
5935
5779
5852
5929
6099
5907
5942
5934
5954
5912
5976
6078
6141
5803
5815
6112
5956
6112
5840
5975
5945
5960
6060
6145
6210
6044
6076
6143
6031
5955
6009
6063
6215
6126
6160
6124
5922
6079
6145
5828
5995
6164
6188
6150
6148
6028
6307
6251
6238
6362
6147
6284
6272
6318
6396
6170
6153
6244
6229
6305
6237
6256
6341
6394
6285
6295
6480
6566
6317
6343
6369
6383
6412
6535
6438
6446
6404
6425
6414
6627
6464
6397
6292
6447
6284
6602
6521
6592
6759
6523
6543
6517
6502
6692
6453
6532
6392
6607
6524
6701
6488
6668
6486
6607
6743
6631
6826
6574
6788
6687
6639
6666
6585
6826
6638
6703
6690
6801
6918
6912
6914
7050
6658
6818
6811
6829
6804
6780
6644
6891
6861
6886
6878
6884
6962
6876
7084
6991
6975
6879
7199
7068
7163
6898
7100
7080
6915
6982
6949
7118
7041
7206
7077
7063
7051
7249
7104
7301
7316
7161
7180
7416
7119
6982
7116
7169
7159
7286
7308
7180
7174
7251
7260
7346
7283
7329
7265
7096
7311
7207
7365
7405
7418
7490
7583
7360
7544
7424
7503
7522
7381
7456
7469
7304
7397
7381
7593
7524
7604
7475
7429
7401
7699
7756
7411
7718
7482
7483
7693
7592
7752
7445
7555
7580
7956
7561
7639
7560
7694
7513
7731
7732
7787
7713
7874
7748
7956
7860
7654
7675
7704
7865
7604
7743
7733
7744
7784
7756
7892
7686
7854
8024
7688
7885
7899
7927
7781
7865
7869
7797
8011
7830
8032
8058
8112
8041
7884
7965
8138
8197
7905
8065
8095
8239
8050
8247
8060
8110
8009
8120
8136
7997
8266
8293
8152
8256
8300
8358
8390
8468
8211
8288
8287
8253
8509
8340
8446
8304
8472
8506
8359
8488
8622
8517
8404
8475
8398
8374
8770
8401
8557
8624
8788
8682
8589
8716
8708
8584
8663
8802
8657
8873
8629
8680
8642
8809
8841
8890
8757
8898
8846
8800
8662
8941
8909
8970
8966
9008
8749
8943
9007
8852
9193
8844
9123
8969
8936
9035
9149
8974
9199
9046
8977
8982
9349
9185
9066
8996
8958
9353
9092
9113
9264
8856
9250
9090
9244
9255
9344
9251
9378
9514
9456
9164
9482
9398
9435
9392
9496
9444
9472
9523
9519
9415
9444
9303
9681
9417
9569
9508
9492
9647
9618
9736
9605
9632
9655
9590
9626
9492
9712
9850
9702
9573
9745
9663
9504
9684
9888
9566
9758
9892
9874
9822
9817
9733
9924
9918
9812
9954
9920
9944
10021
10226
9754
10060
9922
10011
10175
10065
9983
10153
10001
10118
10178
10217
10257
10223
9768
10185
10227
10032
9973
10202
10230
10290
10275
10187
10421
10424
10195
10300
10418
10335
10543
10578
10325
10248
10584
10397
10181
10385
10443
10388
10628
10484
10347
10498
10376
10560
10326
10903
10645
10670
10666
10682
10690
10858
10761
10749
10799
10662
10722
10955
10776
10902
10560
10790
10662
10747
10904
10989
11009
11009
10875
11209
10777
10957
11048
11046
10989
11105
11116
11075
11100
10943
11050
11108
10973
11117
11199
11352
11116
11367
11237
10985
11172
11356
11078
11192
10971
10873
10638
11307
10845
10919
10813
10922
10849
11016
11139
11141
11378
11190
11497
11498
11316
11415
11403
11452
11556
11508
11706
11620
11706
11775
11714
11592
11749
11886
11615
11678
11898
11857
11772
11697
11715
11879
11785
11710
11910
11960
11860
11768
11968
11813
12090
11741
12012
11961
11854
11853
12053
11749
11757
12203
11904
12192
12130
12156
12189
12117
12316
12192
12314
12388
12205
12512
12320
12300
12495
12420
12327
12348
12246
12287
12134
12181
12153
12288
12324
11935
12402
12751
12641
12656
12731
12506
12747
12514
12706
12666
12665
12883
12633
13008
13028
12973
13024
12785
13066
13294
12900
13233
12934
12806
13178
12968
12924
12723
12903
13136
13103
12921
13092
13124
12906
13202
13140
13218
13244
13145
13399
13046
13480
13218
13540
13529
13472
13479
13374
13314
13501
13357
13623
13623
13600
13742
13588
13373
13452
13433
13517
13524
13394
13803
13550
13664
13888
14060
13910
13818
13828
13817
13744
13656
13877
13929
13899
13945
13912
13954
13913
13962
13807
13751
14187
14221
14130
14207
14053
13940
14282
13946
14087
14097
14392
14238
14376
14330
14361
14254
14371
14357
14217
14613
14488
14562
14664
14644
14653
14654
14894
14730
14482
14453
14693
14640
14625
15003
14592
15091
14784
14628
14852
14784
14619
14844
14939
14656
14737
14808
15215
14853
15032
14877
14900
15138
15021
15433
14873
14986
14877
15294
15061
15284
15161
15167
15161
15094
15315
15714
15506
15560
15531
15629
15691
15545
15398
15334
15412
15803
15883
15426
15553
15754
15764
15760
15746
15990
15772
15632
15862
15733
15744
15819
15654
15912
15798
15854
16102
15968
15738
16002
15766
15675
15498
15610
15808
16025
15830
15762
16164
16109
16296
16195
16157
16308
16315
16424
16392
16699
16732
16516
16271
16340
16516
16492
16485
16712
16806
16411
16569
16620
16665
16749
16525
16598
16943
16790
16998
16853
16924
16685
16757
16634
16926
16522
16871
16846
16906
17053
16896
17046
16925
17066
17326
17105
17265
17274
17334
16970
17196
17050
16940
16806
17259
17106
17370
17180
17256
17506
17114
17306
17177
17410
17420
17554
17659
17706
17460
17612
17373
17604
17814
17668
17509
17624
17840
17488
17695
17991
17514
17834
18084
17612
17722
17970
18159
17915
17836
17948
17788
18002
18372
17894
18002
18400
18327
18138
18218
18144
18350
18207
18375
18299
18058
18274
18545
18430
18200
18012
18279
18188
18584
18269
18311
18660
18468
18701
18377
18502
18745
18580
18712
18736
18612
18845
18834
18820
18608
18885
19087
18601
18964
18906
18782
18378
18722
18783
18601
18644
18639
18842
18432
18813
18906
19133
19295
18837
19315
19417
19472
19524
19389
19639
19369
19499
19791
19755
19616
19375
19468
19375
19277
19397
19703
19900
19342
19465
19630
19425
19584
19338
19695
19324
19215
19165
19256
19502
19706
19301
19320
19348
19357
19530
19914
19778
20358
20064
20431
20204
20408
20358
20348
20168
20285
20246
19999
19819
19381
18952
18668
18315
17929
17540
17493
16697
16152
15869
15972
16472
17058
17490
17916
18489
19257
19854
20552
21033
20896
20980
21283
21120
21879
21429
21463
21336
21255
20955
20845
21207
21045
20905
20680
20930
21099
21380
21093
20886
21014
21120
21144
21263
20836
20926
20825
20497
20739
21197
21041
21190
21678
21428
21505
21872
21744
21833
21978
21858
21439
21610
21821
21620
21994
22148
21471
21668
21604
21580
21662
22012
21842
21796
21938
21864
21874
22081
21798
22093
22100
22100
22068
22139
21952
22178
21937
22232
22436
22247
22128
22210
22453
22150
22073
22453
22279
22560
22513
22370
22438
22390
22120
22129
22373
22692
22303
22356
22661
22646
22554
22454
22664
22633
22660
22511
22907
22514
22808
23052
22411
22944
22820
22832
23065
22990
23002
23168
23421
23178
23442
23639
23181
23272
23416
23568
23828
23393
23649
23761
23863
23499
23516
23857
23625
23690
23556
24015
24000
23734
24418
23954
24468
24136
24282
24020
23908
23504
23253
22908
23074
23064
22884
22569
22477
22495
22906
22979
23674
23952
24038
24603
24268
24508
24209
24349
24122
24757
24700
24504
24474
24469
24702
24637
24456
24846
24572
24655
24772
24870
24471
24458
24806
24804
24868
24683
24892
25080
24862
24725
25371
24891
24776
25423
24710
25251
25028
24779
25334
25340
24776
25228
25202
25260
25011
25624
25431
25362
25546
25332
25334
25814
25857
25326
25351
25450
25993
25636
25563
25959
26038
25738
25805
25578
25566
25608
25960
26200
25856
25819
26226
26180
25868
25828
26012
26061
26120
25793
25984
26168
25901
26101
26260
26201
26349
26070
26427
26733
26250
26522
26681
26116
26569
26376
26762
26485
26866
26607
26397
26456
27156
26381
26871
27046
26792
26704
26418
26714
26705
27377
26692
26955
27003
27260
27029
27221
26921
27035
27512
27065
27208
27289
27252
27164
27275
27308
27276
27876
27051
27682
27384
27654
27533
27519
27863
27936
27855
27760
27829
27896
27933
28192
27645
27737
27841
27885
28139
28070
27750
27896
27918
28171
28362
28052
28283
28434
28413
28198
28426
27937
28301
28210
28026
28231
28236
28228
28279
28411
28500
28212
28239
28573
28509
28414
28314
28259
28300
28642
28520
28378
28604
28698
28844
28695
28300
28776
29097
28450
28662
28149
27840
28379
28335
28646
28117
28425
28376
28733
28436
28650
29228
28762
28783
29124
29099
29184
28760
29341
29255
29173
29230
29470
29304
29397
29624
29220
29175
28929
29490
29462
29204
29277
29435
29618
29700
29117
29424
29580
29462
29513
29812
29584
29372
29754
29652
29636
29754
29448
29612
30104
30024
29724
30117
29801
29824
30127
30251
30056
30405
30029
30118
29872
30218
30557
29732
30172
30249
29998
30053
30366
30115
30126
30301
30317
30640
30092
30788
30375
30447
30191
30614
30658
30525
30804
30825
30269
30481
31108
30602
30551
30471
30756
30700
30811
30936
30976
30713
30644
31020
30924
30730
31124
30501
30806
30905
31060
30840
30682
31165
31396
31077
31186
30869
30976
31042
30976
30978
31224
31134
31032
31114
31037
31122
31318
31143
31029
31302
31204
31460
31460
31227
31543
31608
31524
31284
31646
31257
31789
31451
31184
31786
31924
31762
31721
31802
31636
31549
31309
31872
31550
31865
31846
31797
31780
31808
32068
32122
32212
32019
32243
32128
32140
32104
32313
32346
32136
32676
32164
32109
32086
32495
32221
31932
32153
32422
32349
32747
32328
32308
32166
32288
32628
32442
32372
32712
32610
32854
32484
32874
32541
32762
32733
32626
32627
32454
33165
32660
32652
32653
32916
32725
32868
33083
32779
32717
32770
32908
32765
32812
32812
32606
32909
32676
32320
32037
32017
32443
31845
32046
32328
31844
32032
31972
32474
32612
33074
33257
33002
33461
33384
33379
33140
33451
32900
33383
33158
33130
33124
33146
33144
33144
33484
33498
33142
33221
33083
33428
33032
33327
33710
33300
33131
33146
33461
33252
33344
33580
33376
33177
33332
33382
33330
33421
33608
33154
33323
33419
33885
33627
33673
33339
33901
33368
33522
33333
33314
33559
33956
33639
33757
33362
33426
33568
33875
33996
33924
33698
33797
33684
33934
33768
33889
34048
33863
34238
33926
33877
33935
34025
33984
33856
33604
34014
33824
34405
34204
34082
33732
33832
34097
34072
34137
34223
34186
34056
34094
33989
33878
34221
34218
34316
34136
34100
34524
34292
34524
34356
34484
34578
34575
34290
34555
34386
34030
34196
33891
34309
33928
34282
34328
34133
34497
34310
34077
34680
34292
34136
34233
34645
34970
34795
34378
34729
34655
34544
34426
34790
34296
34802
34730
34567
34536
34718
34826
34776
35024
34868
34516
35041
34781
34432
34436
35020
34701
34828
35028
35234
34908
35272
35162
34788
35307
34695
34797
34644
34933
35013
35162
35008
34954
35252
34692
35355
34964
34598
34869
35176
34886
34954
35294
35029
35355
34973
35072
34820
35154
34917
35380
35072
35084
34721
35047
35181
34926
34704
35011
35156
35151
35093
35072
35209
34950
35392
35212
35318
35148
34933
34916
34981
35044
35044
34944
35061
35013
35615
34970
35336
35284
35434
35194
34887
34758
34799
35370
34849
34698
34749
34717
34756
34807
34965
35240
35380
35506
34924
35117
35408
35456
35604
35268
35482
35164
34988
35379
35085
35222
35227
34994
35205
35077
35008
35252
35259
35226
35186
35124
35508
35034
35204
35306
35168
35461
35265
35163
34900
35093
35340
35284
35236
35086
35428
35540
35508
35012
34842
35594
35540
35221
35692
35660
35164
35606
35476
35630
35621
35732
35226
35151
35414
34845
35256
34900
35604
35434
35218
35338
35426
34875
35149
34944
34957
34964
34948
34791
35052
34988
34829
35428
35005
34980
34861
34829
35176
35158
35035
35286
35213
35368
35387
34996
35624
35224
35302
35208
35124
35083
34798
34834
34844
34794
34527
34404
34394
34450
34261
34190
34335
34284
34523
34660
34080
34315
34529
34757
34749
35176
35085
34819
35396
35094
34880
35340
35252
35108
35029
35132
34896
34725
34952
34872
34880
34600
34568
35252
35004
34612
35430
34738
35273
35212
34816
35084
34885
35128
34825
35008
35117
34750
34830
34923
34728
34677
34840
34944
34735
34504
35028
34804
34880
35042
34810
34659
34733
34450
34488
34358
34432
34759
34676
34820
34434
34202
34444
34687
34283
34496
34532
34580
34106
34604
34080
34506
34196
34205
34237
34187
33842
34404
34538
34564
33901
34455
34406
34274
34322
34026
34225
34420
34136
34714
33925
34372
34162
33932
34254
34442
34165
34077
33942
33956
33768
34024
34132
33973
34117
33604
33773
33984
33899
33656
33754
33668
33908
34234
34127
33828
33985
33770
33946
33563
33655
33606
33902
33410
33672
33768
33408
33286
33768
33485
33620
33463
33339
33994
33092
33336
33298
33732
33620
33422
32916
33416
33682
33308
32928
33390
33221
33240
33215
32832
33322
33076
33494
33223
32799
33672
33253
33288
33268
33056
33204
32900
33184
33024
32835
33432
33010
32920
32388
32953
32468
32984
33108
32712
32950
32842
32929
33094
32916
32954
33070
32960
32583
32644
32410
32703
32437
32370
32479
32507
32166
32090
32472
32644
32377
32386
32510
32493
32100
32315
32462
32339
32140
32180
32188
32262
31649
31953
31800
32013
31921
32249
32323
31947
31769
32126
31919
31693
31989
31652
31724
32172
31833
31508
31796
31434
31524
31818
31709
31614
31354
31685
31026
31362
31821
31933
31668
31217
31106
31191
31254
31437
31265
30930
31009
31313
31133
31240
30990
30888
31285
31097
30738
30836
30557
30418
30488
30428
30208
30128
29908
30038
29927
30226
30082
29958
30416
30298
30571
30255
30258
30149
30252
30322
30212
30590
30218
30440
30372
30063
30158
30464
30340
30114
29734
29787
30084
29636
29988
29824
30056
29766
29697
29853
29494
29673
29617
29743
29268
29114
29509
29402
29646
29358
29431
29529
29025
29428
29313
29220
28739
29184
29072
29060
28921
28776
28967
28626
29006
29057
28836
29029
29433
28380
28698
28340
28613
28492
28794
28541
28428
28783
28648
28180
28605
28122
28301
28125
28184
28203
28202
28183
28291
28254
27787
28151
28183
28204
27812
27695
28072
27972
27913
27896
28208
27606
27533
27501
27146
27538
27120
27154
27172
27370
27077
26977
27181
27207
27159
26885
27142
26779
26666
26543
26340
26600
26517
26760
26455
26852
26795
26574
26857
26620
26794
26678
27072
26635
26835
26762
26488
26452
26426
26587
26376
26512
26357
26160
26088
26230
26240
26536
25872
25985
25557
25332
25096
24620
25172
25060
25088
25115
25152
24949
25425
25427
25357
25503
25534
25478
25492
25679
25490
25261
25458
25241
25259
25153
25300
25140
24956
25034
25060
24864
25132
25016
25221
24634
24867
24619
24682
24667
24162
24519
24718
24621
24211
23986
24532
24579
24187
24306
24377
24278
24080
24314
24493
24085
24352
24261
24243
24236
23634
23670
22959
22908
22742
22584
22710
22738
22890
23334
23114
23458
23596
23380
23643
23163
23172
23386
23480
23156
23676
23260
23189
23021
22917
22818
23085
23040
23228
22861
23074
22900
22514
22720
22761
22656
22460
22289
22702
22144
22118
21844
22063
22068
22189
22064
21821
21848
21937
22160
22180
21800
21770
21880
21935
21986
21857
21956
21542
21673
21781
21802
21613
21339
21403
21484
21480
21277
21225
21030
21369
20956
21350
21025
21176
21010
21022
20768
20872
21083
20676
20696
20824
20940
20519
20760
20736
20626
20481
20794
20420
20422
20441
20198
20568
20548
20351
20109
20206
20148
20322
19812
20076
20010
19720
20085
20161
19997
19450
19996
19636
19675
19901
19826
19866
19442
19648
19484
19584
19572
19650
19635
19512
19464
19504
19008
18970
18621
18317
18636
18479
18679
18676
18726
18642
18808
18806
18484
18861
19099
18581
18560
18738
18370
18407
18664
18420
18399
18477
18317
18381
18291
18207
18255
18076
17960
18008
18296
18184
18068
17822
17794
17808
17966
17927
17620
17963
17833
17851
17607
17447
17455
17480
17747
17646
17688
18018
17381
17540
17343
17493
17410
17584
17028
17373
17669
17080
17165
17320
17065
17176
16968
17188
17179
17174
16906
17339
17109
17048
16826
16854
16640
16596
16865
16716
16658
16715
16482
16697
16743
16859
16733
16503
16452
16667
16686
16171
16347
16392
16477
16206
16381
16426
16516
16370
16127
16260
16002
16170
16228
16114
16244
15930
15884
16156
15828
15573
15738
15944
15728
15943
15887
15919
15707
15825
15948
15849
15742
15859
15553
15654
15800
15538
15517
15467
15425
15540
15491
15488
15195
15517
15497
15363
15501
15675
15322
15441
15412
15052
15376
14866
15210
15432
15275
15168
15205
15026
15129
15130
15007
15382
15101
15276
15123
15342
15218
15080
15252
15065
14770
14907
15328
14842
14913
14872
14994
15221
14834
15052
14882
14831
14959
14876
14691
15055
14785
14789
14788
14567
14661
14680
14142
14482
14666
14602
14808
14489
14572
14708
14434
14736
14538
14848
14557
14596
14633
14573
14376
14482
14362
14486
14764
14500
14457
14517
14425
14441
14389
14451
14739
14645
14330
14620
14500
14570
14524
14356
14240
14342
14418
14514
14330
14511
14219
14448
14412
14296
14494
14333
14325
14621
14645
14501
14517
14382
14312
14305
14642
14397
14342
14332
14299
14175
14475
14425
14333
14466
14334
14544
14361
14501
14519
14624
14264
14445
14556
14326
14540
14546
14530
14646
14528
14523
14596
14750
14604
14474
14488
14552
14559
14410
14540
14519
14948
14503
14460
14741
14604
14527
14770
14715
14592
14304
14747
14598
14778
14640
14791
14701
14685
14778
14540
14905
14665
14787
14673
14703
14804
14571
14512
14493
14441
14838
14876
14770
14789
14469
14845
14925
14861
15066
14741
14978
14977
14904
14769
14978
14478
14531
14895
14998
14822
14808
14856
14835
14986
14808
14918
14746
14865
15292
15060
15154
15314
15198
15511
15231
15458
15418
15386
15386
15321
15274
15468
15703
15387
15431
15534
15497
15593
15616
15663
15661
15717
15485
15530
15796
15716
15616
15607
15685
15685
15860
15759
15819
15983
16095
15817
15941
16065
15988
16182
15849
16175
15900
16003
16289
16278
16098
16283
15979
16418
16456
16227
16394
16216
16182
16252
16248
16357
16160
16089
16140
16192
16223
16253
15895
16070
16177
16536
16173
16466
16656
16381
16595
16842
16621
16642
16738
16596
16693
16459
16929
16879
16944
16904
16985
17059
17266
16878
16818
16728
16970
17172
17110
17210
16868
16920
17010
16965
17208
17126
16957
16941
17008
17114
16904
17152
17258
17133
17208
17271
17271
17198
17041
17213
17104
17099
17048
17141
17199
17153
17617
17649
17319
17435
17377
17373
17419
17389
17592
17566
17720
18072
17582
17380
17518
17675
17490
17641
17717
17530
17853
17786
17699
17562
17795
17720
17865
17928
17516
17889
17580
17688
17645
17797
17724
17664
17780
17788
18271
17823
17936
17952
17867
17975
17861
17658
17786
17838
17915
18030
17902
17929
17435
17986
18129
18043
18048
18050
17998
17844
17840
17760
17400
17690
17707
17540
17090
17446
17818
17884
18185
18185
17930
18266
18438
18367
18563
18154
17788
18242
18325
18210
18233
18240
18390
18168
18288
18378
18221
18057
17945
18029
18125
18149
18460
18101
17988
18025
18217
17868
18027
18255
18048
17926
18157
18120
18312
18270
18297
18190
18512
18284
18349
18245
18110
18137
18122
17981
18169
18625
18167
18238
18014
18282
18210
18097
17976
17956
18246
18313
18269
18311
17947
17989
18020
18027
17869
18130
17992
17881
17956
18364
17863
18032
18058
17621
18084
18089
18020
17988
17972
17608
17796
18041
18100
17848
18018
17810
17664
17792
17504
17684
17716
17835
17757
17786
17717
17640
17530
17474
17729
17756
17520
17626
17388
17519
17611
17222
17669
17519
17632
17569
17676
17485
17520
17381
17508
17420
17213
17368
17368
17296
17133
17104
17181
17128
16914
17101
16802
16922
16623
16889
16680
16907
17053
16856
16735
16693
16884
16788
17003
16830
16778
16566
16791
16612
16601
16537
16640
16160
16445
16615
16548
16373
16274
16520
16424
16443
16131
16522
16380
16113
16054
16078
15979
16158
16057
15920
15766
16154
15784
15733
15645
16072
16041
15830
15902
15782
15780
15533
15338
15575
15400
15260
15470
15444
15464
15372
15565
15259
15400
15271
15263
15040
15065
15203
15104
15164
14730
14678
14804
14856
14738
14835
14728
14451
14737
14885
14734
14812
14432
14584
14882
14290
14593
14424
14702
14265
14354
14252
14138
14209
14007
13969
13573
13874
14089
13652
13824
13814
13560
13738
13901
13673
13668
13562
13414
13642
13596
13395
13176
13279
12965
12907
12867
13069
13044
13098
12901
13110
12818
13025
12701
12766
12779
12767
12788
12604
12525
12012
11928
11730
11592
11384
11576
11632
11980
12209
11966
11909
11899
11969
11812
11833
11588
11565
11601
11814
11674
11708
11373
11385
11216
10970
11226
10957
11096
11106
10845
11069
11068
10777
10997
10718
10740
10853
10586
10477
10563
10491
10310
10266
10227
10034
10235
10196
9763
9952
10102
9960
9990
9855
9750
9436
9642
9520
9300
9522
9378
9445
9306
9240
9321
9163
9110
9217
8930
8847
8751
8923
8834
8677
8736
8732
8476
8706
8686
8543
8484
8533
8272
8343
8308
8102
8172
8248
8038
7977
8022
7922
7977
7845
7730
7589
7850
7585
7589
7509
7620
7462
7421
7463
7508
7229
7213
7244
7178
7194
7073
6885
7076
6840
7139
6821
6804
6797
6847
6935
6754
6511
6555
6589
6535
6282
6417
6351
6417
6346
6419
6358
6220
6198
6217
6092
6070
6139
5904
6009
5933
5869
5941
5930
5892
5665
5727
5904
5807
5764
5618
5740
5547
5453
5592
5589
5604
5632
5473
5555
5236
5334
5263
5451
5341
5204
5291
5216
4933
5094
5056
4916
4933
4897
4932
4992
5051
5036
4968
4931
4809
4862
4988
4929
4693
4814
4770
4637
4743
4736
4607
4691
4776
4515
4623
4681
4593
4697
4554
4568
4639
4537
4573
4484
4498
4463
4557
4400
4512
4462
4447
4363
4496
4298
4387
4368
4270
4262
4405
4096
4352
4225
4263
4150
4151
4270
4179
4221
4164
4144
4052
4215
4083
4166
4085
4145
4106
4144
3959
3999
4028
4010
3881
3908
3989
3935
3997
3935
3944
3919
3840
3777
3794
3911
3819
3749
3863
3858
3915
3809
3869
3724
