5350
5271
5241
5248
5330
5397
5277
5218
5346
5194
5338
5188
5153
5231
5281
5250
5321
5197
5239
5389
5184
5365
5210
5272
5355
5441
5436
5424
5370
5282
5339
5421
5450
5398
5387
5436
5386
5437
5424
5567
5430
5544
5450
5333
5757
5500
5634
5512
5481
5504
5468
5616
5568
5509
5470
5601
5608
5568
5413
5522
5437
5527
5574
5598
5530
5502
5530
5411
5671
5681
5690
5573
5510
5599
5540
5719
5588
5598
5829
5754
5944
5661
5940
5745
5691
5834
5704
5691
5829
5766
5807
5986
5684
5919
5832
5891
5689
6179
5754
5681
5888
5824
5978
5840
5926
5842
5840
5878
5871
5804
5900
5930
5983
6096
6079
5852
5882
6072
5972
5895
5934
5917
5858
6011
6116
6052
6170
6061
6001
6063
6144
6000
6132
6027
6144
6160
6034
6210
6264
5838
6170
6274
6191
6183
6412
6274
6293
6184
6100
6252
6131
6308
6248
6114
6125
6163
6216
6395
6340
6243
6337
6301
6233
6623
6251
6361
6308
6372
6355
6261
6294
6394
6232
6387
6269
6340
6509
6470
6419
6576
6378
6367
6379
6406
6485
6311
6355
6517
6597
6469
6439
6381
6398
6528
6517
6423
6525
6606
6502
6602
6605
6581
6622
6708
6598
6657
6592
6711
6576
6771
6542
6642
6634
6719
6692
6844
6798
6819
6695
6813
6787
6732
6864
6731
6904
6845
6761
6716
6794
6988
6774
6782
6824
7006
6906
6989
6645
6888
7078
6973
7048
6964
6939
7089
6929
6870
6956
7062
7022
7200
7073
7156
7137
6955
7007
7179
6977
6986
7094
7070
7093
7209
7022
7025
6836
7214
7156
7078
7155
7184
7371
7405
7174
7308
7397
7385
7360
7176
7235
7338
7347
7305
7266
7161
7175
7277
7332
7530
7375
7272
7301
7455
7459
7404
7450
7424
7562
7467
7394
7618
7354
7637
7433
7529
7628
7480
7733
7517
7417
7584
7637
7629
7650
7561
7797
7642
7899
7803
7722
7595
7666
7540
7570
7780
7732
7701
7989
7808
7963
7773
7716
7761
7791
7810
7985
7892
7931
7966
7746
7832
7824
7945
8102
7670
7707
7849
7937
7869
7850
7764
7828
7810
7993
7930
8071
7867
8204
8167
7876
8113
7919
8071
8159
8250
8128
8061
7941
7963
8224
8052
8055
8143
8135
8164
8215
8121
8273
8430
8125
8246
8301
8128
8200
8384
8342
8163
8344
8420
8498
8219
8313
8354
8457
8317
8597
8348
8502
8466
8457
8340
8452
8381
8593
8407
8507
8537
8695
8678
8565
8671
8601
8491
8791
8663
8585
8667
8779
8679
8802
8884
8879
8895
8841
8832
8886
8982
9000
8553
8922
8981
8864
8939
8942
8822
8852
8832
8941
8970
9092
8827
8948
8894
9075
9149
9269
9313
9048
9053
9126
9071
9158
9093
9183
9107
9018
9013
9017
9063
9154
9296
9222
9420
9202
9265
9362
9214
9373
9293
9241
9301
9268
9356
9075
9209
9387
9443
9388
9520
9637
9325
9594
9600
9595
9516
9819
9566
9657
9662
9579
9789
9472
9636
9436
9497
9723
9701
9827
9654
9966
9865
9741
9819
9794
9533
9992
9819
9897
9597
9728
9750
9808
9640
9777
9740
9774
9932
10109
9848
9940
10067
9912
10100
9986
9965
9710
9789
10165
10070
10138
10116
10090
9905
10103
9957
10232
10279
10068
10226
10220
10181
10345
10354
10637
10238
10459
10268
10463
10235
10315
10247
10671
10560
10278
10450
10563
10439
10429
10438
10761
10664
10575
10469
10536
10583
10486
10405
10444
10701
10591
10520
10752
10793
10675
10698
10825
10712
10786
10982
10619
10674
10974
10815
10880
10782
10630
11020
10799
11053
10908
11051
10945
10880
11001
10993
11185
11121
11197
10950
11118
11222
11038
11206
10942
10902
10878
11096
11092
11014
11237
11108
11199
11198
11097
11092
11239
11371
11302
11247
11226
11325
11316
11313
11238
11339
11165
11157
10949
11018
10898
11002
11222
11032
11163
11209
11402
11203
11444
11493
11592
11712
11491
11607
11618
11705
11761
11949
11993
11756
11827
11883
11978
11988
11643
11716
11950
11990
11815
12209
11946
11986
11973
11804
12140
12159
11963
11998
12092
12089
12150
12157
12284
12159
12168
12223
12127
12158
11990
12250
12173
12042
12393
12133
12014
12332
12284
12406
12288
12335
12109
12383
12461
12364
12537
12720
12689
12500
12719
12526
12645
12437
12358
12513
12574
12330
12297
12476
12612
12685
12822
12745
12822
12644
12890
12883
12778
12844
12944
13071
13069
13302
13319
13142
13207
13220
13286
12800
13198
13164
12936
12953
13245
13100
13065
13279
13142
13186
13373
13138
13224
13419
13293
13300
13216
13436
13507
13471
13503
13257
13450
13464
13504
13791
13623
13544
13818
13418
13569
13768
13679
13874
13606
13796
13946
13838
13623
13904
13834
14038
13999
13884
13926
14011
14202
14035
13970
14042
14033
13949
13836
14123
14127
14177
14094
14454
14125
14430
14006
14305
14026
14537
14363
14414
14386
14271
14376
14611
14536
14292
14250
14669
14531
14631
14597
14507
14541
14799
14602
14511
14958
15038
14802
14816
14950
14710
14874
14918
14802
14866
14749
15005
15050
15030
14906
14671
14964
15003
15091
15240
15282
14938
14978
14919
15360
15162
15236
15040
15321
15057
15193
15233
15331
15311
15284
15395
15306
15488
15397
15553
15630
15553
15354
15451
15564
15590
15442
15793
15608
15566
15978
15808
15746
15783
15716
16071
15941
15873
16098
15558
15775
15741
15894
15914
16030
15757
15983
15922
16110
16129
15908
16072
16201
16104
16162
16071
16136
16277
16247
16071
16104
15988
15840
16136
15827
16267
16220
16174
16112
16349
16310
16608
16330
16518
16690
16564
16774
16646
17001
16646
16800
16412
16783
17005
16991
16930
17084
17152
16909
16907
16847
17056
16932
17011
17297
16926
16692
17233
17024
17278
17068
17490
17077
17076
17242
16931
17361
17298
16975
17072
17255
17109
17692
17174
17239
17335
17164
17430
17573
17352
17188
17296
17405
17470
17444
17513
17365
17494
17720
17466
17796
17709
17710
18056
17911
17772
17614
17953
17588
17960
17997
17791
18081
18227
17920
18137
18021
18120
17956
17945
17894
18277
18022
17912
18048
18013
18057
18331
18302
18246
18592
18548
18482
18370
18213
18248
18586
18165
18523
18461
18333
18388
18580
18824
18438
18515
18568
18397
18647
18578
18578
18692
18665
18688
18532
18828
18616
18461
18949
18587
18900
19041
19378
19040
18875
19357
19081
19245
19142
19300
19029
18910
19115
18928
19150
18728
19212
19058
18827
18964
19094
19133
19105
19136
19569
19306
19541
19476
19723
19813
19567
19712
19802
19810
19597
20005
19949
19888
19893
20164
19782
20011
20133
20073
19894
19949
19737
19737
19584
19802
19405
19468
19727
19719
19497
19281
19647
19320
19419
19546
19783
19944
19926
20337
20116
20379
20341
20551
20361
20426
20500
19989
20664
20425
20094
20369
19531
19414
18555
18397
17964
17668
17394
16890
16347
15904
16244
16491
16996
17652
18188
18638
19531
20061
20396
21135
21494
21863
21588
21222
21671
21357
21428
21518
21316
21169
21308
21207
21115
20971
20830
21589
21707
21493
21711
21816
21748
21545
21320
21536
21349
21363
21197
20912
21270
21357
20992
21425
21738
21874
21828
22039
22134
21958
21684
22098
22234
21817
21812
22074
22120
21760
21990
22277
21812
22045
22064
22267
21946
22318
21870
22076
22024
22093
22340
22450
22297
22486
22576
22394
22476
22253
22285
22318
22144
22234
22281
22713
22624
22385
22343
22495
22633
22764
22656
22292
22704
22827
22898
22776
22718
22640
22453
22669
22748
22469
23163
22863
23078
22720
23188
23085
23078
22933
23317
23423
22971
22794
23245
23478
23357
23419
23402
23684
23481
23639
23423
23478
23522
23700
23925
23894
23599
23900
23718
23905
23646
23928
23974
24020
23943
24344
24573
24192
24022
23995
24362
24025
24589
24536
24424
24495
24154
23482
23674
23668
23356
23179
22939
22865
22792
22414
22914
23112
23682
24177
24267
24756
24714
24915
24801
24527
24832
24493
24872
24608
24870
25010
24693
24966
25216
25190
24938
25053
24714
24976
25139
25180
25426
24996
25060
25008
25105
25493
25174
25015
25358
25472
25290
25156
25253
25091
25250
25323
26036
25411
25304
25382
25945
25716
25516
25332
25702
25768
25438
25572
25609
25467
25945
26018
25550
25702
25471
26007
25970
25892
26413
25998
26152
26235
26149
26447
25858
26374
26098
26271
26148
26490
26112
25865
26484
26192
26264
26372
26282
26421
26396
26422
26314
26932
26664
26772
26522
26950
26640
26399
26943
26559
27180
26890
27052
26713
26864
27034
26926
26713
26984
27008
27098
27172
27096
27243
27169
26828
27530
26953
27232
27012
27463
27227
27341
27204
27273
27706
27681
27557
27341
27746
27411
27548
28181
27575
27936
27914
27624
28238
28004
28032
27759
28324
28100
28251
27908
27780
28288
28244
27760
28262
28233
28120
28258
28441
28177
28088
28292
28438
28322
28740
28388
28077
28552
28331
28294
28680
28525
28654
28456
28454
28226
28278
28324
28627
28090
28104
28512
28344
29047
28987
28696
28699
28794
28727
28663
28713
28619
28762
28801
29460
29208
29062
28800
28806
28809
29297
28553
28648
28556
28956
28744
28653
28616
28522
28385
28842
28565
29114
29451
29302
29132
29368
29716
29508
29778
29543
29604
29640
29698
29626
29210
29177
29579
29731
29424
29546
29547
30260
29750
29888
29808
29917
30032
29890
29917
30031
29894
30100
30348
29993
30193
29726
30074
29976
30148
30330
30144
30194
30304
30264
30209
29956
30605
30290
30311
30414
30388
30208
30466
30272
30092
30070
30175
30356
30458
30542
30790
30583
30197
30430
30554
30786
30682
30665
30548
30752
30490
30760
31106
30900
30787
30897
30976
30916
31240
31226
30713
31004
31227
30812
31060
31200
31060
30802
31157
30938
30976
31331
31123
31277
31314
31220
31032
31259
31000
31212
31466
31163
31264
31322
31380
31222
31063
31370
31590
31218
30923
31481
31636
31497
31371
31354
31333
31413
31802
31648
31622
31496
31752
31736
31521
31859
31824
31560
31836
31643
31709
31711
31591
31706
31936
32199
31362
31849
31802
31847
31882
31748
31724
31748
32181
32093
32000
32147
32004
32075
31800
32469
32368
32279
32204
31916
32220
32548
32410
32834
32556
32422
32707
32211
32474
32918
32278
32567
32232
32788
32522
32838
32912
32684
32500
32896
32916
32555
32686
32591
32724
32660
32889
32838
32948
32493
32805
32880
32951
32945
32824
33188
32920
32971
33080
33037
33129
33112
33044
33354
33322
33072
33193
33286
33137
32510
32117
31894
32315
32316
32690
32323
31854
32221
32585
32523
32998
33373
33470
33499
33626
33357
33604
33517
33561
33659
33432
33720
33865
33738
33416
33544
33718
33896
33230
33145
33363
33489
33450
33244
33462
33359
33757
33773
33514
33724
33480
33056
33472
33310
33410
33743
33428
33513
33642
34038
33625
33890
33489
33553
33775
33839
33920
33797
34036
33666
33828
33904
33612
33581
33938
33920
34068
34203
33972
34202
34038
33878
33765
34260
34106
33973
34204
34220
33993
34271
34019
33662
33805
34116
34132
33897
34450
34446
34389
34229
33980
34244
34150
34404
34517
34188
34546
34186
34087
34059
34067
34669
34262
34176
34506
33989
34119
34068
34468
34740
34294
34456
34635
34635
34452
34631
34246
34637
34461
34231
34797
34868
34546
34661
34788
34792
34750
34653
34484
34459
34850
34698
34634
34639
34629
34662
34746
34810
35072
34991
34649
34837
34725
34931
34896
34546
34893
34767
34635
34859
34915
34988
35176
34956
34820
35028
35295
34946
35307
34910
35042
35492
34820
34875
34888
35428
35073
34926
34811
35380
35336
34880
35156
34852
35227
35201
35209
35441
34753
35245
35218
34828
35114
35435
35364
35046
35400
35878
35448
35084
35296
35189
35506
35302
35101
35125
35350
35161
35402
35572
35398
35332
34838
35480
35114
35412
35252
35021
35480
35383
35502
35514
35392
35276
34960
35330
35322
35677
35354
35464
35306
35318
35311
35124
35531
35099
34948
35258
35110
35204
34829
35028
35370
35205
34934
35434
35140
35434
35592
35867
35438
35806
35220
35200
35371
35442
35605
35104
35348
35358
35163
35953
35578
35497
35575
35312
35138
34898
35300
35242
35355
35258
35442
35309
35643
35672
35524
35709
35489
35865
35373
35700
35725
35538
35703
35810
35474
35278
35469
35556
35748
35863
35800
35380
35944
35944
35460
35914
35508
35562
36038
35782
35660
36140
35372
35650
35541
35585
35734
35658
35352
35428
35355
35474
35298
35266
35354
35346
35122
35478
35032
35428
35524
35124
35227
35190
35204
35549
35418
35661
35600
34982
35686
35778
35478
35675
35403
35305
35085
35082
34996
34924
35500
35013
34628
34655
34557
34625
34692
34500
34520
34892
34541
34481
34575
35008
34240
34478
35220
35051
34910
35332
35328
35349
35248
35392
35193
35513
35404
35169
35396
35225
35450
35292
35188
35329
35176
35204
34998
35402
35268
34920
35493
35427
34987
34779
34994
34820
35457
35500
35556
35259
35243
35364
35456
35235
35516
35635
35072
35188
35157
35197
35196
35140
35485
35140
34917
35156
35072
34551
34464
34862
34794
34832
34771
35124
34670
34676
34602
34743
34529
34685
34458
34717
34475
34894
34730
34733
34533
34510
34427
34702
34694
34860
34764
34476
34633
34465
34586
34457
34316
34772
34524
34570
34216
34587
34478
34390
34330
34022
34534
34477
34246
33752
33981
33990
34240
34130
34048
34287
34597
34276
34157
34121
34209
34033
34308
34101
33913
34166
34107
34573
34100
33906
34249
34208
34164
34061
33757
33798
33834
33379
34021
34160
34012
34109
34094
33692
33483
34130
33700
33804
33835
33469
33593
33218
33402
33460
33511
33613
33284
33455
33445
33568
33292
33146
33604
33204
33709
33669
33864
33682
33885
33512
33481
33664
33354
33300
33306
33442
33256
33368
33478
33218
33130
33544
32844
32832
33226
33305
33226
32978
32989
32576
33056
33336
33014
33069
32410
32805
32840
32317
33078
32838
32884
32136
32456
32950
32824
32783
32951
32471
32541
32461
32728
32707
32203
32522
32484
32629
32246
32140
32118
31924
32416
31952
32153
32741
32326
32114
31930
32137
32105
31758
31660
31757
32114
32224
31707
31928
31836
32200
31754
31854
32033
32010
31942
31829
31395
31585
31661
31850
31853
31450
31284
31192
31409
31305
31159
31214
31334
31574
31272
31232
31469
31432
31236
31488
31188
31028
30743
30826
30439
30357
30749
30707
30477
30478
30374
30153
30192
30549
30279
30408
30424
30912
30654
30717
30658
30420
30653
30810
30606
30244
30173
30404
30359
30016
30378
30228
30292
30056
30294
30209
30517
29845
30004
30165
29852
29856
30008
29985
29793
29992
29798
29914
29620
29873
29463
29408
29984
30088
29722
29494
29567
29284
29503
29371
29051
29164
28936
29525
29220
29035
29160
28928
28612
28794
29042
28939
28746
29002
28699
29218
28541
29016
28858
28740
28484
28409
28632
28389
28306
28779
28781
28333
28358
28390
28173
28488
27956
28506
28047
28012
28032
27694
28194
28120
27858
28186
27952
28098
27851
27447
27465
27147
27413
27428
27288
27503
27348
27531
27834
27276
27277
27476
27346
27006
26756
26794
26493
26860
26865
26826
27140
26860
26964
26703
26946
27208
26907
27123
26892
26679
26794
26818
26938
27133
26919
26667
27004
26525
26646
26884
26315
26470
26872
26733
26308
25749
25587
25234
25098
25186
25392
25291
25386
25364
25357
25252
25591
25366
25700
25883
25960
25922
26089
25656
25722
25501
25408
25381
25380
25517
25381
25528
25280
25433
25393
25036
25174
25453
25594
25340
24988
25044
24965
24992
24985
24760
24896
24762
24362
25030
24943
24750
24541
24837
24469
24472
24250
24704
24228
24255
24629
24573
24214
24366
24215
23828
23450
23019
22788
22778
23033
23104
23148
23021
23514
23769
23496
23132
23366
23886
23581
23190
23553
23519
23278
23276
23194
23158
23321
23079
23217
22829
23010
22992
23052
23144
22868
22742
22418
22558
22832
22456
22561
22472
22358
21976
22303
22310
22053
22179
22010
22336
22399
22327
22365
22532
21902
22239
21907
22042
21861
22108
21972
21914
21827
22042
21826
21732
21570
21763
21340
21369
21389
21416
21597
21064
21258
21434
21394
21282
21510
21140
20953
21354
21120
20912
21002
20992
20918
20969
21051
20992
20749
20796
20467
20410
20519
20652
20574
20631
20517
20545
20583
20006
20240
20280
20054
19952
20146
20185
19909
19976
20119
20048
20132
19876
19892
19741
19830
19793
19628
19758
19730
19817
19701
19602
19604
19648
19310
19214
18698
18792
18716
18676
18472
18873
18762
18929
18692
18787
18672
18780
18954
19061
18788
18773
18940
18396
18740
18648
18610
18822
18474
18419
18378
18709
18330
18381
18337
18012
18187
18167
17853
17942
18365
18152
17874
18192
17926
18158
17914
17728
17700
17775
17722
17924
17818
17629
17646
18124
17768
17629
17673
17604
17536
17586
17736
17472
17577
17514
17333
17740
17358
17290
17498
17551
17304
17279
17284
16954
17028
16768
16876
17103
17145
16773
17003
16734
16885
16539
16700
16704
16724
16910
16918
16627
16885
16808
16524
16548
16626
16526
16561
16160
16329
16707
16327
16516
16077
16011
16452
16192
16448
16255
16416
16041
16404
16049
15941
15973
15892
16103
15740
15773
16048
16028
15956
15780
15953
15759
15695
15880
15852
15813
15621
15646
15764
15622
15748
15588
15350
15477
15769
15565
15685
15467
15547
15800
15654
15433
15443
15436
15432
15475
15443
15441
15170
15415
15281
15263
15207
15223
15291
15259
15121
15204
15326
15243
15189
15180
14935
15338
15318
15339
15081
15280
14969
14941
14899
15089
15190
15008
15130
14945
14984
15037
14740
14649
14795
15111
14822
14777
14642
14658
14830
14440
14542
14908
14908
14810
14823
14596
15031
14799
14744
14981
14641
14523
14723
14841
14829
14737
14506
14450
14667
14583
14825
14538
14639
14592
14667
14685
14500
14642
14249
14754
14368
14549
14512
14327
14318
14293
14408
14676
14703
14548
14458
14709
14686
14466
14490
14496
14203
14384
14538
14592
14403
14379
14376
14428
14826
14667
14541
14529
14310
14607
14510
14645
14349
14683
14492
14624
14592
14488
14212
14583
14708
14333
14210
14549
14592
14641
14794
14444
14538
14530
14617
14436
14535
14410
14752
14566
14526
14890
14795
14573
14676
14579
14629
14549
14563
14821
14829
14786
14712
14833
14504
14432
14701
14605
14569
14690
14956
14442
14568
14717
15118
14763
14843
14842
14680
15019
14936
14835
14746
14836
14811
14917
14666
14636
14848
14765
14913
14916
14994
15122
15006
15031
15065
14804
14856
15040
15278
14915
15022
15231
14903
14927
15010
14976
14870
14852
15164
15050
15068
15461
15356
15169
15548
15461
15450
15513
15293
15440
15492
15606
15444
15850
15680
15460
15673
15533
15592
15918
15660
15883
15845
15652
15908
15748
15799
15727
15976
15995
15673
16255
16226
16278
16174
15777
15809
15968
16316
16021
16287
16101
16071
16180
16258
16346
16163
16369
16234
16203
16280
16293
16523
16408
16363
16584
16858
16443
16014
16384
16644
16234
16316
16242
16468
16143
16171
16074
16540
16353
16582
16843
16878
16844
16539
16750
16640
16642
16753
16692
16550
16778
17035
16853
16828
17249
17105
17221
17109
16761
17204
17382
17148
17217
17097
17186
17070
17050
17274
17105
17360
17539
17338
17218
17386
17559
17165
17440
17384
17414
17442
17595
17714
17556
17291
17469
17092
17174
17252
17194
17224
17549
17915
17754
17693
17805
17536
17523
17690
17578
17863
17631
17536
17883
17618
17865
17680
17902
17878
17803
17804
17901
17778
17999
17725
17810
17804
17709
17673
17821
18011
17936
17715
18006
18075
17728
18022
18330
18108
17945
18221
18255
18169
18005
17955
17853
18378
17920
17965
18169
17954
18133
18322
18064
18135
18154
18197
18185
18222
18465
18063
18150
17876
18013
17895
17650
17824
17544
17803
17720
17579
18126
18523
18449
18510
18440
18595
18584
18432
18500
18452
18544
18344
18137
18586
18532
18651
18247
18303
18408
18363
18510
18516
18551
18299
18607
18196
18203
18532
18322
18521
18222
18569
17956
18581
18542
18501
18375
18592
18333
18505
18426
18190
18314
18292
18226
18487
18412
18087
18107
18296
18403
18279
18387
18477
18335
18390
18510
18453
18236
18324
18598
18347
18226
18327
18276
18253
18080
18391
18310
18251
18397
18104
18209
18327
18121
18082
18270
18199
18366
18261
18279
18260
18035
17870
18076
18055
17952
18002
17765
18067
17920
17599
17552
17933
17492
18036
18086
18078
17909
17833
17940
17702
17750
17636
17531
17820
17843
17845
17565
17573
17866
17704
17570
17695
17767
17454
17272
17787
17510
17632
17522
17263
17230
17205
17342
17563
17380
17260
17069
17451
17224
17203
16838
16978
17064
16837
16877
17178
17044
16737
17018
16976
17006
16617
16674
16777
16795
16780
16841
16888
16757
16660
16693
16598
16418
16806
16378
16530
16356
16377
16345
16377
16154
16063
16483
16316
16125
16284
16158
16177
16255
16122
16113
15785
16236
16098
15947
15861
16025
15888
15796
15784
15860
15786
15514
15793
15517
15488
15629
15397
15368
15513
15389
15593
14839
15517
14895
15161
15055
15125
15047
14964
15266
14969
15002
15058
14958
15016
14920
14670
14802
14714
14438
14640
14654
14666
14452
14695
14275
14378
14422
14199
14150
14078
14047
14050
14122
13939
14005
13877
14003
13914
13712
14065
13661
13408
13696
13508
13486
13595
13674
13306
13277
13356
13226
12908
13082
13221
13043
13169
12869
12826
12892
13062
12904
12942
13069
12985
12701
12701
12080
11824
11572
11600
11794
11634
12011
12047
12360
11979
12264
12125
11929
12038
11921
12100
11790
11944
11637
11474
11434
11552
11421
11334
11257
11322
10941
10924
11146
11018
11041
10921
10925
10881
10973
10894
10836
10589
10427
10641
10572
10337
10054
10535
10213
9952
10260
9958
10067
10228
10140
10005
9868
9883
9781
9827
9583
9364
9394
9729
9485
9608
9640
9300
9220
9285
9264
9311
8979
8968
8667
8710
8620
8813
8812
8536
8658
8576
8740
8365
8672
8480
8470
8258
8035
8207
8048
8009
8130
8011
7950
7963
8013
7809
7773
7962
7413
7560
7656
7713
7460
7292
7572
7296
7290
7308
7206
6994
7344
7037
6975
6999
6891
7128
6850
6880
6879
6825
6873
6789
6790
6736
6575
6596
6584
6707
6296
6388
6460
6440
6289
6244
6350
6265
6259
6150
6158
6049
6013
6079
6046
5998
5956
6035
5747
5811
5875
5616
5867
5660
5526
5661
5553
5501
5706
5496
5572
5624
5494
5414
5448
5427
5257
5387
5219
5376
5367
5173
5072
4976
4970
4884
4888
4868
4866
4947
5264
4897
4971
4933
5073
4954
4821
4748
4840
4728
4839
4760
4826
4852
4746
4712
4800
4520
4527
4543
4639
4698
4659
4522
4608
4585
4602
4600
4512
4532
4453
4602
4590
4288
4457
4385
4473
4442
4268
4329
4383
4241
4129
4389
4204
4250
4040
4265
4236
4273
4013
4273
4226
4162
4177
4165
4076
4125
4112
4208
4148
4222
4093
4132
3972
4059
4188
3854
4077
4049
4051
3781
3960
4018
3923
3949
3932
3788
3881
3990
3900
3763
3994
3882
3961
