5365
5343
5397
5358
5383
5445
5339
5358
5220
5300
5312
5474
5428
5325
5517
5482
5546
5481
5531
5463
5536
5359
5445
5574
5514
5481
5450
5518
5278
5604
5432
5497
5577
5572
5542
5432
5436
5680
5526
5580
5485
5686
5621
5637
5604
5529
5695
5702
5583
5597
5774
5779
5831
5645
5820
5685
5391
5618
5583
5753
5598
5652
5382
5693
5644
5614
5711
5552
5720
5654
5599
5732
5638
5794
5782
5615
5817
5696
5945
5933
5850
5894
5942
5856
5873
5814
5771
5802
5862
5857
5674
5808
5810
5625
6018
5844
5984
6017
6049
6122
5946
6075
5964
5828
6164
6049
5898
5873
5832
5997
6083
6026
6031
6058
6125
6121
6250
5950
6286
6132
6077
6139
6158
6264
6070
6266
6186
6243
6239
6136
6120
6125
6090
6198
6230
6242
6299
6082
6080
6221
6237
6249
6101
6270
6511
6436
6269
6308
6412
6376
6320
6288
6479
6315
6242
6290
6586
6349
6386
6621
6530
6360
6373
6510
6187
6661
6619
6442
6633
6433
6485
6499
6417
6563
6469
6438
6586
6522
6702
6593
6520
6710
6837
6566
6681
6672
6703
6745
6676
6637
6669
6716
6679
6472
6717
6760
6615
6746
6772
6834
6728
6634
6633
6680
6652
6870
6995
6808
6862
6653
6758
6791
7006
6802
6820
6905
7037
6754
6728
6845
6921
6960
6875
6953
6917
6854
7062
7146
7013
7096
6762
6832
6757
7058
6931
6856
7014
7154
7208
7020
7140
7115
7156
7116
7106
7281
7125
7244
7204
7274
7147
7413
7288
7056
7239
7176
7235
7255
7293
7318
7240
7444
7403
7311
7236
7287
7552
7386
7259
7489
7375
7367
7568
7301
7568
7185
7555
7300
7424
7535
7626
7482
7603
7573
7487
7333
7694
7449
7345
7467
7524
7384
7674
7610
7803
7576
7780
7886
7674
7602
7595
7846
7808
7662
7780
7871
7869
7713
7704
7769
7828
7913
7872
7814
7786
7947
7916
7933
7918
7852
7861
7847
7902
7817
8029
8093
7764
8120
7976
7935
7945
8010
7847
7993
8004
8092
7999
8046
8071
8159
8132
8062
8128
8009
8055
8172
7919
7925
8034
8012
8010
7969
8042
8053
8146
8069
8265
8387
8328
8516
8226
8361
8210
8360
8274
8248
8364
8317
8367
8438
8353
8361
8348
8157
8620
8537
8405
8376
8488
8533
8469
8508
8456
8431
8604
8845
8509
8723
8621
8380
8497
8660
8653
8689
8691
8612
8620
8714
8638
8826
8799
8742
8578
8892
8776
8743
8676
8777
8713
8898
8840
8862
8997
8936
8997
8825
8955
8803
9019
8977
8921
9060
9142
9049
8966
8985
9172
9020
9060
9055
9127
9124
8934
9163
8998
9200
9088
9324
9222
9172
9376
9210
9304
9204
9276
9381
9317
9434
9272
9498
9265
9304
9529
9316
9327
9472
9469
9482
9744
9545
9475
9659
9382
9634
9668
9592
9618
9707
9341
9603
9630
9784
9697
9749
9785
9664
9482
9602
9671
9551
9818
9639
9917
9804
9872
9730
9886
9730
9796
9728
9791
9876
10107
9749
9932
9848
9940
9822
9915
9834
9960
9965
10111
10112
10091
10110
10203
9917
10056
10178
10146
10085
10399
10249
10196
10166
10430
10316
10241
10277
10477
10376
10390
10305
10285
10442
10213
10522
10328
10305
10159
10371
10404
10577
10449
10332
10418
10605
10452
10745
10484
10318
10491
10406
10634
10504
10619
10536
10624
10461
10567
10760
10614
10704
11028
10748
10905
10733
10923
10953
10768
10723
10678
11045
11105
10943
10801
11051
11021
11050
10829
11000
11185
10985
10903
11004
11178
11134
11094
11088
11197
11134
11132
11293
11283
11344
11011
11392
11254
11382
11412
11147
11247
11051
11275
11325
11339
11152
11153
11181
11409
11325
11469
11461
11586
11343
11465
11354
11378
11479
11373
11464
11547
11411
11538
11649
11550
11728
11650
11522
11762
11453
11860
11599
11469
11648
11442
11131
11292
11288
11176
11306
11385
11676
11811
11614
11829
12024
12116
12004
11959
12250
11936
12186
11962
12049
12402
11967
12041
12205
12194
12052
12151
12204
12148
12284
12312
12522
12279
12419
12521
12359
12633
12404
12916
12558
12372
12684
12094
12536
12521
12584
12469
12437
12625
12624
12482
12631
12688
12610
12575
12416
12630
12880
12796
12666
13018
12795
12898
12952
12862
12809
12778
13164
13044
12934
13069
13074
13093
12740
13055
12898
12725
12902
12800
13072
12828
13056
13182
13308
13178
13155
13196
13188
12974
13393
13136
13590
13441
13692
13351
13580
13289
13364
13392
13460
13323
13386
13195
13534
13508
13481
13320
13204
13636
13579
13632
13730
13701
13770
13582
13869
13544
13593
13803
13694
13850
13704
13824
13813
14006
13986
13903
14231
14098
13888
14029
14108
14029
14059
14221
14041
14237
14283
14142
14066
14325
14438
14355
14086
14213
14167
14535
14268
14385
14477
14601
14284
14541
14467
14453
14592
14666
14500
14491
14821
14726
14556
14394
14625
14759
14890
14616
14721
14644
14827
15004
15096
14695
14757
14705
15044
14697
15006
14790
14998
14886
15300
14917
15070
14994
15016
14997
15381
14994
15188
15022
15236
14874
15257
15200
15182
15156
15378
15264
15109
15323
15210
15268
15272
15570
15476
15547
15252
15236
15350
15307
15393
15293
15442
15650
15758
15912
16063
15809
15663
15793
15991
15839
15839
15618
15594
15670
15770
15757
15758
15844
15862
16355
16168
15732
15979
16288
16228
16129
16137
16229
16300
16245
16165
16152
16351
16208
16388
16315
16022
16466
16341
16175
16464
16586
16571
16564
16495
16609
16628
16252
16245
15865
15962
15904
16128
16186
16291
16338
16483
16432
16558
16773
16744
16833
16713
16706
16941
16929
16995
17077
16713
17032
17118
16914
17121
17151
17299
16842
17230
17190
16765
17186
17172
17432
17081
17518
17239
17385
17247
17402
17394
17126
17100
17442
17201
17664
17445
17431
17604
17500
17640
17528
17575
17508
17681
17792
17468
17800
17265
17624
17837
17709
17668
17858
17609
17805
17902
18134
18050
17802
18117
17789
17715
18325
17964
18240
18089
18134
17940
18054
18055
17969
18002
18124
18404
18340
18564
18404
18242
18195
18264
18348
18295
18328
18598
18390
18171
18584
18353
18483
18432
18732
18690
18612
18361
18856
18868
19012
18726
18750
18967
19075
18860
18795
18724
18793
19209
18994
19015
18983
19053
19241
19075
18681
18993
19132
19331
19043
19275
19353
19172
19373
19200
19330
19396
19348
19413
19260
19673
19552
19510
19593
19587
19381
19247
19508
19247
19256
19426
19400
19656
19455
19579
19818
19766
20011
19933
20077
20056
20284
20032
20266
20456
20080
20453
20278
20389
20378
20200
20195
20368
20200
20269
20362
20277
20321
20262
20228
20050
20023
19795
19968
19956
19713
19968
19644
19452
19648
19767
19777
19863
20032
20248
20474
20525
20652
20596
20765
20724
20950
21064
20932
20676
20790
20542
20512
20202
19892
19592
19453
18862
18401
18041
17362
16956
16396
16200
16378
16633
17197
18212
18475
19434
20011
20736
21088
21848
21707
22020
21668
21860
21892
22061
22052
22294
21700
21760
22084
21940
21618
21451
21912
21932
21876
21896
22071
22084
22188
22086
21802
21654
21880
22106
22006
21736
21787
22038
21590
21784
22205
22221
22175
22556
22197
22383
22605
22410
22292
22474
22246
22252
22532
22477
22362
22357
22474
22318
22256
22516
22453
22228
22178
22669
22294
22398
22522
22580
22707
22708
22840
22644
22854
22787
22641
22511
22773
23053
22800
22893
22664
22940
23028
23083
22809
22644
23029
22998
23196
22924
22708
23016
22765
23060
23014
23069
23284
23098
22840
23393
23357
23434
23164
23128
23162
23018
23181
23193
22923
23330
23348
23318
23732
23579
23915
23863
23874
23813
23893
24082
24181
24216
23997
24422
24240
23952
24182
24139
24032
24172
23995
24708
24553
24328
24371
24447
24558
24683
24776
24609
24643
24964
24992
24532
24198
24051
23941
23773
23428
23034
23117
22346
22800
22586
23363
23588
24331
24408
24576
24933
24832
24766
24634
25172
24815
25044
24752
24776
25023
25081
25121
25153
24936
24978
25168
25321
25542
25476
25226
25277
25293
25296
25477
25505
25216
25468
24774
25435
25195
25744
25003
25404
25304
25053
25438
25405
25642
25742
25363
25788
25717
25909
25444
26035
25616
25885
25995
26028
25547
26144
26217
26233
26181
25978
26146
26152
25970
25980
26402
26276
26059
26351
26285
26436
26287
26155
26166
26546
26814
26048
25940
26521
26289
26618
26367
26197
26367
26720
26499
26654
26548
26868
26764
26638
26669
26848
26744
26756
26824
27063
26668
27005
27164
27080
26994
26944
26880
27254
27214
27132
27266
27409
27381
27186
27070
27339
27356
26968
27511
27564
27479
27508
27712
27332
27761
27650
27592
27776
27625
28090
27776
27582
27925
27892
27802
27964
28229
28020
28257
28248
27938
27867
28160
28199
28040
28456
28452
28309
28313
27653
28118
28106
28553
28541
28260
28338
28713
28010
27907
28196
28196
28557
28657
28395
28349
28356
28765
28612
28569
28549
28203
28521
28352
28962
28381
28680
28610
28705
29129
28895
28630
28729
28869
28724
29084
28708
29030
28750
29175
28709
28853
28581
28911
29076
29076
29222
29204
28565
28302
28438
28644
28394
28852
28824
28602
28658
29099
29036
29626
29391
29185
29772
29834
29609
29574
29844
29636
29524
29659
29522
29627
29972
29594
29650
29578
29588
29686
29850
30004
30020
29698
29720
30124
30085
29994
29862
29892
30177
30268
30093
29959
30214
30190
30174
30062
29919
29984
29832
30155
30020
30368
29958
30384
30420
30262
30109
30074
30220
30515
30612
30117
30208
30651
30285
30350
30470
30635
30573
30904
30692
30600
30555
30484
30212
30498
30921
30540
30642
30240
30552
30632
30600
30875
30598
30591
30824
30772
30756
30756
30912
30861
31165
31258
30898
30770
30988
30650
31244
31190
31145
30989
30822
30731
31556
30922
31271
31207
31250
30832
31296
30857
30890
31069
30706
31094
31129
30864
31324
31341
31292
31634
31122
31453
31274
31365
31298
31478
31549
31320
31309
31748
31515
31261
31398
31559
31841
31586
31629
31242
31343
31746
31631
31539
31261
31596
31531
31636
31499
31820
31686
31645
31541
31545
31517
32340
32014
32012
31711
32328
32019
32048
32489
32066
32221
32180
31844
32322
32178
31976
31978
32484
31994
32158
32269
32189
32122
31956
32276
32162
32131
32530
32661
32100
32719
32212
32128
32408
32598
32461
32589
32557
32506
32645
32121
32695
32607
32250
32714
32713
32740
32597
32486
32588
33016
32575
32885
32702
32858
32827
32832
32750
32386
32182
31882
31388
31711
31808
31777
31659
31611
31538
32468
32517
32976
33117
33013
33197
32982
33304
33056
32988
33318
33061
33024
32960
32884
32937
32860
32842
32789
33261
32737
33024
33167
33629
32896
32885
33337
32648
33392
32918
33217
33224
33247
33368
33134
32824
33597
33352
33116
33263
33299
33467
33413
33346
33302
33652
33275
33508
33570
33444
33364
33719
33596
33262
33430
33649
33514
33691
33752
33243
33747
33847
33649
33715
33691
33402
33652
33675
33690
33956
33457
33617
33711
33892
33561
33700
34184
33629
33877
33706
34120
33888
34062
33976
33931
33698
34185
34287
34176
33800
33988
34379
34020
33812
33775
33994
34394
34186
33970
34312
34400
34088
34116
34454
34237
34220
34255
33920
34214
34424
34031
33979
33937
34018
33920
33798
34436
34157
34048
34322
33857
34218
33882
34226
34237
34189
34489
34683
34305
33564
34133
34220
34240
34263
34016
34228
34185
34326
33746
34423
33972
34176
33820
34173
34549
34436
34632
34236
34457
33960
33946
34453
34360
34619
34200
34267
34324
34305
34321
34596
34610
34690
34402
34637
34358
34432
34228
34760
34674
34410
34200
34304
34728
34486
34989
34456
34578
34541
34340
34388
34448
34728
34781
34450
34646
34800
34529
34381
34589
34573
34424
34562
34412
34646
34509
34762
34432
34615
34348
34458
34536
34987
34601
34663
34719
34625
34580
34676
34538
34434
34397
34398
34900
34880
34822
34679
34524
34398
34388
34616
34998
34670
34408
33816
34589
34580
34630
34576
34474
34517
34980
34328
34269
34825
34927
34603
35300
34367
34184
34701
34754
35076
34850
34692
34706
34637
34728
34639
35016
34973
34418
34836
34811
34442
35028
34536
34731
34846
34648
34908
34891
34685
34538
34881
35072
34676
34772
34816
34962
34580
35310
34818
35182
34693
35151
34720
35138
34799
35229
35037
34710
34436
34780
34770
35081
34842
34781
35061
34508
34400
34632
34449
34390
34601
34317
34098
34293
34662
34410
34421
34144
34642
34285
34270
34388
34281
34843
34536
34692
34274
34315
34489
34481
34468
34833
34594
34966
34654
34758
34287
34282
33832
33775
34214
34220
34176
33796
33656
34084
33684
33618
33588
33670
34012
33654
33818
33736
33628
33444
33740
34048
34196
34765
34650
35104
34264
34777
34449
34886
34463
34448
34218
34900
34327
34414
34536
34374
34004
34112
34196
34432
34362
34186
33836
33950
34380
33956
34248
34516
34040
34048
34243
34152
34568
34388
34312
34042
34293
34296
34133
34228
33952
34368
34293
34376
34746
34368
33710
34164
33346
34052
34025
33924
33482
33816
33794
33344
33748
33630
33454
33416
33545
33282
33920
34254
33697
33804
33594
33528
33316
33700
33590
33262
33754
33455
33752
33308
33709
33476
33522
33432
33638
33317
33245
33344
32997
33607
33344
33314
33013
32902
33252
33380
33501
33473
33340
33231
33284
33093
33531
33253
33764
33273
32986
32832
33140
32868
33042
32658
32708
33800
32980
33369
32974
33241
33108
33494
33098
32712
32980
32682
32936
32544
33128
32858
32834
32827
32755
32516
32988
33048
32802
32735
32635
32937
32607
33094
32832
32973
32750
32808
32596
32503
32726
32804
32525
32388
32525
32269
32484
32358
32668
32500
32428
32147
32695
32118
32348
32263
32122
32308
31945
31958
31842
32216
32133
31684
31864
31725
31796
31896
32141
32152
32011
31764
32220
32117
32153
31757
32075
31394
31662
31819
31679
31812
31548
31717
31598
31806
31662
31220
31515
31842
31725
31188
31611
31555
31387
31583
31239
31496
31243
31129
30606
30997
30917
31125
31696
31006
31021
30894
31165
30906
30957
30906
31071
30790
31197
30779
30746
30848
30508
30728
30635
31056
31034
30929
30901
30730
30093
30586
30613
30506
30484
30246
30800
30669
30610
30126
30442
30678
30524
30363
30360
30182
30365
30500
30404
29965
30156
29788
30216
29684
29500
29705
29357
29333
29227
29415
29614
29616
29687
29424
29490
29334
29594
30125
29549
29837
29482
29524
29394
29545
29596
29746
29945
29573
29522
29644
29396
29266
28905
29029
29370
29140
29179
28985
29186
28962
29044
28864
28794
28917
29092
28876
28493
28730
28655
28407
28986
28696
28564
28866
28809
28426
28663
28692
28425
28444
28516
28360
28166
27922
28532
28334
27981
28362
28217
28187
27784
27826
28264
27635
28417
27981
28127
27997
27984
28042
27754
28497
27787
27670
27373
27503
27482
27802
27474
27428
27613
27476
27192
27587
27690
27172
27368
27024
27102
27060
27202
27069
27147
26896
26919
26971
26484
26461
26680
26378
26511
26333
26158
26320
26392
26734
26178
26836
26587
25833
25344
25465
25486
25765
25385
25937
26033
25736
25610
26425
25872
26270
25752
26100
25977
25872
25689
26276
26043
25898
26192
25908
25802
25743
25823
25712
25564
25728
25198
25541
25116
25510
24794
24373
24124
24039
24388
24256
24190
23919
23694
24342
24398
24916
24544
24632
24410
24704
24628
24774
24513
24462
24370
24744
24535
24429
24712
24468
24458
24203
24217
23900
24157
24020
23981
23758
23979
23954
24182
23741
23705
23817
24124
23860
23498
23676
23149
23610
23682
23531
23243
23634
23391
23547
23236
23143
22973
23176
23484
23414
23352
22953
22745
22102
21843
22113
22224
21922
22057
22146
22355
22500
22859
22952
22475
22826
22570
22691
22648
22242
22436
22602
22390
22294
22472
22596
22411
22472
22134
22086
22139
22110
21808
21899
21816
21865
21705
21448
21735
21826
21284
21248
21300
21365
21358
21184
21326
21178
21223
21220
21260
21190
21114
21415
21234
21477
21025
21188
20721
21008
20706
21130
21064
20702
20728
20790
20589
20457
20780
20573
20476
20608
20571
20800
20512
20186
20459
20392
20155
20411
20222
20010
20150
20221
20022
19860
19840
20060
20013
19944
19858
19869
19818
19673
19720
19620
19569
19735
19449
19385
19542
19199
19476
19404
19253
19408
19164
19478
19204
19092
19106
19236
19065
18850
19032
19344
19169
18963
19005
18952
18911
18759
18482
18689
18787
18580
18340
18151
17966
17933
18075
17937
17925
18173
18398
18392
18006
18123
18286
17972
18070
18252
18036
17912
17870
17829
17984
18011
17610
17911
17903
17715
17613
17728
17828
17625
17577
17526
17335
17552
17295
17074
17544
17289
17269
17429
17266
17188
17213
17243
17162
17076
16874
17184
17046
17069
17103
17085
16900
16849
16494
16924
16954
16918
16920
16825
16681
16853
16535
16904
16655
16626
16490
16582
16550
16369
16364
16425
16386
16230
16198
16448
16318
16108
16116
16421
16157
16452
16132
16131
15950
16298
16169
15917
16039
15924
15872
15552
15910
15691
15981
16021
15912
15842
15742
15940
15554
15855
15849
15789
15641
15698
15622
15489
15441
15266
15311
15396
15532
15264
14986
15440
15488
15622
15291
15610
15298
15277
15548
15572
15053
15346
15263
15078
15316
14898
15138
15146
15099
15197
15406
14922
15081
15066
15021
14849
14947
15023
14921
14987
14781
15128
15134
14953
14767
15161
14606
15037
14718
14951
14872
14724
14737
14797
14768
14750
14984
14689
14908
14720
14961
14770
14934
14646
14496
14644
14727
14642
14670
14492
14643
14735
14447
14587
14435
14541
14543
14622
14498
14559
14432
14546
14317
14660
14498
14598
14247
14512
14432
14787
14358
14674
14406
14684
14371
14466
14372
14692
14754
14427
14377
14490
14392
14368
14490
14472
14689
14446
14417
14580
14442
14214
14528
14556
14480
14630
14638
14455
14579
14248
14274
14315
14597
14405
14553
14329
14534
14600
14442
14292
14448
14825
14469
14366
14482
14606
14604
14660
14586
14509
14736
14595
14601
14724
14632
14555
14609
14565
14882
14671
14620
14553
14358
14679
14765
14821
14381
14792
14852
14801
14762
14818
14817
14715
14639
15034
14599
15081
14868
14823
14712
14841
14876
14852
14986
14826
14772
14877
15257
14769
15002
14967
15185
14888
15176
15165
15211
14841
15182
15087
15070
15290
15417
15198
15164
15188
15608
15338
15015
14898
15042
15353
15224
15021
14916
15582
15170
15257
15329
15681
15452
15828
15342
15530
15531
15503
15569
15427
15574
15492
15788
15443
15677
15334
15386
15552
15709
15863
15833
15608
15874
15735
16084
16000
16278
16058
16420
16410
16119
16304
16063
16538
16245
16577
16329
16084
16322
16227
16379
16384
16452
16616
16554
16932
16826
16609
16703
16804
16817
16936
16751
16962
17081
16764
17049
17036
16754
16962
17196
16915
16940
17209
16763
17130
17301
16888
17285
17042
17487
17298
17684
17445
17597
17362
17467
17696
17526
17266
17703
17687
17850
17568
17600
17496
17263
17330
17146
17351
17221
17993
18147
18282
18213
18056
18114
18193
18019
18171
18184
17610
17967
18134
18152
18149
17988
18612
18331
18420
18202
18318
18232
18663
18408
18601
18734
18978
18644
18676
18638
18574
18884
18700
18828
18769
18553
18923
18810
18858
18931
18868
18999
18952
19065
18990
18976
18988
18808
18967
18806
19114
18944
19208
19498
19293
19388
19494
19217
19471
19375
19578
19520
19238
19613
19794
19802
19563
19584
19771
19550
19723
19722
19540
19569
19584
19458
19738
19732
19480
19754
19617
19867
19852
20069
19688
19829
19766
19602
19785
19588
19770
19786
19712
19980
19870
20294
19995
19787
20022
20340
19924
20168
19732
20208
19916
19881
20011
19734
20265
20042
20246
19943
20042
19746
19808
19760
19174
19462
19490
19243
19348
19686
19860
20202
20408
20027
20046
20494
20146
20362
20096
20315
20272
20218
20262
20196
20121
20295
20262
20122
19832
20153
20411
20458
20116
20202
20278
20318
20383
20420
20325
20257
20388
20142
20004
19940
20633
20470
20372
20325
20350
20330
19873
20426
20039
20036
20229
19977
19887
20096
20228
20225
20171
20310
20426
20134
20049
20279
19956
20185
20041
20202
19792
20015
19882
20080
20242
20096
19875
19974
19960
19913
19958
19938
19684
19770
19863
19897
19721
19653
19778
19692
19734
19712
19778
19594
19617
19850
19766
19716
19578
19592
19463
19714
19503
19561
19613
19223
19650
19688
19360
19434
19654
19284
19014
19545
19236
19101
19433
19348
19183
19308
19337
19351
19208
19194
19096
19323
19197
18866
18578
19044
18797
18721
18792
19052
18989
18944
18965
18759
19118
18469
18676
18597
18147
18651
18320
18493
18376
18142
18520
18501
18445
18709
18470
18382
18152
18350
18364
18180
18110
18123
18413
17804
18043
18201
17884
18010
17741
18281
17996
17824
17658
17578
17705
17536
17133
17668
17334
17224
17149
17360
17570
17018
17050
17065
17076
17158
17242
17162
16806
16891
17171
16887
16912
16829
16665
16367
16572
16654
16565
16461
16451
16582
16581
16118
16049
15967
16296
16168
16233
16092
16194
15744
16068
15915
15844
15937
15858
16074
15668
15684
15432
15550
15678
15659
15680
15463
15268
15244
15393
15357
15236
15425
14954
14727
15053
14925
14669
14835
14751
14746
14720
14320
14299
14600
14363
14277
14317
13954
14271
13962
13942
13950
13947
14127
13636
13744
13589
13626
13690
13859
13563
13570
13584
13394
13453
13386
13231
13341
13365
12938
12949
12593
12311
11824
11874
12192
12356
12348
12731
12582
12340
12474
12488
12406
12403
12338
12152
12115
12152
12219
11963
12088
11627
11640
11647
11534
11562
11500
11305
11251
11328
11162
11216
11159
10905
10816
10804
10897
10784
10675
10750
10733
10631
10593
10220
10492
10296
10268
10114
10129
9909
10260
9996
9950
9952
9659
9915
9645
9897
9838
9620
9622
9507
9397
9370
9250
9327
9179
9120
9060
8872
8748
8892
9117
8814
8619
8621
8851
8724
8888
8458
8538
8379
8485
8344
8216
8277
8427
8156
7991
8157
7862
7870
7986
7682
8097
7833
7653
7735
7569
7682
7570
7503
7561
7464
7287
7334
7171
6984
7090
7107
6846
7051
6857
6984
6907
6845
7080
6914
6784
6875
6971
6706
6719
6751
6573
6479
6583
6474
6372
6349
6450
6301
6405
6316
6292
6310
6241
6279
6208
6100
6143
6092
6108
5986
5748
6041
5906
6121
5751
5956
5628
5505
5656
5857
5640
5680
5660
5490
5599
5353
5636
5415
5537
5511
5379
5378
5321
5357
5135
5050
4977
5012
5016
5143
5134
5124
5071
5135
5191
4981
5044
5121
4976
4993
4949
4970
4893
4897
4925
4901
4786
4799
4736
4987
4691
4665
4794
4524
4590
4718
4732
4755
4723
4660
4791
4728
4555
4699
4526
4460
4680
4773
4459
4415
4347
4552
4542
4406
4488
4402
4375
4331
4318
4430
4333
4419
4428
4285
4401
4307
4407
4291
4397
4227
4324
4225
4290
4293
4304
4171
4094
4189
4189
4194
4315
4093
4000
4087
4155
4255
4101
4133
4048
4138
4082
4082
4129
4149
3998
4052
