5258
5220
5333
5229
5357
5459
5423
5416
5267
5313
5580
5291
5184
5282
5400
5451
5416
5436
5442
5480
5488
5468
5335
5455
5567
5363
5528
5373
5517
5464
5569
5682
5377
5369
5603
5494
5442
5483
5433
5609
5461
5520
5482
5593
5691
5517
5684
5635
5589
5748
5812
5733
5678
5673
5686
5708
5573
5608
5676
5545
5551
5518
5719
5627
5504
5751
5571
5539
5749
5799
5708
5738
5806
5868
5773
5925
5749
5850
5856
5763
5790
5726
5868
5942
5822
5857
5855
5902
6009
5890
5833
5915
5951
5795
5979
5855
6036
5925
5998
5796
5766
5982
5982
5898
5961
5930
5973
6036
6008
6015
6012
6072
6058
6063
5998
6010
5934
6048
6031
5995
6137
6100
6127
6172
6077
6175
6235
6215
6273
6040
6100
6212
6076
6170
6079
6329
6287
6315
6262
6261
6160
6284
6191
6186
6301
6182
6242
6217
6199
6358
6337
6417
6304
6337
6322
6245
6408
6405
6554
6379
6421
6360
6646
6477
6333
6332
6563
6487
6466
6674
6501
6467
6455
6605
6517
6504
6621
6748
6632
6669
6546
6700
6565
6579
6468
6574
6681
6746
6662
6746
6759
6574
6723
6575
6766
6670
6575
6696
6765
6587
6709
6755
6717
6745
6701
6811
6790
6822
6844
6802
6680
6847
6823
6738
6943
6794
6867
6940
6861
6877
6856
6814
6978
6944
7011
6908
7028
6981
6871
6928
6853
6929
6952
7075
7004
7012
7070
7066
7069
7142
7198
7173
6947
7187
7178
7255
7378
7042
7190
7078
7044
7071
7087
7319
6933
7060
7260
7264
7454
7196
7297
7215
7381
7312
7063
7299
7188
7044
7206
7511
7473
7433
7577
7426
7283
7461
7481
7476
7461
7608
7406
7287
7503
7345
7538
7533
7454
7384
7542
7596
7405
7468
7467
7662
7637
7604
7561
7654
7721
7684
7792
7740
7552
7636
7795
7729
7785
7764
7703
7716
7722
7945
7681
7997
7864
7849
7961
7956
7832
7832
7656
8101
7898
7807
8005
7915
8115
7936
8021
7969
8066
8025
8042
7875
7934
8022
8008
8066
7959
7885
8125
8053
8136
8085
7901
7921
8047
8124
7997
7898
8036
7948
8060
8073
8218
8204
8117
8352
8238
8151
8401
8247
8325
8224
8470
8313
8194
8393
8362
8257
8309
8354
8528
8348
8336
8424
8488
8473
8425
8349
8376
8441
8799
8438
8416
8587
8410
8552
8414
8692
8420
8495
8572
8518
8669
8661
8780
8641
8722
8676
8800
8714
8966
8714
8866
8793
8890
8836
8852
8869
8932
8940
8812
8858
8786
9057
8794
9165
9048
8914
9102
9051
9194
9008
8974
9184
9055
8993
9048
9406
9044
9004
8866
9109
9093
9115
9091
9024
9140
9216
9138
9221
9228
9178
9377
9138
9244
9003
9236
9252
9348
9190
9485
9282
9530
9497
9353
9508
9427
9368
9408
9407
9545
9427
9517
9577
9414
9486
9356
9599
9420
9830
9566
9611
9699
9750
9767
9514
9742
9672
9714
9627
9792
9669
9686
9773
9782
9965
9975
9815
9962
9757
9907
9677
9915
9834
9988
10057
10116
9664
9876
9975
10015
10240
9858
10063
10084
9935
10196
9978
9972
10187
10118
10281
9906
10046
10149
10267
10085
9987
9997
10532
10288
10322
10341
10479
10260
10262
10406
10203
10284
10313
10496
10299
10364
10376
10353
10625
10425
10546
10343
10398
10562
10334
10564
10531
10584
10665
10644
10698
10983
10804
10708
10917
10924
10711
10547
10770
10650
10858
10792
10852
10824
10819
10741
10874
10878
10719
10787
10786
10791
10880
10954
11005
11065
10894
10918
11213
10959
11110
11247
11083
10901
11207
11248
11180
11129
11073
11359
11195
11052
11177
11076
11304
11026
11030
11166
11220
11148
11165
11360
11291
11253
11523
11336
11469
11385
11273
11404
11585
11322
11573
11542
11492
11362
11682
11654
11392
11448
11574
11784
11597
11776
11387
11532
11306
11332
11288
11347
11498
11209
11299
11437
11562
11606
11615
11819
11800
11930
11968
12125
11972
12147
12028
12155
12237
12259
12165
12266
12288
12127
12437
11857
11959
12231
12305
12379
12411
12116
12103
12296
12285
12004
12289
12326
12494
12349
12467
12416
12220
12641
12349
12226
12550
12648
12468
12544
12536
12471
12610
12432
12819
12705
12845
12575
12641
12708
12722
12722
12850
12616
12880
12985
12944
13112
12958
12786
12805
12891
12629
12944
12738
12653
12562
12854
12828
12946
13270
13221
13170
13185
13362
13310
13082
13119
13088
13088
13331
13546
13431
13500
13413
13597
13540
13553
13644
13341
13358
13733
13636
13382
13697
13521
13440
13602
13425
13614
13364
13713
13862
13589
13706
13633
13768
14030
13764
13675
13666
13872
13618
13660
13876
14057
14026
13764
13994
13893
14141
14096
13845
13964
13834
13825
14186
13940
14214
13936
14244
14047
14213
14338
14192
14203
14177
14300
14258
14473
14260
14568
14523
14574
14873
14607
14515
14570
14843
14664
14604
14345
14622
14477
14342
14592
14817
14650
14438
14652
14706
15065
14886
14734
14946
14684
14713
14729
14932
15195
14864
14929
15078
14980
14952
15127
15065
15290
14995
15074
15310
15370
15172
15194
15273
15222
15449
15439
15369
15510
15133
15276
15066
15511
15801
15426
15197
15261
15155
15488
15355
15282
15421
15375
15497
15883
15918
15734
15604
15656
15719
15702
15529
15848
15886
15793
15877
15813
15733
15912
15918
16144
16216
16200
16133
16368
16253
16104
16292
16073
16172
16098
15989
16257
16176
15984
16088
16126
16443
16529
16345
16578
16359
16471
16438
16286
16481
16373
16282
16367
16342
16151
16178
16118
16203
16565
16364
16233
16551
16488
16712
16621
17046
16896
16888
17066
16936
16823
17253
17117
16952
16842
16972
17280
17106
17438
17115
17276
17199
17239
17275
17174
17406
17221
17195
17474
17696
17412
17070
17394
17316
17353
17420
17467
17492
17716
17454
17748
17704
17714
17449
17584
17491
17776
17915
17920
18068
17764
17916
17874
18050
18070
17444
17776
17748
17925
18037
17920
17964
18049
18100
17964
18285
18084
18164
18279
18148
18094
18331
18143
18461
18204
18303
18429
18235
18491
18502
18390
18481
18555
18356
18467
18339
18532
18610
18276
18335
18528
18760
18385
18629
18668
18752
18413
19098
19076
19192
18769
19069
18874
18745
18652
18804
18886
18909
19118
18988
19113
19240
18967
18613
19368
19359
19344
19233
19206
19159
19549
19208
19348
19225
19348
19613
19571
19578
19663
19661
19562
19736
19544
19712
19599
19641
19470
19165
19696
19385
19558
19348
19436
19419
19487
19684
19693
19883
20063
20231
19882
20120
19974
20108
20154
20341
20174
20155
20292
20062
20298
20207
20433
20196
20032
20186
20234
20341
20140
20202
20260
20357
20293
20122
20029
19862
19960
19794
19887
19796
19977
20220
19917
20183
19777
20447
20621
20970
20552
20800
20958
20625
20980
20985
20995
20949
20773
20890
20776
20793
20088
19686
19193
18749
18484
18340
17487
16790
16613
16344
16451
16645
17287
17952
18342
19106
19972
20640
21344
21889
21901
22129
22021
22082
21953
21798
21905
21974
21704
21864
22084
22000
21807
21906
21834
21960
22149
22144
22169
22098
22241
22081
21805
21748
21622
21908
21760
21822
21926
21890
21914
21992
21833
22269
22319
22424
22123
22129
22340
22767
22596
22162
22766
22698
22641
22502
22558
22314
22436
22304
22484
22312
22370
22363
22899
22489
22922
22806
22673
22848
22707
22874
22716
22739
22836
22899
22916
22872
22986
22955
22706
22822
23019
23321
22900
23204
23210
23262
23006
23256
23004
23404
23224
22866
23448
23259
23172
23499
23530
23138
23272
23417
23404
23270
23326
23705
23144
23485
23163
23465
23674
23432
23726
23961
23522
23796
23995
24440
24148
24009
23889
23868
24182
23890
24228
24404
24013
24174
24473
24242
24461
24664
24546
24400
24484
24630
24838
24856
24877
24940
25103
24962
24626
24741
24966
24914
24575
24231
24098
23936
24196
23320
23584
23276
23028
23228
23162
23723
24428
24925
25054
25376
24973
24988
24665
24772
25247
25378
25636
25273
25335
25457
25113
25524
25600
25808
25526
25703
25704
25356
25655
25728
25434
25745
25245
25471
25735
25734
26010
26134
25613
25930
26112
25839
25777
25870
26046
25732
26048
25691
25919
26186
25964
26242
26274
26176
26423
26308
26153
26543
26427
26048
26608
26615
26484
26468
26285
26516
26642
26980
26689
26613
26336
26520
26743
26729
26712
26634
26944
27373
26826
27072
27327
26620
26921
26711
27012
27092
27116
27053
27204
26936
27250
27252
27551
27567
26716
27053
27357
26991
27446
27453
27428
27565
27650
27492
27181
27269
27012
27380
27272
27593
27513
27306
27456
27764
27904
27790
27634
27840
27830
27861
27852
28218
27889
27516
27725
28102
28094
27880
28125
28276
28523
28069
28372
28409
28415
28150
28470
28329
28314
28529
28710
28573
28760
28760
28500
28725
28511
28557
28769
28928
28809
29060
28754
28985
29133
28971
28589
28896
28966
28905
28886
29110
28909
28709
29086
28972
28874
29224
29524
29647
29514
28971
29006
29448
28977
29417
29640
29376
29403
29530
29153
29220
29010
29051
29042
29083
29873
29716
29251
29434
29305
29381
29405
29599
29300
29124
29230
29184
29121
28970
29662
29230
29184
29256
29496
29212
29702
29877
29890
29876
30192
30068
29892
29760
30292
29812
30006
30217
30000
30121
30168
30311
30582
30506
30113
30010
30136
30376
30746
30511
30544
30536
30453
30716
30541
30516
30437
30478
30396
30458
30507
30324
30785
30712
30884
30753
30358
30667
30580
30809
30516
30540
30925
30560
30585
30772
31044
30886
30786
30671
30921
30986
30764
30625
31272
30842
30796
31004
31122
31024
31079
30923
31106
31142
31249
31459
31306
31048
31364
31277
31195
31381
31215
31381
31493
31529
31534
31539
31177
31734
31268
31450
31610
31652
31354
31330
31730
31765
31723
31844
31887
31860
31412
31822
31916
31838
31519
31864
31640
31835
32018
31894
31656
31861
32415
31756
32328
31678
31880
32385
31912
32012
32036
32368
31858
32380
32281
32072
31992
31901
32029
32522
32372
32721
32389
32480
32493
32442
32501
32524
32324
32569
32836
32666
32294
32508
32776
32658
32836
33152
32568
32574
32839
32497
32418
32832
32826
32800
32849
33229
32825
32697
32839
33273
32821
32950
33152
32970
32813
32890
32730
32975
33484
32823
33209
33002
33362
32709
33133
33448
33118
33284
33038
33220
33436
32840
32914
33190
33058
33098
33524
33325
33271
33152
33613
33410
33389
33468
33544
33812
33556
33828
33004
33515
33444
33997
33742
33924
33679
33552
33117
33000
32548
32772
32687
32603
32466
32472
32536
32406
32812
33232
33364
33771
33960
34082
33921
34157
33988
33816
34117
33723
34120
33810
33946
34169
34050
33561
33988
33955
33984
34021
33709
34240
33844
33945
34116
34310
34369
34330
33924
34182
34078
33727
34236
34125
34104
34216
33902
34401
33956
34122
34322
34436
34113
34340
34474
34212
34328
34052
34388
34036
34532
34245
34171
34210
34143
34347
34297
34757
34388
34331
34469
34738
35010
34246
34890
34611
34327
34818
34839
34522
34808
34806
35048
34884
34340
34645
34799
34573
34725
34920
34748
34868
34704
34889
34868
35078
34750
34730
34948
35048
34732
35002
35140
34742
35082
34986
34928
34797
34726
35241
35172
35328
34986
35062
34945
35349
35089
34997
35188
35099
35202
35108
35408
34956
35178
35299
35302
35054
35096
35000
35303
35169
35072
35456
35410
35204
35152
35470
35354
35501
35396
35381
35485
35362
35364
35727
35246
35501
35468
35237
35462
35754
35444
35449
35304
35330
35426
35544
35861
35840
35507
35194
35616
35465
35468
35630
35582
35650
35382
35384
35538
36020
35538
35549
35478
36084
35816
35610
35773
35656
35401
35702
35498
35579
35663
35757
35630
35615
35612
35440
35793
35709
35588
36042
35673
35676
35483
35775
35599
35946
35579
35685
35524
35563
35779
35686
35589
35562
35306
35906
35996
35768
35431
35696
35428
35748
35985
35595
36283
35972
35666
35828
35778
35936
35412
35525
35508
35806
35734
35402
35845
35352
35627
35656
35837
36116
36015
35404
35952
36077
35784
35730
35942
35736
36424
36152
35989
35759
35866
36362
36072
36340
36008
35951
35503
35643
35910
35605
35940
35968
35866
35938
35856
35912
35985
35837
35830
36347
36200
36056
35924
36236
35821
35942
35977
35778
35981
36114
36136
36333
35816
36048
36086
35861
35716
36517
36249
36390
35648
36232
36381
36082
36187
36674
36274
36117
35772
35445
36027
35636
36326
35993
35372
35016
35669
35238
35556
35956
35476
35163
35934
35538
35886
35461
35366
35789
35647
35664
35924
36001
35809
35716
35618
36281
35953
35945
35940
35908
35835
35386
35708
35402
35385
35563
35517
35072
35357
35194
35225
34996
35220
34992
34699
35104
34785
34885
35047
34949
35253
35521
35601
35900
35805
36032
35947
35928
35833
35968
35976
36105
36260
36037
35292
35581
35668
36082
35577
35766
36012
35168
35356
35430
35396
35968
35165
35440
35518
35814
35988
35588
35626
35707
35430
35937
35526
35652
35470
35380
35659
35485
35316
35428
35549
35458
36103
35414
35638
35173
35450
34908
34432
35218
35368
35038
35604
34944
35202
35364
34982
35444
34785
35108
35098
35258
35392
35357
35106
35200
35341
35200
35118
34696
34548
34869
34749
34980
35112
34962
34678
34985
34772
34934
34374
34678
34934
34555
34589
34603
34827
34554
34448
34496
34666
34570
34414
34358
34076
34549
34208
34714
34664
34267
34512
34437
34644
34102
34336
34612
34490
34454
34803
34605
34310
34641
34308
34313
34614
34427
34745
34697
34071
34186
34312
33898
34200
34580
34571
34090
34060
34286
34344
34238
33856
34215
34187
34070
34186
34170
33842
34153
33736
33685
34200
34112
33674
33750
33828
33988
34288
33705
33848
33798
33910
33954
33883
33627
33880
34314
34024
33748
33189
33642
33806
33974
33512
33272
33330
33254
33501
33491
33362
33089
33316
33232
33466
33082
33382
33478
33268
33135
33369
32776
32900
32881
33058
32769
33026
33249
32976
33078
33428
33169
33048
33110
32874
32747
32753
32916
32660
32658
32732
32450
32178
32453
32341
32699
32308
32244
32524
32549
32727
32026
32392
32476
32300
32405
32398
32130
32066
32196
32276
31976
32150
32148
32054
32091
31951
32082
32100
32088
31703
32237
31711
32046
31602
32482
31568
31749
31724
31977
31938
31949
31644
31654
32007
31835
31642
31716
31369
31415
31362
30927
30711
30891
30504
30697
30404
30714
30562
30473
30912
30623
30683
30912
30660
31053
30714
31429
30822
30342
30637
31272
30424
30566
30488
30655
30539
30493
30418
30466
30122
30352
30533
30476
30644
30450
30496
30331
30104
29972
30234
30244
30034
29832
29770
30168
29956
30155
29898
29588
30029
30218
29913
29416
30034
29526
29970
29722
29556
29560
29451
29168
29320
29305
29164
29267
29044
29142
29427
29317
29340
29171
29357
29096
29280
29019
29197
29417
29113
29270
28684
28873
29017
28842
29076
28938
29014
28553
28558
28810
28845
28908
28360
28699
28185
28649
28320
28476
28256
28609
28433
28096
28210
28313
27522
28013
27541
27181
27386
27926
28020
27461
27224
27493
27707
27613
27645
27463
27213
27181
26683
26794
27102
27414
27272
27017
27026
27332
27066
27304
27325
27439
27272
27428
26938
27718
26994
26794
26907
27052
27097
27050
27308
26867
27004
26697
27114
27174
26518
26532
26101
25560
25440
25342
25565
25368
25584
25192
25292
25533
25509
26120
26038
26181
25980
26126
25986
26169
26485
26118
25567
25818
25888
25560
25848
25623
25666
25796
25777
25447
25184
25582
25353
25120
25188
25557
25259
25431
24937
25198
24859
25031
25067
25141
24983
25407
25146
24520
24802
24761
24212
24475
24634
24682
24479
24370
24865
24032
24683
24064
23809
23308
23226
23354
23610
23484
23288
23646
23332
23547
23666
24186
23560
23947
23832
23929
24056
23646
23702
23901
23648
23885
23641
23568
23429
23480
23581
23330
23026
23271
23130
23237
23272
23064
23000
22839
22677
22550
22493
22376
22380
22348
22624
22485
22797
22722
22384
22610
22517
22414
22445
22183
22383
22417
22167
22341
22100
21979
21841
22165
22065
21820
21977
21780
21677
21692
21770
21444
21432
21568
21632
21987
21488
21321
21277
21311
21227
21588
21110
21133
21236
21532
20922
21098
21238
21101
20948
20980
21018
20736
20782
20808
20418
20781
20685
20449
20640
20534
20426
20715
20498
20415
20256
20310
19988
20090
20412
20407
20239
20066
20269
20074
19968
19912
19736
19921
19949
19856
20091
19753
20088
19958
19927
19453
19419
18952
18906
18808
18804
18794
19108
18861
18866
19240
18923
19235
19195
19131
19154
18844
19017
19283
18875
18895
18885
18922
18802
19054
18676
18594
18644
18367
18767
18587
18458
18402
18120
18345
18180
18639
18406
18362
18420
18407
18309
18095
18111
18088
18088
18038
18159
17917
18089
17949
18010
17961
17940
17813
17757
18063
17814
17807
17642
17860
17626
17748
17853
17551
17449
17684
17358
17713
17629
17672
17512
17012
17164
17214
17406
17201
17291
17221
17135
17275
17108
17028
17433
16698
16907
17149
17076
16940
16996
16822
16864
16859
16883
16600
16923
16804
16698
16715
16603
16512
16303
16601
16539
16607
16456
16600
16512
16420
16435
16341
16427
16308
16402
16343
16338
16313
16349
16329
16110
16338
16404
16216
16283
16314
16118
16052
16036
16156
16065
16164
16021
15850
16160
15842
15944
15939
16010
15821
15768
15754
16105
15782
15835
15812
15752
15578
15677
15702
15655
15703
15388
15541
15806
15717
15477
15394
15378
15744
15705
15847
15697
15443
15416
15493
15607
15268
15188
15693
15770
15535
15188
15255
15136
15488
15264
15306
15384
15444
15306
15538
15288
15187
15364
15258
15178
14871
14856
15090
14848
15297
15016
15109
15040
15274
15119
15076
15125
15048
15367
15028
15117
15154
14978
14999
15018
15366
15090
15270
15082
15185
15072
15227
15006
15204
15267
15076
15283
15279
14925
15103
15069
15083
14967
14998
14703
15088
14943
15404
14950
15006
14990
15221
15129
14925
14864
14980
15405
15125
14987
15089
15066
15249
15313
15125
14996
15076
15112
15069
15255
15042
14964
15070
15224
15174
15110
15114
15168
15056
15220
15084
14948
15272
15161
15248
15439
15348
15529
15396
15211
15444
15261
15288
15591
15415
15424
15530
15316
15594
15402
15214
15179
15444
15592
15582
15589
15588
15460
15501
15630
15370
15393
15478
15605
15673
15389
15381
15744
15411
15579
15561
15853
16020
15417
15639
15338
15771
15483
15482
15888
15696
15724
15682
15866
15924
16006
15892
15841
15932
16042
16000
15872
15762
15872
15667
15697
15877
15869
15802
15799
15785
16000
15754
16019
15860
16058
16079
16288
16348
16684
16488
16552
16489
16196
16587
16184
16416
16824
16744
16558
16693
16792
16832
16656
16944
16917
16900
16943
16925
16933
16945
16917
16675
16980
17300
16827
17226
17137
17212
17003
17112
17250
17100
17383
17279
17359
17621
17284
17382
17796
17708
17572
17513
17523
17609
17751
17771
17695
17752
17613
17607
17808
17796
17611
17837
17674
17697
17677
17718
17554
17548
17397
17609
17629
17673
17884
17915
18390
18108
18084
18186
18160
18148
18005
17810
18176
18306
18188
18474
18402
18464
18181
18168
18550
18556
18669
18768
18835
18398
18476
18791
18757
18730
18932
19053
18728
18898
18720
18623
18772
18842
18759
18860
18606
19150
18964
19024
18882
19028
19019
18813
19147
18730
18710
18999
19349
19051
19038
19072
19410
19266
19397
18934
19351
19205
19468
19639
19429
19341
19110
19242
19400
19597
19263
19536
19378
19298
19287
19555
19346
19528
19389
19755
19542
19659
19502
19672
19718
19376
19729
19817
19455
19521
19714
20139
19812
20026
19952
19800
19905
19618
19914
19784
20012
19890
19632
19912
20169
19848
20091
19581
19773
19981
20130
20027
19961
20013
19820
19688
19772
19653
19148
19300
19302
19479
19750
19832
20040
20243
20225
20253
20217
20021
20026
20238
20239
20135
20248
20198
20453
20116
20109
20680
20413
20088
20199
20133
20349
20061
20260
20278
20154
20258
20212
20150
19996
20435
20298
19960
20347
20269
20298
20052
20064
20418
20513
20210
20139
20155
20186
20052
20230
20246
20081
19935
20277
20102
20091
20026
19992
20266
20096
20231
20148
20214
20187
20176
20104
20314
19980
20045
20036
20045
19862
20073
19916
20168
19696
20378
19892
19957
20096
19892
20045
20105
19993
19831
19730
19637
20138
19846
19532
20077
19992
19558
19863
19625
19637
19421
19730
19890
19613
19573
19396
19699
19547
19167
19418
19373
19490
19445
19380
19273
19245
19255
19422
18889
19443
19140
19235
19326
18880
18750
18984
19096
19210
18807
18956
18978
18917
18965
18933
18750
18692
19009
18875
18461
18407
18646
18566
18415
18552
18611
18180
18742
18350
18571
18493
18541
18486
18282
18277
18350
18274
18064
18018
18235
18022
18093
18244
18042
18064
18016
17944
17908
17822
17596
17592
17708
17411
17680
17994
17513
17344
17449
17480
17379
17296
17420
17279
17076
17227
17258
17201
16857
17159
17274
16912
17194
16971
17061
16581
16653
16769
16561
16460
16768
16720
16447
16572
16837
16586
16391
16400
16290
16056
16310
16165
16092
16037
16343
16084
15796
15876
15606
15680
15685
15954
15453
15706
15476
15466
15779
15814
15329
15225
15550
15528
15150
15497
15034
15377
14922
14757
14840
14825
14942
14765
14625
14825
14572
14694
14732
14742
14573
14339
14269
14407
14136
14276
13790
13838
13910
14016
13735
14013
13834
13841
14008
13621
13831
13621
13546
13795
13385
13384
13176
12666
12351
12234
12323
12523
12748
12930
13093
12824
13071
12783
12740
12874
12679
12880
12411
12381
12561
12158
12528
12271
12069
11956
11904
12007
11754
11596
11811
11743
11524
11444
11268
11616
11387
11321
11150
11386
11389
11092
11014
10944
11048
11048
10508
10745
10814
10521
10550
10438
10439
10349
10322
10364
10141
10263
10246
10258
9929
9986
10007
9935
9897
9906
9636
9688
9602
9544
9611
9448
9488
9409
9153
9165
9146
9221
9077
9100
8898
8854
8900
8646
8711
8751
8681
8758
8538
8453
8511
8394
8311
8246
7901
8163
8253
7967
7797
7890
7978
8075
7924
7792
7848
7833
7579
7774
7583
7675
7689
7597
7330
7248
7267
7130
7373
7139
7223
7152
7079
6905
7088
6804
6972
6949
6855
6866
6692
6725
6667
6534
6745
6520
6562
6612
6633
6437
6523
6347
6324
6308
6239
6108
6065
6070
6248
6095
6140
6000
6006
5923
6038
6201
5836
5847
5696
5694
5705
5837
5707
5613
5711
5600
5694
5596
5537
5425
5526
5495
5345
5246
5223
5107
5036
5192
5282
5121
5219
5159
5102
5134
5188
5159
5109
5163
5066
5086
5013
5100
5182
5084
5145
4882
4823
4908
5003
4968
4785
4744
4850
4853
4759
4730
4670
4678
4817
4653
4687
4682
4614
4565
4663
4823
4764
4634
4424
4555
4522
4420
4471
4561
4484
4370
4477
4422
4378
4507
4514
4428
4156
4355
4388
4319
4184
4318
4303
4189
4202
4256
4190
4170
4349
4182
4243
4188
4359
4377
4235
4276
4112
4123
4027
4066
4015
4173
3971
4106
4068
3955
4022
4165
4045
