5481
5484
5406
5395
5531
5593
5446
5567
5593
5542
5594
5519
5669
5487
5535
5571
5574
5590
5507
5540
5654
5522
5518
5562
5766
5559
5639
5630
5597
5642
5848
5697
5554
5818
5747
5623
5557
5668
5788
5627
5699
5872
5844
5905
5928
5724
5872
5751
5850
5754
5844
5863
5677
5711
5816
5836
5941
5824
5731
5866
5798
5812
5751
5763
5625
5676
5853
5946
5843
6015
5856
5715
6089
5966
5917
5964
6056
6096
5942
5904
6146
6010
5977
6148
5949
6005
6130
6048
6239
6082
6136
6268
6065
6165
6218
6066
5988
6231
6060
6313
6157
6106
6197
6325
6323
6087
6188
6277
6290
6348
6305
6292
6340
6381
6225
6339
6109
6346
6212
6263
6400
6172
6211
6261
6346
6455
6578
6646
6351
6426
6408
6539
6437
6299
6344
6351
6499
6587
6429
6605
6660
6584
6429
6576
6598
6558
6490
6630
6557
6628
6597
6717
6509
6543
6700
6718
6482
6696
6679
6581
6741
6630
6749
6619
6586
6645
6821
6781
6785
6814
6763
6551
6676
6836
6794
6710
6722
6902
6891
6886
6730
6933
6919
6880
6948
7124
6982
6931
6887
6901
6780
7069
7173
6841
6713
6814
6909
6848
6801
7164
7240
6937
6990
7047
7044
7072
7047
6941
6829
7125
7013
7237
7043
7077
6990
7156
7395
7221
7050
7216
7161
7155
7238
7215
7190
7073
7358
7106
7006
7182
7409
7148
7342
7203
7293
7368
7305
7356
7424
7513
7394
7424
7265
7403
7583
7397
7392
7596
7628
7646
7357
7582
7536
7420
7461
7329
7577
7649
7556
7414
7761
7714
7685
7686
7612
7645
7537
7669
7636
7768
7810
7809
7788
7604
7701
7684
7739
7808
7755
7954
7860
7771
8004
7624
7816
7882
7733
7707
7540
7846
7655
7764
7804
7795
8060
7937
8018
7865
7740
8084
7927
8194
7753
7903
8024
7860
8179
8121
8125
7940
8160
8192
8325
8084
8133
8202
8310
8147
8230
8177
8185
7942
8182
8286
8425
8270
8349
8168
8223
8372
8022
8221
8272
8288
8362
8480
8353
8272
8379
8275
8661
8403
8621
8466
8472
8290
8454
8102
8173
8512
8436
8443
8356
8360
8694
8646
8582
8579
8510
8503
8639
8523
8774
8594
8769
8656
8650
8776
8722
8818
8744
8630
8780
8624
8750
8670
8608
8820
8664
8824
8746
8988
8844
8998
8710
8950
8957
8943
8899
8954
8813
8799
8911
8842
9133
9030
9165
9159
8834
9043
9357
9020
9231
9220
9144
9257
9379
9113
9074
9046
9261
9151
9280
9272
9336
9309
9311
9298
9216
9426
9278
9356
9521
9480
9284
9381
9239
9485
9478
9516
9691
9584
9487
9559
9614
9624
9671
9481
9652
9528
9613
9477
9725
9616
9599
9766
9661
9892
9878
9745
9628
9642
9902
9718
9801
9763
9995
9902
9928
9957
9781
9905
9883
9976
10021
9851
9827
10234
10061
10101
10061
10223
10086
10121
10200
9933
9970
10221
10171
10021
9950
10368
10090
10312
10207
10251
10313
10424
10419
10338
10185
10156
10133
10304
10197
10330
10376
10525
10333
10251
10277
10339
10486
10310
10337
10457
10498
10502
10576
10376
10508
10548
10774
10455
10557
10789
10598
10736
10527
10760
10693
10557
10861
10847
10586
10562
10617
10630
10848
11023
10735
10824
10794
10958
10809
10871
10585
10958
11120
11236
10932
10900
10910
11041
10910
10870
11030
10877
10900
11213
11272
11119
11278
11281
11135
11344
11170
11021
11320
11258
11114
11068
11176
11125
11280
11308
11585
11365
11249
11394
11368
11403
11439
11390
11595
11701
11435
11563
11389
11487
11680
11643
11573
11546
11482
11800
11662
11677
11382
11840
11666
11804
11705
11746
11483
11871
11628
11803
11835
11782
11789
11896
11779
12120
11756
11844
11872
11776
11709
12032
11937
12090
12198
12159
11898
12242
11974
11984
11925
12144
11931
12382
12166
11987
11797
12084
11713
11885
11656
11736
11499
11822
11757
11891
12104
12009
12486
12507
12315
12625
12167
12289
12499
12423
12694
12752
12787
12604
12403
12448
12601
12735
12765
12940
12633
12861
12674
12876
12841
12792
12779
12790
12946
12596
12610
12789
12835
13233
13072
13063
12977
12869
13028
12965
13102
13003
12989
12989
12812
12964
12946
13214
13034
13192
13156
13266
13186
13431
13348
13264
13218
13159
13244
13608
13389
13581
13266
13618
13150
13169
13490
13263
13342
13403
13407
13460
13503
13568
13861
13719
13697
13746
13900
13909
13616
13775
13605
13724
13942
13994
14029
14019
14062
13896
13950
13999
14010
13932
13964
14047
13959
14240
14224
14051
14081
14161
14096
14180
14387
14294
14332
14363
14510
14363
14412
14476
14097
14381
14605
14665
14896
14596
14743
14688
14358
14722
14510
14870
14600
14725
14612
14688
14985
14724
14705
14920
14873
14886
14816
14683
14956
15013
14943
15080
15152
15056
15047
15253
15120
15057
14998
15237
15048
15289
15277
15161
15237
15170
14994
15130
15204
15157
15288
15359
15287
15445
15124
15594
15548
15324
15552
15639
15826
15962
15717
15508
15507
15352
15684
15503
15625
15524
15926
15872
15488
15795
15934
15796
15760
16129
15784
16114
15802
16033
15891
16218
16133
15940
15992
15746
16149
16168
16038
16116
16192
15898
15652
16205
16235
16277
16097
16317
16298
16522
16308
16452
16403
16378
16331
16544
16429
16425
16754
16468
16648
16782
16951
16693
16946
16539
16688
16554
16924
16905
16583
16786
16796
17223
17046
16955
17074
16834
16884
16928
17053
17069
16933
16901
16992
17127
17236
17348
16997
17118
17261
17066
16798
17055
17147
16593
16513
17024
16798
16848
17030
17354
17076
16858
17538
17310
17281
17513
17508
17365
17443
17715
17705
17536
17626
17747
17805
17627
17580
17675
17836
17818
17748
18114
17945
17877
17942
18186
17996
17798
17882
18228
18091
17972
18180
18187
17904
17984
18436
18074
18422
18233
18281
18189
18372
18210
18490
18450
18394
18414
18381
18475
18361
18414
18230
18427
18309
18489
18221
18475
18499
18561
18319
18773
18781
18849
18824
19167
18976
19015
19019
19156
19046
18972
18882
19051
19089
19204
18985
19194
19092
19149
19254
19281
19357
19445
19157
19271
19450
19311
19288
19370
19483
19336
19510
19435
19621
19545
19575
19843
19636
20123
19960
20032
19886
19789
19812
20056
19908
20016
19996
19803
19763
19576
19789
19768
19928
19972
20202
20138
20015
20387
20304
20127
20264
20140
20303
20298
20187
20690
20331
20438
20581
20672
20285
20484
20166
20283
20438
20266
20433
20217
20204
19885
20355
20294
20399
20628
21001
20794
20982
20702
20903
21204
20902
20963
20890
20972
21151
21100
21179
21068
21177
20864
20983
21604
21083
20914
20910
20952
21245
20970
20818
20843
20840
20753
20786
20140
20643
20736
20848
20698
21050
20920
20628
21494
21526
21552
21830
21979
21738
21888
21689
21595
21661
21738
22042
21433
21696
21478
21078
20608
20377
19794
19391
18849
18025
17836
17132
16807
17045
17291
17835
18757
19401
20438
20844
21706
22404
22988
22840
22668
22730
23099
22936
23030
22862
22923
22737
22604
22966
22507
22747
22827
22700
22747
22784
22985
23177
23154
22712
22875
22784
22862
22625
22804
22390
22724
22721
22737
22521
23188
22930
23057
23396
23309
23316
23197
23656
23632
23694
23525
23597
23496
23275
23436
23580
23140
23385
23354
23575
23365
23513
23418
23513
23481
23417
23732
23242
23626
23428
23556
23762
23652
23599
23970
23552
23592
23748
23610
24054
23970
23586
24072
24120
24080
24071
24119
24340
24076
24072
23887
24429
24148
23924
23896
24093
24255
24248
24148
23972
24285
24030
23988
24013
24299
24317
24411
24342
24378
24780
24411
24809
24552
24868
25068
25093
24780
25137
25134
25273
25175
24948
24976
25240
25508
25209
25188
25192
25320
25338
25668
25314
25738
25766
25744
25636
26119
25454
25442
26011
26070
25740
26246
25868
25697
25688
25128
25179
24616
24347
24027
23828
23952
23816
23930
24083
24798
25296
25685
26066
26112
26136
25861
26392
26349
26269
26205
26646
26340
25895
26072
26624
26065
26344
26008
26204
26361
26444
26562
26640
26258
26378
26234
26578
26284
26660
26555
26852
26237
26728
25936
26516
26803
26620
26772
26964
26626
26817
26826
26816
27032
27224
26990
26784
26883
26858
26841
27300
27005
27322
27018
26934
27072
27265
27256
27352
27304
27274
27560
27627
27448
27252
27342
27530
27530
27256
27453
27568
27700
28012
27542
27632
27615
28057
27852
27362
27849
28022
27840
27668
27630
27602
27988
28136
27904
27789
27712
27824
28164
27908
28068
28215
28125
28249
27980
28111
28470
27953
28372
28201
28685
28353
28683
28632
28257
28429
28653
28751
28719
28624
28706
28937
28835
28708
28693
28556
28584
29299
28790
28687
29081
29224
29007
28844
29147
29313
29122
28934
29517
29483
28888
29274
28928
29581
29316
29248
29493
29010
29590
29394
29405
29397
29549
29597
29506
29638
29225
29557
29451
29224
29604
29589
29952
29610
29764
29868
29312
29574
29535
29796
29988
29808
30168
29996
30109
29935
29755
29955
30326
30045
29878
29545
29968
29854
30073
30135
30141
30282
30161
30565
30552
30356
30453
30353
30347
30056
30507
30027
29806
29581
30143
29844
29657
29952
29927
29986
30229
30522
30364
30605
30786
30918
30654
31012
30605
30753
30749
30675
30692
30729
31218
30667
31327
31252
30926
31198
31140
31207
31089
30956
31266
30904
31147
31207
31360
30824
31274
31374
31300
31172
31412
31501
31341
31620
31298
31509
31429
31289
31730
31725
31528
31391
31172
31468
31454
31861
31453
31364
31625
31620
31398
31460
31688
31671
31856
31345
31610
32080
31816
32137
32094
32219
32155
31602
32215
31908
32220
31856
31992
32128
31909
31876
32000
31796
32370
31820
32173
32309
31900
32205
32485
32005
31930
32548
32124
32154
32350
32218
32494
32392
32428
32813
32394
32576
32748
32365
31992
32616
32633
32841
32917
32144
32246
32860
32573
32867
32336
32952
32664
32740
32864
32464
32729
33036
32589
32557
32470
33012
32872
32844
32864
32567
33094
33346
32742
32896
33186
32920
32996
32765
33236
33056
33098
33227
33123
33134
33154
32916
33024
33344
33367
33235
33066
33349
33515
33764
33353
33500
33419
33682
33770
33417
33592
33528
33563
33613
34020
33512
33433
33364
33632
33542
33141
33786
33957
33334
33716
33556
33660
33748
33804
33640
33865
33727
34068
34097
34320
34029
34456
33868
34148
33988
34036
33913
33904
33908
34126
33988
33898
34157
34388
34261
34149
34098
34115
34074
34428
34344
34548
34521
34536
34344
33774
33684
33465
33488
33028
33240
33166
33013
32881
33426
33652
34091
34738
34594
34416
34829
34565
34790
34514
34596
34491
34314
34504
34682
34180
34488
34808
34597
34844
34652
34767
34675
34724
35192
34614
34938
34570
34123
34822
35016
35165
34727
34761
35130
34793
34804
34739
34893
35191
34922
34914
34986
35072
34641
34690
35000
35194
34980
35012
34976
34820
34924
35432
35000
35257
34960
35138
35590
35302
35207
35385
35394
35321
35177
35316
34944
35020
35060
35669
35378
35252
35116
35302
35202
35292
35148
35290
35460
35547
35305
34999
35262
35624
35291
35257
35592
35457
35624
35030
35368
35668
35493
35522
35380
35785
35365
35643
35668
35883
35528
35316
35655
35916
35596
35540
35840
35236
35649
35701
35545
35697
35588
35807
35456
35774
36004
35924
35588
35630
35436
35786
35401
35751
35109
35464
36058
35648
35357
35316
35721
35341
36005
35700
35809
35758
35793
35524
36018
34961
36025
35562
35925
35953
35758
36143
35830
36316
35693
36096
35824
35857
35677
36134
35876
36312
36254
36139
35883
35986
36248
36166
36162
36068
36140
35822
36132
35824
35748
36265
36160
36492
35909
35620
36266
36198
36052
36157
36160
36289
36042
36145
36096
36096
36472
36087
36219
35985
36096
36380
35909
36368
36101
36154
35968
36052
36099
36304
36264
35897
36374
36228
36228
36596
36508
36230
36125
35968
36317
36086
36178
36334
36212
36267
36250
36313
36580
36173
36265
36077
35979
35973
36224
35674
35853
35934
35781
36047
35961
36153
35816
36522
35904
35984
36273
36160
36232
36160
35932
36056
36260
36206
36309
36313
36004
36256
36285
35819
36340
36461
36153
36096
36314
36006
35968
35992
35892
36172
36488
36255
36041
36416
36346
36681
36166
36262
36725
36376
36152
36301
36524
36696
36504
36395
36261
35797
36436
36600
36299
36467
36136
36128
36212
36459
36452
36061
35815
36009
36320
36169
36072
36610
36299
36211
35620
36065
35921
36333
36120
35494
35588
35466
35904
36022
35830
36058
35657
35992
35876
35748
36058
36124
35600
35834
35884
36096
36376
36678
36305
36170
36039
35975
35492
35980
35551
35821
35386
35356
35349
35446
34904
34905
35611
35046
35238
35561
35498
35311
35431
35372
35506
35389
35888
35880
36380
36392
36258
36069
36102
36286
35978
35817
36036
35956
35952
35920
35764
35653
35442
35938
35786
35631
35538
35497
35944
35769
35362
35800
35645
35690
35500
35796
35536
35706
35787
36084
35568
35506
35916
35869
36082
35624
35591
35652
35748
35830
36080
35818
35947
35542
35196
35140
34982
34949
35119
34837
35114
35435
35276
34891
35001
35118
34918
35252
35458
35158
35230
35385
35218
35078
34861
35459
35194
35124
35141
34931
35200
34779
35441
35042
34901
35316
35294
35145
34985
34916
34314
34746
34964
34773
34434
34654
34779
34774
34970
34472
34895
34190
34266
34665
34524
34634
34976
34460
34484
34867
34775
34436
34456
34388
34280
34165
34485
34532
33936
34416
34427
34602
34252
34460
34320
34069
33997
34137
34048
33860
34277
33886
34072
34107
34600
34068
34176
34036
34258
34037
34209
34228
33814
33849
33559
33826
33626
33528
33900
34065
33653
33692
33499
33488
33445
33753
33435
33597
33685
33438
33636
33579
34241
33336
33133
33701
33453
33708
33303
33218
33764
33178
33541
33028
33024
33470
33243
33346
32593
33194
33137
32874
33029
32992
33240
32834
33028
33113
33254
32837
32834
32712
32614
33252
32826
32648
32757
32811
32667
32750
32681
33109
32542
32602
32715
32907
32442
32408
32698
32440
32005
32118
32450
32196
32200
32308
32413
32178
32509
32220
32187
31444
32190
31834
32181
31964
32149
31884
32157
31892
32261
32053
31821
31896
31801
31808
32006
31794
31510
31892
32113
31920
31910
31718
31679
32140
31369
31908
31429
31361
31826
31817
31746
31433
31465
31432
30976
30789
31150
30900
30957
30136
30797
30260
30841
30766
30420
31044
30728
31054
30836
30716
30600
30750
30941
30703
30534
30932
30692
30519
30768
30668
30936
30376
30456
30440
30358
30490
30475
30486
30424
30398
30250
30116
29952
29954
30121
29956
29760
29853
29909
30136
30138
29636
29806
29986
29252
29394
29717
30102
29880
29629
29631
29658
29734
29474
29662
29508
29177
29519
29040
29434
29502
29159
29074
28800
29101
29010
28987
29322
28884
28688
28716
29124
28758
29095
28762
28840
28518
28559
28410
28538
28742
28654
28884
28770
28742
28492
28424
28076
28293
28561
28120
28354
28003
27972
28132
27739
27712
28120
27732
27596
27489
27124
27089
27172
27209
27319
26913
27414
27310
27341
27614
27256
26742
26744
26603
26693
26588
26425
26539
26725
26901
26733
27189
26886
26804
26745
26397
26714
26642
26701
26864
26922
26573
26792
26522
26765
26484
26497
26221
26253
26624
26761
26215
26158
25695
25307
24769
24785
25222
25186
24846
25090
24902
24948
25308
25526
25886
25546
25730
25706
25498
25680
25625
25611
25428
25300
25276
25457
25058
25020
25275
25454
25276
25143
24645
24884
24542
24692
24850
24686
24781
24606
24592
24467
24809
24502
24559
24618
24778
24664
24343
24943
24301
24410
24500
24221
24164
24309
24335
23988
24315
24194
23993
23761
23040
22826
22716
22708
22640
22605
22756
23008
22823
23324
23307
23450
23586
23374
23604
23434
23130
23364
23193
23283
23045
23179
23478
22902
22857
22857
22888
23037
22816
22840
22561
22714
22330
22424
22399
22438
22200
22273
22010
21784
21780
21688
21816
22190
22090
22112
21684
22364
21890
21789
21709
21977
21707
21912
21802
21637
21669
21770
21807
21674
21760
21648
21705
21375
21568
21182
21406
21261
21060
21243
21002
20872
20861
21114
21147
20873
20804
21018
20994
20898
20454
20662
20513
20872
20773
20608
20454
20364
20449
20632
20456
20212
20463
20676
20262
20310
20502
20152
20081
20017
20233
20025
20084
19931
19944
19882
19847
19978
19830
19737
19781
19626
19919
19452
19266
19623
19593
19430
19696
19717
19373
19242
19148
19251
19265
18498
18434
18452
18450
18432
18387
18980
18508
18546
18509
18634
18767
18383
18574
18735
18554
18068
18811
18315
18343
18661
18296
18184
18276
18519
18412
18347
18352
18156
18217
18041
17801
17945
17869
17724
17656
17736
17744
17680
17952
17600
17771
17830
17677
17513
17429
17674
17586
17299
17416
17526
17272
17325
17360
17580
17577
17551
17598
17029
17160
17246
17028
17188
17232
17093
16876
17112
17388
17217
16768
17036
16721
16678
16754
16598
16896
16922
17066
16517
16512
16525
16782
16719
16603
16776
16536
16512
16323
16684
16660
16442
16643
16243
16405
16364
16228
16266
16252
16027
16260
16135
16167
16475
16388
16078
16282
15934
16175
15648
15997
15961
15913
15789
15895
15856
15930
16040
15804
16041
16179
15963
15814
15600
15937
15989
15800
15639
15788
15804
15465
15577
15683
15450
15662
15441
15824
15676
15758
15459
15363
15522
15424
15392
15152
15725
15522
15716
15527
15492
15337
15329
15520
15566
15250
15324
15357
15314
15531
15448
15566
15280
15503
15127
15249
15188
15141
15464
15108
15308
15336
15309
15159
15450
15182
15102
15047
15278
14820
15005
14959
15217
15096
14959
15004
15086
14917
15000
15234
15203
15185
15146
15027
15257
15149
14866
15028
15160
15067
15094
15025
15368
14969
15060
14928
15313
14983
15146
14949
15099
15135
15020
14904
15097
15067
14937
15000
15099
15418
15024
14980
15236
14943
14933
14857
15063
14767
15188
15513
15005
15284
15364
15319
15503
14946
15208
15340
15280
15130
15030
15150
15126
15141
15369
15144
15241
15380
15242
14901
15285
15019
15112
15077
15261
15238
15494
15223
15273
15358
15522
15289
15009
15423
15459
15437
15065
15444
15404
15549
15274
15352
15545
15459
15323
15371
15498
15658
15800
15564
15654
15549
15744
15781
15726
15824
15476
15747
15603
15882
16106
15878
15595
15627
15973
15702
15686
16066
15881
15764
16118
16011
15775
15501
15782
15928
15999
15776
15979
15913
16166
15916
16065
16062
16273
16504
16336
16205
16220
16408
16231
16206
16605
16173
16285
16495
16698
16181
16012
16181
16107
16485
16463
16444
16451
16491
16682
16675
16912
16806
17117
16986
16814
17252
17230
16985
17094
17120
16978
17093
17256
17335
17304
17329
17529
17210
17334
17284
17392
17820
17830
17577
17466
17753
17812
17835
17556
18100
17781
17701
17764
18030
18203
18184
18082
18119
18096
18111
17944
17986
18009
18443
18356
18106
18518
18555
18845
18356
18821
18523
18296
18688
18655
18652
18597
18612
18378
18452
18681
18233
18550
18233
18286
18205
18777
19065
19131
18670
18612
18979
18934
19330
19154
18932
18788
18945
19284
19114
19359
19606
19620
19620
19810
19736
19374
19851
19397
19744
19792
19752
19973
19803
19584
19721
19923
20055
20052
19949
19878
20076
19812
20270
19858
20011
20237
20257
20322
19922
20032
20133
20194
20490
19997
19868
20295
20244
20731
20318
20554
20554
20560
20905
20660
20613
20722
20539
20818
20781
21094
20932
20730
20658
20662
20996
20529
20966
21060
21028
21044
20966
21079
21016
20566
21004
20829
21260
21231
21301
20950
21020
20860
21194
21068
21290
20917
21419
21190
21012
21335
21162
21244
21365
21460
21014
21018
21266
21453
21405
20964
21242
21177
21125
21549
21153
21176
21592
21254
21242
21017
21154
20633
20596
20562
20454
20374
20827
21456
21258
21556
21546
21738
21536
21530
21692
21425
21261
21461
21556
21542
21264
21686
21652
21532
21396
21384
21863
21450
21466
21798
21477
21597
21140
21485
21585
21677
21236
21593
21309
21492
21466
21544
21354
21472
21498
21594
21677
21273
21478
21471
21642
21662
21405
21632
21505
21383
21032
21548
21402
21786
21440
21449
21622
21164
21204
21537
21296
21388
21375
21261
21471
21362
21360
21125
21374
21289
21394
21348
21382
21242
21477
21094
21080
21292
21191
21318
21272
20698
21155
21077
20972
21307
20896
20866
21121
21066
20745
20667
21004
20897
20776
20500
20814
20611
20602
20694
20696
20846
21012
20388
20354
20595
20560
20664
20555
20708
20691
20746
20283
20429
20633
20396
20087
20217
20564
20329
20328
19893
20130
19894
20004
20195
19919
20109
20358
20363
20004
19811
19618
19430
19584
19468
19379
19537
19206
19586
19685
19500
19535
19470
19421
19139
19269
19340
19268
19052
19110
19077
18842
19167
19451
19339
18821
19107
18816
18861
18825
18998
18646
18348
18504
18276
18570
18511
18365
18138
18329
18319
18233
18191
18036
18320
18168
18280
17985
18089
17898
17711
17932
17828
17847
17880
17412
17566
17866
17426
17508
17424
17423
17246
17428
17240
17232
17356
16993
17220
16986
17052
17007
16750
16807
16794
16956
16764
16455
16690
16389
16626
16311
16180
16280
16204
16404
16216
16487
16226
16183
16060
16025
15770
15554
15955
15781
15668
15434
15712
15429
15407
15393
15055
15304
15323
15020
15004
15240
14996
14970
14721
14783
14556
14831
14416
14735
14380
14157
14173
14312
14427
14223
14229
14379
14302
14148
14372
13991
14085
13701
13689
13025
12968
12435
12563
12576
12911
13178
13316
13260
13012
13017
13122
13052
12964
12832
12621
12648
12516
12420
12644
12130
12480
12059
12189
12056
11879
12111
11904
11992
11896
11885
11674
11418
11584
11725
11622
11422
11330
11487
11228
11107
11023
11135
10974
10686
10589
10544
10826
10680
10773
10504
10414
10333
10164
10123
10257
10151
10213
10214
9858
9725
9566
9912
9538
9673
9694
9562
9529
9399
9289
9268
9123
9207
9149
9087
9079
9115
8794
8783
8818
8847
8695
8525
8505
8617
8400
8394
8427
8367
8435
8311
8358
8082
8189
8250
7867
8034
8060
7936
7964
7807
7846
7885
7620
7572
7581
7444
7586
7384
7427
7325
7481
7298
7223
7118
7181
7238
6970
7008
6935
7003
7109
6923
6689
6758
6652
6816
6743
6761
6551
6525
6488
6526
6722
6434
6378
6278
6426
6327
6280
6326
6239
6218
6005
6157
6252
6093
6054
6111
5878
5888
5815
5623
5747
5826
5649
5663
5687
5683
5686
5714
5762
5588
5459
5672
5558
5530
5509
5244
5220
5128
5233
5086
5386
5293
5403
5163
5216
5077
5153
5270
5184
5153
5269
5183
4991
5049
5000
4942
5078
4984
5012
4942
4973
4957
4940
4970
4968
4877
4797
4690
4759
4638
4708
4762
4625
4928
4722
4741
4717
4876
4859
4788
4642
4619
4620
4523
4689
4698
4521
4614
4493
4476
4476
4450
4306
4626
4440
4453
4551
4502
4424
4361
4464
4447
4386
4438
4417
4446
4361
4383
4480
4219
4333
4224
4270
4227
4297
4143
4399
4254
4143
4109
4228
4112
4269
4086
4188
4220
4134
