5325
5220
5251
5279
5185
5425
5312
5368
5220
5285
5294
5242
5402
5359
5331
5360
5418
5414
5449
5463
5462
5326
5411
5431
5479
5475
5483
5384
5466
5523
5581
5308
5388
5550
5622
5425
5423
5415
5489
5386
5540
5589
5440
5457
5623
5363
5415
5548
5649
5697
5661
5576
5676
5612
5692
5642
5684
5457
5506
5702
5543
5635
5646
5455
5464
5537
5568
5571
5526
5590
5618
5562
5508
5629
5776
5739
5673
5700
5785
5680
5962
5899
5969
5809
5979
5711
5770
5932
5791
5914
5834
5894
5805
5819
5975
5859
5850
5877
5874
6064
5962
5822
5850
5961
5911
5929
5941
6047
5973
6067
6004
5931
6069
5915
6177
5931
6061
6162
6096
6133
5995
6074
6019
6016
6038
6002
6081
6173
6020
6014
6173
6115
5988
6123
6236
6039
6199
6240
6331
6203
6141
6339
6244
6276
6337
6245
6142
6188
6287
6046
6342
6285
6424
6423
6192
6178
6386
6493
6319
6246
6381
6215
6443
6488
6345
6441
6496
6347
6408
6445
6519
6452
6357
6403
6371
6520
6557
6602
6426
6614
6547
6569
6659
6394
6537
6440
6538
6526
6582
6422
6656
6433
6324
6511
6817
6736
6582
6717
6567
6874
6616
6532
6594
6747
6700
6712
6685
6809
6643
6816
6664
6869
6788
6839
6828
6722
6760
6814
6862
7039
6775
6834
6796
6926
7038
6901
7037
6879
6879
7130
6887
6939
6775
6974
7136
7038
6951
7103
7121
7181
6948
7067
7124
6761
6922
6900
6946
7252
7038
7084
7182
7216
7235
7136
7153
7208
7143
7212
7027
7155
7116
7190
7058
7253
7310
7397
7432
7262
7161
7364
7301
7124
7543
7426
7462
7441
7464
7292
7559
7572
7436
7402
7444
7349
7567
7352
7478
7436
7588
7670
7682
7510
7663
7634
7530
7576
7675
7556
7711
7696
7625
7690
7442
7483
7733
7665
7708
7808
7659
7600
7801
7796
7820
7884
7584
7965
7855
7772
7926
7917
7784
7709
7808
7900
7951
7661
7944
7904
7860
7761
7845
7862
7859
7957
7981
8154
8273
8012
8202
8016
8019
8205
8049
7941
7721
7918
7879
8156
8147
7928
8077
8017
8101
8031
8110
8245
8032
8135
8201
8080
8225
8123
8192
8139
8118
8096
8192
8041
8232
8254
8290
8418
8514
8324
8344
8292
8368
8321
8448
8452
8214
8562
8365
8455
8578
8699
8416
8322
8519
8338
8507
8626
8562
8533
8373
8537
8614
8678
8534
8637
8779
8645
8715
8516
8653
8830
8913
8774
8721
8635
8820
8834
8868
8785
8906
8705
8909
8970
8797
8825
8942
9050
8957
8929
8719
8935
9044
8957
8949
9151
9197
9178
9093
9206
9174
9251
9142
8987
9130
9140
9072
9145
9216
9189
9339
9126
9233
9183
9060
8971
9537
9228
9360
9329
9363
9431
9159
9268
9359
9516
9172
9412
9461
9366
9486
9492
9532
9536
9474
9581
9535
9509
9721
9666
9562
9745
9408
9540
9695
9478
9592
9686
9704
9659
9594
9681
9748
9613
9524
9944
9764
9467
9616
9708
9656
9915
9928
9844
9773
9890
9854
9863
9809
10084
9988
9898
9928
9842
9829
9940
10073
10285
9897
10083
10030
10236
10120
10273
9975
10073
10076
10056
9972
10401
9967
10436
10238
10337
10475
10100
10156
10337
10393
10462
10248
10290
10353
10427
10528
10676
10362
10634
10630
10488
10578
10644
10354
10447
10500
10634
10555
10700
10680
10726
10852
10464
10594
10754
10705
10602
10856
10804
10687
10607
10785
10838
10629
10829
10956
10695
10926
10904
10863
10845
10737
11081
10997
10865
10788
10969
11142
10900
10857
11222
11008
11064
11069
11080
11214
11166
11020
11257
11124
11175
11174
11156
11176
11256
11380
11238
11314
11149
11448
11273
11346
11345
11588
11641
11587
11290
11404
11480
11500
11346
11316
11590
11573
11656
11410
11549
11555
11554
11509
11494
11509
11421
11186
11481
11229
11060
11272
11341
11268
11432
11668
11587
11826
11812
12078
11993
11872
11782
12074
11841
12101
12223
11873
12194
12061
12071
12111
12082
12206
12164
12381
12108
12174
12188
12076
12123
12046
12341
12242
12185
12191
12169
12140
12357
12335
12349
12471
12627
12446
12386
12338
12441
12639
12560
12306
12513
12456
12533
12401
12476
12741
12639
12643
12613
12599
12577
12922
12770
12834
12997
12862
12764
12594
12745
12947
12900
12729
12790
12803
12747
12940
12786
12800
12886
13071
13005
12993
13083
13303
12967
13371
13294
13307
13224
13228
13192
13318
13296
13403
13349
13608
13143
13227
13153
13188
13538
13413
13440
13455
13464
13373
13460
13618
13757
13620
13510
13448
13803
13568
13889
13779
13689
13798
13453
13702
13894
13769
13892
13849
13994
13773
13933
13796
13545
13902
13780
14101
14024
14043
14026
13865
14177
14173
14224
14122
13989
13996
14290
14149
14459
14081
14209
14356
14237
14244
14460
14423
14234
14254
14427
14389
14558
14502
14598
14144
14412
14657
14444
14431
14503
14396
14739
14428
14562
14551
14474
14824
14902
14869
14716
14793
14773
14788
14878
15034
14864
14917
14996
14934
15137
15217
14978
14949
15246
15350
15251
14989
15537
14973
15189
15253
15022
14911
15661
15278
15381
15319
15166
15428
15146
15293
15354
15332
15518
15211
15237
15306
15349
15396
15346
15709
15805
15900
15478
15817
15735
15734
15705
15583
15744
15742
15991
16080
15660
15916
15770
16036
16065
15803
16121
16217
16185
16099
16385
16245
15971
15965
15979
16024
16439
16141
16359
16386
16425
16550
16089
16557
16476
16328
16884
16414
16472
16262
16488
16358
16116
16367
16138
16287
16190
16108
16515
16384
16559
16690
16486
16993
16986
16941
16712
17058
17189
17192
16896
17011
16962
17221
16995
17160
16871
17156
17448
17274
17044
17157
17507
17455
17100
17499
17499
17388
17355
17195
17277
17635
17499
17279
17396
17247
17411
17556
17562
17689
17455
17572
17526
17741
17892
17787
17818
17560
17665
17860
17532
17960
17732
17744
17593
17732
17764
17547
17864
17978
17860
17837
17885
18265
18061
18238
18148
18297
18424
18220
18490
18498
18462
18328
18278
18134
18582
18354
18351
18250
18381
18441
18470
18548
18226
18455
18411
18283
18406
18760
18548
18632
18460
18364
18498
18700
18974
18790
18763
18697
18957
18913
18534
18708
19119
18726
18738
18853
18782
18892
18856
18880
18948
18828
18878
19048
19153
19224
19132
19107
19161
19445
19557
19534
19532
19541
19597
19494
19745
19602
19829
19321
19254
19283
19402
19273
19246
19437
19572
19541
19300
19300
19356
19520
19598
20029
19951
20285
19939
20175
20199
19783
19926
19904
19995
20164
20200
19844
20119
20154
20148
20090
20276
20151
20322
20146
20306
19995
20422
20126
19915
20064
19963
19991
19928
19829
19828
19828
19919
19925
20044
20202
20261
20529
20704
21179
20393
21083
21008
20852
20828
20868
20873
20624
20954
20676
20747
19975
19693
19254
18754
18301
18186
17402
17021
16293
16075
16480
16751
17156
17842
18379
19115
19795
20284
20698
22005
21677
21812
21728
21915
21949
22148
22016
21872
21701
21344
21560
21868
21697
21453
21588
21551
21876
22069
22262
22208
22125
21941
21670
21929
21450
21460
21753
21737
21837
21632
21826
22290
22054
22024
22485
22452
22253
22265
22584
22650
22632
22584
22797
22882
22447
22363
22517
22698
22549
22669
22383
22755
22440
22356
22688
22740
22785
22578
22703
23040
23076
22621
22884
22540
22907
22747
22339
22891
23109
23221
23168
23067
22926
23208
22849
22877
23335
22869
23060
23270
23350
23249
23060
22936
23391
23291
22919
23604
22930
23306
23533
23581
23059
23006
23450
23465
23693
22972
23366
23494
23268
23700
23714
23438
23616
23360
23816
23810
23861
23995
23964
24264
23936
23908
24290
24258
24471
24254
24313
24177
24069
24532
24444
24268
24492
24361
24548
24667
24756
24763
24543
24888
24934
24952
24511
24503
24859
24180
23732
23753
23796
23535
23460
22863
23226
23319
23172
23461
24197
24698
25286
25047
25070
25274
24983
24960
24960
25101
25144
25115
25602
25370
25344
25629
25588
25152
25316
25551
25401
25747
25772
25869
25132
25513
25587
25435
25692
25856
25718
25266
25868
25924
25914
25976
25562
25841
25716
25898
25831
26020
26050
26100
26124
26022
25946
26341
26061
26276
26146
26284
26092
26325
26571
26388
26300
26293
26244
26455
26610
26491
26470
26507
26384
26626
26554
26680
26885
26882
26644
26730
26816
26905
26948
26760
26766
26648
27289
27144
26956
27018
27156
27231
26679
26853
26807
27148
27236
26952
27125
26890
26840
27307
27300
27394
27259
26733
27561
27536
27337
27330
27410
27519
27593
27338
27376
27719
27615
27460
27538
27471
27753
27741
27472
27565
27833
27638
28129
28065
28033
27763
27908
28213
27874
28050
28230
27956
28170
28389
28264
28300
28502
28399
28530
28349
28315
28459
28602
28813
28370
28682
28477
28466
28829
28493
28652
28811
28987
28674
28858
29124
28532
28671
28844
28933
28718
28763
29076
29402
29045
29240
28980
28778
29345
28941
29014
29092
28932
29076
29000
29008
29244
29087
28660
29241
29295
29086
29047
29109
29197
29445
29582
29146
29493
29291
29304
29224
29541
29444
29245
29068
29286
29229
28906
29068
29192
29158
29373
28966
29738
29772
29944
29531
29915
29972
29642
30025
29931
30130
29810
29848
30466
30006
30249
30216
30017
30351
30093
30122
30319
30731
30184
30414
30469
30220
30453
30177
30692
30392
30586
30312
30495
30198
30591
30550
30552
30422
30296
30028
30557
30804
30452
30294
30358
30611
30601
31040
30837
30506
30780
31117
30860
30730
31182
31424
30626
31014
31058
30988
30523
30836
31152
30668
30804
30958
31157
31514
30932
31360
31054
31076
30728
31179
30872
31405
31624
31361
31559
31501
31370
31532
31552
31153
31460
31331
31296
31558
31432
31615
31554
31835
31752
31629
31803
31285
31605
31704
31693
31643
31389
31770
31875
31452
31720
32125
31631
31959
31814
31852
31686
31672
32145
31956
31886
31798
31909
31710
31607
32000
32056
32164
32092
31615
32068
31908
31981
31780
32257
32173
32015
31865
32078
31799
32027
32106
32886
32692
32022
32165
32338
32310
32484
32448
32549
32522
32361
32486
32936
32626
32874
32936
32827
32322
32249
33068
32748
32976
33034
32717
32844
32676
33204
32602
32973
33032
33056
32885
32778
33128
33089
32757
33056
32780
32496
33309
33232
33632
33011
33133
32797
33312
33105
33165
33346
32878
33122
33106
33369
33618
33508
33099
33376
33124
33466
33068
33575
33525
33253
33325
33632
33629
33388
33188
33317
32581
32758
32652
32874
32733
32601
32545
32427
32043
32696
32792
33266
33669
34112
33684
34091
33800
33669
33565
34136
33888
33998
34050
33986
33750
33924
34177
33594
33722
33730
34120
33924
34178
33622
33756
33944
33920
33631
34157
34195
33924
34137
34404
33993
33929
33596
34191
34164
34123
33752
34216
34232
33941
34477
34362
34166
34202
34253
34048
34231
34622
34612
34570
34214
34048
34336
34478
34522
34165
34373
34293
34298
34548
34196
34701
34380
34589
34682
34568
34465
34676
34578
34572
34342
34756
34470
35062
34809
34462
34854
34668
34872
34904
34934
34711
34683
34857
34751
34964
34542
34506
34813
34934
34806
34531
35200
35151
34846
34434
35154
35072
34840
35424
35165
35295
35092
34900
34637
34948
35238
35374
35306
34825
35145
34704
34849
35092
34935
34985
34786
35156
35203
34586
35112
35147
34790
35456
35026
34797
35338
35141
35082
35176
35134
35468
35357
35530
35163
34962
34996
34760
35796
35474
35655
35630
35194
35851
35496
35596
35744
35731
35276
35146
35402
35493
35354
35467
35348
35436
35732
35610
35448
35430
35640
35295
35612
35102
35497
35228
35547
35288
35286
35339
35189
35460
35435
35711
35348
35562
35379
35337
35497
35243
35851
35813
35648
35725
35382
36168
35493
35620
35285
35424
35193
35601
35606
36100
35738
35700
35402
35498
35001
35605
35420
35462
35490
35412
35306
35543
35588
35689
35649
35476
35177
35445
35817
35691
35492
35492
35170
35637
35236
35291
35720
35688
35358
35255
35219
35368
35448
35722
35304
35892
35908
35579
35610
35652
35715
35800
36097
35874
35877
36280
35970
35985
35836
35732
36436
35572
36007
35806
35830
35638
36107
35821
35957
35978
36080
35797
35922
36068
35917
35953
35936
36299
35880
35990
35972
35592
35833
36379
35928
35748
36148
35981
36084
36178
36202
35623
36052
35813
35995
36096
35940
35896
35979
36079
36096
35976
35593
35752
35663
35733
35679
35524
35588
35797
35700
35556
35649
35726
35645
35844
35624
35108
35432
35658
35743
35540
35428
35754
35885
36043
35709
35802
36228
35750
35662
36020
35706
35900
35169
35357
35581
35388
35061
35378
35300
35017
34953
34837
35244
34733
35126
34873
34836
34717
34845
35161
34891
35477
35221
35755
35581
35823
35873
35534
35588
35981
35280
35906
35820
36177
35598
35485
35372
35709
35658
35787
35531
35667
35716
35800
35284
35426
35576
35606
35978
35904
35489
35528
35642
35663
35456
35508
35336
35503
35549
35501
35383
35994
35520
35190
35368
35694
35716
35604
35274
35506
35034
34944
35142
34726
34808
35313
35475
35046
34701
34880
35098
34891
34710
35031
34912
35105
35245
34832
34718
35080
35189
34848
34871
35330
34710
34721
34617
34452
35058
34600
34710
34522
35094
34660
35244
34656
34749
34488
34982
34400
34564
34617
34532
34464
34445
34541
34359
34398
34285
34183
34308
34404
34189
34340
34544
34188
34276
34052
34218
34156
34376
34470
34134
33988
34346
34714
34131
34468
34092
34528
33835
33875
33908
34058
34135
33905
34152
34120
33925
34084
33914
34214
34455
33940
34013
34106
34335
33946
34247
33716
34236
34056
33962
33764
33673
34077
33800
33957
33625
34224
33525
34120
33954
33787
33550
33503
33545
33809
33837
33496
33621
33720
33528
33273
33203
33368
33195
33497
33489
33358
33356
33469
33424
33573
33147
33499
33286
33386
33240
32763
32948
33300
33090
33067
33092
33006
32746
33037
33028
32828
33030
32950
32964
32988
33064
32681
32820
32687
32420
32490
32628
32630
32692
32599
32442
32392
32654
32798
32216
32734
32376
32454
32218
32652
32525
32269
32140
32342
31754
32404
31729
31976
32226
31786
32056
32132
32181
32221
31780
31970
31972
32134
32153
32200
31865
31648
31530
31754
31720
31561
31876
31687
31737
31542
31645
31678
31495
31263
31704
31746
31737
31341
31197
30943
31051
30665
30296
30620
30836
30452
30507
30519
30900
30703
30677
30852
30820
31044
30895
30813
30944
30431
30795
30809
30859
30358
30852
30240
30652
30514
30421
30320
30245
30337
30367
30008
30682
30462
30528
30272
30172
29763
30266
30216
29973
29835
29855
29800
29734
29852
29840
30244
29572
30005
29636
29852
29248
29555
29806
29690
29264
29732
29200
29241
29753
29355
29266
29274
29069
29154
29101
28928
29012
29176
29008
29220
28544
29023
28886
28916
29093
28866
29100
28902
28964
28676
28764
28620
28906
28947
28928
28470
28560
28296
28568
28463
28852
28696
28250
28125
28188
28036
27908
28507
28350
27996
27805
27762
27264
27374
27834
27572
27469
27678
27605
27410
27354
27304
27105
27623
26695
26774
26794
27028
26728
26904
26926
27150
27050
27172
27433
26590
27518
27298
27243
26682
27002
26936
26944
26656
27128
26948
26906
26822
26964
26984
26573
26880
26474
26680
26382
26297
25986
25500
25255
25378
25564
25477
25396
25391
25316
25588
25856
25992
26271
25885
25965
25664
25658
25723
25834
25651
25856
25805
25626
25241
25285
25764
25674
25373
25882
25435
25119
25384
25105
25002
25216
25078
24923
25481
25224
24704
24683
25099
24692
24746
24604
24509
24957
24605
24610
24748
24744
24954
24484
24704
24507
24704
24425
24220
24222
24332
23638
23336
23095
23076
23097
23161
23053
23844
23530
23628
24091
23481
23943
23842
23787
23969
23715
23636
23715
23368
23553
23590
23370
23712
23201
23145
23446
23209
23300
23311
23363
23234
22985
23160
22826
22901
22450
22633
22290
22488
22450
22438
22393
22452
22290
22372
22261
22296
22707
22326
22450
22043
22231
22226
21773
21988
22040
22184
21966
21914
21708
21915
21836
21750
21589
22068
21652
21621
21522
21819
21512
21351
21362
21501
21311
21108
21309
21765
21674
21194
21341
21086
20708
20856
21107
21044
21004
20643
20832
20700
21057
20685
20608
20600
20546
20368
20582
20691
20541
20475
20436
20426
20244
20326
20057
20586
20113
19999
20242
20132
20282
19891
19935
20113
19905
20028
19760
19922
19856
19819
19720
20032
19479
19541
19207
19026
18676
18644
18706
18808
18896
18609
18600
18968
19094
19146
19030
19040
18893
19128
18935
18780
19066
18718
18990
18996
18570
18752
18614
18338
18837
18524
18627
18562
18539
18471
18389
18305
18156
18004
17989
17988
18141
17885
18325
17971
17876
17842
18049
17978
18211
18091
17787
17924
17775
17979
17689
17514
17921
17590
17656
17954
17674
17557
17477
17654
17524
17588
17786
17506
17546
17428
17258
17252
17300
17177
17204
17085
17138
17144
17148
16980
16992
17143
17194
16955
17082
16966
17027
16788
17103
16573
16674
16656
16711
16741
16629
16474
16618
16646
16739
16612
16674
16350
16526
16346
16540
16316
16380
16367
16380
16218
16469
16172
16372
16392
16082
16212
15670
16106
16290
16140
16312
16294
16101
16129
15927
15900
16361
16126
16145
16266
16084
15965
15794
15917
16005
15774
15800
15801
15784
15882
15472
15866
15686
15829
15681
15680
15724
15394
15533
15555
15538
15666
15490
15695
15364
15412
15286
15441
15269
15550
15364
15356
15213
15592
15518
15402
15386
15406
15323
14930
15263
15446
15380
15106
15162
15053
15020
15269
15257
15210
15141
15427
14873
15286
15281
15104
15042
15047
15164
15197
15064
14837
14957
15002
14829
15082
14864
15124
15235
15108
15016
15133
15122
15009
15169
15077
15133
14868
14793
14919
14707
14763
14948
14798
14793
14888
14870
14829
15078
14744
15002
14918
14691
14881
14965
15022
14521
14949
14928
14907
14790
14946
14781
14794
15037
14783
14868
15095
15004
15186
14827
14810
15058
14942
14716
15086
14825
14901
14953
14976
15029
14912
15036
14720
15072
15041
15101
15151
14938
14946
14831
14954
14754
14861
14479
14794
15092
14914
14893
15102
14917
15085
14992
15192
15118
15289
15070
15078
15314
15211
15108
15313
15156
15425
15360
15318
15417
14997
15181
15361
15272
15348
15153
15123
15360
15372
15056
15453
15500
15529
15412
15492
15415
15384
15465
15407
15531
15350
15276
15348
15440
15549
15556
15732
15616
15733
15594
15636
15729
15711
15408
15554
15515
15340
15772
15346
15674
15453
15926
15428
15587
15557
15918
15754
15730
15974
15701
15769
16111
16207
16404
15896
16393
16360
16373
16242
16174
16314
16228
16370
16374
16410
16384
16426
16641
16468
16691
16640
16684
16630
16931
16790
16789
16465
16858
16716
16617
16861
16664
17214
17173
16942
16657
16867
17249
16840
17252
16876
16990
17117
17229
17286
17184
17083
17549
17161
17482
17204
17325
17206
17619
17464
17264
17306
17284
17320
17293
17236
17346
17138
17674
17073
17119
17117
17234
17162
17903
17909
17675
17810
18029
17809
18131
17898
17621
17684
17606
17844
17825
18060
17765
18240
17880
18267
18232
18006
18180
18456
18315
18301
18084
18653
18728
18173
18143
18700
18331
18497
18564
18628
18788
18472
18541
18649
18532
18652
18818
18724
18700
18741
18589
18699
18540
18353
18372
18267
18587
18708
18522
19076
18726
19066
18866
19094
18850
18923
18960
18782
18982
19067
18826
19082
18834
19182
19035
19188
18997
19010
19058
18740
19164
19061
18897
19530
19394
19050
19234
19113
19302
19410
19108
19175
19184
18961
18952
19380
19198
19654
19389
19554
19301
19081
19161
19052
19593
19428
19417
19548
19522
19700
19293
19373
19606
19834
19334
19614
19492
19584
19458
19576
19093
19102
18775
18881
18964
19002
19365
19766
19538
19592
19859
19795
20155
19792
20067
19990
19889
19609
19720
20107
19802
19773
19787
20040
19655
19812
19805
19713
19900
19703
19819
19846
19379
20000
19717
19740
19541
19852
19690
20020
19827
19768
19889
19735
19935
19681
19730
19510
19854
19986
19792
19713
19850
19643
19644
19850
19840
19914
19901
19817
19814
19570
19868
19766
19744
19628
19865
19676
19842
19682
19764
19522
19800
19348
19723
19716
20020
19557
19585
19232
19428
19358
19501
19591
19407
19489
19157
19416
19372
19353
19332
19332
19516
19396
19444
19223
19279
19000
18856
19066
18928
19135
19129
18960
19210
19021
19188
19044
19072
18688
19067
19156
19176
18871
18753
18953
19012
18713
19247
19187
19145
18601
18634
18736
18646
18699
18264
18458
18683
18697
18536
18434
18651
18534
18482
18218
18086
18433
18092
17873
18005
17978
18201
17821
18098
18088
17738
18032
17848
17688
18177
17981
17996
18013
18014
17739
17877
17956
18042
17616
17667
17655
17539
17516
17160
17357
17366
17484
17208
17036
17245
17198
17285
17293
17337
17125
17274
17162
17025
16849
17121
17012
17166
16928
16778
16354
16946
16704
16698
16612
16778
16389
16319
16377
16566
16084
16428
16490
15991
16202
16203
16206
15948
16031
15942
16083
15838
16045
15876
15281
15732
15811
15940
15798
15561
15552
15464
15336
15702
15574
15593
15471
15497
15194
15265
15070
15003
15006
15293
14770
14873
14400
14901
14602
14565
14596
14757
14502
14368
14564
14516
14628
14596
14377
13986
14326
14026
14176
14130
13737
13905
13778
13944
13723
13759
13788
13508
13553
13416
13558
13613
13420
13533
13274
13357
13175
13032
12596
12348
12222
12117
11983
12300
12408
12499
12548
12808
12559
12621
12600
12479
12580
12234
12431
12098
12130
12182
11872
11675
11912
11936
11726
11808
11553
11583
11525
11655
11376
11345
11156
11332
11134
11194
10928
11200
11157
11199
10943
10752
10614
10663
10714
10648
10451
10221
10407
10432
10223
10178
9974
10135
10015
9891
10037
10072
9941
9869
9589
9608
9832
9451
9365
9516
9462
9478
9212
9360
9148
8950
9023
9170
8936
8870
8829
9015
8757
8949
8635
8628
8761
8665
8474
8419
8548
8332
8394
8303
8230
8105
8170
7950
7738
7941
7917
7786
7804
7774
7647
7796
7492
7684
7478
7644
7685
7348
7412
7474
7269
7321
7131
7067
7228
7086
7204
7176
6888
6891
6964
6862
6774
6887
6812
6771
6719
6603
6766
6673
6565
6313
6627
6382
6340
6385
6455
6346
6221
6118
6282
6086
6082
5983
6004
5925
6025
6073
5988
5898
5793
5897
5870
5676
5730
5732
5653
5593
5522
5475
5611
5529
5513
5649
5628
5669
5530
5429
5251
5062
4953
4981
4865
5078
5170
5047
5034
5076
5038
4964
5072
5277
5162
4989
5112
4944
4862
5035
4838
4939
4772
4916
4790
4721
4874
4669
4789
4586
4747
4598
4629
4564
4659
4708
4734
4591
4635
4525
4674
4565
4536
4574
4459
4557
4354
4489
4337
4342
4452
4523
4339
4332
4459
4480
4276
4448
4205
4237
4345
4317
4121
4170
4280
4204
4253
4277
4174
4065
4067
4023
4226
4208
4253
4092
4104
4022
4049
3943
4101
3989
4188
4103
3983
3874
3969
3968
4073
4036
3955
4041
4019
