5421
5202
5351
5268
5199
5213
5340
5373
5334
5300
5330
5376
5423
5305
5362
5342
5387
5357
5449
5381
5432
5403
5384
5467
5639
5412
5397
5387
5427
5431
5427
5437
5485
5527
5628
5487
5524
5495
5557
5574
5592
5613
5673
5577
5632
5517
5676
5671
5386
5689
5577
5590
5531
5530
5627
5524
5620
5577
5399
5697
5531
5669
5540
5668
5509
5556
5505
5595
5645
5493
5623
5560
5523
5549
5716
5628
5798
5762
5683
5769
5693
5835
5716
6038
5836
5948
5812
5717
5897
5859
5769
5790
5986
5857
5858
5839
5788
5866
5935
6029
6004
5889
5908
5939
5935
5887
5907
6007
5935
5919
5717
6090
6069
6092
5906
5778
5945
5963
5992
6132
6116
6094
6216
6025
6076
6091
6108
6206
6187
6017
6107
6142
6073
6169
6258
6381
6227
6168
6120
6270
6159
6156
6266
6226
6218
6260
6278
6244
6101
6198
6356
6354
6410
6339
6224
6474
6509
6379
6647
6436
6424
6424
6276
6422
6360
6397
6533
6363
6473
6366
6584
6310
6484
6415
6475
6410
6468
6462
6358
6430
6570
6654
6728
6506
6498
6548
6517
6540
6724
6705
6610
6558
6647
6747
6771
6717
6668
6508
6540
6723
6594
6588
6710
6651
6643
6630
6857
6748
6803
6849
6930
6737
6922
6799
6824
6926
6811
6581
6977
6605
6766
6898
6976
6860
6827
6872
6924
6773
7064
6957
6928
6909
7126
6875
6971
7007
6932
6981
6696
7133
7162
7067
7087
6882
6996
7115
7059
7230
7321
7218
7065
7199
7010
7141
7186
7159
7320
7292
7296
7260
7206
7394
7109
7269
7398
7408
7192
7172
7339
7456
7471
7393
7405
7433
7375
7450
7425
7526
7462
7513
7438
7387
7607
7471
7703
7489
7557
7524
7471
7468
7524
7384
7594
7556
7501
7404
7794
7696
7642
7535
7646
7703
7737
7589
7765
7908
7561
7912
7723
7841
7774
7744
7702
7896
7691
7874
7617
7724
7987
7796
7758
7706
7920
7881
7955
7900
7994
7871
7889
8013
7848
7971
8160
7968
8136
7849
8122
7984
8042
8113
8060
8232
8162
7937
7957
7859
8052
7836
7936
7932
7973
7843
7994
8013
8179
8341
8152
8046
8208
8216
8173
8179
8216
8137
8128
8405
8098
8275
8256
8143
8241
8200
8377
8507
8408
8387
8329
8489
8441
8345
8575
8472
8369
8552
8410
8401
8519
8398
8492
8606
8423
8690
8443
8422
8536
8605
8544
8715
8473
8641
8634
8763
8763
8690
8747
8720
8733
8805
8699
8712
8823
8998
8687
8958
8750
8827
8802
8908
8779
8868
8912
8893
8944
9003
8986
8954
8836
9111
9283
9119
8909
9156
9020
9133
9205
9105
9094
9081
9212
9130
9176
9186
9178
9218
9145
9396
9174
9325
9296
9269
9386
9181
9445
9420
9166
9522
9336
9505
9314
9424
9500
9248
9351
9212
9443
9457
9350
9477
9524
9519
9478
9587
9604
9645
9872
9625
9615
9538
9622
9508
9545
9317
9537
9672
9706
9465
9998
9888
9820
9753
9903
9817
9840
9588
9928
9902
9730
9877
9745
9938
9932
9837
9783
9880
9849
9927
9956
10203
9997
9987
9901
10313
10085
10237
10202
10155
10188
10265
10338
10110
10207
10216
10491
10131
10138
10325
10264
10526
10197
10446
10223
10317
10432
10210
10631
10598
10351
10626
10399
10397
10427
10553
10295
10173
10600
10369
10677
10378
10651
10620
10694
10728
10587
10808
10819
10650
10694
10555
10892
10808
10648
10752
10793
10750
10818
10755
10881
10818
10830
10804
10721
10885
10889
10713
10847
10841
10997
11236
10927
11142
11188
11099
11014
11222
11140
11209
10967
11133
11031
11066
11328
11195
11118
10985
11284
10943
11300
11101
11271
11170
11316
11274
11230
11312
11524
11404
11363
11304
11354
11307
11567
11226
11429
11569
11470
11468
11709
11620
11343
11452
11386
11591
11789
11371
11457
11283
11195
11320
11228
11257
11167
11016
11285
11546
11758
11626
11749
11920
11853
12038
11832
11732
11743
11967
12083
12148
12051
12102
12045
12184
12202
12116
12121
11953
12087
12040
12212
12148
12088
12186
12283
12029
12536
12290
12303
12573
12307
12383
12273
12180
12189
12434
12535
12420
12558
12241
12481
12451
12358
12635
12375
12560
12566
12735
12610
12520
12558
12670
12706
12620
12520
12850
12689
12586
12809
12950
12735
12717
12851
12998
12468
12628
12626
12633
12763
12701
12678
12845
12850
13073
13009
12973
13112
12943
13040
13011
13071
13202
13420
13497
13506
13226
13445
13355
13500
13554
13317
13068
13318
13257
13316
13350
13497
13334
13533
13262
13493
13495
13521
13553
13718
13209
13617
13395
13653
13706
13586
13601
13657
13840
13896
13728
13809
13877
13957
13660
13996
13776
13832
14119
14235
13852
14117
14003
14011
14303
14132
14104
14092
14171
14412
14023
14362
14343
14657
14159
14660
14163
14474
14347
14391
14357
14246
14386
14190
14415
14264
14452
14405
14332
14594
14188
14380
14392
14470
14670
14502
14282
14553
14534
14737
14717
14655
14888
14648
15108
14736
14978
14600
14930
14987
14876
15063
15000
14922
14806
14908
15101
15209
15205
15170
15145
15128
15053
15195
15412
15010
15461
15295
15202
15234
15226
15364
15224
15206
14904
15409
15283
15118
15445
15421
15348
15502
15369
15720
15569
15620
15558
15578
15544
15359
15386
15453
15705
15788
15690
15829
15990
15938
15866
15974
15723
16012
16134
16169
16048
15987
15839
15880
16023
16228
15947
16005
16139
16238
16072
16128
16429
16267
16493
16050
16468
16302
16426
16231
16446
16144
16174
16169
16106
16012
15928
16222
16171
16120
16429
16424
16238
16640
16357
16595
16588
16774
16759
16665
16708
16949
16960
16896
16715
16663
16916
17242
16795
16779
16583
16799
17014
17046
16922
17189
16944
17199
17367
17196
17506
17019
17337
17237
17458
17423
17378
17509
17517
17423
17260
17353
17240
17214
17327
17536
17425
17722
17575
17892
17704
17483
17636
17514
17740
17728
17382
17669
17467
17631
17650
17325
17738
17772
17797
18050
17830
18041
18090
18088
18300
17892
17940
18022
18156
17960
17978
18387
18196
18194
18040
18414
17977
18115
18239
18219
18165
18293
18314
18159
18164
18326
18548
18543
18513
18165
18417
18660
18665
19049
18763
18830
18730
18688
18618
18657
18952
18500
18677
18922
18661
18706
18607
18945
18793
18605
18820
19044
18818
18904
19188
19044
19375
19119
19110
19233
19352
19446
19279
19086
19343
19498
19453
19350
19497
19032
18873
18820
19236
19138
19374
19161
18812
19425
19195
19770
19820
19881
19951
19721
19846
20041
20218
19999
20186
20066
20189
20222
20560
19830
19936
19504
20396
20097
20360
20189
20229
19995
20120
20287
19841
20079
19938
20032
19868
19860
19739
19408
19796
19850
19748
19892
20085
19850
19779
20184
20426
20685
20544
20509
20663
20760
20766
20379
20638
20565
20598
20626
20433
19712
19439
19183
18914
18537
17860
17259
16712
16325
16046
16221
16609
17129
17898
18498
19192
19864
20363
21264
21681
21702
22006
21824
22095
22190
21965
21737
21841
21872
21602
21709
21556
21834
21753
21771
21739
21664
22123
22306
21972
21679
21930
21690
21906
21465
21796
21284
21404
21516
21585
21800
22066
21921
22029
22270
22040
22196
22024
22366
22108
22411
22502
22396
22656
22604
22626
22442
21967
22036
22156
22002
22229
22213
22280
22340
22709
22246
22385
22334
22481
22202
22712
22476
22388
22177
22476
22508
22570
22684
22630
22438
22494
22890
22704
22688
22769
22408
23056
22801
22960
23002
22978
23024
22830
22632
22361
22817
22905
22938
22842
22912
22877
22838
23200
23018
22875
22504
22836
23042
23185
23181
23382
23672
23238
23357
23538
23808
23643
23891
23681
23481
23467
23393
23913
23905
24106
23617
23956
23890
24043
24030
24261
24234
24064
24005
23837
24298
23913
24293
24385
24425
24382
24341
24500
24680
24585
24395
23852
23590
23461
23473
22836
22874
22904
22658
23009
23486
23593
24269
24381
24730
24708
24708
24891
24478
24874
24693
24732
24802
25108
24778
25130
25410
25120
24625
24872
24791
25192
24921
25263
25213
24956
25133
25371
25134
25492
25165
24884
25188
25336
25232
25220
24965
25334
25141
25193
25213
25320
25419
25546
25111
25823
25697
25532
25216
25530
25825
25954
25716
25788
25885
25963
25841
25886
26104
25744
25953
25698
26049
26313
26349
26342
26090
26066
26174
26100
26386
26416
26532
26156
26324
26410
26233
26305
26262
26467
26487
26332
26299
26345
26434
26805
26539
26506
26662
26520
26752
26953
26734
26610
26717
26650
26888
26576
26889
26573
26132
27058
26676
27167
27041
26929
26612
27230
26948
27000
27192
27219
26905
27220
27421
27256
27207
27766
27184
27446
27298
27611
27658
27586
27316
27762
27449
27834
27400
27868
27649
27572
27965
27990
27889
27732
28104
28194
28057
28312
27940
28119
28160
27821
28114
28203
28268
28312
28194
28113
27669
28192
27789
28122
27981
28196
27968
28196
28426
28543
28075
28473
28745
28534
28872
28449
28673
28374
28014
28426
28391
28300
28338
28599
28532
28388
28296
28651
28394
28792
28714
28473
28288
28782
28367
28839
28654
28688
28700
28914
28852
28820
28296
28550
28827
28549
28461
28760
28500
28557
28628
28896
28778
28868
29441
29562
29060
29209
29477
29325
29213
29503
29233
29300
29562
29745
29476
29642
29492
29367
29312
29658
29467
29391
29494
29925
29637
29716
29698
29688
29718
29464
29952
29525
29472
29581
29901
29546
29876
29565
29865
29418
29588
29904
29952
29658
29868
30101
29973
30032
30352
29574
30212
30195
29878
30080
30010
30135
29914
30096
30218
30213
30035
30196
30536
29906
30124
30467
30004
30148
30493
30516
30454
30372
30426
30459
30381
30599
30700
30340
30533
30494
30707
30590
30509
30842
30694
30788
30765
30543
30930
30557
30928
30820
30632
30657
30830
30711
30758
30772
30708
31317
30887
31057
31050
30872
30608
31186
31094
31153
31098
31042
30868
31001
30880
31178
30931
31019
31056
31189
30694
31093
31194
31268
31390
31133
31552
31405
31422
31712
31561
31301
31337
31661
31243
31588
31388
31593
31444
31512
31748
31629
31428
31177
31188
31737
31544
31609
31299
31698
31691
31691
31748
32188
31877
31885
32163
31858
32164
31858
32372
32130
32034
32189
31572
31497
31764
31581
32128
32108
32236
32116
31853
31882
32236
31848
31944
32256
32384
32363
32251
32514
32411
32680
32188
32600
32396
32459
32141
31980
32379
32356
32612
32217
32358
32836
32594
33082
32443
32573
32335
32378
32867
32759
32309
32689
32297
32004
32365
32041
31224
31978
31611
31647
31360
31361
31828
31646
32321
32832
33178
33230
32779
33196
32953
32675
32761
32605
32789
32972
32920
33122
32537
32848
32756
32680
33005
33170
32948
33082
32694
33077
32748
33088
32712
33329
32824
32880
33037
32928
33035
33188
32845
32896
33071
33024
33147
33110
33253
33135
32813
33302
33408
32952
33211
33235
33402
33460
33249
33181
33484
33232
33502
33368
33241
33401
33396
33322
33696
33566
33492
33544
33532
33700
33492
33709
33595
33480
34170
33396
33857
33410
33850
33450
33898
33350
33770
34004
33654
33920
33920
33690
34133
33572
33628
33960
33780
33997
34324
34299
34332
33588
33453
34207
34244
33926
33829
34070
33642
33978
34124
33964
34111
33948
33720
33929
34140
34134
34271
33837
33990
34252
34028
34118
33908
34168
33615
33996
34052
33723
33758
33856
34181
34200
34200
34170
34036
33962
34014
34154
33984
34136
33922
34314
33620
33894
34120
33897
34357
34262
34176
34406
34276
34114
33944
33896
33781
34402
34360
34624
34168
34048
34562
34368
34228
34538
34061
34756
34404
34073
34314
34218
33872
34328
34516
34452
34564
34558
34362
34473
34342
34452
34219
33963
34252
34237
34192
34394
34283
34566
34318
34466
34622
34421
34628
34616
34461
34282
34687
34529
34934
34368
34843
34198
34196
34201
34382
34260
34077
33994
34320
34252
34283
34356
34262
34542
34756
34726
34228
34644
34196
34693
34405
34426
34553
34325
34791
34615
34597
34309
33972
34212
34368
34325
34231
34504
34742
34522
34229
34402
34549
34297
34621
34701
35081
34591
34517
34796
34748
34521
34612
34568
34860
34438
35056
34895
35036
34574
34518
34377
34471
34171
34589
34652
34750
34644
34660
34828
34882
34608
34606
34953
34808
34702
34990
34484
34948
35028
34875
34764
34739
34496
34646
34904
34811
34526
34616
34647
34914
34584
34811
35034
34566
34709
35072
34391
34778
34525
34373
34584
34512
34218
34397
34050
34292
34202
34304
34562
34294
34134
34185
34424
34344
34501
34101
34204
34271
34697
34140
34374
34494
34485
34596
34437
34587
34280
34527
34576
33936
34170
33742
33726
34013
33593
33848
33757
33696
33796
33722
34028
33880
33936
33910
33526
33925
33704
33927
34130
34056
34223
34242
34414
34476
34700
34348
34214
34932
34294
34561
33872
34609
34048
34116
34235
34372
34205
34087
33995
34161
33942
34186
34282
34312
33841
34349
34458
34180
34208
34320
34057
34292
34088
34162
34476
34304
34180
34602
34000
34295
34294
34348
34087
34425
34277
34276
33674
33546
33210
34021
33764
33705
33759
33962
33881
33725
33486
33732
33444
33453
33300
33594
33509
33606
33528
33255
33593
33369
33316
33424
33366
33685
33327
33269
33426
33128
33544
33641
33348
33422
33384
33515
33268
33462
33156
33173
33028
33127
33186
33460
32918
33460
33280
33216
33145
33142
33112
33245
33039
33156
32914
32885
33130
32973
32710
33242
32984
33012
33175
33024
33224
32499
33163
32709
32858
33361
32994
32802
33050
32635
33060
32773
32614
32874
33050
32841
32753
33024
33024
32998
33034
32463
32834
32282
32717
32578
32658
32465
32524
32439
32664
32660
32336
32500
32392
32458
32612
32464
32365
32372
32481
32376
32532
32190
32534
32260
32340
32323
31934
31956
32214
32000
32213
31916
31901
31789
31990
31963
31727
32000
31912
32011
31844
31874
32014
32018
31872
31884
31830
31898
31872
32146
31853
31837
31454
31716
31882
31921
31307
31576
31616
31512
31932
31668
31454
31280
31116
30945
31288
31172
31269
30842
30789
30932
31114
31186
31335
31068
31156
30854
31324
30812
31224
30941
31480
30734
30965
30570
30797
30937
30686
30742
30772
31273
30580
30253
30576
30553
30338
30502
30934
30780
30629
30525
30452
30810
30373
30600
30346
30344
30410
30430
30010
30137
29972
30131
30564
30132
29976
29952
29764
29739
29213
29037
29523
29371
29533
29449
29432
29115
29490
29284
29786
29400
30014
29540
30013
29428
29370
29578
29492
29617
29814
29103
29591
29002
29604
29196
28895
29003
29387
29298
29064
29124
29147
28996
28891
29046
28918
28483
29004
28756
28876
28854
29026
28859
28820
28770
28612
28996
28661
28742
28583
28541
28552
28400
28332
28388
28081
28306
28187
28314
28116
27997
27865
27835
28361
27800
27978
28122
27780
28064
28205
27960
27672
28124
27444
27757
28090
28116
27808
27887
27698
27517
27684
27431
27501
27562
27282
27467
27324
27394
27680
27190
27431
27405
27210
26992
27117
27272
26912
27160
26724
26809
26509
26324
26165
26299
26313
26186
26328
26432
26360
26441
26545
26518
26274
25943
25752
25696
25873
25898
26036
25732
25922
25777
25904
26134
26272
26777
26432
26011
25860
26029
26195
26180
25693
25728
25988
25837
26037
25443
25565
25480
25317
25174
25796
25797
25458
24826
24412
24187
24157
23796
24340
24366
24248
24262
24497
24378
24774
24928
25126
24740
25174
24748
24788
24676
24910
24523
24442
24478
24584
24631
24356
24564
24193
24513
24254
24359
24439
24034
24172
24162
24188
23918
23644
24084
24138
23819
23544
23955
23420
23724
23544
23707
23645
23422
23027
23380
23360
23239
23427
23914
23503
23337
23209
23290
22874
22524
22103
21951
21725
21828
22158
22462
22468
21965
22529
22533
23188
22873
23026
22740
22776
22798
22573
22900
22295
22495
22457
22326
22249
22423
22422
22251
22019
22317
22000
21918
21902
22109
21933
22280
21888
21512
21735
21485
21476
21337
21089
21122
21304
21130
21249
21268
21100
21131
21436
21248
21041
20979
21585
21050
20834
21005
21078
21089
21130
20496
20637
20702
20571
20820
20290
20538
20267
20410
20544
20553
20324
20526
20406
20170
20479
20420
20039
20106
20102
20350
19965
20115
20058
19970
19764
19933
19604
19932
19849
19848
19596
19685
19506
19428
19688
19300
19204
19610
19547
19355
19081
19140
19394
19590
19459
19109
19162
19438
19298
19272
19068
19010
18810
18965
18980
19006
18734
18767
19151
19069
19136
18755
18357
18612
18094
18110
17990
17970
17869
17787
18128
17966
17955
18005
18105
18267
18476
18200
17958
17851
17725
18051
18055
17845
18085
17885
17685
18002
17840
18020
17610
17678
17576
17553
17392
17350
17407
17386
17253
17514
17469
17348
17288
17367
17261
17140
17326
17110
17181
17128
17130
17169
17132
17106
16840
16876
17005
16616
16797
16731
16755
16800
16990
16978
16570
16631
16711
16721
16603
16836
16701
16837
16728
16744
16598
16216
16460
16286
16188
16245
16436
16277
16106
16360
16444
16367
16318
16347
16221
16104
16062
16216
16134
16178
16158
15957
16106
15750
16030
16027
15845
15874
15978
15732
16037
15657
15853
15915
15589
15673
15581
15622
15758
15536
15413
15589
15419
15570
15284
15344
15476
15672
15302
15446
15320
15685
15531
15424
15205
15223
15030
15422
15159
15214
15052
15055
15132
15060
15178
15016
14966
15136
14989
15119
15039
15088
14948
15033
15064
15239
14978
15078
15021
14712
14888
14918
14736
14947
14932
15038
14665
14826
14864
15012
14980
15205
14953
14654
14994
14913
14603
15082
14598
14608
14534
14342
14500
14932
14540
14651
14460
14463
14742
14569
14522
14365
14583
14754
14410
14578
14643
14490
14488
14449
14584
14484
14541
14598
14638
14372
14482
14472
14636
14753
14600
14378
14448
14444
14558
14604
14432
14266
14358
14388
14400
14306
14526
14684
14555
14476
14320
14342
14445
14696
14431
14598
14497
14611
14166
14610
14526
14446
14476
14448
14624
14668
14521
14607
14556
14741
14733
14476
14557
14650
14763
14523
14309
14521
14580
14482
14495
14767
14592
14500
14478
14733
14814
14637
14437
14377
14626
14631
14743
14932
14547
14713
14674
14729
14568
14834
14554
14938
14814
14685
14755
14857
14857
15017
14923
14712
14634
15036
15046
14957
14849
14900
14970
15290
15063
14905
15201
14986
15077
15260
14959
14957
15104
15026
15294
15184
15042
15350
15386
15420
15301
15108
15142
15306
15368
15364
15117
15074
15228
15344
15316
15223
15380
15737
15478
15476
15380
15689
15540
15369
15274
15471
15604
15508
15601
15669
15334
15368
15395
15710
15648
15503
15725
15606
15766
15862
16142
16104
16309
16246
16223
16238
15962
15996
16108
16434
16166
16324
16448
16171
16282
16618
16716
16610
16279
16476
16616
16563
16609
16630
16588
16546
16768
16628
16491
16909
16668
16739
16873
16821
16971
17192
17004
17050
17184
17302
17102
17197
17239
17366
17222
17220
17478
17240
17272
17497
17277
17513
17764
17493
17233
17460
17462
17499
17310
17271
17447
17075
17358
17082
17069
17308
17638
17820
17975
17945
18021
17954
17957
18054
17989
18031
17520
17833
17933
17910
18178
18265
18232
18198
18560
18170
18351
18263
18522
18454
18533
18537
18383
18516
18639
18634
18427
18560
18626
18853
18628
18746
18854
18938
18519
18797
18944
18858
18891
19018
18688
18539
18741
18471
18676
18881
18971
19008
18763
19164
19241
19368
19193
19364
19460
19220
19377
19204
19229
19434
19426
19348
19441
19284
19386
19423
19281
19592
19308
19336
19352
19541
19621
19321
19557
19274
19396
19535
19829
19568
19373
19478
19794
19643
19411
19543
19618
19701
19851
19754
19545
19926
19660
19637
19603
19414
19841
19898
20088
19900
19792
19992
19760
19672
19584
19981
19848
19801
19876
19987
19611
19799
19592
19644
19396
19289
19243
19387
19672
20037
20116
20456
20078
20357
20330
20372
20175
20178
20294
20413
20325
20334
20202
20061
20257
19941
20117
20249
20234
20292
20262
19850
20194
20024
20188
19857
20273
20261
20338
20414
19767
20214
20197
20010
20422
20170
20231
20324
19935
20104
19913
19998
20331
19817
20017
19901
20194
20021
20240
20119
20294
19943
19987
20168
20171
20277
19909
19908
20072
19933
20097
20100
19998
19745
19994
19745
19921
19871
19805
19770
20168
19820
19634
19766
20015
19712
19335
19512
19806
19676
19695
19854
19700
19505
19293
19538
19576
19526
19602
19237
19738
19412
19571
19799
19338
19293
19380
19566
19336
19336
19596
19300
19290
19338
19391
19184
19132
19138
18906
19172
19088
19088
19294
18938
19218
18984
18795
18732
19162
18635
18648
18982
18857
18903
18850
18991
18674
18390
18518
18250
18350
18321
18453
18379
18455
18170
18335
18262
18390
18422
18460
18321
18148
18147
17832
18391
18104
18171
18168
17924
17784
17886
17743
17676
17660
17599
17764
17528
17765
17552
17664
17572
17480
17589
17408
17252
17210
17289
17320
17136
17194
17356
17052
16824
17143
17003
16779
17016
16774
16662
16749
16820
16394
16357
16358
16693
16505
16384
16673
16244
16185
16087
16146
16132
16172
15580
16082
16180
15864
15929
15771
15756
16028
15548
15863
15688
15774
15590
15687
15163
15534
15624
15567
15420
15187
15544
15014
15443
14935
15408
15190
14956
14926
14498
14801
14465
14497
14629
14529
14520
14391
14594
14564
14196
14138
14216
14150
13977
14154
13956
14038
13972
13810
13704
13578
13683
13446
13325
13465
13543
13657
13305
13157
13596
13034
13181
13343
13137
12759
12315
12131
11913
11807
12116
12068
12342
12567
12353
12353
12536
12393
12266
12499
12332
12189
12036
12162
12078
11619
12074
11581
11703
11878
11382
11557
11421
11375
11265
11379
11206
11089
11111
10975
10823
11247
10954
11067
11065
10660
10534
10661
10560
10286
10398
10175
10164
10147
10264
10209
10085
10011
9998
10119
9854
9780
9676
9694
9962
9526
9715
9531
9475
9529
9171
9180
9267
9321
9224
9022
8866
8989
8827
8951
8909
8726
8682
8636
8645
8382
8358
8297
8448
8367
8316
8209
8232
8128
8232
8028
8004
8015
7776
7727
7914
7776
7705
7475
7697
7549
7705
7598
7562
7382
7262
7288
7107
7294
7302
7252
7133
6943
6915
6981
6992
6938
6954
6632
6760
6857
6791
6590
6568
6618
6572
6664
6615
6504
6337
6492
6316
6454
6392
6191
6248
6270
6098
6308
6191
6168
5973
5855
5957
5923
5989
5988
5988
6082
5807
5709
5731
5621
5579
5669
5522
5688
5495
5784
5348
5620
5528
5390
5487
5407
5299
5385
5329
5315
5226
4955
5015
4894
4920
5019
5183
5126
4913
5060
5035
4929
5083
5069
5084
5075
4875
4820
4878
4964
4991
4883
4774
4871
4788
4781
4710
4769
4688
4741
4595
4756
4560
4711
4817
4506
4675
4613
4637
4424
4608
4406
4587
4422
4605
4480
4378
4500
4402
4433
4310
4330
4434
4506
4428
4370
4383
4425
4420
4249
4261
4325
4204
4354
4225
4324
4369
4219
4044
4285
4236
4222
4239
4300
4180
4180
4180
4110
3929
4116
4092
4011
3977
4315
4063
3967
4071
3982
3961
4159
3981
4051
