5245
5322
5291
5277
5318
5283
5357
5398
5318
5275
5376
5340
5313
5302
5295
5428
5304
5257
5129
5623
5291
5412
5346
5308
5345
5500
5309
5313
5400
5518
5413
5441
5445
5408
5408
5486
5315
5498
5475
5380
5397
5309
5541
5411
5480
5615
5434
5486
5605
5521
5518
5493
5494
5535
5593
5514
5335
5696
5448
5680
5449
5521
5585
5543
5421
5394
5578
5526
5604
5654
5662
5472
5508
5482
5671
5536
5542
5698
5780
5745
5751
5878
5852
5786
5835
5938
5845
5796
5814
5928
5770
5746
5690
5677
5766
5883
5867
5876
5923
5790
5884
5900
5891
5904
6013
5926
6015
5852
5917
5928
5984
6006
5936
6087
6005
5916
6000
6180
6048
6027
6116
6159
5813
6020
5888
5935
6222
6177
6124
6088
6164
6143
6033
6082
6103
6266
6019
6170
6069
6177
6165
6132
6061
6148
6285
6179
6127
6207
6137
6218
6236
6013
6194
6283
6381
6190
6210
6327
6376
6373
6508
6127
6346
6159
6204
6427
6445
6361
6351
6237
6273
6378
6274
6426
6279
6409
6357
6478
6506
6517
6440
6442
6509
6376
6440
6458
6626
6556
6562
6519
6585
6576
6612
6415
6538
6500
6610
6680
6595
6590
6561
6664
6788
6577
6591
6740
6897
6488
6804
6767
6570
6794
6733
6784
6758
6705
6971
6738
6732
6882
6818
6890
6794
6912
6980
6841
6731
6752
6743
6959
6698
6879
6876
6965
6878
6872
6972
6877
6881
6934
6957
7081
6924
7066
7022
7101
6940
6935
7013
7194
7110
7131
7246
7021
7083
7062
7155
7142
7347
7181
7067
7268
7126
7098
7067
7272
6967
7222
7290
7228
7060
7398
7298
7381
7366
7197
7275
7393
7226
7485
7322
7382
7362
7413
7268
7218
7289
7385
7458
7378
7152
7343
7393
7268
7555
7562
7581
7658
7530
7776
7570
7692
7556
7734
7518
7702
7522
7658
7614
7787
7741
7565
7953
7615
7835
7808
7805
7708
7861
7592
7726
7721
7755
7752
7853
7832
7863
7877
7646
7908
7788
7834
7882
7769
7781
7979
7863
7809
7860
7903
7890
7928
7778
7709
7965
7968
7880
7830
7740
7626
7817
8018
7863
7939
7890
7890
8045
8213
8043
8219
8126
8072
8321
8264
8037
8090
8004
8249
8345
8207
8159
8218
8294
8229
8270
8188
8509
8268
8290
8203
8320
8247
8365
8248
8483
8396
8413
8511
8407
8577
8516
8498
8544
8578
8618
8677
8619
8420
8481
8569
8609
8512
8632
8616
8575
8613
8763
8523
8554
8561
8768
8599
8664
8686
8742
8758
8725
8748
8800
8768
8783
8871
8888
8832
8743
8819
8845
8979
8818
8994
9050
9066
8879
8909
9032
8863
9227
9157
9044
8942
9260
9041
9024
8999
9034
9147
9018
8895
9075
9026
9168
9241
9345
9440
9266
9174
9071
9101
9394
9223
9262
9402
9316
9439
9161
9448
9474
9330
9553
9297
9475
9367
9447
9557
9597
9536
9415
9590
9528
9577
9453
9603
9690
9689
9645
9541
9703
9636
9711
9715
9720
9648
9753
9657
9790
9891
9759
9618
9769
9805
9852
9677
9662
9738
9915
9757
9978
9916
9941
10185
9959
9994
10101
10028
9951
10050
10067
10198
9929
10051
9943
10020
9950
10064
9970
10152
9989
10506
10075
10360
10223
10143
10211
10278
10359
10257
10301
10323
10557
10201
10327
10249
10409
10244
10464
10502
10396
10511
10363
10678
10392
10551
10391
10612
10679
10409
10597
10752
10705
10685
10523
10612
10620
10548
10686
10772
10660
10554
10813
10833
10572
10809
10935
10890
10635
10911
10660
10845
10935
11031
10767
10829
11296
10902
11045
11038
10934
11108
10934
10726
11101
10994
11001
10907
11060
11105
11094
11149
11188
11108
11178
11228
11143
11289
11365
11142
11048
11172
11363
11302
11147
11402
11285
11392
11428
11073
11395
11505
11590
11426
11602
11551
11347
11554
11199
11067
11195
11266
11282
11284
11114
11242
11227
11281
11567
11574
11530
11640
11707
11858
11653
11849
11574
11937
11884
11799
12063
11832
11863
11607
12042
11798
12072
12041
12172
12142
12040
12174
11991
11930
12187
11893
12302
11978
12174
12165
12342
12084
12437
12159
12331
11967
12233
12201
12501
12180
12093
12194
12270
12488
12383
12165
12490
12526
12412
12379
12538
12334
12658
12890
12591
12738
12659
13037
13125
12665
12422
12794
12841
12744
12545
12574
12525
12630
12418
12465
12605
12726
12921
12750
13053
12722
13027
12995
13188
13047
13129
13267
13017
13356
13197
13001
13246
13212
13139
13225
13361
13165
13514
13012
13407
13492
13451
13085
13284
13196
13448
13322
13548
13477
13651
13400
13557
13688
13437
13529
13466
13422
13444
13549
13835
13669
13619
13885
13534
13844
13874
13700
13844
13997
13758
14067
13920
13868
14031
13961
13912
14258
14004
14212
13922
14270
13997
14235
14163
14292
14010
14058
14030
14023
14290
14093
14333
14564
14447
14265
14304
14201
14252
14156
14454
14485
14253
14642
14453
14370
14568
14467
14610
14639
14261
14580
14605
14570
14900
14536
14834
14724
14814
14716
14794
14642
15166
14980
14803
14549
15151
15082
14959
15006
15010
15188
14833
14898
15339
15131
15066
15045
14948
15097
14917
15162
15347
15130
15178
15073
15286
14982
15145
15159
15323
15192
15354
15337
15478
15412
15836
15640
15788
15658
15526
15459
15438
15617
15730
15964
15837
16032
15740
15899
16195
15876
15998
15879
16139
16074
16063
16091
15784
16229
15917
15996
16072
16196
16070
16053
16144
16418
16219
16266
16314
16285
16223
16466
16180
16373
16031
16438
16085
16067
15970
16324
16142
16411
16294
16346
16503
16642
16498
16522
16764
16553
16992
16905
16671
17126
16731
17062
16917
16891
16848
17033
16966
16975
17109
17119
16814
17040
16965
17234
17309
17339
17270
17416
17284
17268
17390
17403
17549
17336
17485
17149
17190
17357
17458
17466
17506
17220
17525
17601
17786
17231
17558
17682
17738
17724
17546
17523
17805
17634
17511
17639
17902
17672
17682
17940
17686
17817
17691
17789
18123
18010
17834
17994
18018
18060
17905
18108
17817
18262
18180
18113
18234
18138
18181
18397
18342
17961
18268
18148
18470
18158
18423
18320
18348
18168
18285
18358
18374
18523
18625
18580
18356
18781
18762
18602
18469
18835
18445
18604
18842
18740
18829
18845
18746
18520
18760
18610
18996
18776
18778
18849
18978
18991
18808
19017
19461
18977
19089
19311
19314
19822
19060
19321
19563
19090
19492
19317
19419
18984
19234
19302
19100
18873
19137
19070
19154
19132
19542
19829
19470
19507
19530
19800
19823
20000
20079
19970
20020
20068
20014
20102
20116
20071
20056
20056
20143
20130
20132
20073
20071
20011
20085
20085
20085
19869
19958
19940
19802
19927
19749
19949
19898
19525
19790
19798
19558
20150
19756
20069
20492
20648
20474
20415
20904
20856
20930
20984
21013
20779
20491
20407
20805
20118
19693
19322
18920
18570
18406
17992
17600
17097
16454
15994
16157
16774
17040
17829
18390
19066
19646
20420
21000
21331
21672
21659
21480
21764
21844
21696
21873
21788
21635
21732
21357
21444
21411
21482
21494
21405
21640
21693
21876
21946
21657
21935
21488
21780
21535
21482
21277
21455
21430
21835
21819
21957
21809
21747
22028
22293
22071
22370
22343
22354
22383
21922
22350
22297
22216
22342
22460
22013
22136
22268
22484
22070
22205
22276
22211
22518
22633
22540
22357
22462
22810
22612
22445
22667
22377
22569
22731
22677
22588
22671
23044
22616
23200
22842
22443
22525
22793
22942
23330
22446
23069
22748
22666
23229
22976
22517
22901
22908
22888
23078
22762
23117
23318
23205
22932
23258
23024
22824
23055
23265
23418
23328
23125
23594
23680
23683
23768
23916
23653
23752
23753
23811
23661
23890
23898
23995
24137
24113
24078
23997
23996
24168
24325
24552
24495
24483
23992
24279
24604
24576
24900
24628
24718
24642
24594
24533
24324
24196
23716
23546
23654
23286
23419
23442
22809
23079
23117
23524
24379
24289
25014
25102
25194
24906
25156
25015
25009
24742
25488
25096
25057
24999
25180
25601
25352
25525
25667
25122
25199
25562
25455
25270
25412
25130
25611
25453
25410
25577
25115
25630
25333
25348
25418
25435
25439
25689
25508
25682
25736
25635
25621
25576
25838
26020
25621
25940
25872
25604
26148
25820
25931
26050
26444
26290
26045
26244
26287
26112
26013
26228
26495
26091
26026
26100
26678
26420
26587
26492
26437
26412
26646
26685
26590
26164
26605
26618
27019
26747
26784
26916
26617
26538
26730
27083
26990
26974
26908
26448
26415
27020
26853
27211
27023
27028
27243
26881
27481
27410
27023
27240
27638
27173
27495
27732
26997
27276
27343
27678
27136
27446
27913
27516
27360
27464
27448
27743
27647
27547
27597
27732
27683
27780
27792
27972
28064
27983
28042
28116
28237
28238
28475
28165
28460
28216
28630
28502
28562
28273
28540
28538
28569
28278
28349
28399
28514
28883
28893
28724
28460
29022
28293
28381
28553
28909
28881
29003
28752
28945
28686
28958
28554
28808
29019
29008
29034
28928
29003
28685
29167
28932
29173
29212
29110
28928
29216
28932
29031
29284
28913
29511
29345
29764
29414
29375
29044
29385
29740
28660
29171
28850
29151
28912
29160
29250
29124
28902
29190
29096
29664
29627
29812
29832
29341
29761
29800
29764
29960
29875
29768
29741
30158
29837
29915
30104
30086
29998
30196
30032
30020
30150
29824
30010
30016
29899
29787
30159
30198
30402
30260
30426
30404
30324
30004
30373
30098
30041
30421
30251
30436
30516
30552
30787
30917
30692
30389
30650
30554
29784
30518
30394
30685
30461
30582
30525
30625
30804
30625
30604
30632
30637
30804
30772
30904
30900
31080
30870
31241
30861
30923
31198
30872
30976
31316
31112
31050
31192
31369
31722
31510
31362
31538
31532
31581
31310
31405
31575
31141
31362
31220
31155
31734
31378
31680
31785
31418
31652
31621
31816
31304
31643
31808
31688
31525
31544
31573
31650
31604
31618
31808
31527
31981
32118
32160
32124
31925
32078
31872
31777
32000
32089
31955
32204
31828
31940
31894
32200
31949
31927
32280
31746
32237
31872
32271
32041
32090
32465
32495
32456
32442
32314
32522
32757
32404
32155
32231
32605
32420
32557
32233
32772
32840
33113
32685
32738
32932
32605
32897
32464
32368
32852
32694
32792
32580
32770
32239
32674
33157
32987
32940
33024
32912
33208
33072
32879
32807
33111
33030
33175
32833
33144
32908
33026
32852
33163
32901
33316
33128
33243
33024
33460
32939
33252
33730
33381
33296
33280
33396
33444
33557
33225
33668
33092
33158
33245
32797
32471
32344
32903
32488
32539
32365
32614
32460
32676
33028
33711
33774
33874
33812
34002
33592
34048
34324
33637
33738
34059
33600
34255
33864
33993
33778
33693
33787
33896
33678
33787
33792
34069
34050
33768
34034
33994
33766
33738
34054
33874
34056
33694
33994
34285
34254
33318
33928
33707
34085
34118
33612
34219
33897
34369
34216
34026
34096
34426
34234
34108
34256
34294
33718
34354
34218
34347
34477
34162
34189
34386
33995
34266
34560
34196
34368
34671
34336
34278
34251
34336
34468
34698
34515
34988
34749
34721
34316
34412
34491
34458
34679
34650
34690
34681
34578
35201
34496
34775
35074
35044
34776
34884
34751
34523
34708
35128
34475
35132
34981
34983
34857
35336
34687
35268
34797
35074
34875
35008
34996
34978
34916
35465
34585
35180
35186
34820
34816
35204
35202
35058
35286
34923
35020
34957
35236
35039
35297
35465
34900
34997
35308
35560
35528
35144
35446
35034
35186
35444
35232
35243
34978
35157
35175
34968
35090
35084
35619
35384
35592
35321
35502
35285
35800
35780
35621
35444
35288
35387
35310
35576
35383
35340
35305
35904
35474
35652
35596
35402
35431
35609
35421
35865
35610
35571
35312
35275
35848
35258
35336
35477
35716
35348
35496
35363
35886
35480
35557
36086
35188
35450
35683
35494
35236
35416
35775
35170
35684
35641
35668
35546
35570
35546
35636
35570
35502
35630
35590
35402
35755
35616
35444
35788
35418
35456
35968
35533
35265
35653
35557
35340
35540
35538
35636
35620
35568
35397
35788
35315
35850
35453
35769
35764
35946
35607
35684
35748
35722
35737
35382
35496
35897
35870
35781
36130
36264
35822
35993
35821
36068
35872
35933
35671
36068
36084
36151
36160
35766
35753
36036
36075
36121
36174
36174
36169
35881
35817
35797
35860
36312
36136
35707
36024
36096
35855
35661
35695
35749
35996
35876
36073
35821
36107
35806
35632
35754
36139
36139
36032
35580
35785
35729
35550
35481
36021
35653
35641
35509
35925
35740
35568
35442
35680
36101
35799
35180
35748
36008
35891
35597
35629
35523
35731
35594
35948
35691
35643
35852
35496
35214
35802
35356
35411
35164
34968
34966
35258
34646
34980
34740
35053
34593
34753
34994
34660
34576
34986
34960
35165
35236
35481
35500
36010
35791
36015
35729
35530
35886
35668
35650
35733
35660
35552
35404
35960
35708
35933
35364
35467
35432
35513
35428
35328
35546
35445
35534
35626
35456
35904
35834
35611
35472
35421
35395
35376
35497
36015
35357
35369
35542
35447
35227
35442
35862
35484
35072
35212
34836
35136
35077
34925
34667
35294
35447
35284
35032
35200
34998
35083
34820
34880
35176
34996
35224
35160
35044
34826
34926
34444
34820
34708
35060
34926
34820
34612
35048
34900
34746
35029
34790
34908
34693
34817
34909
35025
34408
34507
34389
34612
34760
34486
34516
34243
34758
34615
34237
34260
34439
34420
34505
34609
34628
34381
34498
34235
34589
34228
34396
34249
34198
34137
34204
34356
34587
34428
34360
34734
34235
34168
33785
34075
34244
34145
33996
34181
34021
34318
34370
33805
34150
33949
34118
34356
34598
34074
34061
33565
33818
34090
34062
34036
34153
33928
34058
33795
33344
33860
33541
33619
33562
33722
33537
33816
33710
33742
33726
33885
33940
33646
33765
34054
33682
33593
33286
33473
33414
33420
33494
33403
33232
33418
33434
33228
33649
32930
33499
32920
33059
33114
32629
33364
33321
33178
32612
32948
33224
32859
33093
33028
32660
32896
32832
33182
32963
32919
32781
32424
32276
32589
32464
32933
32478
32305
32282
32209
32530
32489
32347
32425
32176
32080
32117
32219
32114
32514
32218
32216
32120
32043
31932
31948
32195
32458
32273
31992
32276
32221
32200
31828
32076
31926
31844
31643
31872
31572
31768
31727
31757
31644
31469
31786
31660
31611
31789
31754
31524
31469
31353
31324
31324
31172
30560
30634
30692
30700
30441
30752
30501
30647
30564
30949
31040
31105
30749
30685
30630
30801
30822
30976
30758
30708
30724
30480
30660
30774
30925
30913
30724
30542
30610
29978
30062
30384
30600
30310
30237
30240
30232
29952
29740
29712
30167
29835
29794
29595
29876
30004
30064
30197
29972
30105
29985
29749
29793
29746
30058
29432
29508
29337
29666
29385
29433
29359
29001
29028
29030
29593
29184
29205
29218
29170
28860
29001
29129
28777
28764
28873
29124
29086
29080
29117
28587
28731
28859
28981
28950
28658
28433
28624
28532
28394
28672
28825
28408
28574
28405
28038
28468
28436
28277
28411
27978
28212
27796
27607
27928
27445
27614
27653
27522
27419
27466
27463
27525
27372
27418
26952
27359
27046
26954
27066
27241
27325
26944
27221
27043
27128
27419
27232
27282
27117
27186
26977
27034
27021
27224
27303
26937
27300
26978
26996
26925
26757
26729
26836
26857
26948
26630
26434
25898
25712
25248
25487
25395
25443
25666
25519
25473
25141
25962
25832
25981
26311
26032
25877
25917
26008
26150
26049
25822
25579
25681
25565
25460
26024
25501
25274
25637
25280
25396
25534
25405
25268
25101
25158
25293
24860
25216
24869
25058
24886
24857
24870
24904
24904
25012
24922
24577
24846
24745
24904
24589
24294
24652
24566
24513
24651
24468
23840
23481
23220
23117
23294
23144
23290
23549
23345
23514
23451
23824
23838
23993
23780
23700
23860
23508
23564
23428
23430
23684
23554
23659
23702
23500
23172
23296
23644
23324
23465
23188
22953
22738
23104
22700
22639
22762
22532
22239
22706
22598
22728
22099
22259
22396
22338
22770
22379
22404
22610
22645
22665
22290
22408
22179
22105
22120
21903
22062
21791
22104
22104
21966
21983
21939
21854
21531
21594
22117
21666
21575
21675
21112
21396
21274
21272
21255
21496
21181
21320
21193
21027
21116
21145
21084
21088
20725
21074
20856
20552
20709
20715
20810
20570
20746
20568
20393
20724
20585
20507
20573
20066
20243
20443
20594
20289
20057
20370
20292
20001
20116
19986
20181
19739
19608
19877
20005
20020
20184
20052
20029
19925
19613
19404
19256
19302
18895
18833
18810
18768
19032
19139
19127
18844
19351
18996
19220
19021
18871
19275
19058
18909
18808
19010
18792
18776
18700
18964
18897
18544
18434
18476
18529
18501
18382
18399
18441
18273
18375
18168
18145
18141
18342
18506
17946
17762
17901
18392
17657
17848
17976
18181
17772
18052
17823
17816
18086
17690
17516
17776
17698
17779
18054
17878
17560
17640
17810
17478
17782
17549
17687
17304
17325
17173
17179
16960
16932
17177
17266
17061
17352
16976
16900
17320
17189
17388
17054
17124
16969
17081
16880
16812
16724
16924
16720
16514
16678
16842
17064
16757
17025
16713
16717
16678
16525
16218
16665
16474
16559
16324
16460
16275
16286
16270
16369
16443
16367
16155
16323
16442
16437
16365
16322
16230
16066
16141
15954
15919
15828
15994
15890
15926
16020
16286
16123
16031
16044
16093
16028
16206
15886
15848
16004
15858
15650
15596
15867
15551
15802
15469
15568
15685
15467
15579
15790
15666
15646
15396
15363
15354
15428
15489
15690
15472
15459
15639
15670
15554
15611
15593
15281
15446
15202
15689
15432
15098
15198
15340
15412
15004
15287
15136
15111
15332
15227
15343
15192
15134
15270
15241
14966
15297
15136
15043
15098
15060
14974
15488
15201
15002
15331
15099
15340
15148
15100
14874
15193
15039
14756
14778
14788
14900
14678
15172
14880
14942
14901
15091
15031
15037
14963
14830
15091
15001
14990
15000
14833
14964
14948
15074
14798
14666
14834
14806
15034
14948
14970
15080
14731
15060
15083
15049
15151
14886
14592
14853
14966
15042
14728
14790
15071
14903
14841
15152
14912
15037
14841
15110
15003
15068
14732
15037
15109
15129
15131
14801
14866
15076
14852
15211
14738
15210
15062
15226
15294
14884
15244
15155
15295
15418
15002
15269
15373
15176
15239
15293
15447
15444
15572
15236
15078
15028
15305
15226
15468
15103
15297
15331
15312
15223
15494
15366
15157
15121
15517
15300
15330
15090
15163
15376
15323
15354
15082
15353
15489
15497
15343
15681
15596
15510
15807
15764
15632
15428
15642
15385
15436
15460
15575
15574
15621
15451
15632
15449
15951
15638
15872
15818
15972
15835
15863
16001
16141
16306
16203
16278
16118
16542
16257
16396
16577
16149
16569
16248
16532
16284
16601
16354
16281
16534
16391
16359
16690
16571
16640
16247
16664
16690
16612
16505
17002
17069
16932
16779
16938
16597
17089
17061
16850
17020
17180
16696
17074
16858
16778
17050
17382
17123
17090
16992
16877
17278
17302
17271
17432
17338
17330
17058
17324
17391
17289
17194
17085
17037
17116
16983
17088
17301
17593
17880
17868
17513
17617
17597
17620
17572
17724
17736
17414
17672
17684
17706
18032
18127
17931
18288
18058
17943
18337
18086
18251
18069
18391
18173
18276
18204
18265
18248
18095
18218
18234
18461
18148
18396
18253
18234
18361
18272
18644
18390
18738
18509
18292
18655
18441
18257
18234
18330
18750
18425
18762
18868
18676
18806
18932
18588
19016
18979
18863
18829
18715
18697
18829
18798
18878
19149
18850
18826
18926
19168
19209
19147
19050
19057
18969
18830
19018
18884
18945
18972
19076
18964
18842
19163
19068
19146
19119
19202
19085
19482
19202
19690
19189
19226
19164
19192
19130
19026
19016
19577
19460
19219
18798
19263
19506
19414
19784
19326
19380
19229
19188
18934
19048
18906
18846
18953
18706
18806
19244
19250
19109
19813
19610
19059
19481
19736
19601
20020
19508
19724
19628
19630
19912
19663
19663
19840
19356
19826
19464
19520
19480
19645
19356
19324
19497
19579
19488
19532
19589
19044
19428
19281
19832
19610
19657
19653
19510
19865
20074
19574
19823
19714
19428
19655
19381
19614
19494
19514
19578
19627
19512
19615
19878
19489
19611
19386
19419
19704
19435
19356
19237
19460
19519
19350
19277
19300
19428
19576
19550
19480
19208
19126
19272
19535
19422
19268
19407
19322
19213
19655
18924
19220
19296
19131
19100
18788
19278
19010
18881
19257
18994
19008
18964
19053
19043
19012
18928
18883
18820
18631
18877
18569
18887
18752
18960
18740
18647
18584
18666
18720
18608
18552
18964
18464
18677
18665
18539
18408
18409
18483
18261
18340
18340
18536
18709
18393
18157
18087
18349
18168
18148
18200
18166
18014
17842
17928
18068
18064
18076
18116
17976
18030
17893
17940
17994
17614
17800
17744
17761
17920
17846
17740
17814
17538
17434
17449
17549
17554
17380
17750
17244
17307
17160
17256
16888
17318
17298
16871
17101
17046
17027
16847
16866
16969
17012
16754
16938
17055
16827
16993
16497
16813
16630
16909
16472
16408
16665
16520
16461
16354
16163
16530
16410
16110
15945
16078
16179
16176
15962
16187
15932
15957
15884
16019
15908
15692
15811
15439
15841
15558
15519
15337
15459
15306
15413
15385
15492
15104
15288
15131
15054
15033
14887
14907
14710
15008
14848
14660
14865
14815
14311
14493
14805
14374
14344
14450
14267
14594
14363
14080
14197
14254
13778
13936
13862
14096
13772
13800
13674
13720
13734
13689
13505
13705
13273
13591
13540
13282
13100
12965
12544
12183
12027
12162
12257
12461
12616
12993
12765
12821
12499
12879
12706
12531
12615
12219
12096
12174
12276
12361
11938
11966
11994
11891
11579
11948
11515
11498
11487
11492
11365
11238
11278
11316
11082
11247
11262
11152
11038
10888
11005
10627
10843
10501
10599
10583
10595
10467
10370
10406
10456
10240
10195
10353
9962
10075
10153
9798
10027
9897
9907
9570
9712
9722
9771
9752
9367
9432
9207
9410
9061
9145
9225
9078
8973
9108
9078
8914
8840
8669
8846
8568
8714
8608
8516
8448
8468
8380
8216
8226
8149
8126
8093
7971
7938
7902
7868
7779
7747
7814
7801
7713
7702
7721
7656
7378
7373
7511
7478
7349
7365
7243
7209
7133
7182
7148
7138
6869
6932
7290
6786
6503
6790
6751
6682
6692
6747
6969
6538
6492
6644
6476
6701
6285
6519
6392
6231
6339
6419
6148
6040
6031
6225
6127
5968
6018
5876
5985
5870
5908
5758
5709
5684
5806
5642
5788
5558
5659
5547
5665
5550
5557
5446
5601
5535
5587
5383
5240
5165
5034
5178
5001
5040
5173
5155
5006
5190
4983
5094
5067
5196
5197
4998
5094
4829
4985
4909
4984
4920
4873
4841
4916
4806
4856
4814
4693
4851
4743
4704
4623
4637
4589
4479
4591
4653
4582
4698
4596
4525
4552
4545
4437
4516
4413
4484
4393
4404
4441
4297
4319
4386
4365
4445
4159
4324
4367
4378
4266
4152
4370
4228
4109
4173
4121
4264
4311
4031
4083
4178
4080
4063
4162
4028
4180
4091
4020
4004
3993
4096
4022
4130
4069
4023
3979
4050
4069
4049
3997
4028
3962
