5045
5157
5113
4990
5176
5292
5123
5257
5263
5173
5156
5156
5074
5301
5105
5264
5295
5058
5235
5236
5111
5362
5158
5245
5265
5386
5081
5258
5312
5212
5394
5278
5253
5279
5318
5300
5327
5373
5232
5515
5409
5349
5560
5517
5296
5231
5331
5197
5391
5396
5475
5377
5307
5354
5493
5421
5416
5436
5591
5331
5380
5500
5328
5403
5328
5347
5416
5221
5339
5313
5386
5475
5766
5417
5421
5537
5478
5501
5553
5595
5675
5444
5367
5537
5693
5534
5738
5602
5742
5607
5749
5815
5643
5658
5702
5717
5577
5684
5778
5775
5690
5628
5716
5604
5767
5722
5611
5610
5645
5720
5785
5770
5828
5861
5900
5712
5929
5973
5964
5717
5822
5673
5696
5959
5829
5922
5877
5843
6015
5991
5836
5871
6066
5813
6025
5917
5810
6054
5929
5895
6002
6031
6016
6025
6080
6032
5961
6192
5954
5944
6168
6043
6077
5965
5978
6072
5855
6135
6170
6088
6026
6094
6056
6144
6079
6212
6329
6128
6313
6328
6100
6354
6105
6325
6107
6119
6154
6354
6292
6310
6455
6490
6305
6228
6285
6494
6298
6370
6227
6469
6298
6422
6349
6325
6401
6299
6437
6517
6500
6453
6410
6441
6496
6419
6554
6574
6463
6464
6443
6460
6587
6630
6468
6522
6400
6456
6549
6684
6505
6692
6687
6700
6662
6605
6665
6780
6734
6739
6639
6637
6728
6918
6787
6633
6672
6635
6749
6666
6818
6682
6922
6761
6725
6723
6914
6663
6845
6993
6844
6902
6829
6990
6951
6885
6920
6842
6980
7034
7115
6988
6906
7069
6890
7014
6806
6929
6970
6972
7013
6957
7108
7094
7378
7198
7166
7054
7042
7147
7226
7350
7118
7107
7403
7031
7250
7079
7042
7031
7402
7179
7203
7243
7030
7314
7391
7159
7324
7375
7398
7343
7094
7264
7562
7429
7263
7282
7339
7528
7409
7510
7375
7519
7688
7324
7440
7639
7544
7617
7440
7579
7642
7522
7588
7359
7565
7644
7576
7503
7620
7712
7557
7685
7572
7755
7690
7770
8018
7692
7933
7667
7877
7637
7655
7766
7861
7625
7709
7654
7572
7498
7636
7760
7769
7680
7822
7904
7710
7951
7768
8020
7907
7908
8124
7876
7973
8067
7950
7874
8132
8127
7907
7989
8187
8052
8052
7916
7975
7870
8058
8211
8271
8042
8258
8085
8123
8326
8183
8270
8129
8259
8175
8221
8270
8458
8128
8125
8228
8063
8298
8421
8376
8224
8167
8334
8444
8371
8324
8540
8355
8498
8505
8484
8362
8309
8501
8502
8610
8558
8521
8460
8705
8448
8486
8745
8527
8750
8744
8712
8578
8609
8550
8705
8601
8758
8763
8776
9013
8887
8787
8890
8846
8788
8917
8823
8734
8834
9002
8779
8941
8860
8922
8986
8913
8948
8763
9062
8793
8919
9125
9079
9188
9072
9096
9027
9234
9248
9220
8987
9233
9306
9009
9240
9062
9020
9169
9213
9371
9274
9248
9152
9443
9181
9326
9224
9503
9364
9362
9296
9413
9330
9046
9344
9208
9361
9498
9384
9366
9600
9485
9342
9517
9450
9539
9597
9518
9568
9668
9642
9472
9546
9738
9439
9645
9544
9730
9609
9704
9674
9709
9552
9759
9910
9914
9744
9892
10029
9708
9944
9897
10100
9912
10059
10102
10083
9885
10143
10143
10198
10068
10113
10123
10137
10141
10085
10043
10223
10338
10284
10221
10252
10240
10392
10129
10368
10244
10323
10266
10262
10407
10198
9940
10143
10122
10443
10361
10508
10420
10282
10327
10621
10176
10654
10388
10274
10319
10512
10613
10454
10528
10469
10566
10500
10576
10403
10388
10654
10745
10740
10654
10857
10664
10504
10516
10746
10655
10821
10997
10828
10776
10798
10846
11033
10982
10822
10845
10896
10885
11065
10739
10866
10934
10829
10950
11087
11241
11241
11162
11294
10983
11197
11118
11214
11227
11009
11004
10912
10815
10940
10877
10587
10874
10950
10961
11102
11377
11212
11524
11392
11494
11459
11300
11493
11292
11653
11602
11620
11879
11597
11761
11796
11771
11722
11603
11601
11697
11727
11726
11908
11627
12036
11597
11650
11841
11929
11782
11830
11659
12058
12017
11734
11889
11834
11886
11876
12137
11891
12154
11802
11718
12294
12134
11942
12070
12131
11888
12093
12269
12107
12340
12234
12182
12347
12133
12513
12320
12376
12355
12314
12164
12294
12255
11917
12248
12320
12315
12102
12116
12422
12600
12504
12673
12427
12555
12442
12704
12729
12855
12854
12762
12776
12908
12884
12813
12474
12716
12964
12768
12637
13040
12677
12712
13006
12906
13057
13092
13098
13000
12970
13110
12762
13124
13145
13206
13125
13178
13452
13406
13172
13275
13137
13412
13344
13476
13229
13418
13165
13288
13578
13542
13568
13508
13511
13526
13412
13533
13698
13621
14061
13684
13357
13507
13440
13458
13448
13626
13577
13818
13996
13704
13792
13983
13894
13794
14016
13926
14087
14029
13897
13691
13737
13725
13998
13815
14120
14124
14286
13888
13856
14369
13920
14155
14347
14016
14174
14026
14270
14156
14447
14236
14473
14474
14141
14421
14404
14231
14395
14716
14484
14414
14457
14587
14615
14484
14453
14428
14682
14737
14492
14601
14569
14576
14500
14743
14291
14783
14552
14777
14728
14542
14894
14984
14842
15131
14976
14790
14955
15197
14868
15062
14990
14934
14861
15172
15133
14982
15163
15490
15367
15177
15583
15424
15457
15538
15396
15510
15534
15450
15438
15595
15866
15360
15760
15419
15470
15292
15888
15705
15729
15495
15669
15745
15553
15704
15669
15520
15624
15712
15808
15827
15458
15627
15774
15490
15478
15808
15829
15797
15992
16385
15993
15747
16092
16068
16312
16163
16292
16365
16157
16403
16264
16456
16537
16468
16658
16390
16291
16502
16367
16562
16493
16586
16489
16680
16618
16548
16613
16822
16788
16796
16506
16836
16809
16871
16782
16920
17045
16604
16757
17269
16821
16836
16874
16938
16904
17105
17016
17301
16704
17037
16669
16825
17353
17134
16930
17076
17432
17190
17210
17255
17216
17284
17402
17402
17380
17588
17424
17537
17453
17675
17729
17590
17489
17432
17652
17629
17856
17664
17610
17526
17773
17550
17912
17454
17610
17690
17634
17791
17804
18116
18120
17776
18066
17616
17940
17846
18138
17947
18191
18044
18009
18186
18564
18084
18194
18258
17782
17976
17897
17984
18068
18092
18670
18465
18501
18350
18375
18505
18584
18696
18676
18758
18538
18765
18850
18836
18462
18832
18785
18789
18948
19084
18698
18596
18678
18541
18688
18728
18380
18428
18847
18730
19005
19312
19288
19219
19172
19049
19390
19352
19372
19505
19413
19553
19294
19384
19611
19529
19222
19152
19553
19748
19372
19264
19405
19486
19073
19337
19245
19104
19425
18868
19295
18997
19106
19244
19136
19025
19403
19584
19332
19396
19800
20115
19945
20115
19914
20251
19896
19900
19854
20077
19706
20015
19750
19253
18716
18350
18120
17699
17407
17016
16268
15830
15524
15786
16181
16617
17306
17733
18272
19032
19845
20085
20765
20946
21038
21252
20992
20926
21073
21179
21026
20995
20700
20524
20641
20992
20713
20842
20806
20738
21220
21036
21258
21416
21231
20992
20797
20989
21064
21211
20690
20718
21018
20916
20911
21252
21170
21416
21595
21324
21706
21418
21750
21800
21438
21453
21516
21594
21361
21766
21357
21465
21565
21364
21252
21588
21741
21577
21760
21582
21745
21565
21748
21867
21717
21818
21902
21851
21804
21824
21848
21803
21717
21648
21934
22008
21810
22231
22397
21870
22366
22266
22381
21894
22157
22028
22001
22071
22045
22062
22282
22238
22469
22164
22564
22586
22026
22165
22311
22852
22265
22605
22520
22698
22656
22683
22557
22648
22691
22479
22880
23300
22730
23162
23082
22980
23512
23448
23044
23393
23137
23348
23373
22943
23537
23600
23554
23402
23357
23852
23734
24037
23710
23691
23898
23912
24025
23869
23338
23675
23194
23076
22861
22832
22666
22690
22230
22018
22024
22349
22657
23754
23449
24229
24028
24187
24278
24043
24009
24101
23786
24299
24269
24320
24456
24581
24168
24346
24238
24260
24260
24594
24686
24572
24349
24388
24741
24714
24774
24704
24686
25036
24458
24628
24437
24788
24769
24773
24422
24550
24819
24771
24972
24832
25057
24790
25064
25129
25024
25349
25160
25122
25400
25106
25504
25088
25666
25381
25395
25295
25136
25166
25314
25620
25513
25524
25409
25939
25547
25117
25493
25856
26018
25856
25736
25687
26164
25620
25898
25860
25887
25902
25946
26013
25941
25965
26261
25978
25860
26134
26121
25946
26069
25995
26377
26327
26648
26292
26258
26400
26311
26252
26295
26218
26260
26465
26396
26434
26493
26618
26625
26597
26512
26776
26475
27074
26467
26616
26583
26713
27015
26676
26588
27227
26887
26722
26880
27200
27103
26944
26904
26836
27251
27277
26996
27372
27002
27205
27307
26964
27434
27362
27523
27473
27638
27582
27290
27631
27613
27384
27404
28064
27732
27804
27402
27906
27909
27525
27590
27936
27928
27805
28350
27976
28205
27680
27536
27840
27746
27544
27842
27845
28373
27814
28040
27834
27761
27917
27620
27908
27925
27984
28090
28608
28161
28090
28398
28333
28091
28085
28188
28212
28360
27608
27702
27851
28163
28112
27668
28188
28060
28298
28390
28581
28626
28621
28548
28713
28666
28605
28764
29151
28632
28118
29045
29263
28635
29032
29164
29339
28939
28998
28954
29129
28954
29165
28872
28953
29244
29270
29223
29302
29353
29320
28954
28932
29562
29228
29580
29466
29114
29314
29421
29272
29547
29022
29908
29401
29441
29580
29140
29394
29272
29498
29578
29893
29923
29803
29824
29812
29860
29677
29793
29888
29730
29960
30088
29934
29872
29674
30187
29728
29929
29851
30068
30338
29834
30140
30124
29848
30343
30303
30340
29844
30030
30102
30237
30221
30220
30131
30272
30218
30214
30518
30396
30480
30350
30255
30678
30362
30700
30312
30561
30585
29956
30389
30454
30321
30716
30397
30589
30752
30459
30378
30811
30649
30728
30686
30676
31078
30752
30842
31259
30976
30780
30758
30584
30881
30634
30559
30828
30778
30840
30267
30808
30932
31083
31104
31362
31259
31087
31012
30920
30892
31177
31096
31524
31227
31411
31269
31369
31717
31522
31210
31818
31384
31428
31517
31631
31448
31515
31725
31428
31340
31603
31392
31400
31248
31819
31399
31950
31862
31591
31722
31626
32076
31620
32308
31460
31770
31578
31556
31500
31892
31373
31924
32148
32116
32170
32247
32260
31616
32277
32213
31945
32256
32221
32300
31816
32128
32350
32104
32558
32489
32198
32025
31434
31705
30890
31296
31460
31296
31190
30900
30900
31679
31302
31936
32463
32312
32411
32456
32824
32437
32203
32536
32802
32596
32468
32790
32584
32780
32211
32756
32189
32618
32404
32281
32604
32556
32438
32362
32708
32781
32698
32586
32695
32584
32411
32373
32580
32335
32554
32347
32758
32832
32646
32959
32447
32787
32922
32830
32874
33014
32928
32541
32631
32980
33217
32971
32801
33309
33078
32882
32732
32928
32656
32938
32795
32768
33070
33024
32896
32919
33416
33133
33426
33049
33031
32882
33106
33359
33593
33024
33172
33455
33412
33392
33329
33312
33668
33457
33441
33346
33204
33847
33233
33600
33058
33584
33585
33672
33454
33723
33258
33598
33293
33511
33357
33336
33733
33332
33005
33645
33451
33816
33674
33152
33386
33641
33750
33901
33619
33675
33872
34106
33909
33892
33618
34088
33832
33513
33858
33965
33860
33843
33622
33556
33931
33740
34036
34085
33574
33710
34074
33754
33913
34027
34050
34112
34157
33866
34020
34059
34161
34327
33883
34048
34179
34282
34147
33998
34108
33974
34284
34185
34356
34199
33741
34518
34121
34134
34052
34234
33692
34266
34031
33905
34070
33655
34188
33925
33770
34490
34064
34186
33908
34205
34333
34164
33723
34522
34048
34572
34087
34282
34194
34148
34089
33825
34282
34329
34597
34258
34176
34188
34618
34622
34127
34201
34017
34164
33832
34537
34594
34219
34108
34681
34154
33988
34231
34048
34129
33924
34221
33752
34088
34108
34180
33842
33826
33788
34090
33654
34196
34027
34694
34123
34262
34661
34304
34575
34667
34434
34191
34757
34595
34541
34267
34265
34571
34403
34088
34572
33937
34432
34322
34542
34315
34145
34732
34372
34406
34612
34584
34146
34580
34700
34810
34608
34709
34352
34581
34920
34124
34664
34937
34388
34832
34482
34683
34886
34778
34702
34190
34590
34829
34457
34415
34850
34954
34868
34751
34336
34617
34885
34288
34564
34310
34759
34216
34068
34060
34278
34060
33877
33979
33990
33748
34262
34170
33885
34076
34680
34504
34414
34404
34355
34379
34543
34261
34649
34822
34032
34438
34308
34133
33869
34205
34490
34066
34266
34267
33399
33780
33837
33115
33848
33420
33559
33293
33544
33588
33810
33501
33594
34422
34168
34228
34360
34356
34281
34737
34237
34340
34296
34478
34070
34891
34457
34361
34180
34148
34098
34212
34243
33965
34116
34208
34346
33558
34100
33928
34125
34209
34126
33906
34836
33767
34058
33620
34203
34452
33862
33847
33901
34424
33907
34134
33956
34028
34020
34139
33574
34100
33898
33647
33242
33748
33612
33550
33920
33653
33906
33573
33637
33416
33453
33552
34038
33792
33886
33837
33421
33513
33874
33716
33755
33144
33508
33434
33383
33204
33448
33802
33202
33344
33391
33610
33098
33435
33457
33304
33447
33345
33533
33072
33359
33309
33207
33134
33244
32978
33225
33046
33206
32832
33113
33416
33244
32553
33321
32622
32661
33033
32657
32690
32861
33354
32824
32852
32493
32921
33080
32882
32766
32884
32569
32762
32520
32706
32960
32724
32899
32703
32548
32966
32993
32794
32406
32872
32892
32586
32616
32469
32489
32484
32171
32713
32790
32550
32763
32301
32688
32514
32499
32267
32212
32210
32298
32468
32436
32272
32219
32378
31918
32468
32249
31938
32195
32302
32304
32180
31957
32184
32336
31895
32153
32119
32104
32017
32200
31976
32013
32064
31546
31782
31594
31250
31890
31504
31733
31614
31721
31717
31215
31772
31892
31802
31269
31743
31796
31604
31380
31425
31628
31541
31124
31136
31375
31140
31126
30893
31517
31403
31276
30976
31058
30921
31282
30848
31164
30954
30813
31081
30547
30976
30853
31160
30713
30904
30299
30810
30817
30709
30636
30645
31093
30276
30244
30376
30519
30628
30165
30399
30518
30521
30524
30557
30136
29908
30539
30525
30448
30443
30222
29838
29501
29680
29716
29415
29320
29129
29248
29113
29600
29473
29662
30160
29315
29707
29445
29306
29811
29720
29622
29127
29417
29361
29226
29750
29437
29397
29786
29285
29062
29187
29226
29355
29022
29382
29044
28906
28805
28928
29104
28690
28970
28639
28696
28890
28502
28896
28935
28589
28512
28410
28614
28393
28630
28509
28832
28503
28219
27904
28090
28194
27960
28292
28428
28125
28075
28116
28196
27894
28265
27980
27968
28072
28012
28068
28278
27987
27843
27768
27913
28018
27797
27800
27501
27752
27518
27252
27764
27680
27664
27845
27224
27604
27665
27211
27501
27448
27302
27339
27114
27148
27096
27120
26892
26616
26694
26491
26223
26347
26523
26365
26341
26437
26320
26268
25999
26314
26121
25941
25684
26150
25860
25803
25901
25906
25896
25908
25611
26119
25902
25872
25956
25925
25885
26026
26262
26071
25949
25646
25981
26033
25937
25912
25642
25667
25554
25512
25883
25525
25436
25493
24918
24724
24283
24244
24334
24522
24282
24580
24206
24418
24771
25100
25135
24902
24776
24996
24813
24866
24879
24859
24904
24664
24756
24482
24625
24717
24629
24152
24464
24170
24498
24428
24206
24093
23899
24036
24027
23936
24079
23760
23846
23852
24084
23787
23732
23774
23434
23597
23680
23542
23461
23572
23423
23405
23508
23637
23776
23663
23090
23069
22344
22381
21724
21842
22193
22146
22099
22573
22331
22762
22676
22710
22660
22741
22683
22868
22749
22391
22593
22314
22439
22476
22818
22262
22470
22487
22336
22231
22199
22357
22012
22075
22232
22114
21733
21867
21880
21946
21616
21286
21136
21469
21596
21286
21164
21407
21615
21389
21216
21276
21211
21069
21413
21125
21044
21292
21007
20746
21212
21064
21206
20858
20716
21015
20811
20676
20644
20618
20382
20648
20376
20595
20520
20437
20148
20333
20193
20452
20260
20077
20116
20033
20420
19879
20180
20100
19854
19494
19762
20084
19450
19872
19702
19760
19444
19258
19373
19733
19612
19254
19150
19388
19242
19153
19325
19340
19210
19392
19021
18977
19069
19013
18724
18920
19130
18704
18834
18865
18522
18802
18624
18676
18756
18389
18164
17833
17733
17759
17744
17890
17809
17387
17945
17933
17966
17930
18040
18026
18224
17554
17641
17753
17977
17795
17836
17751
17752
17744
17556
17578
17628
17604
17340
17616
17521
17396
17216
17147
17119
16917
17050
17078
16998
17034
17092
16964
16806
16854
16960
16780
16677
16779
16585
16444
16839
16607
16790
16498
16264
16543
16454
16432
16192
16632
16335
16220
16254
16466
16252
16374
16123
16327
16065
16282
15662
15833
15934
15899
15986
15588
15892
15875
15704
15822
15803
15744
15682
15653
16043
15718
15366
15417
15540
15610
15534
15221
15745
15552
15207
15375
15290
15254
15224
15112
15213
14921
15007
15133
15240
14887
15165
14863
14802
14830
14856
14714
14642
14565
14638
14841
15193
14813
14715
14683
14476
14868
14742
14664
14448
14458
14561
14714
14389
14660
14820
14482
14310
14378
14499
14250
14308
14332
14227
14051
14285
14330
14040
14182
14249
14230
14138
14029
14171
14088
13962
13763
13762
13726
13962
13994
13990
13818
13715
14020
13624
13485
13717
13798
13750
13639
13668
13526
13605
13594
13642
13336
13431
13254
13545
13402
13524
13239
13558
13147
13535
13272
13413
13204
13115
13122
13061
13440
13247
13228
13188
13188
13292
13074
13306
13122
13297
13224
13173
13193
13140
12991
13297
13249
12979
13073
13164
12853
12838
12844
12944
12741
12912
12930
12680
12718
12929
12815
12945
12728
12659
12846
12733
12700
12836
12882
12823
12586
12891
12975
12752
12877
12797
12906
12666
12661
12581
12675
12736
12676
12617
12589
12601
12585
12644
12684
12685
12833
12909
12585
12477
12505
12365
12416
12684
12523
12585
12420
12529
12616
12539
12348
12614
12804
12544
12580
12678
12619
12664
12669
12779
12234
12410
12631
12560
12761
12780
12582
12505
12416
12473
12642
12597
12575
12712
12474
12616
12492
12641
12528
12516
12780
12616
12484
12596
12518
12598
12538
12770
12720
12802
12562
12528
12507
12457
12386
12559
12244
12389
12373
12583
12731
12505
12704
12703
12772
12892
12654
12565
12458
12560
12589
12617
12578
12614
12720
12231
12380
12389
12264
12553
12682
12752
12474
12588
12767
12812
13083
12818
13073
12762
12816
12898
12920
12895
12828
12805
12947
13026
12824
12796
12840
12853
13074
12808
12992
13151
12898
13072
13155
12952
13123
12848
12926
12954
13057
13139
13118
13050
13226
13196
13358
13154
13216
13179
13146
13145
13214
13064
13204
13224
13199
13262
13244
13230
13401
13173
13323
13315
13226
13178
13143
13336
13350
13456
13105
13354
13226
13259
13059
12930
13092
13380
13343
13582
13389
13500
13470
13398
13397
13696
13524
13367
13254
13236
13561
13350
13435
13504
13608
13448
13696
13505
13753
13545
13464
13532
13666
13867
13681
13987
14030
13722
13884
13564
13817
13715
13653
13906
13671
13739
13656
13735
13715
13703
13986
13633
13962
13798
13879
13898
13866
13760
13787
13718
13872
13957
13828
13852
13963
13888
13829
13781
14096
14237
14063
14073
14170
13946
14011
14018
14029
14297
14181
14051
13955
13829
13845
13903
14054
13921
14206
13890
13880
13988
14108
14162
14237
14247
14165
14155
13777
13913
14109
14221
14029
14183
14161
14205
14165
14236
14317
14012
14372
14161
13914
13931
14148
14109
14105
14287
14239
14361
14245
14036
14170
13749
14121
13867
13949
13886
13625
13730
13784
14097
13997
14207
14247
14221
14270
14335
14281
14344
14245
14152
14413
14538
14418
14307
14370
14249
14703
14468
14394
14314
14201
14317
14247
14413
14344
14327
14228
13956
14331
14092
14366
14271
14271
14023
14338
14358
14296
14152
14235
14176
14224
14177
14141
14457
13963
14338
14260
14189
14188
14218
14322
14171
14369
14128
14420
14464
14262
14325
14340
14045
14354
13980
13933
14117
14071
14370
14047
14205
13923
14005
14154
14040
13736
14210
14085
13924
13991
13892
13863
14016
13860
13689
13881
14062
13845
13861
13969
13835
13741
13713
13611
13648
13908
13658
13938
13710
13778
13842
13782
13725
13620
13568
13689
13773
13673
13878
13648
13440
13669
13589
13699
13443
13450
13762
13307
13214
13661
13586
13538
13454
13179
13361
13466
13656
13457
13389
13450
13337
13234
13079
13029
13332
13063
13200
13115
12910
13026
13229
12945
13182
12902
12921
12933
12967
12840
13173
12816
12727
12717
12969
12924
13145
12733
12962
12561
12595
12565
12651
12683
12777
12558
12266
12303
12436
12381
12456
12576
12337
12235
12410
12406
12455
12314
12369
12561
12136
12015
12325
12189
12133
12281
12080
11892
11765
12011
12070
11818
11740
11739
11912
11874
11843
11901
11928
11686
11657
11588
11773
11809
11716
11482
11537
11458
11475
11445
11603
11209
11284
11222
11356
11319
11125
11414
11193
11199
11126
11152
11225
11155
11222
11066
11174
11130
10894
11053
10693
10763
10771
10931
10719
10706
10676
10618
10764
10676
10492
10299
10658
10583
10344
10288
10167
10275
10088
9942
10131
9843
9841
10101
9904
10224
9995
9893
9856
9747
9840
9824
9817
9797
9750
9215
9301
9071
9118
8978
9014
9177
9341
9344
9501
9165
9335
9266
9511
9158
9041
8996
9041
9022
8882
9154
9011
8863
8917
8783
8692
8430
8711
8332
8543
8582
8580
8602
8388
8441
8485
8136
8398
8279
8326
8181
8146
8131
8055
7726
7652
7831
7765
7911
7963
7853
7764
7742
7700
7667
7416
7685
7412
7440
7452
7409
7291
7180
7253
7381
7255
7226
7078
7197
7380
6945
6742
7113
6906
6944
6909
6759
6718
6762
6749
6875
6576
6665
6695
6559
6617
6518
6492
6615
6364
6313
6134
6437
6236
6194
6137
5967
6197
6109
5911
6088
6112
6015
5911
5927
5691
5888
5702
5850
5887
5654
5699
5659
5712
5604
5406
5585
5533
5353
5566
5572
5470
5373
5524
5442
5277
5378
5433
5198
5226
5149
5087
5227
5290
5070
5017
5043
5124
5035
5029
4868
5078
4885
4985
4870
4951
4880
4780
4727
4831
4787
4685
4651
4728
4798
4641
4904
4668
4694
4689
4563
4359
4387
4609
4524
4631
4446
4429
4400
4435
4291
4218
4219
4134
4241
4346
4415
4116
4333
4258
4254
4277
4185
4219
4194
4158
4224
4029
4123
4203
4175
4170
4079
4181
4121
4075
4072
4104
4005
3950
3992
3931
4001
4022
3787
3992
3920
3950
3946
3865
3817
3993
3794
3892
3872
3809
3862
3786
3835
3717
3711
3731
3764
3752
3735
3697
3743
3688
3611
3670
3768
3736
3682
3652
3666
3687
3636
3693
3760
3691
3672
3686
3613
3624
3434
3591
3628
3420
3580
3753
3572
3485
3520
3547
3541
3388
3514
3577
3564
3568
3486
