5290
5206
5114
5313
5231
5381
5276
5301
5349
5359
5359
5260
5158
5268
5344
5306
5334
5231
5184
5229
5262
5197
5215
5479
5246
5333
5324
5271
5530
5354
5359
5221
5315
5345
5258
5462
5314
5382
5383
5467
5304
5404
5506
5418
5530
5445
5444
5277
5372
5492
5557
5384
5533
5412
5377
5607
5474
5453
5432
5458
5383
5632
5633
5427
5330
5289
5488
5465
5411
5499
5484
5379
5608
5644
5513
5669
5489
5794
5618
5599
5819
5746
5529
5764
5688
5741
5743
5626
5859
5698
5707
5845
5726
5704
5585
5697
5731
5716
5798
5696
5789
5762
5868
5781
5784
5873
5844
5914
5918
5759
5892
5707
5951
5915
5924
5992
5802
5971
5767
6101
5917
5956
6069
5938
5975
6080
6170
5927
5828
5996
5903
5741
6019
6067
5986
5980
6100
6116
6162
5982
6065
6122
5976
6008
6119
6234
5858
6209
6077
6094
6054
6148
6100
6174
6058
6243
6378
6162
6346
6200
6521
6160
6352
6333
6240
6340
6432
6222
6396
6269
6139
6307
6054
6295
6281
6189
6244
6329
6356
6340
6339
6443
6385
6314
6306
6508
6488
6434
6493
6562
6537
6388
6404
6519
6403
6459
6517
6528
6452
6570
6555
6385
6679
6459
6523
6623
6764
6531
6670
6529
6637
6699
6560
6632
6613
6599
6774
6671
6843
6806
6561
6692
6763
6808
6741
6885
6756
6773
6724
6795
6548
6794
6857
6883
6826
6982
6747
6754
6894
6765
6913
6976
6929
6945
6813
6954
6837
6976
7087
7084
6931
6935
6916
6809
7093
6963
6942
7028
7082
7187
7129
7146
6943
7229
7178
7018
7154
6955
7267
7118
7160
7104
7237
7313
7078
7071
7290
7231
7149
7277
7444
7257
7204
7104
7285
7402
7394
7370
7263
7410
7190
7520
7242
7332
7416
7384
7573
7409
7529
7364
7400
7538
7412
7584
7400
7572
7526
7567
7685
7713
7665
7489
7450
7567
7576
7710
7540
7529
7618
7728
7674
7721
7740
7707
7722
7726
7970
7657
7732
7751
7863
7698
7505
7793
8007
7979
7871
7480
7796
8058
7867
7821
7908
7745
7828
7746
7804
7691
7622
7884
7803
7791
7730
7955
7979
7986
8041
8162
8130
8141
8021
8033
8019
7960
8262
8031
8045
7987
8074
8016
8149
8235
8259
8196
8100
8158
8361
8152
8184
7990
8162
8253
8260
8405
8263
8275
8377
8277
8313
8426
8188
8373
8311
8507
8552
8228
8391
8296
8598
8434
8524
8392
8443
8466
8444
8603
8604
8473
8505
8512
8618
8567
8566
8661
8691
8603
8585
8720
8755
8784
8702
8818
8826
8917
8925
8826
8630
8746
9037
8868
8563
8737
8783
8931
9024
8885
8987
8941
9090
8820
9006
8944
8925
8819
8974
9017
9004
8889
8960
9289
9100
8976
9087
8884
9120
9187
9114
9086
9290
9322
9131
8997
9092
9243
9064
9156
9274
9419
9134
9296
9362
9182
9549
9427
9325
9281
9310
9513
9416
9390
9638
9430
9554
9592
9375
9430
9670
9445
9556
9528
9397
9748
9529
9518
9391
9643
9726
9516
9573
9626
9390
9571
9732
9676
9540
9528
9873
9867
9974
9672
9833
9866
9833
9829
9917
9990
9868
9856
9893
9818
10117
9946
10164
10110
9928
9809
9992
9869
10196
10224
10116
10018
10194
10069
10017
10083
10145
10149
10090
10198
10052
10228
10217
10312
10404
10338
10314
10270
10389
10511
10509
10339
10387
10510
10352
10549
10417
10626
10569
10441
10396
10438
10364
10496
10355
10454
10766
10488
10702
10472
10548
10294
10607
10873
10884
10816
10773
11078
10811
10865
10945
10854
10772
10729
10803
10754
11000
10951
10787
10899
11211
10844
10969
10773
10978
11181
11046
11060
11098
10965
10994
11056
11054
11296
11141
11069
10752
10918
10956
11229
11268
11102
11103
11260
11131
11144
11404
11362
11317
11272
11256
11263
11108
11266
11158
11284
11051
11141
10828
11148
10950
10820
11034
11131
11069
11392
11532
11527
11794
11763
11522
11491
11663
11580
11786
11541
11750
11689
11546
11862
11757
11850
11988
11711
12009
11759
11969
11667
11687
12173
11743
11803
11661
12058
11916
11885
12039
11721
12004
12142
12163
11998
12270
12054
12040
12070
12297
12050
12077
12053
12035
12116
12138
12262
12430
12165
12356
12634
12509
12331
12419
12574
12450
12502
12600
12552
12509
12642
12369
12554
12322
12278
12232
12407
12608
12323
12569
12693
12617
12769
12916
12760
12772
12966
12856
12715
12932
13034
12942
12975
12857
12748
13192
12861
12980
12999
12879
12744
13031
12893
13227
13137
13273
13070
13258
12999
13254
13179
13356
13189
13389
13147
13433
13238
13466
13329
13376
13432
13369
13568
13517
13537
13568
13339
13470
13361
13532
13524
13543
13627
13612
13666
13856
13494
13682
13810
13547
13956
13558
13922
13930
13697
13833
14300
13747
13874
13762
14061
14130
14068
13969
13935
14210
14159
14203
14209
14100
14302
14196
14257
14113
14370
14175
14386
14397
14385
14380
14363
14378
14441
14504
14711
14708
14194
14665
14339
14297
14462
14438
14548
14572
14536
14565
14408
14701
14703
14778
14750
14694
14934
14927
14907
14608
14683
14848
14633
15072
14705
14708
14813
14686
14921
15354
14904
14761
14835
14749
14949
15143
14955
14971
15357
15255
15063
15276
15198
15076
15342
15044
15390
15052
15447
15277
15224
15130
15341
15768
15577
15509
15640
15726
15888
15725
15733
15780
15656
15947
15800
15581
15686
15600
15571
15730
15802
15789
15669
16205
15901
15867
16294
15917
15923
16090
15888
16039
16042
15616
16061
15993
15787
15748
15769
15823
15919
15770
16203
16185
16098
16394
16546
16547
16578
16612
16417
16452
16459
16796
16909
16714
16640
16719
16896
16646
16762
16998
16929
16917
16692
16897
17002
16896
17032
16946
16909
16868
16858
17083
17222
16983
16869
17162
17074
17509
17340
17134
17355
17236
16980
17316
17341
17315
17203
17500
17235
17320
17456
17209
17300
17170
17006
17340
17193
17418
17371
17485
17508
17638
17537
17512
17725
17515
17830
17680
17666
18091
17981
18042
17664
17926
17978
17768
17758
18233
18111
17997
17992
18014
17855
17924
18148
17726
17734
17821
17836
18066
17986
18100
18028
18058
18151
18026
18172
18553
18258
18151
18428
18245
18552
18129
18182
18287
18721
18374
18582
18653
18465
18402
18281
18818
18682
18269
18762
18441
18644
18646
18844
18569
18689
18908
18976
18917
18989
19138
19237
19065
19244
19176
19073
18913
18914
18979
18852
19107
18926
18940
19004
18949
18825
18863
19334
18825
19252
19468
19616
19668
19486
19726
19610
19609
19785
19661
19978
19754
19762
19776
19660
19962
19868
19584
19741
19939
20264
19554
19992
19758
19872
19929
19547
19557
19594
19616
19453
19202
19267
19542
19276
19436
19703
19524
19848
20261
20308
20170
20299
19995
20164
20565
20234
20221
20141
20516
20258
20322
19968
19636
19020
18525
18276
18049
17628
16948
16773
16007
15851
15926
16576
16812
17553
17887
18886
19657
20208
20564
21252
21276
21520
21270
21303
21554
21351
21477
21188
20789
21208
21447
21090
20946
20907
21425
21421
21541
21329
21597
21548
21581
21377
21144
21704
21189
21396
21278
21175
21341
21526
21364
21248
21343
21549
21851
21552
21685
22222
22090
22040
22248
21781
21668
22072
21700
22011
21950
21743
21691
22098
21994
21964
22157
21816
21958
22027
22058
22218
22044
22321
22346
22229
21702
22110
21993
21969
22312
22112
21957
22250
22537
22370
22377
22453
22540
22390
22459
22607
22641
22534
22348
22417
22405
22602
22485
22879
22656
22714
22753
22404
22720
22762
22784
22491
22994
22629
23003
22879
22948
22998
22784
22699
23001
23088
23301
23136
23313
23407
23531
23572
23105
23307
23375
23327
23301
23970
23926
23776
23770
23860
23746
23752
23788
23910
23957
24154
23872
24197
24200
24170
24233
24161
24567
24454
24187
24221
23708
23780
23288
23020
23300
22894
22954
22788
22406
22708
22767
23197
23535
24045
24580
24507
24357
24704
24571
24712
24244
24906
24542
24349
24742
24475
24735
24865
24773
24762
24844
25012
24728
24855
25309
25236
24649
24699
24876
25005
24874
24736
25396
25094
25008
24934
25245
24850
25118
24980
25088
24889
25178
24948
25728
25259
25478
25504
25295
25512
25335
25597
25550
25645
25428
25548
25584
25988
25589
25675
25402
25652
25856
25547
25850
25913
25856
25757
26112
25844
25958
25787
26036
25995
25962
26127
26146
25941
26391
26008
25757
26230
25996
26209
26475
26263
26112
26424
26523
26630
26752
26325
26642
26236
26356
26269
26473
26695
26821
26540
26866
26446
26397
26936
26880
26848
26546
27311
27008
26920
27318
27064
26737
27299
26956
26984
26957
27142
26964
27172
27183
27405
27190
27382
27454
27237
27576
27506
27264
27652
27444
27487
27519
27951
27533
27706
27470
27831
28224
28076
27798
27796
27972
27958
28074
28053
27949
28014
28090
27960
27868
28603
28166
28388
28128
28212
28180
28142
27996
28189
28588
28228
28084
28596
28589
28250
28126
28569
28829
28386
28340
28011
28490
28633
28484
28618
28269
28705
28477
28304
28170
28711
28569
29095
28554
28394
28805
28576
28911
28411
28864
28554
28493
28667
28598
28478
28096
27931
28570
28506
28661
28410
28537
29232
29066
28894
29133
29313
29170
29043
29216
29102
29266
29524
29382
29157
29434
29533
29731
29418
29334
29446
29627
29567
29547
29548
29517
29916
29418
29716
29394
29687
29899
29623
29554
30034
29592
29681
29363
30077
29901
29652
29563
29963
29975
30157
29956
29874
30222
29806
30180
29824
30092
30020
30344
29770
29979
30281
30075
30033
29812
30027
30349
30111
30358
30407
30342
30283
30272
30381
30564
30249
30540
30772
30652
30308
30288
30585
30601
30936
30669
30634
30840
31324
30794
30828
30888
30686
31330
30912
31150
30951
30826
30900
30842
31028
31077
30828
31012
31446
30816
30937
31092
31210
31104
31184
31080
31066
31335
31332
31098
30719
31469
31360
31340
31165
31364
30977
31340
31348
31049
31382
31213
31160
31260
31184
31572
31253
31307
31296
31618
31343
31621
31873
31095
31732
31579
31482
31706
31455
31548
31586
31872
31758
31629
31786
31698
31627
31796
32272
31606
32068
31891
32173
31860
31931
32102
32289
31933
31804
32461
31940
32298
31814
32082
32094
32196
32265
31926
32102
32330
32059
32539
32420
32320
32001
32428
32526
32490
32264
32293
32234
32260
32187
32406
32372
32380
32509
32558
32371
32614
32612
32337
32870
32701
32928
32740
32337
33024
32406
32976
32797
33093
32586
32700
32746
32882
31890
31952
32078
32373
32002
31903
31864
31240
31173
31878
32524
32630
32612
33182
33108
33194
32973
33348
33269
33476
33128
33300
33141
33371
33170
33241
32852
33595
33194
32988
33285
33000
33262
33141
33336
33166
33245
33005
33280
33465
33136
33430
33332
33133
33190
33556
33333
33317
33158
33292
33578
33062
33462
33419
33408
33146
32896
33564
33613
33118
33492
33341
33948
33461
33796
33124
33652
33135
33092
33656
33676
33261
33789
33772
33890
33840
33869
33749
33689
33819
33478
33742
33590
34008
33778
33936
33968
33802
34139
33885
34204
33943
34059
33716
34036
34139
34340
33796
33846
34130
34135
33837
34080
34139
33879
34180
33878
34049
33906
34230
34248
34004
33865
34289
34370
34361
34335
34304
34400
34248
34288
34317
34349
34571
34292
34338
34426
34413
34298
34152
34085
34464
34083
34364
34544
34381
34480
34320
34337
34420
34413
34432
34392
34331
34366
34406
34386
34650
34413
34605
34572
34396
34900
34562
34506
35116
34916
34648
34838
35293
34820
34802
34464
34471
34872
34671
34586
34984
34602
34737
34980
34628
34618
34283
34838
34824
34677
34459
34490
35148
34816
34947
34844
34609
35078
35033
34586
34794
34717
35328
34663
34810
34825
35104
34840
35052
34413
34651
35117
34992
35150
34829
35051
35130
35076
34680
34763
34952
34797
35072
35106
34970
34990
34548
34743
34750
34882
34944
35158
34874
35292
34936
34612
34442
35072
34906
34924
34946
34804
34324
34532
34965
34782
34601
34909
34720
34836
34970
34728
34992
34902
35021
35160
34860
35221
34872
35151
35110
35028
35497
35204
35009
34963
35210
35053
35053
35353
35288
35383
34889
35243
35252
35028
34930
34944
35011
35094
35716
35255
35274
34868
34988
35508
35546
35191
35272
34957
35072
35332
35492
35000
35014
35200
35373
35204
35412
35338
35444
35834
35102
35296
35160
35338
35033
35072
35448
34554
35081
34674
35366
34944
35218
35144
34725
34708
35124
34636
34950
34836
35321
35254
34857
34562
34596
34651
35172
34415
35154
35130
35217
35181
35020
34971
35748
35218
35403
34980
35374
34816
34880
34539
34767
34730
34532
34685
34748
34389
34573
34328
34196
34029
34285
34344
34172
34104
34498
34390
34394
34068
34670
34484
34758
34645
34965
35224
34725
35004
34772
34881
35242
35106
34884
35272
35112
34772
34856
35072
34690
34655
34644
34965
34923
34369
35012
35255
34564
35017
34872
34409
34834
35438
34589
34914
34604
34725
34697
34676
34492
35005
34461
34604
34476
34699
34556
34398
34604
35220
34841
34564
34915
34320
34215
34424
34461
34291
34690
34649
34427
34228
33783
34504
34278
34172
34514
34345
34347
34228
34118
34444
34306
34244
33859
33994
33872
34368
34732
34332
34204
34325
34116
34113
34433
34260
34080
34176
33661
33848
34084
33928
33812
33876
33974
34149
33408
33840
33880
33664
33719
34065
34086
33952
33963
33966
34048
33596
33736
33610
33661
33876
33449
33554
33674
33820
33626
33623
33589
33352
33372
33448
33666
33546
32966
33373
33426
33396
33568
33318
33227
33572
33738
33217
33166
33433
33380
33423
33568
33499
33280
33408
33088
33266
33428
33069
33475
33090
33352
33243
33172
33242
33156
33031
32862
32676
33121
32776
33218
33012
33068
33349
33106
32881
33005
32868
32772
32907
32785
33000
32671
32928
33025
32456
32493
32502
32507
33408
32340
32816
32896
32677
32167
32545
32354
32196
32376
32290
32457
32452
32638
32260
32016
32143
32524
31853
32175
32569
32059
32484
31921
31853
32237
31929
32000
32146
31620
31956
32065
31748
31623
31578
31802
31848
31646
31460
31720
31552
31808
31384
31449
31236
31788
31854
31842
30985
31366
31352
31073
31663
31146
31746
31419
31092
31264
31419
30870
31387
31381
30958
31083
30893
31092
31256
30963
31051
31114
30685
31002
31111
30692
30825
31150
30598
30420
30554
30164
29917
30068
30093
29954
29803
30006
30336
30016
30272
30345
30321
30184
30426
30038
30317
30807
30187
29864
30521
29952
30219
29966
29925
29999
29908
29920
29638
29910
29842
29881
30036
29601
29560
29648
29477
29915
29346
29750
29607
29373
29342
29499
29268
29220
29303
29621
29066
29113
29226
28983
29108
29556
29254
29076
28982
28881
28738
28764
28612
28743
28712
28678
28482
28245
28404
28569
28680
28508
28933
28383
28196
28468
28558
28205
28201
28554
28616
28417
28524
28045
27987
28333
27960
28027
27934
28263
28174
27991
27871
28306
28324
27981
28074
27612
27985
28003
27904
27714
27596
27570
27354
27183
26809
26643
27124
27072
27268
26916
26931
27173
27216
26920
27240
26812
26699
26433
26618
26198
26509
26553
26449
26472
26314
26635
26375
26596
26809
26686
26680
26700
26924
26212
26484
26245
26245
26136
26396
26137
26513
25752
25900
26521
26105
26314
26361
25950
25777
25435
24923
24665
24381
24907
24983
24719
24738
24764
24820
25144
25541
25216
25581
25332
25145
25256
25558
25481
24975
25056
25181
25336
24950
25259
24914
25441
24732
24900
25126
24933
24786
24768
24567
24576
24438
24602
24330
23979
24328
24566
24408
24096
24245
24200
24148
24080
24605
24247
24004
24285
23948
24113
24276
23994
24149
24344
23940
23700
23415
23060
22628
22581
22456
22315
22816
22766
22936
23231
23142
23168
23115
23308
23416
22986
23386
23069
23104
23158
23034
23017
23005
22624
23219
22648
22924
22833
22869
22835
22596
22527
22731
22765
22553
22365
22009
22042
22388
22050
21883
21745
22018
21839
21871
21538
21780
21998
21997
21880
22032
21851
21789
21589
21684
21520
21866
21680
21353
21377
21143
21397
21574
21440
21093
21301
20764
20770
20932
20980
20916
21224
20630
21019
20898
20920
20838
20739
20795
20608
20493
20468
20261
20410
20513
20363
20303
20246
20337
20144
20193
20034
19933
20045
19962
20121
19704
19875
19892
19860
19564
19540
19664
19464
19580
19544
19825
19655
20076
19713
19452
19174
19639
19275
19356
19314
18993
19174
19492
19254
19144
19250
19126
18863
18715
18490
18079
18140
18068
17921
18148
18340
18452
18233
18201
18049
18170
18285
18073
18191
18477
18415
18052
18118
17709
18083
18056
17703
17829
18025
17993
17922
18113
17827
17969
17258
17412
17432
17734
17282
17464
17375
17000
17256
17482
17268
17278
17316
17197
17028
17191
16881
17522
16908
17198
17337
16970
17262
17141
16780
16851
16813
16869
16691
16548
16490
16634
16526
16506
16549
16458
16568
16628
16506
16384
16357
16180
16095
15967
16244
16375
16186
16285
16236
16105
15879
16000
16133
15997
16063
15985
15911
15899
15950
15837
15810
15688
15864
15908
15593
15582
15749
15701
15211
15529
15404
15339
15390
15530
15341
15490
15301
15168
15093
15169
15329
15059
15222
14919
15196
14998
15035
14972
15096
14925
15026
14942
14799
15116
14948
14875
14723
14705
14836
14681
14713
14603
14741
14682
14677
14788
14511
14324
14575
14391
14507
14319
14421
14486
14326
14340
14084
14454
14373
14500
14511
14456
13901
14200
14174
14117
13913
14156
14169
14000
14011
14127
13863
14032
13789
13902
14010
13868
13905
13976
13971
13737
13787
13607
13713
13882
13778
13534
13671
13265
13701
13547
13816
13729
13518
13226
13795
13449
13378
13709
13396
13361
13355
13586
13487
13568
13468
13414
13324
13508
13356
13505
13517
13316
13285
13172
13071
13338
13197
13269
13163
13045
13080
13300
13128
13011
13268
13009
12964
13112
12941
13005
13154
12954
12965
12863
12974
13170
12995
13146
13168
12837
12859
12804
12832
13003
12818
13074
12667
12928
12886
12930
12800
12888
12733
12878
12936
12956
12813
13022
12913
12813
13032
12868
12698
12712
12822
12620
12724
12598
12924
12873
12800
12674
12722
12890
12778
12680
12780
12856
12770
12631
12793
12630
12625
12767
12793
12690
13103
12844
12727
12833
12794
12832
12840
12751
13010
12758
12858
12803
12402
12725
12726
12957
13050
12701
12838
12945
12940
12905
13042
12696
12553
12536
12555
12768
12786
12466
12733
12629
12824
12695
12673
12776
12879
12973
12699
12851
12929
12778
12546
13101
12724
12851
12794
12682
12712
13005
12681
12620
12722
12921
12768
12943
12905
12912
13072
13003
12960
13071
13206
12963
13111
13012
13012
13082
13390
13329
13204
13042
13068
13177
13160
13277
13266
13377
12998
13215
13142
13385
13251
13237
13229
13258
13461
13451
13509
13445
13352
13492
13415
13329
13288
13477
13269
13569
13700
13207
13419
13370
13486
13790
13620
13398
13386
13394
13629
13639
13608
13405
13659
13420
13546
13558
13479
13425
13513
13465
13374
13513
13253
13164
13561
13538
13798
13786
13584
13632
13496
13732
13967
13790
13714
13492
13668
13730
13801
13667
13843
14173
14062
14011
13859
13959
14103
13914
14084
14114
14048
14100
13935
13664
14055
13754
14161
14131
13911
13906
14134
13928
13922
14052
14144
13886
14122
13964
14036
14081
14173
14393
14143
13888
13770
14024
14225
14314
14133
14148
14192
14216
14362
14494
14052
14312
14295
14453
14672
14398
14554
14293
14197
13997
14641
14332
14267
14433
14071
14328
14079
14241
14244
14196
14181
14186
14427
14234
14299
14282
14293
14155
14366
14368
14564
14563
14266
14394
14427
14603
14714
14135
14772
14191
14459
14404
14604
14644
14536
14255
14227
14514
14284
14458
14342
14213
14334
14472
14335
14330
14135
14091
14291
14027
13862
14184
14050
14394
14425
14597
14730
14612
14645
14815
14725
14777
14339
14373
14726
14614
14347
14650
14605
14592
14464
14637
14718
14528
14677
14223
14624
14774
14613
14692
14687
14554
14744
14680
14752
14554
14729
14813
14501
14592
14626
14651
14451
14282
14448
14452
14564
14369
14502
14566
14496
14653
14564
14380
14556
14556
14520
14229
14493
14355
14362
14317
14570
14373
14474
14210
14425
14296
14178
14248
14468
14186
14296
14484
14455
14180
14425
14380
13892
14180
14069
14262
14078
14430
14090
14132
14147
14558
14100
14318
14093
13858
14198
14223
14116
13960
13994
14023
13930
13748
14219
13765
13993
13909
13864
14120
14050
13869
13849
13798
13678
13925
14037
14045
14012
13922
13666
13794
13568
13929
13660
13720
13677
13492
13582
13663
13765
13656
13893
13800
13524
13371
13318
13188
13288
13423
13319
13272
13142
13326
13345
13480
13385
13197
13310
13131
13293
13149
13294
13335
13026
13261
13126
12981
13337
13156
13385
12877
12804
13026
12963
12628
12770
12959
12608
12282
12450
12614
12618
12607
12625
12644
12756
12556
12621
12751
12361
12531
12556
12483
12394
12417
12522
12140
12140
12392
12143
12477
12089
12291
12228
12043
12296
12013
12088
12187
11977
11993
12083
11937
11994
11965
11705
11847
11928
11850
11776
11723
11908
11630
11598
11746
11479
11544
11331
11472
11502
11345
11266
11368
11503
11326
11354
11301
11094
11278
10982
11126
11151
10839
10911
11023
10807
10730
10738
10649
10689
10776
10760
10845
10662
10697
10813
10432
10531
10510
10398
10532
10104
10405
10313
10068
10157
10346
10148
10228
10239
10411
10134
9998
9996
9937
9683
9702
9402
9317
9037
9330
9201
9377
9548
9705
9664
9530
9466
9350
9370
9752
9166
9069
9175
9187
9093
8946
8854
8939
9019
8779
8865
8832
8965
8736
8820
8695
8593
8390
8568
8488
8550
8377
8676
8298
8484
8234
8221
7948
8149
8140
7957
8104
8059
8082
8010
8007
7883
7777
7854
7751
7661
7616
7680
7585
7710
7643
7499
7469
7370
7374
7393
7406
7321
7116
7231
7067
6936
7115
6884
6964
6859
7022
6681
6809
6902
6771
6856
6654
6548
6607
6734
6617
6647
6651
6677
6365
6415
6361
6356
6204
6308
6303
6225
6229
6170
6208
6189
6236
6007
6135
5878
5853
5748
5942
5872
5754
5825
5716
5759
5814
5789
5737
5609
5659
5739
5542
5656
5456
5365
5533
5310
5337
5398
5093
5396
5194
5274
5216
5270
5163
5106
5176
5176
5017
5175
5038
5035
5150
4920
4880
4949
4981
4867
4922
4809
4838
4933
4847
4942
4751
4801
4791
4657
4692
4595
4707
4693
4620
4726
4493
4664
4692
4468
4356
4417
4289
4359
4444
4367
4403
4385
4411
4230
4335
4240
4216
4369
4266
4191
4295
4326
4212
4278
4356
4250
4084
4241
4142
4140
4052
4039
4063
3977
4035
4015
4032
4035
4007
3999
3907
3918
3976
3982
3996
3938
3849
4053
3898
3869
3796
3713
3856
3885
3789
3875
3822
3861
3834
3886
3812
3808
3689
3832
3830
3729
3812
3709
3762
3581
3618
3727
3598
3712
3555
3556
3765
3591
3786
3507
3586
3640
3679
3629
3467
3575
3662
3490
3481
3450
3638
3407
3457
3413
3419
3608
3548
