5000
5034
5097
5007
4776
5277
5046
5205
4862
5042
5051
5028
5121
4983
5091
5217
5176
4997
5105
5344
5181
5146
5222
5130
5216
5196
5268
5120
5323
5160
5045
5324
5270
5284
5245
5188
5141
5356
5203
5281
5306
5287
5098
5164
5175
5241
5343
5164
5340
5272
5323
5305
5411
5259
5329
5422
5279
5289
5416
5195
5225
5281
5395
5275
5152
5302
5225
5093
5229
5565
5384
5257
5393
5372
5390
5418
5414
5475
5467
5454
5423
5400
5367
5526
5488
5546
5496
5546
5379
5547
5566
5574
5463
5560
5485
5656
5601
5705
5506
5610
5594
5609
5483
5580
5719
5494
5609
5777
5376
5786
5570
5639
5801
5885
5874
5721
5551
5825
5791
5726
5656
5692
5679
5615
5783
5933
5985
5788
5730
5798
5754
5782
5687
5574
5837
5681
5882
5932
5927
5904
5877
5862
5813
5769
5770
5929
5940
5932
6008
6016
6080
5882
5966
5943
5809
6037
5969
5925
6081
5837
6025
5945
6048
5942
6013
5972
6182
6169
6122
6104
6003
6088
6103
6159
6103
6051
6059
6082
6100
6063
6312
6252
5983
6306
6251
6367
6200
6168
6309
6141
6247
6172
6208
6152
6245
6286
6211
6051
6305
6434
6235
6269
6218
6296
6511
6232
6231
6321
6367
6345
6445
6420
6379
6485
6386
6472
6534
6409
6592
6466
6540
6443
6379
6402
6671
6453
6489
6592
6490
6465
6517
6536
6570
6411
6592
6615
6573
6814
6616
6692
6621
6712
6629
6580
6750
6753
6745
6694
6613
6858
6563
6848
6827
6720
6718
6827
6724
6891
6776
6860
6915
6686
6856
6875
6828
6843
6780
6878
6806
6967
6953
7088
6997
6991
6988
7029
7135
7179
7022
7068
6959
7068
6905
6754
7024
6976
7131
7054
7057
7105
7065
6916
7038
7197
7182
7195
7094
7151
7264
7124
7087
7290
7271
7499
7192
7488
7431
7226
7137
7276
7302
7287
7309
7292
7271
7416
7397
7382
7365
7509
7475
7460
7284
7238
7362
7387
7684
7510
7548
7521
7563
7716
7665
7543
7516
7701
7551
7685
7565
7574
7657
7510
7672
7590
7510
7769
7656
7657
7464
7355
7483
7491
7511
7544
7915
7685
7629
7663
7547
7684
7639
7820
7829
7629
8067
7882
7742
7727
7803
7962
7877
7879
7896
7805
7864
7820
7871
7948
7853
7977
7868
8045
7765
8123
8039
7882
7944
8124
7957
7961
8068
8028
7965
8062
7910
8021
8245
8302
8125
7990
8196
8272
8243
8093
8179
8337
8058
8211
8200
8394
8376
8305
8411
8124
8451
8149
8266
8225
8233
8580
8341
8486
8401
8413
8556
8654
8421
8426
8552
8485
8412
8529
8578
8295
8501
8476
8544
8564
8654
8668
8558
8572
8688
8580
8891
8667
8758
8588
8639
8829
8795
8818
8639
8673
8805
8836
8793
8880
8744
8770
8767
8965
8942
8827
8983
9053
9143
8882
8925
9105
9032
9193
8761
9102
8868
8864
8931
8902
9105
9055
9141
8992
9243
9232
9094
9242
9168
8934
8961
9166
9286
9192
9312
9290
9236
9186
9258
9456
9155
9100
9391
9212
9311
9302
9505
9500
9612
9351
9329
9293
9336
9515
9540
9290
9668
9643
9532
9538
9425
9562
9684
9712
9663
9623
9794
9704
9671
9457
9686
9556
9741
9642
9752
9773
9673
9843
9868
9990
9860
9918
9942
10080
9996
9812
9981
9860
9900
9935
9826
9956
10263
10083
9892
10188
10109
10174
10074
9917
10164
9891
10133
10095
10241
10141
10042
10127
10134
9990
10193
10128
10300
10426
10120
10245
10333
10442
10309
10364
10262
10239
10385
10590
10429
10518
10408
10319
10583
10504
10509
10325
10466
10510
10486
10527
10560
10583
10609
10567
10508
10701
10664
10870
10612
10690
10558
10887
10560
10747
10486
10665
10633
10797
10784
10934
10789
10933
10549
11043
11002
10832
10982
10908
10967
10880
10714
10680
10424
10714
10515
10512
10702
10624
10529
10620
11211
11030
11112
11044
11006
11426
11054
11330
10841
11159
11308
11360
11260
11363
11417
11332
11559
11156
11399
11540
11499
11398
11480
11453
11594
11400
11392
11460
11291
11359
11426
11552
11330
11537
11647
11602
11575
11619
11507
11972
11748
11665
11466
11439
11613
11743
11749
11874
11778
11895
11676
11930
12029
11961
11802
12063
12091
11876
11980
11847
12026
12216
12170
11985
12200
12122
11981
11901
11972
12029
12107
12211
11964
11980
12098
12228
12367
12413
12527
12409
12281
12128
12181
12473
12584
12250
12488
12583
12557
12584
12342
12544
12374
12713
12588
12437
12600
12661
12772
12683
12865
12762
12810
12714
12632
12700
12966
12862
12748
12874
12820
12917
13026
13121
12909
12980
12972
12802
13044
13099
13253
13108
13060
13136
13147
13282
13336
13000
13111
13060
13031
13022
13443
13277
13196
13209
13351
13468
13411
13216
13470
13535
13442
13373
13144
13493
13600
13731
13602
13613
13422
13651
13519
13472
13562
13651
13670
13523
13726
13499
13634
13657
13760
13849
13743
13994
13756
13978
13934
13880
14225
14126
14038
13937
13933
14009
13768
14148
14049
14135
14196
14295
14138
14354
14190
14214
14252
14191
14228
14046
14145
14214
14611
14436
14368
14269
14312
14250
14207
14401
14222
14416
14212
14243
14368
14408
14671
14436
14788
14653
14680
14698
14540
14650
14927
14713
14802
14814
14670
14770
14735
14745
14880
14895
14799
15073
15190
15034
15023
15190
15020
15226
15087
14974
15219
15009
15073
15391
15352
15317
15096
15462
15450
15536
15178
15224
15068
15270
15363
15564
15383
15198
15372
15471
15290
15013
15090
15493
15080
15433
15183
15234
15213
15643
15670
15678
15730
15752
15900
15749
15990
15810
16161
16110
15854
15943
15898
16191
16196
16107
16245
16106
16000
16057
15794
15911
16276
16039
16122
15988
16268
16144
16377
16201
16069
16384
16347
16316
16446
16418
16483
16828
16640
16434
16445
16574
16436
16767
16640
16697
16624
16411
16821
16642
16513
16556
16882
16891
16687
16748
16586
16869
16868
16694
16953
16990
16860
16960
16973
16845
16982
17024
17052
17074
17004
17375
17371
17168
17322
17076
17071
17171
17416
16778
17044
17340
17252
17106
17188
17238
17205
17336
17551
17526
17401
17573
17582
17546
17526
17644
17763
17823
17652
17593
17804
17698
17724
18040
17909
17850
17650
17849
17680
17827
17885
17968
17811
18197
18013
17997
17893
17886
17945
18176
18213
18057
18067
18395
18330
18136
18707
18404
18653
18033
18230
18122
18361
18073
18195
17965
17794
17894
18364
17981
17935
18496
18600
18303
18735
18747
18645
18739
18949
18852
18882
18742
18997
19172
18907
18924
18644
18933
18732
18997
18748
19093
19126
19046
18743
19016
18998
18772
19114
18838
18760
18658
18781
18422
18425
19066
18868
18780
18682
19092
18988
19018
19151
19352
19363
19377
19688
19562
19641
19672
19538
19469
19552
19288
19364
19306
18516
18168
18088
17850
17434
16862
16568
16018
15314
15440
15274
15820
16073
16970
17331
18043
18340
19478
19872
20482
20672
20269
20654
20292
20557
20792
20612
20592
20232
20338
20372
20296
20292
20183
20280
20196
20462
20552
20794
20798
20348
20491
20294
20525
20556
20420
20242
20608
20278
20412
20296
20563
20700
20832
20822
20930
20992
20982
20894
21220
21154
21002
20756
21158
21097
20836
21140
21051
21099
20727
21208
20800
20963
20784
21222
21178
20756
21261
20954
21252
21450
21382
21685
21326
21117
21252
21528
21288
21437
21294
21685
21603
21586
21593
21613
21274
21933
21851
21933
21540
21717
21670
21486
21671
21894
21846
21556
21500
21931
21701
21866
21498
21698
21392
21639
22221
21944
21916
22036
21878
22404
21900
22167
22059
22185
22462
22045
22387
22665
22468
22405
22108
22393
22849
22534
22800
22836
22836
22869
22602
22775
22804
23168
23028
23217
23048
23052
23002
23304
23163
23084
23209
23357
23314
23386
22936
23120
22753
22330
22238
21898
21853
21962
22075
21397
21273
21764
22124
22496
23003
23372
23689
23405
23414
23322
23345
23650
23755
23519
23629
23357
23630
23762
24037
23920
23883
23820
24001
23814
23876
23951
24174
23833
23885
23928
24045
24017
23765
24176
24301
24109
24141
24173
24532
24170
24258
24261
24248
23948
24348
23940
24441
24374
24280
24160
24569
24818
24583
24589
24713
24662
24445
24906
24807
24681
24975
24456
24484
25044
24920
24749
24986
24748
24832
24960
24584
24694
25023
24842
25209
24964
25100
24916
24815
25261
25139
25316
25197
25156
25143
25393
25012
25364
25803
25573
25780
25502
25364
25476
25243
25426
25689
25850
25205
25831
25616
25593
25801
25958
25555
25652
25661
25744
25718
26088
26016
25921
25846
25530
25947
25818
26058
26244
25914
26009
25941
25931
26178
26418
25783
26334
26459
26349
26189
26318
26479
26540
26574
26708
26706
26656
26858
26690
26532
27264
26578
26844
26916
26716
26778
27029
26527
26494
26856
26880
26880
26792
26728
26842
27017
26966
27327
26934
27172
27365
27146
27125
27240
26968
27178
27589
27528
27226
27163
27259
27123
27044
27085
27449
27478
27121
27498
27032
27290
26953
27451
27229
27286
27609
27339
27571
27576
27318
27541
27544
27353
27786
27456
27168
27267
27518
27243
27172
27439
27268
27324
27672
27597
27309
27893
27861
27888
28297
28051
28134
27872
28045
28288
28010
27804
28150
28346
27970
28200
28261
28098
28486
27946
28376
28404
28673
28288
28080
28664
28523
28502
28397
28694
28580
28389
28887
28511
28744
28445
28506
28109
28512
28500
28678
28745
29028
29129
28913
28917
28758
28637
29056
28970
28532
28605
28742
29050
28663
28888
28938
29008
28728
28857
28783
29082
28900
28948
28951
29282
28944
29010
28953
29137
29237
29067
28936
29185
29224
29020
29541
29815
29394
29457
29399
29248
29101
29668
29673
29400
29490
29629
29766
29565
29001
29652
29673
29498
29582
29527
29865
29610
30148
29538
29327
29972
29853
29744
29572
29474
29643
30130
29690
30025
30055
29865
30252
29818
29716
30030
29797
29762
30240
29972
30408
30292
29802
30290
30184
30025
29705
30075
30054
30131
30354
30196
30313
30292
30010
30300
30282
30493
30423
30157
30116
30550
30474
30308
30516
30553
30336
30965
30501
30600
30634
30826
30708
30774
30762
31066
30738
30980
30503
30546
31056
30400
30529
30486
30674
30857
30662
31157
30756
31346
30996
30762
31061
31170
30997
31400
31004
31410
31300
31210
31355
31210
31288
31136
31233
31624
30986
31156
31094
31078
31451
31712
31560
31188
31407
31531
31593
31304
31753
31590
31351
31720
31586
31632
30936
30904
30791
30518
30446
30623
30692
30564
30138
29980
30650
30986
31362
31417
31750
31956
31789
31594
31874
32188
31513
31750
31615
31679
32157
31382
31529
31929
31946
32007
31796
31627
31426
31835
31949
31972
31795
31849
31540
32164
31910
32268
32244
31945
31896
32036
31922
31899
31860
31890
32153
32189
31727
31780
32376
32090
32165
32373
32196
32389
32022
31958
32066
32269
32052
32366
32547
32064
31860
32326
32042
32339
32104
32100
32702
32324
31890
32000
32084
32262
32602
32477
32364
32042
32749
32680
32544
32164
32420
32836
32324
32532
32693
32520
32485
32494
32549
32768
32340
32683
32509
32395
32836
32517
32549
32637
32757
32570
32778
32912
32468
32916
32802
32660
32812
32839
32852
32733
32644
32858
32622
32862
32717
32722
32777
32789
32996
32768
32676
32772
33013
32996
33004
32896
33004
33101
32682
33066
33319
33067
33312
33345
32880
32971
33166
33077
32992
33066
33060
33105
33487
33216
32793
32856
33303
32948
33462
33226
33208
32989
33418
32913
33386
33572
33193
33170
33206
33490
33485
33002
33485
34139
33402
33418
33463
33336
33394
33144
33284
33180
33549
33403
33099
33693
33372
33504
33571
33697
33448
33178
33209
33517
33667
33637
33280
33152
33432
32940
33389
33419
33478
33747
33553
33368
33462
33742
33124
33602
33368
33381
33280
33572
33772
33056
33142
33674
33213
33681
33284
33684
33866
33001
33742
33620
33255
33507
33804
33399
32638
33166
33412
33268
33348
33450
33704
33280
33508
33271
33317
33688
33030
33469
33514
33531
33689
33401
33754
33750
33741
33857
33638
33508
33221
33912
33570
33578
33608
32983
33418
33380
33613
33652
33743
33837
33485
33723
33792
33718
33218
33666
33668
33925
33367
34026
34185
33524
33866
33640
33682
33610
33682
33394
33835
33805
34136
33785
34074
33741
33805
33601
34055
33652
33705
33925
33792
33733
33570
33373
33280
33559
33836
33882
33851
33740
33623
33568
33209
33396
33470
33528
33666
33653
33752
33710
33433
33500
33397
33448
33372
33597
33530
33012
33446
33428
33586
33682
33408
33549
33660
33421
33757
33743
33374
33284
33285
33025
32996
33109
33357
32905
32603
33092
32676
33221
32932
32235
32920
32864
32964
32253
32996
33265
33262
33482
33613
33327
33332
34048
33318
33706
33888
33678
33750
34048
33374
33382
33330
33544
33478
33489
33517
33700
33071
33181
32902
33537
33160
33036
32896
33270
33440
33320
33481
33366
33270
32996
32969
33246
33332
33101
33306
33780
33024
33304
33594
32981
33538
33420
33396
33316
32724
32743
32796
32612
33140
33045
33083
33154
32906
33079
33069
32632
32932
32793
32906
33094
32841
32750
32820
32538
32840
32982
32888
32548
32236
32296
32752
32797
32751
32669
32960
32661
32586
32733
32420
32789
32504
32334
32518
32296
32161
32416
32454
32428
32081
32312
32192
32395
32159
32563
32587
32820
32371
32120
32097
32298
32066
32078
32008
32128
32413
32745
32502
32653
32324
32297
32084
32256
32362
32391
31963
31969
32218
31988
32214
32277
32064
32237
32043
32225
32469
32170
31960
31973
31637
32012
31523
31888
31817
31690
31850
31706
31668
32268
31711
31755
31844
31814
31249
31677
31626
32041
31642
31748
31724
31528
31540
31437
31919
31250
31718
32012
31521
31739
31588
31547
31448
31281
31627
31140
31474
31380
31558
31649
31170
31135
30873
31036
31142
31511
31008
30862
31042
31213
30907
30856
30976
30834
31370
30813
31032
31193
30716
31180
31316
31049
30976
30936
30683
30848
30765
30523
30980
30557
30630
30516
30516
30180
30537
30398
29984
30276
30190
30524
30381
30552
30215
30169
30100
29952
30196
30346
29919
29876
29902
30100
30208
30427
30301
30208
30134
30200
30282
29980
29788
30084
29708
30237
30264
29832
30165
29750
29612
29691
29679
29416
29635
29910
29900
29673
29606
29264
29454
29030
29094
28754
28772
28904
28719
28777
28549
28772
28724
28754
29212
28664
28785
29266
29042
29177
29050
28931
29194
29120
29030
28468
28820
28581
28935
28830
28800
28422
28450
28652
28518
28594
28205
28744
28348
28577
28166
28427
28254
28213
28290
28344
27915
28150
28456
27904
27812
28021
27758
28222
27818
28116
27974
27822
27928
27830
27397
27653
27389
27561
27797
27973
27655
27722
27382
27352
27316
27228
27350
27625
27435
27240
27334
27334
27336
27369
26969
27226
27054
26788
26716
27274
27033
27085
26844
26864
26676
27177
26772
26856
27158
26720
26679
26972
26628
26568
26689
26676
26634
26548
26236
26201
25914
25745
25548
26106
25732
25954
25823
25447
25728
25998
25552
25984
25470
25624
25373
25006
25401
25198
25131
25132
25393
25394
25460
25537
25429
25556
25373
25299
25220
25545
25336
25594
25404
25628
25544
25383
25364
25465
24961
25100
24967
25031
25230
25141
24996
24653
24484
24118
23812
23493
24008
23749
23542
23593
23846
24044
24138
24251
24494
24592
24432
24738
24112
24491
24139
24180
23930
23830
24008
24136
24285
24141
24234
23974
23841
23884
23785
23680
23753
23736
23751
23749
23826
23752
23349
23310
23210
23350
23220
23083
23330
23622
23366
23204
23317
23280
23252
23129
23092
23025
23146
22738
23067
23188
22921
22540
21998
21600
21594
21358
21858
21787
22016
21874
21838
22052
22446
22536
22082
22151
22246
22421
22233
22080
21829
21782
22090
21920
21632
22157
22235
21866
21649
21898
21972
21857
21888
21864
21394
21574
21487
21396
21163
21185
21114
20944
21051
20891
20909
20686
20975
21248
20703
20914
21152
20838
20778
20637
20523
20694
20578
20968
20788
20625
20565
20653
20322
20376
20316
20409
20181
20157
20132
20155
20069
20140
20012
20028
20202
20064
20205
19876
19661
19885
19865
19608
19892
19654
19605
19428
19616
19559
19594
19592
19068
19272
19326
19084
19112
19178
19376
19008
19163
19113
19065
18861
18773
19156
18653
18892
18360
18791
18533
18746
18678
18910
19108
18641
18666
18374
18672
18282
18187
18428
18328
18184
18442
18167
18235
17931
17502
17270
17411
17378
17111
17206
17246
17219
17124
17311
17814
17678
17571
17513
17608
17721
17771
17515
17392
17448
17115
17077
16924
17333
17193
16938
17062
17354
16884
16986
16994
16948
16852
16897
16905
16849
16765
16734
16775
16660
16704
16508
16420
16520
16610
16310
16238
16360
16084
16115
16349
16198
16466
16118
16347
16054
16274
16076
16020
16096
15885
15905
15885
16094
15900
15739
15852
15967
15831
15778
15488
15637
15510
15664
15612
15540
15607
15637
15629
15529
15562
15322
15192
15396
15325
15494
15377
15246
15407
15250
15021
15213
15080
14924
14786
15157
15067
14890
14848
14785
14730
14852
14919
14732
14669
14763
14720
14395
14627
14464
14478
14493
14488
14465
14555
14413
14152
14264
14581
14600
14403
14213
13920
14262
14263
14366
14118
14279
14243
13979
14099
13981
14325
13699
14163
14037
14086
13806
13962
13590
13634
13947
13702
13728
13736
13743
13728
13769
13654
13968
13551
13828
13417
13825
13543
13521
13693
13674
13671
13587
13432
13549
13295
13493
13510
13174
13220
13247
13457
13205
13422
13324
13128
12984
13266
13115
13165
13199
13134
13430
13204
12966
13094
13138
12986
13000
12890
12886
12971
12763
12745
12724
12995
12710
12888
12894
12893
12606
12657
12831
12874
12886
12977
12808
12636
12880
12860
12586
12616
12608
12613
12423
12581
12594
12649
12424
12656
12296
12486
12669
12396
12469
12388
12429
12300
12420
12564
12509
12557
12421
12545
12308
12372
12608
12405
12589
12432
12452
12402
12363
12142
12406
12439
12356
12301
12546
12278
12357
12417
12504
12383
12450
12474
12491
12266
12321
12319
12334
12285
12598
12248
12457
12277
12436
11997
12258
12148
12448
12260
12428
12300
11955
12195
12067
12451
12241
12493
12253
12387
12498
12384
12321
12638
12771
12324
12382
12467
12213
12416
12448
12267
12363
12340
12170
12244
12236
12320
12180
12464
12352
12379
12356
11970
12117
12182
12204
12243
12346
12267
12218
12174
12261
12414
12260
12360
12481
12186
12356
12177
12299
12357
12392
12227
12062
12292
12213
12401
12248
12204
12242
12274
12262
12305
12360
12453
12342
12654
12518
12656
12637
12650
12713
12420
12697
12657
12709
12672
12869
12651
12490
12776
12825
12664
12726
12737
12758
12682
12816
12956
12698
12855
12630
12786
13082
12918
12894
12842
12774
12760
12865
13063
12962
12916
13023
13023
12911
12869
12716
13002
13072
12947
13030
12840
13097
13101
13215
13058
13160
13328
13019
13225
13023
12938
12936
12928
13006
12909
13165
13046
13107
12863
12962
12827
12996
13326
13266
13106
13190
13106
13147
13148
13192
13209
13054
13209
13342
13275
13385
13766
13287
13385
13435
13343
13510
13604
13750
13505
13647
13348
13562
13591
13259
13542
13714
13687
13574
13643
13461
13753
13595
13620
13460
13510
13626
13597
13643
13600
13563
13892
13476
13460
13478
13444
13304
13703
13610
13640
13908
13968
13715
13788
13568
13878
13734
14091
13867
13711
13931
13878
13752
13748
13842
13738
13810
13877
13946
14027
13640
13847
13826
13967
13782
13959
13781
13870
13785
14183
13814
13954
13963
13780
13773
13911
13884
14013
13978
13949
14155
13965
13859
13893
13930
14050
13844
14082
13976
13895
13991
13879
13835
13781
13947
14095
13886
14042
13764
13927
13770
13749
13662
13656
13713
13361
13461
13560
14013
14031
14164
13956
14277
14144
14098
14229
14225
14037
14326
14152
14157
13993
14156
14257
13888
13993
14219
14180
14028
14116
14141
14216
14132
14005
14076
14050
13984
14022
14168
14205
14127
13916
13720
14264
14013
14128
14188
14011
13898
14085
13979
14123
14077
13940
13996
13967
13834
13880
14007
13939
13997
13800
13883
13910
13841
13988
14109
13972
13882
13828
13835
14048
13961
13749
13776
13976
13709
13809
13884
13739
13707
13737
13763
13706
13976
13621
13868
13732
13897
13805
13933
13756
13818
13861
13620
13560
13386
13404
13694
13648
13464
13626
13386
13920
13658
13333
13356
13277
13364
13527
13358
13373
13320
13573
13236
13357
13499
13214
13328
13349
13331
13341
13381
13258
13339
13204
13218
13213
13064
13199
13141
13205
13034
12980
13140
13007
13014
13027
13036
12901
12909
12830
12501
12894
12722
12832
12779
12948
12769
12834
12671
12645
12447
12813
12749
12477
12704
12497
12629
12544
12504
12493
12461
12453
12708
12397
12463
12184
12180
12288
12298
12157
12318
12308
12115
12004
12169
12079
12216
11949
11853
12036
12145
12032
12036
11873
12026
11814
11908
11841
12030
11858
11724
11710
11438
11681
11597
11720
11645
11297
11652
11512
11259
11426
11427
11592
11604
11173
11372
11236
11405
11167
11330
11388
11236
11157
11177
11144
11032
10937
11185
11066
10779
11003
10896
11140
10812
10857
10832
10754
10732
10786
10677
10605
10616
10498
10427
10593
10251
10634
10372
10110
10302
10342
10316
10318
10208
10111
10040
10269
9963
10042
9874
9887
9844
9793
9732
9922
9940
9475
9806
9593
9725
9738
9406
9665
9887
9480
9289
9055
8896
8781
8822
9000
9062
9064
9175
9094
9119
9097
9043
8953
9105
8894
8918
8916
8995
8747
8665
8539
8832
8691
8461
8429
8598
8321
8388
8482
8557
8472
8209
8116
8133
8191
7983
8033
8000
8226
8123
7974
7775
7898
7824
7856
7593
7736
7660
7405
7591
7683
7301
7600
7399
7511
7338
7298
7357
7506
7235
7230
7137
7076
6853
7002
7006
6962
7066
6867
6953
6750
6779
6613
6813
6710
6671
6708
6618
6678
6384
6558
6534
6450
6454
6493
6475
6290
6359
6105
6103
6190
6190
6027
6192
5943
6030
6113
5956
5947
5921
5790
5773
5991
5774
5644
5772
5674
5575
5531
5705
5644
5631
5759
5579
5426
5536
5432
5458
5399
5334
5336
5409
5523
5277
5307
5278
5117
5106
5183
5101
5075
5074
5084
5022
4998
4986
4833
4829
4881
4926
5002
5093
4714
4815
4663
4733
4762
4860
4704
4731
4675
4629
4735
4597
4512
4681
4494
4513
4609
4608
4650
4525
4447
4386
4458
4463
4348
4449
4294
4135
4256
4176
4263
4125
4219
4217
4184
4199
4176
4263
4204
4211
4116
4139
4228
4036
4061
3912
4009
4194
4093
4046
4016
4172
4005
3974
4145
4034
4030
4065
3956
3901
3974
3910
3913
3885
3865
3830
4004
3756
3900
3843
3859
3813
3691
3742
3774
3659
3732
3659
3759
3742
3830
3622
3649
3548
3612
3648
3742
3661
3606
3630
3545
3702
3520
3682
3499
3665
3563
3511
3556
3521
3419
3542
3556
3400
3434
3571
3429
3641
3447
3491
3560
3400
3396
3311
3535
3432
3542
3389
