1432
1402
1358
1401
1397
1411
1338
1264
1374
1353
1287
1414
1171
1305
1299
1450
1360
1357
1491
1460
1336
1378
1324
1330
1401
1341
1336
1349
1287
1317
1321
1311
1325
1309
1304
1427
1334
1273
1314
1310
1345
1396
1489
1384
1305
1307
1286
1235
1284
1329
1460
1499
1387
1331
1401
1312
1270
1377
1282
1381
1298
1311
1408
1396
1298
1289
1316
1333
1397
1520
1405
1458
1280
1337
1341
1345
1321
1362
1354
1199
1370
1398
1464
1424
1385
1339
1352
1376
1311
1370
1321
1394
1338
1359
1392
1370
1272
1348
1443
1371
1336
1359
1379
1448
1356
1377
1274
1422
1428
1421
1390
1339
1376
1363
1375
1318
1296
1357
1367
1307
1372
1406
1228
1400
1353
1367
1459
1301
1261
1247
1273
1320
1343
1340
1321
1268
1268
1328
1330
1367
1406
1318
1289
1353
1377
1394
1301
1400
1361
1371
1423
1342
1287
1430
1449
1312
1362
1365
1462
1386
1304
1334
1337
1321
1355
1309
1328
1413
1515
1497
1465
1419
1396
1404
1366
1320
1357
1359
1393
1340
1376
1375
1399
1497
1408
1445
1290
1269
1477
1384
1426
1363
1337
1295
1369
1428
1338
1369
1345
1307
1404
1346
1303
1394
1323
1377
1402
1366
1371
1391
1413
1394
1394
1302
1326
1297
1306
1337
1392
1252
1285
1372
1394
1366
1421
1279
1357
1449
1321
1333
1248
1486
1425
1402
1359
1332
1285
1428
1436
1475
1442
1352
1363
1397
1474
1359
1403
1371
1406
1376
1433
1318
1425
1360
1402
1400
1345
1413
1456
1401
1344
1473
1417
1301
1394
1295
1418
1315
1402
1432
1335
1398
1435
1381
1428
1376
1413
1263
1311
1478
1369
1352
1548
1434
1477
1310
1374
1435
1425
1343
1378
1350
1403
1422
1345
1348
1325
1433
1316
1419
1455
1340
1321
1399
1363
1355
1484
1480
1417
1454
1401
1513
1452
1411
1268
1454
1285
1385
1414
1389
1437
1405
1429
1377
1379
1262
1429
1402
1443
1367
1341
1409
1416
1320
1375
1303
1476
1469
1396
1351
1391
1386
1405
1270
1288
1375
1377
1434
1438
1451
1439
1427
1270
1346
1526
1425
1346
1359
1349
1545
1319
1460
1515
1375
1444
1347
1475
1377
1394
1507
1438
1327
1454
1489
1486
1380
1414
1449
1436
1423
1469
1393
1428
1486
1420
1485
1344
1289
1411
1428
1386
1365
1399
1462
1421
1377
1493
1365
1396
1338
1401
1341
1427
1450
1395
1452
1433
1428
1464
1382
1425
1477
1472
1454
1422
1364
1344
1449
1426
1363
1430
1483
1476
1336
1476
1455
1445
1389
1408
1397
1281
1396
1416
1489
1471
1524
1474
1378
1384
1432
1388
1427
1282
1511
1450
1384
1498
1371
1459
1430
1460
1496
1490
1510
1492
1429
1470
1453
1444
1304
1348
1391
1420
1463
1343
1451
1391
1422
1439
1359
1446
1542
1452
1372
1481
1490
1550
1390
1405
1360
1530
1351
1463
1508
1406
1446
1400
1521
1412
1410
1407
1359
1359
1401
1343
1468
1454
1468
1454
1484
1434
1499
1508
1430
1458
1475
1404
1404
1402
1316
1389
1488
1491
1509
1374
1425
1467
1550
1438
1510
1482
1566
1437
1444
1533
1401
1297
1447
1414
1423
1491
1384
1433
1455
1480
1425
1396
1405
1511
1417
1389
1464
1474
1386
1454
1462
1509
1349
1314
1458
1412
1357
1487
1534
1470
1495
1469
1469
1466
1540
1419
1419
1442
1432
1367
1508
1585
1495
1475
1434
1441
1392
1434
1448
1428
1434
1366
1402
1450
1484
1374
1483
1473
1444
1490
1427
1505
1499
1429
1461
1433
1509
1414
1464
1461
1345
1410
1421
1418
1457
1424
1470
1449
1528
1501
1382
1451
1373
1431
1472
1533
1472
1435
1447
1381
1381
1375
1530
1420
1502
1477
1385
1527
1332
1363
1464
1505
1402
1622
1484
1470
1546
1467
1525
1553
1458
1471
1507
1437
1537
1475
1452
1440
1536
1527
1555
1448
1448
1527
1503
1513
1397
1379
1581
1485
1524
1447
1426
1474
1461
1466
1399
1545
1484
1498
1501
1448
1439
1593
1494
1525
1515
1534
1552
1559
1481
1576
1479
1408
1619
1494
1373
1471
1447
1443
1463
1423
1442
1574
1440
1522
1548
1481
1493
1559
1399
1470
1498
1513
1497
1409
1526
1594
1359
1408
1449
1545
1406
1518
1570
1415
1492
1466
1516
1519
1425
1482
1586
1521
1494
1560
1567
1615
1507
1622
1434
1437
1439
1509
1505
1527
1515
1413
1568
1525
1476
1552
1499
1490
1438
1499
1512
1512
1508
1583
1511
1407
1641
1534
1570
1580
1482
1498
1458
1652
1553
1547
1612
1575
1595
1527
1435
1594
1543
1492
1502
1504
1518
1492
1496
1547
1357
1524
1437
1518
1513
1523
1447
1489
1554
1682
1528
1652
1497
1602
1659
1570
1540
1537
1577
1419
1481
1469
1552
1560
1568
1659
1462
1576
1446
1564
1601
1491
1537
1524
1565
1552
1542
1559
1500
1522
1582
1508
1492
1507
1575
1613
1555
1485
1491
1533
1558
1511
1451
1606
1505
1676
1548
1476
1534
1564
1513
1562
1525
1478
1571
1558
1623
1640
1576
1576
1578
1623
1503
1503
1534
1534
1498
1524
1480
1434
1489
1462
1517
1578
1505
1592
1561
1555
1540
1699
1558
1555
1503
1502
1580
1524
1470
1500
1503
1555
1571
1498
1614
1459
1602
1487
1575
1722
1584
1586
1677
1491
1565
1577
1537
1571
1558
1500
1467
1650
1532
1620
1625
1469
1514
1498
1568
1515
1519
1698
1510
1558
1587
1537
1612
1526
1581
1519
1505
1589
1621
1589
1521
1677
1594
1596
1445
1551
1608
1506
1538
1536
1477
1578
1570
1593
1629
1573
1583
1592
1562
1631
1642
1623
1616
1672
1606
1604
1540
1556
1556
1623
1580
1622
1556
1533
1490
1654
1486
1587
1503
1611
1614
1528
1635
1602
1569
1590
1594
1527
1613
1594
1480
1624
1657
1506
1558
1553
1637
1570
1532
1458
1630
1597
1668
1645
1531
1575
1670
1532
1573
1583
1642
1482
1546
1580
1519
1654
1623
1666
1495
1541
1524
1535
1572
1533
1602
1598
1481
1600
1634
1522
1541
1714
1431
1426
1468
1495
1536
1512
1616
1510
1682
1557
1624
1692
1657
1674
1634
1541
1588
1567
1697
1631
1587
1528
1541
1598
1533
1597
1639
1568
1562
1564
1645
1651
1680
1536
1607
1519
1562
1603
1532
1624
1658
1621
1618
1545
1586
1705
1710
1602
1590
1642
1593
1623
1760
1536
1511
1562
1679
1558
1687
1631
1601
1602
1624
1561
1650
1652
1637
1511
1707
1731
1661
1556
1552
1607
1521
1598
1535
1590
1626
1706
1607
1600
1676
1600
1578
1720
1667
1605
1661
1549
1722
1601
1582
1743
1600
1645
1513
1601
1527
1519
1517
1562
1478
1569
1631
1697
1557
1624
1726
1611
1604
1664
1533
1689
1703
1634
1667
1542
1543
1664
1713
1663
1724
1707
1699
1685
1724
1590
1672
1698
1589
1670
1673
1643
1670
1534
1685
1586
1631
1666
1704
1687
1711
1647
1716
1622
1569
1664
1623
1697
1700
1693
1741
1689
1718
1738
1678
1754
1646
1742
1764
1799
1765
1685
1732
1696
1483
1645
1613
1653
1624
1649
1589
1657
1614
1597
1692
1676
1720
1805
1675
1666
1633
1689
1709
1691
1801
1708
1601
1692
1674
1721
1694
1664
1821
1647
1746
1784
1644
1587
1696
1689
1595
1679
1734
1760
1780
1779
1691
1630
1746
1695
1697
1779
1759
1700
1747
1860
1814
1703
1711
1766
1628
1703
1794
1766
1727
1730
1722
1679
1787
1849
1743
1700
1793
1773
1657
1728
1814
1743
1718
1679
1670
1667
1674
1717
1748
1790
1852
1793
1758
1688
1688
1592
1749
1730
1739
1689
1773
1656
1629
1795
1795
1776
1657
1705
1711
1679
1697
1831
1697
1808
1758
1749
1596
1716
1845
1729
1732
1642
1732
1850
1772
1790
1844
1815
1616
1730
1711
1708
1762
1644
1786
1812
1807
1676
1774
1752
1749
1787
1752
1749
1796
1596
1788
1731
1878
1745
1818
1755
1885
1808
1817
1880
1853
1824
1741
1781
1825
1725
1724
1833
1766
1836
1680
1878
1806
1771
1863
1839
1824
1834
1808
1850
1762
1847
1831
1791
1873
1742
1888
1791
1858
1765
1751
1841
1711
1716
1787
1821
1769
1768
1805
1904
1861
1927
1988
1854
1886
1960
1833
1861
1837
1855
1829
1884
1834
1831
1861
1909
1873
1794
1824
1918
1837
1958
1768
1945
1766
1853
1808
1870
1823
1899
1842
1809
1750
1786
1888
1905
1951
1781
1824
1902
1809
1734
1829
1891
1851
1955
1827
1833
1876
1888
1892
1790
1815
1929
1968
2009
1937
1967
1936
1874
1875
1802
1804
1927
1753
1919
1867
1973
1854
1866
1798
1859
1895
1895
1865
1849
1904
1949
1962
1921
1919
1821
1943
1886
1959
1978
1909
1979
1796
1885
1947
1850
1823
1896
2018
1943
1839
2027
1859
1983
1934
1886
1953
1794
1927
1914
1808
1934
1895
1901
2115
1923
1969
1943
2020
1993
1982
1950
2077
1963
1838
2074
1941
1969
1995
1968
1887
2052
1956
1994
1886
1980
2045
1976
1901
2024
1946
1989
1955
2040
1912
1967
1982
1886
1988
2067
2076
2123
1997
1974
2039
2105
2077
1960
2043
2010
1998
1913
1920
1915
1973
2069
2000
2015
1953
1988
2045
2099
1994
2003
1959
2049
2047
2012
2140
2018
2045
2103
2001
2097
1996
2049
2102
2000
2042
1988
2148
1998
2113
2096
2090
2127
2113
2121
2059
2070
2015
2062
2114
2206
2022
2122
2083
2128
2048
2132
2029
2056
2200
2049
1966
2104
1967
2133
2129
2073
2121
2170
2159
2081
2007
2069
2147
2171
2033
2127
2109
2097
2072
2136
2003
2126
2037
2149
2098
1997
2042
2160
2143
2147
2263
2093
2247
2021
2205
2281
2122
2308
2141
2159
2218
2079
2181
2119
2217
2232
2223
2182
2280
2211
2207
2193
2236
2180
2052
2138
2132
2186
2133
2295
2253
2241
2286
2111
2124
2241
2188
2255
2147
2167
2234
2138
2334
2288
2166
2293
2364
2275
2265
2203
2226
2177
2210
2271
2262
2168
2229
2124
2208
2315
2280
2228
2248
2156
2266
2263
2266
2234
2276
2256
2186
2323
2332
2343
2213
2317
2346
2361
2218
2387
2202
2403
2363
2381
2192
2443
2295
2304
2428
2294
2453
2248
2391
2385
2349
2452
2394
2299
2412
2461
2404
2409
2450
2347
2370
2384
2324
2393
2337
2451
2269
2416
2396
2451
2390
2481
2437
2371
2392
2369
2486
2459
2445
2460
2368
2381
2475
2463
2360
2413
2526
2419
2478
2356
2536
2405
2440
2340
2477
2434
2501
2508
2531
2403
2541
2338
2489
2531
2516
2502
2415
2537
2532
2480
2528
2411
2551
2483
2533
2490
2559
2399
2496
2472
2591
2627
2625
2674
2659
2601
2465
2651
2551
2643
2564
2616
2611
2700
2636
2598
2626
2636
2575
2699
2560
2677
2582
2662
2689
2690
2489
2738
2522
2721
2605
2642
2707
2638
2488
2624
2678
2647
2734
2614
2701
2717
2557
2518
2736
2791
2812
2720
2687
2676
2806
2586
2823
2593
2766
2658
2803
2761
2798
2708
2772
2764
2891
2775
2734
2750
2795
2792
2812
2966
2886
2881
2797
2864
2728
2757
2873
2893
2860
2841
2846
2857
2727
2865
2843
2754
2861
2831
3035
2965
2831
2840
2997
2906
2952
3030
3006
2955
2941
2931
2852
3052
2845
2991
3004
3038
3039
2910
2931
3092
3030
2975
3046
3020
3048
3095
3096
3002
3029
3024
3029
3016
3142
2946
2931
3170
3234
3142
3208
3116
3243
3171
3071
3107
3065
3228
3244
3121
3200
3247
3109
3101
3122
3140
3316
3018
3387
3157
3214
3357
3299
3252
3182
3350
3304
3177
3302
3226
3373
3120
3234
3179
3274
3304
3306
3294
3351
3258
3329
3234
3405
3388
3436
3456
3344
3450
3428
3490
3471
3518
3344
3566
3436
3410
3513
3549
3608
3554
3498
3613
3490
3615
3500
3472
3701
3620
3593
3605
3424
3652
3569
3695
3514
3663
3678
3641
3633
3631
3823
3776
3692
3841
3668
3797
3758
3667
3716
3754
3878
3744
3787
3664
3764
3811
3765
3801
3727
3890
3828
3813
3920
3876
3959
3772
3818
3867
3856
3950
3904
3918
3896
3940
3784
3815
3905
3910
3870
3985
3967
4021
3935
4093
4057
3914
4043
3983
4137
4036
3988
4054
4279
4006
4185
4104
4099
4120
4344
4165
4346
4236
4213
4216
4394
4292
4352
4250
4335
4388
4271
4288
4347
4452
4380
4375
4324
4406
4544
4483
4388
4362
4424
4310
4473
4496
4495
4577
4587
4516
4841
4718
4701
4630
4755
4581
4757
4789
4703
4616
4703
4833
4752
4812
4735
4657
4611
4695
4896
4701
4837
4672
4762
4687
4891
4929
4857
4966
4942
4933
4883
4938
5019
5083
4907
4915
5174
5170
5145
5100
5275
5233
5144
5237
5041
5292
5285
5307
5448
5246
5206
5267
5303
5388
5424
5355
5320
5467
5281
5560
5489
5463
5536
5483
5531
5554
5738
5486
5649
5692
5620
5731
5693
5637
5627
5815
5817
5827
5734
6009
5771
5777
5914
5961
5937
5916
5954
5907
5944
6051
6265
6233
6124
6130
6130
6148
6208
6139
6379
6320
6334
6346
6214
6265
6343
6393
6225
6488
6494
6440
6564
6581
6471
6565
6641
6609
6662
6571
6780
6761
6667
6873
6779
6956
7076
6842
6905
6921
6960
6878
6879
6961
7255
7205
7082
7064
7226
7158
7419
7185
7123
7273
7220
7221
7440
7497
7429
7613
7618
7509
7589
7563
7789
7700
7574
7860
7605
7969
7810
7658
7920
7993
7986
8086
7859
8118
8085
8056
8022
8173
8260
8136
8414
8323
8363
8431
8398
8449
8335
8488
8488
8328
8804
8667
8663
8781
8932
8731
9274
8898
8978
9044
9100
9007
9272
9216
9171
9285
9328
9398
9291
9545
9517
9547
9583
9678
9441
9732
9891
9966
9811
9984
9825
10081
10170
9995
10127
9809
10338
10278
10338
10387
10170
10701
10557
10690
10613
10690
10619
10896
10754
10706
10762
11036
10968
11011
10958
11234
11204
11168
11205
11182
11149
11340
11490
11495
11620
11821
11696
11888
11895
11748
12096
12062
11782
12092
12157
12042
12445
12352
12294
12580
12416
12690
12769
12509
12776
12842
12885
12980
13020
12989
13318
13266
13279
13412
13337
13547
13336
13966
13516
13796
13548
13694
13833
13832
14236
14262
14512
14205
14511
14665
14365
14506
14661
14935
15101
15149
14978
14884
15158
15297
15221
15524
15591
15546
15573
15636
15746
15778
16173
16068
16164
16566
16206
16249
16505
16706
16577
16329
16518
16512
16731
16581
16726
17067
17359
17387
17633
17625
17444
17528
17620
17257
17613
17595
17551
18009
18291
18701
18860
18748
18771
18911
18540
18944
18747
19152
19307
19469
19834
19614
20099
20132
20568
20288
20420
20670
20793
20974
20948
21120
20842
21194
21128
20966
21024
20801
20673
20814
20876
21391
21656
22416
22340
22538
22788
22872
23184
23085
23419
23695
23820
23722
23932
23690
23829
24064
24200
24202
24524
24721
24889
24866
25420
25346
25106
25371
25323
25541
25927
25530
26146
26712
26474
26333
26666
26685
27061
27254
27264
27311
27421
27972
27457
27876
28317
28390
28708
28814
29271
29144
29092
29392
29242
28956
28708
28594
28408
28749
28676
29476
30104
30811
30938
31244
31659
31524
30824
31059
31226
31396
31595
32356
32268
32823
33053
33272
33410
33368
33710
33703
33954
34093
34074
34065
34216
34329
34948
34804
34868
35307
35116
35180
35328
35682
35897
36430
36340
36652
36623
36884
37056
37421
37154
37513
37414
38027
37787
37978
37942
38843
38518
38706
39010
39168
39307
39568
39405
39789
39754
40434
40522
40565
40594
40788
41480
40644
41448
41801
41504
41786
41962
42467
42538
42799
42457
43220
43083
43115
42970
43426
43556
43676
43816
43721
44212
44536
44332
44392
45197
45130
45757
45274
45679
45524
45551
46074
46472
46427
46594
46389
47210
46916
47168
47682
47144
47693
47791
47627
48214
47803
48262
48587
48324
49156
48983
49018
48828
49012
49194
49252
49348
49520
49195
49812
49931
50109
50389
50240
50461
50544
50758
50878
51031
50941
51416
51006
51350
51328
51204
51172
52004
52232
52564
52390
52489
52486
52175
52335
52340
52736
52580
52362
52964
53119
52826
54166
53597
53818
53864
53860
54120
54080
53926
53915
54120
54980
54888
55177
54886
54548
54714
54624
55129
55368
55473
55408
55963
55552
55869
55958
55993
56314
55942
56136
55509
55579
54500
53205
52842
51895
52206
52993
53826
55245
56000
57062
57115
57497
57154
57496
56936
56990
56970
57509
57206
57384
57482
57140
57172
57732
57784
57656
57578
57812
57348
57387
57389
57608
57324
58084
57866
57748
57924
57583
58408
57866
57873
57781
58296
58074
58070
58221
58358
58373
58212
57800
58036
57388
57823
57830
57576
57426
57540
57450
58048
57386
57794
57629
57334
57819
57776
57238
57628
57142
57325
57161
56714
57048
57260
57270
56584
56695
56537
56836
56730
56516
57044
56804
56750
56363
55984
56180
56474
56436
56760
56552
56584
56334
55892
56096
55481
56132
55818
55522
55364
55344
55440
55243
55552
54852
54740
55236
55044
55076
54709
54552
54439
54113
54212
54757
53706
53674
53524
53466
53859
53467
53730
53818
53546
53877
53220
53911
52773
52973
52637
53117
52822
52838
52548
52324
52500
52552
51755
51816
51664
51819
51369
51218
51438
51236
51380
50890
50564
50313
50118
49716
50060
49420
49216
49176
49144
49133
48948
48508
48932
48360
48348
47933
47922
48410
48125
48106
47766
47392
47396
47778
47120
46802
46318
46561
46326
46228
46255
45994
45400
45722
45312
45184
45288
45026
44628
44818
43893
43592
44100
43626
43098
43536
43092
42709
42934
43021
43104
42329
42240
41857
41997
42057
41338
41626
41163
41373
40949
41098
40421
40742
40388
39792
39723
39380
39088
39172
38938
38645
38355
38171
38453
37818
37602
37516
37193
36600
36870
36352
35970
36255
35853
35604
34738
35176
34974
35220
35369
35185
34793
34933
34068
34363
33816
33429
33188
33408
32714
32748
32197
31717
31326
31289
31334
31181
30890
30703
30816
31012
30976
30758
30393
30784
30484
29658
30071
29958
29583
29646
29252
29480
29045
28754
28292
28432
27947
28018
27878
27652
27549
27104
26762
26679
26521
26351
26138
25923
26027
26266
25593
25274
25356
25164
24955
24621
24381
24447
24064
23846
24045
23549
23290
23516
23191
23146
23061
22580
22470
22265
21876
21957
21689
21387
21541
21313
21121
21243
20768
20558
20608
20061
19689
19616
19358
19282
19320
19114
18988
18998
18594
18586
18627
18607
18318
17926
17894
17693
17562
17159
17294
17045
16936
16968
16822
16756
16657
16576
16481
16568
16110
15892
15711
15758
15478
15178
15359
15220
15110
15002
14820
14662
14340
14375
14200
14028
14026
14269
14095
13906
13791
13578
13426
13180
13171
13062
12746
12649
12576
12715
12732
12367
12381
12381
12063
12110
11959
11972
11904
11634
11624
11572
11548
11435
11229
11050
10893
11167
10630
10994
10543
10382
10516
10296
10172
10398
10280
10115
10012
9888
9745
9620
9663
9580
9432
9502
9281
9134
9322
9027
9130
9301
8734
8811
8751
8756
8624
8550
8452
8414
8372
8412
8378
8163
8107
8225
8033
7892
7916
7628
7851
7601
7768
7446
7539
7338
7282
7373
7170
7246
7182
7337
7279
7211
7022
6966
7172
7124
7030
6807
6889
6747
6663
6597
6654
6549
6563
6507
6490
6408
6405
6219
6324
6319
6248
6168
6231
6094
6097
5931
5939
5940
5857
5927
5949
5929
5764
5908
5803
5750
5565
5431
5739
5535
5478
5679
5679
5558
5259
5434
5553
5273
5271
5419
5205
5261
5257
5163
5158
5090
5083
5224
4980
4906
4964
4991
5079
5003
4858
4948
4938
4881
4870
4817
4804
4813
4800
4665
4758
4761
4645
4562
4678
4663
4616
4621
4595
4388
4443
4510
4570
4446
4297
4517
4377
4340
4296
4541
4242
4408
4466
4341
4127
4294
4087
4120
4226
3997
4175
4196
3995
4052
4157
4020
3963
3904
4148
4109
3951
4029
3993
4007
4105
4059
4098
3931
3989
3934
3807
3754
3909
3806
3790
3792
3762
3806
3713
3740
3773
3769
3801
3785
3616
3750
3649
3772
3805
3803
3679
3763
3695
3689
3616
3683
3574
3615
3692
3666
3612
3578
3681
3399
3437
3523
3501
3470
3537
3517
3478
3532
3406
3401
3471
3390
3341
3491
3429
3358
3457
3341
3462
3378
3253
3354
3419
3367
3418
3185
3317
3304
3280
3294
3363
3340
3285
3302
3302
3302
3204
3316
3206
3275
3290
3295
3281
3223
3223
3168
3175
3239
3244
3013
3100
3181
3238
3006
3047
3184
3121
3190
3096
3059
3021
3192
3136
3119
3105
3169
3075
3085
3137
3216
3010
3008
3025
2978
3072
3142
2958
3109
3012
3042
3068
2985
3066
3020
2998
2991
3009
3075
2971
2991
2884
3066
3017
2915
2914
2984
3030
3041
2949
2911
2989
2884
2920
2977
2876
2931
2829
2874
2867
2968
2799
2817
2849
2893
2745
2830
2940
2782
2918
2881
2829
2831
2856
2941
2866
2826
2827
2935
2716
2753
2796
2866
2805
2762
2825
2876
2801
2848
2817
2768
2788
2842
2767
2860
2799
2807
2739
2719
2643
2781
2656
2777
2726
2749
2864
2680
2728
2823
2666
2736
2790
2719
2648
2631
2765
2620
2800
2790
2831
2615
2849
2686
2614
2616
2546
2614
2654
2856
2686
2654
2663
2623
2680
2668
2660
2679
2661
2558
2601
2640
2619
2640
2596
2742
2663
2659
2527
2597
2686
2671
2520
2592
2413
2721
2566
2623
2541
2586
2563
2653
2652
2572
2683
2568
2652
2704
2635
2605
2674
2641
2428
2552
2603
2602
2511
2697
2597
2522
2541
2578
2659
2642
2549
2527
2552
2586
2651
2490
2485
2426
2599
2652
2571
2526
2666
2473
2481
2560
2535
2566
2385
2596
2562
2494
2502
2529
2543
2510
2595
2632
2344
2509
2473
2523
2537
2504
2502
2281
2465
2417
2496
2546
2462
2458
2526
2383
2446
2330
2496
2442
2327
2472
2440
2536
2432
2340
2388
2530
2411
2472
2449
2460
2437
2399
2418
2482
2439
2401
2410
2335
2468
2357
2460
2541
2454
2491
2416
2430
2401
2433
2461
2403
2326
2331
2350
2361
2413
2322
2404
2472
2402
2394
2317
2429
2348
2409
2402
2279
2258
2251
2345
2291
2382
2513
2372
2498
2362
2197
2380
2260
2420
2290
2469
2360
2224
2391
2377
2346
2318
2336
2391
2304
2353
2338
2402
2369
2411
2330
2363
