3673
3731
3658
3664
3668
3750
3737
3738
3825
3804
3956
3928
3790
3901
3839
3936
4032
3981
3947
3983
3888
3952
4024
4052
4206
4069
4067
4100
4061
4144
4188
3991
4082
4192
4043
4120
4073
4391
4161
4376
4202
4337
4273
4304
4499
4489
4418
4423
4494
4468
4621
4542
4607
4510
4445
4810
4499
4604
4649
4760
4636
4827
4853
4839
4984
4998
4786
4810
4979
5002
5099
4871
5201
5176
5079
5196
5085
5235
5091
5179
5473
5272
5254
5280
5326
5473
5417
5447
5501
5636
5560
5587
6010
5671
5840
5907
5725
5929
5910
5806
5819
5713
5956
5837
6337
6242
6310
6477
6221
6316
6536
6491
6582
6559
6565
6573
6604
6848
6806
6749
6938
6967
7118
7085
7041
7272
7296
7428
7435
7360
7333
7418
7525
7541
7663
7651
7958
8001
7825
8070
8100
8036
8159
8226
8373
8374
8502
8459
8430
8592
8815
8858
8892
8857
8981
9105
9386
9180
9521
9364
9539
9424
9605
9595
9914
9945
10120
10052
10325
9962
10366
10489
10645
10422
10517
10585
10948
10820
10968
11215
11229
11513
11337
11637
11727
11735
11725
11835
12306
12321
12141
12393
12574
12732
12689
12817
12839
12933
12993
13247
13541
13594
13482
13644
13913
13888
13971
14272
14078
14310
14436
14936
14918
14805
14956
15180
15294
15497
15774
15833
15810
16021
16092
16342
16602
16682
16570
16857
16874
17166
17263
17345
17392
17957
17668
18373
18436
18566
18694
18583
18980
19074
19202
19226
19733
19561
19790
19817
19985
20106
20310
20326
20428
20780
21448
21414
21332
21687
21576
21998
22029
22454
22385
22898
22908
23032
23214
23256
23501
23421
23473
24034
24224
24222
24628
24535
24640
24903
25146
25856
26016
25490
26347
25708
26260
26596
26972
26717
26525
26425
26869
26196
26304
27064
26945
27250
27638
28618
28548
29394
29205
29513
29161
29652
29832
30109
30186
30097
30442
30605
30683
31433
31350
31300
31638
32282
32020
32477
32806
32614
33074
33105
33532
33655
33805
33546
34266
33874
34546
34202
34612
34436
34795
34788
35207
35597
35741
36197
36250
36098
36498
37048
36916
37240
37153
37362
37317
37810
37608
37534
37044
36696
36480
36772
37408
37998
38948
39390
39606
40097
39528
40219
40363
40343
40229
40360
40630
40797
41484
41676
41583
41453
41984
42362
42260
42283
42578
42506
42901
43165
42984
43511
43373
43913
43520
44276
44594
44566
44572
44682
44788
44894
45460
45594
45300
45446
45452
45696
45898
46029
46379
46312
46906
46930
46858
47005
47516
47257
47412
47642
47898
47828
48140
48063
48484
48320
49040
48969
48596
48715
49466
49165
49764
49604
49905
49929
50347
50126
50047
50600
50357
50545
50842
50985
51092
51592
51232
51080
51572
51535
51716
51770
51916
51905
52182
52416
52324
52756
52181
52406
52537
52580
53119
52769
52779
53268
53304
53264
53604
53706
53525
53572
53636
53588
53418
54168
54274
53786
53828
54356
54570
54546
54804
55108
54941
54784
55284
54676
55608
54994
54997
54751
55637
55231
55495
55798
55740
55229
55753
55284
56200
56090
56186
56282
56050
56242
56026
56196
56284
56174
56449
56760
56596
56576
57006
56596
56746
56709
56808
56276
57012
57120
57398
57227
57568
57126
57342
57140
58036
57549
57828
57770
57382
57204
57515
57350
57921
58004
57324
58368
58155
58884
57876
57949
58036
58479
58053
57984
57693
58057
58573
58860
58282
58468
58260
58496
58308
58933
58795
58550
58916
58676
58900
58512
58335
58733
58360
58836
58024
58918
57892
58404
58536
58244
58400
57746
58560
58036
58260
58130
58126
58516
58578
58676
59195
58964
58530
59374
58554
58731
58624
58836
58669
58660
58779
58880
58679
59114
58731
58938
58688
58253
58029
58632
59064
58330
58855
58624
58701
58645
58720
58813
58020
58481
57844
57675
58410
58153
57984
57520
58251
58408
58138
57600
57764
58260
57750
57940
58002
58666
58308
57944
58017
57658
57484
56950
56744
55872
55336
54118
54202
54084
54436
54476
55830
55700
56183
56772
57133
56889
56932
57236
57384
57080
56857
57440
57018
57205
56897
56602
56920
56841
56228
56452
56183
56490
56122
56282
56409
56758
56219
56226
55609
56428
55574
55766
55988
56113
55433
55717
54964
55780
55528
55629
54829
54848
54228
54584
54841
54840
54554
54476
54528
54408
54724
54327
54912
54157
54633
54620
54438
54581
54796
54175
54608
54205
53876
53800
53395
52786
52811
52352
52232
51964
51972
52228
52635
52637
52484
52301
52376
52589
52356
52232
52619
52122
52701
52557
52742
52900
52164
52365
52428
52330
51388
50989
51584
51200
51225
51131
51670
51312
51340
50835
50312
51003
50444
50268
50095
50408
50182
49904
50266
49768
50164
49994
49452
50330
49384
49960
50316
49616
49186
49588
49448
49140
49220
48990
48814
48650
48514
48667
48533
48809
48664
48176
48024
47855
47834
47714
47965
47653
47398
47464
47418
47680
47656
47114
47170
46389
46948
47076
46815
46365
46853
46246
46026
46216
45433
45723
45610
46000
45130
45316
45419
45072
44953
45469
45050
44821
44772
44557
44059
44097
43833
44004
43808
43585
43138
43120
43218
42716
43226
43024
42576
42285
42436
42477
42036
41913
41812
42194
41781
41499
41834
41472
41222
41078
41104
41348
40856
40925
40758
40306
40234
40276
40366
40000
40155
39819
40251
39820
39519
39552
39596
39232
38806
38988
38872
38724
38566
38177
38521
38574
38840
38546
38090
37668
38144
37757
37754
37210
36945
36864
37428
37293
37392
36857
36217
35872
36267
36024
35949
35973
35547
35558
35948
35378
35420
35360
35146
34964
34681
34144
33618
33856
33562
33113
33069
32772
32870
32872
32544
32414
32244
32453
32411
32521
32516
32258
32733
32616
32423
31926
31905
31772
32384
31946
31602
31940
31380
30901
31067
30826
30770
30537
30683
30356
30008
30205
30044
30009
29722
29389
29223
29452
29098
28952
28764
28802
28884
28474
28607
28116
28308
28406
27692
28043
27307
27032
27530
27179
27136
26908
26637
26825
26481
25604
25976
25654
25914
25433
25458
25657
25635
25336
25295
25348
24956
24768
24952
25065
24529
24778
24312
24478
24108
23752
23686
23921
23627
23453
23466
23550
23109
23174
22986
22146
22612
22627
22118
22428
22188
22260
21958
21836
21435
21675
21568
21196
21346
21115
21171
20884
20677
20966
20612
20343
20325
20241
20288
20232
19587
19988
19668
19560
19115
19219
19250
19144
18828
18882
18508
18872
18455
18410
18243
17974
17853
18073
17858
17780
17732
17628
17476
17440
16947
16973
16970
17024
16828
16460
16235
16132
16004
16181
16214
16196
15974
15994
16047
15890
15917
15828
15378
15347
15567
15083
15248
15290
15067
15236
14840
15170
14914
14522
14550
14325
14410
14314
14182
13980
13992
13997
13872
13433
13636
13325
13177
13146
12855
12792
12490
12619
12674
12582
12631
12667
12390
12545
12389
12478
12422
12404
12129
12273
12358
12029
11743
11892
11722
11604
11622
11546
11294
10687
10251
9794
9117
8806
8752
8399
8502
8598
8866
8851
9190
9978
10201
10317
10426
10674
10559
10221
10428
10515
10265
10266
10517
10098
9969
10277
9916
9870
10018
9881
9833
9641
9663
9348
9468
9292
9333
9196
9186
9207
9222
8910
9086
9083
8875
8749
8702
8753
8558
8780
8420
8505
8435
8610
8293
8453
8396
8580
8522
8243
8160
8098
7849
7993
8053
7901
7796
7606
7837
7762
7756
7532
7588
7517
7613
7596
7505
7398
7348
7373
7085
7312
7401
7012
7362
7108
6907
6957
6931
6993
7010
6940
6762
6871
6834
6890
6657
6568
6692
6532
6511
6430
6431
6580
6425
6440
6498
6354
6238
6322
6244
6052
6331
6212
6135
6021
6043
5868
5917
6076
6043
5803
5914
5839
5896
5886
5864
5896
5743
5662
5839
5668
5590
5691
5648
5634
5511
5530
5392
5540
5586
5578
5372
5355
5339
5586
5312
5098
5345
5396
5230
5131
5206
5039
5160
5031
4907
4753
4837
4512
4710
4850
4864
4751
4770
4801
4876
4900
4795
4845
4836
4757
4712
4661
4705
4663
4711
4567
4538
4493
4613
4614
4465
4458
4573
4539
4487
4360
4221
4392
4425
4441
4302
4425
4256
4237
4261
4255
4385
4029
4116
4127
4208
4087
4053
4214
4110
4194
4291
4074
4042
4112
4040
4106
4036
3927
3969
3948
3960
3854
3861
3964
3688
3844
3628
3745
3933
3926
3758
3710
3793
3750
3756
3647
3676
3621
3622
3681
3508
3769
3738
3584
3693
3580
3640
3728
3653
3531
3530
3567
3337
3542
3529
3508
3474
3530
3614
3370
3378
3318
3466
3416
3424
3404
3231
3408
3236
3396
3383
3451
3347
3402
3310
3146
3316
3239
3074
3315
3288
3382
3139
3181
3265
3113
3116
3271
3240
3219
3194
3209
3138
3089
3095
3131
2999
2993
3093
3043
3120
3016
3001
3013
3040
3074
3064
2970
3043
2972
3094
3021
3013
2915
3003
3022
2876
2940
2919
2984
3103
2733
2861
2961
2982
2883
2841
2938
2958
2745
2975
2816
2770
2721
2800
2753
2621
2707
2770
2809
2754
2778
2706
2852
2739
2626
2689
2850
2610
2723
2713
2806
2672
2658
2542
2671
2742
2808
2640
2633
2549
2605
2546
2552
2699
2735
2667
2671
2580
2713
2551
2536
2654
2575
2675
2607
2564
2625
2466
2660
2527
2638
2529
2724
2569
2577
2429
2510
2455
2407
2473
2466
2466
2548
2487
2508
2504
2493
2538
2370
2487
2581
2541
2542
2439
2518
2346
2571
2402
2537
2505
2588
2522
2366
2399
2343
2541
2435
2456
2473
2427
2297
2532
2472
2405
2336
2310
2325
2437
2310
2365
2267
2289
2316
2259
2379
2396
2528
2311
2423
2309
2366
2368
2208
2299
2244
2297
2276
2252
2303
2344
2392
2284
2300
2420
2353
2384
2376
2413
2325
2250
2381
2305
2362
2220
2178
2182
2241
2300
2174
2279
2250
2333
2274
2217
2183
2222
2215
2218
2245
2205
2319
2281
2319
2244
2211
2164
2205
2331
2190
2319
2109
2313
2150
2176
2286
2144
2190
2096
2113
2187
2260
2117
2230
2222
2369
2218
2237
2194
2182
2310
2319
2191
1958
2085
2137
2127
2223
2067
2120
2131
2132
2200
2102
2183
2027
2085
2106
2135
2052
2154
2052
2066
2154
2014
2035
2053
2215
2161
2117
2112
2093
2003
2078
2094
2117
2167
2237
2071
2269
2040
2129
2102
2071
2126
2009
2009
2040
1968
2208
1987
2190
2149
2115
2022
1891
2100
2089
2052
2107
1935
2050
2000
2030
2125
2076
2043
2037
2031
2136
2016
2125
2167
2070
2060
2037
2011
1926
2072
2080
2099
2042
2114
2064
2062
2076
2008
2121
2034
2071
2201
2017
2063
2075
1888
1962
2025
1980
1834
1924
1897
2106
1945
1920
2019
1988
2082
2064
2065
1902
1934
2022
2060
2033
2024
2026
2101
1985
2023
1923
1968
1995
1977
2009
2035
2068
1940
1954
2018
1993
1825
2024
2009
1963
2024
2079
1993
1959
1957
1961
2020
1977
1980
2001
1921
2031
2008
1989
1997
2026
1963
1891
1874
1987
1974
2003
1876
1918
1996
1950
1971
2103
1955
2018
2040
1968
1910
1841
1982
1988
1997
1927
1989
1965
2005
1916
1954
1949
1921
1981
2005
1956
1866
1999
2004
1924
1999
2038
1956
1874
1951
2049
1897
1868
1982
1985
1973
1947
1953
1905
1900
1982
1912
1919
1944
2008
1867
1983
2023
1985
1904
2024
2000
2027
1965
1856
1883
1961
1969
1947
1931
1986
1977
1915
1947
1998
1994
1865
2014
1921
1961
1894
1834
1966
1987
1840
2020
1965
1966
1919
1886
2015
1960
2064
1834
1947
1936
1963
1829
1949
1866
1883
1940
1926
2044
2008
1992
2000
1907
1809
1858
1940
1862
1931
1853
2010
1970
1877
1902
1999
1834
1826
1962
1858
2087
1942
2057
1740
1886
1921
1876
1959
1866
1913
2013
1884
1885
1933
2116
1892
1924
1839
1945
1923
1852
1817
1901
2042
1860
1806
1789
1880
1831
1840
1884
1880
1961
1843
2004
1770
2049
1913
1963
1964
1902
1875
1817
1855
1863
1911
1952
1836
1880
1896
1802
1804
1806
1968
1917
2039
2015
1872
1886
1909
2021
1965
1932
1951
1927
1838
1973
1792
1892
1926
1819
1905
1881
1861
1904
1721
1953
1858
1786
1947
1908
1943
1890
1888
1805
1743
1851
1814
1869
1854
1935
1875
1927
1769
1820
1775
1956
1925
1897
1926
1817
1923
1811
1849
1809
1829
1882
1771
1780
1825
1854
1813
1886
1888
1891
1919
1823
1879
1788
1868
1924
1939
1787
1882
1861
1853
1801
1713
1776
1892
1888
1803
1829
1908
1909
1789
1860
1785
1890
1884
1810
1829
1823
1752
1810
1836
1788
1997
1955
1852
1800
1855
1883
1895
1892
1894
1850
1818
1841
1818
1819
1775
1804
1832
1761
1841
1888
1734
1818
1894
1983
1802
1826
1718
1824
1936
1924
1860
1761
1892
1779
1800
1867
1892
1772
1731
1759
1889
1707
1713
1797
1847
1765
1737
1876
1893
1767
1916
1870
1922
1882
1888
1827
1946
1797
1857
1752
1844
1765
1821
1848
1893
1772
1744
1855
1812
1858
1878
1926
1793
1817
1780
1849
1789
1939
1871
1813
1745
1804
1862
1796
1723
1847
1836
1819
1881
1895
1748
1959
1809
1907
1743
1829
1843
1775
1796
1813
1776
1684
1876
1828
1917
1864
1916
1802
1769
1869
1883
1821
1796
1766
1907
1940
1818
1824
1742
1840
1812
1848
1796
1885
1945
1773
1842
1838
1795
1882
1750
1794
1890
1905
1807
1816
1624
1810
1706
1828
1758
1777
1861
1797
1876
1847
1808
1907
1712
1755
1765
1720
1829
1883
1792
1649
1856
1692
1803
1778
1780
1631
1788
1978
1866
1926
1827
1771
1742
1709
1704
1798
1855
1776
1830
1887
1858
1762
1797
1922
1808
1816
1953
1855
1852
1788
1886
1817
1755
1792
1753
1865
1771
1784
1816
1810
1781
1828
1869
1854
1780
1869
1767
1845
1789
1796
1844
1725
1742
1722
1851
1734
1830
1754
1775
1639
1661
1792
1828
1907
1890
1694
1754
1810
1785
1730
1758
1914
1765
1779
1767
1698
1821
1789
1843
1789
1766
1941
1871
1821
1915
1684
1712
1781
1702
1803
1744
1695
1819
1762
1843
1754
1673
1778
1876
1754
1816
1729
1769
1808
1781
1770
1743
1785
1891
1972
1825
1746
1854
1829
1767
1729
1735
1769
1851
1727
1780
1775
1787
1670
1663
1900
1758
1733
1757
1822
1832
1765
1864
1894
1782
1819
1879
1830
1787
1644
1766
1763
1662
1752
1822
1735
1860
1748
1828
1837
1844
1850
1784
1780
1837
1857
1778
1763
1804
1865
1761
1675
1720
1777
1739
1766
1902
1753
1876
1771
1759
1833
1738
1796
1836
1762
1816
1738
1834
1766
1715
1856
1714
1825
1856
1788
1807
1783
1724
1743
1752
1756
1866
1838
1819
1927
1693
1764
1705
1711
1782
1790
1847
1768
1757
1761
1726
1743
1740
1796
1673
1773
1789
1894
1702
1810
1762
1778
1747
1766
1696
1771
1764
1762
1737
1836
1720
1731
1652
1725
1724
1908
1713
1763
1827
1709
1748
1773
1665
1763
1618
1767
1718
1762
1653
1632
1677
1731
1926
1856
1790
1793
1858
1758
1777
1719
1768
1702
1661
1746
1686
1777
1857
1799
1783
1837
1830
1757
1786
1778
1820
1706
1725
1750
1803
1730
1686
1680
1759
1691
1732
1722
1748
1849
1729
1708
1668
1722
1868
1773
1799
1865
1690
1733
1673
1707
1814
1748
1674
1770
1745
1809
1728
1762
1728
1659
1694
1680
1738
1659
1760
1618
1645
1667
1752
1780
1628
1725
1745
1804
1810
1821
1847
1766
1763
1779
1825
1768
1858
1867
1858
1666
1736
1783
1773
1797
1735
1626
1766
1783
1712
1748
1762
1691
1771
1772
1771
1637
1779
1720
1796
1705
1741
1741
1765
1733
1752
1649
1743
1735
1838
1832
1780
1725
1784
1753
1807
1772
1772
1730
1672
1745
1680
1773
1780
1633
1690
1626
1769
1759
1811
1734
1645
1847
1830
1723
1807
1808
1722
1802
1720
1636
1711
1708
1709
1787
1710
1759
1761
1748
1742
1755
1774
1680
1816
1650
1755
1894
1652
1756
1717
1790
1686
1711
1770
1855
1764
1798
1809
1822
1732
1659
1717
1727
1733
1643
1717
1683
1785
1787
1726
1796
1735
1829
1805
1793
1690
1774
1726
1647
1627
1760
1757
1602
1846
1750
1711
1687
1763
1696
1618
1719
1693
1559
1631
1733
1619
1704
1695
1695
1609
1802
1802
1675
1772
1659
1739
1722
1797
1723
1737
1716
1833
1885
1735
1713
1754
1794
1655
1729
1800
1668
1681
1751
1724
1700
1721
1704
1808
1647
1764
1674
1838
1654
1717
1715
1709
1668
1608
1723
1814
1695
1691
1674
1663
1746
1702
1667
1744
1679
1718
1697
1707
1722
1708
1722
1785
1766
1703
1637
1677
1636
1711
1824
1781
1767
1760
1794
1771
1698
1750
1792
1654
1823
1668
1777
1773
1595
1630
1630
1796
1793
1727
1788
1740
1796
1710
1622
1854
1803
1729
1745
1589
1722
1654
1688
1755
1700
1769
1743
1744
1718
1753
1651
1784
1769
1630
1747
1779
1638
1688
1633
1718
1662
1778
1791
1742
1779
1624
1766
1790
1705
1698
1830
1725
1628
1747
1686
1627
1800
1732
1736
1675
1705
1633
1749
1815
1781
1751
1658
1789
1696
1611
1650
1722
1651
1646
1636
1790
1741
1680
1706
1727
1681
1723
1716
1736
1827
1656
1637
1798
1634
1679
1758
1723
1622
1709
1781
1692
1672
1620
1760
1647
1637
1791
1750
1683
1766
1721
1662
1713
1635
1652
1628
1717
1749
1662
1648
1740
1625
1705
1685
1716
1696
1740
1675
1716
1679
1797
1696
1732
1700
1773
1677
1642
1681
1740
1683
1621
1668
1672
1804
1783
1783
1656
1760
1735
1738
1685
1723
1663
1776
1763
1633
1661
1704
1794
1770
1813
1640
1794
1699
1700
1723
1634
1753
1700
1786
1585
1795
1763
1612
1739
1744
1709
1809
1731
1662
1722
1821
1620
1710
1632
1685
1675
1644
1664
1831
1711
1762
1639
1892
1759
1741
1582
1616
1649
1570
1628
1685
1638
1533
1657
1714
1721
1802
1812
1720
1636
1711
1737
1742
1688
1802
1697
1718
1673
1650
1671
1686
1732
1689
1649
1735
1678
1609
1682
1636
1653
1721
1855
1662
1900
1708
1652
1701
1720
1535
1800
1709
1729
1641
1704
1773
1692
1684
1607
1731
1588
1674
1611
1661
1738
1694
1838
1715
1740
1794
1783
1742
1780
1710
1777
1745
1627
1631
1600
1624
1619
1786
1679
1656
1746
1645
1621
1737
1664
1658
1895
1753
1795
1612
1634
1653
1628
1699
1609
1557
1633
1649
1751
1733
1621
1718
1671
1795
1593
1714
1620
1763
1678
1725
1675
1669
1735
1679
1571
1703
1700
1664
1733
1658
1641
1653
1650
1677
1640
1774
1625
1550
1673
1730
1673
1717
1658
1711
1744
1644
1705
1646
1553
1685
1595
1764
1667
1772
1688
1706
1860
1712
1820
1647
1728
1704
1682
1710
1698
1613
1734
1594
1712
1703
1683
1746
1717
1895
1647
1806
1695
1638
1703
1707
1659
1667
1584
1912
1652
1731
1658
1727
1777
1652
1640
1722
1665
1757
1782
1682
1692
1638
1636
1707
1673
1577
1657
1657
1589
1650
1575
1700
1607
1595
1762
1628
1706
1635
1513
1770
1635
1770
1717
1680
1616
1632
1734
1610
1717
1548
1704
1742
1675
1792
1611
1616
1626
1727
1755
1604
1595
1692
1703
1627
1642
1647
1588
1599
1581
1669
1587
1597
1741
1612
1719
1741
1707
1666
1688
1738
1746
1594
1814
1783
1607
1700
1712
1691
1680
1715
1668
1699
1731
1694
1654
1640
1672
1665
1532
1615
1715
1636
1605
1715
1796
1661
1563
1666
1691
1566
1823
1583
1730
1568
1541
1653
1687
1712
1576
1729
1678
1609
1731
1625
1760
1658
1660
1662
1833
1581
1700
1749
1654
1675
1690
1653
1650
1668
1574
1590
1759
1590
1777
1702
1649
1655
1679
1630
1718
1732
1515
1636
1706
1676
1676
1706
1664
1646
1617
1716
1682
1735
1639
1673
1696
1647
1724
1641
1624
1670
1694
1759
1573
1673
1674
1715
1673
1743
1667
1626
1719
1691
1664
1706
1727
1712
1628
1639
1623
1653
1670
1580
1526
1567
1604
1609
1611
1746
1719
1608
1735
1758
1575
1681
1562
1658
1724
1667
1564
1619
1609
1784
1525
1602
1677
1613
1708
1866
1647
1675
1669
1633
1591
1646
1691
1691
1654
1684
1667
1672
1578
1490
1679
1651
1717
1581
1805
1737
1652
1677
1652
1620
1535
1554
1572
1606
1654
1594
1760
1542
1644
1711
1671
1686
1585
1569
1666
1600
1608
1596
1585
1643
1562
1713
1662
1651
1618
1611
1650
1606
1686
1801
1628
1726
1663
1755
1607
1606
1553
1642
1544
1616
1625
1673
1546
1772
1563
1725
1740
1712
1603
1664
1719
1671
1594
1703
1640
1545
1587
1586
1473
1599
1587
1631
1642
1753
1583
1656
1702
1742
1671
1553
1719
1649
1607
1592
1632
1608
1645
1612
1645
1639
1614
1588
1569
1536
1758
1579
1626
1715
1718
1686
1623
1543
1636
1469
1583
1670
1631
1610
1701
1662
1761
1698
1668
1655
1670
1609
1584
1818
1700
1638
1647
1753
1647
1690
1620
1567
1637
1566
1614
1702
1644
1648
1516
1555
1555
1781
1611
1669
1596
1612
1630
1589
1611
1518
1642
1787
1658
1692
1568
1739
1706
1732
1589
1572
1632
1760
1605
1500
1583
1672
1548
1519
1704
1734
1681
1655
1550
1649
1698
1734
1582
1555
1573
1535
1596
1531
1601
1681
1679
1713
1605
1722
1562
1641
1572
1689
1694
1666
1687
1721
1610
1583
1713
1596
1548
1636
1622
1644
1701
1658
1619
1602
1641
1707
1632
1479
1621
1650
1632
1757
1674
1662
1581
1532
1552
1694
1632
1502
1636
1665
1590
1685
1628
1613
1694
1549
1592
1753
1609
1686
1622
1679
1686
1636
1710
1628
1631
1675
1563
1576
1607
1600
1663
1699
1767
1669
1673
1609
1620
1702
1671
1610
1677
1623
1620
1543
1682
1676
1603
1613
1653
1599
1684
1528
1634
1669
1666
1593
1696
1481
1686
1654
1555
1610
1694
1694
1652
1656
1655
1602
1667
1558
1557
1495
1669
1612
1722
1500
1757
1673
1650
1756
1565
1806
1652
1661
1642
1614
1499
1573
1478
1551
1743
1720
1614
1666
1592
1674
1643
1708
1574
1786
1594
1571
1587
1445
1501
1604
1574
1524
1567
1600
1675
1635
1671
1553
1637
1564
1679
1650
1598
1624
1723
1461
1755
1622
1721
1524
1551
1591
1623
1610
1555
1593
1625
1639
1636
