3229
3236
2894
3032
3014
3724
2838
3188
3279
2957
3274
2731
2865
2869
2780
3411
3269
2929
3389
3458
2736
3041
2692
3050
3367
2954
3333
2949
2925
3034
3255
2772
2827
2869
2929
3094
2785
3289
2940
3300
3090
2907
2906
3119
3385
2808
3309
2897
3195
3302
3826
3460
3476
2987
3143
2919
3085
2789
3060
3263
2905
2932
3424
3139
2875
2930
3046
2797
3263
3102
3214
2856
3277
3011
3233
3316
3023
3322
3107
2868
3331
3008
3174
3108
3220
3193
3114
2721
3374
3171
3266
3473
3467
3141
3037
3226
2967
3518
3711
3013
3246
2933
3395
2920
3293
3523
2999
3498
2795
3035
3235
3055
3471
3285
3273
2974
3082
3539
3603
3432
3375
3044
3063
3315
3229
3356
3831
3248
2844
3233
3103
3107
3355
3267
3292
2995
3571
3462
3380
3062
3369
3376
3048
3272
3553
3387
3335
3279
3090
3137
3542
3245
3593
3362
3009
3300
3521
3423
3899
3311
3864
3133
3296
3185
3231
3555
3843
3186
3580
3006
3188
3330
3316
3124
3192
2943
3432
3423
3616
3301
3409
3885
3665
3198
3334
3595
3425
3116
3735
3464
3768
3256
3574
3469
3251
3454
3312
3618
3464
3540
3124
3168
3653
3256
3197
3304
3528
3356
3589
3400
3490
3515
3683
3443
3216
3080
3658
3418
3524
3490
3787
3448
3661
3204
3920
3704
3317
3401
3231
3622
3251
3264
3626
3568
3320
3433
3400
3531
3547
3354
3764
3418
3270
3411
3647
3390
3599
3460
3309
3800
3306
3847
3647
3572
3517
3567
3435
3400
3805
3353
3305
3631
3329
3669
3101
3731
3372
3422
3495
3867
3784
3690
3903
3830
3265
3617
3931
3406
3435
3836
3763
3370
3882
3287
3714
3329
3517
3686
3743
3599
3546
3432
3713
3681
4071
3458
3666
3584
3438
3700
3819
3882
3303
3561
3387
3575
3447
3705
3646
3753
3673
4315
4042
3751
3519
3713
4064
3731
3988
3537
3901
3173
3756
3753
3693
3520
4138
3816
3509
3790
3825
3389
3433
3691
3747
4070
3848
3627
3573
3517
4046
3728
4023
3433
3461
3729
3871
3788
3812
4014
3842
3849
3848
3726
4026
3814
3761
4025
3648
3823
3378
3798
3901
3314
4019
3569
3816
3538
3753
3842
3600
3600
3978
3517
3658
3761
3707
3542
3581
3809
3523
3889
3393
3902
3855
3599
3971
3508
3856
3802
3911
4216
3530
3749
4138
3730
4075
3682
3886
3764
4072
4208
3787
4001
4020
3956
4013
4226
3841
3986
4280
3883
4065
4162
3755
4238
4004
3873
4032
4108
4003
4169
4033
4046
4164
3736
3939
3681
3958
4080
3747
3940
4009
3830
3898
3976
4131
3944
3977
3951
4077
4180
3962
3750
4301
4200
4098
4183
4085
4304
3904
3976
3971
4065
4003
4580
3797
3895
4305
3926
3993
4298
4226
4316
4188
4710
4087
4412
3957
4284
4269
4232
4067
4264
4524
4264
4449
4023
4241
3830
4098
3980
4184
4469
4363
4183
4482
4236
4282
4137
4269
4206
3973
4040
4362
4342
4750
4420
4137
4047
4527
4465
4131
4382
4645
4279
4562
3958
4389
4228
4226
4255
4481
4631
4364
4512
4660
4340
4104
4338
4812
4295
4437
4201
4238
4689
4432
4522
4481
4610
4625
4358
4641
4683
4445
4832
4330
4823
4382
4775
4513
4723
4933
4678
4860
4298
4750
4247
4290
4426
4684
5204
4593
4588
4900
4750
4778
4523
4684
5288
4394
4752
4672
4897
4603
4760
5063
4301
4779
4459
4603
4524
4824
4701
4424
5121
4893
4959
4396
4786
4965
4786
5013
4583
4363
5062
4927
5243
4809
4812
5089
5029
4954
4485
4499
4718
5090
4562
4960
4855
4935
4870
5086
5263
5127
5275
4799
4979
5001
5042
4886
4918
5327
5087
5117
5286
4719
5171
4924
5308
5094
4935
5417
5072
5028
5277
4923
5317
5532
5346
5262
5037
5164
5165
5615
4823
5223
5139
5146
5487
5112
5311
5310
5542
5617
5885
5805
5296
5390
5253
5665
5283
5253
5542
5602
5279
5674
5544
5583
5932
5873
5677
5692
5893
5642
5499
5840
5745
5947
5606
5736
5726
5896
5913
5890
5860
5725
6003
5689
6333
5788
5913
5787
5770
5717
6155
6035
5681
6169
6360
6076
5927
6154
6117
6116
6121
6019
6628
6367
6078
6547
6868
6191
6026
6374
6066
6469
6529
6358
6552
6034
6394
6469
6788
6777
6414
6320
6682
6797
6994
6776
6815
7291
6938
7374
6692
6971
6530
7347
6845
7350
7267
7083
6791
7195
7308
7617
7239
7376
7517
7397
7545
7008
7357
7525
7455
7113
7167
7597
7469
7938
7536
7825
7957
7825
7837
8217
7895
8123
8492
8449
7905
8163
8290
7905
8341
8237
8700
8286
8555
8216
8557
8357
8502
8783
8397
9067
8704
9144
8923
9061
9310
9275
9386
9201
9709
9163
9453
9068
9508
9306
9881
9581
9920
9604
9904
9777
9669
9986
9468
10061
10275
9960
10291
10574
10614
10715
10916
10802
11236
10668
10541
11112
10844
11197
11388
11222
11261
11148
11623
11258
12084
11290
11767
11672
11960
12266
11982
12198
12386
12083
12106
13207
12079
12685
12555
13214
13114
12938
12714
13151
13612
13600
13069
13739
14004
14003
13929
14484
14840
14244
14232
14289
14788
14458
15230
15281
14874
15345
15327
15417
16125
16004
15716
15879
16456
16661
16712
16650
16153
16346
16609
17410
17066
17201
17703
17536
17448
17443
17746
18094
18181
18320
18281
18181
18828
18642
18909
19108
18907
18984
19690
19319
19564
19337
19233
19916
19748
20036
19646
20364
20615
20860
20749
21457
22237
21956
21678
22474
22362
22954
22481
23540
22932
23213
23204
23763
23298
23669
23849
24116
23940
24131
24824
24619
25128
25008
24922
25544
25514
25540
25640
26266
25996
26288
26880
26093
26935
27244
26921
27237
27722
27435
28149
28516
28288
28737
27873
29272
28688
29124
29114
29184
29421
30165
29900
29704
30088
30224
30156
30404
30930
31339
31323
32073
32059
31783
32334
31986
33330
32266
32809
33232
32960
33573
33634
33832
33626
33620
33962
34502
34452
34701
34681
35285
34726
35430
34996
35633
36033
35882
36333
36898
37050
37851
37049
37355
37248
37498
38170
38275
38676
38234
38761
39366
38828
38999
38875
39700
39773
39402
40020
39871
40280
39712
40512
40649
40541
41746
41273
40950
40779
41572
41641
41740
42190
42799
42950
43217
42763
43552
43659
43244
43469
43264
44040
43985
43780
43048
43361
43181
43094
44954
44742
45006
45722
46116
46349
46732
46790
46874
47062
46558
47272
47467
47386
47848
48200
47428
47552
47956
48408
48357
48514
48127
48125
48390
48696
48660
48718
48990
49041
48348
48362
48008
47640
47179
48073
47625
48025
48878
48810
50304
49679
50984
51126
51240
51336
51224
51781
52592
51732
52104
52756
52254
52009
50876
51268
51292
50820
51150
48772
46824
43876
41669
39609
38428
37992
39108
40454
42328
45275
47547
50196
52852
54997
55851
56136
56576
56774
56285
56680
56404
55892
56123
56372
56681
56356
56308
56822
56900
56276
57472
56777
57275
56634
56820
57178
56492
56697
56737
56269
56028
56135
55834
56201
56380
57037
56855
57604
57569
57510
58196
58408
57894
58040
58219
58710
57882
58068
58624
58776
58416
58314
58237
57416
57684
57557
57866
57988
58196
58286
57616
58680
58154
58676
58600
58168
57693
58602
58688
57493
58221
57988
58880
58456
59271
58596
58496
59380
58880
59204
59608
59588
59716
58800
58624
58234
58822
58811
58794
59234
58596
58010
58970
58176
58944
59035
59764
59165
59576
58864
58710
58950
58470
58890
58052
58512
59288
60043
59702
59448
59607
59762
59876
59613
60407
59648
59728
60109
60006
59620
59738
59980
58997
59748
59958
59904
59547
59653
59758
59704
59677
59814
59748
59921
59748
58568
59456
60041
60490
60444
59520
60020
58532
57164
55936
53288
52644
52717
53024
54137
55797
56909
57152
58056
58986
58853
58194
58440
58280
58882
58678
57600
58496
58317
58376
58776
57754
58036
57860
57948
58852
58010
57998
57707
57928
57540
57492
57616
56896
57409
57214
56858
56475
57440
56421
56388
56584
56717
55883
56164
56296
55866
55754
56591
55885
56388
55640
55268
55968
55556
56260
55720
56013
55738
55188
55258
55378
54570
55215
55029
54917
55229
54967
54742
55052
54612
55592
55106
54212
54386
54216
53476
54160
53141
53835
53604
53524
52671
52880
53108
53286
52616
53036
53444
53044
52864
53012
52061
52221
51931
51315
51804
51752
51256
52380
51381
51636
51639
51114
51798
51394
50828
51634
51019
50948
50906
50616
49492
50066
50258
49652
50436
49996
49408
50279
49370
49287
48602
49216
49434
48957
48821
49044
48751
48474
47919
47828
48432
47498
48021
47572
47866
47604
47150
46994
46516
46932
46522
46400
46893
46075
45912
46082
45924
45225
45184
45003
45516
44951
45405
44730
45483
45284
44504
44504
44638
45080
43993
43840
43684
43029
43498
43528
43792
43309
43300
42666
42288
41751
41730
41232
40475
40522
39860
40612
39988
40671
40876
41333
40548
40717
40581
40406
40556
40320
39540
39676
39574
39428
40201
38857
39130
37773
37751
37554
37754
37013
37441
37286
37308
36764
36710
37268
37860
37398
36454
37013
36377
36464
36590
36201
36308
35661
35900
35456
35346
35908
35642
34918
34664
35040
34908
34314
34142
34136
33940
34261
33420
34078
33679
33606
33357
33116
33184
33180
33039
32191
32100
31852
31842
31633
31610
31530
31748
31844
30872
31123
30744
31216
30482
30256
30404
30290
29956
30040
29373
29237
29176
29458
28599
29158
28884
28412
28475
28589
28094
27933
27807
27531
28110
27812
26890
26802
27136
26806
26786
26827
26102
26508
26194
25633
25860
25652
25840
25744
25799
25442
24891
24970
24738
24522
24351
24752
24361
24306
23725
23808
23860
23468
23470
22954
22967
22861
22808
22874
22766
23007
22136
22164
21640
21937
21742
21978
21877
21812
21260
21537
20830
20737
20196
20977
20976
20724
20028
20482
19890
20152
19684
19348
19599
19114
19364
19066
19118
19346
18803
18718
18658
18734
18749
18173
17721
18189
18346
18004
17885
17672
17434
17212
17670
16735
16977
16711
16495
16515
16364
16298
16207
16116
16349
16191
15524
15864
15481
15032
15164
15359
14886
14806
15147
15277
14653
14839
14764
14396
14638
14576
14596
14189
14382
14015
13938
13978
13657
14280
13440
13568
13255
13589
12957
12864
13521
12925
12974
13002
12789
12827
12253
12820
12246
12466
12273
12099
12336
12229
11867
11803
11461
11319
11113
11197
11205
11375
11255
11370
11276
10882
10869
10823
10677
11035
10756
11079
10372
10783
10690
10398
10715
10288
10182
10429
10118
10337
10033
9913
9946
9714
9923
9754
9605
9403
9472
9385
9726
9330
8860
9321
9101
9137
9189
8989
8954
8757
8516
8854
8871
8522
8375
8613
8285
8289
8960
8313
8349
8170
8197
8464
8458
7980
7942
8681
8588
7662
8133
7869
8176
7909
7961
7977
8021
7549
7684
7557
7673
7728
7373
7496
7406
7864
7315
7285
7444
7073
7452
7258
7121
7048
7108
7106
6818
7105
7159
6925
7239
6903
6895
6738
6491
6564
6536
6749
6744
6567
6599
6630
6634
6825
6391
6497
6299
6209
6706
6337
6412
6438
6515
6548
6175
6285
6311
6074
6282
6083
6102
5959
6044
6137
5773
6171
6127
5855
5911
5989
5974
5680
6283
5643
5730
5723
5731
5827
6041
5577
5775
6114
5395
5795
5608
5491
5768
5601
5397
5517
5685
5517
5218
5633
5641
5715
5204
5713
5426
5697
5091
5372
5466
5610
5416
5486
5311
5100
4885
4950
5162
5410
5320
4790
5226
5142
5211
5669
5450
5137
5201
5204
4908
5148
4896
5212
5090
5128
4576
4701
4955
5048
4895
4757
5072
4677
4940
4759
4767
4736
4439
4724
4767
4907
4719
4973
4666
4676
4792
4655
4802
4818
4722
4843
4719
4608
4423
5196
4569
4320
4457
4738
4791
4622
4576
4409
4593
4403
4558
4261
4475
4045
4672
4244
4484
4575
4344
4746
4381
4717
4221
4549
4862
4409
4208
4428
4566
4626
4302
4658
4453
4352
4644
4065
4189
4030
4187
4041
4621
4249
4335
4281
4086
4313
4145
4054
4500
4775
4086
4398
4050
4137
4292
4034
4283
4256
4105
4481
4261
4246
4415
4320
4164
4358
4320
4151
4275
4025
4085
4702
3846
4355
4141
4444
4501
4412
4174
3846
3821
4086
4076
4464
4177
4056
4177
3918
3857
3810
4022
4194
4014
3924
4044
3979
3887
4087
3979
4183
4172
3880
4232
3688
4375
3687
4171
3875
3939
4274
4295
4022
3703
3705
4024
4240
3956
3845
3877
4099
3776
4343
3806
4420
3999
3755
3985
3323
3716
3722
3966
3722
4616
3905
4043
3811
4067
4317
3982
4096
3807
3524
3675
3848
3872
3840
3811
3878
3683
3734
4058
4066
3961
3868
3689
3853
3728
3900
3597
3789
3587
3798
3850
3885
3909
3637
3820
3894
3885
3368
3666
3635
3849
3641
3450
4044
4094
3667
3426
3639
3691
3849
4074
3712
3491
3804
3825
3498
3866
3866
3706
3736
3789
3671
4119
3519
3769
3546
3764
3583
3544
3667
3647
3835
3584
3474
4111
3929
3484
4072
3702
3586
3883
3847
3811
3873
3697
3835
3896
3590
3679
3594
3512
3598
3878
3992
3665
3734
3750
3549
3994
3788
3755
3312
3940
3696
4330
3482
3683
3613
4074
3766
3616
3977
3607
3400
3639
4024
3541
4244
3452
3614
3556
3883
4253
3584
3714
3478
3622
3788
3648
3420
3627
3703
3687
3528
3449
3617
3319
3397
3459
3796
3805
3637
3547
3720
3834
3879
3514
3746
3344
3898
3632
3489
3850
3449
3529
3385
3514
3353
3681
3753
3816
3437
3659
3807
3540
3618
3411
3433
3439
3744
3545
3248
3517
3477
3575
4092
3468
3529
3481
3599
3336
3823
3618
3522
3269
3456
4162
3579
3635
3367
3362
3619
3409
3425
3621
3459
3556
3523
3622
3853
3599
3698
3679
3705
3673
3524
3634
3497
3488
3385
3596
3284
3536
3668
3491
3458
3175
3695
3513
3816
3653
3265
3633
3308
3661
3338
3396
3409
3643
3343
3617
3253
3300
3558
3384
3471
3359
3998
3649
3898
4028
3254
3439
3481
3554
3609
3739
3417
3550
3640
3732
3344
3132
3516
4054
3374
3471
3702
3581
3817
3662
3421
3241
3387
3626
3705
3580
3768
3631
3655
3478
3479
3496
3648
3382
3525
3719
3591
3404
3561
3196
3410
3248
3351
3157
3491
3393
3165
3498
3474
3572
3542
3542
3435
3674
3179
3301
3403
3244
3282
3606
3121
3852
3049
3264
3459
3850
3379
3421
3296
3739
3366
3680
3429
3391
3396
3827
3400
3447
3404
3585
3540
3926
3580
3688
3469
3496
3584
3428
3075
3492
3437
3590
3267
3472
3386
3329
3564
3392
3520
3692
3488
3599
3581
3737
3560
3592
3069
3332
3334
3393
3880
3480
3172
3374
3582
3424
3094
3690
3186
3526
3116
3432
3643
3577
3401
3395
3496
3554
3458
3055
3269
3467
3323
3164
3424
3332
3352
3194
3478
3506
3438
3378
3483
3345
3299
3367
3786
3107
3322
3402
3295
3373
3449
3429
3554
3209
3553
3371
3128
2936
3302
3008
3189
3608
3489
3338
3433
3328
3325
3470
3110
3030
3294
3121
3539
3367
3860
3662
3413
2923
3519
3386
3207
3548
3366
3565
3615
3649
3477
3407
3514
3582
3205
3815
3525
3346
3138
3518
3575
3266
3117
3348
3281
3798
3536
3755
3712
3174
3476
3069
3628
3501
3466
3173
3549
3359
3796
3369
3496
3554
3423
3279
3588
3528
3230
3315
3091
3215
3226
3289
3205
3308
3573
3459
3663
3632
3151
3445
3529
3341
3483
3591
3226
3542
3328
3206
3091
3402
3153
3512
3417
3163
3601
3481
3293
3234
3288
3351
3232
3603
3389
3348
3234
3515
3241
3429
3251
3588
3468
3253
3311
3233
3205
3447
3210
3211
3613
3366
3309
3235
3273
3676
3526
3268
3345
3353
3271
3242
3290
3542
3290
3046
3168
3295
3489
3525
3297
3083
3463
3431
3208
3303
3338
3073
3305
3287
2889
3371
3400
3163
3263
3316
3305
3357
3342
3376
3253
3904
3389
3435
3392
3256
3820
3334
3585
3029
3356
3125
3180
3753
4092
3357
3451
3143
3366
3579
3254
3439
3232
3342
3062
3117
3117
3325
3499
3276
3395
3261
3352
3683
3475
3113
3190
3261
3488
3114
3390
3440
3177
3823
3626
3021
3045
3223
3154
3247
3335
3324
3063
3270
3189
3094
3375
2839
3318
3034
3390
3360
3217
3390
3310
3031
3215
3217
3463
3163
3245
3740
3534
3645
3302
3114
3547
3059
3039
3436
3035
3091
3269
3318
3287
3214
3137
3419
3162
3398
3351
3459
3238
3012
3389
3220
2975
3126
3248
3517
3328
3351
2995
3163
3284
3112
2981
3343
3328
3277
3575
3526
2985
3169
3070
3247
3360
3028
3189
3325
2988
2981
3748
3203
3587
3288
3402
3173
3226
3272
3316
3168
3581
3296
3420
3489
3173
3241
3636
3488
3319
3434
3730
3465
2988
3193
3221
3317
3276
3146
3236
3265
3479
3214
3462
3337
3204
3200
3354
3096
2977
3289
3156
3396
2997
3241
3257
3633
3078
3358
3050
3304
3263
3208
3428
3305
3491
3374
3401
3713
3344
3250
3294
3272
3048
3487
3268
2955
3342
3160
3142
2963
3051
2943
3373
3411
3392
3149
3082
3252
3301
3239
3238
3290
3698
2950
2979
3346
3437
3479
3110
2982
3172
3407
2913
3129
3344
3048
3325
3496
3163
3106
3505
3316
3071
3340
3668
3490
3118
2798
3201
3121
2842
3204
3070
3266
3494
3183
3075
2996
3068
3250
3079
3160
3366
3291
3117
3624
3010
3457
3124
3188
3101
3303
2894
3522
3035
3162
3091
3098
3166
3175
3131
3497
3092
2966
3141
3209
3353
3047
3354
3357
3331
2873
3019
3225
3446
3183
3148
3358
3078
2792
3103
3312
3298
3364
3047
3177
2993
3604
3366
3202
2962
3358
3257
3229
3193
3160
3554
3036
3227
3173
3085
3262
3149
3173
3148
3147
3599
3333
3550
3090
3116
3114
3261
3218
3618
3169
3275
3081
4159
3321
3019
3095
2900
3101
2954
3068
2829
3228
3029
3203
3027
3289
3389
3390
3126
2912
3225
3053
3124
3080
3403
3101
3308
3352
3082
2979
3219
3045
3123
3253
3435
3038
3176
3060
3298
2993
3235
3646
3060
3246
3069
3153
3058
2981
3101
3813
3275
2960
2974
3199
3234
3537
2999
3130
3513
2977
3336
3147
3195
3098
3250
3553
3118
3267
3602
3186
3421
3384
2892
3258
3584
2961
3202
3029
3369
3229
3168
3016
3218
3500
3464
3141
3170
3423
3282
3448
3387
3429
3416
2976
3152
3117
3480
3075
3039
3144
2802
3301
2942
3295
3140
3216
3310
3099
3162
2910
3348
3156
3286
3217
2866
3161
3204
3069
3434
3223
3399
3532
2951
3058
2966
2916
3102
3088
3360
3062
2815
3791
3210
3125
2956
3172
3217
3297
3254
3050
3287
2961
3142
2987
3406
3123
3352
3218
3024
3159
3122
3484
3038
3291
3328
3624
3193
2859
2835
3124
2839
3028
3018
3234
3163
3075
3460
3030
3362
3295
3175
3234
3064
3427
3462
3236
3956
3189
3406
2814
3096
3328
3083
3043
3176
2869
3213
3224
3193
3135
3096
3357
2872
2912
2967
2877
3061
3263
3218
3055
3291
2902
3107
3296
3235
3027
3013
2835
3139
3005
3142
3019
3030
2848
3060
3040
3232
3124
2738
3301
3604
3159
3660
2953
3060
2921
3042
3390
2844
3005
3046
3187
3066
3330
3228
2854
3010
3084
3105
3209
3024
3124
2895
3071
3056
3123
3498
3097
3213
3014
2986
3253
2871
3028
3055
3090
3243
2924
2988
3133
2978
2899
3480
3074
3344
3364
3260
2718
3308
3189
3343
3001
3200
3406
3254
3029
3009
3169
2739
3678
3178
3304
3216
2916
3172
2935
3428
3075
3098
2670
3085
3177
2954
2806
2888
2880
3526
3365
2834
2742
3089
2926
2952
2941
3092
2846
3095
3328
2961
3738
3251
3069
3167
3204
3233
2634
3061
3262
3027
2702
2963
3426
3055
3107
3342
2977
2752
3255
3621
3085
3294
2957
3310
2945
2959
2982
3143
3045
2908
2994
3579
2923
3028
3099
3071
3156
3233
2840
2989
3405
3546
3159
3048
3347
3304
3032
2960
3087
3100
2958
2857
3202
2882
3230
2888
3094
3416
3492
3217
2750
3287
2796
3332
3118
2837
3074
2803
3323
3161
3344
3406
2948
2863
3159
3112
3089
3407
3119
2971
3043
2852
3132
3318
3183
3311
2901
3305
3322
3128
3081
2841
3072
3431
3237
2867
3143
3102
2938
3272
3092
3420
2945
2946
2896
3322
2859
3253
3311
2746
3226
3461
2899
2924
2877
3069
3301
3171
2908
2893
3009
3028
3068
3345
2842
3142
2788
3004
3113
2796
3057
3313
3119
3183
2925
3547
3092
3168
3028
2895
2729
2957
3149
3054
2853
3239
2547
3140
3322
3474
2776
3126
3209
3085
3137
3060
3052
2660
3132
3125
2676
3008
2638
3017
3236
3144
2824
3134
3222
2962
3216
3045
3235
3179
2769
3206
3153
2798
2944
3138
3175
3141
2798
2998
2907
2796
3454
2904
3040
3280
3100
2995
3160
2880
2774
2819
3281
2866
3119
3193
3170
3386
3081
3239
3037
3075
3004
2905
3001
3377
3083
3168
2878
3058
2879
3387
2907
3160
2932
2906
2708
3525
2742
3201
3080
2768
2981
3151
2912
3013
2829
2997
3108
3006
3398
2826
2752
3766
3270
2781
2890
3280
3066
3041
2980
2907
3191
3575
3052
2636
3156
3119
3179
2746
2965
3304
3045
3014
2812
2983
2879
3090
3048
3080
2914
2853
3020
2611
2972
3024
3028
3177
2968
3341
2721
2715
3007
2835
3155
3284
3208
3404
2839
2816
3019
2772
2923
3139
2856
3205
3122
3423
3160
2907
3001
3460
2898
3031
3281
3322
2870
3319
2920
3089
2880
3006
3293
3012
2690
2736
3275
3212
2800
2837
3188
2955
3236
3103
2927
3014
2901
2840
2653
2918
3946
3026
3358
2872
2959
3069
2892
2991
3133
3161
3056
2974
3129
2808
3337
3078
3000
3461
2740
3171
3252
2963
3167
3242
2954
3162
2940
3012
3029
3551
3471
2838
2740
2882
3327
3121
2981
2703
3177
2844
2706
2818
3106
3323
3151
3071
2983
2965
3087
2788
3146
2758
3009
2820
2957
2772
3152
2832
2899
3151
2785
3361
2964
3124
2836
3333
2958
3340
2649
2651
3328
3213
2704
3128
2459
3196
2920
3386
3134
3372
2889
3310
2885
2797
3037
3053
2752
2590
2963
3342
3123
3188
3039
2979
2861
3007
3585
2582
2991
2947
3140
2452
3026
2989
3082
2887
2766
2862
3036
2869
3124
2903
3119
3075
3047
