6932
6822
6520
6724
6970
7069
6512
6708
6895
6484
7063
6551
6608
6584
6630
7209
6894
6673
7109
7183
6610
6784
6599
6920
7062
6851
7056
6663
6646
6900
7029
6742
6634
6808
6704
7182
6724
7186
6749
7127
6805
6932
6888
7048
7219
6691
7241
6821
7174
7184
7738
7416
7310
6903
6886
7105
7201
7006
6850
7292
6933
6943
7190
7298
7124
7031
7067
7008
7335
7159
7273
6888
7240
7115
7164
7322
7075
7072
7026
6959
7596
7214
7350
7236
7037
7532
7219
7052
7577
7219
7386
7595
7525
7289
7242
7213
7030
7490
7737
7154
7348
7421
7600
7324
7686
7738
7411
7810
7290
7419
7670
7501
7764
7590
7690
7559
7508
7730
7977
7738
7562
7688
7546
7872
7639
7772
7992
7825
7308
7736
7725
7777
7692
7780
7775
7873
7991
7922
7771
7587
7864
7902
7637
7996
8198
7830
7935
8001
7741
7914
8046
7961
8555
7894
7755
7864
8181
8147
8244
8052
8565
8008
7837
7967
8029
8125
8576
7868
8382
7949
8108
8201
8345
7887
8030
7938
8046
7996
8291
7970
8274
8686
8424
8058
8264
8420
8310
8052
8680
8342
8539
8166
8322
8426
8186
8412
8251
8658
8460
8583
8404
8351
8733
8424
8385
8497
8542
8396
8492
8489
8664
8654
8772
8597
8493
8283
8718
8441
8757
8798
8623
8826
8789
8561
9015
8834
8740
8748
8445
8672
8588
8726
8843
8830
8590
8868
8644
8678
8997
8881
9255
9035
8672
8832
9028
9008
9001
8918
8865
9241
8756
9313
9087
9157
8866
8986
8901
8971
9302
8954
9168
9291
9061
9331
8965
9292
8943
9130
9301
9514
9352
9285
9516
9658
9025
9208
9493
9139
9153
9543
9309
9370
9493
9009
9566
9175
9486
9218
9429
9228
9292
9189
9370
9276
9752
9360
9612
9544
9545
9636
9635
9739
9305
9425
9452
9365
9417
9635
9555
9687
9683
10096
10096
9708
9799
9786
9976
9849
10032
9838
10040
9668
9788
9657
9850
9707
10045
9864
10065
9980
9938
10171
9812
9877
9899
10194
10245
10213
10010
9869
10240
9950
10253
9831
9942
10116
10004
10110
9966
10205
9974
10109
10049
9977
10380
10256
10266
10614
10232
10438
9749
10512
10432
9969
10597
10090
10285
9965
10484
10370
10292
10196
10581
10309
10301
10338
10296
10342
10381
10724
10231
10726
10407
10746
10717
10601
10912
10520
10811
10617
10708
10742
10436
10774
10958
10546
10658
10683
10767
10999
10812
10810
10675
11003
11054
11016
11208
11328
10818
11184
11245
10918
11141
11218
11098
11126
11062
10920
11141
11128
11086
11385
11346
11160
11040
11274
11074
10801
11390
11364
10874
11272
11535
11092
11131
11278
11586
11159
11286
11451
11357
11640
11374
11316
11724
11604
11626
11808
11495
11552
11344
11441
11445
11776
11892
12311
11456
11452
11608
11653
11578
11877
11743
11840
11597
12187
11829
12077
11685
12140
11637
12020
11785
12211
12221
12140
12294
11589
12013
11653
11960
11605
12051
12244
12172
11825
12283
12148
12011
12109
12287
12057
11874
12279
12384
12326
12676
12187
12373
12236
12549
12476
12413
12225
12677
12180
12698
12266
12544
12246
12398
12535
12706
12916
12514
12408
12928
12348
12082
12564
12941
12811
12762
12591
12599
13068
12696
12848
12869
12920
12780
12747
12990
12692
12776
13021
13005
13028
13058
13320
13021
13174
13260
13231
13189
12986
13617
12829
12814
13271
13257
13254
13258
13347
13317
13376
13419
13365
13454
13776
13293
13663
13548
13489
13488
13591
13537
13090
13486
13463
13310
13417
13595
13622
13224
13844
13840
13480
13498
13606
13961
13614
13850
13555
13478
14050
13802
13991
13780
13889
13892
13884
13797
13621
13681
13776
14058
14052
13988
13812
14242
14036
14220
14364
13946
14274
13944
14096
14218
13956
13960
13708
14469
14318
14246
14329
14281
14479
14292
14363
14426
14479
14585
14240
14370
14269
14104
14699
14465
14458
14054
14050
13740
14022
14410
13801
14382
14596
14597
14930
14301
14768
14550
14879
14950
15635
15389
14922
14961
14792
15300
14810
15061
14789
15312
14995
15342
15367
14984
15266
15249
15005
15294
15217
15365
14968
15356
15176
15531
15279
15209
15556
15581
15692
15496
15179
15518
15431
15230
15926
15479
15327
15322
15398
15214
15607
15912
15314
15648
15625
15568
15697
16053
15820
15606
16082
15971
15947
15921
15633
16052
15962
15805
15579
15496
15497
15549
16028
15804
16151
15744
16072
16230
16408
16195
16166
15844
16312
16677
16592
16495
16516
16771
16188
16571
16068
16576
16165
16701
16218
16709
16476
16939
16308
16681
16693
16783
16372
16491
16650
16688
16926
16171
16817
16756
17105
16526
16489
16821
16985
17048
16861
17176
17433
17222
17001
17058
17290
17331
17430
17502
17012
17214
17279
16877
17444
17370
17430
17433
17361
16942
17040
17333
17416
17516
17360
17689
17438
17778
17511
17796
17865
17690
18152
17624
17998
17452
17646
17389
18004
17797
18118
17732
17957
17653
17848
18088
17956
17938
17622
18151
18317
17798
18091
18214
18202
17814
18063
17823
18408
18044
18050
18456
18123
18717
18312
18001
18388
18120
18322
18303
18940
18189
18292
18409
18384
18802
18324
18794
18729
18534
17863
18891
18543
18500
18293
18908
18836
18258
18417
18528
19100
18994
18647
18680
18890
19195
18838
18996
19535
18667
19003
19014
18937
18510
19269
19099
19235
19462
19105
19540
19401
19697
18986
19204
19325
19612
19887
19429
19435
19015
19216
19556
19577
19214
19822
19316
19442
19430
19636
19712
19687
19652
19666
19659
20173
19340
19529
19841
19181
19355
19451
19504
19567
19187
18927
19533
19826
19641
19476
19997
20054
19998
19660
20198
20868
20425
20324
20369
20427
20338
20101
20576
20608
20656
20462
20617
20292
20512
20349
20752
20260
20548
20852
20747
20925
20637
20565
21097
20756
20626
20199
20892
20496
20910
20993
20801
20666
21403
20697
20997
21098
21106
21385
21355
21064
21354
20974
21096
20756
20986
20898
21298
21194
21149
21326
21052
20653
21206
21152
21185
21419
21611
21604
22176
21847
21543
21572
21538
22005
21334
21357
21745
22013
21809
22052
21840
21524
22050
21679
21597
21663
22111
21861
21772
21439
22107
21649
22475
22605
21654
21853
22301
22173
22660
22198
22006
21992
22256
22404
22214
22872
22216
22482
22734
22231
22508
22325
22408
22326
22390
22587
22665
22480
22041
22460
22692
22280
23090
22525
22863
22778
22877
23057
22521
22932
22727
23104
23368
23102
23308
22882
23243
22690
22868
22936
22725
22877
22441
23097
22672
22598
23606
23232
23146
23332
23788
23161
23845
24148
23329
23693
23420
23792
23773
23777
24264
24276
23937
23832
23817
24128
23877
24138
23745
23580
23649
23915
23452
23908
23918
23504
22920
22982
23485
23360
23339
23376
23262
23056
23736
23535
23810
24156
24363
24450
24543
24454
24320
24438
24950
24091
24616
24773
24060
24484
24209
23744
23284
22602
22149
21239
21109
19772
19252
18602
18591
18854
19508
19955
20736
22059
22712
23836
23972
25270
25527
25244
26004
25426
25541
25984
25689
25150
25560
25475
25668
25992
25705
25607
25676
25409
26140
25821
25458
25614
25609
25478
25666
25933
25692
25227
25199
25682
25296
25198
25254
25728
25723
25715
25794
25798
25862
26541
26341
26410
26332
26066
26283
26146
26234
25884
26334
25975
26230
25547
25867
25597
25971
25949
25931
26072
25584
25721
26075
26141
26061
26220
26052
25800
26372
26096
26270
26024
26282
26312
26824
26448
26440
27045
26576
26419
26880
26774
26784
26358
26591
26177
26289
26477
26490
26381
26522
26564
26756
26714
26736
26694
27227
27307
27030
26640
26945
27205
26480
27117
26986
26807
26829
27187
27349
27529
27534
27736
27656
28087
27555
27358
27664
27874
27860
28072
27431
27424
27690
27642
27699
27328
27961
27657
28075
27820
27716
27802
28086
28302
28308
28313
28032
28440
28619
28775
28104
28218
28224
26992
27240
26288
26170
25773
25752
25856
26422
26627
27012
27570
28038
28268
28721
27930
28388
28317
28461
28102
28757
28668
28818
29076
28760
28812
28550
28635
29197
28900
28838
28588
28603
28982
28960
29338
29056
28974
28652
28829
29004
28768
28718
29044
29304
28749
28730
28698
28972
28475
29056
28973
29004
29296
28962
28864
29071
28891
29145
29429
29156
29374
29396
29208
29611
29704
29189
28976
29786
29516
29922
29504
29658
29340
29860
29600
29787
29848
29590
29518
29628
29705
29908
29991
29700
29515
29637
29940
30000
29796
29760
30267
29881
30164
29908
29995
29965
30042
29901
29623
29865
30240
30468
30154
30678
29889
30363
30628
29952
30453
30565
30516
30295
30440
30623
30267
30439
30353
30340
30172
30931
30733
30514
30215
30468
30333
30235
30319
31056
30587
30808
30778
30630
30543
30741
30880
30311
30837
31016
31001
30785
30925
30824
31040
31339
31040
30740
31447
30852
30996
31334
31115
30948
31188
30852
31864
30870
31030
30736
31754
31265
31042
31432
31221
31451
31476
31162
31658
31342
31325
31739
31483
31083
31410
31308
31530
31180
31652
31397
30848
30958
30615
30724
30280
30776
30296
30713
30926
31354
31309
31804
31214
31808
31440
31569
31645
31524
31737
31809
31400
30942
30957
31412
31668
31173
31288
31050
30762
30678
30604
31034
31274
31553
31254
32000
31490
31502
31939
32139
31946
32132
32084
32149
32116
32133
31875
31874
31946
32116
32210
32171
31832
32202
32388
32315
31840
32680
32384
31613
32460
32139
32481
32709
32343
32102
32045
31784
32040
32053
32176
32661
32593
32710
32004
32026
32176
32616
32110
32556
32660
32584
32064
32746
32176
32504
32341
32724
31932
32724
32333
32394
32856
32844
32665
32499
32187
32556
32340
32717
32678
32739
32682
32672
32565
32632
32228
32747
32824
32191
32356
32564
33266
32964
32826
33001
33112
32744
33152
32968
32509
32772
32720
32816
32609
32613
32736
32857
33037
32795
32908
33105
32628
32896
33026
33221
32934
32968
32633
32397
32755
32810
33140
33120
32822
32844
33371
32757
32724
32984
33182
33032
32888
33109
32380
33268
33077
32762
33304
33136
32990
32913
33293
32980
33204
33408
33290
32901
33412
33024
32936
33414
33444
33440
33204
33309
32872
33177
32733
33204
32628
33288
33024
32740
33110
32809
33024
33109
33272
33197
32768
33369
33300
32994
32812
32881
32384
33069
32948
33241
33172
33481
33502
33477
33325
33698
33804
33533
33715
33294
33218
33269
33096
33483
33298
32937
33418
33810
33467
33144
33882
33281
33612
33430
33210
33708
33206
33453
33108
33601
33625
33312
33687
33450
33561
33934
33495
33400
32678
32873
32573
32520
32516
32396
32059
32257
32648
32896
33344
33554
33796
34141
33437
33816
33517
33284
33738
33066
33428
33000
33669
33677
33495
33402
33335
33408
33280
33586
32745
32765
33389
32986
33992
32730
33024
33549
33195
33387
33328
33379
33227
33028
33255
32868
34100
32989
33016
33033
32923
33154
33636
33373
33302
32980
32918
33248
33595
33156
33024
33540
33434
33052
33668
33224
33348
33185
33348
33314
33578
32866
33192
32994
32951
33210
32972
32989
32877
33489
33396
32820
33157
33320
33176
33100
33066
32967
33196
33058
33512
33104
33152
33152
33179
33030
32759
32813
32484
33034
32485
33058
33119
32992
33028
33082
33156
33258
32743
32881
32986
32788
32890
32988
33232
32824
33264
33236
32746
32740
32955
33018
32532
32589
32724
32465
32350
32949
32520
32861
32366
32317
32754
32886
32619
32313
32546
32796
32461
32555
32394
32488
32498
32548
32667
32952
32279
32606
32556
32388
32336
32650
32422
32413
32763
32631
32373
32761
32685
32493
32296
32384
32480
32443
32068
32634
32629
32685
32360
32378
32413
31964
32362
32012
32193
32280
32475
32020
32369
32103
32196
32404
32218
32284
31764
32188
32074
32320
31805
32213
32204
32082
31256
32090
32345
31967
32098
31565
32141
31710
31954
31340
31699
31901
31189
31716
31514
32012
31444
31802
31453
31700
31544
31765
31659
31532
31545
31438
31557
31467
31240
32052
31462
31447
31207
31694
31488
31104
31112
30682
30986
30891
30874
30601
30887
30458
30955
30836
30994
31216
30645
31162
31022
31138
30952
31453
31389
30861
30948
30667
31180
30872
30800
30952
30869
30716
30756
30502
30057
30663
30088
30280
30681
30276
30453
30408
30463
30769
30052
30154
30426
30565
29718
30221
29946
29885
29865
30016
30295
30209
30084
30299
30073
29815
30394
29942
29908
30454
29836
29677
29825
29808
29965
30426
29549
30105
29668
29973
30278
29808
29627
29268
29500
29249
29396
29772
29068
29101
28905
28846
28949
28688
29108
28878
29148
29157
28950
28751
28832
29092
28984
29110
29042
28968
29026
28751
29324
28548
29335
28442
28010
28416
28044
27390
27422
27318
27911
27647
27816
27800
28042
28416
27956
28353
28309
28741
28317
28071
28426
27986
27799
28032
27921
27880
28577
28090
27654
28094
27740
28360
27864
27915
27921
27321
27353
27801
27118
27834
27266
27085
27044
27149
27448
27186
27139
27236
27160
27220
26861
26968
26503
27190
26817
26903
27276
26612
26602
26626
27025
26725
26686
26420
26637
26554
26419
26372
26578
27220
26494
26541
25780
25520
25721
25250
25771
25640
24953
25410
25614
25568
26088
25926
25824
25771
26084
25531
25739
25659
25168
25030
25629
25402
25277
25282
25392
25017
25205
25109
25634
25232
24896
25688
24763
25156
24777
24980
24710
24892
24772
24708
25112
24768
24777
24422
24292
24242
24519
24515
24799
24570
24200
24484
24318
24341
24522
24052
24300
23792
24367
24038
23502
23825
24496
24104
24076
24168
23964
23447
23538
24237
23252
23835
23252
23306
23421
23492
23763
23325
23514
23175
23285
23166
23247
23160
23222
22904
23072
22935
22924
22888
22706
22948
22551
23149
22996
22652
22561
22566
22635
22769
22489
22644
22290
22426
22379
22444
22426
22006
22314
22084
22068
21938
22131
22345
22286
21995
22053
22131
21822
21686
21675
21482
21513
21705
21702
21307
21562
21493
21640
21778
21350
21122
21445
21307
21056
21536
21270
21365
21017
20829
21826
21204
21462
21173
20811
21088
21124
20388
20778
20512
20562
20618
20493
20820
20490
20813
20644
20710
20673
20524
20234
20640
20417
20026
20404
20420
20330
20053
20300
20091
20193
20358
20245
20349
20200
20042
20324
19732
19750
20060
19349
19653
20097
19717
19772
19509
19511
19480
19586
19467
19374
19764
19828
19715
20026
19675
19194
19672
19660
19659
19686
19636
19520
19634
19429
18874
19003
19508
19609
19150
19157
19771
19391
19308
19008
19166
19101
19011
19093
19162
19018
19178
19049
18872
18954
18788
18738
18893
18967
18612
18894
18804
18946
19104
18497
18454
18702
18384
18307
18774
18584
18298
18503
18397
18604
18630
18698
18459
18580
18282
18063
18616
18532
18409
18463
18224
18542
17997
18038
18472
18589
18124
18248
17845
18116
18263
18125
18292
18522
18254
18276
18423
18460
18065
18234
18130
18713
18197
18407
18405
17954
18286
18225
18093
18099
18164
18028
17930
18150
18152
17941
18399
18054
18007
18327
18129
18125
18231
18337
17961
18227
17749
17682
17958
17725
18350
17908
17782
17748
18197
17976
17639
17946
17617
17984
17500
17995
18126
18145
18050
17631
17915
18090
18232
17746
17778
17972
17953
17865
17826
17955
17988
17842
17737
18300
18247
18153
18253
17972
18306
18437
18706
18241
18546
18836
18292
18566
18654
18692
18939
18284
18429
18366
18206
17755
18001
17955
17946
18113
18383
18074
18522
18280
18301
18894
18633
18537
18794
18980
18836
18925
19556
19245
18854
18664
18960
18743
19004
19102
19163
19142
19386
19350
19405
19495
19196
19373
19302
19576
19669
19354
19261
19552
19329
19497
19187
19432
19741
19958
19825
20227
20118
19704
19756
19880
20140
20244
19992
20081
20177
19882
20207
19950
20022
20264
20010
19560
20166
20004
19594
19459
19826
20406
20238
20736
20656
20755
20884
20823
20974
21133
20298
20992
21185
20882
21179
21464
21739
21421
21324
21164
21554
21444
21396
21911
21691
21839
21632
21828
21734
21745
22330
21686
22028
22520
22194
22309
22251
22756
22174
22479
22545
22966
23232
22802
22877
23316
22790
23364
23202
23052
23824
23180
23668
23680
23650
23944
24212
23509
23948
23698
24141
24468
23659
24233
24492
24312
24480
24914
25013
25029
24714
24475
24920
25053
24840
25284
25396
25117
25380
25326
25140
25606
26089
25777
26236
26138
25994
26181
26524
26690
26644
27182
26752
26349
26932
26737
27330
27096
27446
27368
27477
27152
27533
27832
28181
27957
28297
28028
28738
28404
28330
28530
28680
28683
28812
28141
28829
28907
28709
29030
29081
29002
29626
29577
29317
29991
29876
30071
30021
29815
29898
30038
30300
30696
30638
30921
30683
30375
30907
30976
30956
31274
31460
31481
31655
31590
31842
31405
31954
31381
32128
32436
32057
32022
32244
32395
32703
32604
32827
33382
33124
33348
33344
33844
33051
33033
34030
33873
33984
34330
33811
33780
34118
34233
34248
34103
34116
34649
35116
35072
35112
35658
35108
35476
35748
35166
34796
34758
34842
34270
33549
33843
33720
33978
34837
35752
36165
36730
36694
36746
36957
37056
36710
36916
37062
37360
37738
37077
37077
37338
37517
37572
38174
37960
38212
38005
38184
37529
38457
38662
38849
38104
39290
39150
39053
39272
38596
38649
39412
39484
39606
39946
40225
39853
39608
39477
39552
39638
39674
39616
39771
40233
39788
40165
39898
39869
40036
40683
40404
40772
40090
40303
40320
41035
40996
40201
40831
40876
40789
40901
40708
41114
41128
41024
41522
41529
41216
41460
41640
41576
41722
41865
41618
41700
41867
41978
41753
41682
42190
41962
41690
42090
41732
42004
42092
42459
42113
42484
42160
42286
42258
42612
42288
42552
42552
42018
42422
42523
42472
42380
42914
42240
42939
42242
42518
42914
43208
42678
42893
43115
42619
42822
42936
42901
42732
43222
43360
43732
43151
42598
43164
43146
43156
42843
42862
42826
43338
43072
43008
42906
43175
43304
43076
43140
43453
43082
42624
42802
42502
42669
42408
42516
42670
42684
42627
42852
42204
42645
42696
42140
42152
43026
42655
43128
42298
42388
42148
42936
42660
42299
42468
42372
42372
42186
42521
42168
42398
42124
41951
42297
42130
41761
41607
41880
41692
41653
41604
41338
41368
41479
41851
41352
41250
41356
41873
41423
41123
41046
41339
40627
41314
40781
40728
40960
40525
40740
41164
40805
41051
40685
40442
40529
40041
39864
39542
39541
40404
39932
39968
39716
40081
39601
39315
39370
38939
38937
38591
38502
38680
38374
38171
38722
38338
38554
38680
38300
38730
38051
37898
37805
37755
37376
37434
36812
37097
36757
36864
36550
36133
35702
36224
36169
36000
36108
36145
35948
36096
36103
36168
36530
36420
35687
35623
36068
35864
35261
35787
35739
35441
35300
34973
34868
34679
34827
34501
34651
34652
34168
34167
34207
34266
33702
34149
33689
33716
33420
33701
33675
33220
33247
32724
32799
32996
32219
32381
32422
32524
32153
32057
31414
31445
31568
31727
31298
31001
31343
31378
30675
31162
30589
30760
30137
30196
30121
30257
29513
29339
29219
28628
28759
27975
28254
28356
28676
28474
28506
28102
27837
28253
28020
27666
27393
26983
26676
27034
26682
26989
26828
26722
26658
26312
26078
26362
26018
25789
26006
25948
25106
25166
25920
24972
25484
24412
25035
24691
24396
24379
23903
24318
24016
23898
23560
24045
23471
23508
23380
23066
22869
23410
23125
22576
22372
22288
22459
22568
21542
21596
21430
21542
21493
21196
21590
21252
20769
21182
20414
20952
20502
20349
20194
20132
19876
20044
20158
20394
19481
19771
19068
19205
19373
18849
18552
18602
18025
18470
18539
18100
18069
18058
17900
17453
17164
17542
17024
16896
17309
17218
16908
17010
16550
16229
16395
16492
16182
16012
15419
15928
15687
15762
15637
15467
14877
15146
15005
14907
14693
14520
14783
14839
14447
14458
13942
13701
13527
13744
14242
13584
13821
13700
13919
13431
13563
13689
13014
13077
13005
13139
12800
12619
12705
12675
12535
12456
12554
12842
12470
12241
11976
11938
11979
11428
11704
11566
11666
11512
11000
11318
11179
11085
10940
11368
10980
11161
10996
11096
10744
10910
10532
10973
10334
10332
10528
10323
10247
10115
10284
9847
10312
10159
10023
10019
9540
9701
9598
9908
9456
9300
9422
9413
9385
9278
9213
9155
9040
9445
9163
8870
8731
8980
8866
8724
8681
8453
8553
8387
8797
8309
8887
8536
8452
8376
8096
8313
7864
8077
8018
7917
7621
7888
8098
7796
7904
7826
7628
7499
7902
8159
7733
7653
7320
7850
7247
7574
7460
7446
7552
7025
7327
7716
7083
7320
7218
7090
7062
7043
6946
7011
6997
7335
7100
7077
7122
7092
6822
6823
6710
6886
6594
6631
6702
6428
6463
6425
6365
6703
6663
6621
6325
6682
6191
6510
6549
6240
6174
6289
6467
6394
6428
6504
6017
5985
6078
6061
6052
6350
6170
5678
6023
5892
5985
6139
6047
6268
5924
5977
5955
5849
5807
5868
5890
6116
5817
5527
5746
5912
5511
5902
5701
5904
5603
5481
5443
5704
5467
5666
5657
5521
5780
5943
5445
5510
5407
5457
5588
5575
5675
5323
5420
5385
5398
5575
5254
5415
5082
5264
5326
5169
5321
5504
5330
5381
5115
5809
5280
5363
5146
5139
5093
5265
5364
5183
5113
5190
4795
5265
5192
5376
4835
5115
5222
5035
5037
4988
4986
4815
5047
5266
4906
5013
4865
4984
5142
5208
4868
5072
5212
4782
5070
4912
5097
4909
4922
4997
4965
4727
4887
4922
5093
4924
4695
4655
4549
4641
4983
4750
4682
5076
4717
4781
5046
4551
4652
4745
4842
4823
4859
4951
4684
4967
4671
4856
4782
4856
4434
4514
4649
4890
4598
4676
4558
4756
4522
4980
4666
4650
4599
4477
4330
4941
4282
4743
4672
4406
4605
4755
4615
4543
4312
4697
4629
4529
4807
4365
4411
5125
4775
4450
4530
4778
4446
4696
4463
4428
4427
4620
4460
4330
4591
4722
4512
4398
4429
4741
4410
4492
4348
4526
4231
4480
4478
4446
4447
4398
4417
4265
4429
4520
4396
4330
4382
4474
4156
4277
4322
4211
4523
4677
4511
4771
4210
4369
4517
4193
4371
4556
4229
4557
4408
4614
4516
4274
4404
4649
4224
4352
4576
4402
4124
4400
4323
4264
4243
4352
4589
4258
4117
4197
4322
4438
4130
4049
4504
4387
4429
4304
4156
4313
4252
4077
4075
4183
4810
4249
4386
4263
4283
4284
4076
4276
4235
4252
4266
4139
4304
4292
4343
4259
4107
4637
4090
4339
4328
4132
4271
4398
4182
4302
4126
4237
4176
4491
4538
4179
3998
4172
4472
4087
4150
3984
4160
4023
3904
3969
4122
4298
4228
4181
4131
4015
4284
3997
4237
4092
4327
4009
4043
3978
4119
4005
4118
4261
3951
4505
4062
4335
3949
4348
4056
4324
3861
4045
4309
4213
3852
4138
3714
4144
3992
4468
4185
4344
4126
4192
4016
3882
4077
3996
4097
3797
4052
4411
4165
4133
4040
4044
4006
3941
4491
3767
4211
4143
4100
3570
4062
3988
4291
4037
3960
3833
4062
3865
4134
3997
4191
4040
4086
