6551
6515
6117
6384
6385
6848
6272
6401
6435
6146
6531
6194
6253
6228
6007
6666
6434
6336
6659
6741
6111
6393
6347
6404
6792
6346
6602
6324
6278
6395
6617
6202
6230
6018
6224
6475
6110
6573
6482
6643
6751
6420
6424
6473
6784
6498
6772
6390
6756
6637
7116
6809
6975
6411
6514
6498
6676
6117
6441
6749
6555
6543
6921
6876
6535
6587
6643
6405
6785
6770
6724
6436
6638
6705
6547
6624
6645
6852
6698
6617
6824
6845
6826
6789
6846
6844
6863
6454
7029
6846
6875
7190
7137
6871
6777
7053
6665
7027
7162
6700
6883
6707
7148
6877
7058
7150
6927
7178
6865
7176
7182
6921
7402
7080
7092
6892
6888
7144
7306
7164
6969
6991
7057
7064
7190
7342
7454
7303
6959
7288
6971
7070
7486
7059
7252
7018
7613
7595
7151
7217
7327
7314
7139
7162
7405
7278
7308
7444
7298
7305
7607
7349
7694
7407
6981
7201
7515
7584
7998
7391
7729
7425
7440
7436
7429
7477
7847
7368
7839
7179
7552
7396
7547
7338
7437
7543
7646
7742
7703
7571
7781
8133
7808
7568
7658
7873
7656
7632
7938
7800
8045
7666
7948
7827
7554
7804
7712
8011
7974
8153
7554
7652
8175
7700
7692
7777
7876
7865
8163
7997
8148
7869
8157
7949
7982
7597
8046
8052
8053
7911
8275
8335
8143
7917
8354
7936
8101
8058
7987
8073
7663
7909
8106
8320
8079
8040
8100
8089
8205
8312
8398
8076
7933
8168
8351
8159
8207
8464
8293
8400
8196
8443
8552
8476
8164
8322
8182
8247
8490
8078
8322
8178
8252
8253
8181
8616
8200
8322
8436
8712
8858
8460
8810
8623
8280
8473
8745
8472
8430
8910
8548
8341
8747
8302
8782
8258
8500
8700
8581
8591
8239
8503
8500
8720
8999
8632
8810
8918
8462
8700
8993
8949
8543
8898
8593
8621
8697
8939
8981
8962
8973
9224
9105
9131
8591
8917
9228
9145
9293
9000
9385
8698
9200
9162
9260
8889
9512
9148
9150
9276
9137
9116
8789
9038
9266
9422
9434
9064
9254
9007
9544
9497
9520
9082
9280
9313
9283
9072
9207
9331
8961
8947
9280
9065
9606
9318
9448
9582
9398
9365
9072
9310
9557
9070
9681
9228
9300
9361
9664
9379
9166
9330
9693
9773
9604
9508
9711
9410
9441
9798
9277
9834
9386
9594
9638
9619
9878
9502
9943
9481
9866
10022
9728
9606
10149
9735
9690
9690
10048
9723
9977
10072
9841
10130
10204
10010
9930
10129
9869
10063
10085
10146
10182
10273
9966
10079
10106
10198
10098
10205
10300
10486
10201
10298
10173
10410
10244
9920
10155
10132
10497
10206
10380
10151
10167
10430
10522
10504
10661
10479
10593
10527
10519
10420
10565
10533
10555
10722
10717
10624
10523
10754
10790
10568
10512
11111
10485
10588
10999
10666
10618
10803
10531
10947
10761
11061
10824
10957
10860
10792
10890
10978
10677
10807
11272
11052
11208
10804
11030
10632
10795
10738
11074
11175
11142
10706
10994
10971
11077
11261
11293
11103
11028
10909
11068
11268
11474
11475
11182
11111
11348
11444
11144
11281
11542
11146
11399
11256
11231
11034
11486
11357
11547
11701
11545
11429
11843
11478
11225
11492
11723
11446
11357
11360
11393
11735
11520
11782
11459
11544
11762
11800
11965
12117
11620
11949
11652
11914
11359
12162
11708
12002
12180
11593
12083
11674
11978
11810
11909
11983
11956
12099
12207
11944
12347
11992
12273
12024
12329
12337
12218
11993
12224
12191
12134
12587
12364
12126
12151
12343
12054
12059
12267
12154
12107
12560
12263
12442
12341
12492
12568
12316
12758
12321
12220
12424
12644
12961
12617
12802
12734
12393
12613
12424
12331
12383
12629
12532
12785
12810
12587
12634
12728
13064
12830
12990
12690
12751
13074
12818
12816
12911
12830
12969
13021
13004
12866
13133
13010
13234
13022
13051
13467
13004
12955
13101
12662
13127
12992
12778
12832
12827
12761
12802
13346
12561
12819
13065
13048
13494
13210
13655
13372
13669
13726
13753
13876
13385
13408
13606
13817
13384
13506
13520
13571
13358
13796
13847
13771
14048
14013
13539
13786
13843
13773
13626
13756
13836
13943
13767
13913
13856
13988
14235
14139
13730
13622
14001
13489
14227
13997
13845
13859
13850
14130
13956
14043
14043
14198
14472
14194
14094
14308
14384
14280
14357
14468
14528
14370
14268
14480
14651
13864
14054
14115
13963
14354
14086
14400
14489
14155
14332
14524
14837
14639
14375
14594
14825
14830
15062
15007
14833
15533
15006
15544
14662
14518
14689
15179
14663
15161
15015
15118
14903
14971
15085
15228
15000
15126
15324
15063
15340
14682
15208
15330
15473
15248
15088
15372
15410
15821
15071
15436
15492
15383
15236
15474
15189
15505
16072
15452
15140
15469
15352
15499
15748
15329
15752
15424
15936
15965
15756
15651
15657
15543
15781
16173
15883
16094
15808
15680
16089
15958
16287
16323
16513
15684
15733
15521
16186
15949
16298
16077
16302
15707
15885
16308
15984
16317
15492
16546
16356
15634
16382
16295
16351
16182
16313
16239
16614
16333
16246
16483
16185
16441
16513
16228
16186
16055
16814
16495
16829
16272
16478
16347
16800
16808
16648
16904
16564
16537
16354
17009
16640
16714
16164
17269
16804
16870
16665
16578
16944
16781
16606
16790
17084
17068
16921
17327
17299
16981
17229
16964
17001
16699
17381
17146
17320
17483
17105
17286
16932
17476
17369
17142
17517
17761
17552
17384
17526
17108
17243
17386
17626
17418
17520
17796
17451
17581
17524
17841
17873
17425
17864
18152
18060
17608
17440
17417
17470
17468
17723
17884
17541
17418
17029
17730
17755
17675
17867
17896
18182
18154
18044
17972
18697
18177
17931
18244
18271
18424
18244
18712
18397
18740
18342
18548
18399
18269
18523
18766
18197
18662
18691
18808
18509
18504
18506
18548
18306
18573
18303
19005
18848
18696
18694
18814
18356
18944
18674
18875
19097
18900
19165
19569
18968
19149
18769
19117
18640
19024
18802
18993
19125
19100
18914
19047
19114
19057
19013
18860
19585
19227
19257
20111
20053
19325
19476
19225
19813
19198
19388
19537
19520
19657
19552
19533
19484
19800
19329
19800
19600
19521
19524
19604
19545
19528
19629
19984
19973
19712
19654
20450
19957
20234
19830
19864
20054
19863
19749
19922
20236
20181
20552
20408
19988
20010
19979
20193
20149
19954
20640
20114
20346
20134
20544
20160
20433
20765
20597
20328
20525
20245
20590
20580
20360
20420
20820
20728
20569
20678
20425
20588
20256
20353
20426
20327
20369
20075
20084
20640
20676
21257
20821
20463
21193
20972
21080
21291
21213
21037
21281
21375
21147
21339
21392
21572
22086
21548
21333
21281
21780
21400
21643
21358
21188
21070
21101
21001
21331
21302
21260
21096
20934
21132
20785
20846
20780
20917
21066
21520
21165
21640
21604
21712
21611
22754
22116
21825
21976
22266
22150
21726
22209
21540
21978
21434
21658
21215
20612
20368
19331
18532
17864
17108
16934
16410
16810
17609
18044
18821
19677
20485
21722
22074
22945
22834
22704
23865
22859
23070
22816
22994
22726
23293
22740
23008
22938
23229
22838
23168
22568
23350
23276
23246
23145
23009
23106
22650
23320
22926
23003
22878
22493
22691
23197
22761
23273
22855
23194
23300
23470
23383
23757
23697
23738
23732
23654
23341
23670
23296
23341
23433
23496
23366
23155
23469
23028
23580
23209
23434
23402
23082
23379
23542
23604
23566
23597
23672
23826
23820
23856
23938
23892
23853
24050
24142
23828
23819
24500
24002
23997
24149
24186
24384
23887
24064
23604
23756
23857
24295
23973
23867
23850
24293
24362
24051
23897
24502
24834
24713
24192
24312
24381
23952
24324
24148
24404
24408
24950
24780
24452
25142
24754
24939
25319
24900
24592
25257
25254
25238
25156
25181
25088
24428
25046
25294
25454
25357
25174
25541
25486
25138
25684
25458
25568
25573
25914
25524
25354
25796
25684
25579
25418
25485
25265
25049
24157
23784
23419
23592
23134
23970
24500
24970
25128
25756
25630
25844
25833
25616
25698
25931
25508
25920
25782
26240
26222
25635
26089
25879
25784
26540
26090
26189
26468
26058
26495
26381
26473
26241
25780
25954
26196
26123
26210
26181
26376
26284
26621
25785
26570
26596
26095
26437
26520
26350
26583
26418
26461
26443
26422
26427
26614
26491
26904
26508
27144
26664
26740
26741
26354
26993
26713
27243
27008
27348
26756
27367
27074
27276
27244
26955
26963
27061
27236
27128
27532
26752
27076
27209
27146
26981
26965
27344
27371
27606
27121
27594
27405
27110
27562
27581
27492
27502
27348
27988
27368
27716
27168
28041
27691
27356
27740
27509
27638
27828
28377
28085
27568
27772
28075
27730
27784
28293
27829
27850
28288
27880
28081
27643
27957
28584
27784
28374
28257
28078
27991
28244
28664
28189
28352
28381
28513
28642
28852
28296
28135
28928
28488
28310
28607
28349
28432
28981
28724
28759
28725
28404
28893
28366
28521
28434
29216
29140
28332
28474
28876
29186
28870
28683
28804
28805
28586
29114
29046
28876
28836
29176
28917
29095
29006
29257
28762
28179
28198
28192
28253
28169
28260
28333
28898
29108
29076
29454
29186
29952
29282
29156
29265
28934
29686
29335
29373
28715
29272
29389
29331
29082
28906
28680
28800
28427
28612
29029
29100
29285
29062
29340
29514
29484
29466
28928
29472
29268
29682
29348
29733
29802
29836
29736
29572
29901
29830
29685
29904
29844
30130
29762
29952
30046
30152
29794
29540
30316
30113
30336
29828
30036
30218
29644
29999
30120
29967
30272
30045
30399
29848
29935
30043
30324
29890
30202
30272
30328
30008
30440
29700
30262
30240
30398
30316
30486
30292
30614
30073
30692
30413
30294
30222
30259
30422
30605
30282
30281
30653
30546
30422
30548
30276
30458
30827
30708
30299
30808
30796
30608
30976
30916
30595
30715
30605
30986
30602
30703
30756
30856
30784
30816
30924
30796
30966
30686
30870
30666
30744
31032
30642
30936
30872
30619
30716
31096
31371
31018
31348
30824
31024
30952
30840
30999
31021
31021
31364
31019
30518
31238
30991
31172
30728
30976
31311
31078
31085
31020
31366
31386
30932
31323
31492
31261
31355
31042
31190
31640
31602
31410
31298
31305
31112
31267
31341
31540
31395
31430
31280
31171
31316
31237
31366
31552
31458
31754
31140
31473
31030
31224
31074
31548
31130
31512
31560
31270
31173
31513
31156
31824
31688
31767
31768
31410
31757
31627
31460
31579
31782
31938
31740
31658
31396
32012
31725
31428
31700
31818
31866
32029
31508
31573
31510
32091
32155
32052
31852
32040
32032
32061
32344
32204
31891
31985
31960
31773
31057
30976
31060
31064
30703
30901
31172
31522
31657
32320
31861
32308
32169
32406
31865
32472
32356
32006
32088
31850
32107
32372
32173
32018
32083
31766
32185
31885
32132
32202
31860
31820
32121
31832
31722
32107
31782
31709
32230
32137
31988
31588
31736
32196
31909
32048
32000
31940
31890
32100
31973
31643
32004
32036
31859
32096
32032
31766
32007
32112
32132
31742
32190
32237
32185
32256
32108
32548
32321
32372
32566
31876
32379
31988
32200
32054
32052
32372
32068
31916
32000
32058
32240
31844
32278
32438
32189
32231
31940
32491
32170
32112
32097
32050
31973
31912
32110
32211
31908
31956
32426
32170
32234
32139
32396
32389
31908
32189
32268
31874
32359
31900
32091
31899
32020
32789
31627
32164
31846
32309
32292
31931
31642
31661
32284
32152
31746
32109
31873
32068
31618
32109
32326
31771
31834
31735
32026
31990
31792
32246
32251
31525
32276
32708
31724
32309
32101
31808
31616
32024
31764
31640
32195
32384
31905
31808
32211
31898
31984
31801
31949
32422
31541
31886
31939
32137
31612
32300
31756
31863
31668
31891
31644
32045
31700
31748
31803
31532
31906
31880
31872
31745
31514
31988
31684
31638
31833
32000
31556
31597
31439
31334
31852
32066
31508
31606
31801
31602
31648
31554
31720
31657
31382
31536
31517
31755
31204
31596
31253
31706
32077
31242
31892
31244
31083
31333
31883
31068
31254
32248
31219
31310
31274
31234
31351
31238
31015
31019
31044
31040
30818
30553
30790
30585
31144
30746
31158
31577
30922
31686
30982
31385
31124
31180
31419
31028
30909
31126
30788
31063
30967
31240
31146
30772
31266
30629
30717
30761
30864
30299
31309
30617
30596
30540
30836
30470
30589
30790
30814
31018
30367
31084
30406
30356
30678
30500
30610
30312
30477
30342
30532
30312
30543
30708
30545
30350
30677
30350
30548
30160
30360
30570
30135
30421
30315
30758
30642
30301
30543
29618
29958
30533
29610
30068
29978
29482
29905
29556
29562
30016
29145
29700
29396
29496
29978
29627
29400
29655
29642
29914
29793
29782
30169
29972
30170
29550
30152
29403
29268
29229
29056
28399
28120
27920
28338
28440
28480
28554
28900
29210
29307
29546
29327
29522
29493
29062
29077
28563
28928
28934
29102
28793
29320
29197
28792
28704
29528
29120
29352
29274
29124
28372
28517
28778
28780
28509
28575
28312
28294
28083
28428
28670
28404
27992
28181
28539
28153
28570
28244
28328
28020
28308
28197
28595
28054
28092
28039
28188
27898
27531
27956
28131
27643
27931
27372
28491
28500
28028
27360
27428
27012
26868
26768
26860
26698
27037
27108
27046
27674
27419
27456
27414
27702
27234
27398
26765
27114
26915
27126
27310
26720
26746
27467
26923
26756
26986
27226
26977
26596
26794
27082
26696
26724
26696
26633
26632
26355
26605
26538
26265
26208
26034
26498
26492
26314
26628
26360
26441
26205
26005
26390
26060
26268
25935
26306
26104
26488
25763
26154
25588
26344
25974
25940
26228
25992
25638
25720
25952
25438
26146
25529
25381
25556
25709
26328
25450
25897
25327
25685
25575
25247
25228
25675
25771
25261
25021
24998
24797
24992
24888
25049
25262
24848
25060
25034
25323
24984
25393
24761
25113
24768
24982
24678
24602
24993
25094
24574
24592
24884
24524
24652
24859
24692
24452
24698
24678
24429
24085
24218
24532
24237
24249
24645
24138
23830
24190
24288
24526
24184
24173
23993
24165
23810
24527
24153
24204
23789
23881
24576
23974
24206
23791
23660
23901
23680
23733
23698
23574
23666
23569
23527
23911
23587
23732
23636
23546
23420
23188
24026
23332
23349
23214
23427
23064
23538
23285
23616
22994
23378
23916
23439
23561
23541
22877
23387
22997
23235
22843
22888
23138
23012
22660
23162
22810
22528
22921
22918
22875
22932
23350
23140
23225
23655
22621
22923
22933
23072
23035
23062
23030
22836
23233
22988
22717
22610
22909
23025
22491
22601
23308
22706
22884
22728
22731
22758
22589
23054
22875
22662
22878
22609
22842
22493
22848
22306
22684
22552
22558
22818
22888
22630
22921
22596
22952
22420
22372
22259
22228
22277
22264
22468
22579
22316
22645
22760
22344
22372
21880
22458
22539
22573
22142
22851
22197
23286
22144
22277
22616
22810
22168
22399
22310
22722
22490
22554
22518
22770
22185
22650
22468
22694
22330
22884
22777
22786
22868
23079
22672
22571
23002
22614
22164
22683
22634
22848
22338
22913
22773
22869
22914
22975
22584
23112
23104
22996
23086
23164
22826
22892
22381
23097
22903
22959
23348
22694
22668
22538
22745
22902
22618
23033
22776
23073
22690
22854
23097
23197
22841
23226
22973
23008
23128
22957
22990
23203
22996
22628
22932
23081
23419
23170
23421
23424
23348
23241
23770
23927
23558
23785
24446
23884
24474
24042
24027
24019
23860
24402
24294
24109
23954
24124
23744
23652
23680
23130
23669
23967
23994
23664
24128
24034
24215
24616
24874
24367
24563
24968
24754
24731
25523
25060
24858
24964
25303
24956
25182
25241
25305
25369
25388
25747
25469
25610
25594
25732
25717
26528
26044
26024
25934
25924
25728
25940
25700
26079
26258
26357
26310
26649
26850
26295
26379
26400
27048
26934
27044
27066
27185
26980
27196
26698
27070
26733
26873
26761
27397
26976
26741
26760
26774
27147
27462
27484
27832
27841
28424
27890
28313
27981
27716
28414
28607
28406
29307
29565
29184
29210
29284
28793
29257
29317
29441
29275
29690
29492
30100
29663
29850
29741
30114
29684
29812
30264
30269
30420
30372
30820
30982
31080
30758
31494
31653
31048
31268
31104
31622
32026
31608
31748
32373
31809
32103
31778
32263
32884
33090
32536
32782
32749
33114
33368
33538
33484
33478
33371
33748
33604
33469
34413
33892
34245
34514
34186
34730
34896
34956
34780
34841
34778
34676
35259
35880
35022
35834
36104
35890
36073
36252
36733
36772
37608
37021
36880
37137
37106
37752
37410
38022
37493
37796
37972
37997
38518
38660
38572
39051
38613
39168
39392
39128
39386
39302
39862
39783
39787
39190
39821
39903
40084
40292
39946
40680
40805
41003
40902
41028
41301
41291
40986
41666
41527
41572
42144
42534
42196
42408
42264
42643
42226
43304
43352
42715
43076
43396
43464
44176
43539
43880
44184
44045
44324
44324
44485
44573
44779
45257
45124
45432
45836
46006
45875
46297
45913
46375
45922
46520
46346
47017
46852
46959
47248
47732
47506
47501
47360
47313
47813
47892
48571
48218
48416
48661
48876
48681
48649
47707
48416
47936
47566
46972
46427
46795
46325
47630
48160
49284
49784
50522
51428
51264
51213
51175
50996
51513
51261
51557
51425
51468
51532
51460
52206
52443
52266
52420
52630
53026
52426
52459
53286
53231
52845
53170
53366
53818
53866
53448
53796
54004
54238
54400
54634
54968
54996
54328
55290
54805
54657
54973
54697
54672
54649
55689
54922
55578
55019
55092
55448
55936
56250
56152
55946
55647
56034
56034
55994
56152
56130
55912
56265
56202
56398
56906
57069
56448
56939
56695
57418
57538
57600
56733
56640
57348
57544
57296
57829
57750
57172
58180
57514
57941
57358
57856
57600
57687
57824
57978
58112
57872
58048
58752
58185
58122
58186
59017
58274
58253
58496
58233
58231
58267
58139
58733
58102
58069
58504
58897
58572
58676
59289
58484
58679
59216
59088
59356
59055
59520
58938
58970
58186
59568
58984
58572
58540
58858
59053
59369
59146
58740
59204
58717
58901
58500
59034
59114
58592
58708
59224
58832
58498
58708
58700
58634
58263
58190
59008
57748
58389
58388
58380
58165
57893
58094
58674
58287
58073
57693
58168
58014
57557
59021
57781
57820
57946
58026
58074
57844
57956
57728
57664
57413
57177
57236
57563
57457
57190
56632
56548
56954
57546
56729
56837
56030
56909
56622
56649
56984
56464
56664
55990
55880
56358
55629
55770
55878
55752
55957
55380
56117
55609
55338
54188
54532
54532
54704
54400
54675
54184
54617
54409
55026
54412
53652
53720
53361
53092
52847
52853
52608
52551
52323
52556
52736
52555
52421
52352
52087
52352
51746
51540
51378
50696
50874
50848
50746
50208
49307
49563
49816
49160
49163
48827
48813
48718
49466
49116
49140
48901
49640
50047
49654
49236
48276
48585
48652
48692
48652
48236
48312
47660
47927
47513
47310
47692
47382
47013
47119
46920
46974
46100
46477
45884
45800
46011
45260
45138
45415
45312
44944
44761
44216
44477
43848
44120
44181
43536
43610
43106
43288
42821
43125
42693
42858
41874
41828
41773
41605
41704
41782
41024
41249
40178
40576
40212
40348
39841
39862
39129
38588
38481
37736
37946
38090
38368
38390
37578
37807
37501
37505
37300
37849
36669
36188
36298
35885
36015
35980
35532
35677
35686
34932
35024
34450
34889
34777
34308
34244
33531
33860
33654
33726
33613
33001
33305
32797
32553
32369
32102
32000
31543
31506
31478
31117
30924
31089
30834
30395
30309
30027
30128
29631
29661
29672
29853
29462
28957
28741
28604
28368
28350
28011
28026
27502
27581
27992
27034
27325
27100
26558
26650
26229
26132
26124
25996
26493
25800
25423
24762
25045
24495
24114
24431
24426
23768
23972
23612
23325
23429
23183
23082
22535
22501
22170
22084
22088
21856
21915
21462
21646
21096
21254
21313
21181
20666
20661
20138
20410
19884
20076
19712
19622
19130
18962
19050
18893
18595
18580
18744
18663
18303
17864
17512
17405
17106
17584
17841
17298
17410
17321
17099
17425
17101
17192
16617
16650
16232
16241
16345
15819
15781
15448
15852
15372
15580
15636
15099
14981
15012
15080
14948
14344
14536
14365
14316
14199
13990
13562
13730
13737
13645
13926
13490
13476
13719
13277
13148
13344
13285
13163
12973
12771
12982
12882
12488
12279
12668
12087
12334
12202
12206
12002
11681
11756
11464
12002
11563
11428
11313
11239
11330
11274
11055
10923
10752
10951
10983
10628
10612
10377
10520
10282
10336
10322
10234
10314
10447
10089
10261
9942
9898
9986
9748
9887
9262
9814
9592
9479
9003
9392
9526
9403
9229
9402
9229
8865
9046
9513
8914
9102
8642
8794
8782
8666
8477
8750
8374
8476
8737
8789
8330
8228
8259
8276
8319
8315
7871
8122
8267
8521
8162
8060
8260
8119
8180
7969
7834
7852
7588
7517
7555
7450
7694
7358
7700
7742
7848
7566
7285
7637
7137
7601
7330
7273
7159
7179
7443
7332
7465
7308
7072
6913
7127
7140
7069
7255
7158
6854
7113
6810
7036
7110
6874
6771
6585
6941
6898
6771
6791
6586
6599
6781
6794
6513
6745
6720
6436
6785
6508
6803
6613
6324
6300
6433
6255
6352
6361
6189
6550
6678
6137
6172
6055
6276
6321
6414
5983
6006
6103
6140
6149
6148
5855
5982
5738
6127
6078
5814
6107
6267
6054
6208
5981
6349
6100
6144
5992
5890
5835
5941
5855
5958
5862
5973
5668
5842
5917
6179
5560
5793
5904
5696
5744
5561
5920
5399
5812
5660
5396
5766
5290
5457
5861
5742
5562
5557
5605
5407
5734
5622
5691
5739
5293
5576
5551
5287
5493
5505
5702
5505
5349
5408
5171
5264
5653
5223
5170
5467
5364
5378
5317
5236
5086
5132
5322
5255
5266
5439
5099
5414
5229
5347
5110
5390
5303
5221
5112
5459
5122
5503
5239
5355
5169
5409
5154
5219
5198
5118
4931
5476
5062
5256
5178
5003
5134
5386
5038
5063
4955
5166
5130
5101
5296
4920
4955
5640
5314
4955
4872
5234
5097
5206
5052
5019
5121
5431
4949
4648
5003
5143
4960
4656
4891
5291
4983
4969
4821
4834
4856
5046
4874
4900
4893
4946
4889
4790
4825
5024
4994
5020
4853
4996
4734
4722
4756
4897
5027
5082
4863
5132
4634
4754
4953
4615
4738
4956
4867
5148
4875
5140
5044
4635
4742
5119
4722
4620
4874
5009
4492
4892
4702
4731
4826
4887
5025
4816
4640
4710
5027
4843
4667
4681
4883
4820
4903
4871
4701
4795
4759
4733
4320
4637
5313
4654
4871
4678
4612
4754
4551
4728
4754
4843
4731
4662
4772
4599
4826
4719
4704
4886
4479
4875
4657
4654
4626
4906
4694
4706
4612
4639
4587
4969
4853
4437
4409
4601
4897
4710
4758
4518
4750
4469
4434
4410
4566
4721
4710
4547
4563
4498
4617
4369
4730
4606
4693
4382
4521
4491
4518
4539
4548
4898
4406
4724
4547
4661
4294
4804
4374
4685
4330
4498
4746
4810
4445
4695
4090
4681
4247
4907
4620
4542
4545
4566
4389
4328
4609
4599
4488
4336
4508
4570
4485
4712
4499
4431
4339
4463
4718
4145
4410
4365
4550
4095
4411
4390
4605
4336
4465
4302
4605
4309
4399
4504
4633
4326
4335
