8928
9018
8405
8769
8605
9098
8505
8688
8795
8802
8956
8392
8515
8678
8495
9266
8987
8626
8869
9178
8414
8740
8674
8788
9157
8798
9284
8901
8745
9076
9290
8676
8683
8786
8815
9079
8812
9141
8905
9297
9064
9283
9097
9130
9283
8858
9345
8998
9379
9300
9684
9567
9402
9192
9171
9199
9258
8938
9190
9332
9081
9206
9514
9531
9027
9222
9423
8993
9506
9272
9237
9063
9253
9209
9430
9385
9309
9364
9246
9187
9521
9410
9517
9332
9548
9772
9459
9397
9626
9734
9771
9900
9970
9493
9708
9873
9445
9736
10092
9482
9686
9363
9992
9565
9904
10022
9709
10033
9644
9713
10076
9672
10383
10037
9947
9902
9792
10406
10490
10147
10032
10084
9842
10219
10221
10140
10657
10145
9964
10332
9914
10080
10129
9976
10308
10222
10404
10321
10376
10199
10343
10555
10166
10282
10490
10559
10410
10393
10312
10503
10637
10357
10717
10452
10249
10434
10674
10572
10855
10690
10943
10409
10436
10634
10282
10645
11302
10517
11002
10356
10566
10642
10827
10593
10675
10552
10820
11115
11009
10940
11070
11361
11158
11042
11047
11083
11108
10695
11337
11163
11255
11133
11243
11094
10847
11019
10902
11132
11179
11355
10726
10925
11261
11250
11190
10987
11402
11255
11597
10946
11162
11135
11571
11397
11357
11107
11562
11242
11457
11293
11715
11625
11679
11104
11722
11656
11375
11592
11317
11771
11479
11414
11816
11764
11778
11861
11727
11605
11792
11651
12453
11796
11563
11508
11900
11970
12167
12113
11769
12443
11628
12130
12010
12140
11930
12122
12107
11829
12427
11894
11982
12022
12102
12264
11868
12318
12024
12262
12341
12809
12417
12466
12713
12685
12178
12614
12605
12201
12305
12643
12360
12416
12801
12141
12500
12257
12518
12655
12254
12445
12263
11850
12488
12547
12797
12259
12500
12606
12734
12903
12499
12950
12708
12578
12545
12650
12569
12864
12904
12995
12883
13564
13232
12826
12953
13019
13322
12966
13268
13172
13623
12710
13105
13153
13382
13076
13600
13254
13330
13386
13420
13130
12821
13192
13288
13568
13261
13259
13428
13201
13731
13320
13673
13162
13511
13220
13593
13279
13386
13633
12825
13185
13338
13077
13838
13440
13474
13787
13629
14010
13508
13725
13768
13418
13933
13741
13764
13697
13634
13802
13757
13837
14284
14266
13995
13781
14037
13733
14116
14190
13749
14117
13936
13981
14111
14260
14302
14105
14293
14102
14202
14364
14043
14214
14430
14277
14829
14391
14517
14388
14709
14578
14558
14569
14634
14604
14692
14756
14496
14948
14897
14862
15182
14916
14850
14803
15051
14898
14825
15008
15126
15331
15173
15141
15079
14952
15105
14633
15046
15258
15343
15269
15201
15167
15231
15161
15195
15250
15308
15113
15270
15131
15339
14977
15463
15466
15284
15556
15517
15832
15537
15493
15460
15481
15628
15819
15805
15513
15995
15784
15588
15986
15822
15755
15917
16146
15695
15874
15818
15658
15984
16147
15638
15943
16172
16097
15890
15932
16340
15968
16356
15739
16301
16367
16202
16036
16308
16087
16312
16389
16308
16698
16463
16366
16410
16544
16738
16512
16496
16626
16440
16849
16302
16597
16878
16628
16565
16366
16391
16487
16646
17001
16722
17078
16589
16576
16996
17081
16685
16874
17251
16891
16830
16961
17065
17325
16909
17146
17019
17273
17446
17460
17177
17223
17050
17349
17274
17370
17208
17790
17615
17565
17654
17530
17606
17119
17492
17343
17544
17387
17804
18124
17878
17778
17935
17733
18092
18108
17816
18113
17380
17762
18004
18141
18006
18203
18408
17539
18052
17820
18101
18088
18303
17965
17684
18563
18820
18132
18114
18390
18137
18073
18351
18233
18216
18463
18484
18964
18379
18372
18481
18690
18430
18409
18373
18444
18937
18671
18679
18660
18525
18790
18735
18946
18680
18854
19020
19413
19111
18889
18951
19065
19119
18910
18880
19062
18752
19493
19165
19497
19221
19783
19640
19224
19160
19372
18988
19272
19525
19177
19057
18822
18676
18891
19674
18774
19106
19227
19356
19929
19634
19716
19299
19912
20168
20148
20264
19862
20026
20253
20484
19671
20233
20125
20080
19870
20218
20394
19972
20322
20410
20238
20569
20915
20502
20279
20568
20548
20538
20175
20906
20122
20589
20793
20837
20474
20453
20965
20634
21163
20692
20573
20582
20554
20590
20780
20992
20525
21040
21034
21003
20821
20953
21132
21032
21172
21154
21508
21521
20875
21249
21395
21128
20841
21032
20698
20813
21147
21108
21146
21130
21065
21709
21573
21594
21575
21196
21762
22034
21927
22136
21620
22278
22080
22235
21937
22101
21686
22040
21697
22068
22242
21844
21700
22187
22100
22406
22040
22123
22053
22150
22200
21880
22052
22152
22805
22029
22207
22575
22734
22715
22880
22758
22809
22744
22948
22728
22656
23047
23032
22961
22570
22812
22801
22696
23092
23028
23796
22762
23238
22940
22876
22628
22957
23176
23018
23396
23322
23814
23286
23222
23532
23450
23581
23730
23942
23252
23485
23061
23629
23354
23557
23101
23915
23618
23830
24312
23698
23605
23341
23862
24114
23483
24282
23924
24052
24149
23897
23882
23971
24131
23965
24177
23846
23585
23925
23792
24133
24027
24206
24017
24795
24281
23897
24331
24026
24677
24620
24606
24524
24230
24315
24936
24383
24419
24298
24837
24732
24332
24117
24572
24889
24708
24832
25076
24989
25047
25211
25277
25050
25252
24704
24932
25101
25098
25673
25901
25181
25586
25094
25906
25520
25898
25693
25380
25412
25633
26258
25887
25398
25428
25233
25805
25516
25624
25612
25887
25451
25673
25722
25903
26095
25951
25972
25865
26041
25841
25691
25748
25210
25386
25561
25194
25576
25450
25148
25637
26176
25787
25882
26304
26141
26198
26222
26335
27136
26619
26164
26912
26764
26904
26788
27405
26552
26852
26840
27181
27170
26591
26968
26925
27033
27112
26796
27024
27163
27131
26836
27085
26950
27050
27050
27491
27451
27214
27234
27245
27194
27446
27030
27276
27615
27712
27593
28171
27564
27819
27569
27744
27341
27281
27396
27478
27432
27700
27408
27692
27896
27994
27674
27938
28475
27828
28180
28425
29173
27929
27675
28123
28771
28117
28148
28350
28568
28397
28660
28218
28244
28500
27986
28246
28408
28554
28650
28708
27946
28170
28471
28468
29133
28776
28373
28998
28720
29249
28602
28972
28677
29240
28674
29132
29259
28861
29563
29888
29220
29226
29056
28980
29035
29444
29615
29418
29404
28901
29037
29133
29325
29952
29536
29494
29218
29593
29669
29735
29425
29712
30400
29892
29659
29856
29700
30003
29662
29145
29581
29407
29452
29141
29606
29402
29597
30535
29907
29985
29917
30616
30616
30320
30420
30712
30764
30347
30265
30586
30516
31032
30765
30816
30578
30820
31043
30606
31148
30677
30701
30491
30512
30401
30872
30533
30332
29937
29915
30252
30022
29430
29930
29989
29957
30674
30441
30756
30740
31081
31677
31757
31608
31265
31561
31613
31548
31365
31448
31080
31437
31205
30749
30171
28873
28589
27348
26511
25305
24123
24326
23384
24233
25040
25935
26644
27978
29236
30591
31267
32206
32556
32456
33094
32917
33130
32688
32473
32605
33130
32560
32912
33096
32392
32840
32977
32885
33176
32687
33072
32797
32925
32826
32773
32622
32631
32213
32506
32420
32201
32599
32289
33026
32605
33166
33172
33242
33101
33668
33572
32836
33524
33266
33070
32897
33274
32835
33487
33275
33419
32906
33112
32565
33398
33060
33489
33142
32930
33280
32770
33596
33541
33140
33188
33159
33451
33274
33643
33441
33578
33261
33905
33530
33305
34318
33819
34039
33876
33844
34005
33363
33577
33464
33704
33990
33637
33659
33686
33288
33508
33508
33802
33601
33976
34140
33936
34130
33924
34150
33716
34245
33528
34125
34522
34368
33990
34341
34764
34826
35092
35196
34698
34413
35072
35270
35177
34921
35200
34772
34891
34565
34969
34954
35124
35460
35178
35674
35401
35112
35372
35728
35831
35227
35436
35004
36144
35593
35624
34865
35220
34110
34293
33562
33117
32661
32936
32686
33040
33732
33984
34466
35709
35378
36100
35220
35681
35905
35858
35194
35837
35468
36480
36298
36012
36228
35725
35915
36541
36505
35765
35944
36283
36397
36294
36493
36134
36122
35901
36172
36209
36175
36590
36250
36557
35942
35549
36212
36096
36237
36121
36320
36074
36484
35704
36352
36269
36141
36644
36728
36791
36708
36667
36814
36703
36470
37036
36501
36842
36835
37093
36868
37402
36788
37358
37028
36789
36536
37095
36625
36798
37153
37229
37050
37376
36658
37022
37057
37290
36686
36619
37285
37547
37084
37441
37216
37204
37488
37577
36510
37321
37494
37778
37878
37271
37322
37602
37785
37440
37524
37930
37734
37718
37944
37664
37708
38094
37668
37984
37412
38216
37849
38122
37125
37490
37654
38312
38076
38090
37658
37899
38114
37675
38173
38004
38068
37894
38132
37945
38834
38520
38436
37936
38390
38638
38603
38160
38280
38021
38449
38516
38133
38065
38336
38221
38620
38301
38342
38216
39078
38914
38022
38228
38738
38426
38648
38466
38649
38568
38195
38644
38684
38554
38879
38651
38692
38436
38756
38426
37997
38109
37364
37676
37716
37738
37218
37768
37976
38812
38516
38890
39076
39100
38960
38580
38890
38520
38845
38616
38661
38507
38600
38982
38427
38408
37836
38040
37814
37940
37869
38220
37949
38684
38854
38476
39016
38894
38976
38773
38783
38818
38980
39168
39405
39208
39501
39193
39508
38996
39552
39533
39325
39337
38957
39736
39354
39274
39010
39332
39518
39275
39572
39459
39300
39226
38845
39133
39340
39507
39325
39270
39702
39626
39366
39323
39605
39828
39195
39432
39517
40022
39277
39384
39386
39540
39466
39563
39337
39868
39598
39142
39771
39713
39168
39305
39515
39488
39508
39432
39478
39298
39897
39657
39574
39557
39535
39756
39913
39680
39246
39450
39979
39389
39892
39855
39490
39894
39985
39724
39478
40423
39658
39554
39261
40168
40259
40192
39398
39787
39840
39632
40232
39944
40048
39660
39562
39896
39552
40068
39540
39907
39816
40343
39397
39890
39078
39682
39981
39844
39709
39964
39385
40085
40118
39736
39664
39776
39789
39453
39886
39898
39870
40079
40132
39575
39849
40336
40203
39608
39434
39556
39700
39671
39602
39669
39903
39612
39812
39762
39403
39476
39813
39477
39934
39745
39402
39205
39617
40066
39810
40232
39780
39131
39863
39774
39282
39572
39428
39897
39364
40212
39591
39767
39978
39733
39837
39892
40340
39765
39456
40020
39525
40306
39469
39786
39812
40250
39376
40100
39953
39772
40220
40081
39716
39650
39780
40169
39782
40066
40206
39896
40326
39993
40265
39908
40040
39636
39066
39178
38667
38536
38633
38335
38026
38619
38844
39200
39370
40010
39748
40561
39522
39940
39570
39661
39424
39872
39996
40192
39994
40096
39480
39381
40040
39304
39300
39343
39193
39344
39332
39544
39736
39104
38946
39428
39197
39040
39637
39188
39140
39244
39300
39871
39290
38985
38693
39424
39022
39516
39601
39748
39062
38783
39177
39777
39382
39145
39069
39228
39390
39140
39797
38983
39605
38730
39540
39126
39001
39302
38996
38778
39266
39212
39089
38964
39188
39099
38714
38706
38484
39040
38962
38726
38903
39072
38740
38872
38373
38683
38920
38976
38783
38555
38565
38646
38772
38443
38678
38504
38673
38773
38697
38766
38967
38626
38125
38704
38340
38553
38404
38196
38568
38298
38722
38873
37914
38632
38381
38506
37654
38203
38250
37990
37865
38581
38051
37965
38042
37615
37924
38536
37981
37893
38427
37933
37713
38132
37460
37700
37738
38028
37940
38868
37781
38345
37659
37638
37844
37773
37355
37231
38058
37224
37307
37658
37928
37904
37352
37898
37516
37832
37138
37252
37649
37942
37401
37776
37272
37430
37188
37339
36946
37540
37152
36566
36982
36969
37074
37751
36738
36864
36864
37397
36626
36883
37003
36969
37580
36674
36120
36470
36735
36512
36806
36035
36973
36580
36317
36234
36772
36180
35925
36132
36556
36386
35816
36070
36509
35780
36242
35684
35968
36010
35483
36517
35944
35589
35649
36335
35217
36096
35460
35577
35565
35753
35186
35131
35012
35000
34916
34708
34868
34293
35156
34948
34712
35214
34684
35474
35122
35228
34966
35096
35229
34626
34374
34740
34781
34902
34340
34618
34433
34049
34269
34122
33921
33957
34168
33745
34223
33837
34090
33928
33899
34128
33381
33717
34169
34356
33488
33556
33221
33098
33584
33184
33177
33541
32986
33519
33134
33239
32887
33225
33402
33280
33210
32898
33016
32792
32554
33389
32708
33174
32888
32914
33001
32468
32276
32120
32012
32564
32190
32082
32066
32080
32128
31913
31750
31857
31476
31835
31727
31723
31190
31757
31433
31408
30957
31242
31424
31364
31378
31432
31464
31002
31210
30948
30690
30179
30114
29769
29137
29792
29608
29881
30026
29850
30151
30117
29787
30340
30338
30831
30392
30151
30345
29681
29979
30175
29763
29772
30311
29477
29668
29694
29608
29667
29245
29115
29253
28789
28992
29195
28699
28993
28902
29131
28458
28218
28558
28881
28714
28324
27916
28376
28116
27913
28104
28306
27641
27784
27992
27814
28054
27540
27612
27581
27933
27221
27485
27042
27314
27448
27195
27944
27373
26862
26669
26506
26383
25964
26072
26018
26177
26359
26538
26410
26274
26093
25944
25988
26078
25894
26088
25920
25866
25316
25744
25367
25028
25498
25302
25370
25706
25162
25700
25412
24898
25449
25120
25179
24733
25047
24840
24970
24275
24704
24282
24334
24332
24420
24320
24024
24013
24474
23992
24024
23842
23765
23961
23729
24037
23374
23282
23426
23887
23070
23355
23052
23407
23461
22925
23131
22992
22745
22936
23332
22625
22858
22533
22246
22741
22597
22765
22084
22546
22135
22181
22259
21790
21836
21852
21658
21724
21729
21424
21541
21034
21348
21120
21588
21318
21131
20832
21077
20944
21435
20890
21028
20612
20813
20664
20335
20680
20144
20363
20394
20285
19693
20572
20267
20134
19921
19636
20128
19508
19674
19503
19642
19088
19325
19605
19094
19238
19144
19025
19620
19055
18846
18957
18932
18865
18991
18917
18628
18917
18788
19238
18388
18472
18410
18107
17998
18040
17852
17784
17931
17652
17932
17798
17974
17625
17626
17640
17665
17653
17360
17364
17367
17234
17141
17288
16819
17284
17370
16817
16443
16714
16871
16602
16836
16934
16408
16762
16348
16740
16380
16442
16204
16198
15850
16162
15857
15577
15993
15798
15821
15659
16296
16045
15957
16026
15577
15415
15542
15490
15383
15620
15042
15672
15335
15384
15037
14981
15070
15435
15167
14893
15094
14690
15037
14955
14755
14457
14260
14575
14954
14777
14794
14086
14330
14302
14220
14045
14098
13811
14248
13901
14160
13964
13829
13690
13917
13432
13316
13510
13597
13367
13246
13533
13307
13392
13510
13258
13119
13341
12902
13092
13233
12852
13011
12947
12748
13045
12558
12526
12787
12873
12567
12565
12497
12525
12360
12607
12535
12606
12611
12663
12477
12230
12119
12452
12025
12571
12244
12341
11970
11995
12155
12092
11774
11851
12121
11961
11567
11644
11593
11757
11930
11385
11416
12077
11741
11520
11620
11526
11549
11671
11202
11354
11090
11310
11236
11031
10921
10963
11204
11350
10900
10999
11012
11200
10919
10854
10860
10701
10650
10815
10762
10667
10771
10466
10563
10764
10475
10256
10483
10700
10810
10295
10664
10486
10740
10487
10733
10621
10272
10538
10785
10358
10560
10522
10030
10193
10230
10311
10557
10259
10264
9983
9739
9710
10089
9488
9904
10357
10127
9972
10422
10006
9859
10102
10011
9831
9896
9879
10173
9909
10514
10012
10173
9678
10184
10100
9880
10147
9988
10155
10160
10232
10052
9766
9732
10120
9884
10251
9922
9796
9803
10134
9956
9589
9725
9924
9817
10190
10036
9953
10074
9537
9925
9504
10095
10034
9733
9805
9927
9711
9909
9761
9857
9725
9783
9812
9892
9869
9500
9521
9558
9626
9673
9866
9772
9998
10111
9853
10219
10049
9668
9767
9913
9938
10137
10240
10027
10060
10141
9736
9788
9999
10209
10368
9917
10116
10360
10174
9963
9970
10203
10104
10132
10240
10221
10340
10357
10318
10015
10415
10430
10772
10416
10282
10392
10324
10341
10455
10245
10325
10769
10598
10569
10523
10887
10760
10706
10401
10938
10868
10672
10726
10811
10997
10956
10449
10916
10954
11029
11095
11071
10777
11218
11306
11074
10931
11065
11109
11250
11330
10847
11524
11481
11318
11406
11319
11529
11705
11547
11557
11533
12050
11789
11867
12002
11664
12147
11994
11936
11969
12212
11935
12280
12424
12741
12088
12459
12456
12564
12585
12509
12396
12384
12621
12408
12445
12557
12710
12901
12872
12928
12791
12937
13076
12937
12975
12997
13318
13171
12938
13236
13110
13173
13604
13526
13421
13289
13692
13583
13692
13573
13916
13461
13589
13766
13764
14072
13538
14185
13757
13801
14327
13886
14138
14211
14467
14497
14417
14598
14436
14248
14913
14805
14890
14784
14685
14985
14937
15108
15254
15156
15217
15044
15101
15147
14922
15231
15568
15573
15683
15610
15796
15818
15534
16059
15789
15716
15541
15584
15337
15532
15402
14800
15686
15565
15839
15981
16322
16365
16615
16750
16969
16525
16503
16554
17061
17028
16836
17033
16946
16810
16872
17645
17124
17317
17307
17387
17079
17372
17526
17536
17394
17698
17549
18000
17965
17731
17719
18169
18088
17932
17995
18532
18224
17812
18300
18287
18411
18338
18345
18190
18566
18613
18334
18474
18560
18733
18656
18730
18788
18485
18680
18741
19017
18762
18777
19414
19284
18860
18893
19146
19058
18990
19066
19561
18842
19423
19592
19654
20215
19468
19510
19362
19740
19549
19891
19680
19561
19940
19776
19414
19544
19705
19877
20022
20271
20423
20245
19976
19907
20208
20290
20212
20310
20650
20302
20062
20564
20323
20817
20562
20168
20173
20566
20408
20325
20824
20335
20578
20945
20793
20746
20987
20955
20649
20993
20953
21069
20987
20621
21075
20772
20663
21231
20847
20739
21710
20645
21284
20826
21230
21270
21116
20891
21065
21156
21251
21145
20827
21264
21175
20889
20736
21133
21072
21076
21250
20904
21174
21044
21010
20891
20884
21579
21137
20765
21272
21458
21005
20916
21248
21460
21346
20682
20808
21368
21471
21397
21308
21542
21125
21100
21258
21150
21161
21385
20804
21214
21035
21549
21410
21275
21009
21301
21445
21354
20968
20911
20840
20971
21133
21076
20728
21157
21268
20831
21056
20951
21536
20876
21268
20424
21012
20644
20522
20776
20992
20414
20810
20523
21204
20641
20361
20500
20120
20653
20227
19981
19892
20074
20216
20138
19924
20504
20161
20081
19956
20014
19978
19652
19996
19782
20289
19776
19525
19786
19804
19178
19317
19444
19292
19497
19432
19608
19160
19078
19509
19350
19520
20054
19672
19444
19337
19332
19410
19579
19186
19770
19146
19035
19003
19188
18996
19222
18836
18808
18845
18745
19008
18809
18714
18619
18836
18667
18532
18560
18788
18297
18415
18148
18201
18386
18460
17794
18095
17654
17996
17879
17877
17689
17610
18033
17762
17472
17529
17630
17010
17639
17504
17509
17579
16886
17350
17257
17021
16980
16911
16541
16152
16642
16076
16351
16646
16519
16694
16369
16301
16062
16436
16177
16206
15757
15630
15688
15677
15481
15970
15324
15440
15972
15562
15706
15180
15162
15094
15269
15042
14913
14881
15203
14927
15140
14347
14768
14906
14530
14725
14495
14693
14432
14592
14028
14297
14246
14178
14087
13960
13909
13748
14024
13737
13728
13846
13973
13782
13379
13374
13217
13120
13219
13034
13066
13106
12982
13348
12786
13033
12848
12838
12636
12569
12740
12869
12612
13047
12550
12618
12249
12186
12261
11892
11832
11800
11717
11762
11846
11686
11620
11576
11421
11426
10995
11472
11154
11405
11524
11241
11054
11087
10670
10748
10999
10974
10749
10531
10273
10534
10403
10222
10109
10132
10075
10119
9965
10159
10064
9714
10082
10226
9832
10167
9467
9433
9206
9388
9762
9305
9425
9348
9709
9567
9561
9500
9123
9104
9320
9142
9012
8991
8780
8796
8938
8897
8926
9148
8654
8787
8442
8645
8603
8519
8427
8492
8320
8343
8034
8038
8082
8011
8042
8301
8026
8022
8159
8101
7735
8014
7861
8124
7851
7662
8063
7867
7462
7472
7698
7359
7865
7483
7484
7366
7173
7332
7130
7503
7215
7105
6795
7161
7288
7123
6866
6851
6845
7333
7261
6848
6545
6858
6545
6518
6520
6861
6542
6537
6748
6552
6971
6554
6660
6636
6652
6424
6161
6255
6389
6188
5883
6241
6375
6180
6214
6435
5895
5945
6205
6590
5993
6257
5935
6194
5996
5877
5990
5949
5824
5675
5956
6122
5573
5760
5781
5665
5880
5773
5612
5741
5821
6043
5447
5766
5793
5682
5551
5690
5667
5599
5174
5354
5335
5193
5223
5289
5527
5519
5767
5527
5030
5562
5232
5556
5262
5288
5339
5089
5352
5268
5255
5392
5098
4927
5220
5217
5074
5484
5098
4908
4875
4761
4924
5162
5039
5258
4899
4839
5330
5019
4966
4854
4918
5087
4957
4639
4914
4944
4824
5058
4779
5041
4676
4678
4732
4992
4728
4774
4927
4634
5020
4994
4502
4661
4409
4766
4838
4780
4435
4438
4663
4442
4505
4840
4520
4620
4364
4599
4565
4406
4545
4761
4726
4742
4705
4875
4672
4623
4498
4414
4406
4425
4584
4529
4323
4632
4258
4421
4566
4732
4187
4529
4495
4579
4504
4432
4378
4046
4343
4267
4261
4417
4083
4269
4444
4422
4251
4400
4413
4038
4464
4378
4456
4512
4163
4367
4269
4170
4302
4249
4433
4293
3922
4321
4125
4059
4551
4223
4270
4361
4121
4225
4411
3856
4050
3957
4127
4154
4048
4160
3977
4532
4289
4371
4108
4364
4005
4017
4054
4300
4168
4260
4060
4028
4047
4445
4104
4280
4082
3995
3965
4471
3921
4022
4006
3947
4057
4096
3962
4053
3845
4040
3862
3989
4141
3710
3821
4671
4397
3946
4006
4234
4060
4178
4035
3942
4007
4199
3962
3758
4076
4021
4033
3855
3902
4313
4074
3972
4025
4036
3933
4018
4033
4018
3722
3953
3951
3800
3867
3945
3907
4037
3956
4294
3751
3739
3764
3874
3942
4143
4013
4309
3694
3813
3900
3785
3994
3914
3994
4158
4014
4030
4139
3820
4033
4101
3843
3793
4138
4149
3755
3970
3956
3938
3789
3922
4226
3869
3864
3607
3925
3861
3815
3726
4078
4011
4152
4018
3914
3922
3852
3720
3623
3764
4456
3866
4050
3889
3753
3929
3709
3748
3954
4069
3885
3756
3956
3784
3974
3960
3938
4125
3488
3908
4048
3747
4016
3976
3772
4086
3751
3831
3674
4031
4124
3789
3587
3786
4041
3925
3741
3640
3846
3761
3677
3551
3952
4016
3963
3909
3685
3748
3947
3476
3991
3638
3841
3654
3856
3611
3947
3617
3750
3975
3733
4083
3787
3897
3548
4007
3768
3879
3541
3599
3987
3820
3546
3777
3450
3960
3807
4016
3903
4019
3781
3997
3775
3618
3792
3844
3608
3522
3650
3954
3757
3869
3645
3679
3692
3636
4114
3462
3642
3755
3790
3402
3647
3691
3652
3469
3598
3636
3863
3725
3872
3980
3942
3672
3834
