6360
6419
6173
6389
6258
6884
6091
6208
6513
6244
6381
5912
6107
6087
6032
6508
6412
6203
6700
6598
5971
6381
6027
6430
6756
6172
6461
6239
6392
6440
6750
6212
6308
6190
6177
6373
6106
6720
6336
6733
6354
6297
6313
6460
6687
6342
6692
6341
6702
6617
7071
6707
6601
6373
6504
6511
6434
6331
6491
6706
6504
6455
6859
6726
6349
6485
6597
6333
6967
6745
6657
6463
6546
6788
6790
6721
6637
6665
6600
6721
6909
6625
6765
6598
6790
6757
6870
6634
7082
6811
6784
7023
7157
6748
6573
6765
6765
6866
7260
6730
6722
6570
7022
6775
7174
7045
6887
7274
6850
6751
7290
6983
7450
7119
7109
6955
7034
7218
7307
7347
7102
6910
7112
7087
7341
7317
7517
7227
6857
7191
7143
7090
7338
7121
7174
6986
7364
7332
7502
7420
7096
7389
7101
7181
7469
7350
7448
7524
7322
7258
7706
7433
7574
7222
7144
7382
7412
7502
7831
7586
7684
7387
7483
7484
7476
7620
7892
7425
7761
7288
7669
7661
7654
7354
7480
7401
7577
7668
7866
7558
7397
7897
7806
7615
7633
8126
7641
7518
7992
7854
7943
7667
7862
7706
7545
7777
7754
7885
7924
8184
7483
7626
7922
7839
7669
7841
7892
7746
8089
7793
7986
7955
8164
8154
7585
7661
8023
8039
7901
7978
8187
7847
8094
7791
8581
8141
8041
8101
8030
8192
7826
8070
8210
8224
8165
8058
8314
8077
8369
8105
8425
8178
8082
8200
8461
8297
8261
8418
8240
8746
8304
8408
8344
8389
8240
8311
8136
8491
8546
8229
8199
8435
8526
8563
8283
8600
8504
8215
8584
8771
8886
8498
8816
8718
8235
8609
9119
8397
8396
8832
8874
8479
8788
8434
8779
8330
8631
8829
8736
8606
8674
8285
8608
8704
8873
8636
8908
8779
8694
8888
9069
9156
8626
8903
8416
8866
8773
8801
8775
8915
8952
9425
9243
9156
8948
9147
9462
9143
9245
9031
9326
8732
9110
9172
9102
8857
9317
8990
9172
9237
9001
9046
9147
9273
9038
9362
9450
9280
9036
9257
9456
9301
9505
9237
9120
9522
9316
9577
9210
9564
9134
9034
9134
9238
9431
9264
9497
9740
9524
9366
9285
9723
9728
9343
9739
9259
9453
9291
9562
9462
9632
9314
9780
9613
9490
9432
9350
9498
9582
9829
9429
9856
9498
9709
9601
9769
9836
9603
9846
9854
9710
10067
9647
9751
10060
10025
9792
9852
10129
9776
10240
10100
9931
9987
9975
10010
9990
10242
10069
10250
10352
9951
9919
10295
10036
10243
10275
10068
10068
10100
10368
10289
10360
10108
10368
10099
10347
10057
10104
10407
10368
10490
10565
10391
10348
10490
10683
10548
10565
10336
10648
10540
10496
10359
10848
10592
10577
10561
10599
10589
10488
10509
10764
10812
10573
11099
10752
10607
10991
10835
10870
10914
10866
11022
11024
11332
10683
11222
10715
11016
11016
10923
10645
11043
11364
11119
11203
10931
11174
10687
11037
10827
11379
11190
11231
10788
11220
11204
11060
11412
11190
11222
11076
11102
11305
11126
11900
11545
11124
11282
11571
11514
11251
11622
11811
11251
11772
11305
11273
11012
11361
11483
11812
11769
11577
11494
11741
11656
11358
11604
11938
11626
11762
11574
11445
11797
11828
11907
11646
11957
11821
12047
11967
11765
11828
11923
11858
12211
11832
12108
12007
12274
12433
12232
12148
11697
12175
12049
12040
12064
12226
12465
12057
12232
12599
12054
12492
12170
12194
12605
12308
12264
12247
12416
12317
12567
12584
11982
12641
12379
12213
12203
12556
12432
12349
12674
12645
12693
12481
12598
12563
12527
12821
12550
12578
12518
12976
13027
12713
12713
12994
12876
12612
12682
12614
12477
12918
12860
12889
12910
12879
12713
12991
13348
13218
13086
12920
12972
13005
12954
12827
12989
13373
12975
13094
13288
13093
13250
13203
13385
13200
13338
13602
13258
13267
13232
13207
13317
13546
13077
13122
12824
12754
13202
13506
13030
13231
13659
13363
13820
13392
13596
13709
13691
13929
14066
14171
13356
13827
13697
14093
13489
13657
13626
13825
13568
14288
14029
14052
14211
14020
14010
13927
14331
13974
13892
14061
14317
14356
13943
14511
14302
14253
14799
14444
14228
14381
14140
14345
14729
14132
14301
14042
14054
14341
14178
14636
14141
14420
14473
14724
14379
14541
14557
14690
14912
14848
14977
14813
14311
14752
14893
14632
14300
14474
14282
14404
14644
14723
14808
14394
14958
14648
14888
15044
15094
14785
15242
15119
15204
15343
15410
15498
15197
15578
15130
15208
15022
15372
14937
15562
15449
15225
15096
15618
15560
15593
15524
15246
15568
15599
15489
15016
15284
15292
15518
15383
15260
15595
15803
15860
15761
15782
15938
15661
15824
15886
15972
15908
16254
15895
15708
15846
15832
15858
15994
15789
16568
15797
16050
16031
16309
15956
15963
16175
16255
16417
16384
16385
16132
16288
16571
16358
16489
16437
16608
16032
16322
16309
16421
16046
16773
16414
16757
16123
16748
16673
16210
16540
16166
16994
16645
16372
16654
16564
16936
16805
16593
16590
17000
16690
16686
16684
16519
16860
16828
16618
16784
16660
16987
16869
17330
17079
17122
17134
17013
17020
17163
17180
17095
17100
16768
17592
17213
17141
16676
17636
17134
16963
16752
17358
17675
17405
17147
17411
17545
17742
17594
17830
17959
17350
17271
17537
17405
17371
17590
17685
17743
18129
17709
17832
17884
18191
17460
17956
18092
18531
18356
18151
17817
17831
17866
18170
17994
18083
18269
17790
18168
18182
18181
18532
18178
17786
18151
18522
18501
18446
18293
18439
17782
17845
18359
18114
18089
17855
17734
18235
18395
18193
18108
18707
18653
18456
18388
18696
19645
18998
18824
19282
18650
19161
18764
19116
18826
18866
18673
18817
19036
19147
18980
19276
18859
19171
19400
19180
19221
19174
18948
19070
19179
18998
19290
19291
19485
19093
19520
19287
19272
19872
19452
19338
19792
19520
19885
20065
19165
19852
19247
19758
19346
19675
19508
19754
19391
19451
19484
19694
19398
19866
19401
19505
19556
19781
19835
20314
20512
19888
20162
19796
20572
19934
20225
20341
20375
20450
20392
20258
20150
20284
20356
20262
20364
20234
19970
20374
20302
20415
20381
20630
20484
20561
20345
20537
20294
20962
20694
20468
20781
20474
20459
20856
21205
20682
21136
21021
20485
20874
20715
21067
21225
20968
20980
20942
21122
20688
21266
21135
20706
21578
21264
21188
21329
20996
21829
21178
21485
21101
21407
21690
21227
21402
21386
21273
21169
21194
21149
21080
20770
20990
21293
21225
21072
22239
21311
21724
21775
22409
21605
22231
21851
22248
22376
21786
22156
21954
22362
22136
22435
22036
22428
22096
22461
22029
22425
22104
21764
21690
21899
22091
22373
21862
22016
21624
21696
21760
21280
21728
21655
21760
21493
21788
21564
22348
22541
22906
22441
23487
22536
22925
22800
22767
23026
22845
23136
22472
22621
22740
22049
21992
21442
20774
20190
19504
18552
18168
17664
17253
17710
18260
18974
19722
20211
21140
22207
22649
23498
23384
23680
24436
23831
23691
24257
23774
24006
23829
23808
24103
24356
23754
23884
23922
23772
24637
24372
24047
24067
23904
24425
23808
23776
24043
23680
23450
23866
23636
23292
23506
23788
24194
24640
24165
24373
24511
25140
24571
24108
24552
24661
24446
24580
24813
24330
24616
24502
24196
23942
24442
24120
24370
23976
24519
24264
24058
24249
24375
24607
24494
24391
24413
24590
24520
24151
24626
24259
24563
24362
24984
24810
24380
25130
24696
25083
25208
24699
25403
24914
24802
24362
24628
25036
24980
24798
24985
24887
24990
25072
25020
25120
25084
25321
25006
25000
25124
25413
25002
25581
25235
25380
25391
25704
25300
25709
25757
25739
26138
26064
26140
25380
26034
26072
26094
26125
25760
25591
25498
25571
26094
25962
26261
26029
26258
26425
26266
26120
26292
26248
26490
26455
26554
26420
27014
26656
26333
26228
26384
25782
25609
24837
24680
24333
24515
24522
24584
25189
25277
25669
26548
26407
26668
26233
26662
26970
27010
26356
26954
26597
26920
27310
26584
26989
26484
27117
27574
27535
26991
27108
27086
26948
27437
27336
27053
26779
27137
26477
26971
27250
26837
26912
26938
26922
27353
27136
27284
27220
27172
27524
27157
27513
26829
27319
27401
27715
27526
27716
27462
27705
27716
28066
27522
27334
27557
27748
28070
27559
28332
28099
28094
27540
28566
27755
28220
28458
27869
27734
27923
27937
28281
27933
28171
27544
27805
27800
28160
27922
27960
28255
28105
28122
28322
28093
27701
28209
28367
28146
28150
28160
28677
28570
28392
28276
28299
28484
28200
28346
28989
28772
28694
29093
28555
28412
28741
29009
28935
28692
29035
28992
29080
29172
28652
28728
28598
28827
29156
29104
29128
29180
28761
29053
29030
29098
28949
29061
28829
29444
29593
29250
29292
29262
29776
29090
29408
29447
29196
29385
29739
29232
29526
29353
29226
29798
29292
29801
29418
30330
29879
29437
29455
29167
30129
29674
29696
29480
29866
29620
29939
29685
29869
29830
29764
29731
29652
29612
29936
29316
29204
28919
28889
29364
29077
29098
29165
29558
29630
29684
29933
30480
30091
30117
29864
29876
30216
29877
30189
29725
29492
29662
30128
30420
29652
29691
29295
29818
29272
29140
30134
29800
30365
29476
29871
30392
30210
30336
30153
29818
30148
30622
30310
30514
30575
30504
30455
30418
30535
30598
30506
30454
30766
30662
30837
30737
30564
30824
30404
31016
30716
31050
30987
30726
30627
30850
30464
30740
30601
30827
30576
31214
31133
30895
31087
30328
31158
31067
30904
31093
31198
30933
31340
30784
31196
31374
31301
30891
31290
31129
30634
30998
30976
30738
30748
30920
31181
31306
31316
31040
30888
31344
31297
31085
31177
31253
31707
31620
31019
31014
31210
31387
31163
31167
31382
31019
31610
31533
31506
31272
31213
31145
31909
31462
31270
31210
31329
31730
31118
31226
31480
31620
31711
31929
31533
31220
31642
31323
31566
31392
31722
32024
31780
31533
31920
31658
31560
31609
32268
31780
31853
31342
31752
31494
31796
31830
31632
31608
31866
31505
31872
31742
32130
32080
31770
31968
31861
32040
31853
31771
32044
32177
32256
31590
31786
31796
31913
31811
31727
31701
31713
31469
31313
31989
31604
31474
31563
31496
31988
32180
31867
31220
31902
31453
31638
31692
31272
31893
32073
31674
31827
32095
31786
32372
31678
32422
31706
32386
32465
31905
32371
31920
32430
32065
32298
31977
32384
31972
32128
32117
32158
32106
32093
31957
32066
32092
32295
32000
32404
32221
32181
32251
32379
32086
32714
32004
32374
31872
31661
31348
31560
31370
31360
31068
31485
31411
31823
31846
32216
32485
32920
32059
32619
32000
32494
32273
32336
32386
32137
32161
32440
32194
32020
32280
31419
32461
32142
32250
32176
32048
31921
32663
32027
32001
32299
31834
32090
32132
31990
31946
31896
31766
32250
32260
32315
32105
31825
31832
32474
32533
31928
31766
31684
31864
32237
32546
31905
32241
32385
32220
31788
31877
32052
32612
32421
32322
32427
32507
32065
32256
31675
32184
32116
32136
31947
32261
32660
31919
32230
32242
32411
32200
32220
32398
32233
32180
31821
31710
32290
32029
32139
32154
32199
31977
31764
32027
32264
31660
32000
32096
31902
31542
32182
31924
32230
31988
32010
31796
31724
31936
31897
32320
31588
31726
31805
31565
31678
32099
31508
31460
31697
32148
31126
31702
31626
31560
31992
31520
31947
31538
31738
31860
31608
32352
31364
31280
31397
31477
32041
31872
31550
31928
31927
31813
32050
31572
31220
31750
31645
31538
31677
31988
31364
31703
31590
31732
31816
31705
31752
31618
31817
31032
31540
31168
31776
31300
31695
31300
31164
30987
31092
31109
31415
31661
31298
31596
31105
31372
31450
31980
30976
31396
31316
30850
30776
30758
31349
31252
31104
30734
31148
31021
31445
30948
31156
31568
31176
30719
30661
31128
31208
30466
30993
30998
31408
30746
30932
30789
31100
31054
30601
30764
30212
30908
30836
30737
31245
30566
31128
30329
30643
30493
30685
31022
30756
30408
30016
30269
30132
30201
29682
30329
30247
30160
30416
30412
30340
30197
30404
30185
30699
30004
30324
30341
30324
30377
30037
30347
30065
30061
30052
30132
30121
30242
29928
29556
29428
29830
30080
30100
29609
29462
29993
29914
29813
29869
29588
29942
30278
29426
30112
29593
29230
29557
29109
30034
29385
29617
29488
29440
29510
29789
29557
29287
29630
29403
29154
29530
29385
29478
29797
29018
29598
29218
29453
29808
29506
29534
28911
28813
28635
28557
28990
28913
29001
29046
28364
28715
28577
28413
28685
28468
28570
28808
28714
28188
28398
28530
28427
28746
28896
28648
28475
28982
27997
28683
28648
27914
27752
27922
27442
26862
27284
27255
27388
27514
27364
27776
27957
27681
28230
28060
28424
28100
28039
28064
27238
27358
27976
27620
27605
28358
27741
27721
27724
28136
27894
27821
27765
27704
27048
27101
27466
27024
27465
27173
27246
27184
27109
27340
27259
26853
27310
26781
27126
26964
27206
26853
26992
26854
26682
27136
26880
26773
26770
26965
26969
26944
26242
26628
26578
26700
26568
26284
26424
26533
26386
25844
25649
25498
25887
25525
25720
25231
25892
25776
25928
26074
26320
26371
26117
25825
25956
26444
25653
25722
25621
26123
25566
25534
25005
25275
25813
25163
25268
25962
25528
25240
26037
25314
25582
25188
25154
25076
25227
24925
25368
25023
25071
24612
24865
25220
24934
24923
24938
24490
24915
24815
24690
25197
24728
24728
24196
24771
24544
24919
24393
24386
24621
25088
24412
24320
24585
24276
24029
24202
24626
24164
24646
23932
24054
23908
24284
24532
23670
23978
23821
23921
23906
24064
23515
23816
24077
23579
23573
23727
23566
23431
23300
23562
23535
23493
23700
23402
23665
23578
23818
23426
23346
23168
23349
23001
23092
23236
23034
23000
22852
23290
22762
23248
23040
23005
22886
22867
22844
22663
22590
22690
22797
22567
22619
22381
22295
22485
22827
22534
22929
22520
22878
22298
22524
22034
22546
22627
22728
22394
22087
22555
22398
22335
22116
21978
22068
21997
22118
22100
21999
22112
22073
22363
21965
22077
21965
21702
21588
21827
21938
21728
22025
21685
21931
21732
21883
21439
21645
21696
21657
21303
21617
21736
21725
21478
21301
21190
21525
21628
21438
21356
21078
21280
21190
21384
21138
20954
21342
21347
21112
21082
21326
21261
21423
21309
20763
20974
21134
20983
21122
21079
20736
21068
20828
21540
20744
20981
21356
21373
20826
21044
20972
20824
21268
20768
20512
20678
20748
21133
21000
20518
21079
20906
20831
20717
20604
21012
20936
20394
20449
20884
20821
20685
20978
20237
20968
20288
20275
20320
20666
20274
20117
20653
20505
20887
20466
20696
20608
20811
20299
20290
20474
20397
20550
20908
20292
20830
20339
20260
20677
20682
20440
20688
20004
20610
20752
20585
20379
20620
20468
20426
20489
20628
20314
21009
20497
21045
20736
21067
20672
20446
20623
20291
20417
20629
20455
20664
20608
20724
20674
20490
20763
20589
20678
20864
20965
21012
20892
20924
20948
20889
20608
20634
20691
20783
20770
20484
20601
20360
21103
20529
20089
20702
20431
20714
20013
20406
21243
20996
20821
20522
20485
20617
20797
20367
20498
20677
20736
20384
20736
20802
21109
20699
20986
21250
21304
21037
21056
21326
21145
21378
21605
21305
21734
21513
21325
21122
21637
21905
21662
21471
21381
21462
21024
21045
21434
21001
21307
21124
21087
21396
21288
21562
21780
21950
22020
21860
22252
21892
22704
22324
22594
22284
22467
22192
22278
22250
22622
22425
22540
22181
22775
22938
22658
22354
22674
22710
22607
22984
23085
22495
22760
23141
23121
22760
22920
23178
23339
23892
23470
23576
23629
23308
23536
23657
23781
23936
23896
23629
24192
24030
24052
23300
24157
23819
23785
23581
24132
23817
23606
23652
23635
24236
24101
24676
24789
24613
24968
24632
25118
24898
24541
24708
25290
25107
25387
25723
25353
25636
25837
25641
25517
25572
25931
26146
25950
26088
26475
26276
25994
26328
26232
26286
26278
26660
26616
26661
26578
26902
27120
27458
27394
27916
27238
27449
27656
27583
27368
27576
28042
27670
28264
27913
28205
28471
28233
28362
28726
28892
28564
28526
29192
29047
28590
29225
29318
29162
29505
29328
29997
29762
29662
29464
30241
30140
30058
30317
30602
30260
30088
30741
30570
31021
31267
31019
30996
31206
31204
31465
31658
31568
31743
32765
31874
32024
32528
32340
32584
32388
32725
32712
32851
33117
33313
33457
33759
33698
33644
33540
34318
34154
34347
34298
34660
34035
34484
34554
34661
34938
34624
34768
34852
35780
35119
35272
35485
35722
35691
36251
35676
36041
36034
36196
36674
36756
37220
36589
36603
37064
37013
36881
37466
37604
37320
37226
38340
38109
37858
38070
38118
38036
38331
38246
37960
38710
39078
39016
39087
39093
39784
39412
39249
40091
39968
40292
40006
40154
40570
40740
41330
40765
40744
41044
40827
41228
41088
41162
41908
42121
42057
42422
42079
42426
42892
42514
42376
42357
41853
41485
41992
41387
40768
40214
40694
40572
41789
42420
43396
44052
44316
44378
44250
44611
44416
44708
44721
44829
45252
44161
45164
45212
45444
45508
45805
45404
46137
45981
45759
45760
46152
46390
46308
46148
46868
46388
46548
47236
46454
47216
47338
47115
47268
47488
48026
48045
47400
47660
47826
48106
47766
47732
47892
48178
48299
47844
48176
48900
48194
48301
48621
48598
48640
48586
48654
49412
49044
48891
48640
49664
49029
49284
49037
49622
49649
49701
49792
49910
50135
49664
49828
49956
50244
50240
49716
50216
50004
50710
50554
49972
51019
50584
50714
50506
50142
50483
50497
50837
50820
50609
50778
50760
51190
51060
50825
51328
51840
50650
50502
51082
51273
51362
51189
50682
51162
51034
50806
51149
51611
51193
51360
51540
51738
51956
52288
51564
51726
51694
52452
51620
51496
51590
51764
51822
51384
51684
51405
51644
51917
51723
52088
51703
51820
51469
51806
51864
51671
51460
51338
52113
50892
51051
51145
51602
51028
51353
51092
51311
51234
51429
51144
50650
50969
50980
51098
51167
51396
50964
50938
51044
50952
51205
51341
51156
51111
50863
51146
50671
50752
50741
50556
51063
50725
50272
50628
50538
50438
50436
49901
50152
50196
50252
50285
49752
49672
50282
50250
49883
50022
49664
49445
49260
49558
49437
49536
49129
49218
48837
49116
49408
49674
48960
48982
48281
48553
48163
47684
47660
48148
47595
48030
48045
48491
47812
47403
47128
47144
46561
46564
45894
46052
45876
45640
46117
46135
46450
46498
46214
46034
45876
45908
45844
45440
45021
45504
45312
44846
44109
43965
43432
43967
43152
43078
43022
43368
42980
43029
43614
43892
43266
43764
43927
43253
43268
42953
42968
42542
43156
42478
43172
42548
42404
42068
42060
41588
42048
41437
41664
41570
41088
41299
41122
41404
40524
40669
40674
40384
39556
40582
39738
40064
39668
39448
39245
39761
38501
39220
38570
38710
38436
38157
38026
37904
37908
37533
37266
37323
37136
37222
37126
36932
36780
36370
35630
36344
35672
35797
35146
35397
34783
34026
34154
33388
34116
33911
33897
34034
33946
33428
33435
33804
33562
32635
32708
31966
31695
31801
31140
31469
31397
32026
31884
31533
31286
31056
30609
30664
30316
30538
30448
29844
30128
29824
29706
29327
29829
29191
29085
29277
28498
28471
28500
28117
27824
28192
27564
27501
27604
27306
27293
27021
26789
26555
26331
26520
26470
25969
25468
25339
25738
25192
25132
25162
25489
24646
24714
24844
24394
24431
23944
24198
23748
23524
23854
23689
23088
23957
23130
22955
22370
22596
22329
21852
21890
21729
21400
21377
21214
21410
20600
20832
21060
20389
20378
20108
19886
19958
20132
19933
19616
19617
19423
19077
18966
18917
18865
18464
18262
18484
18453
18255
17959
17694
17616
17405
17188
16994
16925
16983
16980
17293
16696
16772
16041
15744
15837
15970
16273
15645
16215
15789
15839
15761
15381
15812
15117
14954
15247
14956
14805
14651
14620
14506
14728
14585
14526
14596
14195
13888
13750
13768
13821
13549
13475
13312
13348
13228
12918
12776
13003
12820
12900
13017
12547
12860
13025
12465
12281
12369
12134
12377
11990
11773
11876
11808
11757
11616
11889
11284
12049
11586
11422
11176
11357
11375
11156
11236
10820
11055
10536
10613
10792
10664
10504
10353
10242
10716
10645
10132
10157
10298
10118
10028
10013
9980
9938
9844
9780
9551
10071
9593
9562
9822
9484
9339
9218
9310
9157
8981
8850
9087
9313
9199
8770
9068
8760
8760
8755
8977
8708
8763
8345
8577
8357
8381
8345
8581
8367
8188
8256
8325
8063
8125
7981
7908
8103
7863
7773
7906
7959
8257
7726
7860
7996
7974
7687
7665
7637
7583
7478
7439
7404
7332
7305
7207
7355
7415
7731
7235
7230
7386
6802
7443
7188
7153
7031
6868
7144
6943
7109
7173
6966
6572
6761
6901
6794
7039
7074
6723
6701
6405
6934
6738
6620
6912
6436
6863
6759
6625
6505
6345
6401
6731
6425
6204
6591
6509
6312
6536
6368
6598
6422
6148
6074
6457
6133
6118
6315
5915
6299
6616
6267
6104
5975
6232
6288
6192
5985
5792
5944
5886
5992
6128
5828
5993
5704
6027
5909
5744
5747
6036
5968
5995
5791
6495
5883
5944
5869
5646
5750
5935
5963
5732
5824
5783
5419
5650
5726
6035
5417
5710
5605
5546
5671
5582
5597
5412
5774
5585
5299
5361
5149
5377
5499
5560
5182
5513
5395
5160
5432
5581
5506
5378
5199
5507
5546
5198
5198
5417
5588
5488
5154
5351
5065
4994
5439
5010
5192
5460
5276
5301
5381
5122
5196
5125
5272
5303
5222
5320
5189
5481
5359
5371
5023
5217
5172
4967
5052
5263
5077
5314
5075
5234
4804
5462
5032
5306
5124
5059
4934
5425
4947
5110
5251
4744
4964
5070
4934
5097
4773
4977
4996
4999
5198
4786
4782
5447
5217
4798
4957
5062
4998
5170
4900
4811
4979
5281
4808
4541
5031
5084
4882
4825
4829
5096
4825
4929
4719
4745
4863
4959
4838
4772
4674
4905
4798
4608
4816
4857
4803
4866
4756
5062
4622
4591
4644
4674
4767
5037
4889
5008
4672
4476
4647
4634
4683
4937
4719
4860
4781
5035
5037
4667
4661
5231
4658
4622
4952
4972
4556
4812
4642
4774
4574
4836
4805
4776
4547
4486
4881
4827
4763
4527
4918
4630
4794
4669
4597
4641
4618
4497
4429
4618
5296
4616
4813
4509
4626
4653
4564
4566
4540
4704
4575
4410
4672
4590
4816
4824
4592
4925
4318
4608
4526
4506
4605
4594
4510
4699
4606
4561
4684
4808
4936
4559
4251
4486
4615
4556
4510
4224
4564
4360
4096
4262
4685
4613
4475
4595
4428
4465
4673
4400
4760
4540
4602
4379
4516
4339
4482
4515
4488
4698
4272
4897
4288
4578
4227
4674
4559
4441
4190
4422
4637
4753
4171
4618
4212
4558
4396
4697
4470
4620
4349
4621
4130
4231
4312
4433
4276
4042
4311
4613
4487
4529
4362
4388
4421
4324
4784
4034
4534
4328
4331
4059
4198
4215
4528
4294
4237
4192
4446
4182
4456
4328
4490
4358
4563
