5559
5541
5233
5296
5134
5828
5108
5263
5262
5059
5396
5014
5109
5045
5200
5453
5460
5159
5587
5668
4903
5105
5228
5264
5566
5261
5323
5168
5152
5508
5415
5182
5093
5058
5229
5336
5247
5578
5300
5491
5376
5311
5305
5366
5694
5153
5609
5303
5431
5489
5939
5566
5665
5456
5348
5325
5267
5170
5520
5721
5313
5346
5636
5733
5480
5413
5414
5126
5578
5659
5633
5204
5389
5593
5595
5594
5299
5517
5414
5438
5844
5637
5564
5438
5652
5688
5691
5310
5835
5802
5667
5933
5824
5652
5509
5652
5469
5746
5960
5509
5812
5502
5894
5598
5798
5933
5666
5874
5420
5575
5808
5612
6230
5936
5606
5742
5578
6034
6151
6020
5893
5821
5610
5808
6023
5949
6229
5871
5704
5877
5734
5683
6045
5851
5791
5767
6257
6107
5983
5705
5916
5984
5925
5939
6284
6084
6162
6202
5965
5885
6115
6002
6276
6116
5895
5896
6202
6217
6481
6055
6536
6274
6089
6129
6185
6095
6481
6097
6343
6026
5949
6178
6117
5904
6098
5899
6274
6389
6341
6190
6106
6448
6354
6267
6350
6411
6394
6145
6564
6386
6502
6282
6438
6339
6065
6413
6205
6359
6364
6485
5877
6111
6762
6244
6306
6310
6398
6428
6629
6388
6456
6423
6619
6544
6287
6195
6511
6288
6522
6413
6557
6479
6685
6455
6952
6627
6534
6383
6444
6840
6137
6405
6754
6797
6587
6449
6382
6447
6773
6667
6967
6569
6666
6671
6785
6603
6657
6778
6709
6870
6637
6893
6689
6834
6710
6756
6714
6684
6846
6706
6544
7018
6594
7081
6491
6982
6710
6760
6879
7224
7033
6850
7019
7034
6489
6580
7199
6809
6891
7170
7037
6849
7129
6645
7145
6765
6825
7063
6883
6737
6864
6615
6884
7215
7359
7019
7012
7131
6974
7315
7060
7177
6758
7098
6932
7208
7074
7147
7218
7144
7173
7541
7449
7136
7012
7477
7296
7247
7594
7153
7449
6880
7318
7256
7378
7302
7714
7254
7144
7563
7468
7215
7179
7284
7362
7476
7261
7414
7546
7305
7680
7437
7711
7180
7496
7311
7446
7413
7733
7630
7318
7460
7546
7419
7674
7321
7561
7830
7613
7759
7374
7798
7624
7185
7693
7461
7775
7551
7748
7629
7510
7445
7520
7684
7522
7690
7709
7618
7736
7712
7377
7638
7544
7901
7627
7826
7792
7541
7904
7860
7792
7727
7634
7824
8181
7658
7933
7863
7882
7753
7963
8165
7922
8040
8151
7914
8175
8327
7946
8231
8225
7891
8258
8276
8118
8122
8388
8171
7924
8294
8351
8211
8172
8387
8245
8175
8168
7933
8322
8247
8012
8383
8361
8273
8310
8316
8437
8255
8271
8081
8476
8227
8350
8295
8461
8561
8392
8455
8370
8450
8557
8512
8492
8491
8395
8893
8431
8300
8680
8241
8507
8690
8622
8630
8556
8888
8681
8898
8640
8779
8787
8877
8535
8817
8973
8782
9035
8632
8954
8536
8500
8514
8733
9029
8804
8628
9030
8788
8758
8966
8866
8907
8747
8684
8957
8849
9233
9148
8839
8661
8992
9012
8852
8997
9210
8939
9021
9010
8937
8797
9006
8948
9133
9234
9192
9026
9385
9291
9113
9064
9289
9151
9280
8999
9007
9338
9283
9163
9305
9400
9328
9473
9359
9415
9134
9522
9266
9573
9216
9792
9321
9677
9797
9569
9675
9274
9767
9301
9205
9403
9569
9821
9346
9466
9766
9550
9714
9733
9773
9887
9379
9613
9846
9656
9536
10040
9856
9470
9659
9654
9533
9661
9870
9633
9639
9852
10162
9961
9704
10109
10093
9821
10347
9675
9720
9948
10160
10186
9971
9933
10043
9912
10006
9737
9906
9805
10130
9908
9915
9956
10061
9922
10107
10472
9977
10270
10207
10029
10116
10175
10184
10260
10242
10119
10292
10420
10155
10625
10225
10522
10098
10417
10601
10324
10136
10218
10073
10508
10322
10150
10282
9932
10020
10123
10532
9764
10250
10568
10598
10662
10397
10654
10376
10824
11034
11032
11046
10722
10752
10624
11009
10292
10516
10609
10874
10734
10790
10710
10697
11240
10998
10861
11063
10797
10789
10850
11027
10706
10922
10774
10993
10862
10718
11274
11140
10724
10914
11249
11030
11261
11168
11029
10978
10955
10819
11064
11387
10936
10951
11297
11227
11110
11472
11538
11512
11356
11444
11760
11388
11031
11468
11699
11290
10922
11154
10997
10947
11323
11463
11654
11278
11119
11271
11596
11758
11502
11406
11781
11721
11769
11556
11696
12093
11726
11906
11576
11641
11504
11789
11363
11967
11814
11760
11416
12006
11978
12115
11831
11958
11929
12006
12015
11766
12004
11913
12279
11930
11689
12071
12167
11923
11904
12024
12202
12273
11952
12062
12342
12053
12270
12178
11976
12262
12212
11999
12333
12149
12347
12262
12531
12362
12384
12086
12032
12377
12196
12648
12271
12557
12467
12526
12706
12599
12680
12348
12843
12536
12296
12250
12730
12416
12550
12379
12740
12276
12837
12779
12541
12601
12285
12754
12663
12275
12712
12713
13115
12826
12738
12877
13011
12624
12667
13133
13038
12814
12661
12857
12571
12693
12841
12593
13278
12740
12436
13133
13097
13478
12952
13072
13157
12736
12668
13482
12774
13129
12912
13416
13243
13305
12889
13348
13449
13519
13040
13156
13371
13908
13228
13490
13852
13303
13058
13189
13579
13145
13577
13336
13435
13957
13476
13581
13630
13884
13464
13729
13961
14268
14251
13718
13582
13418
13435
13773
13620
13667
13845
13620
13917
13773
14094
13722
13966
13644
14179
13722
14296
13796
13894
13863
13505
13800
13976
13725
13734
13610
13359
13687
13918
14094
13669
14022
14136
14181
13947
14248
14614
14378
14093
14421
14386
14584
14204
14877
14462
14362
14429
14259
14052
14130
14464
14722
14448
14160
14714
14617
14478
14436
14362
14513
14437
14580
14140
14557
14646
14594
14594
14360
14514
14812
14290
14627
14926
14785
14820
15133
14585
14836
14459
14468
14749
14794
14525
14607
14752
14886
14771
14973
14772
14934
14714
14912
15048
14881
14773
15694
15132
14909
15334
14829
15573
15008
15013
15176
15558
15402
15274
14897
14848
15020
15241
15108
14982
15094
15157
15357
14880
14985
15317
15428
15655
15210
15409
15504
15443
15789
15339
15520
15389
15236
15456
15555
16056
15467
15789
16218
15492
15566
15604
15786
15576
15235
15945
15425
16040
15626
15858
15708
15464
16250
15746
16076
15668
15981
16118
15905
15781
15909
16078
16193
15850
16390
16129
16426
16013
15975
15631
15927
15689
15653
15709
16136
15750
16746
16116
15823
16566
16820
16397
16460
16409
16696
16377
16294
16425
16453
16496
16776
16750
16512
16659
16297
16890
16611
16814
16189
16441
16505
16496
16397
16613
16643
16258
16009
15872
16237
15885
16055
15860
16127
16403
16548
16040
16632
16728
16562
16896
17227
16740
16970
16849
17188
16947
16857
17200
16669
17059
16966
16562
16369
16013
15531
14703
14772
13918
13476
13079
12888
12941
13913
13914
14570
15009
15727
16471
16647
18083
17673
17545
18159
17806
17756
17910
17570
17550
17792
17728
18081
17922
17762
17675
17784
17361
18188
17700
17766
17687
17796
17883
17676
18048
17594
17624
17466
17411
17450
17526
17961
17402
17664
17937
17775
17993
17668
18192
18182
17839
18156
18308
17952
17836
18072
18029
17870
17820
18031
17701
18004
17832
17977
17756
17857
18007
17642
18055
17877
18560
18011
18184
18052
17874
18056
17954
18434
18157
18252
17992
18381
17926
18155
18568
18230
18547
18536
18355
18762
18245
18310
17984
18132
18388
18523
18470
18292
18186
18395
18182
18510
18056
18608
18535
18742
18350
18295
18701
18634
18698
18235
18774
18776
18892
18868
18816
18964
18897
19315
19108
19196
18845
18881
19177
19107
18944
18907
18707
18960
19012
19180
18987
18868
19646
19154
19442
19058
19211
19258
19508
19168
19348
19259
19101
19577
19287
19314
19460
19620
19034
18788
18073
18024
17774
18081
17518
18077
18345
18699
18671
19383
19644
19725
19323
19221
19674
19746
19174
19792
19812
19972
19869
19667
19660
19489
19645
19962
20181
19852
19726
19808
19917
19802
20057
19692
19633
19524
19888
20018
19944
19904
20032
20084
19733
19748
19553
19637
19649
20096
19883
19602
20264
19978
20046
20150
20013
20249
20304
20300
20545
20029
20274
20179
20148
20283
20008
20362
20253
20547
20096
20522
20139
20736
20348
20337
20474
20268
20301
20320
20307
20596
20524
20313
20396
20396
20292
20528
20283
20523
20452
20394
20853
20804
20320
20664
20660
20695
20505
20521
20496
20840
20813
21158
20387
20765
20830
20662
20869
20913
21012
20712
21310
20660
20466
21018
21249
20664
20900
21295
20658
21156
20864
20544
20812
20613
21258
21320
20907
21066
21114
20578
21162
20837
21553
21159
20849
20984
21121
21192
21211
21227
20921
21284
21001
21273
21301
21294
21362
21571
21208
21210
21347
20928
21455
20925
21326
21540
21837
21721
21125
21187
21540
21645
21394
21462
21408
21508
21455
21830
21852
21272
21334
21487
21322
21612
21603
21585
21363
21287
21053
21085
20813
20922
21186
20794
21000
21614
21552
21646
21429
21530
21892
21620
21796
21636
21569
21508
21969
21064
21717
21308
21826
21301
21105
21504
21149
20740
20795
21310
21421
21788
21559
21928
21684
21564
21770
21737
22054
22016
21828
21771
21992
22100
22365
21919
21908
21639
21951
21892
21842
22038
22097
22106
21897
22604
21915
21895
22010
22149
22097
22080
22149
21925
22045
21709
21995
21878
21974
21999
22195
22518
21915
21929
22117
22199
22043
22285
22162
22270
21798
22138
22156
22108
22262
22476
22004
22212
22108
22218
22149
22292
21605
22470
22272
22322
22550
21946
21882
21570
22408
22070
22081
22381
22087
22260
22441
22316
22165
22020
22603
22620
22491
22368
22022
22549
22232
22196
22060
22588
22357
22564
22303
22344
22394
22311
22635
22065
22324
22166
22473
22528
22581
22517
22115
22443
22074
22452
22409
22635
22607
22521
22365
22642
22356
22277
22511
22548
22620
22598
22483
22392
22370
22461
22678
22085
22413
22339
22093
22501
22732
22551
22215
22681
22634
22029
22616
22196
22322
22502
22682
22756
22662
22888
22357
22812
22515
22554
22486
22434
22374
22476
22292
22045
22429
22144
22456
22330
22346
22452
22096
22244
22539
22501
22431
22273
22552
22751
22615
22706
22788
22578
22629
22540
22893
22649
22990
22880
22776
22825
22503
22896
22197
23066
22505
22819
22474
22484
23204
22872
22744
22582
22692
22738
22299
22468
22517
22784
22929
22669
22441
22568
23019
22606
22440
22462
22556
22327
22203
22036
21760
22091
21771
21706
21655
22453
22394
22625
22664
23301
22160
22737
22636
22702
22882
22397
22753
22824
22600
22644
22666
23078
22651
22426
22688
22784
22713
22367
22570
22397
23060
22509
22353
22380
22477
22616
22309
22621
22669
22772
22326
22804
22548
22526
22127
22405
22588
22457
22760
22358
22336
22522
22123
22784
22563
22167
22312
22771
22910
22061
22098
22399
22656
22786
22439
22770
22923
22629
22612
22384
22445
22465
22344
22873
22081
22832
22767
22121
22444
22345
22525
22090
22212
22377
22280
22367
22018
22352
22401
22468
22437
22506
22226
22598
21957
22233
22304
22260
22683
22260
22115
22558
22357
22382
21796
22161
21908
21898
22248
22330
22376
22336
22362
22500
22100
22517
22372
22132
22071
22219
22100
21816
22158
22474
21889
22595
22093
22074
21721
22323
22134
21374
22534
21609
21634
22024
21675
21965
22316
22016
22302
22183
21825
22212
21942
22053
22292
22170
21884
21988
22066
22198
21707
22238
22092
22025
21738
22056
22123
22040
21733
22116
22146
21994
21874
22080
21665
21374
21420
21937
21786
21824
22009
21665
21571
21868
21835
22395
21985
22021
21499
22101
21501
21856
21777
21706
21577
21682
21209
21482
21664
21622
21636
21373
21524
21516
21600
21359
21367
21744
21013
21606
21547
21471
21176
21258
21151
21240
21272
20936
21300
21146
21096
21076
21378
21238
21088
21701
21157
20966
21285
20936
20938
21145
21087
20707
21132
20928
20832
20585
20608
20722
20843
20690
20739
21013
20593
20904
20809
21170
20804
20885
20811
20695
20580
20702
20768
21292
20837
20945
20794
20502
20742
20434
20414
20597
20609
20379
20724
20376
20395
20436
20520
20522
20266
20297
20537
20904
20140
20407
19824
20109
20025
19949
20525
20396
20238
20461
20172
20280
20009
20480
19920
20192
19741
20103
20263
19870
19816
20436
19813
20158
20148
20093
20025
19949
20069
19778
19419
19903
19380
20048
19434
19757
19976
19613
19540
19345
19217
19908
19522
19466
19684
19302
19220
19272
19419
19674
18993
19601
19564
19094
19764
18932
19435
18896
19030
19023
18989
18844
18074
18239
18608
18577
18406
18796
18718
19009
19108
19597
18867
19430
18987
19023
18902
18804
18836
18772
18744
18507
19264
18679
18797
18560
18956
18587
18617
18977
18408
18300
18150
18568
18481
18295
18097
18477
18196
18158
18002
18380
18278
18086
17974
17984
17752
18027
18045
17972
17734
17915
17965
18024
18024
17944
18092
18109
17805
17386
17850
17561
17561
17888
17496
18036
17748
17862
17035
17044
17029
16858
16873
17058
16728
17138
16908
17173
17309
17242
17262
17329
17217
17174
17164
16933
16948
16429
16996
16876
16297
16710
16758
16912
17070
16749
17032
16936
16454
17083
16633
16520
16523
16747
16730
16216
16433
16464
16400
16319
16340
16373
16200
16292
16223
16089
16251
16208
16393
16207
16502
16303
16184
15744
16117
15821
16364
15564
16066
15818
16026
15478
15563
15930
15836
15670
15725
15930
15709
15784
15124
15183
15200
15705
15802
15496
15453
15173
15012
15524
15301
15124
15222
15397
15219
14820
14732
14840
14913
14871
14982
15115
14960
15030
14792
14944
14914
15183
14464
14946
14658
14878
14678
14626
14652
14418
14611
14097
14508
14159
14454
14458
14338
14350
14255
14177
14197
14239
14033
14205
13761
14079
14041
13854
13931
13918
14001
14342
13942
13885
13827
14071
13614
14118
13942
13986
13646
13451
14328
13611
13908
13541
13521
13513
13268
13505
13264
13381
13401
13399
13443
13473
13300
13216
13274
13145
13176
13242
13268
13119
13125
13053
13183
12920
13066
12998
12824
12812
12762
13196
12962
13251
13124
12526
12967
12809
12766
12747
12617
12587
12759
12571
12774
12402
12461
12754
12485
12556
12565
12660
12721
12538
12623
12463
12275
12475
12544
12304
12418
12198
12565
12466
12505
12042
11957
12506
12552
12146
12076
12148
12344
12068
12043
12040
11868
11919
12114
11903
12132
12189
11751
11974
11844
11767
11700
11815
11887
11882
12015
11805
11655
11698
11549
11725
11382
11384
11323
11473
11442
11306
11350
11365
11583
11721
11516
11475
11685
11154
11318
11394
10887
11077
11464
11107
11629
11047
11139
11108
11478
11223
10962
11185
11533
11309
11323
11328
11131
11274
11298
11220
11139
11026
11135
11114
11625
11155
11217
11037
11172
11230
11205
10830
10975
10996
11172
10917
10939
10956
10849
11019
10826
10909
11099
11251
11269
11241
11409
10846
11191
10961
10827
11053
10714
11038
10736
10584
10745
11138
10715
10527
10958
10763
10784
10536
10550
10828
10785
10704
10587
10870
10748
10768
10339
10537
10680
10882
10774
10764
10741
10805
10769
10557
10794
10844
10826
10799
10914
10570
10876
11397
10692
10833
11177
10905
11081
11205
11143
10969
10831
10870
10983
10759
10545
10782
10530
10756
11092
10797
10703
10950
10826
10727
10914
10950
10944
10816
10985
10946
10943
11288
11428
11416
10905
11265
11430
11178
11344
11423
11135
11389
11501
11239
11361
11670
11395
11365
11645
11601
11174
11109
11624
11653
11362
11242
11195
11581
11816
11869
11841
12022
11470
11850
11469
11804
11819
11662
11594
11996
11893
12010
11413
11949
11676
11618
11513
11636
11933
11322
11596
11526
11844
12089
12136
12096
12168
12314
11953
12192
12175
12079
12271
12127
12065
12297
12776
12339
12851
12587
12591
12472
12830
12721
12916
12645
12680
12912
12882
12939
12864
12755
12909
12976
13247
12974
13183
12855
13183
13082
13419
13126
13481
13489
13420
13442
13453
13396
13620
13764
13645
14110
13820
13974
14054
14006
14073
14424
13848
14138
14061
13974
14528
14299
14586
14621
13858
14406
14421
14735
15008
14613
14648
15096
15115
14966
14813
14928
14829
15173
15076
14730
15310
15393
15210
15618
15369
15374
15616
15618
15806
15632
16427
15895
15804
16159
16042
16416
16306
16367
16402
16459
16084
16481
16782
17030
16967
16964
16822
17149
17332
16973
17085
16920
17052
17426
17378
17121
17566
17354
17717
17303
17652
17638
17824
17824
17940
18142
18108
18282
17963
18060
18300
18453
18719
18785
18736
18738
18618
18998
19006
19156
19150
19019
19067
19233
18965
19652
19242
19421
19092
19567
19661
19826
19817
19961
19712
19980
20203
20349
20304
20532
20900
20620
21016
20858
20603
21106
20918
21069
21199
20891
21245
21093
21342
21372
21032
21359
21718
21810
21510
22101
22086
22041
21883
22410
21915
21708
21494
21760
21621
21206
21160
21268
21502
21748
22117
22525
22957
23088
23153
23232
23714
23397
23260
23394
23522
23972
23257
23612
23912
23518
23896
24303
23980
24494
24061
24322
24264
24205
24587
24619
24363
24770
24693
24658
25579
24943
24900
25256
25451
25376
25198
25728
25430
25401
25540
25435
25882
25676
25154
25627
25876
25673
25396
26112
25932
26143
25691
25893
26180
26030
25967
26425
26585
26043
26206
26534
26880
26382
26644
26582
26680
27174
26628
27292
26812
27163
27173
27110
27206
26906
27197
27072
27056
26962
27157
27239
27008
27844
27544
27612
27307
27574
27350
27649
27866
28164
27821
27858
27913
28348
27940
27931
28056
28204
27741
27828
28328
28537
28066
28427
28138
28418
28100
28192
28133
28516
28100
28603
28661
28676
28676
29270
28975
28605
28901
28909
28960
28474
28722
28650
28458
28566
28891
28507
29002
28858
29230
28920
28913
28750
28681
29069
29032
29093
29149
29141
29036
28613
29283
28621
28509
28516
28944
29067
29073
28788
29032
28916
28701
29062
28966
28590
28890
29074
28918
28975
28811
29072
28874
28744
29157
29118
29070
29240
29157
28864
28847
28792
29206
28696
28800
29006
28700
28740
28649
28480
28683
28930
29076
28730
28500
28666
28804
29147
28910
28560
28490
28944
28428
28422
28340
28362
28900
28514
28170
28581
28714
28566
28136
28595
27862
28016
27632
27752
27995
28248
27860
27908
27838
28452
27290
27493
27301
27599
27509
27284
27041
27354
26960
27033
27168
27060
27404
27140
27427
26806
26669
27204
26463
26768
26747
26534
26906
26253
26309
25912
25711
25634
25993
25577
25884
25794
25517
25640
25747
25902
26001
26315
26574
25656
25479
25856
25968
25680
25553
25221
26011
25556
25230
25332
25174
25072
25078
25157
25110
25412
24948
25040
24725
24932
24622
24405
24788
24532
24388
24348
24246
23901
24394
23869
24039
24334
23626
23461
23574
23457
23322
23664
23199
23460
23553
23245
22978
23236
22936
22905
23268
22691
22941
22662
22457
22059
22418
21973
22085
21866
21686
21226
21362
21357
21278
21460
21190
21428
20983
20859
21014
21424
21163
20831
20804
20044
20137
20249
20249
20314
19976
20386
20724
19830
19851
19712
19853
19810
19616
19462
19558
19191
19997
19264
19235
18793
18918
18452
18964
18786
18608
18572
18270
18212
18140
18393
18195
18108
18036
17814
17668
17413
17962
17096
17532
17308
17657
17021
17094
16669
16998
16653
16884
16442
16674
16342
16263
16640
16104
16445
16307
16197
16034
15913
15979
15843
15393
16205
15530
15314
14794
15033
15150
14800
14779
14701
14612
14540
14606
14612
14324
14046
14394
13860
13702
13988
13748
13769
13819
13529
13433
13533
12992
13304
13269
13207
13088
12992
12750
12778
12808
12832
12681
12304
12296
12323
12104
11944
11938
11626
11738
12056
11904
11883
11062
10965
11075
11292
11497
11166
11401
11284
11281
11282
11170
10966
10683
10791
10965
10942
10757
10479
10350
10321
10288
10427
10347
10649
9951
10310
9918
9840
10018
9858
9630
9548
9515
9483
9205
9139
9114
9293
9291
9463
9280
9327
9476
9256
8701
9040
8849
9228
8610
8709
8929
8497
8488
8366
8548
8138
9023
8504
8328
8371
8051
8012
7975
8195
8089
7952
7580
8034
7975
7653
7785
7594
7455
7931
7714
7440
7397
7467
7496
7194
7213
7235
7346
7172
7216
7054
7553
7053
6900
7072
7022
7201
6525
6927
6749
6667
6406
6788
6884
6707
6843
6932
6566
6350
6683
6905
6383
6628
6307
6483
6417
6311
6279
6440
6167
6015
6173
6503
5798
6064
6208
6050
6097
6028
5735
5919
5956
6248
5914
5962
6064
5874
5732
5847
5585
5630
5442
5568
5758
5389
5457
5481
5426
5681
5785
5446
5206
5583
5207
5534
5371
5394
5359
5246
5610
5327
5592
5470
5148
4976
5278
5123
5173
5394
5277
5057
5317
4890
5118
5221
5052
5195
4867
4991
5098
5038
5036
4843
4879
5366
4949
4840
5164
4831
4734
5066
4720
5149
4917
4676
4672
4984
4703
4805
4822
4551
4910
5035
4723
4569
4616
4651
4948
4788
4539
4550
4617
4652
4517
4697
4340
4431
4412
4443
4414
4388
4613
4707
4388
4661
4453
4919
4634
4610
4448
4547
4157
4409
4616
4335
4225
4613
4101
4419
4356
4442
4030
4460
4480
4252
4286
4386
4304
4086
4362
4318
4019
4185
3887
4237
4219
4250
4005
4179
4340
3889
4255
4196
4177
4130
3998
4217
4184
4060
4133
4274
4456
4101
4037
4068
3919
3930
4168
3957
3993
4182
3928
3844
4212
3810
3916
3954
4106
3897
3985
4115
3933
4260
4052
4177
3950
3916
3823
3813
3898
4286
3938
4018
3871
4010
3826
4298
3886
3971
3845
4026
3653
4248
3803
4139
3999
3610
3777
3945
3863
3719
3657
3868
3869
3847
4118
3684
3752
4353
4144
3623
3772
4078
3882
3953
3779
3739
3913
4229
3799
3479
4037
3964
3812
3565
3639
4046
3919
3861
3665
3816
3755
3849
3799
3836
3743
3689
3869
3510
3719
3842
3812
3904
3731
4027
3538
3606
3665
3658
3974
4071
3760
4026
3481
3522
3638
3505
3618
3935
3692
3910
3598
3712
3947
3627
3695
4116
3727
3601
3848
3787
3557
3931
3597
3738
3615
3639
3807
3590
3635
3380
3729
3805
3511
3568
3928
3769
3805
3687
3553
3734
3582
3574
3400
3521
4284
3633
3712
3406
3621
3637
3493
3674
3686
3676
3672
3589
3658
3686
3832
3673
3461
4011
3280
3738
3478
3559
3611
3687
3632
3699
3608
3558
3705
3862
3799
3523
3333
3423
3751
3534
3716
3439
3620
3639
3251
3358
3609
3641
3731
3614
3584
3563
3743
3496
3685
3469
3548
3427
3597
3418
3467
3441
3588
3563
3453
3805
3597
3716
3256
3892
3501
3608
3290
3350
3664
3701
3399
3580
3184
3704
3423
3757
3536
3693
3462
3741
3494
3369
3503
3611
3490
3279
3503
3740
3658
3553
3576
3581
3280
3459
3849
3270
3600
3409
3608
3197
3434
3458
3526
3231
3465
3245
3605
3356
3627
3370
3648
3438
3460
