8550
8770
8565
8563
8593
9163
8745
8696
8614
8353
8656
8269
8674
8452
8379
8974
8856
8575
9000
9105
8596
8650
8681
8768
9066
8568
8752
8553
8554
8710
8687
8678
8602
8560
8690
8746
8789
9073
8637
9262
8917
8902
9027
8799
9258
8804
9139
8988
9147
9344
9767
9242
9201
9042
9089
9093
9245
8948
9156
9189
9388
9051
9411
9188
9094
9107
8945
8780
9300
9377
9125
8945
9030
9438
9448
9197
9446
9340
9330
9401
9520
9413
9620
9229
9462
9427
9567
9380
9562
9514
9775
9920
9555
9654
9262
9506
9169
9672
9583
9384
9438
9356
10136
9598
9940
10005
9573
10036
9345
9566
9916
9818
10229
9910
9844
9748
9842
10219
10351
10197
9987
10127
9915
9978
10040
10182
10273
10175
9694
10234
9715
9816
10107
9909
9950
10152
10285
10514
10287
9977
10274
10395
10166
10380
10482
10452
10401
10500
10396
10334
10685
10399
10500
10257
10174
10337
10358
10661
10788
10218
10863
10481
10354
10492
10416
10728
11087
10469
10736
10283
10684
10560
10764
10351
10633
10290
10577
10873
10735
10688
10770
10995
10816
10793
10940
11127
10847
10816
11006
10749
11031
10909
10743
10947
10709
11210
11004
11090
11140
11313
10855
10911
11314
11028
11080
10798
11213
11040
11404
10831
10984
11035
11213
11119
10862
11082
11564
11341
11401
11119
11608
11366
11521
11305
11796
11482
11401
11698
11269
11627
11103
11451
11627
11503
11585
11597
11706
11403
11990
11759
11973
11591
11465
11599
11792
11736
11618
12092
11795
12153
11648
12008
11946
11947
11857
11755
11669
11965
12325
11768
12117
11732
11957
12118
11999
12234
11962
12032
12329
12650
12613
12491
12564
12224
11907
12125
12492
12096
12191
12486
12350
12250
12546
12379
12568
12094
12299
12492
12322
12175
12154
12120
12546
12589
12800
12485
12764
12610
12562
12769
12668
12533
12392
12600
12578
12558
12859
12917
12804
12755
12752
13376
13113
12595
12465
12984
13171
13108
12962
13087
13162
12928
13031
12825
12800
12983
13210
13013
12771
13084
13166
12800
12820
12892
12974
13528
13449
13236
13284
13102
13524
13458
13729
13018
13188
13292
13416
13487
13314
13339
12983
13176
13198
13223
13758
13504
13609
13791
13354
13334
13380
13690
13729
12956
13735
13320
13522
13501
13853
13673
13576
13716
13920
13789
13720
13705
14022
13802
13851
13877
13748
13895
13599
14278
13841
13964
14368
14091
14092
14170
14405
14450
13933
14157
14624
13995
14444
14116
14261
14376
14559
14530
14430
14549
14410
14394
14558
14597
14508
14779
15037
14412
14613
14720
14576
14756
14850
14671
14772
15104
14893
15035
15141
14873
14805
14658
14942
14705
14693
14819
14563
14956
14977
15117
15172
15351
15317
15019
14814
15042
15121
15099
15094
14870
15268
15326
15291
15306
15427
15288
15405
15318
15489
15617
15604
15839
15458
15470
15812
15371
15381
15783
15535
15685
15854
15797
15814
15881
15656
15904
15693
16159
15995
15880
16275
15786
16209
15674
16036
15832
16138
15721
16090
16254
16277
15732
16203
15990
15942
16342
15990
16278
16202
16378
16126
16484
16784
16429
16182
16292
16886
16455
16414
16578
16444
16768
16637
16662
16292
16658
16436
16582
16645
17192
16755
16748
17087
16800
16618
16884
17278
16788
17000
16954
16544
16859
16730
17146
17136
17383
17220
17398
17207
17189
16891
17268
16870
17625
16983
17516
17528
17490
17667
17286
17514
17354
17391
17450
17472
17340
17354
17821
17759
17525
17835
17625
17803
17776
17700
18232
17625
17836
17766
18012
17706
17680
18124
17573
18100
17704
17761
17757
17960
18479
17910
18258
18622
18285
17885
18402
18430
18314
18392
18381
17883
18688
18393
18698
18321
18303
18466
18484
18574
18189
18092
18193
18568
18662
18476
18624
18364
18749
18562
19016
18786
18786
18672
18947
18644
18833
18824
18804
19036
18748
19042
19196
18746
19354
18968
19414
19182
19137
19388
19108
19301
19435
19019
19084
19334
18843
18677
18651
18516
18826
19122
18586
19123
19625
19383
19809
19497
19532
19338
19850
20180
20040
19632
19908
19822
19853
20301
19730
19688
20124
20066
19691
20128
20004
19956
20114
20105
20041
20127
20409
20194
20220
20365
20608
20677
20349
20608
20423
20332
20356
20744
20238
20447
20456
20288
21268
20238
20397
20187
20546
20590
21005
21020
20450
20615
20919
21334
20850
20815
20969
21233
21193
21056
21297
20987
21262
21787
21264
20887
20532
20797
20528
21202
21162
20930
21405
21179
21121
21225
21520
21598
21541
21291
21765
21885
22274
21958
21850
22121
22073
22171
21547
21771
21536
21981
21525
22034
22308
22042
22213
22032
22004
22384
21931
21888
22282
22146
22132
21925
22017
22213
22228
22432
22021
22560
22451
22794
22597
22868
22816
22770
22536
22900
22874
23134
23107
22815
22465
22668
22943
22716
23093
22834
23082
22900
22971
23095
23158
22875
22984
23246
23259
23265
23126
23378
23256
23439
23514
23611
23868
23334
23917
22922
23428
23594
23877
23297
23608
23551
23995
23586
23886
23488
23317
23404
23443
23881
24023
23931
23997
23666
23828
23764
23967
23857
24333
23654
23768
24570
24097
24198
24484
24358
24212
23991
24215
24047
24768
24038
24064
24238
24145
24276
24228
24280
24562
24414
24091
24746
24112
24422
24040
24813
24439
24229
24169
24728
24947
24836
24522
25021
24983
25003
24932
25416
25386
24842
24648
25034
24966
24866
25672
25141
25220
25348
25291
25664
25524
25679
25100
25122
25728
25515
25970
25464
25527
25303
25470
25706
25512
25483
25348
25502
25671
25894
25755
25577
26136
25613
25836
26137
26173
26126
25916
25998
24923
25275
25797
25636
25270
25114
25293
25510
25908
25523
25736
25876
26372
26377
26361
26652
26984
26400
26244
27001
26663
26996
26569
27097
26530
26925
26618
26786
26668
26450
26749
27048
26503
26977
26733
27268
27160
26958
27298
26930
27088
27428
27178
27396
27505
27495
27355
27272
26896
27465
27374
27089
27702
27688
27618
27897
27356
28026
27171
27820
27359
27555
27514
27877
27397
27620
27764
27776
27442
27676
27211
27651
28430
28210
27974
28841
28215
28144
28074
27877
29016
28417
28164
28594
28085
28452
28522
28553
28242
28111
27957
28345
28056
28350
28113
28475
28179
28553
28486
28452
28985
28426
28590
28714
28637
29430
28929
28932
28836
28651
28768
29173
29370
29184
28617
29434
29050
29133
28934
28804
29338
29426
29565
29156
29572
29014
29203
29465
29332
29578
29447
28836
29476
29286
29638
29834
29882
29534
29969
29398
29620
29675
30184
29700
29841
29677
29481
29370
29110
29037
29348
29737
29387
30289
30054
30011
30456
30810
30180
30452
30344
30522
30739
30114
30598
30988
30593
30976
31218
30631
30777
30841
30890
31140
31208
30550
30387
30826
30464
30290
30748
30459
30253
30038
30229
30200
29952
29629
29880
30098
29789
30148
30189
30654
30615
31131
31152
31898
31542
31416
31370
31700
31420
31161
31541
30984
31351
31104
30489
29471
29132
28425
27201
26253
25157
24336
23942
23361
23876
24868
25452
26873
28232
29206
30503
31166
32614
32392
33262
33637
33152
32636
33156
32938
32636
32560
32836
33179
33153
32763
32669
32860
32980
33384
32844
32612
32340
32628
32986
32794
32788
32563
32168
32282
31862
32086
32621
31924
32514
33009
32776
32668
33225
33102
33797
33260
33260
33408
33210
33290
33368
33104
33029
33108
32800
32698
32494
32909
32348
32788
32982
33424
33222
32509
33144
32804
33258
33527
33098
33214
32947
33261
33147
33185
33657
33408
33192
33856
33372
33464
34341
33709
33465
33609
33510
33996
33592
33508
33289
33762
33725
33789
33446
33452
33125
33673
33952
34058
33792
33986
34344
34166
34107
33974
34145
33627
34210
33890
34112
34297
34896
34452
34668
34596
34810
35026
34408
34957
34422
34532
35428
35230
34612
34677
34770
35048
34852
35480
34804
34602
34822
35277
35112
34880
35179
35220
35341
35458
35392
35528
35002
35932
35738
35490
35144
34990
34538
33864
33012
33100
32117
32852
32260
32997
33448
34108
34692
35088
35198
35635
35739
34872
35736
35556
34866
35261
35718
36100
35350
35446
35592
35368
35968
36002
36292
35761
36004
36408
35686
36145
36224
35610
35636
35750
35700
35664
36132
35812
36012
36616
35753
36501
36161
35954
35443
35836
36377
35836
36352
35598
36548
36316
36182
36749
36262
36378
36717
36685
36579
36360
36646
36626
36480
36888
36740
36568
36588
36809
36514
37154
36652
36821
36876
36328
36493
36733
36718
36846
36810
36596
36282
36957
36514
36584
36808
36923
37154
36490
37040
37578
36741
37062
37360
36896
36724
36789
36884
37292
37376
37423
37328
37355
37046
37082
37396
37732
37663
37413
37673
37504
36918
37291
37629
37625
37292
37803
37302
37412
37504
37737
37160
37208
37488
38105
37234
37836
37928
37628
37538
37554
37785
37144
37860
37444
37819
37962
37906
37430
37813
38096
37866
37828
37981
37684
38074
38205
38008
37789
37988
37696
38220
37566
37932
37956
38018
38204
38025
37565
38100
38164
38413
38292
38226
38285
38108
37862
38440
37917
38144
38100
38209
38053
38255
37750
37768
37248
36888
37298
36974
36821
37382
37528
37812
37929
37865
38442
38602
38291
38370
37732
38084
38284
38858
38044
37746
38144
37964
37997
38156
38258
37640
37682
37597
37168
36962
37940
38107
38056
38122
38692
38282
38394
38388
38518
38308
38073
38792
38996
38330
38272
38530
38200
38468
38385
38894
38550
38484
38895
38729
38979
38986
38607
38618
38800
38969
38587
38578
39044
38735
38950
38488
38543
38538
38540
38424
38955
39133
39104
38871
38440
38472
39196
38617
38367
39231
38715
38485
38749
38509
38818
38965
39309
38702
39085
38831
38856
38584
38709
38576
38537
38869
38970
38898
38936
38424
38698
39131
39076
38676
39020
38889
38590
39147
38585
38285
38932
39193
39117
38690
39156
38476
39013
39168
38700
38723
39017
39017
39275
39064
38740
38842
38720
38797
38777
39149
38872
38484
38678
39060
39168
38452
38565
38796
38926
39389
38845
39386
39050
38861
38750
38658
38824
38680
38790
39044
38783
38797
39157
38752
38900
38452
38540
38902
38940
38501
38394
38569
38729
38805
38750
39045
38740
39424
39044
38653
38938
39172
39128
39274
38852
38912
38934
38651
38431
38669
38891
38518
38474
38672
38468
38596
39016
38272
38813
38597
38703
38500
38317
38708
38875
38296
38223
38537
38660
38356
38645
38422
38487
39040
38936
39014
38533
38804
38521
38728
38411
38452
38666
38144
38493
38284
38760
38805
38708
38968
39060
38346
38686
38477
38532
37984
39090
38721
38698
38754
38360
38934
38772
38650
38847
38420
38200
37702
37968
37478
37228
37226
37284
37320
37183
37490
37733
38029
38608
38420
38725
37965
38447
38746
38151
38542
38124
38309
38365
38164
38388
37908
38231
38557
37764
38052
38235
37920
37708
38068
37614
38500
38153
37565
37963
37664
37536
37786
37864
38153
38042
37448
38024
37753
37504
37800
37892
37977
37576
38046
37621
37544
37504
37564
37720
37684
37061
37435
37754
37414
37108
37588
37518
37729
37518
37804
37676
37710
37060
37405
37490
37294
37316
37131
37240
37194
37652
37339
37262
37136
37524
37368
37125
37060
36774
37172
37304
36948
36922
37224
36982
37549
36729
36916
37002
36634
36940
36638
36695
36754
36756
36649
36818
36834
37024
36096
36480
36338
36385
36520
36676
36445
36328
36878
36698
36011
36402
36622
36333
36059
36182
36408
35992
36005
36436
36117
36454
35822
35477
35552
35940
35924
36280
36168
35546
36087
35670
36024
35818
35948
35627
35700
36224
35300
35994
35622
35369
35638
35882
35480
35436
35456
35112
35029
35487
35579
35608
35256
35684
35313
35347
35319
35538
35624
35515
34866
35221
35332
34655
35028
34699
34907
34612
34805
34728
34621
34649
34629
35002
34944
34441
34349
34970
34159
34600
34170
34381
34522
34361
33814
33962
34424
34190
34240
33956
33962
33494
34141
33924
34157
33588
33616
33529
33629
33826
33263
33674
33328
33527
33639
33099
33369
33126
33527
33500
33460
33252
32820
33426
32653
32772
32520
33008
33076
32836
32521
32059
32114
32486
32567
31943
32348
31964
32276
32284
32170
32328
31977
32312
32237
32560
31604
32536
32212
31371
31626
31944
31757
31776
31517
31872
31872
31333
31768
31177
31151
31148
30893
31072
31316
31186
31044
30926
30725
30631
30717
30790
30948
31265
30468
30344
30131
29982
30429
29729
30329
29988
30174
30196
30266
29913
30322
30177
30170
29894
29737
29737
30054
29730
29693
30248
29367
29580
29560
29563
29640
29647
29293
28507
29021
28781
28566
29026
29221
28622
28467
28332
28475
28296
28217
28168
27972
28363
28166
28340
27956
27696
28109
28214
27764
27953
28454
27547
27880
27583
28044
27158
27011
26824
26487
26500
25574
26180
26250
26692
26317
26337
26788
27257
26210
27141
26728
26992
26670
26152
26581
25738
26126
26189
25924
26071
26589
25960
26169
25821
25741
25750
25745
25588
25335
25202
25139
25225
25147
25355
24893
24680
24614
24979
24716
25288
24793
24556
24564
24287
24155
24372
24345
23988
24039
24444
23834
24276
23911
23921
24181
23709
23572
23493
23293
23229
23422
23433
23371
23659
23181
22930
22537
22416
22089
22171
22296
21712
21754
22420
22438
22139
22399
22340
22365
21899
22184
21963
21821
21795
21734
21504
21498
21389
21290
21044
21102
21312
21012
20813
21474
20845
20746
21146
20788
20799
20742
20596
20676
20689
20141
20391
20529
20024
20188
20138
19652
19641
19940
20079
19603
19693
19511
19938
19738
19561
19649
19224
19338
19077
19462
19013
19287
18996
19181
18844
18789
19000
18588
18528
18425
18868
18114
18422
18253
17813
17998
18323
18290
18086
18023
17629
17764
17710
17794
17172
17652
17594
16984
17309
17087
17320
16970
16972
16879
17088
16955
16900
16680
16844
16914
16955
16244
16715
16389
16640
16241
16331
16295
16125
15834
15714
15774
15696
15923
15774
15762
15408
15629
15872
15466
15454
14848
15083
14791
15315
15039
14968
14783
14633
14716
15209
14700
14722
14460
14653
14428
14806
14651
14319
14344
14232
14785
14280
14085
13819
13817
13705
13448
13300
13767
13460
13610
13449
13529
13366
13454
13311
13347
13216
13101
13000
12977
12889
12680
12677
12783
12529
12522
12756
12674
12698
12584
12680
12337
12606
12480
12255
12370
12279
12194
11883
11919
12288
11877
11696
11823
11510
11263
11347
11513
11396
11365
11698
11564
11479
11446
10930
11197
11414
11337
11046
11018
10912
11133
10929
11004
10568
10285
10752
11382
10748
10588
10675
10632
10490
10484
10403
10199
10251
10258
10333
10139
10280
10105
10326
10187
9742
9870
9739
9482
9876
9924
9713
9531
9597
9468
9628
9345
9201
9060
9245
9326
8948
9234
9028
9188
9088
9210
9123
8812
8791
8872
9009
8755
8818
8844
8552
8976
8404
8281
8590
8489
8280
8354
8135
8533
8427
8374
8428
8368
8083
8530
8196
8001
8086
8253
8228
8086
7985
8082
7781
7897
7936
7663
7508
7720
7725
8016
7726
7643
7503
7374
7626
7543
7488
7588
7418
7586
7359
7634
7470
7245
7165
6999
7208
7043
7298
7093
6871
6871
7127
7051
6722
7172
6853
6968
6645
6698
6901
6742
6656
6729
6738
6612
6754
6301
6541
6641
6607
6350
6383
6389
6604
6343
6465
6310
6596
6468
6605
6442
6211
6343
6704
6009
6300
6410
6014
6192
6217
6027
6073
5890
6178
5964
5574
5728
5915
5685
6069
6015
5873
5793
5913
5861
5869
5777
5750
5697
5806
5714
5848
5646
5990
5914
5687
5339
5920
5833
5554
5807
5622
5581
5825
5933
5529
5783
5615
5772
5433
5729
5479
5531
5214
5564
5579
5316
5227
5292
5390
5684
5624
5614
5793
5252
5630
5104
5511
5538
5372
5092
5538
5228
5530
5004
5244
5187
5144
5068
5431
5511
5057
5116
5037
5090
5154
5032
5102
5128
5279
5256
5580
5423
5066
5402
5193
4972
5166
5502
5313
5276
5060
4934
4978
5077
4955
5216
5163
5136
5197
5270
5098
5004
5067
5061
5015
5437
5142
5158
4946
5038
5074
5101
5061
5290
5230
4908
4967
5007
4852
5088
5089
4953
5309
5087
5274
4950
5023
5237
5302
5034
5154
4928
5161
5165
4941
5165
4991
4863
5077
5123
5189
5234
5096
5065
5058
5145
5050
5229
5057
4850
4936
4965
4861
5263
5296
4867
5284
5166
5083
5392
5017
5338
5166
5577
5135
5298
5164
5279
5457
5179
5459
5021
5176
4919
5094
5554
5717
5343
5352
5291
5402
5511
5358
5397
5270
5291
5228
5093
5180
5162
5429
5292
5346
5269
5471
5658
5406
5268
5302
5415
5494
5348
5428
5544
5360
5834
5658
5331
5066
5295
5563
5385
5444
5615
5238
5471
5444
5151
5548
5344
5582
5293
5515
5547
5370
5493
5566
5491
5625
5589
5645
5612
5518
6103
5910
5849
5755
5584
5848
5691
5636
5880
5519
5498
5592
5816
5782
5762
5605
5994
5719
6070
5902
5778
5898
5590
6117
5777
5485
5791
5883
5869
5816
5904
5597
5839
5924
5724
5882
5910
6083
5951
6048
6415
5956
6005
5913
6194
6268
5972
6160
6022
5778
6181
6341
6180
6340
6057
6249
6026
6276
6332
6346
6013
6563
6253
6430
6616
6082
6390
6382
6561
6387
6433
6882
6555
6519
6310
6397
6558
6478
6388
6547
6454
6601
6375
6328
6635
6451
6297
6574
6364
6214
6517
6315
6872
6441
6457
6661
6744
6532
6715
6179
6743
6777
6588
6990
6801
6777
6852
6702
6835
6832
6728
6664
6803
6577
7082
6845
6642
7006
6852
6866
6481
6877
6753
6794
6962
7036
6906
6861
7120
7090
7073
6832
7090
7375
6901
6817
7292
7244
7330
7070
6882
6826
7153
6777
7024
7214
7093
6906
7208
7082
7176
7605
7467
7153
7242
7364
7418
7207
6872
7304
7182
7031
7140
7064
7204
7384
7392
7358
7189
7396
7328
7139
7380
7381
7233
7371
7347
7352
7639
7277
7244
7112
7323
7170
7741
7313
7581
7526
7410
7194
7307
7265
7515
7408
7028
7189
7442
7469
7331
7517
7539
7441
7233
7540
7544
7613
7491
7432
7632
7401
7139
7500
7559
7552
7527
7207
7511
7226
7673
7652
7321
7567
7633
7519
7767
7481
7656
7843
7498
7474
7439
7153
7771
7657
7507
7276
7709
8114
7596
7734
7501
7494
7512
7731
7629
7992
7660
7626
7417
8211
7535
7462
7427
7323
7509
7316
7391
7296
7495
7336
7393
7536
7490
7591
7668
7576
7237
7630
7500
7602
7322
7720
7356
7494
7660
7381
7123
7453
7111
7344
7387
7435
7380
7327
7148
7431
7221
7424
7870
7333
7426
7086
7435
7375
7210
7450
7888
7607
7288
7233
7375
7486
7708
7437
7460
7439
7308
7563
7376
7387
7367
7550
7549
7398
7384
7498
7446
7341
7339
7183
7389
7472
7210
7090
7115
7286
7305
6933
7184
7203
7518
7440
7328
7059
7303
7362
7431
7409
7226
7494
6717
7084
7139
7180
7073
6831
6971
6721
7131
6932
6923
6985
7108
7080
6834
6770
6842
7053
6985
6947
6769
6597
6704
6712
6745
6978
6787
6836
7145
6712
6735
6746
6490
6717
6691
6964
6764
6469
6895
6909
6798
6464
6852
6693
6664
6594
6455
6685
6455
6550
6264
6723
6470
6772
6429
6519
6499
6316
6795
6353
6488
6363
6711
6300
5924
6209
6360
6096
6309
6194
6418
6142
6169
6454
6273
6565
6431
6163
6190
6117
6261
6447
6334
6811
6089
6336
5943
6029
6049
6062
6089
5967
5902
5943
6020
6090
5987
6152
6101
5723
5864
5811
5833
5735
5990
6023
5875
6026
5567
5789
5948
5870
5801
5578
5573
5787
5463
5549
5660
5392
5339
5434
5766
5671
5640
5206
5566
5904
5585
5822
5326
5261
5061
5318
5485
5171
5306
5403
5553
5374
5544
5332
5063
5159
5334
5264
5514
5215
5041
4988
5251
5253
5329
5506
5106
5227
5004
4996
5447
4954
5139
5060
5018
5026
4938
4969
5010
4925
4905
5196
4912
5216
5093
5166
4705
5020
4924
5152
4822
4793
5010
4782
4657
4841
4806
4500
5256
4964
4800
4748
4565
4655
4677
4901
4680
4624
4442
4541
4792
4630
4409
4671
4460
4730
4712
4429
4388
4644
4458
4474
4578
4688
4388
4633
4588
4417
4932
4398
4450
4465
4519
4603
3957
4387
4487
4400
4074
4358
4664
4386
4464
4625
4087
4077
4413
4846
4378
4385
4155
4321
4163
4068
4364
4283
4176
4069
4189
4488
4045
4259
4302
4111
4227
4284
4154
4149
4388
4470
4169
4235
4301
4218
4157
3921
4203
4151
3828
3930
3948
3869
4073
4022
4133
4164
4228
4174
3832
4179
3806
4202
3920
3995
3879
3958
4169
4125
4193
4282
3979
3744
3956
3862
3917
4194
4056
3841
3978
3775
3922
3960
3987
4147
3796
4162
4044
3902
3825
3658
3849
4132
3905
3668
4095
3876
3720
4160
3869
4063
3889
3774
3826
3986
3841
3798
3871
3673
3932
4156
3601
3725
3705
3740
3883
3842
3742
3658
3681
3668
3926
3908
3678
3725
3594
3759
3567
3532
3676
3861
3706
3767
3720
4222
3722
3919
3647
3716
3400
3775
3780
3807
3529
3784
3425
3728
3819
3940
3488
3649
3753
3738
3609
3659
3662
3414
3734
3737
3378
3555
3304
3563
3745
3641
3470
3615
3820
3540
3766
3763
3692
3756
3581
3700
3640
3507
3454
3762
3847
3654
3464
3585
3458
3336
3886
3551
3488
3784
3458
3671
3813
3272
3435
3477
3646
3499
3434
3631
3557
3921
3600
3683
3695
3549
3428
3292
3591
3760
3605
3572
3504
3593
3526
3844
3472
3791
3396
3632
3294
3811
3379
3661
3689
3260
3496
3731
3496
3512
3382
3602
3439
3332
3718
3314
3463
4104
3807
3293
3419
3693
3482
3513
3401
3343
3590
3855
3342
3304
3470
3707
3718
3364
3480
3881
3397
3589
3392
3398
3425
3506
3528
3369
3349
3420
3630
3348
3494
3418
3449
3574
3578
3510
3349
3340
3438
3404
3643
3658
3628
3814
3150
3280
3397
3463
3442
3585
3432
3703
3437
3682
3608
3418
3447
3823
3404
3351
3649
3635
3334
3743
3419
3448
3275
3506
3765
3576
3483
3268
3632
3475
3320
3301
3696
3591
3531
3457
3407
3532
3359
3356
3166
3348
4025
3461
3519
3275
3357
3470
3311
3471
3412
3454
3440
3436
3610
3490
3681
3580
3492
3795
3169
3488
3464
3360
3427
3461
3345
3463
3417
3343
3402
3591
3830
3313
3284
3313
3648
3402
3466
3198
3592
3282
3134
3262
3496
3542
3429
3371
3418
3406
3530
3085
3566
3426
3476
3246
3463
3296
3354
3285
3264
3638
3299
3748
3396
3544
3119
3641
3381
3546
3198
3208
3528
3633
3229
3489
3163
3497
3365
3667
3493
3604
3317
3667
3405
3246
3392
3444
3268
3080
3368
3603
3544
3490
3352
3239
3367
3261
3706
2989
3430
3275
3367
3034
3468
3294
3270
3164
3223
3291
3385
3165
3298
3270
3604
3478
3352
