6300
6370
6015
6244
6197
6764
6028
6365
6511
6137
6303
6073
6207
6159
6072
6588
6332
6041
6502
6467
6046
6203
6065
6218
6593
6404
6508
6347
6168
6510
6450
6068
6386
6106
6272
6420
6280
6341
6194
6656
6249
6231
6264
6595
6764
6234
6674
6350
6720
6680
7190
6785
6728
6388
6396
6359
6458
6288
6538
6623
6497
6557
6877
6854
6341
6497
6440
6400
6749
6504
6542
6333
6561
6594
6847
6806
6643
6726
6581
6648
6895
6683
6736
6729
6915
6831
6609
6598
7018
6858
6850
7126
7133
6858
6644
6893
6661
7029
7200
6585
6911
6758
7189
6810
7146
6958
6701
7019
6766
6825
6926
6797
7297
7037
7127
7043
6971
7240
7265
7178
7217
6923
6900
7304
7208
7174
7501
7162
6877
7255
7165
6992
7319
7291
7125
7226
7417
7419
7353
7085
7226
7357
6963
7247
7521
7254
7337
7263
7065
7371
7639
7375
7479
7277
7075
7222
7476
7671
7825
7444
7794
7266
7601
7399
7254
7458
7816
7336
7650
7262
7634
7520
7546
7358
7515
7286
7682
7486
7705
7613
7615
7958
7815
7520
7639
7945
7594
7537
7706
7966
8000
7643
7844
7583
7671
7664
7799
7767
7806
8056
7546
7553
8094
7806
7600
7796
7933
7872
7993
7735
7840
7658
8153
7945
7915
7569
7989
7824
8049
8093
8212
8052
8249
7899
8244
8062
8133
8180
7963
8108
7809
7905
8239
8048
7919
8021
8187
8062
8206
8236
8337
8334
7910
8109
8478
8285
8422
8466
8333
8500
7840
8463
8268
8326
8162
8112
8252
8128
8663
8300
8361
8576
8526
8576
8214
8782
8398
8417
8534
8707
8874
8653
8776
8778
8153
8586
8839
8320
8496
8618
8676
8405
8897
8482
8729
8470
8607
8628
8665
8343
8550
8277
8520
8596
8993
8679
8895
8853
8736
8866
8951
9027
8417
8696
8637
8932
8811
9027
9065
8801
8920
9578
9310
8944
8754
9179
9272
8994
9279
9113
9404
8625
8970
9244
9104
8796
9433
9086
9205
9284
9289
8849
8802
8846
9036
9476
9584
9218
9142
9306
9494
9262
9195
8978
9280
9156
9337
9333
9268
9269
9202
9307
9221
9142
9501
9600
9364
9679
9324
9744
9348
9368
9582
9206
9551
9513
9255
9435
9516
9648
9387
9315
9761
9813
9531
9498
9387
9590
9633
9604
9546
9749
9557
9773
9681
9832
10004
9638
10033
9725
9709
10002
9614
9914
9955
9808
9859
9853
10062
9748
10045
9991
9820
10247
10162
9791
10170
10392
10064
10198
10160
10028
10137
10377
9983
10225
10223
10332
10167
10240
10174
10445
10510
10364
10308
10187
10202
9919
10273
10512
10122
10459
10346
10254
10421
10596
10436
10539
10528
10337
10381
10490
10441
10516
10592
10704
10586
10772
10662
10717
10731
10665
10778
10797
10686
11146
10691
10294
10766
10687
10687
11008
10778
10986
10825
11313
10844
10869
10769
11008
11256
11229
11069
11259
11357
11089
11260
10721
11188
10733
11014
10896
10984
11436
11364
10893
11262
11040
10935
11356
11189
11228
11041
11104
11486
11406
11426
11477
11223
11256
11353
11566
11209
11387
11741
11113
11511
11234
11354
11292
11589
11515
11736
11769
11680
11669
11779
11685
11496
11620
11971
11780
11708
11584
11323
11821
11661
11845
11557
11982
11870
11710
12078
12167
11682
11806
11757
12256
12034
11926
11962
12302
12189
12077
12430
11804
12342
11928
12114
12218
12324
12418
12258
12044
12580
12328
12405
12302
12496
12621
12011
12361
12460
12307
12477
12604
12752
12396
12540
12098
12316
12328
12555
12569
12199
12780
12912
12568
12117
12748
12911
12733
12667
12544
12548
12613
12805
12763
12920
12688
12859
12976
12762
12766
12430
12748
12901
12717
12913
12668
12725
12939
12971
13294
12867
13045
12740
13218
13009
12860
13174
12957
13396
13192
12902
13309
13186
13604
12989
13444
12923
13164
13501
13262
13242
13231
13028
13358
13399
12961
12838
12836
12906
13059
13464
12711
12945
13305
13486
13512
13423
13872
13547
13972
13844
14108
14330
13443
13599
13871
13973
13762
13853
13896
13973
13646
14166
13930
13797
14191
14244
14260
14149
14335
13958
13811
14138
14087
14061
13796
13997
14102
13931
14170
14416
14192
13922
14201
14159
14678
14242
14318
14213
14321
14209
14329
14496
14207
14524
14570
14380
14378
14790
14693
14560
14696
14440
14597
14768
14457
14839
14970
14467
14242
14554
14344
14655
14656
14802
14802
14524
14869
14740
15080
14895
14973
14554
15090
14967
15193
15306
15381
15515
15114
15215
14966
15106
14868
15293
14830
15585
15332
15346
15221
15133
15692
15524
15335
15359
15648
15226
15608
14857
15691
15289
15564
15396
15259
15528
15509
15989
15645
15748
15898
15663
15686
16077
15893
16066
16279
16020
15663
15814
15815
15531
16080
15834
16060
16057
15955
15866
16059
16020
15986
16034
15897
16474
16004
16288
16219
16217
16597
16477
16856
16546
16757
16144
16277
16143
16579
16220
16603
16536
16603
16278
16507
16442
16035
16706
16343
16516
16364
16383
16825
16736
16920
16565
16940
16746
17125
16826
16754
17121
16712
16912
16658
16692
16772
16737
17112
16768
17538
16865
17063
16824
17189
17432
16977
17083
17188
17114
16947
17682
17186
17330
16837
17732
17142
17156
16945
17192
17682
17579
17179
17462
17574
17767
17674
17765
17972
17381
17413
17391
17465
17307
17889
17657
17666
18013
17843
18064
18109
18027
17702
17772
18168
18301
18236
18117
17803
17596
17926
18061
18206
17958
18211
18566
18031
18318
17955
18381
18574
17860
18405
18174
18507
18269
18093
18393
18026
17898
18150
17756
18069
18030
17716
18209
18020
18413
18189
18657
18546
18474
18330
18750
19154
18982
18639
19087
18587
19060
18944
18749
18760
19261
18786
18826
18988
19131
18912
19020
18996
19246
19381
19089
19279
19098
19034
19190
19064
18968
18677
19163
19561
19327
19520
19334
19178
19408
19098
19368
19628
19719
19663
19915
19300
20047
19436
19573
19495
19464
19501
19488
19481
19717
19510
19472
19409
19577
19627
19551
19985
20028
19864
20381
20348
20039
20063
19607
20365
19885
19876
20289
20121
20516
20492
20096
20086
20205
20234
20252
20088
20213
20276
20554
19864
20120
20535
20373
20785
20526
20512
20843
20687
21039
20769
20548
20399
20608
20941
20864
21018
20568
21291
21589
20697
20749
20945
20992
20900
20769
20833
20708
21121
20602
21130
21013
20920
21198
21169
21264
21040
21028
21261
21590
20875
21230
21541
21290
21066
21302
21460
21407
21140
20801
21288
21254
21149
20793
21188
21141
21008
21833
21277
21902
22132
22126
22020
22033
22090
22176
22260
22154
21899
22485
22029
22325
22126
22280
22232
21732
22675
22252
22341
21929
21532
21839
21731
22265
22428
22208
21818
22080
21784
21761
22056
21234
21433
21568
21880
22204
22206
22251
22018
22720
22645
23002
22564
23133
22728
23158
23048
22980
23000
22613
22701
22672
22565
21668
21233
20963
19769
19624
18694
17890
17596
17155
17465
18410
18945
19728
20336
21408
22201
22606
23482
23731
23808
24125
24172
23693
23965
23812
23624
23940
23850
24043
24479
23949
24192
24096
23380
24232
24636
23986
24260
23853
23834
23524
24236
23723
24005
23721
23658
23527
23752
23400
23916
24218
24150
24049
23995
24509
24936
24302
24378
24384
24585
24337
24582
24418
24464
24488
24543
24642
24121
24357
24068
24228
24279
24490
24306
23920
24228
24221
24518
24410
24212
24438
24421
24450
24280
24731
24724
24805
24537
24573
24945
24944
25186
24932
25088
24984
24922
25176
24897
24977
24634
24704
24852
24874
24769
24863
24576
24897
24792
25333
24749
25198
25284
25481
25352
25106
25539
24970
25338
24876
25350
25262
25746
25434
25636
25668
25782
25760
26319
25901
25410
26012
25880
25882
25995
26168
26008
25627
25770
26056
26157
26244
26112
26097
26284
26232
26234
26477
26202
26012
26346
26445
26640
26633
26950
26240
26845
25958
25633
25186
24972
24445
24302
24925
24456
24576
25200
25325
25758
26696
26738
26702
26285
26376
26838
26692
26612
26809
26353
26734
26981
26586
26666
26642
26777
27416
27136
26590
26939
27052
27178
27109
27441
27024
26900
26888
26938
27224
27142
26818
27316
27418
26938
27246
27200
27154
27358
27113
27140
27042
27433
26590
27224
27426
27620
27442
27738
27436
28032
27604
28077
27692
27920
27764
27739
28090
27620
28047
27977
28373
27538
28270
27720
28626
28044
27932
27852
28074
27945
28255
28133
28046
27904
28038
28111
28133
28192
28002
28509
28174
28522
28654
28123
28385
28356
28425
27610
28516
28116
28616
28580
28720
28528
28426
28704
28267
28330
29467
28764
28777
28756
28982
28108
28633
28844
29056
28350
29172
28776
28987
28658
28484
28637
28987
28934
29096
29004
29466
29257
28893
28958
29205
29133
29030
29319
29257
29246
29330
29516
29476
29220
29405
29657
29529
29700
29526
29740
29636
29556
29450
29760
29081
29814
29222
29882
29355
29920
29905
29540
29596
29641
29854
29539
29988
29952
29322
29486
29760
30044
29604
29610
29476
29394
29668
29674
29549
29412
29340
28904
29347
29387
29039
29151
29293
29623
29824
30133
29709
30082
29990
30285
29481
29786
29952
29771
30348
30130
29503
29729
29890
29986
29745
29388
29447
29312
29140
29273
29876
29910
29996
29848
30317
30509
30391
30167
30580
30859
30129
30663
30242
30242
30298
30849
30144
30425
30454
30225
30673
30748
30404
30715
30700
30888
31053
30823
30723
30884
30757
30276
30852
30603
30750
30507
30475
30212
30732
30848
31012
31322
30858
30864
31076
30651
31128
30942
30637
31062
31176
30720
31120
30772
30812
30836
31314
30890
31323
31240
30929
30939
30883
30948
31213
30628
31398
31040
31229
30893
31175
31130
30781
31378
31192
30795
31273
31012
31013
31333
31220
31518
31348
31384
31561
31322
32072
31208
31576
31232
31336
31252
31537
31360
31378
31325
31320
30820
31053
31571
31429
31174
31547
31405
31234
31323
31720
31272
31669
31463
31588
31924
31932
31585
31927
31370
31684
31608
31576
31438
31582
31483
32381
31684
31563
31437
31747
31944
31643
31333
31722
31659
32065
32043
31954
31944
31917
31792
31698
31636
32242
32053
32403
31936
31520
31736
31882
31784
31964
31748
31677
31905
31889
31410
31946
31769
31594
31721
31797
32168
32116
31754
31673
31746
31784
31562
31829
31741
32394
31816
31971
31821
32341
32153
31963
31876
32326
32463
31781
31693
32148
32232
32114
31831
32266
32002
32334
32113
32052
32620
32203
32352
32301
31908
32144
31828
32488
32350
32153
32179
32308
32588
32262
32164
32379
32206
32279
32052
31815
31156
31087
30984
31125
30821
31232
31341
31565
31508
32231
32600
32927
31829
32172
32384
32068
32141
32352
32452
32292
32397
32774
32106
32605
32181
31727
32466
32059
31753
32603
31949
32325
32323
31872
32000
32295
32488
32234
32422
32249
32283
31791
32168
32495
32092
31768
31531
31734
31953
32230
32173
32288
31626
31890
32137
32320
32212
31817
32334
32218
32070
31954
32445
31878
32478
32057
32221
32138
32021
32422
32324
32420
32196
32386
32109
32651
32104
32392
31858
31818
32212
32059
31820
32117
32244
32044
32392
32204
32164
31864
32187
32109
32343
32220
31820
32193
31695
32018
31672
31736
32345
31940
32012
32181
31959
32264
31771
32017
31809
31586
31862
31693
31856
32385
32116
31634
31896
31882
31752
31429
31779
31654
31439
31716
31735
31872
31411
32238
31434
31962
31596
31567
31500
31991
31835
31778
31928
31346
31568
32008
32057
31426
31717
32195
31524
31978
31405
31083
31344
31476
31687
31810
31988
31634
31636
31930
31556
31896
31816
31901
31824
31820
31064
31785
31786
31796
31481
31786
31629
31581
30992
31141
31018
31378
31041
31251
31384
31622
31368
31961
31677
31337
31445
31020
31114
31478
30728
31382
31394
31307
30420
30628
30964
31076
31023
31062
30837
30954
31092
31236
31092
30848
30818
31185
30729
31136
31046
31334
30508
30868
30724
30426
30820
30853
30786
31044
30506
30602
30381
31485
30247
30453
30747
30672
31106
30348
30200
30372
30329
30376
30096
30039
29952
30046
30342
29993
30408
30555
30194
30746
30431
30186
30361
30484
30660
30137
29988
30053
29897
30229
30253
30004
30654
29988
30230
29918
30032
29769
29801
29797
29873
29622
29508
30028
29652
29981
29496
29824
29778
30182
29400
29896
29099
29503
29853
29360
29224
29988
29508
29832
29211
29286
29853
29916
29304
29670
29749
29224
29623
29318
29156
29661
29072
29492
29332
29455
29849
29248
29303
28928
28602
29061
28800
29166
28872
28720
28685
28456
28333
28634
28732
28510
28836
28776
28660
28710
28518
28494
28813
28479
28378
28641
28833
28230
29001
28212
28422
28500
28254
27803
28196
27653
27097
27006
27460
27163
27378
27354
27738
27949
27996
28196
28394
28857
27972
27792
27936
27366
27885
27940
27874
27442
28396
27915
27739
27771
27883
27748
27764
27776
27620
26955
27493
27483
27159
27620
27194
27323
26807
27215
27428
27869
27090
26933
26837
26973
26949
27157
27055
27062
26763
27208
27012
26889
26692
26676
26889
26618
26904
26242
26724
26632
26439
26618
26488
26962
26622
26049
26146
25816
25730
25435
25738
25348
25248
25729
25916
26042
26574
26079
26107
26102
26372
25775
26084
25972
25632
25138
25825
25526
25160
25508
25632
25452
25241
25381
25510
25706
25357
25910
25142
25209
25395
25448
24984
25284
25452
25457
25349
25029
25175
25082
24689
25044
25062
24939
25018
24794
24782
24477
25297
24832
24906
24560
24526
24710
24743
24224
24385
23933
24752
24462
24040
24616
24479
24147
24370
24204
23965
24427
24323
23736
24326
24420
24584
23973
24453
23700
23917
24264
24034
23498
24134
23861
23498
23660
23783
23894
23360
23405
23568
23801
23512
23645
23284
23478
23834
23820
23092
23189
23130
23623
23434
23162
23062
23462
23181
22573
23004
23002
22896
23026
22951
22842
22994
23008
23028
22656
22587
22689
22538
22810
22486
22465
22490
22467
22409
22957
21986
22500
22430
22766
22418
22708
22833
22470
22596
21980
22656
21955
22206
22280
21793
22110
21914
21848
22220
21702
21747
21874
21893
21972
21942
21568
21997
21880
21850
21722
22103
21928
21716
21538
21671
21479
21481
21398
21242
21504
21426
21670
21720
21768
21486
21175
21979
21365
21652
21260
21258
21376
21386
21316
21251
21200
21017
21704
21152
21215
21048
21495
21245
21462
21290
21444
20836
21281
21012
21028
21136
20924
21206
21316
21120
21028
20669
21044
21623
20953
20761
21039
20891
21112
21268
20920
20864
20779
20929
21056
20977
21078
20936
20952
20959
20583
20568
20836
20737
21125
20941
20899
20616
20762
20545
21026
20282
20456
20468
20566
20274
20259
20618
20450
20286
20513
20694
20511
20512
20534
20283
20404
20424
20564
20900
20222
20800
20243
20285
20450
20898
20204
20296
20155
20508
20447
20682
20567
20430
20546
20714
20511
20411
20290
20728
20533
21096
20612
20667
20711
20751
20469
20322
20470
20485
20724
20608
20539
20603
20611
20496
20793
20437
20823
21187
20605
20769
20810
21070
20728
20635
20404
20658
20746
20608
21090
20608
20319
20246
21064
20443
20102
20688
20492
20866
20282
20616
20822
20852
20630
20513
20640
20551
20406
20462
20810
20877
20459
20708
20788
21008
21122
20618
20958
20741
21234
21048
21490
21352
21021
21230
21765
21210
21558
21721
21192
21363
21591
21557
21670
21389
21674
21393
21564
20817
21322
20843
21471
21294
21394
21248
21469
21692
21710
22078
21897
21949
22028
22357
22484
22276
22534
22266
22217
22081
22645
22563
22091
22809
22566
22474
22667
22454
22600
22847
22662
22232
22403
23136
23209
22856
22728
23066
23314
23057
23046
22824
23047
23676
23294
23547
23816
23358
23437
23336
23878
24215
23492
24008
23947
23579
24165
23610
24082
23826
23690
23531
23677
23564
23507
23739
23714
24196
24350
24328
24523
24507
24618
24580
24986
24904
24781
25026
24922
25098
25464
25717
25600
25692
25367
25742
25380
25696
25658
26340
26070
25956
26736
26186
25810
26184
26144
26538
26384
26586
26650
26525
26860
27272
27229
27080
26836
27748
27158
27066
27384
27588
28061
27928
28026
27579
28245
27813
28216
28136
28523
28420
28550
28570
28596
28722
28970
29064
29131
29235
29376
29136
29581
29662
29620
29972
29992
29908
30133
29780
30065
30356
30390
30329
30647
30504
30130
30936
31302
30772
31221
31076
31524
31498
31896
31641
31520
32442
32170
32297
32377
32140
32919
32485
32676
32768
32793
33141
33196
34107
33788
33566
34252
33704
34325
33978
34156
34852
34203
34338
33988
34474
34274
34426
34661
35320
35061
34864
35189
35598
35529
35072
35917
35776
35714
35848
36022
36173
36154
37206
36598
36518
36932
36428
37304
37236
37204
37632
38228
37780
37484
37789
38342
38056
38166
38053
38330
38619
38700
38923
38817
38925
39380
39205
39508
39545
39984
40484
40133
40119
39949
40130
40948
40436
40490
41309
41069
41160
40882
40985
41028
41273
41228
42144
41760
42472
42274
42916
42148
42428
42405
41994
42116
41924
41732
41204
40380
40715
40980
41066
41821
42872
43234
43830
44501
44363
44837
44188
44709
44416
44438
44858
45113
45233
44854
45116
45316
45082
46007
45662
45817
45932
46404
45883
46468
46260
46525
46220
46699
46648
47334
47021
46964
46811
47307
47360
47220
47260
47751
47963
47725
47291
47672
48020
48084
48022
47685
47917
48454
48118
48298
48796
48262
48732
48704
49240
48872
49108
49465
49013
48900
49125
48989
49878
49026
49076
49110
49440
49488
49325
49930
50280
49815
49956
49842
50241
50002
50411
49800
50356
50285
50720
50084
49876
50335
50742
50997
50405
50664
50804
50842
51274
50698
51099
50968
50996
50857
51149
51012
51344
51286
50372
50905
51382
51412
50708
51202
51178
51060
51101
50390
51051
51712
51377
51822
51768
51718
51816
52215
52317
51396
52618
52110
52257
51574
51389
51593
52038
51386
51738
51606
51284
52081
52293
52154
51966
52193
51901
51964
51815
51358
51549
51253
52074
51394
51649
51848
51400
51330
51501
51140
51252
51428
51356
50955
50906
51430
50793
50860
51125
50893
50877
51498
51492
51274
50432
50852
51035
51208
50720
50612
51022
51038
50733
50660
51387
50534
50164
50384
50432
50584
50806
49844
50111
49942
50228
50010
50308
49981
50188
49882
50286
49690
49349
49812
49210
48997
49785
49536
49538
49272
49133
48708
49253
49512
49185
48922
48352
48168
48133
48272
48045
48698
48036
48686
48084
48256
48236
47150
47008
46714
46934
46484
46341
46134
46267
46235
46233
46196
46446
46583
46293
45892
45600
45817
45380
45915
44989
45396
44813
44498
44244
43862
43732
43674
43328
43361
43280
43538
42900
43252
43344
43611
43736
43349
44207
43078
43514
43296
43436
43020
42696
42732
42902
41979
41845
42162
42149
42210
42244
41744
41337
41556
41876
41600
40845
41332
40968
40617
40470
40244
40320
40562
40101
39732
39871
38904
39356
39625
38842
38742
38678
38528
38506
38090
37834
38066
38276
37594
37323
37188
37422
37136
37056
36493
36662
36543
35721
35387
35758
35931
35497
34918
34614
34424
34340
33394
33792
34077
33680
34011
33290
33563
33690
33736
33270
33207
32707
31956
32009
32022
31789
32061
32220
31661
32055
31518
31104
31017
30759
31232
30628
30812
29787
29642
30013
30043
29720
29259
29577
29426
28936
29020
28258
28388
28194
28308
28065
28246
27757
27944
27628
27041
27291
27270
27032
26468
26436
26809
26407
26062
25621
25185
25787
25359
25305
25088
25124
24846
24836
24857
23991
24465
24066
23913
23604
23551
23689
23770
23414
23361
23149
22608
22218
22149
22305
22018
21675
21475
21342
21257
21475
21312
21005
20965
20827
20436
20481
20184
20298
19913
20327
19427
19480
19520
18926
19380
19274
18956
18782
18696
18230
18628
18274
18342
17967
17682
17459
17310
17378
16916
17282
16740
17158
17005
16473
16690
15861
15963
15661
15881
15934
15884
16125
15832
15756
16000
15696
15778
15205
15063
15403
14779
15041
14652
14888
14411
14660
14270
14381
14383
14040
14107
13716
13734
13864
13445
13416
13420
13066
13290
12733
12911
13036
12852
12600
13180
12649
12535
12884
12604
12122
12525
12244
12372
11867
11979
12075
11672
11699
11857
11739
11469
11892
11588
11592
11674
11176
11117
11050
11247
10848
10776
10712
10838
10882
10872
10498
10228
10450
10302
10626
10177
9637
10097
10014
9841
9613
9844
9536
9910
9672
9477
9972
9596
9551
9612
9556
9278
9031
9249
9223
8845
8622
8989
9373
9322
8887
9029
8753
8513
8908
9213
8532
8785
8591
8724
8171
8432
8260
8461
8197
7943
8313
8491
7996
8212
7820
7918
8009
7898
7750
7753
8091
8245
7824
7836
8012
7812
7742
7725
7555
7488
7254
7307
7467
7103
7296
7182
7302
7412
7519
7200
7115
7370
6944
7276
7132
7052
7028
6979
7156
7051
7099
7094
6958
6836
6913
6739
6905
7027
6753
6483
6704
6527
6563
6917
6667
6740
6478
6732
6841
6564
6462
6366
6449
6715
6494
6400
6695
6504
6389
6718
6264
6622
6456
6139
6234
6409
6280
6144
6428
6079
6383
6424
5905
6177
6093
6286
6182
6274
6008
5756
5784
6152
6057
6205
5924
6138
5632
5994
6002
5773
5847
6060
5996
5846
5696
6246
5868
5934
5869
5748
5608
5683
5831
5954
5668
5677
5316
5803
5866
5861
5363
5703
5709
5597
5700
5706
5668
5274
5767
5470
5242
5408
5244
5460
5628
5557
5268
5599
5596
5431
5645
5589
5636
5522
5350
5381
5305
5330
5416
5309
5518
5444
5196
5316
5112
5019
5402
5162
5119
5381
5302
5250
5404
5129
5137
5056
5425
5135
5193
5320
5193
5410
5286
5455
5336
5261
5004
5002
5133
5316
5283
5203
5109
5232
5117
5398
5074
5100
5000
5114
4833
5514
5059
5275
5254
5001
5030
5195
5003
5042
4792
4946
4845
4857
5212
4776
4697
5513
5021
4964
4981
5190
4891
4936
4950
4827
5126
5132
4908
4700
5192
5118
4831
4833
4778
5236
4845
4973
4773
5070
4881
4986
4817
4719
4835
4843
4700
4664
4879
4855
4803
4980
4869
4965
4601
4746
4567
4583
4826
5144
4962
5072
4574
4608
4668
4737
4522
5084
4671
4925
4749
4939
4733
4721
4732
5173
4800
4506
4794
4953
4578
4934
4740
4815
4572
4704
5062
4642
4552
4502
4747
4982
4515
4520
4936
4743
4837
4764
4663
4650
4445
4370
4470
4535
5229
4495
4911
4493
4532
4605
4521
4622
4601
4659
4504
4692
4728
4459
4757
4575
4476
4840
4460
4653
4754
4528
4793
4613
4546
4716
4660
4472
4621
4835
4893
4393
4267
4448
4767
4537
4477
4374
4584
4262
4207
4451
4571
4682
4709
4556
4543
4326
4583
4319
4764
4541
4522
4482
4560
4324
4515
4469
4444
4544
4271
4733
4550
4686
4169
4801
4509
4653
4205
4320
4665
4618
4361
4538
4125
4576
4397
4620
4561
4615
4553
4618
4227
4275
4509
4542
4315
4133
4123
4576
4425
4448
4373
4423
4282
4480
4746
4135
4397
4330
4436
4038
4520
4290
4550
4297
4255
4275
4426
4196
4468
4357
4454
4212
4342
