7866
7104
7408
8253
6540
12403
6530
6895
7099
7069
7117
6564
7063
7005
6453
8542
8938
7022
7932
7147
6742
7348
6574
7755
7417
7029
7041
6476
6398
7282
7123
7548
6607
7794
6486
6798
6645
6701
7495
7701
7008
7217
6961
6853
6620
6999
8433
6968
7791
7547
9548
8010
9092
7384
6475
7416
7153
7081
7195
6928
7445
7787
7357
8334
7117
7297
7866
6488
8156
8204
7242
7053
7158
7826
7104
7302
6857
7449
7578
6790
8024
7598
7661
8273
7216
7210
7573
6402
7980
6916
7340
7518
7131
7357
6885
7042
7701
9195
8010
6711
8099
6872
7248
7076
7228
7377
6747
7721
6888
7358
8287
7310
8001
8265
6972
7289
6847
7736
6866
7494
7538
7148
6623
7802
7838
7296
8000
7620
7100
7368
6994
7010
7307
7570
7335
7387
7616
7721
8135
7310
7127
6580
6509
7626
7396
6702
6949
7914
6954
7281
8219
7217
7267
7328
6795
7581
8493
7373
6829
7571
9479
7296
6840
7439
7573
8241
7158
8054
7425
7136
7312
7344
7112
6720
7358
6478
7699
7469
6989
8384
6760
8367
7753
7574
7200
9256
7775
6670
9213
7927
8902
7526
7746
7046
7758
7831
6955
7522
6784
8903
6589
7346
7468
7240
6853
7302
8148
7804
7417
7823
7026
7572
8569
7198
7328
7087
7474
7790
7626
7697
8576
7632
7346
7810
7622
7710
7052
7878
7065
9078
7451
7073
6838
7506
7589
7729
8481
8120
7867
7595
8002
7451
7404
7918
6933
8438
7454
7784
6730
8417
6676
8290
7180
8056
7840
7864
7979
7452
8653
7619
6768
9354
7241
8142
7059
7621
7242
7285
7228
9056
7716
7498
7374
7120
6885
7745
7482
7420
6931
8642
7209
7224
7613
6985
7291
7211
7677
7990
7961
7429
6886
7066
7708
8321
8334
8553
7993
7608
7756
7560
7859
7218
6832
6899
7746
7905
7612
7346
8074
7860
7046
9189
7823
8055
6964
8109
8131
8052
8129
7278
8733
7632
6821
8511
7305
7363
8666
8252
7725
8203
6906
7291
7157
7089
7153
7836
7400
7390
7747
7320
8822
8058
8260
7571
7984
7353
8244
7727
7751
7756
7956
7873
7643
7109
7796
8635
7383
8376
7026
8545
7109
7453
7820
6953
7211
7642
7445
7478
7643
7454
8176
6691
7994
8165
7279
7389
7402
7535
7012
7260
7540
7960
7192
9657
6924
7538
8114
7208
8558
8011
8584
8382
7211
7120
7432
7371
8342
7288
7744
7323
8108
7631
7808
7186
8698
9297
7494
8238
8093
7644
9060
8193
8412
8152
7492
8127
7153
7567
7691
7653
7791
7425
7260
7206
7293
7372
8640
7017
8308
8021
7506
8125
7682
7569
7141
7491
7701
7745
7598
7237
7118
7544
7281
7272
7863
7700
7884
8405
7698
8424
7154
7770
8410
7669
7392
7801
7557
7759
8286
7729
7388
7821
7906
8725
8016
8612
8056
7724
7349
7663
8079
7663
7618
8406
8577
7383
7756
8517
7977
7042
8382
7721
8404
9517
9158
7126
8470
7811
7193
7351
7228
7179
7148
7718
7239
8018
11483
9290
7633
7357
8354
8092
7360
8022
8135
7499
8657
7826
8285
7473
7967
7657
7967
8456
7796
9108
8235
7900
7557
8165
8378
8821
8233
7787
7478
8068
8037
8809
8300
8453
7943
7560
8535
8562
7545
8918
7424
8658
7850
9345
7950
8016
7234
8565
8354
7960
8553
7447
7304
7940
7636
10558
7662
9805
8374
8034
8682
7825
7643
8553
7457
7371
7701
7683
8348
7682
8106
7323
9378
8940
7844
7643
8670
7768
7160
8039
8073
8996
7528
8420
8084
8638
8671
7412
7570
8618
8114
8167
8268
8353
7756
7748
7654
7455
7421
7592
8421
7957
7402
8195
7600
8033
8250
10362
8317
8125
7913
7790
7900
7494
7382
8995
8448
7890
8330
7958
7417
8865
7605
9152
7821
8195
8958
7838
8519
7738
7569
8167
8654
9034
8029
7686
8689
8405
8779
7444
8078
8042
8173
9172
8217
8018
8359
9636
9503
9654
8525
7882
7598
7223
8448
7528
7565
8377
7674
7602
8328
7837
8249
7961
8760
8154
7812
8716
7620
7925
7734
7914
8384
9224
9212
7667
7541
8408
8522
8112
8192
9832
8203
10465
8579
7940
7897
7947
7880
8528
9266
7933
8055
9137
7954
8016
8101
8417
7726
8111
8552
8662
9490
8826
9402
8925
8178
8376
7839
7738
8173
9006
9194
8670
8088
8705
8916
8799
8343
8646
7973
8452
8262
9456
8454
9020
8809
8241
10946
8399
8730
7785
9863
8278
8474
8733
8588
7640
9110
8818
8079
8738
9506
8629
8508
7854
8623
9109
8529
8826
7598
8016
8303
7620
9401
9643
8149
8843
8127
8448
8020
8031
10062
9500
9147
8264
8458
8266
8116
8105
8361
8338
8621
9488
8325
9089
7732
8230
8253
9205
8250
8829
9948
8369
8075
8957
8559
9361
8537
8591
8413
7982
8554
9428
7946
8201
7827
9406
8100
8618
7941
7970
8033
7806
9341
9031
7725
8596
9015
9515
8148
8756
8391
9891
9404
8603
9118
8572
8529
8781
9019
8413
9266
8757
9309
9067
7899
9598
9284
8322
9656
7939
8781
9572
8789
9320
10155
8541
9084
8084
9350
8355
8634
8025
8141
8392
8700
8586
8019
8845
9525
8977
9563
11998
8235
9943
8213
8105
8372
8698
9320
8694
9351
9365
9876
9210
9106
8766
8161
10130
9016
9350
9848
8205
8360
8826
9170
8725
8498
9223
10210
8679
10379
8152
9539
9542
9046
9162
9679
9244
8624
8750
9074
8764
8572
9166
9503
9094
8352
8613
8044
9138
9090
8557
10074
9473
8888
8843
9265
10086
9163
8538
10271
8401
10395
9151
8744
9568
8532
9187
8684
8775
8571
8939
9594
9566
9545
9602
8372
10978
8628
8834
9438
9721
8941
8591
8858
8765
8799
8898
8578
8792
10006
8653
8388
9834
9711
9593
9695
8724
10206
9162
9009
9200
9473
9244
9348
9921
9956
9589
8717
9537
8949
8921
8996
10410
9574
9629
9762
9092
8893
9774
8754
10364
8673
9844
8804
10021
9814
9988
9015
8506
9217
9428
9659
9738
9077
9545
9196
8789
9735
9093
9406
9557
8951
9866
9311
9654
10509
9356
9926
8949
9422
9627
8609
10326
8923
9790
11174
9265
9134
9357
9420
9842
9080
10220
8812
9764
9259
10229
9457
10406
10496
10385
9930
9648
9137
9112
9142
9711
9752
9021
9529
9010
9945
9632
9029
10457
9495
9782
9786
9235
9369
9778
9843
10313
10488
10069
9351
9613
9837
9620
9624
9410
9466
10809
9595
9416
9837
9543
10144
10098
9270
10086
9162
10213
9770
10571
9176
9402
9293
9177
9939
10289
9882
9667
10225
9766
9961
10191
8919
9919
9196
9588
10198
9329
10315
9702
9545
9216
10784
9881
10154
9531
10919
9825
9698
9753
9589
10048
9969
10513
10453
10179
10491
9262
10260
9386
9737
9904
9096
10326
10668
9634
9418
10397
9579
11481
10383
10316
10671
9554
12255
11124
10465
11218
10073
10146
11537
10034
10946
11207
10667
9707
10899
9949
11829
10476
9842
11249
10154
10395
10308
10137
11734
10388
10468
10407
10277
11033
10399
10187
9928
11174
10732
10604
10734
11230
10031
11082
11018
10793
9944
11409
11332
10296
10166
11553
11197
10099
10146
10712
11083
10388
10632
10985
9664
11917
10273
10531
10966
11284
10648
11138
11227
10530
10245
10278
10450
10026
11074
10185
10115
11089
10661
11170
11621
10933
11204
11032
10907
10269
10824
12478
11360
10873
10826
11358
10352
10539
10355
10862
11080
10554
11186
11544
10605
12644
11192
12601
10067
10438
11670
11074
11272
11016
11598
11140
10909
11530
11325
10901
10939
11067
13102
10772
10904
10509
10919
10932
11053
11081
10485
11418
11051
10964
11188
11724
11023
10926
11466
10730
11179
10945
10964
12459
11600
11992
11714
11373
10970
11218
12220
10810
11271
10228
12682
11736
10469
11019
12261
11450
10966
11396
10906
12537
11611
10983
12164
11435
11823
12498
11714
12166
11084
11307
12191
13360
11764
11565
11790
12248
11505
11534
11781
11496
11604
11520
11554
12296
11307
13156
12054
11837
11622
11652
11336
12533
12001
11802
11546
11931
11698
11548
13065
12366
11680
12051
12954
13247
12972
13829
11734
11848
12340
11905
12345
13107
12563
12336
12820
11764
12167
11937
13395
12662
12210
12529
12608
14029
12110
11866
12218
12166
12275
12070
11793
12879
11978
13514
13099
13138
12727
12763
12829
12445
12451
12051
12982
12472
13679
12580
13810
12090
13417
12444
12253
12958
12708
12834
13860
13597
13341
12076
12921
13835
13405
13112
13708
13394
13336
12788
12600
13895
12460
12929
13403
12587
13484
12619
13483
12704
13334
12514
12997
12858
13028
13064
15172
14040
13210
13269
14210
14062
12940
14034
13723
13627
13049
13558
13727
14077
13310
12840
12929
15384
13077
13892
15584
12996
13123
13076
12998
14726
14266
14455
14236
13451
13060
14932
13898
15319
13636
13023
13686
13560
12934
13384
14609
13522
14002
13215
14045
14797
14148
14091
14141
13952
14612
13869
14269
15073
13376
14150
13829
14693
13985
14328
13113
14071
13517
14636
14566
13569
13486
14186
13013
13542
14720
14304
14857
14098
14288
14807
14093
15362
13941
14356
13946
14780
14383
14447
14477
14837
13770
14271
14868
14314
14709
14254
14734
14494
14640
13754
14703
16038
14025
14140
15156
15995
14954
14456
14752
15892
14852
14516
14766
14679
15031
15323
15568
14905
16053
14827
16163
15904
15260
15673
15407
15421
15526
14938
16228
14657
15445
14708
15850
15652
15424
15287
15409
16735
14816
15607
15460
15694
15352
14660
15732
15840
16197
15488
15473
16036
15343
15188
16001
16018
15634
16810
15825
16759
16404
15896
17920
16517
15923
15781
15921
16777
15186
15571
16450
15906
15630
15434
16029
15180
16130
15348
17573
16886
16168
17018
15923
15924
16744
16921
15909
16348
16784
15965
16398
16525
16228
16870
17043
16858
16057
15463
17484
17485
18022
16662
15670
17072
16930
16500
16536
17396
17381
16259
16984
16603
16330
16523
16891
17229
17547
16443
18638
17700
16684
17465
17892
17656
16800
16933
16379
16842
16554
17922
17217
17680
16904
17664
18101
17292
17896
16422
16880
17513
17306
17581
16974
17174
17796
18432
18286
17762
17187
17295
18516
18496
18262
18562
17500
19094
17760
17588
18482
17870
17044
17337
18952
18234
17530
17608
18571
19122
18154
17746
19017
17501
18740
17368
18102
18973
18243
18134
18314
19190
18384
19303
18275
18884
18299
17518
18594
19035
17780
18029
18432
17699
17395
17472
18861
19606
18306
18075
19300
19857
18427
18736
19723
19272
18515
19801
19453
18806
18524
18920
18665
19968
19716
19115
19082
19340
19492
20996
20931
19092
18735
20395
19549
19808
19926
19406
19032
19747
18778
20010
18961
19333
19349
19760
19336
20316
19728
19183
19246
20596
19436
19714
18925
19557
19284
20544
19609
20826
19776
20876
21422
20150
20066
20686
19932
20248
20308
19547
20368
20992
21386
20293
22117
19897
20859
19733
20116
21734
21392
20687
21792
22421
20713
20298
21245
21147
20744
21882
21206
20587
20596
20288
21320
21120
22036
21265
20932
22452
20936
21849
20902
21220
21336
21476
21317
21675
21726
21388
21252
22222
22436
21328
20945
21086
20461
20358
22988
21249
21250
21357
22022
22391
21693
21944
21674
22244
21528
21231
22017
24733
21143
22957
22539
22093
22134
22642
22340
22748
22900
21764
23670
23094
21875
21882
23470
22935
22970
23515
23090
22649
22772
22776
24875
22664
22295
22253
24232
22614
22788
24008
22952
25176
23944
23561
23203
23537
22557
22423
25197
24222
22577
23998
23778
24580
24338
22462
24422
25337
22667
23382
24894
23677
23610
23040
23652
23049
23372
24551
24772
24214
23794
24832
23877
23289
23749
23535
24348
24416
23828
24640
24281
23926
24853
24315
24339
25204
24580
23960
24168
23875
25532
25252
24316
24109
26252
25308
24045
24484
25524
25461
24594
24926
25942
23958
25112
24697
23934
24908
23723
25042
24609
24628
25058
24770
25508
25418
25205
25409
26148
26234
25909
25172
25111
26563
25050
25744
25755
25165
25133
26728
25772
24790
25370
26194
25487
25476
26449
25092
26532
25312
25670
26683
26219
26190
25921
25357
26537
25404
25261
26898
25508
27482
28375
25933
26388
26714
26407
26317
25897
26585
26607
27091
26634
26901
26162
26139
26752
26620
26474
27549
28178
27716
27098
27554
27374
26328
26506
27615
27534
27166
27357
27466
26820
26754
27764
27012
27204
28180
27560
29555
27368
26365
28444
27344
27753
27589
27640
28008
26989
28331
27380
28334
28726
27283
27872
27716
28077
26517
27066
27181
26478
27472
26462
27081
27717
27503
27739
27992
29604
29252
27748
28577
27290
27660
27860
28342
27878
28848
27898
28176
27878
28381
27458
28635
28941
27978
27208
27770
28308
29168
28460
27497
28891
28397
27892
29400
29388
28140
29415
28802
28629
28077
29688
28459
28133
28549
28032
28991
29170
29579
28818
28398
28915
28658
28470
28401
28881
29253
28613
28681
28716
29209
28854
27944
28315
28627
28656
28150
28320
28549
28113
29112
28825
28411
28870
29494
28244
28820
28739
30188
28398
29866
28492
28904
28288
28212
28532
28333
28905
29929
29257
28469
28767
28383
29191
29305
29400
29614
29717
29049
28612
28310
28357
29300
29026
28928
29748
29462
28342
29530
30098
28644
29364
29275
28513
29423
27925
29312
27927
31092
28756
28820
28324
28022
28389
29372
29676
29037
28946
28762
28353
28975
28506
28404
30402
28868
28122
29208
28978
32036
29164
29358
28285
28136
28637
29069
28978
28184
28995
28808
27994
28077
29493
28806
27874
28514
29350
29162
28194
28537
28422
28364
29300
28354
28394
28125
29021
27961
28542
28586
27919
28132
28457
29268
29330
28254
28628
29306
28404
28405
28269
28480
29123
28928
28301
26937
28100
28543
28284
27499
26824
29220
29228
27619
27439
27956
28333
27562
29873
27748
28812
26948
27466
30218
27241
27147
28940
27274
27680
27949
27738
28125
28988
28002
27252
28032
27684
28406
27785
27833
27392
26861
27498
27110
27392
27088
27357
27670
26717
27748
27396
27392
26952
27734
29162
27496
27636
28290
26717
27016
27204
27214
26907
25920
27632
27400
26137
26964
26166
26197
26055
26269
26283
27658
26960
26996
28036
27249
26757
25912
26966
26674
26376
27322
26752
28694
27185
28483
26112
25937
26952
26678
27265
26507
26004
26603
27151
25931
27201
25776
25943
26838
26012
26274
26808
26484
26097
26244
25974
26441
25278
25676
25482
26635
25861
25788
26632
25602
25954
24458
24756
24549
25570
24700
24588
25659
25760
25206
26860
25785
24962
24789
24326
24416
25508
24721
25088
24531
24244
25748
24342
24582
23677
25770
23952
24206
23773
25552
24582
24045
24194
25060
24006
23820
24136
24686
23318
24269
23561
24850
23725
24858
24206
23597
25342
23914
23636
23922
23240
23965
23285
24881
23682
23684
23650
23653
24741
24750
24855
22852
23290
24014
23568
22839
22629
23420
23520
23667
24532
22937
23468
22593
23122
23645
22378
23112
22506
23361
23235
22402
21846
22736
22061
22200
22915
22546
21973
21992
22493
22148
21444
21338
21962
22040
21904
21744
21745
22108
23189
22021
22389
22673
21231
22456
23949
21164
21860
22757
21499
21642
21611
21571
23604
20650
22345
22691
20152
20299
21386
20969
21462
21412
21397
20847
21985
21160
21736
21289
20466
21471
20908
20748
21753
21848
21738
21204
21154
20288
21796
21670
20742
22070
20613
21514
21339
20739
20982
20155
21049
20777
20521
21977
21712
20411
21522
21455
19884
20528
19472
20285
20609
21883
20572
20619
19481
20282
19636
19244
20852
20682
19909
19371
19771
19989
20642
19216
19933
19080
20340
19419
19807
19521
19249
19309
18588
19389
19888
18672
19311
19528
18926
20329
20342
19143
19208
18973
19425
19109
19396
19763
18996
20275
19714
18541
18034
18454
18393
19331
18345
19178
20331
18876
18890
18391
19028
18181
18544
19679
18877
18628
18767
19863
19210
18970
18929
19544
19084
18761
20532
18343
18959
18452
18496
19328
18571
18872
19090
18720
18814
18737
18292
18119
17968
18532
18017
18714
18773
17821
18112
18085
18379
17874
18893
18708
17694
18250
18790
18123
18854
17830
18580
17900
17897
19774
18094
17732
18418
17814
17898
18546
17974
18452
17861
17664
19192
19197
17338
17613
17693
17426
17839
17724
18840
17685
18232
18158
17357
18420
18107
17420
18357
17126
18041
18240
17664
18043
17519
17650
17941
17486
17233
18072
17350
17683
17958
16964
18143
18556
18152
16891
17131
17629
19186
18750
19135
17633
17441
17474
17424
17077
16700
17116
17234
17888
16939
17761
17410
17969
16757
16678
17734
16712
17435
16728
17764
17528
17196
17920
18229
17626
18037
16689
16910
17901
16853
16432
17732
16564
17106
17160
17310
17398
17394
17985
16360
16855
16874
16433
16713
16388
15964
17161
16516
17416
17124
17291
16355
15956
17656
16635
16591
16588
18084
16964
16220
16718
16486
16513
17024
16133
17227
16890
17341
16827
17736
16614
16474
16596
15977
17029
16132
15901
17188
15897
15790
16876
17017
17124
17246
16495
15943
16004
17047
17249
16154
16932
16956
16408
16570
17015
16281
16150
16351
16437
16279
16972
17550
17180
16089
15938
15963
16393
16323
16276
17864
16443
16833
15709
16866
16976
16277
16917
16022
16173
15834
16050
16094
17168
16370
17010
16960
16261
16182
17016
15741
16210
16193
16072
16775
15880
16163
16717
16905
17143
15876
15600
15958
15714
15924
15764
16138
15620
15623
16586
15829
15732
15444
16272
16486
15923
16549
15720
16138
15385
17147
15796
16622
15739
15674
15700
15295
16338
16654
16944
15428
15950
15442
16206
16102
15354
15331
15838
15995
16616
15408
15493
15520
15426
15912
15928
15649
16327
15444
15607
15490
15757
14921
16527
15554
15844
15322
15476
14531
15133
14956
14948
14301
15998
15637
15048
15002
15650
15672
15741
14644
14720
15423
15835
14562
15901
14970
14572
15199
15705
14416
14441
14522
14733
14789
14255
15212
15056
15204
14562
14292
15157
14073
14100
14714
15260
15068
14926
14808
14454
14869
13545
13845
14989
15064
15497
14126
14544
14288
15197
14900
13708
14290
15206
14118
13702
15115
14032
14169
14422
14061
14360
13689
14646
14894
13783
13499
15068
15905
15011
14039
13112
13935
14958
14466
15444
14152
14681
14224
14773
16038
13513
13571
14614
13572
14318
13133
13220
13845
13642
13603
13776
13501
15101
14086
13908
13652
12849
13561
13067
13156
13751
14345
12525
12729
13713
12978
12680
13902
13667
12577
12528
13219
13020
12948
12826
12526
12735
12666
13078
12725
12580
12552
12822
13140
13061
12560
13713
13268
12429
12641
13291
12961
13394
12790
12221
13300
13447
12915
13162
12072
13666
13968
13023
12305
13084
12080
12645
12549
12491
12063
12104
13062
11654
12775
11937
13278
12263
12520
11852
12485
12361
12462
12019
12026
13690
12310
12958
13123
12635
11828
12027
11760
12576
13403
11844
11271
11671
10316
11332
11320
11818
10968
11613
12191
11823
12247
10836
11204
12068
12291
11565
10654
11576
11184
11676
13484
11158
11309
11727
11195
10612
10313
11010
11278
10772
11571
10606
10545
11730
10803
10673
11080
12521
10857
11541
10617
10905
11612
10428
10235
10299
10761
10432
10798
12964
11063
10140
10759
11913
10907
11161
11302
10988
10917
10884
10605
11004
10380
10625
10333
10838
10380
10848
10954
10073
11531
11483
10044
11186
11317
10254
11884
11108
10462
11055
11277
9675
10851
10543
11252
10324
9874
9408
10350
10566
9778
10266
10167
11959
9483
9492
9990
10222
10229
10056
10345
10442
10372
10745
9859
11290
10274
10253
10425
9531
10792
10187
9957
9986
10384
9294
10081
10793
9764
11247
9559
10766
10145
11440
12660
10581
9819
9371
9130
10818
9479
9729
10048
9810
10369
9577
9997
9596
9184
9025
9860
9537
9812
10370
9677
10009
9297
9567
9850
9995
9350
8970
9174
10690
9885
9268
9716
9323
9484
9367
9153
10331
9960
10545
9890
9761
10272
10155
9651
9498
10134
10809
9733
10473
9190
10528
9271
9184
9795
9010
8775
11010
10946
8974
9611
9111
8920
9299
10449
10137
9005
9012
11146
9606
9646
9092
9523
10207
9597
10748
9664
9820
9216
9934
9133
9325
10994
9654
9012
9629
8998
9279
8909
9619
10885
9374
9862
9095
9231
9438
10450
8919
9497
10041
9931
9214
10546
9376
8309
11378
9345
9495
9462
9553
9320
9392
8817
9069
9389
9374
9308
10152
10627
8436
9446
9843
8872
10054
9094
8774
9003
9685
9834
9428
9671
9032
10139
9068
9602
9028
9839
8832
8312
10632
9677
8960
9490
9967
10905
9901
8874
8758
8991
8595
8348
8744
9009
8867
8806
10779
9103
10169
10698
8814
8521
9901
9043
9340
10625
9275
9408
10372
8973
8830
9360
9809
9233
9322
9733
11001
9870
9213
8745
8699
9893
8927
8877
10452
9237
8787
9553
9020
9883
8690
8573
10330
9968
9282
9730
9408
9378
8971
9303
8897
9965
9235
9436
9306
8840
9102
8886
8389
9523
9649
9369
8499
8581
8936
9124
9318
8925
10002
9582
9040
9058
9292
9428
9175
9652
9522
8579
8103
8738
8709
9360
8979
9523
8728
8552
9086
9414
8265
8833
9060
8574
9965
8911
9450
8179
9331
9880
8736
9525
7892
8713
8994
9560
8498
8704
8407
9223
9547
10130
9316
9380
8439
8967
9177
8477
9441
8989
8434
9472
9323
10906
8157
8448
9720
8723
8125
9001
9268
8533
8845
8260
8704
8557
10409
9822
8545
8942
9018
9288
9888
9087
8388
9479
8804
8943
8370
9158
9116
9191
9334
8752
8514
8533
8293
8432
8590
8909
8335
9716
8391
8794
8615
8066
9701
8813
10772
9184
8238
8852
8184
8843
10069
8889
8238
9514
8559
8960
8959
8767
8955
8884
8069
8267
8336
8563
9106
8307
10242
10127
8425
9259
8450
10685
7872
9067
8718
8879
8494
8822
8912
9094
8498
9526
8586
8968
8030
8595
9077
9236
9151
9745
8689
8260
8210
8827
8708
9550
8513
10106
8075
9016
9548
8682
8638
9012
8350
8893
9134
8423
9265
8302
9529
9687
8884
8629
9443
8824
8068
9723
9307
8277
8489
9208
8790
9313
8776
8398
9358
8688
8612
8970
9193
8612
9827
9823
9234
8631
8036
8679
9003
8517
9095
8148
10395
8523
8767
9227
8780
8329
8754
8250
8567
8322
8993
8639
9943
9184
8465
9521
8228
8918
9436
8381
8458
9529
8233
9351
8260
8504
8132
10045
10019
8301
8467
8930
8426
8679
8646
8566
9187
9628
7647
8362
9082
10862
8422
8875
8577
8663
8901
8721
9654
8542
8799
8100
8836
8129
8866
8924
8269
8936
8453
8590
8837
9047
8370
9698
8787
9128
8353
8073
9246
9400
8186
8841
8509
9310
8714
9893
8844
8611
8857
10460
8889
7812
8551
8610
8376
8067
8774
9515
9193
8606
8225
8768
8492
9573
9500
8159
8650
9377
8760
8239
8136
7971
9784
8232
8974
8293
8941
8299
8203
8516
8624
8513
8356
