7814
6936
7125
7896
6337
12046
6113
6532
6788
6692
6633
6382
6840
6794
6064
8079
8632
6653
7510
6911
6596
7229
6440
7567
7122
6851
6880
6262
6085
6850
6856
7287
6367
7331
6187
6671
6340
6555
6997
7556
6624
6699
6542
6541
6171
6725
8204
6367
7403
7165
9424
7546
8882
7049
6309
7018
6842
6537
6900
6504
6931
7541
6929
7926
6954
7198
7624
6173
7956
7859
6911
6698
6781
7450
6915
6828
6546
7041
7095
6552
7684
6970
7388
8053
6851
6986
7302
6149
7752
6804
6992
7418
6821
7076
6616
6532
7477
9029
7620
6344
7966
6414
6840
6548
6898
7021
6443
7383
6471
6941
8040
6964
7756
7841
6742
6908
6350
7558
6521
7042
7068
6680
6340
7443
7119
6931
7799
7166
6788
6932
6876
6766
7102
7372
7016
7291
7298
7402
7763
6911
6857
6375
6045
7184
7205
6286
6804
7625
6545
7073
7916
6714
7014
7035
6543
7063
8157
7039
6576
7280
9030
7034
6369
6939
7200
7915
6974
7929
6919
6675
6957
6879
6863
6284
6898
6192
7333
7117
6650
7891
6443
7924
7513
7074
7115
9069
7461
6397
8826
7365
8421
7007
7417
6684
7361
7598
6694
7146
6519
8490
6409
7045
7090
6840
6526
6975
7816
7350
7021
7394
6560
6933
8164
6781
6974
6712
6846
7409
7366
7177
8059
7281
7133
7402
7330
7428
6753
7510
6557
8419
7124
6676
6251
7293
7164
7469
8186
7607
7452
7174
7691
6973
7054
7450
6680
8077
7100
7221
6267
7903
6260
7996
6892
7768
7175
7404
7752
7135
8361
7343
6372
8970
6824
7589
6667
7174
6993
6817
6752
8557
7288
7181
7131
6637
6506
7198
7128
6893
6589
7866
6875
6766
7275
6386
7031
6933
7178
7318
7569
7151
6350
6631
7171
7765
7856
8114
7483
7190
7081
6932
7327
6808
6452
6646
7261
7610
7232
6906
7865
7436
6609
8720
7476
7538
6566
7582
7606
7534
7619
6824
8116
7046
6407
7980
6742
7072
8260
7679
7146
7471
6524
7007
6597
6859
6833
7460
6837
7116
7213
6609
8210
7640
7703
7240
7553
6900
7772
7349
7237
7176
7435
7486
7174
6462
7184
8189
7035
7965
6595
8251
6552
7023
7312
6352
6699
7043
6961
6840
7003
6946
7706
6237
7398
7466
6793
6756
7032
6939
6393
6663
7062
7271
6555
8998
6653
7074
7790
6644
7986
7450
8058
7796
6558
6673
6992
6976
7732
6875
7260
6766
7741
7092
7378
6673
8110
8626
7200
7640
7605
6996
8416
7611
7898
7598
6614
7428
6504
7115
7017
7070
7086
6851
6639
6769
6793
7060
8182
6607
7788
7542
6953
7559
7026
7051
6766
6987
7391
7087
6941
6634
6459
6874
6688
6840
7309
7132
7342
7729
7154
7686
6510
7167
7871
7390
6945
7282
6987
7332
7495
7195
6726
7067
7442
7890
7309
7871
7436
7200
6748
7117
7750
7065
7053
7805
7908
6828
6961
8036
7387
6474
7812
6994
7861
8718
8528
6322
8096
7148
6659
6732
6585
6632
6453
7040
6852
7345
10631
8372
6973
6766
7514
7162
6537
7048
7633
6874
8143
7051
7766
6936
7342
7172
7244
7759
6934
8370
7555
7353
6891
7510
7672
8222
7451
7160
6985
7481
7539
7964
7659
7796
7370
6855
7973
7742
6901
8221
6908
7885
7291
8552
7335
7149
6432
7833
7512
7201
7775
6842
6700
7148
6807
9731
7135
8976
7678
7336
8001
7215
7127
8221
6596
6862
6985
7080
7762
7056
7424
6662
8613
8420
6893
6677
7930
7087
6490
7212
7306
8107
6668
7641
7248
7970
7676
6869
7055
7862
7208
7348
7695
7613
7127
7035
6855
6505
6584
6838
7596
7332
6717
7453
6793
7287
7521
9497
7470
7277
7316
6822
7207
6929
6594
8118
7425
7102
7360
7213
6512
8087
6905
8473
7046
7367
8212
6810
7468
7004
6606
7305
7880
8196
7135
6832
7924
7618
7914
6575
7268
7217
7374
8159
7228
6883
7586
8663
8930
8661
7585
7116
6646
6517
7644
6639
6764
7329
6687
6614
7301
6986
7352
7037
7928
7277
6909
7771
6930
7261
6661
6976
7611
8254
8348
6505
6813
7547
7530
7151
7297
8863
7246
9432
7935
7004
6727
6936
7031
7573
8419
6902
7222
7995
6902
7282
7289
7439
6892
7259
7424
7891
8616
7929
8404
7971
7154
7433
6967
6543
7122
8114
8252
7644
7051
7769
8101
7720
7307
7716
7026
7434
7109
8279
7301
8125
7610
7123
9692
7240
7637
6806
8809
7398
7571
7752
7492
6592
8120
7713
7088
7630
8187
7586
7327
6770
7609
8089
7110
7848
6939
7261
7189
6672
8271
8583
7150
7548
7057
7582
6780
6881
9111
8468
7964
7185
7533
7247
6786
7093
7304
7204
7600
8216
7186
8123
6711
7011
7245
8007
6981
7777
8619
7042
6861
7771
7279
8265
7393
7561
7124
6753
7657
8334
6635
7042
6798
8432
7070
7579
6953
6763
7021
6749
8082
7580
6550
7232
7937
8154
6903
7529
7192
8786
8401
7424
7952
7218
7400
7512
7804
7151
8067
7548
7830
7768
6612
8220
8265
7177
8484
6625
7519
8617
7442
7969
8846
7441
7903
6740
7999
7208
7416
6647
6914
7012
7362
7127
6913
7490
8204
7556
8166
10667
7015
8295
6863
6744
6843
7304
8062
7275
7878
7808
8524
7938
7712
7348
6960
8673
7595
8204
8448
6900
6966
7376
7750
7065
7079
8043
8520
7408
8999
6772
7961
7917
7736
7742
8400
7599
7332
7436
7870
7459
7319
7747
7816
7642
7054
7232
6611
7727
7639
7187
8503
7993
7430
7325
7533
8523
7751
6805
8674
6858
8710
7631
7266
8077
7009
7654
7331
7278
7057
7559
7926
8123
8000
7976
6710
9417
7211
7456
7880
7981
7450
6893
7380
7127
7073
7415
6851
7219
8405
6921
6900
7844
7952
8021
8053
7003
8630
7452
7288
7733
7758
7569
7759
8265
8010
7845
7100
8031
7258
7380
7158
8654
7838
8035
8126
7274
7125
7907
7045
8494
7018
7884
7084
8341
8072
8327
7116
6665
7517
7636
7778
7985
7469
7667
7633
7015
7862
7159
7701
8030
7117
7657
7306
7607
8664
7437
8023
7028
7630
7773
6582
8435
7076
7960
9209
7408
7231
7444
7463
7739
7411
8170
7039
7809
7258
8303
7646
8297
8331
8494
8080
7614
7370
7224
7207
7505
7977
7074
7410
6882
7803
7603
7218
8598
7386
7876
7668
7147
7201
7734
8030
8048
8258
8123
7378
7270
7780
7573
7621
7378
7518
8678
7380
7419
7803
7199
7900
8307
7165
7611
6877
8127
7624
8102
7217
7174
7168
6922
7581
7947
7569
7517
8078
7506
7810
8181
6740
7788
6889
7544
7944
7509
8012
7526
7179
6989
8532
7586
8101
7198
8381
7481
7022
7496
7145
7522
7762
8032
8137
8003
8585
7258
8299
7219
7535
7945
7157
8452
8885
7742
7274
8563
7350
9294
8093
7948
8038
7182
9455
8338
7754
8481
7495
7726
9014
7466
8231
8639
8266
6965
8124
7451
9044
7906
7296
8381
7565
7856
7720
7625
8974
7872
7712
7787
7640
8331
7798
7589
7236
8166
8006
7718
8116
8463
7360
8478
7997
8369
7100
8735
8687
7470
7350
8662
8489
7154
7370
8002
8625
7567
7941
8034
6656
9022
7450
7753
8055
8300
7799
8184
8349
7576
7463
7370
7508
7080
8096
7318
7334
8170
7755
8417
8308
8292
8432
8178
7970
7406
7643
9575
8170
8000
8359
8401
7423
7643
7563
7974
7883
7438
7902
8507
7556
9572
7961
9517
7211
7381
8412
7934
8036
7780
8434
7708
7634
8086
7707
7681
7713
7642
9750
7560
7450
7079
7726
7362
7750
7785
7148
7851
7645
7645
7446
8155
7387
7396
8048
7288
7857
7455
7572
8846
8065
8522
8324
7787
7666
7968
8772
7338
7952
7013
9211
8260
7138
7624
8903
8025
7064
7868
7184
8736
8044
7339
8335
7782
8062
8868
7924
8453
7185
7356
8483
9333
8322
7676
7936
8494
7844
7629
7382
8017
7718
7548
7863
8364
7232
9140
8181
8052
7611
7551
7250
8200
7789
7594
7736
7914
7306
7535
8944
8327
7493
7529
8812
9151
8596
9659
7564
7976
8136
7592
8100
8695
8431
7969
8699
7565
8054
7771
9152
8160
7841
7772
8012
9758
7767
7609
7721
7698
7983
7736
7789
8504
7553
9117
8548
8734
8430
8006
8489
8008
7926
7452
8170
7640
9160
7932
9248
7769
8948
7879
7647
8373
8067
8212
8847
8829
8433
7192
8054
9088
8470
8440
8869
8728
8202
7798
7884
8881
7745
7885
8457
7646
8162
7746
8524
7580
8268
7442
7746
7803
7802
8078
9813
8927
8275
7924
8862
8771
7617
8982
8571
8348
7843
8383
8529
8579
7998
7918
7755
9718
8035
8588
10317
7918
7954
7738
7689
9141
8784
8680
8918
8069
7626
9422
8072
9593
7918
7537
8289
8063
7482
7836
9041
8196
8596
7588
8272
9084
8657
8488
8268
8291
8817
8200
8458
8932
7079
8238
7761
8939
7999
8080
7365
8520
7577
8687
8696
7545
7818
8384
7002
7624
9005
8490
8770
8097
8337
8505
7918
8910
7950
8213
7916
8538
8182
8091
8369
8469
7458
7922
8551
7975
8357
7593
8700
8228
8059
7588
8127
9174
7434
7487
8708
9362
8612
7925
8213
9421
8041
7986
8215
7972
8133
8697
8626
8181
9041
7914
9207
9179
8613
8634
8790
8527
8576
8029
9310
7970
8632
7739
8716
8600
8436
8274
8392
9600
7960
8758
8296
8456
8210
7475
8569
8669
8889
8361
8206
8781
8078
8233
8694
8651
8258
9562
8287
9117
8938
8214
10310
8969
8506
8486
8551
9115
7686
8245
8618
8180
7938
7908
8232
7846
8593
7788
9753
9357
8228
9163
8422
8213
8683
8910
8152
8421
9022
8290
8430
8693
8262
8827
8941
8738
7883
7483
9425
9451
9565
8331
7522
8566
8624
7990
8148
9176
8957
8124
8511
8249
8193
8177
8369
8671
9096
7632
10050
9034
8113
8781
8970
8901
8322
8055
7747
8381
7855
9564
8742
8928
8234
8743
9109
8543
8896
7632
7987
8676
8456
8478
7921
8111
8290
9602
9287
8623
8105
8320
9205
9504
8856
9235
8404
9625
8244
8241
9312
8476
7664
7831
9549
8466
8041
8110
9137
9398
8376
8230
9616
8169
9026
7906
8267
8859
8399
8379
8459
9450
8706
9248
8320
8925
8633
7819
9185
9339
8188
8006
8770
8221
7895
7709
8916
9408
7821
8196
9081
9410
8137
8752
9373
9083
8040
9289
8918
8901
8051
8078
8179
9485
8947
8258
8687
8915
8718
9936
9939
8427
7901
9610
8852
9193
8738
8596
8253
8647
7945
8994
8148
8537
8099
8950
8234
9196
8627
8219
8115
9266
8537
8539
7783
8360
8344
9426
8431
9179
8426
9138
9863
8517
8684
9119
8576
8800
8905
8242
8627
8991
9401
8699
9385
8257
9117
8188
8358
9905
9526
8712
9778
10323
8498
8175
9221
9158
8610
9734
9301
8258
8661
8092
9045
8793
9647
9007
8683
9738
8680
9142
8652
8786
8905
8634
8536
8992
8822
8715
8742
9574
9230
8176
8380
8303
7654
8234
10260
8415
8426
8151
9483
9128
8469
8832
8546
9100
8226
8066
8662
11376
7898
9476
9057
8691
8715
8814
8881
8965
9397
8190
10036
9427
8304
8219
9777
9045
9047
9892
9321
8602
8740
8699
10828
8554
8324
8130
10090
8428
8781
9578
8692
10741
9837
9181
8762
8604
8078
8013
10585
9794
8534
9462
9364
10189
9591
8166
9848
10476
8203
8794
9927
8875
8732
8140
8598
8253
8545
9786
9717
8833
8558
9644
8576
8210
8713
8545
8883
8867
8682
9055
8886
8612
9324
8825
9231
9666
8855
8357
8710
8178
9393
9638
8358
8462
10333
9225
8201
8771
9337
9732
8488
9090
9990
8457
9025
8873
8330
8667
7931
9130
8370
8466
9194
8351
9371
8910
8865
8810
9578
9940
9030
8627
8922
9931
8346
9183
9144
9067
8407
9861
9074
8232
8484
9327
8776
8695
9160
8630
9305
8398
8756
9589
8945
8930
8724
8468
9438
8634
8281
9795
8676
10268
10681
8688
8720
9317
8685
8645
8579
9329
8955
9006
8888
9328
8563
8395
8772
8837
8893
9840
9916
9512
9309
9735
9216
8314
8758
9746
9339
9199
9268
9705
8855
8837
9444
9365
8966
10188
9413
11426
9166
8520
10013
9084
9495
9273
9108
9151
8565
9773
8724
9599
9720
8841
9711
9358
9840
8397
9050
9165
8597
9451
8873
8919
9577
8502
9115
9331
10425
10213
8835
10055
8073
8704
8816
9238
8898
9789
9294
9163
8890
9253
8754
9354
9650
8755
8144
8376
9157
9663
9492
8805
9558
9274
8938
10349
10144
8994
10122
9779
8896
8808
10637
9286
8803
9168
8973
9908
9704
9965
9318
9271
9751
9136
8940
8929
9361
9458
8896
8794
9302
9888
9398
9028
8997
9259
9540
9029
9888
9593
9292
9816
9568
9294
9915
10079
8974
9252
9463
10226
8935
10572
9292
9500
8869
9032
9077
9395
9492
10279
9701
9464
9890
8987
9813
9942
10024
10052
10110
9579
9283
9107
9218
9922
9691
9414
10083
9859
9362
10569
10394
8854
9917
10077
9342
9847
9056
9979
8547
11599
9801
9101
9244
8862
9028
10272
10436
9779
9507
9279
9028
9885
9668
9331
10057
9858
9133
9739
9770
12088
9958
10103
8982
8890
9693
10185
9625
9198
10028
9913
9199
9083
10397
9352
9093
9293
9962
10354
9525
9879
9443
9734
10748
9729
9781
9227
9929
9142
9683
9493
9307
9428
9837
10415
9947
9586
10309
10678
9831
9949
9940
10406
10752
10403
9903
9165
9912
10125
10100
9578
8861
11044
11259
9197
8997
9649
10354
9408
11725
9766
10699
9246
9586
11786
9340
9472
10946
9395
10112
9994
9876
10319
10752
10317
9992
10040
9954
10581
10597
10604
9881
9557
10072
9704
10146
9469
9818
10404
9401
10633
10318
10178
9436
10905
12298
10531
10437
11346
9854
10048
10376
10859
9888
9181
10778
11044
9666
10077
9722
9796
9783
9698
10072
11302
10730
10838
11511
10637
10406
9696
10926
10236
10182
11227
10670
12496
11186
12260
10277
9890
10695
10727
11524
11005
10249
10941
11184
10569
11675
10055
10433
10906
10489
11225
11469
11068
11026
11040
11073
11102
10694
10934
10714
11544
11333
11404
11645
10568
11006
9931
10054
9989
10989
10341
10555
11049
11556
10971
12307
11654
10469
10974
10394
10687
11469
10616
11234
10567
10203
11803
10678
11163
10362
12390
10578
10877
10146
12166
11299
10753
10914
11830
10811
10714
10685
11290
10287
11236
10652
12000
11345
11944
11503
10972
12437
11336
10921
11021
10688
11520
10653
12096
11361
11477
11645
11323
12223
12497
12525
10589
11224
12143
11565
11244
10642
11921
11824
12205
12825
11521
12159
11490
12068
12730
11252
11956
11347
12245
12132
11750
11407
12189
11351
11615
12479
11988
11404
11566
11655
11614
11130
11002
11771
11906
11869
11618
11630
11973
12805
12173
12203
12602
11223
12422
14036
11094
11581
12956
11947
11948
11799
12050
14185
11310
13179
13707
11634
11593
12404
12390
12099
12693
12562
12363
12746
12127
12998
12326
11488
12241
12107
12201
13037
13306
13214
13041
13078
12184
13530
13244
12966
14187
12619
13197
13184
12696
13343
12409
13400
12864
12575
14468
14047
12726
13845
14121
12664
13084
12306
13362
13295
14602
13686
13916
12630
13217
12286
12337
13850
13881
13008
12736
12936
13548
13944
12962
13547
12951
13888
13341
13393
12979
13056
13163
12534
13220
13799
13059
13524
13857
13364
14822
14444
13340
13622
13397
13888
13688
13789
13895
13430
14872
14587
13512
13337
13143
13350
14121
13373
14046
14956
14125
13638
13445
13925
13588
13942
14861
14365
13947
14101
15466
14474
14508
14464
14992
14720
14285
15988
14210
14566
14575
14709
15289
14285
14685
15350
15251
14787
15472
14409
14141
14353
14464
14249
14812
15362
14524
14640
14565
14928
14696
15458
15106
14237
15261
15594
14933
15537
14601
15653
14747
14893
16754
14756
14886
15488
14930
15320
15915
15253
15741
15256
14904
16189
16374
14795
15243
15383
15104
15524
15334
16634
15411
15518
15862
15323
16021
16049
15061
15808
15106
16234
16377
15698
16109
15420
15784
16073
15389
15577
16449
15527
15739
16378
15210
16521
16682
16392
15313
15309
16522
17180
17236
17604
16143
16154
16128
15959
15522
15206
15621
15813
16360
15712
16489
16239
17079
15398
15586
16366
15702
16593
15816
16504
16128
16314
16750
17092
16338
16917
15818
16053
16938
15837
15710
16719
15756
16004
16476
16561
16448
16877
17253
15511
16214
16640
16105
16218
15785
15427
16697
16311
17018
16582
16640
15818
15686
17279
16355
16237
15936
17474
16521
15498
16342
16255
16491
16981
15695
17052
16663
17014
16602
17417
16412
16159
16357
15645
16861
15994
15716
17012
15938
15668
16626
17305
17267
17310
16130
16087
15995
17077
17125
15963
17054
16847
16542
16491
17148
16099
16351
16456
16570
16656
17133
17882
17381
15923
15958
16133
16907
16480
16481
17839
16440
17318
15882
16823
17100
16531
17380
16226
16350
16221
16136
16178
17152
16254
17204
17132
16398
16552
17102
16296
16369
16457
16460
16952
16106
16565
17086
17467
17299
16346
16042
16221
16049
16477
16204
16919
15888
16092
17244
16124
16000
15637
16631
16729
16396
16943
15940
16740
15872
17901
16614
17389
16281
16368
16014
16063
16716
17002
17110
15847
16096
15671
16444
15966
15492
16009
16512
16182
16966
15778
15786
16257
15979
16241
16251
16309
16989
15759
16000
16021
16418
15848
16913
16118
15930
15592
16013
14828
15599
15549
15444
14757
16413
16060
15492
15311
16060
15916
16002
15246
15381
15520
16397
15095
16162
15092
15133
15570
16174
15049
15013
15020
15363
15082
14666
15642
15206
15413
15100
14886
15469
14624
14612
15040
15944
15428
15327
15401
14966
15200
14085
14497
15390
15446
16045
14336
14938
14621
15675
15434
14424
14747
15432
14681
14157
15579
14392
14603
14624
14445
14704
13866
14776
15343
14191
14022
15478
16180
15736
14498
13441
14375
15640
15097
15561
14629
15266
14348
14990
16262
14090
13775
14584
14049
14745
13458
13400
14213
14165
13742
13655
14106
15365
14326
14275
13864
13538
13918
13122
13277
14146
14708
12910
13264
14200
13163
12934
13947
13958
12906
12614
13666
13096
13052
13010
13074
13072
12946
13440
13060
13101
12592
12965
13151
13067
12621
13729
13664
12490
12901
13476
13232
13464
13021
12402
13509
13392
13221
13086
12348
13763
13832
13166
12272
13297
12358
12750
12729
12426
12209
12078
12914
11773
12548
12350
13470
11989
12564
12002
12501
12698
12445
12077
11785
13563
12253
12622
13250
12608
11892
12133
11653
12823
13204
12106
11480
11802
10345
11457
11465
11777
11114
11372
12446
11631
12341
10748
10976
11870
12360
11499
10720
11622
11141
11239
13529
11005
11208
11828
10975
10496
10479
11035
10981
10672
11571
10491
10580
11576
10728
10789
10948
12477
10873
11631
10534
10780
11275
10476
10150
10398
10722
10185
10816
12689
10946
10056
10862
11739
10616
11052
10997
10817
10902
10770
10780
10923
10247
10544
10362
10540
10259
10616
10930
9977
11430
11446
9899
11337
11432
10056
11798
10900
10313
10956
11032
9317
10548
10268
11186
10092
9706
9050
10385
10430
9636
9857
10048
12103
9460
9342
10160
9949
10057
9851
10042
10093
9974
10548
9790
10990
10061
10013
10280
9395
10472
9865
9777
9813
10411
9237
9763
10882
9510
10887
8981
10732
9804
11485
12477
10297
9638
9210
9028
10573
9218
9488
9867
9544
10168
9522
9848
9457
8963
8647
9675
9226
9701
9760
9556
9805
9179
9593
9641
10074
9256
8850
9217
10606
9563
8989
9592
9003
9164
9316
8532
10064
9594
10219
9757
9347
10035
9913
9363
9132
10157
10625
9453
10021
8994
10402
9353
8857
9280
8886
8557
10636
10518
8592
9359
8903
8611
8804
10547
9796
8551
8812
10967
9247
9488
8814
9170
9860
9154
10418
9443
9393
8656
9436
8535
9178
10474
9556
8852
9358
8660
9125
8578
9563
10390
9201
9706
8651
8778
9270
9935
8582
9174
9753
9629
8960
9642
9011
8061
10980
9433
9480
9283
9312
9096
9396
8606
8629
8907
9169
8663
9818
10137
8316
8790
9644
8472
9903
9040
8378
8886
9185
9564
8980
9441
8622
10062
8788
9308
8546
9475
8485
8086
10635
9345
8848
9156
9555
10429
9673
8539
8521
8853
8047
8110
8352
8631
8625
8190
10277
9018
9512
10429
8395
8248
9907
8811
9247
10336
9131
9203
10038
8877
8512
9070
9556
8722
9183
9348
10859
9733
8793
8541
8604
9530
8662
8577
10160
9047
8670
9078
8665
9448
8526
8203
9991
9502
9125
9394
9098
8927
8698
8836
8591
9892
8844
9176
9061
8592
8605
8458
8320
9133
9381
9104
8183
8284
8777
8985
8998
8570
9634
9173
9029
8820
9061
9064
9012
9218
9209
8314
7901
8438
8606
8930
8629
9167
8335
8233
8731
8684
8265
8369
8694
8431
9771
8585
9087
8144
9236
9794
8474
9009
7549
8450
8974
9028
8174
8105
8235
8861
9128
9700
8938
9225
8241
8355
8740
8214
9108
8450
8239
9288
9209
10748
8078
8222
9645
8469
8005
8682
8875
8217
8604
7719
8382
8230
9944
9373
8192
8612
8879
9010
9545
8589
8254
9117
8615
8602
8155
8900
8787
8982
8897
8646
8213
8266
7956
8154
8280
8541
8026
9539
8062
8495
8289
7652
9304
8476
10368
8650
8132
8557
7740
8500
9755
8453
8053
9402
8320
8564
8747
8612
8468
8682
7840
8043
7917
8501
8543
7892
9837
9878
8107
8865
8111
10386
7590
8875
8670
8331
8177
8565
8590
8816
8146
9229
8211
8646
7825
8298
8904
8945
8708
9590
8325
7758
8009
8688
8305
9100
8364
9964
7815
8568
9415
8240
8503
8665
8143
8520
8811
8165
8998
7992
9264
9217
8832
8477
9115
8624
7807
9521
9149
8209
8432
8843
8578
8987
8413
8019
9077
8472
8344
8773
9142
8469
9704
9482
9060
8082
7743
8273
8742
8148
8707
7787
9972
8093
8737
9096
8464
7992
8379
7906
8236
8074
8574
8178
9516
8982
8179
9261
8134
8472
9060
8127
8108
9060
7906
9050
8247
8160
7824
9741
9810
7984
8335
8515
7980
8428
8253
8104
8891
9387
7605
8220
8570
10608
8186
8718
8263
8361
8602
8497
9259
8373
8505
7903
8349
7918
8560
8475
8012
8734
8087
8339
8318
8798
7779
9460
8574
8787
8113
7786
8988
9024
8091
8378
8004
9044
8462
9400
8368
8537
8593
10264
8749
7661
8179
8297
8114
7615
8377
9225
8831
8267
8005
8434
8506
9387
9274
7879
8425
8687
8252
7829
7866
7695
9616
8133
8605
8177
8617
8048
8084
8351
8210
8516
8121
