7710
6977
7273
8045
6473
12460
6366
6662
6826
6825
6687
6555
6902
6660
6190
8149
8571
6845
7474
7250
6432
7415
6567
7752
7146
6965
6857
6212
6056
7003
6813
7266
6373
7397
6387
6816
6345
6702
7253
7397
6682
6826
6602
6434
6221
6644
7972
6720
7393
7345
9449
7837
8906
6890
6282
7097
7058
6884
7246
6595
7112
7549
7103
7989
7129
7099
7473
6052
8108
7834
6761
6850
7097
7636
6933
6970
6478
7137
7159
6729
7737
7210
7472
8040
6855
7023
7361
6234
7707
6918
6951
7464
6984
7136
6805
6751
7475
9243
7712
6548
7988
6612
6887
6923
6835
7065
6521
7516
6562
6975
7996
6812
7928
7961
6976
6965
6500
7618
6594
7107
7076
6932
6453
7507
7358
7044
7890
7384
6873
6934
6938
6681
7101
7462
7076
7138
7566
7576
7944
6988
6943
6438
6293
7391
7213
6351
6809
7784
6824
7145
7937
6972
6989
7252
6573
7171
8215
6923
6691
7212
9342
6837
6548
7116
7228
7961
6886
7997
7053
6680
7138
7191
6944
6445
7023
6305
7537
7200
6688
7972
6465
8148
7526
7289
7096
9092
7503
6672
8829
7517
8528
7183
7610
6896
7565
7734
6752
7135
6749
8424
6464
7279
7270
6917
6663
7188
7819
7452
7213
7385
6698
7110
8233
6847
7135
6742
7036
7534
7338
7425
8076
7348
7107
7618
7625
7369
6852
7673
6645
8297
7074
6800
6471
7257
7145
7447
8357
7746
7205
7372
7762
7067
6953
7504
6681
8105
7190
7477
6465
8039
6277
8053
7019
7727
7424
7554
7755
7101
8584
7389
6345
9150
6867
7606
6510
7171
6957
6939
6939
8717
7483
7404
7114
6720
6617
7267
7226
6982
6481
8102
7011
6954
7302
6656
7149
6802
7228
7484
7839
7266
6419
7010
7321
8003
8074
8309
7577
7526
7396
7020
7518
6862
6539
6743
7460
7612
7352
7065
7916
7453
6728
8902
7573
7673
6676
7690
7753
7762
7813
6865
8313
7386
6521
8186
6986
6929
8312
7797
7401
7704
6434
7112
6789
6994
6862
7446
6948
7043
7260
6879
8359
7735
7830
7267
7783
7035
7994
7324
7285
7270
7645
7355
7399
6696
7459
8424
7152
7913
6571
8322
6580
7078
7456
6497
6803
7401
7147
7015
7171
7252
7798
6405
7502
7604
6994
6816
7195
6996
6780
6968
6973
7423
6567
9214
6547
7060
7871
6530
7942
7570
8174
8051
6803
6918
7235
7115
7708
7034
7320
7125
7889
7277
7336
6570
8378
8718
7264
7814
7684
7184
8420
7671
7985
7829
6831
7746
6647
7112
7193
7135
7467
6950
6831
6892
6832
7060
8152
6776
7805
7545
7091
7611
7241
7189
6858
7031
7600
7266
6932
6731
6599
6996
6776
6981
7465
7403
7388
7945
7352
7880
6586
7176
7863
7401
7244
7303
7302
7170
7778
7528
6879
7232
7418
8069
7509
8023
7565
7301
6914
7281
7768
7236
7144
7900
8053
6892
7298
8200
7513
6610
7849
7221
8115
9038
8631
6586
8306
7421
6792
6964
6932
6558
6629
7082
6740
7430
10861
8585
7091
7001
7687
7272
6860
7416
7786
6963
7896
7343
7767
7049
7414
7055
7321
7812
6829
8725
7543
7460
6805
7421
7762
8407
7655
7021
6964
7559
7650
8223
7757
7764
7507
7268
8021
7894
7181
8347
6989
8260
7330
8870
7213
7368
6633
7765
7804
7452
8016
7037
6671
7569
6946
9948
7400
9008
7785
7400
8120
7330
7193
8448
6794
6915
7188
7216
7906
7269
7442
6736
8744
8436
7159
6766
8127
7299
6587
7273
7589
8257
6886
7893
7388
8192
7953
7179
7050
7809
7192
7518
7811
7733
7238
7240
7055
6972
6698
6916
7941
7517
6708
7732
6972
7421
7774
9762
7766
7482
7447
6945
7134
6905
6543
8349
7762
7058
7539
7482
6808
8224
7000
8589
7504
7760
8225
7112
7736
7142
6890
7525
8115
8435
7224
7000
8201
7876
8072
6953
7530
7469
7582
8411
7714
7191
7940
8895
9025
8786
7881
7313
6789
6553
7763
6945
6976
7719
6980
6849
7370
7183
7391
7305
7958
7397
7137
7778
6902
7405
6778
7284
7742
8625
8574
6955
6963
7699
7744
7332
7778
8973
7718
9504
8062
7297
7083
7179
7224
7914
8730
7077
7493
8294
7128
7386
7368
7800
6965
7465
7856
7958
8927
7933
8449
8238
7427
7683
7049
6755
7461
8300
8728
7825
7365
7984
8351
8004
7653
7709
7198
7566
7530
8641
7653
8137
7938
7508
10136
7632
8097
7091
8959
7558
7538
7873
7771
6918
8430
7936
7381
7885
8577
7819
7697
7098
7825
8235
7672
8295
7152
7341
7506
7161
8405
8640
7327
7964
7384
7636
7097
7160
9114
8449
8202
7456
7899
7552
7318
7499
7406
7482
7736
8516
7476
8362
6784
7485
7506
8424
7349
7940
9066
7308
7181
8118
7844
8350
7780
7844
7457
7180
7762
8651
6869
7470
7061
8543
7387
7707
7220
7084
7189
7004
8364
7926
6883
7602
8092
8527
7205
7953
7548
8966
8654
7818
8170
7680
7713
7744
8135
7359
8462
7798
8197
8033
6840
8482
8303
7465
8601
6921
7621
8900
7750
8188
9236
7658
8077
7041
8563
7338
7709
7056
7195
7262
7594
7502
7180
7882
8310
7940
8510
10999
7401
8658
7391
7026
7351
7517
8212
7450
8250
8204
8818
8141
7887
7761
7260
8868
7819
8367
8699
7230
7282
7668
8193
7351
7197
8145
8949
7749
9293
7117
8112
8305
7990
7956
8662
8066
7709
7712
8232
7840
7529
8145
8441
8117
7265
7211
7001
7874
7845
7350
8770
8435
7705
7652
8104
8890
8100
7356
8842
7129
9241
7874
7508
8407
7332
7822
7586
7605
7312
7690
8259
8408
8316
8256
7216
9909
7371
7832
8128
8438
7694
7205
7630
7344
7533
7822
7322
7672
8570
7367
7143
8344
8206
8145
8420
7344
9141
7998
7693
7744
8154
7908
8130
8868
8443
8139
7466
8289
7592
7572
7606
9182
8428
8342
8401
7596
7371
8217
7281
8719
7410
8196
7450
8712
8337
8478
7542
7179
7882
8090
8211
8320
7981
7952
7912
7481
8237
7768
7933
8317
7345
7900
7722
8030
9241
7831
8458
7485
7848
7967
7065
8908
7414
8311
9695
7676
7748
7932
7988
8118
7784
8562
7459
8053
7670
8735
7956
8813
8835
8877
8348
7743
7676
7745
7747
8036
8216
7614
7716
7411
8286
8123
7586
8970
7951
8404
8067
7629
7712
8297
8192
8466
8654
8487
7951
7872
8131
8140
7959
7527
7880
8947
7730
7545
8235
7949
8458
8651
7695
8397
7374
8612
7976
8617
7452
7798
7737
7464
7867
8376
8218
7895
8195
7851
8207
8695
7182
8148
7424
7889
8602
7960
8616
8038
7756
7391
9025
8102
8448
7652
9105
8041
7689
8008
7743
8059
8146
8682
8745
8654
8848
7856
8570
7595
7943
8451
7559
8710
9404
8145
7942
8871
7838
9707
8448
8261
8720
7524
10270
8906
8493
9011
7963
8252
9591
8001
8662
9034
8824
7544
8705
7973
9809
8437
7954
9115
7946
8665
8306
8062
9477
8314
8296
8278
8247
9029
8602
8131
7794
8970
8761
8403
8771
9166
7992
8959
8608
8748
7844
9180
9271
8067
7829
9449
9062
7884
8146
8598
9012
8298
8594
8686
7536
9629
7936
8500
8715
9003
8314
8842
9138
8218
8205
8126
8474
7696
8730
7878
7770
8707
8552
8790
9160
8783
9143
9058
8672
8143
8563
10125
8762
8558
8904
8836
8131
8055
8058
8749
8613
7873
8583
9098
8201
10055
8691
10139
7995
8244
9222
8559
8661
8562
9149
8471
8199
8686
8659
8171
8390
8356
10234
8132
8200
7664
8386
8113
8305
8523
7878
8655
8364
8580
8557
8850
8218
8188
8649
7931
8508
7997
8401
9637
8894
9395
9126
8658
8207
8815
9348
8235
8735
7766
9890
8925
7694
8420
9576
8727
8044
8601
7992
9445
8758
8246
9214
8601
9009
9702
8756
9194
8058
8226
9391
10144
9103
8441
8645
9530
8557
8417
8980
8775
8613
8624
8746
9166
8144
9893
8966
8998
8439
8643
7964
9320
8769
8571
8588
8605
8346
8386
9815
9265
8498
8522
9728
10054
9487
10676
8354
8768
8839
8623
9082
9728
9393
8830
9541
8676
8841
8725
10274
8960
8727
8863
9009
10447
8670
8650
8697
8791
9193
8679
8496
9396
8483
10026
9399
9614
9304
8980
9384
8933
9154
8651
9057
8898
9961
9051
10119
8710
9809
8820
8420
9468
9184
8999
10101
9876
9615
8164
9060
10364
9420
9423
9980
9542
9337
8817
8850
10043
8674
8882
9405
8534
9301
8740
9646
9027
9660
8410
8881
8820
8996
9144
11178
9989
9273
9052
10011
9870
8812
10031
9540
9461
9326
9407
9676
9818
9287
8992
9055
11050
9022
9761
11676
9013
8986
8814
8922
10662
10249
9985
10062
9132
8928
10472
9280
10735
9180
8873
9644
9175
8608
8652
10111
9149
9593
8772
9627
10319
9656
9767
9481
9725
10000
9535
9880
10297
8618
9366
9230
10336
9138
9434
8634
9676
9031
9920
10093
8991
9061
9665
8345
9150
10260
9707
10144
9504
9730
10048
9252
10330
9253
9373
9118
10011
9654
9302
9862
10044
8915
9209
10005
9502
9786
8917
9838
9513
9453
8892
9647
10789
8799
9020
9718
10588
10033
9332
9490
10961
9486
9361
9660
9396
9787
10120
9962
9608
10595
9498
10735
10622
9980
9999
10057
10013
9984
9720
10784
9316
10045
9186
10205
10157
9887
9674
9868
10971
9492
10078
9758
9721
9527
9142
10278
10257
10704
10111
9658
10328
9798
9740
10228
10590
9888
11404
10081
10849
10640
9720
12158
10717
10196
10075
10132
10852
9400
9851
10311
9888
9607
9488
10084
9248
10060
9483
11256
11049
9956
10874
9868
9906
10363
10664
9967
10190
10945
9858
10325
10346
9851
10538
10700
10562
9793
9426
11074
11095
11535
10317
9498
10426
10253
10008
10040
10790
10888
10000
10458
10243
9997
10019
10218
10581
10804
9480
11892
10863
10145
10781
11034
10943
10295
10096
9664
10220
9937
11170
10322
10663
10098
10451
11115
10601
10724
9752
9912
10574
10443
10398
10147
10080
10172
11725
11132
10509
9982
10163
11329
11353
10890
11232
10306
11797
10333
10047
11202
10405
9844
9644
11472
10524
10207
10139
11273
11344
10550
10177
11412
10180
11142
9880
10330
11105
10501
10450
10584
11412
11000
11262
10478
11102
10957
9838
11249
11482
10223
10124
10637
10466
9976
9858
11415
11552
10259
10359
11138
11727
10433
11014
11768
11344
10477
11537
11451
11128
10270
10610
10708
11593
11259
10805
10987
11307
11101
12454
12215
11014
10344
11960
11343
11433
11099
10902
10772
11014
10422
11664
10463
11046
10491
11327
10628
11513
10973
10623
10545
11629
10887
10828
10140
11003
10645
12032
10754
12020
10882
11803
12561
11012
11004
11781
11158
11477
11742
10979
11281
11356
12148
10936
12828
10919
11644
10926
10989
12477
12299
11448
12425
12900
11062
11035
11844
11933
11308
12171
11803
11109
11231
10569
11817
11341
12312
11946
11336
12623
11325
11979
11374
11331
11674
11401
11481
11662
11660
11654
11569
12692
12199
11195
11160
11044
10528
10779
12917
11293
11238
11061
12251
12071
11400
11866
11591
12268
11300
11221
11787
14330
10915
12296
12149
11656
11657
11947
12055
12020
12261
10808
13292
12528
11271
11298
12774
11954
11946
12796
12642
11727
11776
11883
13800
11757
11325
10974
13228
11449
11665
12808
11830
14030
12821
12603
11763
12269
11294
11501
13776
12941
11827
12648
12678
13361
13103
11166
12859
13883
11561
12254
13127
12297
12199
11420
12000
11513
11772
13015
13089
12235
12246
13227
12063
11789
12321
11896
12457
12513
12264
12578
12387
12266
12805
12107
12769
13068
12435
11912
12005
11801
12962
13131
11943
11928
14153
12852
11810
12388
12855
13156
12329
12660
13722
11860
12629
12530
11845
12276
11440
12663
11951
11874
12655
12100
12988
12650
12631
12361
13226
13726
12718
12380
12582
13872
12064
12930
12862
12560
11885
13414
12534
11966
12364
13333
12456
12518
13002
12605
13180
12223
12609
13382
12967
12798
12729
12333
13302
12418
12016
13751
12529
14352
14504
12655
12616
13347
12782
12882
12566
13121
13019
13372
12903
13226
12815
12239
13081
12720
13156
13745
13886
13856
13537
13575
13304
12510
12806
13946
13494
13224
13574
13602
13199
12875
13710
13412
13194
14423
13581
15805
13326
12567
14299
13234
13576
13376
13405
13569
12854
13936
12881
13832
13805
13314
13812
13554
14112
12621
13172
13636
12755
13649
13023
13384
13643
12859
13588
13349
14775
14619
13450
14350
12499
12937
13261
13768
13343
14062
13649
13480
13194
13550
13051
13548
13973
13517
12388
12888
13643
14207
14000
12877
14205
13904
13333
14626
14500
13648
14642
14262
13291
13399
14885
13632
13411
13657
13456
14267
14472
14560
13657
13894
14230
13489
13714
13720
13772
13940
13387
13207
14204
14207
14016
13398
13418
13802
14186
13650
14027
13896
13713
14536
13965
13737
14422
14737
13600
13953
14013
14950
13533
15226
13901
14110
13527
13691
13834
14058
14034
15122
14129
14077
14060
13342
14430
14712
14721
14942
14708
14266
13775
13617
13940
14733
14557
14100
14943
14452
13812
15236
14736
13742
14347
14592
13933
14602
13626
14845
12890
16372
14498
13885
13936
13209
13868
15051
14698
14504
14310
13872
13572
14346
14378
13977
14851
14513
14004
14466
14340
16759
14619
14755
13718
13595
14312
14874
14244
13700
14356
14726
14061
13684
15158
14000
13697
14157
14884
14938
14109
14699
14116
14260
15117
14332
14437
13810
14614
13833
14364
14010
14034
13920
14417
15047
14758
14176
14609
15077
14331
14545
14594
14907
14872
14789
14285
13445
14322
14519
14606
14025
13473
15352
15317
13448
13805
14270
14705
13841
16172
14270
15071
13517
13986
16062
13942
14036
15470
14149
14480
14672
14074
14709
15253
14532
14166
14541
14381
14794
14660
14615
14020
13758
14310
13759
14282
13937
14077
14799
13838
14800
14407
14561
13595
14930
16319
14972
14523
15502
14042
14237
14526
15187
14390
13401
14991
15069
13714
14504
14124
13911
13660
13828
14083
15460
14919
14765
15556
14601
14581
13588
14878
14244
14400
15152
14699
16532
14980
16522
14319
14089
14392
15018
15196
14557
14287
14802
15051
14495
15839
13892
14361
15021
14691
14896
15444
14996
14690
15007
14776
14753
14570
14580
14162
15211
14782
15142
15500
14122
14723
13564
13978
13676
14952
13992
13902
14652
15229
14523
16013
15002
14041
14407
14072
14152
15008
14261
14731
14220
13876
15240
14321
14582
13579
16005
14244
14213
13663
15533
14482
14058
14288
15215
14322
14112
14000
14732
13594
14630
14281
15270
14484
15018
14818
14404
15586
14454
14228
14219
13864
14509
14004
15193
14645
14416
14480
14349
15389
15964
15450
13797
14146
15143
14772
14194
13635
14690
14929
15139
16127
14416
15107
14209
14982
15460
14170
14778
14370
15030
14864
14813
14134
15070
14092
14254
15354
14822
14119
14387
14540
14241
13994
13493
14674
14760
14653
14302
14102
14557
15408
14676
14976
15342
14199
15138
16910
13690
14138
15488
14466
14407
14454
14408
16752
13845
15552
16047
14109
13771
14938
14667
14556
15283
15094
14491
15095
14414
15212
14767
14464
14937
14628
14524
15390
15938
15821
15214
15133
14386
15629
15665
14937
16148
15128
15500
15364
15146
15258
14530
15332
15088
14981
16679
16596
14829
16178
16162
14814
15254
14532
15192
15359
16856
15725
15535
14335
15189
14492
14226
16072
15782
14913
14670
14940
14945
15664
14794
15428
14740
15794
15169
15464
15055
15243
15153
14442
14889
15586
14773
15193
15702
14975
16506
16117
15081
15427
14995
15433
15490
15337
15898
15069
16582
16233
14618
14610
15131
15051
15774
14931
15724
16735
15782
15199
15221
15584
15051
15306
16460
15722
15447
15478
16759
16540
15754
15917
16388
16145
15537
17297
15851
16207
16084
15483
16592
15839
16387
16928
16304
16428
16417
16152
15437
15737
16048
15598
16140
16552
15647
15961
15624
15937
15830
16646
16564
15621
16218
16794
16237
16742
15873
16713
15763
15898
18138
16105
15819
16704
16109
16363
17026
16200
16784
16432
16239
17284
17582
15816
16163
16088
16220
16633
16360
17548
16754
16440
16817
16255
16915
16871
15873
17139
15978
17275
17511
16941
17178
16441
16773
16853
16259
16558
17379
16506
16676
17230
16019
17497
17260
17259
16282
16429
17388
18401
17942
18292
16969
16633
17031
16640
16385
15860
16271
16599
17276
16264
17352
17149
17664
16394
16231
17518
16382
17117
16186
17750
16805
17046
17330
17914
17412
17808
16808
16964
17604
16711
16544
17613
16597
16474
17393
17048
17162
17150
17689
16646
16620
17471
16794
16695
16338
16396
17102
17091
17578
17091
17300
16520
15970
17670
17030
17059
16792
18043
16893
16270
16954
16795
16766
17608
16324
17740
17089
17676
17254
18156
17448
16749
17086
16578
17516
16836
16495
17236
16709
16463
17279
17869
17604
17874
16828
16640
16463
17440
17756
16651
17595
17330
16715
16953
17390
16826
16834
16997
17170
17005
17582
18296
17906
16764
16709
16689
17361
17421
17198
18848
17092
17872
16404
17729
17598
17060
17693
16676
17142
16746
16937
17008
17860
17085
17963
17916
17020
16818
17981
16649
16858
16960
17216
17506
16748
16926
17668
18033
17873
16851
16561
16990
16800
16798
16651
17381
16464
16674
17837
16746
16614
16029
17274
17346
16746
17351
16388
17083
16590
18024
16594
17739
16608
16661
16694
16381
17440
17588
17478
16659
16480
15802
17025
16868
16173
16488
17040
16697
17354
16422
16222
16719
16483
16865
16912
16616
17292
16242
16542
16506
16752
16442
17403
16527
16821
16232
16480
15493
16089
15771
15866
15253
16788
16860
16002
16112
16629
16532
16533
15746
15726
16388
16886
15680
16616
15802
15418
15900
16427
15320
15124
15365
15673
15899
15480
16083
15878
16166
15440
15239
16107
15044
14895
15664
16161
15788
15476
15748
15369
15693
14425
14594
15982
16075
16298
14987
15320
14916
16184
15968
14826
14734
16084
15243
14648
16152
14772
14729
15050
15220
15112
14342
15341
16006
14276
14191
15639
17053
15668
14905
13984
14817
15861
15137
16305
14828
15351
14963
15546
16932
14650
14198
15353
14223
15139
13899
13930
14687
14308
14379
14321
14295
15901
14817
14663
14324
13894
14355
13702
13842
14628
14985
13208
13297
14396
13685
13434
14656
14334
13042
12905
13823
13391
13524
13436
13259
13544
13143
13658
13436
13370
12979
13509
13534
13509
12999
14177
13821
13167
13211
13652
13541
13828
13143
12490
13590
13973
13451
13351
12344
13989
14132
13380
12563
13682
12717
13158
12688
12836
12570
12533
13069
12255
13085
12757
13577
12512
12781
12493
12790
12900
13099
12288
12276
13681
12569
13064
13468
12908
12308
12085
12219
12713
13385
12255
11633
11853
10732
11859
11710
11789
11436
11796
12876
12120
12344
11007
11255
12203
12667
11892
10880
11764
11658
11545
13539
11417
11277
12116
11192
10912
10617
11050
11326
10954
11655
10763
10887
11944
10862
10818
11117
12655
11022
11573
10549
10905
11493
10580
10334
10442
10987
10705
11020
12928
11373
10333
10743
12070
11025
11306
11341
11034
11167
11144
10878
11089
10325
10754
10311
10785
10458
10859
10869
10225
11743
11497
10213
11511
11741
10053
11953
11091
10778
11253
11258
9627
10772
10451
11403
10317
10029
9436
10325
10661
9889
10229
10340
12089
9497
9514
10065
10092
10183
10167
10237
10393
10359
10643
9818
11229
10521
10100
10373
9519
10872
10109
9964
9843
10315
9242
9935
10954
9615
11197
9331
10701
10034
11556
12550
10700
9908
9351
9171
10721
9406
9945
10187
9636
10332
9481
9687
9526
9069
8920
9924
9344
9767
10101
9676
9667
9285
9582
9656
9978
9398
8988
9175
10345
9923
8927
9819
9273
9317
9175
8733
10282
9614
10266
9771
9497
10231
10123
9371
9234
10037
10749
9424
10250
9123
10553
9240
9081
9578
9099
8766
10576
10540
8815
9490
8958
8835
9165
10734
10030
8894
9104
11134
9413
9588
8928
9246
10141
9520
10486
9604
9528
9071
9570
8804
9374
10621
9434
8984
9718
8789
9281
8618
9438
10354
9218
9911
8902
8984
9304
10397
8762
9414
9535
9679
8953
10376
9329
8228
11038
9543
9523
9288
9492
9140
9450
8465
8771
9230
9508
9091
9969
10374
8328
9004
9632
8612
10040
8773
8675
8698
9423
9506
9161
9758
9033
10233
9007
9424
8785
9544
8640
8364
10482
9593
8903
9510
9638
10699
9829
8536
8656
8891
8251
8207
8528
8736
8849
8277
10300
9037
9699
10624
8581
8404
9923
9063
9280
10446
9126
9374
10114
9164
8680
9001
9240
9045
9209
9380
10936
9604
8899
8832
8689
9776
8932
8871
10492
9171
8733
9382
8718
9818
8561
8439
10072
9869
9198
9354
9221
9072
8922
9298
8704
9933
9032
9313
9274
8626
8968
8618
8127
9296
9587
9081
8476
8569
8820
9065
9146
8617
9639
9342
9038
8901
9330
9200
8815
9394
9457
8427
7930
8610
8576
9136
8683
9345
8581
8299
8927
8795
8163
8360
8610
8285
9846
8580
9038
8101
9103
9882
8507
9214
7760
8547
9021
9256
8427
8456
8326
9178
9360
10024
9229
9227
8157
8497
8786
8376
9353
8671
8398
9536
9179
10843
8043
8192
9600
8574
7987
8693
8884
8449
8835
7995
8689
8372
10013
9460
8410
8593
8936
9049
9659
8730
8229
9102
8832
8753
8327
9157
8928
8995
8839
8570
8386
8575
8183
8351
8428
8742
8173
9336
8192
8628
8342
7883
9520
8524
10414
8868
8226
8671
8012
8859
9857
8643
8099
9321
8604
8606
8799
8729
8636
8527
7734
8107
8101
8452
9290
7945
10014
9900
8217
8946
8422
10657
7878
8994
8660
8552
8246
8491
8875
8770
8326
9276
8512
8719
7794
8257
9164
9041
9000
9591
8441
7953
7879
8822
8438
9191
8518
9826
8000
8525
9223
8314
8636
8820
8084
8607
9070
8253
9122
8037
9373
9154
8834
8562
9127
8541
7818
9637
9225
8333
8298
8822
8457
9108
8493
8308
9225
8467
8436
8733
9189
8407
9783
9729
9001
8306
7926
8323
8829
8386
8827
7869
10032
8281
8848
8951
8442
8220
8524
8036
8390
7997
8868
8419
9408
9050
8255
9327
8100
8476
8997
8243
8126
9273
8021
9270
8371
8207
8020
9665
9771
7996
8280
8573
8256
8647
8532
8221
9122
9162
7975
8256
8570
10642
8132
8784
8235
8370
8507
8615
9453
8277
8717
8019
8428
7846
8661
8503
8066
8717
8374
8346
8530
9061
8058
9630
8476
8854
8292
7846
8909
9241
8116
8676
8130
9180
8504
9792
8584
8559
8554
10342
8829
7861
8388
8329
8069
7731
8410
9373
8969
8443
8281
8745
8398
9320
9364
8006
8365
8906
8491
7997
7695
7709
9565
8070
8606
8240
8557
8156
8198
8221
8374
8520
8103
