8131
7499
7771
8549
6867
12601
6639
6998
7385
7290
7310
7039
7385
7341
6539
8658
9255
7429
8205
7524
6989
7892
6984
8042
7669
7284
7517
6895
6754
7448
7370
7639
6725
8170
6906
7243
6934
7085
7677
8030
7251
7311
7150
7182
6939
7243
8520
7180
8147
7947
9933
8293
9562
7609
6856
7798
7461
7288
7644
7211
7735
8173
7587
8655
7461
7745
7920
6804
8648
8296
7625
7266
7645
8192
7402
7422
7142
7719
8006
7126
8136
7962
8072
8730
7582
7637
8017
6797
8211
7220
7554
7806
7636
7534
7308
7162
8114
9643
8272
7055
8503
7222
7505
7488
7555
7819
7140
8145
7173
7678
8536
7628
8558
8604
7439
7551
7068
8304
7277
7905
7811
7416
6983
8190
8029
7635
8480
7783
7374
7575
7590
7419
7630
7941
7628
7752
8038
8009
8622
7656
7507
7049
6901
8011
7770
6982
7462
8258
7343
7713
8639
7622
7615
7801
7216
7853
8799
7762
7246
8065
9950
7717
7143
7830
7918
8854
7574
8728
7741
7467
7490
7832
7666
7226
7658
6811
8261
7843
7435
8621
7141
8635
8336
8022
7702
9769
8120
7178
9376
8225
9210
7847
8104
7484
8086
8267
7424
8014
7331
9098
7062
7944
8104
7584
7370
7822
8710
8036
8063
8171
7640
7833
8967
7502
8008
7431
7625
8362
8235
8275
8849
8000
7839
8183
8318
8183
7573
8382
7345
9147
7900
7477
7266
8072
7990
8217
8848
8594
8049
7972
8423
7890
7810
8303
7304
8745
8106
8178
7183
8868
7122
8944
7913
8572
8245
8321
8553
7932
9189
8044
7384
9809
7684
8665
7483
7815
7922
7621
7616
9405
8214
8093
8019
7553
7346
8012
7954
7971
7284
9091
7774
7691
8143
7300
7882
7652
8077
8379
8551
8039
7058
7645
8200
8678
8993
9108
8355
8131
8121
7944
8239
7678
7338
7501
8244
8537
8077
8006
8664
8184
7651
9613
8343
8728
7470
8471
8528
8467
8660
7620
9437
8188
7403
8940
7934
7764
9189
8488
8124
8716
7394
7988
7622
7789
7863
8424
7781
7958
8082
7703
9268
8523
8677
8016
8684
7867
8719
8241
8249
8217
8437
8360
8232
7552
8239
8972
8001
9146
7449
9136
7601
8205
8456
7411
7748
8324
8022
7884
8119
8069
8673
7469
8534
8629
7834
7646
7964
8000
7740
7772
8273
8365
7693
10202
7661
7978
8740
7484
8993
8366
8985
8950
7819
7771
7991
7875
8877
8084
8310
8033
8865
8342
8459
7692
9421
9870
8061
9047
8716
8053
9504
8633
9030
8712
7787
8810
7498
8251
8234
8374
8403
7967
7905
7986
7752
8134
9241
7766
8927
8404
8141
8854
8344
8261
8049
8153
8573
8228
8299
7781
7819
8196
7769
7988
8358
8264
8417
8956
8535
9147
7776
8376
8946
8312
8213
8487
8333
8342
8941
8371
7963
8265
8761
9230
8611
9226
8573
8541
8058
8389
8918
8038
8244
9016
9121
8098
8497
9162
8601
7706
9068
8504
9229
9985
9852
7643
9487
8634
8009
8031
7927
7827
7738
8420
7889
8481
11936
9701
8261
8094
8807
8633
8154
8597
9066
8136
9405
8531
8847
8300
8704
8374
8484
9016
8226
9885
8882
8925
8186
8718
8968
9657
8855
8440
8294
8662
9067
9470
9107
9191
8805
8365
9396
9068
8542
9730
8190
9252
8581
10042
8730
8869
8084
9181
9128
8791
9300
8454
8288
8681
8268
11427
8776
10629
9136
8740
9284
8578
8572
9453
8220
8334
8408
8526
9374
8580
8932
8288
10014
9805
8659
8226
9502
8490
8180
8752
8840
9776
8272
9489
8944
9570
9531
8377
8684
9498
8880
9041
9296
9254
8650
8644
8617
8167
8328
8602
9115
8974
8347
9236
8448
8879
9016
11336
9179
8938
8945
8587
8772
8438
8270
9851
9136
8596
9048
8877
8425
9910
8518
10090
8734
9041
9844
8638
9336
8630
8537
9142
9657
9820
8829
8693
9741
9275
9853
8401
9104
8942
9398
9820
9190
8746
9286
10718
10390
10550
9584
9008
8689
8325
9322
8561
8670
9326
8779
8706
9186
8757
9247
8931
9679
9075
8916
9510
8893
9062
8655
9010
9648
10269
10470
8401
8823
9364
9538
9202
9338
10690
9240
11381
9745
8916
8824
8803
8841
9549
10308
8884
9170
10122
9057
9145
9187
9450
8738
9209
9485
9842
10806
9987
10261
10129
9241
9487
9010
8728
9297
10269
10465
9577
9385
9739
10049
9861
9776
9645
9068
9528
9356
10384
9684
10172
9705
9362
12023
9434
9900
8927
10946
9635
9593
9888
9754
8900
10299
9996
9546
9931
10527
9939
9609
9110
9860
10511
9685
10359
9083
9341
9288
8947
10764
10662
9677
10019
9420
9901
9105
9032
11382
10798
10427
9566
9774
9602
9427
9568
9448
9404
9869
10651
9585
10499
8962
9564
9542
10347
9414
10272
11305
9640
9338
10228
9763
10749
9772
9784
9594
9245
9765
11026
9193
9621
9114
10975
9531
10046
9268
9281
9369
9390
10522
10168
9140
9956
10618
10964
9515
10045
9924
11270
11030
10221
10541
9782
9873
10136
10589
10000
10866
9915
10556
10424
9331
10897
10804
9738
11330
9460
9984
11306
10375
10564
11574
10162
10440
9563
10846
9872
10316
9492
9762
9793
10298
10037
9489
10461
10880
10441
11117
13581
9750
11393
9612
9581
9933
10203
10825
10048
10730
11060
11472
10799
10470
10429
9981
11469
10424
11062
11249
9996
9878
10260
10863
10110
9946
10904
11796
10453
12005
9771
10897
11035
10749
10927
11463
10951
10400
10147
10950
10312
10238
10734
11076
10699
10087
10126
9789
10846
10827
10434
11638
11023
10613
10585
10948
11946
11080
10368
12026
10368
12127
10952
10516
11603
10532
11046
10513
10724
10499
10772
11503
11438
11472
11525
10174
12777
10363
10764
11217
11770
10840
10118
10629
10430
10500
10882
10881
10801
11997
10616
10382
11618
11491
11272
11501
10484
12381
10876
10770
11037
11343
11053
11296
11860
11782
11328
10776
11642
10907
10895
10779
12393
11455
11602
11816
10931
10944
11829
10870
12231
10869
11660
10948
12139
12024
12305
10943
10710
11344
11583
11612
12000
11412
11560
11456
10990
11833
11145
11525
11640
11149
11774
11176
11793
12826
11216
12070
10969
11754
11857
10913
12703
11189
11917
13333
11266
11394
11363
11838
11960
11494
12575
10934
11960
11459
12436
11748
12630
12485
12775
11994
11815
11474
11601
11610
11781
12244
11497
11753
11344
12026
12223
11418
12907
11739
12368
11834
11540
11727
12073
12296
12450
12718
12527
11940
11906
12405
12171
12375
12178
12089
13221
12093
12012
12456
12090
12661
12891
11875
12707
11663
12741
12438
13117
11844
11777
12076
11958
12512
12843
12583
12317
12876
12030
12317
12936
11456
12634
11927
12388
12912
12232
13123
12459
12202
11924
13529
12435
13092
12312
13684
12874
12238
12453
12194
12715
12654
13108
12889
12946
13174
12049
12809
11615
12074
12290
11192
12687
12918
12122
11732
12995
12014
14360
13051
13214
13368
12489
15190
13991
13329
14205
12941
13243
14619
13144
13755
14261
14029
12701
13873
13089
14528
13746
13146
14288
13403
13608
13331
13320
14679
13765
13471
13561
13532
14315
13722
13529
13216
14142
13980
13422
14148
14566
13415
14542
14121
14220
13238
14922
14674
13461
13714
14790
14799
13400
13665
13947
14778
13725
14139
14434
13069
15169
13819
14037
14294
14543
14054
14553
14700
13935
13831
13780
14104
13461
14677
13908
13854
14644
14284
14788
14864
14610
15063
14718
14645
14075
14485
16109
15002
14747
14358
14976
14189
14080
14036
14731
15088
14355
14889
15069
14372
16267
14802
16733
13961
14290
15472
14798
15110
15271
15688
15139
14660
15215
15272
14989
14837
14948
17162
14841
14890
14365
15032
14630
15350
15178
14416
15534
14944
15115
15339
15658
15193
15191
15570
14926
15283
15151
15185
16900
15868
16684
16116
15427
15224
15656
16157
14927
15496
14076
16774
15697
14716
15330
16666
16098
15137
16127
15034
16908
15998
15400
16571
16178
16326
17161
16438
16307
15366
16039
16874
17798
16708
16074
16717
17191
16210
16142
16483
16266
16217
16374
16592
17149
16221
17725
16973
16746
16457
16415
15969
17202
16957
16670
16665
16777
16598
16276
17865
17553
16571
16687
17798
18410
18245
18887
16842
17029
17162
17124
17860
18013
17992
17166
18061
17304
17723
17278
19042
17867
17452
17545
17668
19421
17835
17428
17620
17732
17899
17378
17670
18362
17204
19226
18148
18632
18350
18122
18303
18171
17964
17620
18532
17937
19316
18177
19556
18109
19062
18349
18141
18739
18653
18528
19568
19460
19082
17538
18513
19829
19384
19064
19594
19572
19318
18908
18745
19763
18645
18834
19298
18589
19481
18510
19450
18952
19692
18036
18926
19003
19359
19295
21347
20502
19789
19493
20466
20342
19092
20588
20184
20186
19492
20140
20034
20460
19918
19695
19305
21851
19950
20589
22484
19602
19718
19878
19850
21544
21065
20822
21352
20221
20151
21653
20459
21988
20699
20026
20778
20593
19952
20127
21554
20453
20996
19932
21068
21684
21028
21036
20678
21081
21707
21021
21632
21904
20309
21347
21052
22165
21172
21732
20562
21498
20821
21636
21911
20576
20932
21635
20384
20911
21916
21668
22281
21391
22052
22303
21619
23018
21808
22330
21657
22362
22206
22165
22869
22784
21749
22076
22793
22298
22422
21748
23133
22500
22470
21926
23062
23833
22054
22313
23353
24116
23284
22844
23211
24371
22929
22909
22904
22761
23168
23872
24091
23062
24105
22933
24345
24429
24108
23960
24078
23887
24545
23560
24458
23309
24405
23402
24137
23989
24154
24058
24135
25298
23819
24669
24222
24402
23960
23883
25052
24616
25600
24872
24778
25196
24573
24581
25088
25365
24742
26068
25106
25888
25481
25128
27212
25808
25620
25664
25494
26036
24722
25450
26196
25492
25381
25171
25469
25380
26061
25361
27705
26816
26085
26788
25685
25956
26381
26672
26203
26663
26880
26262
26528
26677
26240
26829
27140
26908
26019
25944
27765
27982
28280
26887
26392
27072
27157
26925
27204
27541
27812
26835
27544
26976
27148
27368
27688
28125
28436
27146
29440
28249
27653
28468
28732
28541
28056
27642
27229
27824
27350
29335
28280
28956
27717
28338
28876
28765
28717
27730
28116
29065
28543
28897
28563
28408
28813
30234
29912
28916
28940
29336
30276
30376
29985
30336
29252
30874
29512
28745
30482
29718
28996
28986
31036
29909
29581
29436
30600
31254
30090
29854
31085
30169
30985
29781
30298
31392
30670
30552
30952
31808
31253
31760
30817
31467
30952
29882
31477
31482
30188
29698
30877
30413
29774
30112
31787
32085
31147
31060
32484
32762
31613
31888
32740
32837
31873
33061
32827
32309
31690
32388
32218
33108
33015
32428
32936
33217
33187
34176
34353
32747
32390
33951
33300
33463
33354
33389
33083
33185
33073
33879
33323
33246
32987
33868
32784
34100
34566
33580
33736
34537
33680
34188
33408
33837
33889
35072
33835
35547
34500
35649
36010
35094
34929
35835
35016
35595
35226
34856
35105
35986
36026
35456
37208
35321
36010
34967
35362
37001
36906
35766
36799
37960
36098
35718
36541
36847
36408
37578
36689
36128
36192
36044
36734
36869
38228
37056
36681
38157
36505
37675
37012
37232
37607
37169
37120
37916
37626
37459
37482
38671
38593
37633
37780
37724
37044
37408
39541
38248
37722
37622
38977
38874
38076
38698
38584
38940
38528
38438
38889
42040
38100
39636
39940
39668
39288
39658
39749
40116
40456
38890
41140
40616
39196
39606
40893
40273
40307
41154
41010
40568
40322
40812
42368
40676
40276
40232
42822
40831
41004
41736
41259
43214
42189
41973
41234
41654
40891
41103
43846
42774
41632
42852
42428
43306
43169
41280
43615
43858
41836
42413
43930
42964
42628
42043
42752
42255
42560
44437
43822
43766
42740
44043
43416
43124
43538
43032
43453
43955
43710
43965
43922
43648
44745
44030
44246
44900
44425
44075
44032
43776
45700
44790
43844
44230
46296
45124
44122
44780
45771
45896
44608
45732
45752
44405
45706
44838
44664
45412
44672
45877
44970
45124
46170
45269
46914
46336
45862
45876
47173
47421
46872
46468
46524
47877
46234
47220
47424
47183
46194
47496
46986
46179
47036
47556
47177
47176
47876
46493
47962
46934
47056
48226
48036
47597
47816
46971
48400
47476
47260
48887
47361
49259
49992
47624
48059
49059
47924
48443
47999
49780
48890
48968
48797
49748
48722
48143
48836
49408
49348
49829
50270
50376
49993
50308
49174
49077
49233
50565
49435
49801
50132
49981
49053
49223
49832
49874
49332
50650
50202
52896
50127
48890
51092
50058
50500
50637
50394
50782
49957
51500
50216
51177
50968
50276
50505
50205
50502
48727
49408
49348
48538
49979
49192
50076
50746
50980
51532
51183
53412
52788
51124
52724
50844
51066
51254
51492
51501
52458
51796
51850
52070
51812
51195
52268
52404
51268
50564
50986
51899
52332
52058
51456
52320
51831
51665
52522
52958
51584
53284
52538
51492
51817
53452
52432
51850
52296
51300
52661
52480
53174
52420
52352
52600
52203
52357
52308
52746
53504
52095
52088
52699
53094
52608
51565
51670
51444
51920
51641
51738
51364
50836
52038
52198
52127
52378
53666
51508
52148
52308
53882
52027
53556
51637
52004
52314
51820
51794
52432
52504
53583
52416
52886
53032
51722
52413
52970
53046
53190
53028
52544
51651
51595
51815
53138
52676
51949
52793
52557
51592
52873
53328
51352
51994
52654
51946
52293
51786
52725
51328
54420
51858
51216
51360
51028
51256
52589
52294
51764
51993
51380
50874
52188
51573
51853
53140
51816
51533
51563
51798
54100
51650
52296
50784
50688
51643
51496
51092
50507
51055
51373
50164
50281
51823
50804
50089
50973
51123
51618
50492
50732
50891
50346
51352
50250
50655
49992
50971
49623
50500
49924
49819
50052
50031
51093
50669
50140
50432
50462
49668
50182
50203
50244
50202
50330
49002
48682
49207
50013
49794
48690
47802
50139
49856
48642
48878
49204
48841
48408
50696
48742
49051
48207
48118
50621
48512
47913
49461
48468
48891
48194
48423
48278
48698
48196
47912
47772
47592
48107
47976
47826
47252
46647
47204
47049
47802
47453
46831
47594
46613
47541
47014
46933
45910
47574
48900
46888
47035
48114
46074
46612
46888
47180
46392
45524
46504
45771
45108
45114
44960
44622
44456
45276
44982
46253
45500
45892
46024
45420
45572
44420
45736
45172
45060
45860
45270
46900
45396
46662
44266
43695
44605
44820
45088
44076
43844
44448
44569
43914
44774
43156
43492
44359
43528
43520
43631
43819
43216
43232
43541
43204
42560
42685
42610
43040
42788
42537
43138
41850
42030
40866
40523
40486
41950
41024
40449
41162
41956
40985
42596
41718
40664
40717
40410
39828
41130
40375
40816
39561
39528
41008
40045
40244
38715
41270
38968
39517
38308
40216
39204
38514
38996
39807
38760
38808
38497
39012
37194
38940
37813
39391
38405
38733
38258
37684
38874
38016
37213
37607
37036
37731
37040
38004
37416
37064
37045
36978
38088
38198
37786
35336
36238
37008
36104
35954
35286
36352
35898
36050
36469
35020
35509
34758
35178
35935
34333
35428
34126
35636
34588
34396
33242
34477
33002
33196
34666
34182
32784
33266
33868
33234
32576
31711
32964
32980
32721
32422
32444
32755
34040
32756
33142
33140
31900
32459
34596
31580
31693
33050
31604
31578
31629
31763
34112
30158
31718
31895
29665
29617
30923
30709
30687
31178
30672
30884
31032
30260
31207
30177
29564
30344
29794
29804
30561
30744
30430
29913
29406
28890
30336
29840
29572
30684
28783
29567
29420
29061
28894
28297
29352
28688
27820
29810
29750
27945
29236
29218
27704
28101
27038
28130
28004
29117
27922
28136
26618
27205
26445
26624
27936
27846
26793
26139
26216
25947
26469
25190
26140
25098
26633
25981
26349
25535
25592
25628
24725
25401
25402
24214
24772
25480
24950
26608
25692
24605
24905
24293
25216
24663
24459
24968
24389
25350
25138
23584
23051
23479
23624
23940
23182
23680
25044
23586
23308
22974
23586
22855
22772
24106
23313
22604
23286
24051
23612
23097
23021
23506
23155
22848
24357
22639
23083
22572
22471
23293
22184
22760
23245
22232
22156
22784
22431
21303
21539
21719
21241
21986
22094
21151
21450
21264
21420
21378
21956
21894
21060
21575
21706
21412
21692
20419
21430
20374
20257
22454
20523
20305
20930
20366
21013
21305
20377
20676
20203
20098
21432
21448
19744
20015
19657
19951
19956
19929
21173
19941
19738
20127
19546
20298
20299
19077
20237
18930
20079
20210
19688
19781
18962
19227
19625
19085
18859
20144
18738
19047
19738
18519
19433
19780
19544
18158
18688
19400
20149
20171
20525
18960
18801
18803
18414
17858
17700
17878
18229
18876
18105
18939
18336
18724
17655
17541
18792
17591
18333
17498
18635
17923
18003
18643
19036
18229
18580
17773
17664
18236
17173
17191
18172
17279
17460
17749
17757
17569
17433
18206
16857
17208
18030
16934
17307
16592
16557
17482
16984
18111
17421
17377
16590
16192
17794
17054
16837
16565
18219
17078
16520
16869
16695
16902
17731
16137
17480
16998
17505
16634
17545
16641
16209
16726
16022
17148
16276
15837
16799
15947
16005
16962
17333
17070
17396
16113
16007
15684
16905
16939
15978
16712
16689
15992
16221
16938
15825
16300
16387
16402
16245
16665
17457
17053
15796
15577
15685
16408
16116
15994
17514
16242
16882
15524
16902
16706
16040
16814
15658
15848
15635
15785
15926
16728
15769
16733
16652
16004
16106
16342
15568
15768
15775
15743
16506
15820
15805
16412
16718
17049
15687
15073
15484
15558
15365
15450
16074
15060
15298
16380
15413
15488
14909
15862
16000
15220
16214
15301
15947
14924
16708
15394
16565
15308
15357
15071
14989
16026
16210
16097
14895
15418
14473
15658
15376
14664
15164
15668
15508
16172
15075
14882
15098
14998
15551
15709
15081
16214
14931
15120
15176
15044
14664
16476
15225
15297
14843
15158
14270
14797
14585
14426
13941
15512
15173
14606
14669
15248
15284
15040
14432
14372
14956
15435
14186
15237
14705
14109
14792
14827
14180
14045
14144
14442
14445
13962
14922
14519
14689
14164
13839
14552
13830
13565
14548
14720
14446
14339
14441
14061
14264
13041
13392
14743
14551
14921
13561
13945
13984
14987
14853
13401
13970
14698
14018
13161
14801
13605
13788
13864
13696
13966
13326
14233
14516
13418
13268
14526
15970
14966
13757
13003
13869
14764
14345
14891
14132
14599
14062
14534
15773
13400
13430
13986
13227
14499
12954
12845
13518
13295
13421
13451
13398
14670
13888
13726
13301
13005
13544
12702
12869
13497
14067
12304
12646
13560
12657
12554
13701
13522
12544
12172
12985
12877
12900
12789
12569
12889
12614
13000
12585
12472
12183
12816
12932
12706
12363
13339
13191
12021
12564
13045
12928
13093
12956
12061
13206
13392
12976
12795
11966
13383
13578
12988
11850
12806
12182
12644
12580
12381
11981
11805
12764
11714
12595
12040
13108
11770
12321
11998
12459
12298
12519
11890
11942
13498
12480
12774
13149
12761
12037
12089
11785
12694
13014
11796
11542
11917
10842
11510
11526
11812
11132
11509
12306
11967
12097
10938
11106
12085
12282
11621
10982
11804
11581
11360
13689
11172
11156
11914
11258
10560
10506
11009
11372
10844
11716
10934
10678
11974
10888
10580
11200
12515
11056
11906
10905
10915
11680
10702
10352
10511
10833
10547
11029
12996
11341
10204
10908
11996
11113
11553
11537
11306
11467
11183
10897
11168
10631
10967
10636
10941
10707
11227
11297
10340
11906
11693
10256
11534
11772
10621
12243
11382
10792
11253
11507
10180
10937
10886
11703
10654
10134
9761
10623
10950
9976
10458
10453
12203
9651
9823
10450
10066
10338
10190
10774
10603
10737
10899
10424
11666
10869
10655
10786
9912
10990
10385
10240
10385
10744
9718
10391
11051
9812
11483
9692
11042
10274
11852
12784
10942
10135
9714
9334
11077
9749
10074
10426
10045
10564
9943
10533
9858
9668
9478
10371
9739
10197
10219
10056
10151
9611
10021
10375
10507
9817
9458
9747
10939
10250
9606
10001
9660
9671
9772
9711
10756
10165
10766
10109
10039
10384
10475
10053
9718
10485
11164
10077
10755
9514
11157
9841
9502
10042
9522
8996
11476
11208
9498
9971
9609
9264
9591
11132
10519
9499
9382
11716
9916
10067
9531
9916
10312
9818
10963
9980
10114
9506
9978
9156
9812
11221
10049
9338
10028
9198
9706
9286
10212
11131
9819
10267
9334
9546
9561
10637
9005
9992
10380
10328
9697
10914
9806
8883
11809
9948
10028
10070
10034
9553
9957
9079
9314
9778
9918
9517
10516
10812
8993
9587
10332
9130
10531
9491
9108
9608
9748
10219
9868
10290
9485
10565
9497
9888
9356
9939
9051
8914
11048
9994
9280
9837
10427
11221
10272
9132
9040
9472
8839
8903
8929
9444
9184
9010
11074
9485
10318
10940
9147
9031
10365
9419
9838
10855
9688
9975
10774
9346
9249
9730
9971
9332
9864
9976
11371
10179
9704
9192
9362
10289
9342
9379
10958
9599
9134
9859
9292
10073
9176
8781
10598
10361
9699
10168
9795
9534
9393
9913
9389
10532
9649
9797
9762
9114
9439
9077
8844
9887
10063
9609
8969
9019
9210
9417
9764
9323
10281
9797
9601
9317
9828
9861
9413
9967
10107
8867
8436
9038
9067
9587
9323
9858
9156
8797
9460
9465
8775
8910
9354
9053
10388
9357
9787
8722
9674
10248
9131
9819
8195
9054
9716
9932
8908
9036
8865
9596
9843
10502
9690
9860
8760
9188
9273
8861
9794
9280
8864
9967
9903
11243
8678
8819
10370
9215
8480
9344
9622
8810
9251
8655
9119
9005
10756
10087
9040
9201
9392
9661
10146
9344
8718
9697
9310
9530
9155
9490
9339
9480
9398
9206
9017
8923
8813
8986
8898
9141
8746
10011
8918
9201
8918
8401
10140
8888
11128
9274
8697
9309
8550
9092
10376
9086
8726
9773
9018
9149
9356
9229
9137
9147
8448
8480
8837
9176
9464
8515
10658
10593
8712
9458
8651
10873
8359
9355
9101
9326
8677
9097
9208
9561
8877
9900
8932
9243
8644
8987
9445
9541
9599
9956
9065
8475
8500
9091
9065
9752
8988
10686
8732
9357
10058
8975
9114
9192
8620
9204
9497
8710
9625
8610
9723
9761
9285
9108
9842
9264
8467
10179
9754
8684
8661
9364
9112
9578
9232
8920
9731
9262
8959
9248
9702
9076
10391
10244
9649
8985
8504
9001
9553
8820
9526
8490
10326
8761
9248
9480
9107
8545
9043
8625
9034
8744
9293
8943
10086
9789
8910
10056
8638
9173
9530
8778
8844
9865
8578
9754
8725
8652
8329
10107
10300
8655
9063
9138
8688
9058
9244
8736
9542
9701
8202
8729
9257
11347
8895
9207
8972
8977
8980
9138
10030
9007
9160
8478
9001
8390
9261
9245
8633
9236
8829
8834
8977
9484
8536
10022
9108
9536
8655
8402
9512
9656
8642
9255
8745
9529
9095
10168
9046
9255
9170
10719
9378
8180
8990
9056
8862
8341
8872
9803
9478
9056
8778
9254
8877
9803
9697
8608
9145
9448
9139
8533
8436
8326
10093
8666
9224
8806
9257
8594
8671
8919
8932
9294
8685
