7766
7024
7364
7810
6405
12170
6155
6423
6850
6776
6695
6409
6819
6863
6079
8118
8665
6804
7522
6930
6460
7228
6470
7543
6989
6848
6818
6166
6154
6971
6938
7302
6333
7579
6294
6626
6418
6644
7234
7530
6721
6798
6536
6805
6326
6696
8175
6509
7520
7278
9529
7767
9012
6999
6296
7098
6918
6840
7057
6734
7232
7614
6955
8029
6928
7105
7554
6330
8031
7946
7034
6738
7124
7436
7087
6936
6618
7103
7115
6505
7802
7225
7449
7979
6956
7162
7452
6116
7648
6796
6984
7275
7003
6995
6755
6652
7524
9118
7643
6308
7770
6636
6826
6936
6895
7074
6564
7517
6391
7129
7973
6810
7769
7962
6700
7067
6387
7602
6529
7163
7010
6669
6385
7490
7355
6950
7765
7218
6867
7044
6811
6638
7084
7247
6997
7280
7464
7518
7842
7043
6677
6417
6265
7588
7278
6509
6825
7628
6593
7048
7956
6922
6902
7045
6580
7076
8104
6886
6685
7302
9277
6957
6548
7261
7127
7943
6850
8099
7042
6678
6942
6826
6871
6483
7040
6107
7441
7118
6831
7923
6503
8047
7600
7129
6927
9131
7583
6386
8641
7646
8507
6986
7527
6664
7511
7727
6863
7122
6548
8439
6548
7236
7366
6889
6590
7128
7845
7389
7102
7382
6714
7080
8104
6647
7093
6802
6950
7416
7447
7357
8153
7098
7139
7578
7376
7396
6703
7433
6517
8331
7167
6746
6363
7115
7196
7522
8263
7920
7457
7398
7707
7027
6991
7286
6619
8348
7261
7257
6308
7837
6317
8032
7009
7847
7260
7609
7655
6986
8490
7172
6246
8908
6919
7739
6432
7030
6772
7012
6767
8748
7540
7382
6956
6921
6488
7273
7188
6971
6532
7949
6895
6995
7113
6580
7062
6981
7258
7374
7814
7255
6400
6851
7365
7901
7888
8310
7561
7257
7279
6816
7235
6732
6339
6691
7434
7533
7274
7056
7723
7444
6782
8720
7631
7681
6517
7548
7554
7643
7632
6596
8128
7147
6489
8209
6804
6834
8165
7751
7264
7816
6449
6938
6810
6836
6874
7562
6867
6957
7346
6664
8544
7793
7831
7252
7659
6940
7712
7226
7426
7314
7522
7425
7251
6724
7306
8335
7164
8073
6522
8405
6750
7082
7480
6588
6863
7102
6938
6822
7240
7141
7790
6401
7510
7482
6692
6730
7096
6966
6660
6867
7022
7276
6752
9015
6747
7041
7716
6494
7851
7600
8197
7831
6610
6849
7109
6922
7636
6960
7282
6969
7743
7248
7120
6385
8220
8832
7062
7764
7667
7008
8422
7803
8057
7784
6673
7460
6544
7057
7125
7059
7284
6840
6961
6775
6904
6956
8285
6762
7763
7462
6868
7710
7215
6964
6924
6912
7265
7069
7130
6893
6564
7142
6654
6752
7282
7178
7133
8050
7382
7843
6603
7288
7871
7141
7013
7085
7049
7280
7699
7125
6772
7203
7468
8076
7497
7850
7522
7210
6866
7244
7750
7085
7130
7764
7839
6985
7164
8106
7337
6701
7933
6947
7897
8914
8741
6565
8235
7240
6732
6824
6820
6654
6592
7217
6733
7300
10898
8462
6894
7003
7675
7235
6757
7540
7566
7074
8074
7250
7881
7003
7396
7085
7284
7660
7112
8376
7564
7523
6890
7409
7584
8162
7500
7309
6969
7381
7680
8225
7881
7806
7629
6956
7957
7688
7120
8126
6843
7934
7097
8729
7202
7442
6534
7873
7501
7348
7924
7070
6709
7392
6991
10073
7093
9097
7615
7493
7995
7333
7110
8149
6727
6717
7090
7159
7890
7151
7483
6660
8353
8265
7035
6907
8046
7016
6433
7212
7599
8210
6852
7795
7461
7936
7913
6986
7062
7907
7252
7288
7759
7600
7047
7093
6890
6602
6758
6834
7647
7387
6767
7682
6792
7275
7547
9702
7521
7501
7260
6941
7257
6843
6739
8188
7305
6897
7334
7259
6744
8342
6956
8510
7278
7561
8284
6976
7463
7088
6809
7584
7927
8322
7352
6903
8216
7638
8076
6690
7434
7413
7427
8253
7352
7183
7738
8847
8549
8597
7721
7125
6760
6401
7565
6660
6814
7590
7115
6767
7300
7075
7335
7184
7844
7444
7085
7789
6856
7306
6769
7012
7739
8365
8402
6811
7042
7503
7725
7394
7535
8939
7365
9523
7868
7242
7050
6932
6973
7625
8569
6811
7312
8217
7101
7132
7238
7671
6835
7075
7616
7851
8789
8036
8409
8074
7279
7586
6950
6648
7523
8134
8470
7766
7215
7892
8123
7805
7672
7594
7200
7329
7343
8413
7520
8076
7638
7099
9718
7401
7706
6962
9117
7215
7339
7727
7400
6739
8207
7822
7064
7701
8683
7814
7637
6916
7626
8147
7400
7939
6845
7151
7285
6771
8340
8543
7348
7691
7130
7567
6865
7101
9041
8569
8027
7238
7580
7301
7109
7215
7271
7339
7591
8221
7384
8152
6658
7202
7202
7958
7031
7677
8725
7248
6945
8062
7538
8256
7388
7621
7383
7002
7480
8533
6718
7229
6908
8596
7153
7376
6997
6843
6990
6782
8165
7831
6658
7360
7820
8408
7100
7758
7332
8841
8558
7630
8120
7560
7569
7550
7957
7286
8307
7596
7941
7848
6830
8382
8283
7255
8512
6930
7345
8589
7528
8086
8968
7511
7821
6908
8294
7230
7504
6813
6979
7190
7535
7437
6963
7645
8116
7636
8384
10745
7188
8546
7129
6885
7094
7409
8175
7348
8008
8029
8667
8045
7635
7604
7070
8772
7748
8115
8396
6976
7101
7449
7816
7189
7102
7980
8697
7541
9179
6966
7948
8306
7854
7803
8389
7772
7436
7522
8077
7452
7462
7942
8070
7820
7082
7234
6706
7768
7746
7308
8480
8129
7491
7670
7861
8680
7687
7162
8649
7000
8871
7682
7409
8087
7023
7924
7322
7397
7215
7306
8064
8015
8274
8154
6922
9658
7290
7441
8333
8154
7737
7066
7390
7424
7154
7600
7198
7269
8568
7272
7012
8186
8057
8007
8260
7096
8680
7864
7143
7663
7862
7627
7784
8426
8177
7942
7208
8038
7373
7328
7327
8804
8171
8336
8124
7480
7310
8141
7288
8632
7014
8294
7156
8495
8216
8303
7400
6741
7512
7949
7867
8019
7308
7738
7683
7274
8026
7318
7532
7974
7341
7895
7522
7866
8965
7553
8233
7214
7709
7704
6823
8560
7266
8080
9276
7280
7538
7520
7603
7852
7577
8317
7162
7949
7564
8406
7793
8578
8650
8269
8006
7589
7313
7478
7562
7562
8049
7220
7512
7190
8053
7852
7335
8531
7491
8106
7657
7363
7537
7825
7933
8388
8501
8002
7500
7487
8104
7836
7700
7351
7479
8635
7646
7412
7883
7591
8032
8463
7439
8068
7235
8219
7864
8278
7385
7309
7382
7242
7828
8264
8010
7774
8260
7604
7879
8493
6801
8033
7331
7648
8262
7563
8246
7568
7355
7143
8650
7581
7940
7459
8762
7727
7318
7787
7386
7781
7881
8214
8209
8323
8548
7338
8253
7350
7794
8223
7297
8598
8900
7986
7627
8663
7526
9710
8299
8092
8182
7165
9732
8635
7982
8788
7751
7681
9170
7566
8385
8564
8557
7266
8571
7728
9300
8025
7742
8881
7768
8160
7758
7757
9026
7934
7986
7970
7705
8777
8179
7822
7597
8501
8411
8036
8364
8656
7607
8578
8141
8354
7450
8905
8970
7691
7493
8674
8894
7463
7737
8154
8778
7841
8050
8146
7076
9504
7533
8014
8174
8618
7918
8287
8531
7951
7667
7766
7885
7489
8322
7592
7404
8437
8159
8386
8569
8424
8494
8320
8422
7393
8061
9808
8393
8178
8621
8458
7699
7826
7575
8145
8272
7610
8268
8527
7783
9799
8187
9844
7311
7717
8582
8231
8410
8112
8705
8063
7713
8244
8352
8029
8006
8030
9868
7755
7624
7456
7977
7636
8151
8174
7467
8252
7915
7957
7971
8557
7680
7673
8279
7491
8077
7543
7876
9318
8335
8954
8923
8120
7897
8165
8971
7688
8316
7277
9598
8573
7376
8022
9161
8248
7316
8147
7488
9123
8141
7599
8677
8106
8234
9186
8304
8659
7452
7621
8804
9686
8496
7949
8327
9050
8190
8037
8220
8296
8090
7783
8090
8642
7928
9255
8560
8229
7828
8025
7621
8484
8198
8086
7941
8219
7695
7922
9238
8584
7949
7851
9006
9577
9076
10103
7919
8383
8386
8095
8700
9325
8889
8374
9036
8078
8450
7954
9597
8417
8200
8261
8517
9806
7982
7943
8056
8210
8490
8043
8030
8886
7816
9630
8780
8897
8650
8348
8654
8389
8170
7885
8639
8310
9441
8536
9534
8047
9077
8105
8085
8673
8474
8400
9309
9252
8941
7498
8343
9392
8914
8858
9352
9029
8608
8349
8341
9311
8155
8187
8972
7984
8734
8070
9140
8131
8778
7461
8024
8090
8266
8428
10247
9720
8784
8610
9415
9310
7961
9119
8724
8733
8626
8761
8853
9077
8327
8177
8239
10187
8381
8969
10669
8344
8271
8168
8008
9695
9353
9147
9272
8415
8246
9850
8578
10163
8458
8056
8610
8345
8003
8187
9380
8460
8918
7979
8822
9462
8933
8751
8699
8736
9219
8552
8813
9719
7684
8622
8428
9522
8373
8721
7968
8937
8011
9130
9208
8172
8232
8850
7817
8112
9482
8823
9280
8626
8695
8911
8466
9679
8472
8589
8244
9142
8568
8457
8930
9060
7905
8238
8855
8419
8861
8130
9108
8639
8509
8012
8697
9803
7855
8211
9236
9928
9158
8487
8728
9788
8692
8418
8642
8564
8839
9160
9147
8678
9677
8560
9833
9637
9189
9337
9301
9075
9124
8704
9892
8488
9108
8264
9078
9226
8975
8624
8939
10129
8343
9205
8931
8978
8682
8193
9290
9172
9494
8961
9036
9408
8660
8720
9232
9648
8773
10079
8909
9759
9450
8788
11040
9566
9018
8843
8972
9612
8123
8840
9179
8614
8452
8452
8875
8442
9151
8420
10254
9978
8987
9572
8754
8741
9247
9544
9008
9120
9914
8943
8993
9253
8612
9626
9793
9182
8665
8214
10000
10068
10578
9307
8127
9174
8963
8998
8890
9640
9604
8806
9386
8983
8794
8963
9127
9405
9647
8378
10731
9846
9110
9610
9677
9658
8949
8939
8519
9217
8634
10360
9401
9452
9122
9597
9935
9480
9650
8427
8718
9403
9142
9278
8634
8646
9067
10240
10046
9597
8871
8923
9971
10139
9611
9918
9093
10424
9049
8875
10036
9333
8475
8482
10146
9277
8936
8850
9836
10279
9238
8852
10243
8736
9716
8531
9060
9826
9250
9028
9126
10185
9626
9995
9017
9805
9664
8612
9834
10080
8998
8579
9666
8955
8372
8338
9530
10184
8798
9002
9902
10442
9116
9791
10285
9733
9257
10216
10056
9774
8949
9109
9227
10277
9759
9318
9406
9708
9528
10968
10817
9379
9027
10584
9712
9973
9550
9341
9170
9538
9111
9938
9162
9369
9052
9867
9111
10182
9693
9191
9106
10154
9431
9362
8704
9496
9128
10369
9359
10162
9385
10073
10732
9460
9576
10159
9453
9888
10052
9411
9561
9984
10497
9592
11063
9344
10042
9161
9140
10740
10550
9832
10831
11290
9422
9400
10013
10061
9699
10694
10294
9104
9623
9146
10102
9632
10622
10175
9707
10754
9648
10298
9585
9725
9972
9540
9628
10100
9978
9832
9576
10626
10420
9318
9256
9395
8875
9230
11189
9652
9508
9285
10264
10393
9325
10000
9718
10200
9482
9277
9874
12504
9182
10579
10409
9741
9606
10009
10062
9931
10468
9094
11310
10705
9315
9433
10701
10089
9974
10789
10729
9770
9869
9905
11669
9732
9600
9408
11057
9768
9750
10868
9850
11851
11012
10562
9818
10072
9311
9499
12206
11004
9592
10595
10749
11238
11042
9441
11106
11722
9409
10150
11062
10116
10075
9506
9892
9484
9616
10944
10931
10171
10022
10967
9840
9743
10278
9813
10522
10293
10068
10479
10356
9964
10770
9997
10348
10975
10164
9690
9951
9738
10821
10837
9803
9706
11624
10449
9469
10344
10790
11034
10006
10514
11273
9742
10397
10231
9579
10091
9084
10381
9674
9707
10528
9790
10577
10538
10258
10043
10950
11229
10490
9946
10163
11421
9721
10601
10664
10252
9756
11196
10412
9627
10187
10815
10204
10289
10844
9957
10771
10130
10142
11037
10581
10400
10397
10058
10875
9964
9786
11240
10203
11925
12306
10143
10362
11092
10276
10201
10312
10807
10411
10716
10338
10698
10120
9992
10377
10299
10202
11387
11585
11165
10853
11396
10513
9703
10140
11205
11003
10599
10990
11300
10297
10199
11033
10945
10589
12031
11085
13213
10527
10165
11625
10644
11049
10718
10828
10956
10189
11383
10310
11274
11450
10505
11072
10741
11553
10045
10528
10968
9942
11024
10312
10617
11000
10034
10896
10687
12227
11825
10566
11567
9713
10329
10425
11200
10771
11274
10917
10829
10566
11035
10485
11065
11300
10442
9741
9980
10744
11498
11012
10233
11224
11024
10437
12054
11785
10537
11901
11366
10623
10558
12148
10985
10585
10683
10644
11453
11620
11728
11229
11050
11445
10862
10788
10813
11025
11235
10813
10522
11288
11540
11234
10574
10882
11127
11133
10690
11381
10853
10906
11876
11195
11161
11582
11983
10678
10802
11085
11905
10669
12217
11028
11204
10644
10907
10864
10983
11154
12146
11366
11239
11022
10610
11602
11784
11951
11956
11800
11386
10904
10637
11070
11718
11399
11322
11920
11894
10876
12308
12253
10673
11592
11821
10926
11575
10938
11849
10214
13646
11490
11044
10984
10710
10855
12207
11963
11582
11533
11033
10944
11672
11334
11042
12914
11485
11172
11485
11506
13806
11865
11998
10949
10861
11587
12041
11399
11109
11470
12028
11004
10830
12126
11252
10950
11244
12054
12294
11210
11673
11409
11495
12294
11433
11565
11104
11708
10811
11606
11181
11100
11456
11533
12044
12000
11264
12015
12325
11489
11523
11815
12116
12248
12102
11618
10868
11461
11798
11816
11134
10871
12635
12654
11114
11060
11375
12253
11158
13517
11619
12362
11213
11379
13591
11165
11345
12594
11170
11806
11895
11638
12070
12443
11871
11590
11945
11594
12346
12206
12175
11572
11124
11398
11668
11767
11308
11418
12275
11120
12596
11994
11700
11068
12363
13674
12084
12181
12795
11415
11556
12061
12613
11558
10829
12349
12411
11357
11823
11396
11154
11240
11412
11563
12900
12340
12353
13043
12605
12165
11362
12617
12006
11884
12857
12182
13981
12584
14000
11957
11492
12306
12466
12932
12374
11782
12717
12714
12247
13381
11612
12117
12823
12169
12714
13082
12822
12561
12565
12544
12562
12144
12105
11961
13162
12619
12841
13307
12085
12810
11539
11657
11476
12701
11935
11851
12772
13167
12587
13848
12876
12139
12299
11942
12273
12894
12255
12708
11989
11886
13013
12196
12629
11748
13762
11913
12268
11620
13426
12533
11931
12325
13336
12311
12052
12254
12913
11672
12852
12412
13568
12518
13540
13016
12122
13933
12765
12270
12478
12121
12814
12128
13546
12634
12690
12843
12808
13461
13939
13796
12109
12460
13583
13046
12541
11997
13305
13065
13409
14345
12888
13424
12308
13361
14004
12697
13324
12652
13296
13497
12968
12509
13583
12428
13050
13462
13140
12538
12849
13097
12676
12424
11912
13067
13116
13267
12927
12641
12801
14095
13110
13369
13837
12498
13746
15429
12494
12885
14407
12831
13334
12939
12894
15484
12384
14325
14587
12605
12618
13667
13490
13554
13873
13531
13422
13813
13245
14044
13613
12933
13376
13377
13219
14393
14355
14292
13982
13997
12915
14592
14357
14025
15124
13809
14428
14404
13691
14361
13477
14448
13853
13841
15582
15199
13878
15108
15183
13607
13925
13345
14378
14326
15916
14807
14726
13471
14430
13674
13264
15089
15069
14252
13670
14004
14482
15158
13980
14508
13885
14878
14512
14794
14043
14190
14034
13648
14299
14817
14060
14440
15152
14336
15815
15413
14178
14497
14394
14822
14778
14744
15604
14575
15761
15473
14485
13972
14255
14121
15077
14305
15096
16327
15015
14882
14656
15180
14256
14753
15961
15156
15149
15120
16260
15924
15226
15335
15883
15681
14976
17014
14786
15758
15358
15378
16208
14998
15949
16328
15904
15462
16353
15682
15144
15483
15604
15106
15535
16066
15374
15532
15387
15862
15677
16338
16194
15545
16162
16373
16044
16520
15457
16429
15463
15344
17643
15722
15766
16533
15709
16133
16922
16124
16457
16238
16082
16996
17156
15815
16061
16189
16016
16346
16117
17274
16500
16552
16674
15969
17094
16817
16141
16925
16170
17111
17176
16218
16840
15881
16573
16858
16607
16192
16982
16289
16640
17032
16384
17373
17509
17179
15860
16193
17251
17855
17848
18752
17131
16410
16780
16548
16404
16230
16473
16766
17559
16303
17195
17185
17449
16202
16290
17563
16553
16958
16209
17492
16896
17202
17480
18160
17346
17967
16686
16788
17526
16834
16711
17778
16692
16954
17306
16978
17469
17564
17614
16562
16863
17349
16692
16942
16547
16269
17388
17062
17744
17049
17426
16520
16225
17965
17169
17187
16984
18430
17056
16375
16898
16780
17166
17878
16564
17546
17388
17878
17272
18116
17092
16820
16987
16625
17719
16757
16653
17500
16628
16542
17522
18362
18020
18168
16779
16769
16710
17536
17626
16925
17654
17645
17060
17177
17510
17005
16956
17413
17327
17382
17590
18842
18168
16738
16979
16858
17489
17433
17284
18904
17210
17963
16597
17710
17963
17100
17974
17052
17340
16996
16665
17163
17702
17135
18143
18188
17140
17264
18066
16679
17374
16898
17325
17750
17174
17329
17586
18436
18132
17037
16403
17228
17010
17065
17052
17457
16644
16869
17612
16777
16742
16525
17178
17604
17109
18040
16426
17351
16745
18306
17102
17817
16890
17206
16649
16421
17262
17719
17854
16535
16817
16180
17010
16890
16163
16648
17104
17000
17196
16394
16268
16944
16448
17243
17124
16537
17456
16558
16905
16818
16573
16160
17645
17064
17194
16461
16566
15563
16212
16009
15702
15473
17085
16850
16250
16159
16743
16745
16521
15570
15749
16391
16904
15589
16920
15985
15829
16305
16729
15353
15445
15650
15916
15861
15488
16175
16044
16006
15659
15703
16039
15272
14980
15517
16190
15762
15641
15823
15374
15670
14453
14796
15940
15989
16132
15020
15307
15144
16344
16024
14948
15081
15908
15365
14671
16092
14810
15122
15063
14901
15022
14480
15294
15897
14571
14317
16040
16990
16018
14792
14006
14781
15565
15525
15976
15374
15324
14971
15542
16615
14362
14328
15108
14398
15292
14072
13986
14518
14133
14549
14469
14408
15808
14711
14474
14485
13773
14356
13741
13724
14194
14994
13393
13320
14413
13832
13626
14454
14172
13242
13107
13515
13613
13522
13325
13319
13591
13408
13749
13330
13257
12854
13568
13661
13210
12953
14130
13866
12836
13289
13694
13379
13810
13463
13001
13783
13918
13577
13430
12347
13972
14409
13515
12740
13440
12708
12937
12996
13014
12738
12270
13180
12126
13234
12412
13455
12741
12996
12391
12749
12789
12916
12513
12172
13734
12852
13161
13444
13065
12242
12427
12129
12737
13468
12194
11693
12056
10875
11661
11562
11946
11435
11588
12570
11946
12548
10994
11331
12321
12566
11791
10958
11810
11508
11743
13559
11457
11568
12253
11206
10892
10698
10973
11388
10978
11678
10628
10739
11956
10992
10872
11297
12820
10963
11748
10740
10937
11535
10621
10376
10594
10905
10546
11083
12932
11174
10274
10859
11864
10938
11267
11346
10913
11127
11041
10984
10836
10391
10684
10337
10954
10292
10758
10765
10381
11640
11448
10245
11189
11423
10236
11636
11130
10500
11174
11292
9628
10706
10558
11226
10150
9894
9565
10498
10426
9755
10137
10171
11942
9591
9431
10068
9992
10232
10146
10327
10343
10510
10576
9923
11172
10415
10150
10426
9499
10500
10219
9789
9948
10190
9329
9906
10793
9604
11116
9094
10855
10008
11584
12421
10411
9600
9392
8898
11018
9141
9690
9932
9416
10285
9350
9926
9327
9090
9065
9775
9246
9857
9999
9756
9756
9207
9498
9911
9979
9336
8949
9332
10608
9877
8931
9579
9047
9329
9332
8930
10321
9845
10330
9611
9410
10143
10070
9249
8955
10358
10764
9667
10223
8910
10410
9351
9036
9403
9129
8710
10852
10584
8658
9447
8878
8652
8901
10544
9798
8646
8986
10778
9325
9259
9054
9312
9818
9409
10246
9690
9510
9014
9695
8667
9272
10716
9548
8754
9493
8798
9140
8565
9486
10516
9400
9793
9000
8858
9213
10022
8696
9402
9731
9533
9050
9619
9266
8010
11380
9313
9437
9453
9381
9117
9466
8448
8923
9302
9170
8916
9856
10368
8266
8926
9676
8650
9935
8818
8636
8620
9400
9527
9208
9548
8701
10335
8776
9383
8729
9482
8527
8258
10471
9346
8844
9314
9573
10625
9926
8537
8539
8817
8137
8154
8542
8747
8745
8340
10398
9071
9852
10594
8638
8465
9641
8929
9386
10415
8915
9222
10334
8827
8527
9053
9405
8862
9035
9640
10664
9472
9059
8418
8599
9594
8731
8763
10551
9213
8700
9302
8903
9567
8443
8400
10192
9631
8994
9456
9083
9151
8698
9117
8639
9843
8848
9044
9204
8486
8855
8483
8250
9203
9323
9174
8285
8355
8602
8942
9292
8791
9657
9031
8884
8770
9154
9146
8900
9142
9382
8345
7913
8382
8509
8991
8794
9213
8380
8136
8832
9077
8179
8269
8858
8448
9781
8545
9013
7929
9112
9937
8378
9166
7750
8552
9016
9074
8332
8369
8258
8680
9245
10040
9235
9214
8132
8410
8872
8339
9196
8671
8441
9346
9147
10808
8066
8116
9533
8372
8075
8842
9129
8443
8621
8006
8495
8116
10124
9570
8179
8532
8767
9121
9754
8607
8360
9194
8580
8739
8133
9054
8874
8890
8764
8611
8535
8394
8137
8276
8412
8687
8173
9593
8058
8667
8402
7840
9543
8537
10383
8726
8135
8717
7960
8762
9759
8408
8076
9205
8374
8671
8690
8647
8625
8680
7895
7890
7944
8418
9284
7853
9952
9993
8086
8885
8122
10323
7561
8994
8548
8654
8048
8591
8465
8911
8302
9011
8290
8715
7693
8144
8755
9359
8952
9561
8524
7995
8085
8728
8458
9286
8253
9825
7827
8448
9322
8347
8660
8624
8305
8582
9011
8083
9054
8053
9327
9291
8772
8505
8945
8505
7759
9441
9129
8268
8302
8937
8489
9139
8584
7934
9190
8571
8364
8896
9102
8343
9613
9419
8955
8346
7940
8368
8724
8262
8836
7893
10252
8098
8571
8905
8469
8119
8492
8106
8192
8042
8717
8388
9573
9147
8100
9355
8026
8448
8861
7975
8170
9191
8042
9429
8088
8346
7717
9326
9737
7885
8167
8743
8042
8566
8456
8264
8815
9353
7573
8251
8491
10685
8150
8683
8268
8215
8619
8615
9322
8263
8573
7760
8294
7919
8565
8644
8089
8799
8288
8283
8492
8973
8035
9218
8405
8930
8101
7750
8846
9188
8098
8687
8073
8880
8320
9710
8500
8574
8750
10069
8700
7819
8413
8408
8171
7722
8553
9182
8769
8450
8051
8442
8336
9253
9331
7772
8317
8738
8730
7982
7772
7696
9524
8065
8598
8143
8596
7982
8367
8134
8386
8508
8087
