7729
6883
7153
7926
6488
12152
6124
6599
6890
6768
6560
6347
6858
6856
6052
8055
8772
6645
7360
6975
6611
7233
6389
7459
6996
6792
6881
6221
6056
6944
6747
7138
6278
7513
6338
6619
6290
6570
6987
7413
6756
6594
6539
6561
6345
6630
8201
6401
7424
7194
9325
7477
9010
6857
6234
6981
6833
6691
7112
6435
7019
7494
6955
7899
6959
7178
7664
6236
8059
7736
7080
6804
6918
7506
6925
6709
6651
6919
7046
6440
7730
7064
7234
7829
6918
7135
7290
6106
7583
6731
6911
7380
6937
7041
6564
6575
7388
8960
7670
6260
7691
6377
6909
6745
6960
7054
6400
7509
6623
7095
7932
6880
7914
8054
6922
7007
6504
7431
6528
7070
7098
6638
6266
7408
7427
6878
7683
7339
6680
7007
6788
6647
6939
7266
7096
7156
7229
7261
7815
6894
6769
6424
6206
7369
6985
6283
6784
7535
6601
6993
8058
6992
6908
7059
6478
7091
7977
7014
6406
7306
9188
6793
6369
7094
7070
7899
6907
7867
7050
6719
6844
6811
6929
6272
6845
5993
7323
7110
6622
7759
6351
7846
7563
7156
7058
8962
7549
6513
8698
7297
8519
6921
7339
6534
7417
7497
6647
7277
6440
8583
6457
7228
7132
6799
6597
6926
7863
7510
6950
7432
6498
7133
8095
6712
7103
6685
6983
7491
7334
7259
8125
7044
7211
7522
7325
7483
6790
7557
6435
8313
7021
6702
6234
7197
7121
7305
8150
7872
7158
7340
7732
7006
6909
7471
6674
8013
7190
7274
6173
7852
6232
8057
6874
7789
7362
7406
7736
7102
8496
7261
6381
8997
6733
7464
6482
7077
6806
7062
6676
8565
7326
7140
7184
6648
6475
7232
7240
7005
6592
8141
6929
6831
7166
6352
6948
6849
7355
7329
7588
7029
6321
6766
7196
7831
7882
8310
7536
7476
7329
6984
7506
6772
6385
6618
7329
7475
7139
6888
7815
7445
6418
8833
7501
7852
6734
7530
7449
7597
7589
6874
8060
7242
6361
8093
6712
6923
8363
7748
7215
7689
6449
7022
6699
6731
6709
7218
6748
6821
7342
6718
8509
7724
7646
7113
7662
6791
7557
7267
7334
7271
7442
7175
7350
6580
7231
8206
7023
8031
6468
8094
6657
6881
7458
6367
6678
7119
6927
7002
6982
7210
7644
6329
7492
7666
6660
6644
7097
6776
6481
6768
7110
7382
6616
9208
6513
7044
7677
6654
8046
7481
8071
7609
6583
6660
6912
6793
7738
7056
7399
6885
7856
7200
7198
6608
8171
8596
6997
7662
7752
6985
8346
7518
7826
7549
6736
7494
6532
7069
7128
7079
7184
6868
6725
6676
6726
6985
8091
6592
7755
7389
6834
7492
7198
6959
6798
6981
7418
7018
6863
6631
6475
6823
6570
6656
7178
6985
7482
7856
7138
7740
6545
7066
8006
7182
7022
7186
7009
7218
7558
7144
6624
7118
7315
7981
7368
8032
7349
7101
6762
7194
7621
7054
6920
7832
7828
6714
7061
8047
7292
6372
7708
7149
7917
8690
8567
6426
7924
7336
6717
6826
6587
6439
6647
7058
6717
7361
10690
8540
7013
6607
7558
7193
6704
7340
7632
6903
8102
6981
7690
6973
7348
6962
7325
7653
7033
8452
7537
7384
7026
7521
7604
8420
7435
7232
7040
7244
7497
8124
7783
7756
7387
6911
7846
7639
7022
8280
6769
7933
7171
8836
7202
7291
6417
7685
7622
7246
7862
6905
6600
7296
6746
9627
7000
8895
7528
7354
7878
7237
6822
8120
6537
6797
7044
7019
7739
7111
7352
6535
8553
8192
7029
6591
7960
7042
6523
7198
7543
7958
6522
7744
7221
7802
7943
6633
6914
8009
7285
7228
7531
7816
7003
7019
6826
6625
6622
6867
7674
7286
6528
7424
6528
7182
7561
9608
7354
7238
7196
6876
7045
6814
6751
8061
7726
6939
7486
7181
6604
8105
6688
8391
7059
7320
8129
6998
7554
7021
6672
7404
7892
8230
7183
6758
7912
7512
7862
6510
7274
7383
7296
8146
7357
6778
7500
8846
8683
8644
7651
6951
6581
6463
7546
6708
6755
7402
7031
6602
7224
6881
7353
7079
7860
7194
6974
7754
7012
7294
6611
7045
7572
8280
8229
6619
6848
7631
7652
6991
7375
8851
7225
9545
7710
7135
7005
7008
6966
7588
8429
6852
7096
8129
6899
7175
7203
7429
6885
7114
7531
7898
8712
7822
8423
8090
7104
7356
7098
6551
7183
8113
8180
7523
7060
7700
7972
7680
7343
7541
7000
7332
7205
8226
7263
8016
7763
7038
9766
7194
7670
6784
8897
7183
7390
7576
7393
6604
8183
7769
7125
7629
8315
7513
7447
6959
7475
8105
7388
8058
6676
7098
7137
6736
8309
8580
7179
7787
7078
7407
6779
6952
9127
8326
7981
7035
7560
7402
6867
7145
7209
7403
7814
8260
7274
8167
6629
7127
7263
7959
6986
7685
8728
6991
7115
7760
7590
8093
7500
7494
7236
6666
7475
8334
6893
6916
6828
8354
7024
7344
6913
6686
6843
6673
8181
7544
6504
7096
7766
8286
6867
7538
7161
8762
8372
7541
7912
7296
7364
7574
7841
7122
8304
7560
7890
7663
6610
8284
8197
7080
8227
6730
7375
8391
7527
8019
9043
7385
7738
6766
8091
7128
7458
6714
7162
7187
7325
7314
6767
7753
8035
7553
8231
10682
7087
8342
7025
6744
6916
7330
8072
7396
7866
7666
8406
7781
7560
7417
6965
8586
7646
8123
8321
6808
6905
7241
7697
7246
6884
7794
8677
7530
8949
6852
8041
8012
7592
7808
8377
7726
7354
7280
7918
7348
7262
7772
7970
7768
6914
7140
6704
7666
7485
7054
8313
7999
7560
7432
7627
8526
7484
6916
8763
6869
8818
7469
7140
8037
7106
7492
7220
7277
7079
7418
7973
8028
7930
8145
6689
9253
7223
7325
7894
8092
7517
6777
7296
7074
7174
7301
6914
7179
8236
7156
6867
7920
8209
7834
7981
6914
8652
7353
7138
7566
7823
7628
7835
8282
8083
7724
7010
7966
7391
7229
7082
8726
7857
7932
7909
7268
7208
8052
7065
8597
7260
7848
7004
8505
8076
8292
7245
6623
7355
7680
7723
8286
7447
7696
7553
7171
7867
7297
7357
7854
7100
7677
7430
7553
8685
7218
7957
7006
7541
7750
6754
8540
7153
7861
9221
7410
7122
7313
7332
7812
7309
8180
6920
7800
7225
8240
7589
8403
8372
8366
8171
7474
7216
7369
7316
7474
7595
7203
7342
6964
7794
7614
7142
8491
7461
7704
7576
7111
7317
7715
7799
8050
8252
8124
7465
7502
7825
7617
7594
7280
7374
8425
7271
7280
7761
7298
7813
8377
7142
7944
6904
8035
7733
8276
7138
7093
7212
7045
7515
8049
7584
7526
8031
7480
7701
8324
6720
7674
7085
7439
8053
7468
7829
7519
7125
7128
8486
7651
8041
7257
8649
7653
6938
7165
7306
7729
7635
7994
8161
7941
8190
7131
8180
7288
7470
8201
7165
8436
8806
7857
7185
8406
7351
9323
8175
8034
7988
7076
9573
8455
7730
8506
7459
7651
9047
7399
8110
8477
8314
7069
8132
7425
9050
7860
7518
8420
7691
7814
7606
7437
8988
7825
7615
7865
7647
8326
7944
7658
7246
8353
8085
7804
7973
8241
7380
8415
8002
8346
7247
8368
8547
7422
7099
8693
8584
7074
7399
7860
8556
7712
7885
8032
6827
8964
7468
7705
8094
8170
7856
8093
8548
7689
7342
7364
7600
7013
8132
7318
7170
7959
7866
8165
8406
8138
8672
8012
7912
7428
7783
9520
8284
7923
8273
8412
7444
7442
7509
7963
7832
7397
7962
8515
7398
9643
8054
9551
7046
7324
8359
7794
8127
7800
8400
7964
7467
8070
7859
7786
7526
7704
9636
7543
7465
6978
7784
7301
7895
7826
7234
7821
7677
7669
7451
7959
7264
7509
7997
7195
7841
7300
7714
8724
8121
8616
8410
8077
7674
8035
8801
7588
7953
6989
9384
8256
7020
7612
8821
7882
7081
7913
7072
8833
8054
7452
8611
7807
8095
8914
7945
8404
7032
7468
8530
9400
8214
7522
8082
8495
7898
7684
7472
7880
7640
7558
7725
8448
7406
9063
8078
7867
7704
7788
7153
8242
7918
7768
7663
7714
7443
7437
8749
8219
7708
7574
8740
9254
8722
9861
7583
8001
8114
7661
8325
8984
8440
7865
8650
7667
7937
7901
9372
8215
7857
7826
8014
9518
7670
7859
7755
7805
7940
7629
7685
8534
7568
9165
8502
8536
8315
8129
8217
7932
7877
7457
8185
7881
8973
7948
9144
7711
8656
7785
7592
8516
8228
8088
8853
8805
8729
7123
7911
9075
8357
8405
9119
8555
8326
7785
7800
8867
7660
7826
8635
7501
8377
7613
8690
7598
8321
7195
7763
7690
7833
8006
9873
9071
8308
7963
8912
8765
7656
8889
8374
8460
8007
8468
8555
8523
7891
7796
7749
9802
7976
8618
10244
7725
7762
7878
7482
9418
8719
8722
8991
7984
7476
9344
8004
9759
7911
7562
8200
7996
7425
7808
8798
8129
8402
7691
8481
9028
8422
8419
8240
8141
8704
8278
8469
8877
7228
8125
7900
8954
7891
8406
7464
8493
7438
8598
8726
7746
7549
8382
7190
7768
9012
8305
8839
8040
8277
8482
7862
8938
7919
8269
7869
8770
8125
7784
8489
8635
7384
7746
8630
7915
8330
7560
8553
7991
7943
7469
8309
9353
7364
7527
8522
9225
8725
7841
8239
9425
7989
7803
8117
7897
8313
8833
8595
8143
9119
7876
9196
8970
8684
8604
8545
8547
8588
8138
9351
8020
8561
7629
8374
8544
8310
8180
8339
9420
7879
8750
8328
8322
8076
7458
8637
8420
9131
8401
8254
8613
8200
8002
8733
8939
8230
9514
8422
9170
9097
8173
10360
9173
8395
8574
8464
9272
7744
8159
8590
8087
7979
7842
8214
7815
8458
7903
9598
9220
8248
9067
8180
8066
8736
8809
8116
8385
8998
8166
8317
8449
8078
8793
8965
8746
8059
7613
9430
9513
9722
8493
7549
8631
8463
8250
8217
8947
8728
8143
8581
8212
8150
8130
8480
8724
9102
7811
9884
9000
8284
8821
9185
9045
8202
8186
7836
8277
7886
9218
8485
8876
8172
8936
9205
8768
8904
7845
7975
8533
8411
8580
7866
8105
8063
9488
9188
8637
8250
8256
9326
9366
8956
8996
8274
9511
8273
8002
9356
8380
7571
7722
9587
8606
8294
8064
9098
9409
8323
8081
9565
8073
9042
7694
8083
9117
8507
8350
8603
9566
8550
9318
8195
8915
8766
7695
9176
9345
7970
8052
8645
8106
7852
7581
8937
9256
7876
8126
9005
9422
8029
8841
9280
9050
8176
9384
9142
8842
7868
8159
8243
9409
8963
8314
8482
8984
8719
10022
9963
8224
7916
9517
8846
9331
8791
8666
8131
8592
8094
9006
8287
8653
8107
8757
8176
9099
8628
8065
8201
9115
8309
8364
7770
8325
8079
9428
8359
9157
8281
9158
9975
8579
8608
9200
8558
8943
8944
8271
8622
8999
9407
8672
9528
8163
9039
8479
8411
9756
9526
8822
9624
10163
8394
8229
8938
9111
8594
9814
9203
8187
8518
8222
9083
8765
9508
9060
8655
9695
8605
9161
8804
8657
9024
8541
8545
9053
8747
8754
8716
9763
9303
8360
8303
8489
7756
8060
10280
8780
8280
8088
9325
9298
8384
8962
8577
9059
8354
8220
8790
11245
7875
9127
9173
8804
8709
8887
8938
9025
9330
8244
9978
9596
8144
8250
9545
9059
8852
9656
9285
8965
8757
8852
10595
8500
8392
7991
10036
8569
8526
9648
8601
10707
9730
9393
8701
8821
8093
8140
10730
9923
8389
9379
9307
10148
9742
8150
9711
10308
8139
8637
9820
8962
8770
8312
8657
8261
8478
9690
9671
9023
8619
9637
8786
8548
8944
8495
8698
9030
8639
9003
9025
8860
9501
8931
9172
9609
8855
8549
8675
8325
9420
9472
8264
8195
10344
9159
8265
8861
9155
9555
8716
9108
9766
8199
9063
8788
8283
8550
7900
9088
8324
8215
9044
8530
9364
8861
8749
8749
9438
9796
9099
8648
8974
10014
8282
9123
9016
8746
8294
9833
8790
8179
8672
9404
8650
8594
9268
8626
9422
8590
8614
9349
9078
9037
8762
8405
9538
8420
8264
9761
8696
10420
10681
8424
8812
9282
8768
8833
8605
9350
9092
9306
8891
9236
8460
8292
9036
8919
8868
9857
9772
9763
9419
9748
8990
8622
8671
10048
9469
9160
9439
9743
8714
8798
9716
9301
8847
10068
9367
11629
8933
8461
10082
9147
9268
9137
9195
9187
8542
9716
8660
9594
9678
8980
9538
9507
9781
8451
9092
9337
8573
9416
8970
8992
9408
8611
9136
9090
10460
10200
8879
9883
8349
8597
8691
9494
9143
9796
9209
9207
9000
9035
8669
9448
9631
8814
8269
8525
9310
9717
9332
8712
9685
9244
8755
10269
9961
8936
9942
9857
8813
8950
10342
9462
8650
8998
8788
9639
9865
10110
9331
9318
9620
9146
8893
9140
9248
9530
8852
8697
9440
9623
9741
8857
8964
9274
9579
9069
9504
9324
9205
9905
9559
9348
9667
10208
8949
9373
9355
10320
9014
10448
9245
9573
8844
9031
9104
9215
9637
10500
9695
9603
9893
8805
9767
10002
10046
9974
10150
9560
9233
8957
9196
9941
9738
9558
10109
9920
9520
10473
10470
9078
9736
10167
9287
9785
8956
10163
8544
11691
9889
9388
9255
8784
9279
10335
10134
9768
9944
9110
8943
9651
9788
9258
10039
9721
9246
9665
10026
12176
9943
10388
9018
9093
9733
9998
9536
9404
9753
9999
9221
8917
10224
9425
9095
9330
10194
10298
9451
9949
9506
9783
10631
9994
9934
9181
10059
9300
9816
9340
9485
9465
9748
10596
10274
9788
10084
10602
9668
9771
10148
10361
10755
10555
9997
9018
9924
9961
10420
9246
9132
10931
10675
9201
9126
9783
10279
9363
11762
9775
10689
9114
9690
11812
9475
9575
10890
9644
10197
9948
9822
10315
10752
10385
9688
10521
9833
10741
10388
10388
9815
9544
10114
9737
10315
9528
9852
10407
9440
10725
10212
10358
9344
10892
12155
10759
10420
11200
9760
9893
10548
10938
10089
9295
10900
10934
9755
10274
9913
9569
9707
9884
9976
11284
10787
10514
11392
10667
10218
9483
10742
10128
10022
11303
10456
12453
11080
12536
10183
10039
10593
10758
11362
10996
10333
10970
10952
10452
11923
10260
10629
11115
10700
11169
11544
11042
11053
11109
11013
11055
10772
10579
10531
11707
11246
11498
11655
10330
10949
9982
10199
9908
11144
10269
10194
10995
11656
11041
12544
11542
10553
10617
10274
10707
11587
10756
11206
10708
10245
11823
10721
11172
10328
12268
10552
10526
10187
12143
11037
10500
10914
11740
11018
10743
10762
11508
10188
11352
10912
11790
11284
11854
11481
10926
12390
11194
10881
11243
10831
11621
10652
12096
11250
11198
11846
11357
12344
12549
12588
10662
11223
12330
11743
11205
10823
11971
11765
12047
12950
11356
11964
11278
12133
12584
11073
11964
11310
11915
12023
11963
11075
12155
11357
11787
12605
12093
11252
11600
11889
11466
11144
10892
11688
11823
11878
11624
11506
11861
12746
12182
12083
12602
11214
12472
14281
11032
11626
13034
11907
11743
11520
11821
14128
10949
13021
13725
11599
11459
12421
12264
12242
12928
12562
12159
12832
12099
13172
12534
11704
12363
12162
12224
12948
13396
13102
12954
12725
11814
13587
13146
12737
14164
12580
13252
13210
12704
13122
12364
13268
13085
12496
14314
14122
12601
13882
14320
12754
13216
12621
13073
13553
14715
13669
13643
12661
13274
12698
12614
13739
13866
13026
12718
12888
13323
14059
12818
13576
12854
13748
13220
13523
13028
13022
13300
12461
13148
13643
13047
13586
13978
13451
14808
14638
13404
13501
13405
13899
13611
13520
14070
13456
14786
14448
13114
12852
13257
13397
13914
13374
14077
15214
13798
13926
13518
14153
13632
13766
15115
14072
13644
13912
15364
14825
14737
14388
14810
14604
14225
16095
14312
14848
14587
14402
15389
14196
14763
15677
14962
14788
15240
14793
14052
14177
14657
14214
14740
15463
14310
14722
14426
14936
14650
15424
15634
14577
15409
15723
15224
15860
14421
15460
14377
14613
16731
14901
14836
15354
14860
15314
16287
15300
15435
15392
14842
16087
16200
14856
15273
15305
15125
15532
15337
16424
15639
15528
15927
15390
16576
16066
15161
16269
15330
16190
16226
15869
15965
15481
15688
15969
15364
15637
16435
15532
15889
16410
15343
16746
16616
16290
15356
15412
16226
17277
17258
17630
15813
15980
16008
15705
15552
15525
15745
15812
16629
15562
16408
16412
16533
15616
15536
16596
15747
16505
15665
16806
16343
16302
16562
17070
16311
17171
15886
16070
17061
16159
15872
17044
15959
15892
16609
16401
16459
16586
17110
15837
15877
16650
15786
16125
15695
15572
16524
16192
16947
16333
16587
15888
15676
17485
16230
16584
16170
17466
16405
15661
16165
15865
16428
17165
15918
17080
16518
17177
16618
17107
16489
16013
16266
15899
16792
16028
15749
16704
15945
15912
16717
17261
17080
17348
16165
16036
15823
16896
16996
16173
16881
16684
16451
16573
16957
16309
16178
16574
16706
16427
16760
17525
17267
16168
16069
16137
16548
16502
16554
17954
16366
17364
15874
17148
17083
16468
17374
16469
16338
16073
16525
16453
17002
16477
17562
17347
16257
16697
17430
16034
16327
16466
16580
16772
16322
16198
17166
17480
17493
16408
15925
16244
15956
16426
16146
16827
15717
16017
17193
16225
16197
15504
16653
17054
16210
16901
15794
16581
15602
17513
16277
17263
16136
16367
15985
15806
16704
17049
17218
15996
16187
15418
16714
16021
15707
15960
16528
16205
16658
15838
15659
16104
16095
16233
16488
15984
17067
15826
16102
16098
16213
15557
16845
16026
16159
15840
15805
15142
15332
15424
15417
14887
16446
16137
15456
15517
15945
15860
16062
15175
15099
15689
16394
14844
16303
15181
15138
15653
15988
14952
14795
14984
15211
15251
14754
15594
15387
15679
15094
14905
15340
14592
14435
15003
15692
15475
15325
15472
15063
15223
13961
14384
15295
15338
15741
14390
14943
14699
15622
15699
14434
14725
15692
14645
14182
15555
14200
14788
14535
14549
14536
13889
14842
15484
13984
14072
15364
16389
15500
14162
13873
14476
15576
14961
15696
14596
14986
14702
15078
16556
13962
13509
14675
14031
15018
13396
13476
14283
13875
13964
13868
13997
15406
14501
14256
13958
13242
13875
13258
13240
13809
14592
12944
13139
14043
13250
13233
14222
13901
12819
12555
13415
13121
13088
13147
12956
13032
13135
13404
13050
13057
12685
13120
13358
13056
12819
14008
13517
12546
13096
13322
12734
13670
13045
12309
13311
13716
13234
13130
12219
13881
13992
13154
12402
13257
12386
12466
12574
12493
12207
12205
12768
11718
12574
12430
13236
12444
12513
12151
12420
12592
12648
11793
12053
13549
12352
12449
13080
12740
11766
12084
11624
12752
12941
11978
11453
11827
10481
11453
11351
11709
11374
11347
12380
11858
12136
10814
10970
11979
12268
11585
10614
11475
11222
11496
13504
10990
11320
11840
11165
10586
10487
10979
11074
10714
11588
10570
10673
11692
10584
10355
10948
12456
10709
11372
10555
10670
11485
10589
10058
10354
10809
10137
10815
12636
10844
10167
10628
11845
10686
11003
10915
11028
10959
10976
10727
10863
10157
10509
10128
10757
10283
10728
10588
9890
11641
11390
9914
11093
11261
10149
11888
10916
10558
10842
11049
9526
10415
10610
11184
10050
9701
9229
10111
10466
9622
10024
10061
11834
9454
9280
9821
9888
10089
9724
10082
9996
9998
10516
9919
10837
10190
10154
10260
9319
10600
9991
9713
9724
10092
9093
9679
10623
9436
10895
9191
10681
9728
11414
12522
10305
9606
9380
8723
10742
8957
9556
9818
9492
10157
9491
9677
9176
9024
8751
9756
9349
9495
9862
9548
9706
9066
9462
9579
9867
9284
8774
9140
10472
9524
8927
9403
9098
9394
9026
8781
10193
9727
10256
9883
9481
10002
9976
9296
9200
9896
10530
9532
10189
8740
10356
9357
8838
9398
8745
8420
10808
10588
8556
9429
8845
8745
8984
10456
9881
8810
8779
10785
9311
9356
8786
9188
9900
9136
10272
9326
9403
8844
9777
8857
9166
10567
9137
8991
9496
8494
9157
8544
9409
10435
9191
9590
8762
8833
9180
10021
8600
9339
9628
9530
8924
9722
9135
7997
11266
9396
9321
9228
9233
9106
9437
8416
8680
9053
9198
8912
9833
10192
8270
8980
9652
8574
9955
8804
8600
8766
9214
9500
9081
9429
8705
10059
8796
9330
8673
9489
8489
8147
10472
9289
8629
9198
9538
10372
9652
8559
8362
8754
8273
8217
8177
8588
8620
8242
10456
8886
9595
10450
8594
8246
9442
8828
9116
10418
8872
9121
10294
8772
8428
9044
9147
8771
9067
9342
10763
9532
8995
8350
8679
9654
8764
8658
9998
8991
8361
9170
8672
9566
8492
8210
10057
9472
8956
9355
9110
9081
8756
9218
8755
9761
8873
9045
9151
8500
8902
8376
8091
9030
9259
9173
8262
8160
8524
8951
9138
8488
9404
9123
8940
8662
8949
9154
8833
9017
9194
8192
7940
8393
8599
8815
8699
9145
8263
8207
8786
8946
8221
8408
8749
8367
9728
8574
9031
8063
9133
9753
8303
9228
7857
8369
8947
9053
8396
8199
8227
9089
9307
10025
9045
9044
8196
8379
8737
8217
9108
8696
8158
9311
9090
10647
8051
8131
9560
8466
7803
8731
8850
8214
8612
8001
8400
8221
9944
9416
8074
8560
8715
8804
9598
8622
8101
9126
8629
8957
8272
9045
8854
8965
8749
8682
8429
8389
7976
8184
8290
8697
7909
9457
8122
8508
8247
7750
9460
8475
10308
8766
7992
8495
7761
8501
9830
8656
8094
9190
8347
8528
8588
8607
8694
8494
7788
7976
8039
8389
9055
7900
9823
9794
7992
8958
7918
10394
7680
9092
8418
8522
8060
8410
8640
8886
8096
9049
8320
8868
7711
8180
8675
8792
8978
9327
8483
7841
8089
8712
8576
9240
8311
9925
7910
8712
9167
8374
8544
8712
8085
8500
8980
8181
8908
7944
9130
9248
8373
8423
8884
8407
7771
9539
8984
8052
8109
8836
8452
9027
8380
8130
9009
8542
8280
8604
9092
8414
9732
9591
8933
8283
7790
8251
8716
8239
8848
7986
9879
8046
8492
8876
8381
8115
8621
7918
8093
7941
8740
8240
9587
9015
8216
9264
7881
8411
8935
8192
8110
9037
7907
9284
8179
8114
7821
9371
9621
7905
8098
8627
8000
8638
8463
8194
8927
9162
7605
8079
8547
10410
8272
8646
8389
8109
8548
8679
9348
8329
8508
7981
8417
7710
8675
8550
7964
8625
8363
8150
8369
8766
8104
9239
8346
8768
8205
7928
8730
9024
8039
8458
8057
9103
8539
9451
8386
8439
8631
10276
8580
7646
8344
8318
8173
7608
8395
9096
8728
8346
7809
8421
8369
9302
9252
7706
8261
8761
8469
7680
7662
7730
9344
8132
8539
8010
8628
8041
7999
8038
8281
8264
7896
