7692
6888
7133
8037
6422
12070
6347
6682
6960
6937
6811
6277
6708
6766
6146
8234
8664
6899
7472
7104
6435
7352
6586
7612
7264
6930
7033
6265
6198
7086
6945
7405
6396
7390
6339
6763
6424
6584
7098
7545
6896
6837
6768
6581
6440
6740
8138
6514
7631
7382
9401
7618
8889
6927
6090
7174
6612
6853
7149
6634
7217
7558
7029
7966
6962
7175
7558
6207
8017
7861
7101
6832
6948
7560
7140
6965
6697
7002
7279
6651
7873
7226
7497
7915
6976
7043
7346
6194
7752
6721
7017
7535
6847
6916
6748
6734
7612
9077
7662
6455
7925
6599
6904
7090
6884
7218
6434
7516
6523
7091
7983
6991
7961
8168
6973
7106
6557
7552
6559
7204
7296
6791
6523
7383
7505
7044
7953
7219
6979
7144
6986
6682
7134
7371
7069
7249
7392
7542
8026
7005
6783
6451
6267
7380
7365
6432
6806
7701
6780
7245
8014
6991
6976
7193
6558
7087
8128
6995
6499
7353
9364
6964
6448
7158
7262
8110
6888
8052
7057
6778
7124
7107
6893
6531
6952
6313
7511
7302
6620
7920
6520
8190
7646
7235
7050
8988
7634
6328
8852
7675
8741
6994
7566
6903
7383
7644
6797
7368
6696
8523
6445
7326
7386
6962
6592
7175
7954
7529
7122
7367
6682
7109
8253
6667
7035
6825
6936
7464
7486
7428
8275
7461
7092
7716
7493
7463
6875
7532
6645
8499
7167
6790
6390
7126
7320
7488
8083
7837
7481
7319
7672
6984
7144
7745
6497
8184
7086
7170
6291
8127
6306
8074
6996
7848
7232
7558
7859
7126
8499
7277
6466
9053
6862
7789
6736
7040
6846
6926
6770
8637
7311
7271
7095
6778
6465
7341
7216
7041
6531
8168
6997
6976
7246
6649
7165
6982
7320
7509
7692
7249
6474
6844
7389
8121
8212
8304
7550
7441
7217
7084
7399
6812
6598
6616
7545
7730
7342
7038
7917
7467
6709
8823
7495
7826
6648
7719
7578
7716
7650
6676
8470
7201
6514
8187
7065
6936
8345
7822
7365
7782
6695
7153
6950
6781
6842
7482
6954
7192
7317
6845
8407
7877
7899
7302
7700
6904
7938
7267
7344
7313
7608
7289
7391
6699
7500
8230
6990
8025
6643
8279
6777
7059
7649
6461
6664
7241
7243
6874
7188
7270
7844
6658
7518
7839
6826
6889
7008
6974
6736
6914
7158
7319
6734
9218
6628
7138
7843
6634
8054
7764
8156
7930
6806
6800
7030
6909
7752
6947
7314
6956
7759
7456
7173
6552
8309
8869
7108
7842
7764
7193
8677
7786
7948
7774
6746
7703
6567
7125
7317
7190
7192
6939
6810
6868
6808
7173
8266
6842
7681
7603
7063
7711
7195
7258
6873
7112
7564
7167
7082
6865
6666
6928
6739
6807
7338
7084
7321
7769
7421
7956
6662
7173
7911
7298
6973
7307
7190
7397
7768
7378
6957
7037
7483
8065
7474
7941
7486
7332
6986
7311
7814
7114
7068
8095
8027
7000
7360
8198
7402
6677
8087
7306
7960
9006
8730
6468
8361
7517
6824
6942
6858
6759
6522
7144
6787
7557
10679
8677
7135
6827
7884
7406
6799
7644
7916
6988
8141
7286
7994
7208
7476
7133
7530
7790
7038
8384
7451
7527
6890
7626
7733
8424
7602
7157
7164
7574
7654
8315
7980
7848
7460
7029
7966
8038
7284
8428
6817
7997
7275
8812
7351
7451
6737
7929
7690
7260
8242
7003
6708
7358
6972
9919
7442
9124
7785
7492
8110
7424
7062
8084
6897
6930
7162
7191
7847
7272
7638
6810
8684
8567
7155
6850
8045
7293
6607
7376
7461
8339
6861
7850
7529
8141
8065
6912
6946
7989
7453
7351
7721
7914
6996
7294
7005
6830
6720
6927
7850
7324
6849
7460
6899
7374
7622
9697
7556
7519
7584
7084
7304
7056
6826
8310
7560
7033
7507
7386
6696
8363
7082
8692
7157
7526
8263
7084
7538
7092
6939
7517
8144
8316
7225
7005
8009
7707
8172
6597
7330
7441
7565
8436
7429
7253
7676
8988
8932
8797
7818
7159
6896
6440
7830
6926
6898
7693
6989
6837
7444
7118
7533
7313
8246
7450
7127
7978
7030
7261
6960
7358
7757
8355
8589
6905
7096
7657
7773
7343
7589
9045
7609
9626
8042
7177
7128
7219
7271
7751
8440
7076
7399
8345
7284
7328
7507
7777
6850
7180
7782
7874
8898
8235
8288
8080
7426
7708
7138
6787
7322
8258
8811
7843
7227
7871
8059
7864
7664
7821
7133
7710
7512
8531
7600
8127
7843
7350
10067
7499
7962
7123
9261
7630
7579
7802
7714
6970
8337
7878
7389
7959
8462
8036
7727
7093
7779
8171
7555
8133
6970
7601
7324
6973
8644
8569
7400
7919
7394
7695
6932
7161
9177
8636
8278
7415
7789
7503
7273
7408
7417
7251
7770
8563
7605
8212
6713
7315
7378
8206
7256
8075
8972
7433
7149
8064
7678
8418
7755
7812
7370
7034
7829
8585
6978
7347
6984
8584
7322
7671
7100
7027
7238
7018
8344
7918
6893
7495
8088
8657
7154
7710
7472
8942
8542
7824
8086
7503
7444
7844
8164
7389
8594
7627
8164
8056
7009
8556
8302
7387
8562
7003
7631
8700
7739
8109
9122
7666
8113
7035
8324
7553
7789
7108
7164
7318
7616
7378
7072
7914
8442
7832
8532
10820
7385
8724
7296
7075
7427
7596
8148
7671
8284
8133
8909
8037
7913
7800
7260
8980
7817
8346
8624
7123
7085
7720
8012
7659
7198
8278
8990
7748
9381
7149
8190
8386
7959
8064
8468
8006
7462
7737
8213
7790
7661
7945
8285
8033
7150
7381
7037
7997
7973
7505
8741
8308
7820
7614
7957
8845
7886
7293
9138
7256
9141
7981
7602
8420
7372
7792
7575
7610
7279
7749
8273
8378
8403
8495
7309
9774
7574
7671
8082
8330
7699
7191
7627
7476
7482
7747
7414
7776
8877
7407
7220
8491
8450
8175
8503
7167
9108
7892
7370
7708
8149
8122
7785
8874
8458
8155
7311
8365
7817
7485
7340
8856
8142
8249
8397
7744
7409
8257
7453
8924
7549
8458
7372
8944
8433
8586
7634
7100
7759
7988
8101
8320
7830
7982
7946
7415
8421
7561
8003
8545
7569
8149
7759
8043
9138
7854
8593
7447
7873
8223
7144
9012
7564
8377
9738
7692
7653
7547
7877
8170
7747
8408
7503
8386
7761
8535
7931
8784
8771
8639
8424
7993
7603
7789
7583
7817
8228
7597
7927
7437
8254
8192
7487
8954
7948
8201
8173
7695
7850
8214
8290
8484
8570
8505
7860
7926
8376
8124
8025
7783
7814
9126
7997
7673
8070
7654
8302
8701
7675
8308
7446
8505
8192
8651
7596
7565
7676
7283
8116
8484
8089
7897
8530
7834
8092
8583
7199
8234
7394
8132
8486
8029
8532
8092
7861
7452
9031
8148
8441
7710
8819
8154
7535
8019
7883
8142
8221
8704
8580
8636
8872
7686
8781
7659
8030
8473
7511
8858
9527
8252
7760
9002
7864
9714
8676
8514
8681
7676
10235
8869
8315
8986
8108
8200
9608
8139
8689
9000
8839
7664
8751
8020
9736
8293
7909
9311
8156
8625
8190
8268
9589
8202
8335
8420
8266
8940
8419
8069
7956
9005
8726
8534
8692
9041
8124
8915
8670
8801
7665
9204
9203
7833
7799
9145
9164
7707
8106
8634
9010
8200
8671
8512
7510
9784
8189
8256
8621
8992
8274
8870
8968
8385
8045
8082
8404
7661
8917
7946
8017
8856
8557
8881
8882
8868
9067
8826
8505
8094
8405
10297
8986
8461
8863
8955
7958
8115
8183
8668
8555
8112
8549
8996
8158
9953
8680
10265
7954
8190
8932
8681
8619
8568
8981
8536
8381
8813
8481
8230
8445
8588
10558
8259
8290
7724
8234
8038
8433
8422
7876
8551
8246
8256
8289
9013
8140
8261
8689
8037
8629
8012
8302
9665
9020
9610
8845
8421
8129
8577
9544
8155
8778
7692
10131
8888
7738
8492
9373
8728
7845
8739
7973
9578
8709
8125
9213
8564
8756
9721
8775
9260
7960
8380
9357
10180
8948
8578
8882
9422
8653
8483
8699
8667
8568
8379
8611
9102
8161
9904
9119
8870
8492
8639
8073
9178
8664
8400
8519
8598
8287
8360
9908
9221
8449
8851
9597
10122
9573
10668
8540
8845
9067
8720
9093
9532
9607
8938
9702
8458
8854
8871
10094
9067
8882
9015
9152
10669
8693
8779
8768
8849
9112
8676
8726
9436
8434
10066
9346
9733
9194
8923
9401
9080
8982
8675
9125
8802
10139
9058
10138
8799
9842
8792
8536
9270
9141
8947
10048
9642
9443
8060
8918
10022
9489
9470
9895
9679
9504
8898
8860
10147
8733
8924
9494
8554
9544
8749
9817
8847
9502
8191
8827
8794
9114
9040
10889
10230
9235
9179
10007
9902
8811
10126
9770
9498
9117
9464
9467
9856
9138
8990
8959
10925
8985
9779
11437
8808
9015
8984
8841
10351
10057
9889
9970
9172
8869
10681
9320
10851
9244
8698
9399
9355
8596
8701
10157
9384
9700
8793
9626
10537
9788
9653
9517
9481
9992
9327
9686
10295
8619
9338
9065
10275
9057
9682
8471
9724
8985
9852
10174
8910
9292
9773
8669
9151
9975
9777
10213
9319
9542
9920
9065
10221
9334
9670
9088
9968
9428
9382
9924
10043
8880
9207
9935
9409
9651
8936
9848
9530
9225
8993
9581
10624
8897
9120
9966
10552
10028
9449
9832
10672
9496
9322
9540
9531
9822
10280
10098
9543
10682
9413
10955
10596
10126
10135
10245
10061
10237
9720
10672
9353
10117
9473
10299
10186
9699
9778
9900
10853
9323
10105
9893
9934
9661
9249
10250
10182
10635
10135
9792
10506
9940
9658
10425
10328
9667
10999
10027
10766
10537
9941
12013
10360
10029
10114
9940
11013
9170
9777
10222
9884
9603
9523
9965
9813
10231
9472
11359
10850
9980
10588
9940
9889
10649
10645
9910
10015
10892
10025
10123
10315
9923
10566
10758
10506
9708
9400
11058
11291
11378
10498
9360
10307
10292
9969
10160
10838
10661
9989
10379
10174
9924
9990
10271
10557
10984
9485
12001
10974
10269
10806
11265
10861
10087
9965
9787
10167
9764
11110
10434
10792
10080
10605
11039
10501
10868
9740
9971
10562
10332
10627
9844
10017
10144
11493
11424
10637
10052
10296
11499
11367
10778
11078
10273
11924
10370
10155
11400
10537
9658
9962
11716
10730
10382
10169
11042
11687
10449
10132
11627
10131
11195
9949
10277
11002
10681
10532
10820
11682
11034
11331
10821
11211
10755
9945
11164
11514
10169
10143
10720
10360
9893
9998
10963
11604
10274
10415
11280
11634
10556
11130
11585
11365
10735
11682
11320
11131
10521
10489
10535
11771
11417
10566
10817
11352
11103
12488
11994
10830
10322
11892
11260
11563
11119
10990
10813
10971
10437
11387
10709
10952
10664
11224
10445
11659
11255
10731
10752
11625
10728
10754
10245
10830
10658
11992
10658
11741
10911
11723
12332
11280
11085
12009
11116
11223
11490
10991
11324
11672
11985
11047
12702
10978
11712
10971
10976
12738
12043
11222
12316
12852
10830
11023
11656
11896
11435
12294
11883
11052
11297
10566
11752
11301
12277
11693
11422
12502
11317
11946
11424
11368
11922
11377
11413
11916
11512
11538
11622
12621
12193
11301
11224
11165
10569
10960
13067
11354
11141
11266
12118
12088
11349
11874
11513
12012
11207
11014
11851
14242
11026
12158
11999
11582
11541
11892
12090
12051
12468
11169
13213
12509
11229
11127
12964
12123
12011
12864
12310
11915
11861
11905
13828
11737
11437
11173
13281
11502
11835
13098
11880
14028
13080
12388
11803
12022
11301
11623
14012
13184
11657
12855
12580
13316
12908
11421
13070
13755
11606
11715
13128
12434
12337
11670
11878
11603
11937
13144
13197
12098
12105
12950
11834
11848
12230
11833
12296
12217
11999
12557
12498
11960
12687
12480
12726
12980
12266
12040
11932
11508
12853
13157
11793
11764
14005
12657
11866
12278
12990
13276
12226
12788
13402
11850
12592
12387
11812
12134
11249
12597
12003
11634
12719
12110
13132
12994
12470
12408
13318
13514
12761
12423
12558
13639
12133
12928
12867
12601
11914
13579
12603
11951
12244
12938
12494
12491
13048
12303
13328
12417
12411
13343
12889
12824
12890
12342
13396
12603
12204
13942
12629
14018
14689
12527
12525
13452
12820
12605
12806
13349
13238
13307
12729
13358
12638
12325
12926
12870
13034
13829
13842
13521
13639
13764
13084
12661
12842
13708
13314
13372
13397
14005
12694
12816
13653
13434
12878
14093
13403
15734
13121
12670
14152
13313
13973
13238
13582
13786
12808
14241
13010
13898
14013
13245
13655
13733
14071
12378
13213
13484
12674
13749
12941
13122
13698
12712
13376
13705
14812
14464
13131
14154
12275
13020
13384
13865
13442
14209
13771
13365
13172
13626
13063
13537
13962
13154
12556
12941
13605
13866
13572
13140
13952
13864
13321
15001
14426
13544
14708
14293
13246
13527
14959
13754
13337
13580
13459
14097
14285
14625
13888
13752
14216
13588
13572
13525
14024
14207
13480
13352
14071
14275
13969
13461
13821
14020
13952
13411
14018
13720
13604
14203
14031
14017
14252
14712
13480
13762
13934
15156
13498
15194
13829
14053
13570
13589
13904
13853
14212
15242
14092
14061
13863
13476
14439
14604
14649
14915
14858
14386
13910
13613
14099
14706
14514
14132
14717
14552
13837
14832
15068
13772
14258
14613
13927
14442
13569
14932
13281
16266
14074
13716
13876
13562
13775
15010
15021
14274
14252
14165
13647
14325
14488
13914
14594
14190
13862
14573
14285
16743
14610
14757
13643
13384
14184
14693
14251
13990
14615
14527
14140
13625
14971
14180
13623
13855
14836
15225
14039
14382
14149
14260
14960
14520
14383
13889
14870
13428
14683
13914
13858
13984
14507
14837
14629
13995
14861
15096
14406
14522
14528
14894
14994
15149
14401
13334
14100
14582
14426
14027
13466
15594
15504
13674
13850
14063
14409
13915
16301
14249
14970
13782
13897
16342
13812
14025
15346
14219
14557
14706
14349
14824
15215
14522
14251
14608
14153
14976
14865
14672
14132
13648
14370
14030
14410
13865
14195
14555
13935
14978
14503
14405
13572
15174
16517
14688
14811
15428
13925
14033
14630
15083
14121
13413
15048
14865
13994
14607
14020
13785
13778
14036
14156
15464
14843
14557
15413
14729
14450
13793
14790
14650
14500
15279
14600
16602
15215
16503
14089
14151
14788
14960
15295
14980
14322
14620
15110
14713
15905
13898
14698
15098
14552
15022
15263
14821
14891
14949
14932
14970
14448
14572
14432
15290
14894
15053
15477
14251
14660
13561
14102
13392
14763
14223
14152
14871
15158
14532
15898
15140
13928
14564
13893
14330
15361
14253
14696
14142
13896
15538
14349
14661
13879
15864
14131
14198
13515
15491
14659
14030
14327
15182
14366
14016
14085
14696
13640
14622
14107
15380
14682
15164
14841
14449
15744
14429
14163
14297
14269
14635
13963
15680
14799
14548
14525
14615
15401
15644
15757
13986
14219
15285
14716
14324
13546
14912
15016
15208
16017
14616
14892
14186
14927
15552
14028
14764
14384
15138
15016
14697
13952
15036
13963
14532
15237
14614
14118
14524
14779
14271
13919
13618
14714
14517
14467
14118
14212
14552
15528
14742
15125
15095
14041
15139
16743
13764
14313
15512
14543
14477
14317
14468
16712
14042
15608
16149
13738
13759
15081
14504
14912
15350
15050
14466
15359
14350
15421
14870
14266
14820
14542
14473
15241
15339
15645
14999
15307
14086
15702
15232
15162
16417
14705
15367
15576
15014
15369
14431
15484
15052
14822
16554
16405
15032
15938
16387
14888
15228
14581
15234
15447
16896
15490
15764
14565
15299
14716
14260
15599
15740
15073
14676
14774
15176
15915
14621
15364
14547
15644
15250
15508
14897
14920
15120
14502
15130
15528
14693
15336
15549
15174
16886
16251
14929
15406
14977
15412
15384
15203
16000
15436
16696
16154
15210
14667
14709
14886
15670
14977
15728
16747
15700
15210
15334
15702
15126
15587
16474
15770
15412
15692
16890
16301
16008
15924
16315
15986
15466
17561
15556
16105
15878
15839
16649
15542
16174
16922
16301
15958
16346
16034
15311
15586
16071
15422
16371
16505
15472
15818
15616
16137
16086
16728
16860
15684
16502
16673
16405
16776
15844
16842
15900
15823
17848
16007
16056
16702
16102
16484
17141
16311
16461
16599
16315
17108
17622
15773
16268
16400
16016
16298
16539
17681
16155
16696
16717
16180
17216
16843
16080
17233
16142
17132
17554
16629
17180
16626
16704
17036
16397
16370
17213
16468
16664
17183
15950
17346
17570
17174
16106
16432
17238
18382
18057
18330
16805
17042
17161
16685
16381
16204
16640
16749
17332
16453
17100
17016
17632
15941
16470
17256
16472
17456
16479
17440
17026
16770
17528
18062
17166
17938
16765
16918
17510
16612
16518
17304
16465
16588
17247
17017
17137
17202
17674
16331
16923
17454
16741
16795
16414
16105
17044
16809
17735
17371
17289
16436
16324
17906
16896
17049
16694
18111
16968
16517
17128
16708
16872
17643
16588
17565
17038
17645
16951
17745
17066
16900
17211
16662
17611
16858
16225
17300
16630
16290
17341
17925
17652
17813
16601
16744
16267
17757
17731
16782
17558
17665
16574
16860
17540
16632
16826
16995
17253
16798
17566
18420
17828
16689
16729
17063
17354
17268
17124
18584
16873
17960
16232
17625
17764
17244
18030
16815
17004
16863
16803
16865
18113
16954
17852
18019
17056
17004
17785
16492
17169
16923
17111
17497
17003
16909
17633
17910
18412
16825
16682
17273
16782
16621
16845
17267
16239
16475
17629
16984
16792
16292
17166
17588
16715
17529
16280
17073
16314
18105
16920
17646
16570
16426
16582
16304
17362
17608
17790
16297
16411
15905
16973
16627
16068
16361
16953
16714
17174
16408
16272
16582
16430
17002
16877
16794
17098
16409
16314
16708
16772
16056
17639
16605
16852
16266
16266
15596
15994
15727
15916
15261
17036
16627
15766
16094
16562
16676
16457
15966
15801
16326
16896
15628
16825
15802
15408
16034
16302
15389
15338
15300
15684
15666
15319
15968
15594
15761
15556
15419
15714
15058
14891
15595
16048
15811
15505
15698
15559
15481
14319
14755
15909
15858
16079
14830
15465
15013
16261
16048
14390
14932
16178
15222
14535
16008
14947
14800
15147
14774
14913
14364
15171
15632
14767
14328
15681
16997
16036
14884
13958
14748
15771
15402
15863
14833
15583
14884
15616
16634
14198
14219
14992
14177
14837
13653
13832
14646
14425
14259
14034
14255
15653
14889
14316
14302
13849
14535
13625
13613
14062
14790
13279
13513
14246
13401
13575
14568
14544
13106
12920
13787
13573
13300
13464
12993
13529
13163
13807
13246
13259
12817
13482
13580
13300
13002
14067
13657
12874
13386
13856
13479
13732
13697
12457
13773
13717
13570
13551
12544
13988
14185
13324
12725
13590
12645
13057
12670
12756
12408
12448
13111
12242
12945
12452
13476
12346
12794
12488
12721
12930
12932
12265
12231
13817
12687
13125
13371
12929
11946
12313
11947
12809
13332
12125
11661
12118
10814
11572
11685
12271
11449
11600
12572
12167
12432
10912
11398
12347
12557
11928
10868
11822
11439
11797
14103
11485
11381
11865
11031
10817
10499
11277
11466
11023
11805
10640
10774
11764
10932
10811
11319
12682
10799
11608
10686
10824
11520
10550
10486
10660
10857
10648
10868
12920
11030
10230
10984
12116
10980
11165
11342
11190
11262
11270
10856
11131
10574
10637
10437
10927
10508
10853
11083
10010
11642
11366
10219
11399
11508
10236
11999
10944
10479
11274
11469
9597
10529
10413
11417
10481
9879
9370
10500
10583
9714
10316
10109
12262
9466
9557
10083
10133
10368
10169
10165
10332
10298
10756
9867
11063
10296
10217
10338
9581
10710
9988
10048
10110
10383
9212
9702
10715
9544
11274
9368
10715
10085
11358
12681
10441
9803
9321
9022
10766
9363
9670
10172
9519
10203
9544
9692
9433
9277
8928
9972
9285
9862
10222
9612
9848
9121
9467
9641
9979
9533
9050
9289
10482
9874
9047
9619
9265
9354
9308
8962
10220
9805
10327
9667
9524
9927
9903
9513
9261
10090
10705
9464
10360
8882
10447
9362
9066
9573
9055
8580
10902
10691
8804
9339
9076
8888
9056
10687
10083
8748
8990
11041
9180
9519
8853
9268
10138
9405
10405
9611
9666
8962
9602
8733
9466
10805
9422
8752
9493
8800
8925
8546
9451
10432
9195
9916
9007
8960
9320
10080
8598
9605
10014
9769
9012
10048
9160
8162
11003
9412
9588
9285
9446
9166
9453
8508
8819
9151
9161
8980
9882
10317
8408
8948
9700
8652
10223
8912
8504
8779
9475
9620
9170
9509
9048
10137
9164
9485
8762
9472
8585
8263
10661
9716
8836
9296
9592
10504
9949
8640
8704
8948
8556
8458
8455
8813
8800
8474
10252
8916
9722
10536
8398
8456
9768
8940
9405
10315
9005
9355
10102
8944
8585
8907
9357
8899
9160
9498
10982
9622
9141
8546
8740
9544
8779
8882
10294
9073
8550
9307
8667
9676
8584
8274
10093
9740
9063
9434
9177
8996
8890
8911
8664
9933
9001
9172
9074
8592
8949
8462
8200
9276
9427
9120
8368
8311
8598
8936
9434
8639
9661
9360
8933
8829
9272
9204
8716
9247
9339
8423
8080
8456
8679
9048
8917
9412
8482
8226
8938
8992
8226
8425
8975
8379
9818
8672
8971
8047
9087
9882
8601
9237
7660
8532
9096
9201
8401
8424
8329
9088
9395
10335
9249
9099
8450
8550
8873
8302
9236
8693
8221
9229
9419
10894
8186
8281
9615
8783
7896
8686
9224
8268
8754
8002
8559
8385
9897
9613
8323
8773
8687
8957
9753
8665
8244
9147
8801
8756
8258
9243
8926
9074
8934
8552
8461
8564
8120
8339
8512
8500
8197
9671
8158
8741
8592
7869
9530
8521
10626
8809
8068
8605
7838
8551
9732
8597
8157
9333
8384
8784
8756
8674
8626
8699
8018
8173
8189
8491
8478
7942
9904
10114
8099
8827
8221
10558
7865
8997
8588
8601
8177
8695
8884
8793
8161
9285
8388
8818
7766
8221
8772
9072
8978
9477
8468
7964
7913
8826
8620
9035
8404
9956
7979
8729
9289
8243
8689
8744
8091
8694
8968
8160
9046
8136
9326
9178
8675
8475
9250
8654
8045
9539
9353
8410
8308
8962
8541
9082
8489
8242
9331
8711
8272
8859
9107
8425
9661
9627
9115
8410
7904
8441
8943
8300
9021
7900
9958
8346
8715
9042
8494
8134
8599
7995
8420
8076
8817
8320
9473
9225
8234
9315
8087
8457
8849
8201
8233
9207
8036
9253
8246
8350
7972
9649
9992
8100
8354
8611
8238
8684
8555
8333
9137
9291
7680
8206
8554
10652
8212
8774
8602
8602
8682
8686
9394
8245
8500
8046
8443
7763
8687
8666
8026
8768
8460
8370
8509
8845
8221
9553
8488
8836
8313
7882
9026
9051
8237
8712
8049
8947
8526
9626
8524
8500
8725
10132
8643
7809
8443
8507
8266
7657
8466
9316
9002
8452
8136
8667
8421
9484
9259
8038
8345
8930
8520
7986
7846
7583
9456
8181
8516
8116
8777
8087
8281
8266
8184
8621
7950
