7724
7013
7057
7935
6309
12174
6149
6537
6760
6724
6545
6534
6963
6770
6045
8252
8756
6872
7585
7153
6410
7201
6320
7527
7061
6878
6680
6332
6042
6826
6869
7077
6349
7349
6275
6533
6506
6560
7201
7452
6699
6597
6527
6654
6314
6555
8006
6585
7521
7333
9454
7696
8916
7075
6182
7149
6820
6727
6965
6606
7145
7465
6864
7900
6933
7171
7597
6336
8045
7843
6977
6803
6981
7647
6930
6983
6577
7056
7144
6525
7770
7226
7304
8033
6872
7159
7629
6282
7703
6780
7156
7392
6864
7037
6708
6479
7626
8949
7844
6343
7981
6557
6980
6774
6926
7190
6475
7462
6501
7114
8037
7028
7913
7809
6865
6986
6477
7534
6388
7180
6913
6570
6282
7273
7273
6893
7784
7280
6877
7006
6846
6684
6870
7373
6930
7071
7306
7392
7924
6868
6841
6321
6228
7257
7100
6382
6671
7721
6521
7081
7841
6888
6915
7077
6469
7095
8138
7046
6619
7030
9031
6902
6379
7309
6976
7796
6828
7950
7052
6749
7056
7068
6992
6420
7054
6228
7376
7143
6691
7988
6492
8113
7620
7215
6859
8922
7248
6300
8805
7439
8503
7021
7482
6788
7413
7579
6799
7196
6588
8339
6312
7242
7419
6887
6482
7185
7765
7407
6969
7361
6590
7077
8135
6813
6882
6756
6935
7365
7270
7510
8182
7159
7039
7560
7413
7478
6934
7429
6638
8442
7225
6833
6303
7241
7355
7387
8165
7882
7336
7322
7621
6974
6876
7468
6562
8017
7221
7264
6279
8027
6324
7991
6851
7820
7304
7410
7637
7042
8466
7032
6535
8904
6752
7668
6513
7093
6820
6861
6713
8500
7460
7242
7117
6779
6489
7194
7211
7230
6708
8238
7020
6968
7228
6477
7184
6923
7169
7270
7696
7133
6494
6880
7242
7875
7818
8294
7594
7355
7316
7038
7360
6738
6442
6692
7349
7617
7183
6959
7657
7342
6549
8873
7597
7621
6658
7385
7462
7855
7682
6806
8310
7226
6439
8075
6778
6901
8231
7685
7347
7765
6371
7053
6854
6897
6749
7357
6829
7132
7185
6761
8352
7556
7812
7086
7725
6959
7757
7323
7304
7466
7541
7364
7142
6409
7280
8347
7108
7919
6437
8314
6604
7052
7384
6474
6721
7167
6952
6862
7094
7101
7727
6401
7370
7687
6865
6812
7079
6952
6728
6604
7099
7433
6613
9149
6713
7060
7823
6606
7871
7573
8074
7881
6744
6747
7112
6725
7828
6984
7105
6898
7749
7276
7178
6564
8320
8866
7044
7744
7885
7006
8491
7587
7884
7659
6824
7716
6474
7067
7161
7098
7272
6968
6499
6841
6728
6926
8273
6546
7789
7478
6921
7577
7165
7044
6919
6965
7424
7195
7089
6707
6599
6987
6654
6762
7232
7266
7156
7837
7334
8012
6630
7198
7766
7209
6926
7219
7129
7284
7544
7161
6711
7194
7515
8027
7298
7968
7361
7218
6890
7317
7677
7055
7049
7871
7882
6802
7231
7972
7241
6547
7812
7019
7958
8829
8630
6570
8139
7252
6665
6865
6656
6673
6548
7204
6614
7298
10820
8556
6849
6766
7538
7130
6666
7292
7692
7026
8147
7184
7884
7039
7328
7095
7337
7779
7037
8345
7424
7551
6976
7322
7668
8421
7505
7111
6952
7371
7530
8258
7800
7722
7156
6966
7949
7749
7064
8289
6646
7984
7425
8586
7425
7276
6542
7931
7658
7119
7914
6877
6674
7255
6765
9867
7221
9137
7792
7330
8154
7221
7062
8235
6502
6808
7031
7106
7809
7193
7357
6604
8504
8235
7004
6607
7955
6893
6554
6939
7550
8139
6790
7637
7251
8053
7893
6997
7033
7959
7244
7234
7689
7646
6949
7259
6878
6638
6705
6823
7636
7550
6782
7459
6692
7354
7424
9645
7551
7314
7166
6661
7004
6804
6554
8046
7389
7078
7244
7232
6530
8387
7025
8379
7179
7409
8496
6795
7633
7115
6650
7182
8119
8186
7344
7010
7999
7674
8071
6870
7297
7337
7496
8284
7430
6985
7550
8589
8601
8573
7636
7337
6728
6392
7656
6631
6811
7453
6991
6590
7272
6917
7333
7175
7769
7385
6908
7700
6760
7144
6733
7208
7505
8341
8350
6753
6939
7471
7665
7297
7494
8672
7413
9336
8050
7144
7014
7005
6925
7552
8581
6901
7147
8208
6822
7147
7123
7645
6785
7261
7506
7911
8748
8017
8441
7960
7346
7511
7093
6554
7259
8165
8350
7764
7202
7456
8144
7724
7671
7694
6936
7390
7370
8395
7416
8049
7659
7149
9877
7364
7728
6651
8791
7207
7274
7643
7529
6646
8152
7786
7200
7547
8827
7601
7496
6876
7771
7911
7341
8200
6660
7178
7213
6711
8242
8390
7150
7661
7016
7465
6896
7050
8959
8528
7904
6986
7640
7349
7095
7232
7184
7239
7406
8256
7257
8107
6724
7083
6999
8213
6980
7679
8717
7265
6954
7785
7565
8338
7441
7498
7187
6871
7578
8356
6733
7174
6730
8390
6988
7484
6801
6767
7025
6747
8074
7886
6576
7229
7989
8343
6962
7564
7114
8631
8470
7488
7733
7441
7262
7569
7960
7297
8277
7537
7994
7872
6749
8355
8234
7221
8438
6730
7449
8598
7584
7865
9002
7277
7833
6941
8103
7251
7544
6778
6910
7167
7488
7204
6969
7527
8162
7612
8184
10628
7091
8586
7152
6803
7011
7364
8062
7413
7932
7943
8688
7869
7628
7084
6973
8612
7411
8121
8328
6841
6903
7354
7749
7273
6828
7903
8904
7538
9094
7008
7773
8183
7817
7574
8299
7773
7344
7386
7997
7542
7279
7750
7994
7724
6948
7298
6639
7789
7646
7140
8536
7834
7480
7485
7983
8525
7693
7080
8870
6792
8775
7489
7281
8079
7113
7658
7265
7433
7082
7541
7971
8042
8086
8089
6943
9467
7135
7336
7870
8221
7454
6910
7456
7226
7277
7565
7090
7272
8389
7175
6863
8122
8008
7919
8175
7047
8635
7481
7194
7630
7744
7597
7910
8262
8059
7848
7136
7991
7339
7243
7287
8747
8000
8063
8031
7306
7333
8041
7185
8497
7124
7916
7216
8380
8198
8253
7326
6888
7546
7828
7728
8134
7459
7562
7611
7310
7914
7394
7516
7872
7172
7892
7493
7843
8952
7311
8089
7135
7566
7894
6515
8528
6968
7904
9219
7419
7308
7405
7507
7941
7501
8210
7161
7959
7215
8312
7698
8432
8473
8418
8109
7603
7237
7202
7366
7440
7973
7255
7595
7132
7940
7824
7159
8444
7363
7840
7584
7098
7436
7834
7940
8275
8279
8225
7445
7510
7867
7592
7640
7315
7574
8603
7330
7371
7748
7385
7752
8206
7310
7939
7052
8175
7680
8087
7183
7227
7096
6938
7529
8064
7788
7625
8076
7522
7743
8397
6840
7693
7140
7600
7972
7615
8192
7597
7355
7072
8507
7640
8069
7151
8296
7625
7061
7496
7146
7563
7696
8170
8061
8240
8502
7218
8312
7292
7552
8165
7246
8549
9174
7797
7388
8443
7457
9328
8200
8181
8213
7192
9776
8636
7851
8597
7467
7778
9056
7612
8309
8522
8392
6840
8128
7574
8904
8145
7321
8546
7625
8006
7775
7716
9192
7655
7823
7697
7715
8310
7973
7717
7330
8361
8171
7771
8220
8379
7503
8719
8235
8413
7314
8752
8806
7380
7269
8738
8560
7485
7627
8045
8591
7666
8069
7916
7046
9103
7613
7701
8046
8378
7898
8192
8420
7473
7524
7467
7872
7213
8157
7369
7432
8142
7977
8320
8437
8103
8455
8375
8089
7579
7830
9643
8396
7945
8326
8321
7505
7627
7644
8002
8057
7468
7900
8569
7603
9346
8011
9633
7223
7559
8437
7875
8251
7894
8456
7922
7564
8084
7911
7765
7867
7663
9798
7595
7619
7206
7789
7416
7900
7848
7029
7864
7651
7810
7514
8145
7509
7396
8001
7122
7655
7288
7701
8926
8197
8524
8308
7891
7697
7931
8875
7531
8139
7017
9275
8375
7354
7700
8923
7998
7283
7801
7282
8859
8072
7445
8468
7815
8192
8910
7975
8393
7214
7609
8600
9590
8219
7759
8138
8564
7730
7714
7406
7778
7862
7597
7712
8284
7501
9156
8166
8098
7760
7911
7352
8404
8160
7889
7631
7883
7316
7759
9035
8334
7584
7664
8845
9221
8638
9785
7698
8008
8161
7935
8537
8886
8743
8069
8825
7781
7988
8038
9338
8267
7990
8063
8291
9637
7901
7828
7810
7819
8043
7871
7887
8576
7524
9229
8409
8788
8478
8180
8522
8169
7897
7731
8264
7808
9121
8117
9256
7844
8736
7785
7808
8342
8287
8034
9021
8917
8452
7268
8099
9226
8665
8696
8911
8792
8217
8088
7947
9068
7741
7940
8683
7785
8260
7803
8627
7878
8456
7427
7781
7934
7957
8192
9999
9202
8429
7978
9082
8872
7642
8994
8536
8480
8153
8530
8846
8672
8057
7941
7931
10125
8139
8639
10358
7837
7859
7816
7784
9555
8941
8863
9063
8114
7676
9733
8265
9856
8118
7500
8386
8233
7624
7875
8950
8081
8564
7734
8516
9222
8649
8535
8331
8521
8897
8220
8625
9002
7219
8182
7998
9166
8211
8373
7488
8697
7655
8824
8757
7906
8046
8681
7412
7840
8982
8585
9195
8140
8362
8668
7846
8922
8052
8376
7752
8882
8237
7986
8770
8491
7678
8063
8689
8210
8270
7767
8616
8173
8052
7754
8279
9448
7530
7685
8771
9524
8760
8139
8322
9714
8298
8077
8248
8190
8296
8835
8794
8230
9147
8074
9513
9411
8784
8824
8832
8724
8606
8379
9196
8167
8700
7946
8810
8652
8576
8253
8507
9613
7958
8747
8377
8486
8109
7813
8744
8503
9014
8543
8357
8906
8348
8229
8804
9004
8360
9541
8626
9209
9013
8381
10450
9264
8686
8460
8502
9460
7762
8365
8666
8246
8151
7949
8321
8039
8621
7959
9936
9326
8505
9197
8460
8285
8671
8949
8388
8571
9117
8524
8560
8620
8427
9108
9153
8707
8227
7833
9596
9614
9842
8788
7887
8706
8549
8462
8427
9088
9034
8418
8814
8546
8309
8439
8519
8962
9258
8022
10156
9229
8468
9045
9481
9255
8528
8336
7979
8518
8281
9557
8828
8878
8442
8964
9529
8901
9098
7860
8222
8732
8514
8750
8031
8227
8584
9765
9427
8758
8312
8425
9531
9520
9096
9443
8536
9766
8703
8413
9724
8674
8020
8080
9558
8902
8253
8363
9220
9642
8656
8418
9483
8248
9321
7903
8262
9084
8594
8593
8737
9804
8952
9482
8532
9176
8870
7778
9410
9433
8196
8214
8863
8426
7865
7855
8966
9531
8219
8166
9385
9625
8448
9003
9553
9432
8409
9540
9166
8893
8334
8596
8438
9701
9279
8588
8839
8977
8923
10172
9956
8709
8122
9731
9080
9400
9007
8830
8474
8792
8420
9270
8437
8685
8470
9146
8501
9532
8964
8276
8351
9613
8747
8586
8043
8573
8346
9724
8475
9640
8756
9423
10135
8727
8915
9463
8745
9119
9296
8456
8816
9176
9792
8894
10413
8476
9278
8515
8735
9896
9584
8997
9955
10677
8640
8628
9318
9280
8918
10003
9417
8640
8664
8294
9349
8796
9781
9265
8570
10008
8716
9551
8822
9002
9377
9329
8841
9193
9137
9120
9064
9839
9584
8573
8422
8629
7862
8182
10543
8973
8924
8358
9491
9558
8603
9285
8691
9360
8596
8354
9067
11509
8322
9618
9394
8862
8950
9197
9294
9291
9584
8512
10392
10057
8342
8344
9861
9280
9052
10170
9670
8921
9110
9165
11025
8814
8752
8438
10628
8789
8967
10011
9118
11061
10180
9631
9037
9171
8529
8553
10949
10182
8820
9807
9694
10393
9812
8363
10107
10638
8397
8907
10185
9306
9121
8500
9049
8601
8676
10181
10103
9129
9061
9876
9018
8653
9244
8743
9387
9242
9024
9261
9201
9041
9445
9214
9512
9937
9215
8810
8915
8667
9752
9995
8822
8680
10782
9521
8473
9174
9920
9844
9100
9630
10245
8839
9541
9225
8624
9160
8289
9334
8788
8713
9458
8769
9704
9425
9095
9169
9867
10123
9475
8926
9265
10417
8708
9659
9485
9330
8814
10181
9166
8610
8910
9693
8968
8974
9914
9151
9680
8970
9090
9841
9448
9472
9484
8751
9899
8704
8810
10226
8996
10577
10973
8939
9358
9622
9280
9197
9182
9678
9334
9704
9436
9831
8964
8708
9509
9384
9366
10304
10274
10040
9908
10211
9304
8939
9189
10266
9896
9694
9903
10228
9402
9190
9967
9785
9396
10774
9649
11988
9444
9062
10236
9802
10079
9415
9513
9883
8902
10207
9218
10104
10096
9475
10137
9943
10172
8836
9721
9849
9012
9905
9294
9509
9946
9074
9521
9622
10881
10725
9357
10678
8562
9001
9049
9902
9476
10194
9600
9650
9210
9838
9347
9892
10158
9291
8596
8922
9780
10344
9874
9160
10185
9872
9342
10713
10679
9354
10706
10380
9383
9482
10899
9810
9534
9422
9492
10317
10417
10701
9779
9794
10308
9608
9544
9690
9892
10161
9568
9183
9952
10333
10026
9349
9538
9855
10232
9397
10269
9825
9862
10526
10220
9956
10470
10684
9381
9876
9946
11096
9620
11210
9866
10093
9474
9384
9788
9626
10053
10950
10249
10085
10473
9484
10538
10496
10682
10563
10856
10130
9715
9597
9887
10476
10520
9953
10663
10651
9850
11061
11010
9556
10515
10886
9928
10605
9740
10589
9069
12306
10486
9818
10062
9388
9783
11048
10858
10493
10624
9866
9649
10355
10360
9947
10660
10579
9918
10640
10404
12670
10741
10915
9757
9722
10414
10887
10244
9982
10356
10536
10048
9701
10953
10368
9775
9931
10623
10998
9983
10460
10376
10361
11210
10549
10717
9988
10611
9967
10832
10298
9977
10329
10651
11159
10858
10569
10809
11301
10396
10781
10963
11091
11243
11206
10628
9671
10559
10772
10906
10083
9645
11716
11595
9952
9957
10472
11122
10126
12449
10630
11400
10128
10351
12512
10313
10445
11741
10442
10701
10980
10603
11142
11617
11016
10850
11104
10678
11432
11284
11205
10805
10469
10896
10481
11061
10326
10669
11189
10261
11601
11092
11102
10365
11684
13333
11343
11516
12137
10632
10671
11400
12008
11034
10269
11529
11797
10451
11103
10818
10466
10630
10701
10904
11877
11616
11524
12337
11648
11422
10673
11832
11101
11111
12346
11618
13664
11960
13546
11183
10924
11613
11578
12445
11868
11095
12146
12113
11598
12991
11081
11678
12317
11776
12383
12445
12124
12050
12250
12010
12162
11520
11852
11538
12559
12244
12220
12813
11771
12091
10934
11303
10913
12144
11434
11395
11984
12620
12446
13256
12409
11763
11784
11550
11835
12577
11999
12315
11742
11464
13151
11936
12296
11341
13569
11815
12033
11408
13182
12635
11794
12094
13047
12147
11759
11828
12605
11419
12546
12077
13412
12651
13026
12636
12311
13775
12411
12068
12576
12165
12911
12300
13557
12810
12564
12952
12801
13804
14044
13963
11996
12213
13528
13091
12523
11869
13262
12996
13622
14342
12834
13528
12843
13389
13799
12724
13229
12557
13086
13597
13168
12690
13956
12981
12939
13791
13545
12752
13014
13201
13100
12649
12358
13413
13383
13442
13136
13082
13303
14464
13734
13941
14120
12781
13954
15747
12890
13254
14617
13419
13793
13411
13723
15778
12996
14759
15338
13339
13261
14093
13917
14239
14443
14321
14119
14494
13701
14945
14178
13344
14171
14213
13960
14912
15497
15144
14793
14518
13929
14941
15117
14681
16182
14372
15264
15307
14630
15098
14400
15271
14732
14759
16420
16367
14873
16022
16238
14839
15225
14263
15246
15277
17209
15688
15631
14503
15344
14536
14683
16042
15993
15304
15150
15111
15436
16245
15352
15801
15282
16132
15328
15805
15233
15050
15535
14854
15684
16020
15409
15750
16288
15730
17170
16653
15496
15867
15616
16380
16226
16117
16318
15890
17276
17046
15932
15551
15646
15694
16475
15924
16649
17613
16643
16409
16306
16650
16154
16203
17622
16684
16205
16904
17650
17302
16891
17051
17357
17300
16962
18844
16958
17412
17479
17486
18020
17030
17599
18197
17748
17615
17981
17579
17007
17163
17580
16975
17705
18154
17276
17684
17304
17738
17437
18241
18267
17419
18088
18427
18320
18683
17536
18615
17613
17627
19854
17672
17913
18600
18070
18233
19382
18139
18542
18396
18134
19406
19668
18126
18372
18326
18200
18520
18561
19540
18410
18852
18831
18252
19181
18974
18510
19315
18443
19182
19824
19012
18922
18628
19036
19316
18744
18882
19786
19108
19000
19430
18601
19938
20077
19630
18408
19076
19762
20809
20637
21140
19342
19265
19597
19340
19158
18440
19318
19267
20072
19180
19702
19534
20285
18403
19272
20131
19064
20033
19285
20334
19601
19707
20196
20689
19956
20672
19360
19691
20584
19478
19188
20532
19562
19568
20066
19958
20073
20340
20590
19422
19920
20072
19564
19372
18921
18956
20084
19794
20604
20096
20294
19612
19210
20800
19595
20103
19306
20721
19659
19055
19860
19080
19598
20457
19454
20549
20007
20655
20171
21057
20234
19949
19831
19470
20444
19908
19224
20522
19636
19283
20438
21164
20660
20871
19746
19744
19522
20736
20804
19752
20755
20548
20013
20158
20395
19882
19514
20135
20465
20109
20697
21608
20868
19863
19990
19694
20785
20472
20018
21899
20264
20953
19509
20765
20988
19834
21109
19933
19768
19734
20008
20316
21012
20061
20988
20816
20555
19990
21078
19685
19929
20116
20110
20865
20142
20237
20626
20782
21136
19898
19587
19942
19815
19934
19994
20341
19671
19872
20786
19964
19524
19357
20230
20321
19972
20644
19285
19984
19560
21283
19652
20763
19521
19840
19637
19382
20342
20610
20532
19261
19536
18981
19972
19833
18996
19348
19964
19664
20132
19295
18995
19492
19396
19733
20049
19558
20356
19212
19537
19532
19951
19044
20214
19364
19830
19256
19348
18319
19076
18657
18677
18039
19756
19336
18676
18634
19358
19183
19431
18657
18889
18780
19671
18348
19332
18644
18246
18810
19289
18061
18119
18149
18525
18495
17990
18541
18688
18841
18164
17725
18350
17778
17437
17944
18726
18306
18276
18507
18096
18265
16871
17029
18120
18244
18691
17195
17849
17643
18818
18534
17106
17482
18600
17468
16889
18312
17326
17322
17604
17302
17332
16589
17453
18242
16978
16825
17935
19189
18044
17090
16417
17245
18019
17776
18276
17382
17732
17301
17933
18828
16361
16118
17338
16453
17195
15970
15867
16603
16774
16236
16333
16668
17803
17252
16444
16539
15750
16425
15609
15598
16161
16762
15238
15562
16155
15611
15308
16458
16010
14696
14760
15639
15208
15252
15135
15125
15616
15068
15785
15137
15157
14863
15159
15221
15018
14914
15808
15616
14581
15076
15462
15320
15493
15159
14790
15440
15400
15268
15274
14314
15669
15845
15209
13949
15097
13997
14466
14472
14564
13987
13561
14900
13696
14459
13994
15070
13892
14070
13842
14080
14416
14164
13540
13626
15091
14075
14242
14713
14464
13581
13605
13379
13991
14792
13415
13007
13307
12132
12676
12800
13239
12457
12836
13754
13173
13595
12288
12480
13116
13707
12766
11761
12828
12504
12780
14680
12352
12560
13064
12207
11906
11456
12312
12214
12002
12698
11716
11725
12546
12046
11673
12042
13590
11882
12427
11697
11451
12237
11436
10991
11202
11591
11320
11826
13537
11695
11226
11746
12764
11861
11946
12042
11614
11965
11682
11576
11900
11169
11481
10926
11513
11183
11603
11584
10901
12290
12056
10946
12014
12033
10824
12410
11765
10986
11526
11689
10185
11224
11017
11776
10829
10440
10098
10862
11269
10488
10823
10717
12548
9992
10123
10384
10521
10497
10443
10579
10755
10730
11094
10389
11456
10898
10561
10657
9876
11031
10451
10258
10702
10981
9763
10195
11106
10200
11496
9831
11285
10294
11862
12896
10874
10248
9737
9325
11104
9621
10198
10424
9938
10563
9912
10141
9805
9396
9400
10017
9578
10065
10167
9907
10095
9314
9764
9991
10114
9702
9282
9493
10856
9916
9396
9946
9541
9541
9403
9144
10542
9983
10451
9872
9641
10268
10121
9480
9415
10379
10854
9948
10450
9326
10913
9630
9273
9743
9186
8815
10993
10701
8965
9718
9158
8886
9220
10923
10331
9045
9058
11410
9575
9538
8967
9805
10283
9712
10650
9685
9513
9031
9760
9014
9349
10869
9695
9182
9688
8830
9301
8807
9737
10661
9432
10029
9308
8920
9335
10260
8778
9574
9847
9834
9443
9980
9396
8347
11550
9362
9632
9608
9340
9282
9466
8643
9003
9372
9181
8993
10146
10456
8423
9139
9850
8682
10238
8940
8540
8783
9495
9614
9397
9698
8998
10288
8966
9620
8780
9626
8822
8360
10635
9535
8979
9437
9701
10538
9788
8807
8799
9018
8430
8328
8554
8749
8885
8612
10547
8934
9876
10670
8731
8401
9895
8907
9386
10426
9232
9478
10204
8877
8624
9210
9480
9089
9293
9512
11117
9639
9130
8596
8756
9562
8820
8855
10315
9260
8684
9293
8704
9796
8751
8509
10108
9740
9147
9421
9483
9153
9052
9251
8735
10086
9192
9239
9212
8525
8956
8607
8367
9366
9374
9425
8526
8596
8814
8916
9469
8602
9844
9426
9001
8921
9202
9325
8938
9246
9323
8445
8120
8518
8541
9135
8868
9481
8477
8200
8764
8869
8181
8507
8900
8472
10027
8762
9288
8059
9179
9863
8365
9309
7648
8672
8958
8960
8290
8478
8153
9002
9376
9964
9108
9176
8369
8415
8962
8212
9338
8838
8425
9614
9158
11089
8276
8183
9728
8586
8019
8768
9194
8384
8592
8085
8554
8342
10052
9679
8440
8757
8752
9232
9657
8932
8249
9234
8709
8775
8160
9095
8669
9029
8970
8714
8442
8581
8124
8379
8470
8723
8332
9573
8084
8809
8380
7802
9405
8569
10397
8880
8210
8606
7971
8779
9879
8628
8008
9341
8415
8652
8714
8748
8654
8608
7862
8149
8171
8572
9268
7889
10017
9892
8194
9004
8130
10312
7688
9102
8637
8582
8204
8407
8814
9008
8162
9124
8225
8801
7867
8328
8784
9095
8925
9428
8516
7788
8130
8539
8756
9284
8289
9975
8011
8641
9380
8425
8696
8500
8165
8758
9097
8229
8998
8138
9384
9315
8683
8611
9048
8552
7827
9529
9044
8035
8317
8955
8392
9185
8500
8243
9325
8695
8411
8669
9233
8276
10030
9740
9211
8615
7936
8392
8788
8277
8979
7939
10102
8219
8683
8977
8618
8040
8686
8127
8478
8188
8689
8554
9544
9021
8450
9380
8041
8543
9112
8211
8210
9045
8015
9320
8253
8404
7761
9651
9684
8039
8416
8711
8112
8544
8481
8188
9084
9286
7593
8165
8950
10678
8106
8743
8281
8479
8649
8621
9389
8299
8602
7945
8358
8016
8610
8687
8043
8624
8391
8381
8376
9026
7952
9408
8621
8856
8186
7808
9021
9123
8090
8526
7885
9076
8332
9906
8498
8617
8842
10356
8667
7755
8406
8342
8287
7854
8632
9256
8919
8530
8164
8690
8435
9505
9345
8026
8495
8742
8597
7978
7750
7806
9252
8148
8579
8118
8657
8232
8229
8204
8493
8409
7956
