7850
7012
7279
7958
6402
12161
6208
6700
6924
6704
6864
6436
6753
6835
6096
8040
8708
6836
7424
6879
6410
7151
6559
7425
7012
6801
6908
6176
6071
7002
6852
7364
6270
7308
6428
6577
6400
6720
7232
7498
6846
6736
6429
6624
6264
6541
7892
6473
7548
7180
9378
7680
9102
7017
6339
7118
6781
6709
7269
6571
7201
7688
7077
7885
6878
7020
7538
6074
8086
7680
7140
6703
6992
7651
6798
6873
6618
7112
7139
6605
7716
7293
7408
7960
6951
7127
7484
6296
7787
6758
7137
7406
6850
7079
6709
6724
7497
8844
7800
6307
7854
6620
6865
7001
6960
7143
6456
7511
6620
7000
7821
6889
7924
7942
6793
6942
6364
7538
6402
7286
7027
6779
6324
7406
7579
6998
7950
7138
6918
7196
6983
6613
7074
7374
7049
7190
7272
7394
7993
6898
6837
6510
6286
7416
7211
6337
6818
7741
6534
7059
8004
7060
6902
7091
6560
7149
8113
6953
6643
7154
9344
7057
6436
7097
7132
8077
6919
7877
6981
6720
6923
7092
6918
6426
7073
6105
7336
7365
6828
7962
6427
7976
7581
7201
6890
8270
7600
6343
8940
7642
8516
7165
7432
6801
7458
7601
6562
7350
6431
8308
6512
7106
7120
6954
6704
7099
7902
7389
7032
7432
6699
7140
8252
6790
7017
6764
6976
7573
7407
7503
8181
7389
6886
7426
7336
7337
6762
7548
6623
8328
7117
6742
6489
7179
7273
7435
8131
8000
7318
7258
7873
6916
7132
7469
6653
8108
7199
7234
6358
8022
6189
8116
7103
7739
7344
7545
7721
7068
8452
7224
6297
9037
6872
7780
6723
7080
7006
6854
6639
8769
7489
7238
6881
6665
6505
7194
7129
7093
6509
8173
6853
7037
7140
6566
7040
6738
7270
7583
7754
7140
6459
6859
7164
7941
8080
8364
7517
7424
7300
6932
7502
6766
6376
6701
7428
7646
7140
7020
7684
7397
6649
8824
7553
7672
6575
7700
7518
7686
7789
6683
8249
7223
6493
8059
6823
6982
8198
7711
7252
7569
6275
6880
6753
6897
7000
7377
6874
7031
7387
6874
8462
7733
7844
7291
7674
6862
7799
7189
7318
7227
7574
7335
7134
6611
7351
8232
7024
7955
6563
8149
6660
6949
7548
6436
6762
7272
7089
6940
7106
7149
7787
6335
7527
7554
6674
6678
7051
6875
6667
6828
7168
7488
6743
9062
6535
7125
7748
6573
7874
7542
8029
7701
6652
6699
7069
6971
7632
6980
7310
6796
7752
7334
7424
6582
8478
8697
7049
7882
7798
7067
8422
7653
7912
7686
6920
7481
6618
7040
7319
7196
7158
6945
6679
6835
6706
7017
8256
6697
7854
7494
6904
7407
7022
7211
6943
6812
7345
7177
6987
6757
6661
6973
6596
6717
7105
7126
7358
7813
7161
7868
6563
7261
7766
7325
6943
7264
7263
7296
7657
7300
6852
7208
7373
7921
7362
7919
7306
7226
6803
7259
7562
7172
6904
7782
7793
6753
7324
8090
7535
6380
7862
7163
8106
8832
8637
6484
8145
7292
6710
6723
6756
6603
6558
7133
6702
7387
10717
8613
6937
6781
7620
7266
6753
7433
7598
6996
8068
7213
7791
6964
7168
7001
7244
7796
6959
8424
7566
7457
6837
7470
7723
8378
7649
7128
6966
7625
7461
8155
7790
7711
7330
6969
7842
7799
7095
8210
6682
8068
7266
8754
7429
7488
6480
7941
7514
7314
7958
7029
6561
7256
6928
9801
7311
9022
7643
7330
8190
7221
6989
8106
6709
7020
6926
6959
7827
7193
7332
6818
8485
8253
7197
6867
7995
7157
6601
7253
7468
8357
6939
7855
7388
7954
7758
6906
7144
7894
7290
7324
7787
7666
7206
7027
6973
6721
6750
6941
7735
7367
6686
7643
6912
7286
7487
9752
7456
7350
7245
6900
7199
6723
6692
7877
7419
7045
7504
7487
6733
8192
6800
8629
6978
7325
8355
6877
7643
7028
6806
7259
7906
8087
7291
6848
8053
7655
8025
6826
7213
7353
7549
8108
7329
7100
7642
8801
8923
8686
7612
6978
6818
6561
7659
6726
6969
7566
6787
6836
7410
7129
7193
7017
7824
7386
6998
7645
7103
7232
6711
7173
7858
8298
8448
6647
6866
7496
7713
7320
7455
8877
7392
9397
7778
7134
6909
7036
6871
7431
8493
6792
7307
8288
7083
7277
7341
7549
6889
7097
7641
7829
8669
7878
8118
7903
7258
7521
7093
6709
7277
8192
8457
7695
7097
7684
8236
7593
7384
7461
7059
7414
7293
8346
7498
8133
7613
7172
9924
7393
7970
6955
9016
7362
7384
7770
7328
6633
8006
7703
7218
7731
8745
7769
7440
6963
7656
8042
7393
8036
6746
7310
7082
6776
8283
8527
7093
7734
7128
7478
6859
6905
9179
8474
8131
7177
7545
7282
7063
7217
7306
7241
7475
8343
7411
8082
6507
7193
7208
7989
6980
7813
8834
7119
6923
7959
7559
8175
7592
7383
7210
6971
7409
8493
6614
7206
6845
8551
7149
7533
7047
6662
6972
6944
8027
7639
6599
7332
7876
8329
7197
7500
7343
8692
8476
7498
7903
7278
7408
7686
7688
7274
8375
7370
8116
7696
6729
8256
8161
7304
8602
6776
7476
8533
7555
8078
9042
7498
7949
6850
8111
7285
7565
6794
6991
7326
7609
7306
6986
7654
8216
7603
8275
10700
6971
8500
6989
6679
6924
7450
7933
7405
7991
7988
8543
7960
7567
7424
7197
8651
7539
8022
8462
6861
7119
7343
7773
7082
7006
7821
8712
7323
9087
6822
7944
8102
7641
7722
8302
7812
7336
7442
7910
7452
7193
7850
7933
7801
7091
7216
6728
7725
7692
7289
8716
7989
7434
7379
7767
8629
7656
6972
8836
7009
8761
7451
7241
7985
7103
7625
7261
7376
7058
7460
7880
8108
8132
8074
6863
9478
7207
7524
7890
8126
7491
6746
7355
7069
7197
7556
7078
7353
8303
7129
6922
8026
8103
7958
8174
6994
8679
7550
7194
7603
7651
7618
7783
8342
8220
7829
7042
8061
7346
7189
7166
8763
8047
8081
8183
7371
7283
7998
7241
8460
7095
8077
7213
8302
8318
8431
7239
6902
7311
7670
7860
7833
7477
7796
7569
7196
8025
7200
7542
7848
7127
7858
7402
7743
8932
7298
8158
6789
7542
7929
6695
8521
7079
7964
9270
7502
7327
7530
7613
7742
7445
8229
7006
7841
7414
8480
7699
8482
8433
8569
8228
7630
7113
7310
7215
7486
7994
7071
7673
7078
7963
7732
7291
8512
7515
7922
7513
7322
7509
7781
8088
8059
8326
8185
7443
7395
7966
7680
7573
7369
7482
8804
7470
7332
7642
7450
7768
8313
7170
7973
6907
8093
7711
8168
7147
7187
7210
7191
7515
8224
7856
7619
8134
7501
7877
8235
6806
7987
6962
7654
7879
7411
8128
7599
7345
6998
8563
7596
8075
7281
8547
7430
7111
7329
7300
7567
7620
8096
8254
8253
8351
7300
8213
7291
7647
8228
7297
8640
8923
7872
7511
8499
7464
9524
8231
7958
8146
7284
9902
8630
7676
8612
7440
7724
9043
7530
8168
8634
8452
7234
8424
7586
8964
7907
7533
8626
7492
7943
7728
7637
9017
7762
7937
7665
7721
8395
8089
7461
7454
8295
8182
7849
8043
8638
7459
8427
8025
8314
7368
8629
8865
7579
7441
8725
8581
7221
7419
8010
8519
7704
7958
7864
6967
9213
7511
7777
8005
8493
7880
8274
8458
7767
7523
7501
7710
7099
8239
7467
7360
8184
7917
8461
8460
8239
8524
8303
8182
7573
7759
9432
8284
7972
8219
8314
7545
7425
7397
7938
7853
7385
8023
8471
7585
9571
8029
9776
7136
7517
8379
7935
8273
7954
8428
7871
7552
8158
7876
7700
7638
7786
9732
7642
7446
7128
7736
7577
7921
8090
7275
8028
7755
7818
7786
8174
7532
7481
8041
7210
7950
7530
7618
8990
8128
8736
8350
8006
7519
8013
8784
7586
8143
7053
9312
8218
7048
7842
9047
8086
7221
7723
7145
8787
7860
7494
8313
7825
8149
8851
8182
8476
7258
7623
8509
9622
8194
7725
8039
8590
7994
7741
7664
7923
7573
7552
7998
8336
7405
9083
8279
8114
7873
7866
7388
8412
8040
7941
7713
7752
7482
7622
9030
8516
7693
7800
8763
9229
8781
9827
7794
8057
8165
7692
8477
9045
8614
8125
8780
7745
7918
8156
9385
8149
7873
8017
8304
9716
7898
7666
7864
7988
8131
7819
7808
8466
7507
9235
8696
8912
8657
8234
8372
8005
8035
7708
8370
7989
9041
8242
9320
7789
9038
7748
7637
8478
8213
8091
9071
8987
8437
7358
8281
9284
8516
8573
8849
8832
8343
7985
7905
9005
7756
7957
8719
7484
8535
7657
8608
7962
8465
7304
7896
7844
7901
8073
10025
9166
8303
8008
8943
8927
7621
9037
8652
8348
8137
8356
8692
8699
7999
7956
8014
10010
7886
8645
10508
8018
7831
7909
7632
9451
8932
9024
8889
8254
7738
9549
8246
9862
8127
7784
8405
8341
7641
7921
9209
8254
8631
7733
8522
9054
8533
8601
8343
8376
8898
8104
8583
9084
7337
8284
7942
9228
8217
8271
7516
8484
7627
8604
8939
7653
7891
8421
7356
7717
9029
8415
9063
8248
8547
8570
7911
9232
8207
8256
7958
8794
8335
8114
8496
8484
7639
8004
8621
8194
8231
7622
8708
8275
8053
7734
8246
9420
7717
7697
8778
9536
8759
7980
8499
9477
8233
8019
8351
7960
8245
8793
8701
8267
9290
8022
9301
9197
8660
8788
8881
8782
8671
8293
9444
7940
8642
8023
8801
8684
8472
8482
8341
9370
7802
8705
8493
8627
8237
7911
8838
8718
9206
8688
8287
9064
8312
8271
8698
8902
8480
9771
8706
9450
9000
8503
10504
9199
8660
8406
8438
9455
7947
8335
8948
8427
8111
8000
8504
7810
8738
8036
9862
9321
8516
9108
8468
8239
8815
9145
8458
8558
9014
8410
8672
8901
8529
8971
9145
9037
8246
7711
9566
9589
9916
8664
7794
8637
8683
8313
8269
9195
8862
8320
8817
8537
8466
8269
8548
8832
9103
7674
10195
9081
8395
8970
9149
9064
8569
8309
7951
8421
8109
9695
8698
9047
8464
8892
9453
8777
8924
7917
8162
8652
8705
8747
8296
8332
8486
9814
9474
8722
8319
8308
9437
9746
9106
9539
8475
9907
8576
8206
9618
8738
7803
8203
9582
8899
8507
8157
9244
9617
8542
8198
9479
8438
9290
8060
8448
9093
8797
8612
8602
9486
8890
9522
8398
9285
8976
7995
9347
9430
8370
8292
8855
8460
7860
7993
9065
9546
8239
8522
9437
9771
8440
8912
9705
9321
8600
9378
9283
9111
8277
8621
8443
9695
9252
8688
8695
9248
8972
10250
9999
8460
8134
9836
8873
9375
9053
8760
8280
9027
8272
9177
8580
8662
8343
9005
8410
9210
8695
8449
8258
9478
8652
8523
8073
8850
8413
9869
8768
9771
8771
9594
10080
8722
8930
9663
8812
9028
9341
8607
9010
9193
9625
8854
10395
8564
9300
8708
8612
9965
9638
9012
10002
10614
8795
8436
9337
9574
8973
9690
9598
8654
9110
8477
9324
8788
9566
9333
9036
10175
8947
9541
8807
8951
9263
8881
8968
9305
9186
9003
9092
9874
9650
8576
8557
8637
7851
8302
10486
8815
8480
8334
9583
9511
8697
9181
8782
9268
8623
8481
8984
11646
8369
9530
9474
8975
8873
9047
9126
9176
9640
8358
10642
9867
8650
8580
10036
9460
9275
10054
9688
9144
9245
9175
11074
9065
8625
8276
10227
8556
9175
10016
8923
10963
10198
9711
9021
9224
8290
8482
11074
10247
8683
9671
9568
10388
10058
8516
10040
10655
8746
8966
10279
9380
9280
8442
8888
8477
8569
10158
10042
9205
9019
10070
8964
8847
9288
8866
9350
9279
9074
9491
9342
8883
9514
9261
9491
10252
9242
8680
8928
8669
9824
9865
8744
8878
10780
9365
8500
9158
9636
10012
9123
9472
10283
8895
9395
9254
8704
9122
8184
9348
8951
8634
9373
8588
9690
9403
9341
9133
9947
10238
9472
8841
9466
10441
8669
9526
9467
9100
8629
10191
9277
8634
8725
9679
9007
9195
9572
9033
9782
8852
9209
10003
9500
9506
9418
8826
10038
8733
8726
10001
8949
10715
11173
8941
9165
9842
9102
9065
9214
9741
9479
9559
9304
9882
9214
8824
9299
9176
9214
10079
10423
10017
9933
10242
9500
8752
9192
10145
9790
9774
9736
10267
9085
9274
10194
9605
9484
10561
9825
12119
9606
8887
10456
9530
9956
9497
9751
9754
9173
9943
9244
10084
10101
9394
9908
9826
10203
8803
9476
9833
8928
9933
9269
9567
10039
8993
9797
9531
11098
10545
9276
10518
8704
8958
9146
9992
9539
10427
9701
9419
9286
9725
9264
9763
10090
9495
8738
9085
9781
10060
9631
9384
9900
9905
9440
10680
10635
9652
10757
10315
9447
9572
10810
9755
9509
9600
9355
10173
10367
10618
9797
9910
10330
9613
9628
9590
9772
10038
9536
9316
9894
10211
10085
9604
9760
9901
10041
9505
10266
9870
9647
10464
10251
9780
10457
10634
9476
9979
9947
10881
9679
11278
9860
10182
9455
9680
9682
9765
10110
11084
10202
9936
10456
9284
10265
10635
10738
10670
10604
10194
9815
9603
9879
10529
10548
10108
10680
10582
9959
11051
11297
9557
10502
10635
9885
10541
9540
10730
9362
12471
10522
9895
9818
9730
10034
11028
10781
10541
10333
9842
9707
10582
10303
10097
10719
10398
9736
10595
10452
12789
10727
10752
9717
9673
10359
10968
10378
9941
10468
10790
9942
9698
10995
10237
9950
10066
10965
11218
10063
10658
10326
10496
11350
10619
10651
10052
10606
10094
10843
10233
9809
10130
10537
11119
11028
10369
10925
11326
10561
10669
10959
11248
11373
11277
10717
9644
10512
10760
10882
10184
9748
11856
11884
9778
10006
10635
10984
10361
12566
10346
11429
10008
10159
12416
10359
10266
11801
10441
10861
11077
10614
11066
11486
11086
10606
11300
10797
11492
11389
11203
10779
10368
10861
10514
11056
10604
10655
11286
10315
11653
11108
11030
10355
11661
12946
11415
11347
12072
10730
10998
11416
11776
10810
10253
11268
11636
10600
11319
10895
10657
10389
10801
10719
12114
11641
11492
12272
11769
11604
10660
11805
11119
11230
12130
11373
13465
12009
13333
11273
10936
11691
11695
12200
12112
11400
12085
12263
11684
12770
11182
11628
12283
11872
12261
12581
12066
12068
12170
12196
12229
11649
11819
11634
12544
12283
12555
12703
11692
12023
11118
11212
11073
12016
11622
11619
12159
12568
12300
13691
12629
11572
11828
11463
11692
12614
11776
12296
11768
11548
13006
11764
12392
11642
13621
11851
11985
11352
13396
12438
11713
12167
12969
12068
11798
11867
12377
11433
12651
11871
13276
12624
13234
12870
11990
13751
12633
12029
12482
12081
12865
12334
13496
12653
12576
12956
12950
13629
14029
13900
12045
12610
13742
13079
12510
12057
13249
13328
13393
14118
12812
13481
12727
13520
13958
12544
13350
12758
13601
13494
13007
12778
13849
12795
13311
13916
13579
12678
13179
13203
13059
12620
12503
13352
13364
13547
13191
13070
13396
14392
13849
13740
14241
12978
13962
15822
12946
13352
14758
13236
13814
13549
13647
15990
12907
14866
15167
13533
13048
14165
13704
13891
14496
14214
13857
14278
13725
15022
14205
13432
14105
13894
14041
14857
14948
15182
14654
14871
13796
15442
14984
14451
15912
14552
15187
15045
14787
15276
14212
15259
14868
14812
16344
16172
14701
15786
16156
14624
15162
14288
15295
15302
16884
15560
15628
14625
15473
14628
14450
15905
15882
15171
14746
15053
15632
16186
15140
15750
14980
16034
15579
15928
15437
15188
15448
14830
15757
16116
15174
15872
16294
15565
17178
16654
15716
15900
15791
16568
16189
16060
16500
16219
17076
17088
15753
15469
15560
15581
16661
16018
16536
17598
16699
16370
16293
16875
16168
16404
17668
16853
16375
16974
17996
17255
16948
17184
17384
17365
17357
18852
16640
17740
17416
17478
18048
17170
17387
18195
17868
17749
18008
17444
16642
16941
17251
16942
17564
18186
17306
17226
17457
17858
17679
18317
18476
17239
18261
18592
18054
18429
17575
18758
17610
17656
19664
17745
17844
18632
17596
18434
19088
18202
18617
18271
18071
19460
19620
17878
18502
18349
18423
18609
18675
19629
18612
18740
19018
18581
19018
19478
18276
19537
18405
19657
19610
19045
19046
18657
18856
19643
19022
18594
19668
18729
18983
19716
18760
19797
20193
19621
18719
19066
19780
21028
20685
20866
19434
19126
19486
19193
18779
18740
19131
19688
19865
18964
19914
19712
20208
18981
19148
20550
18985
19942
19133
20269
19666
19949
20288
20758
20302
21013
19498
19614
20326
19560
19284
20550
19400
19540
20243
20041
19850
20055
20717
18944
19682
20173
19529
19632
19159
18984
20098
19737
20841
20372
20517
19328
19020
21062
20005
19675
19534
21008
19693
18980
19799
19352
19860
20741
19435
20552
20432
21097
20239
21125
20083
19309
20284
19440
20572
19963
19686
20365
19671
19524
20394
21086
20868
21220
19648
19725
19456
20548
21061
19794
20484
20758
20260
20373
20844
19629
20012
20349
20386
20076
20764
21824
21059
19753
19635
19822
20694
20314
19979
21720
20172
20973
19628
20880
20715
20122
21112
19995
20092
19984
19523
20118
20968
20147
21179
21245
19947
20233
21002
20010
20296
20123
19924
20608
19753
20184
20854
21080
21112
20081
19481
20139
19804
19776
20108
20248
19365
19818
20682
19840
20100
19509
20040
20175
19874
20584
19580
20282
19272
21122
19578
20672
19673
19730
19622
19341
20180
20744
20388
19405
19812
19123
19985
19693
18765
19613
19765
19644
20196
19418
19302
19482
19489
19893
19982
19800
20608
19117
19840
19398
19580
19218
20446
19306
19876
19380
19166
18672
19015
18867
18762
18171
19588
19728
18879
19008
19512
19370
19252
18302
18308
19113
19398
18512
19538
18617
18436
18934
19262
17940
18009
18212
18650
18283
17950
18704
18379
18509
18264
17994
18397
17764
17555
18100
18703
18422
18282
18309
17916
18214
16956
17513
18658
18654
18945
17408
18017
17896
18606
18467
17054
17558
18392
17666
17276
18114
17545
17544
17352
17129
17060
16758
17475
18176
16941
16534
18391
19220
18120
17452
16156
17098
18002
17656
18234
17434
17802
17236
17829
18872
16458
16444
17242
16237
17225
16148
15882
16465
16718
16489
16497
16389
17654
16774
16542
16226
15549
16251
15604
15706
16207
17001
15007
15468
16229
15404
15309
16319
16264
14885
14744
15632
15601
15460
15307
15049
15187
15334
15312
14952
15071
14761
15287
15571
15202
14835
15742
15508
14723
14955
15277
15104
15366
15191
14404
15584
15565
15242
15084
14060
15734
15989
15110
14271
15140
14106
14297
14302
14229
13951
13784
14671
13786
14490
13911
15007
14206
14194
13783
14212
14432
14497
13578
13633
15326
14221
14486
14904
14156
13170
13500
13124
14348
14675
13529
12776
13289
12012
12871
12749
13068
12733
12919
13721
13038
13406
12335
12474
13170
13570
12746
11643
12901
12350
12727
14810
12313
12492
12928
12298
11684
11537
12240
12318
12003
12776
11688
11760
12884
11894
11652
12069
13452
12016
12373
11779
11803
12120
11437
11229
11333
11660
11130
11911
13405
11860
11160
11776
12644
11648
12122
12202
11749
11893
11876
11671
11842
11161
11496
10893
11426
11180
11543
11541
10658
12220
12068
10977
12060
12137
10971
12440
11526
11122
11801
11974
10301
11149
11119
11924
10881
10445
9933
11104
11075
10363
10946
10682
12476
9970
9991
10664
10385
10581
10658
10831
10932
10676
11117
10624
11748
10894
10732
10890
9600
11068
10600
10477
10404
10973
9685
10397
11237
10149
11668
9777
11187
10453
11713
12909
10856
10145
9714
9504
11195
9628
10123
10407
9856
10662
9708
10186
9956
9452
9250
10139
9664
10114
10377
9780
9974
9531
9773
9853
10346
9714
9112
9448
10765
10041
9493
9988
9422
9444
9450
9111
10368
9956
10667
9846
9686
10347
10216
9641
9428
10400
11000
9987
10514
9263
10689
9572
9269
9834
9271
8838
11018
10626
9047
9641
9379
8902
9177
10886
10121
9086
9129
10989
9494
9714
9258
9484
10183
9447
10627
9717
9822
9066
9833
9032
9253
10762
9776
9102
9715
8930
9424
8824
9705
10397
9430
9993
9020
9187
9339
10473
8882
9357
10128
9963
9186
9935
9293
8279
11352
9344
9636
9464
9561
9233
9631
8555
8874
9486
9517
9196
9828
10377
8508
9308
9926
8731
10180
8929
8717
9086
9630
9705
9373
9574
8803
10351
8974
9457
9120
9665
8772
8409
10608
9606
9054
9432
9677
10842
9994
8784
8573
8954
8402
8212
8690
8950
8665
8589
10709
9118
9825
10893
8700
8372
9845
9105
9227
10295
9197
9274
10299
8949
8811
9286
9464
9053
9549
9522
10962
9675
9040
8647
8786
9614
8875
8844
10386
9012
8456
9427
8845
9700
8683
8339
10186
9669
9295
9667
9445
9033
8982
9124
8859
9828
9049
9181
9284
8723
8885
8711
8398
9234
9321
9350
8312
8238
8780
9014
9152
8745
9895
9395
9089
8848
9285
9387
8740
9409
9425
8570
7927
8701
8506
9112
8729
9266
8459
8366
8747
8918
8310
8564
8873
8541
9682
8582
8931
8072
8925
9915
8678
9370
7847
8659
8802
9135
8502
8581
8219
8915
9407
10085
9139
8887
8226
8688
8827
8476
9350
8929
8324
9764
9472
10802
8011
8204
9805
8675
7885
8848
9234
8393
8746
8050
8538
8263
10244
9472
8410
8642
8913
8912
9822
8797
8460
9211
8595
8788
8315
8978
8953
8815
8851
8802
8279
8415
8094
8360
8377
8725
8248
9545
8161
8732
8542
7942
9384
8490
10473
8811
8272
8879
7760
8762
9806
8490
7969
9440
8562
8631
8748
8661
8854
8592
7971
8265
8279
8472
9397
7992
9981
10023
8093
9089
8216
10506
7680
8939
8515
8655
8297
8596
8582
8919
8253
9270
8539
8895
7964
8278
8907
9199
8968
9474
8468
7962
8177
8632
8532
9271
8386
10091
8113
8576
9423
8419
8710
8795
8146
8529
8937
8186
9246
8219
9318
9229
8878
8733
9303
8644
8016
9634
9287
8277
8506
9023
8581
9188
8578
8129
9351
8453
8493
8908
9226
8580
9762
9756
8923
8384
7799
8324
8832
8400
8976
8049
9963
8316
8767
9117
8466
8218
8539
7963
8324
8088
8704
8500
9493
9221
8467
9509
8103
8529
9047
8199
8110
9257
8216
9266
8208
8255
7944
9654
9844
8134
8334
8635
8241
8537
8520
8279
9057
9319
7811
8301
8664
10922
8192
8735
8521
8217
8624
8684
9610
8331
8555
8035
8420
7905
8696
8585
8126
8532
8322
8405
8506
8850
8068
9521
8434
9020
8356
7960
8866
9024
8303
8632
8042
9182
8503
9756
8596
8599
8809
10427
8805
7657
8413
8392
8404
7896
8498
9392
8949
8413
8250
8634
8425
9575
9258
7933
8582
8951
8659
7879
8101
7724
9694
8020
8602
8276
8652
8048
8072
8320
8416
8621
8143
