7595
6901
7142
8126
6373
12382
6235
6558
6904
6725
6784
6448
6765
6876
6212
8123
8741
6835
7480
7045
6533
7336
6507
7443
7277
6856
6843
6165
6163
6909
6729
7326
6480
7397
6416
6676
6502
6501
7125
7585
6653
6986
6489
6660
6421
6824
8138
6549
7659
7313
9407
7819
8913
7064
6215
7187
6656
6693
7199
6575
7157
7601
6838
8094
6915
7201
7660
6173
7965
7766
7052
7075
7003
7730
7145
6791
6632
7092
7223
6642
7558
7121
7400
7837
6949
7220
7326
6088
7721
6808
7182
7459
6942
6985
6576
6605
7550
9027
7750
6437
7876
6516
7023
6850
6892
7177
6540
7389
6541
7053
8084
7044
8043
8064
6860
6973
6526
7610
6548
7204
7221
6675
6358
7622
7513
6941
8020
7248
7074
7078
6897
6793
7206
7448
7083
7245
7373
7386
7930
7039
6797
6327
6297
7537
7260
6463
6858
7628
6567
7231
7906
7058
7084
7212
6661
7217
8126
7120
6631
7298
9475
7115
6494
7209
7240
8049
6894
7956
7089
6824
7111
7016
6921
6411
7010
6248
7648
7092
6741
7980
6541
8086
7705
7101
7003
8637
7455
6489
8877
7532
8503
7087
7441
6783
7347
7681
6902
7192
6562
8474
6485
7263
7220
7039
6734
7228
7824
7361
7202
7259
6636
7114
8235
6925
7160
6656
7027
7470
7396
7659
8159
7343
7204
7613
7528
7523
6834
7573
6607
8362
7104
6856
6422
7339
7210
7494
8201
7849
7368
7304
7778
7127
7052
7655
6760
8242
7183
7286
6422
8075
6248
7996
6958
7931
7515
7510
7800
7200
8583
7224
6437
8859
6836
7693
6676
7146
6976
6877
6882
8587
7375
7281
7130
6698
6600
7285
7076
7141
6407
8322
7056
7013
7183
6625
7227
7010
7296
7461
7649
7308
6449
6848
7510
7930
8005
8335
7601
7462
7375
7106
7413
6842
6413
6822
7511
7808
7327
7042
7951
7460
6915
8735
7570
7752
6733
7687
7444
7699
7726
6816
8386
7261
6565
8253
6735
6902
8399
7705
7344
7922
6548
7024
6804
6934
6901
7493
7077
7027
7265
6769
8576
7672
7919
7223
7692
6924
7848
7307
7387
7318
7606
7433
7368
6557
7310
8312
7061
7992
6698
8301
6686
7198
7575
6496
7016
7252
7144
7102
7356
7236
7916
6488
7413
7682
6770
6772
7035
7064
6770
6864
7172
7517
6773
9156
6623
7074
7738
6724
8025
7680
8085
7828
6799
6769
7290
6869
7827
7059
7347
7142
7959
7330
7401
6661
8368
8853
7296
7877
7867
7200
8622
7597
7848
7722
7010
7722
6674
7113
7245
7236
7356
7181
6752
7060
6967
7099
8347
6891
8052
7488
7158
7787
7316
7118
7058
7006
7661
7220
7173
6872
6794
6939
6844
6917
7349
7211
7629
7780
7507
7965
6876
7221
7914
7220
7182
7256
7307
7114
7825
7311
6916
7288
7566
8037
7562
7978
7682
7292
6809
7296
7785
7032
7259
8025
7964
6945
7315
8144
7585
6647
8121
7126
8007
8861
8736
6681
8286
7534
6893
6752
6854
6621
6472
7238
6844
7375
11021
8546
7322
6838
7735
7372
6767
7592
7869
7157
8380
7308
7796
7134
7326
7094
7279
7837
7198
8488
7612
7666
7204
7568
7960
8508
7608
7458
7076
7539
7682
8196
7764
7825
7445
7014
7970
7800
7204
8402
7004
7975
7417
8839
7359
7436
6730
7919
7946
7389
7928
7012
6739
7405
6826
9949
7275
9157
7759
7554
8197
7426
7369
8230
6907
7042
7240
7141
7973
7326
7486
6813
8622
8352
7155
6988
8109
7097
6580
7292
7595
8310
6995
7904
7397
8195
8236
7016
7158
8107
7380
7440
7657
7777
7149
7119
7073
6768
6787
7074
7611
7578
6901
7551
7037
7407
7673
9802
7703
7444
7453
7175
7215
7000
6894
8286
7715
6997
7599
7389
6888
8342
7005
8691
7269
7671
8589
7097
7689
7127
6893
7503
8101
8283
7315
7076
8072
7791
8110
6961
7454
7403
7514
8524
7580
7150
7794
9135
8983
8850
7885
7232
6896
6643
7605
6997
7061
7698
7048
6752
7514
7161
7390
7286
7925
7507
7238
8004
7013
7494
6833
7238
7882
8489
8533
6768
6895
7570
7855
7293
7599
9000
7409
9668
8155
7216
7200
7194
7204
7853
8580
7017
7291
8310
7172
7315
7370
7730
6954
7352
7839
8004
8871
8125
8330
8140
7358
7697
7312
6763
7460
8258
8518
7856
7318
7885
8277
8028
7709
7594
7256
7624
7526
8486
7497
8342
7704
7181
9877
7449
7985
7047
8957
7469
7564
7818
7718
6973
8402
7918
7366
7956
8457
7928
7563
6970
7826
8256
7633
8210
7025
7369
7468
6920
8508
8657
7444
7917
7243
7824
6957
7071
9095
8687
8057
7370
7877
7524
7253
7520
7351
7492
7649
8422
7504
8242
6841
7400
7661
8364
7263
8119
8978
7346
7154
8048
7836
8465
7786
7827
7279
7155
7666
8677
6956
7225
6807
8670
7245
7627
7099
6925
7242
6930
8192
8074
6882
7544
8124
8608
7001
7860
7463
8989
8448
7808
8246
7636
7574
7920
8146
7392
8375
7770
8192
8055
6821
8552
8300
7525
8771
6996
7654
8748
7816
8119
9207
7835
7959
7108
8325
7504
7869
6943
7188
7256
7662
7597
7286
7891
8440
8000
8478
10808
7330
8930
7375
7120
7359
7569
8329
7601
8307
8103
8943
8282
7897
7580
7488
8857
7830
8442
8625
7207
7157
7597
8134
7396
7259
8277
9060
7739
9218
7146
8311
8346
8102
8082
8600
7948
7569
7614
8153
7638
7622
8015
8153
7957
7222
7284
7084
7929
7993
7451
8922
8164
7759
7695
8100
8857
7994
7197
9087
7198
9051
7822
7702
8486
7220
8085
7665
7761
7395
7745
8380
8326
8309
8497
7196
9722
7508
7785
8146
8409
7738
6965
7825
7326
7363
7877
7313
7599
8784
7451
7092
8330
8326
8303
8443
7474
8976
7998
7452
7774
8341
7961
8050
8768
8216
8073
7352
8266
7724
7652
7432
8989
8224
8394
8439
7439
7618
8282
7658
8692
7507
8365
7511
8630
8427
8667
7685
7217
7825
8129
8148
8553
7707
8018
7958
7456
8194
7850
7982
8353
7650
8136
7774
8244
9182
7897
8553
7428
7933
8042
7090
8903
7358
8248
9633
7764
7552
7857
7815
8250
7830
8569
7450
8327
7732
8680
8063
9103
8891
8851
8515
8013
7740
7764
7779
7765
8389
7675
7870
7352
8304
8086
7736
8913
7804
8459
8157
7778
7826
8077
8140
8570
8517
8519
7838
7934
8400
8098
7993
7923
7834
8960
7951
7843
8076
7680
8292
8573
7594
8436
7347
8554
8163
8648
7593
7660
7738
7341
8068
8538
8107
8110
8500
7958
8312
8680
7374
8302
7652
7956
8501
7851
8706
8079
7705
7364
9120
8060
8500
7518
9114
8073
7578
7887
7642
7949
8106
8659
8634
8487
8915
7653
8643
7543
7930
8358
7629
8862
9366
8210
7807
8926
7978
9885
8613
8358
8544
7753
10172
9028
8477
8996
7894
8189
9536
7872
8732
9049
8957
7623
8708
8005
9492
8482
7880
9060
8091
8516
8042
8279
9565
8484
8227
8410
8152
8889
8317
8185
7840
8984
8627
8475
8550
9069
7958
8853
8714
8964
7890
9509
9317
8175
7953
9220
9202
7887
7997
8510
8916
8287
8605
8648
7382
9633
8004
8403
8731
8783
8359
8764
9132
8086
7992
8175
8415
7807
8790
8112
7887
8664
8435
8831
9129
8861
9179
8857
8514
8090
8375
10277
9071
8680
8891
8921
8069
8324
7949
8650
8580
8184
8595
9062
8168
10073
8609
10302
7730
8125
9140
8774
8762
8632
9236
8680
8118
8819
8562
8550
8372
8313
10421
8217
8203
7773
8490
8205
8667
8568
7917
8511
8318
8584
8355
8909
8158
8386
8717
7877
8579
8161
8377
9460
8722
9495
9016
8564
8376
8800
9536
8327
8901
7761
10023
8918
7751
8459
9379
8599
8038
8568
7902
9642
8694
8125
9245
8588
8744
9592
9004
9188
7863
8393
9289
10243
8811
8333
8860
9380
8552
8541
8792
8818
8510
8309
8667
9130
8267
9811
9192
8758
8512
8631
8198
9136
8582
8699
8547
8665
8411
8609
9826
9368
8482
8617
9587
9894
9458
10456
8566
8812
9066
8599
8973
9873
9322
9064
9486
8673
9090
8804
10131
9245
8915
8904
9202
10520
8707
8592
8610
8846
9000
8772
8799
9408
8426
10078
9497
9648
9374
9019
9344
9054
8934
8519
9263
8558
9994
8966
10217
8817
9884
8858
8673
9394
9050
9063
10004
9828
9589
8299
9108
10111
9532
9501
9931
9654
9263
8967
8890
9871
8844
8971
9614
8484
9264
8677
9828
8943
9526
8269
8744
8862
9097
9204
11028
10240
9289
9017
10055
9865
8740
10089
9551
9572
9122
9561
9762
9649
9348
9037
9102
10970
9172
9755
11287
8976
8968
8989
8962
10544
10270
10074
10081
9227
8890
10496
9239
10973
9146
8770
9539
9125
8750
9036
10210
9106
9594
8786
9531
10452
9762
9599
9485
9465
10114
9324
9770
10343
8325
9292
9127
10318
9301
9578
8772
9563
9040
10110
10069
8970
8911
9711
8467
9092
10171
9762
10196
9291
9622
9682
9235
10342
9192
9524
9073
10106
9652
9368
9820
10053
8947
9385
9954
9505
9892
8856
9998
9369
9430
8887
9464
10748
8875
9278
10030
10696
10078
9314
9562
10938
9434
9242
9663
9627
9573
10277
10054
9473
10522
9467
10638
10660
10150
10161
10229
10166
10006
9643
10923
9562
10102
9317
10110
10240
9915
9711
9861
11009
9423
9995
9939
10277
9852
9347
10031
10018
10636
10034
9768
10348
9623
9606
10174
10369
9949
11084
10157
10873
10446
9796
12178
10804
10320
10113
10021
10986
9324
9730
10329
9819
9544
9386
10136
9576
10240
9640
11453
10867
9929
10709
10042
9828
10395
10496
10088
10189
10626
9916
10299
10242
10013
10459
10726
10562
9823
9518
11078
11192
11733
10471
9420
10399
10312
10216
10128
10790
10823
9919
10388
10025
10053
9944
10116
10638
10849
9656
11982
11050
10124
10697
11171
10973
10324
10012
9694
10213
9733
11138
10349
10619
10346
10696
11192
10658
10715
9800
9954
10490
10361
10339
9984
10159
10183
11455
11078
10728
10186
10108
11291
11630
10960
11469
10481
11789
10338
10220
11581
10529
9689
9961
11473
10636
10413
10139
11381
11690
10486
10282
11548
10106
10929
10045
10270
11128
10564
10436
10506
11842
10902
11581
10425
11252
10807
10046
11419
11629
9991
10062
10787
10416
10015
9908
11042
11526
10379
10262
11220
11673
10441
10985
11746
11340
10541
11512
11353
10995
10623
10646
10651
11658
11524
10609
10925
11318
11090
12458
12207
10692
10502
12202
11323
11593
11199
10984
10646
11190
10324
11420
10728
11104
10570
11221
10563
11362
11203
10644
10600
11708
10770
10877
10463
10912
10630
11776
10988
11819
11127
11819
12488
11021
11158
11771
11173
11373
11558
10961
11147
11362
11989
10908
12769
10721
11813
10840
11096
12153
12238
11422
12186
12781
11104
10917
11714
11809
11293
12322
11919
11036
10986
10781
11852
11470
12320
11784
11257
12484
11456
11964
11279
11280
11701
11520
11361
11840
11624
11693
11486
12588
12271
11316
11237
11225
10451
10879
13102
11565
11205
11229
12157
12237
11572
11633
11419
12146
11326
11189
11709
14148
11008
12460
12107
11683
11587
11833
11666
11838
12404
11019
13066
12402
11098
11142
12793
12074
12200
12842
12488
11666
11889
12120
14173
11764
11551
11101
13325
11400
11739
12966
11926
13986
12910
12399
12003
12215
11260
11404
13928
13118
11560
12618
12570
13277
12845
11578
12879
13646
11309
12038
12916
12345
12108
11636
12125
11508
12005
13407
13169
12186
11989
13193
12038
11866
12230
11833
12220
12362
12058
12554
12374
12114
12598
12397
12553
13201
12382
11889
11971
11477
12898
13020
11739
11799
13962
12660
11438
12476
13039
13263
12318
12824
13526
11764
12483
12205
12033
12079
11470
12569
11896
11990
12740
12144
13160
12603
12749
12505
13346
13594
12613
12555
12709
13778
12217
12941
13037
12644
11984
13537
12780
11970
12394
13165
12479
12631
13068
12399
13097
12164
12453
13186
12949
12996
12717
12288
13325
12367
12286
13768
12537
14212
14837
12651
12736
13227
12854
12711
12781
13436
13007
13218
13051
13368
12714
12276
12865
12825
12643
13843
13972
13804
13456
13716
13158
12260
12850
13814
13589
13291
13453
13687
12939
13051
13560
13518
13221
14285
13460
15698
13059
12562
14169
13294
13528
13210
13485
13737
12994
14058
13105
13937
14048
13324
13561
13642
14176
12469
13006
13742
12877
13672
12995
13140
13807
12941
13385
13540
14897
14789
13140
14495
12408
13089
13151
13738
13252
14139
13662
13592
13357
13677
13185
13767
14334
13449
12631
13069
13612
14032
13824
13225
13784
13925
13256
14696
14539
13524
14485
14261
13242
13466
14671
13941
13272
13632
13229
14269
14234
14401
14103
13694
14114
13593
13527
13642
13883
14069
13618
13485
13782
14261
14057
13292
13609
13890
14152
13632
14278
13929
13739
14564
13826
13800
14349
14586
13476
13992
14006
14742
13655
15336
13812
14319
13658
13588
14041
13844
14011
15122
14173
14294
13827
13609
14520
14300
14713
14813
14808
14282
13733
13876
13907
14554
14597
13919
14892
14657
14066
15137
14987
13417
14569
14912
14082
14754
13494
14658
13128
16496
14138
13801
14022
13170
13922
14986
14804
14563
14422
13851
13726
14424
14039
13647
14652
14508
14001
14411
14263
16611
14552
14669
13639
13486
14422
14730
14226
13841
14260
14419
13864
13529
15030
14133
13694
14031
14715
14891
13995
14342
14114
14181
15151
14408
14381
13584
14565
13629
14332
14114
13799
14061
14228
14866
14769
14255
14762
15349
14373
14261
14656
14813
15154
15092
14370
13440
14187
14667
14579
13816
13216
15393
15370
13858
13702
14074
14566
13767
16076
14271
15160
13820
13992
16043
13660
14055
15365
13906
14500
14539
14368
14829
15118
14548
14290
14377
14115
14724
14584
14592
14127
13624
14385
14268
14565
14074
14090
14616
13931
15010
14497
14749
13620
15204
16516
14908
14519
15495
14173
14249
14789
15076
14038
13370
14552
14954
13874
14317
13954
13794
13786
13885
14107
15251
14636
14739
15393
14778
14565
13594
15066
14255
14216
15325
14732
16536
15049
16551
14379
13956
14621
14726
15195
14919
14229
15003
15336
14594
15680
14139
14408
14820
14866
14916
15353
14854
14627
14855
15068
15087
14386
14565
14249
15407
14950
15049
15558
14417
14562
13643
13736
13659
14610
14458
13949
14519
14990
14545
15790
14962
14073
14522
13809
14228
15089
14465
14741
14212
14117
15350
14202
14860
13616
15912
14154
14340
13398
15684
14762
13902
14243
15059
14308
14136
14006
14696
13578
14809
13832
15509
14442
15190
14791
14043
15853
14472
14023
14466
14066
14813
13803
15467
14623
14761
14577
14702
15501
15905
15844
13824
14236
15291
14757
14432
13730
15165
15037
15105
16148
14550
15136
14214
14827
15604
14075
15000
14277
14938
14998
14553
14158
15124
14187
14290
15162
14828
14140
14076
14605
14490
14089
13564
14504
14536
14598
14162
14302
14485
15785
14619
15051
15334
13997
15133
16614
13837
14243
15674
14303
14562
14451
14669
16695
13777
15405
15980
14046
13845
14864
14622
14785
15141
14857
14508
15178
14522
15669
14981
14059
14587
14594
14559
15560
15609
15693
15282
14985
14357
15914
15538
15056
16530
14762
15545
15332
14997
15629
14742
15471
15150
14741
16585
16588
14931
16090
16050
14800
15082
14370
15139
15294
16648
15648
15626
14789
15130
14528
14244
15828
15712
14976
14715
14994
15117
15835
14720
15499
14892
15334
14979
15272
14676
14979
15130
14494
15298
15500
14839
15092
15589
15250
16484
16247
14767
15406
15059
15753
15438
15350
15561
15291
16819
16270
14912
14688
14877
14822
15685
15016
16115
16749
15765
15325
15214
15401
15060
15154
16470
15769
15379
15652
17150
16331
15682
16012
16244
16350
15685
17601
15432
16109
16008
15956
16349
15645
16073
16876
16505
15966
16273
16268
15470
15739
15870
15626
15918
16388
15587
16000
15519
16109
15832
16747
16504
15574
16572
16678
16369
16696
15924
16653
15629
15881
18213
15978
15989
16533
16258
16107
17466
16273
16657
16500
16111
17338
17472
15695
16301
16228
16209
16489
16340
17698
16790
16555
16642
16410
17148
17063
16054
17041
16054
17174
17417
16528
17064
16549
16442
17152
16562
16607
17284
16588
16916
17252
15998
17199
17590
17064
16066
16566
17415
18608
18121
18439
16759
16984
17152
16416
16452
16082
16376
16460
17096
16277
17422
17270
17350
16325
16413
17608
16468
17351
16313
17539
16939
16991
17326
17961
17174
18013
16649
17164
17459
16565
16621
17497
16345
16630
17202
17053
17108
17394
17695
16550
16712
17218
16708
16749
16633
16106
17444
16781
17532
17019
17402
16461
16384
18237
17271
17177
16750
17969
17076
16116
16634
16590
16860
17853
16235
17551
17339
17576
17114
18130
17048
16746
17211
16219
17412
16775
16171
17385
16332
16269
17404
17664
18052
17760
16803
16600
16634
17444
17788
16512
17750
17600
16766
16871
17595
16748
16733
17119
17133
16918
17700
18254
17883
16714
16579
16850
17469
17164
17189
18446
16949
17782
16266
17633
17518
16967
17718
16802
17093
16589
16876
17174
17752
17085
17889
18044
17065
17151
17890
16540
17188
17048
17136
17746
16778
16823
17514
18286
18228
16961
16424
16601
16604
16795
16908
17134
16412
16592
17698
16372
16642
16223
17021
17403
16876
17674
16138
17120
16338
18415
16733
17732
16776
16682
16585
16366
17071
17341
17452
16397
16795
16270
16785
16678
16031
16501
16923
16912
17307
16570
16168
16749
16420
17088
16988
16694
17608
16119
16365
16594
16820
15968
17517
16451
16833
16351
16626
15648
16149
16046
15847
15162
16914
16840
15994
16068
16607
16632
16289
15572
15444
16357
16853
15617
16712
15859
15588
15995
16468
15253
15370
15192
15694
15360
15428
16037
15672
16142
15474
15291
15794
15159
15097
15375
16050
15624
15773
15895
15642
15630
14646
14692
15767
15896
16324
14674
15256
14853
16147
15660
14707
15343
15940
15060
14260
15958
14752
14970
14973
14976
15154
14586
15437
15440
14746
14260
15711
17124
15605
14966
14042
14857
15844
15434
16124
15282
15723
15059
15382
16658
14452
14178
14925
14400
15231
13833
13880
14636
14262
14100
14173
14220
15700
14738
14554
14369
13774
14324
13650
13700
14447
14895
13162
13445
14389
13644
13296
14453
14078
12907
12804
13978
13601
13694
13176
13309
13657
13310
13901
13134
13477
12810
13273
13801
13397
13071
13939
13661
12699
13268
13816
13547
13696
13389
12715
13893
13773
13354
13390
12424
14196
14147
13590
12642
13636
12741
12899
12861
13117
12618
12544
13177
12159
13208
12788
13452
12449
13070
12326
12689
12823
12986
12166
12135
13713
12468
13048
13334
12966
11996
12210
12144
12908
13485
12312
11863
12068
10742
11606
11823
12144
11594
11692
12550
11929
12635
11149
11103
12107
12369
11599
10877
11828
11439
11820
13540
11310
11593
12002
11274
10941
10643
11284
11286
11096
11741
10676
10704
11951
11058
10753
11189
12723
11139
11779
10830
10989
11533
10699
10404
10452
10925
10398
10862
12952
11345
10305
10853
11985
11135
11236
11378
11223
11239
11112
10998
11074
10542
10678
10587
10939
10594
10889
11121
10155
11678
11409
10249
11402
11575
10309
11856
11112
10856
11268
11032
9765
10639
10740
11330
10475
9924
9363
10301
10596
9844
10151
10238
11998
9555
9564
10189
10232
10054
10224
10298
10332
10621
10847
9846
10951
10670
10190
10451
9413
10904
9948
9932
9853
10441
9561
9958
10872
9672
11024
9477
10665
10065
11554
12677
10628
9717
9386
9176
10791
9325
9636
9949
9475
10324
9499
9814
9503
8939
9104
10056
9431
9827
10143
9497
9845
9105
9464
9868
9912
9437
8986
9191
10594
9681
9017
9627
9260
9197
9058
8904
10388
9684
10187
9606
9485
10236
9993
9348
9386
10213
10657
9613
10244
9031
10593
9504
9123
9238
9083
8534
10692
10679
8734
9426
9047
8684
9041
10687
10039
8853
8866
11179
9397
9645
9093
9357
10043
9700
10480
9472
9627
9066
9516
8791
9226
10682
9721
8938
9523
8665
9101
8850
9506
10485
9212
9669
9004
8803
9067
10195
8681
9468
9887
9755
9078
10243
9228
8120
11207
9323
9525
9421
9397
9226
9400
8603
8862
9185
9288
9001
10041
10297
8286
9160
9620
8603
10120
8819
8606
8868
9433
9681
9264
9669
8846
10243
9013
9269
8724
9524
8647
8224
10522
9552
8941
9512
9610
10627
9913
8406
8663
9008
8336
8234
8468
8594
8748
8372
10644
9034
9948
10556
8482
8409
9730
8949
9391
10629
9195
9272
10283
8843
8573
9215
9390
9043
9060
9593
10785
9639
9107
8770
8636
9680
8877
8520
10229
9181
8446
9172
8694
9784
8457
8276
10020
9652
9157
9464
9284
9097
8879
9107
8930
9750
9120
9272
9099
8551
8700
8522
8120
9215
9356
9172
8490
8409
8654
9049
9222
8749
9796
9340
8992
8922
9304
9266
8936
9274
9287
8349
7950
8478
8390
9077
8730
9299
8420
8272
8843
9004
8228
8415
8714
8515
9670
8475
9213
8192
9100
9688
8692
9397
7808
8374
9044
9231
8470
8398
8125
8797
9325
9998
9174
9264
8136
8409
8996
8404
9212
8717
8383
9545
9445
10783
7931
8139
9708
8660
7903
8783
9006
8346
8546
8136
8678
8397
9814
9654
8450
8733
8612
8983
9676
8909
8158
9201
8705
8704
8304
9289
8911
9120
8933
8725
8342
8459
8083
8494
8358
8714
8079
9689
8139
8492
8395
7930
9328
8445
10626
8859
8071
8734
7903
8637
9835
8532
8051
9401
8556
8640
8716
8608
8442
8681
7837
8159
8296
8356
9402
7965
9890
9946
8224
9018
8347
10378
7775
9143
8678
8636
8229
8448
8709
8872
8247
9378
8277
8840
7769
8155
8920
9046
9030
9453
8327
8011
8265
8785
8478
9254
8512
10031
8079
8484
9434
8454
8420
8724
8213
8577
9038
8294
9081
8244
9169
9356
8901
8505
9357
8731
7920
9498
9241
8176
8363
8886
8417
9077
8453
8158
9146
8567
8330
8626
9282
8346
9972
9712
9169
8361
7866
8308
8911
8171
8712
7928
9774
8164
8795
9188
8422
8093
8623
8105
8411
8166
8559
8337
9407
9194
8436
9472
8142
8467
8977
8173
8171
9052
8003
9321
8243
8145
7962
9732
9787
8090
8342
8863
8013
8694
8363
8065
8916
9365
7557
8202
8655
10693
8154
8605
8618
8575
8492
8409
9396
8432
8680
7889
8548
8022
8694
8585
8257
8578
8245
8357
8693
8968
7964
9215
8474
8795
8291
7814
9038
9149
8292
8645
8142
9143
8537
9741
8526
8546
8676
10347
8628
7937
8514
8425
8182
7893
8665
9244
9085
8522
8073
8476
8352
9490
9391
7853
8484
8870
8603
8031
7849
7850
9721
8091
8808
8264
8662
8142
8164
8417
8380
8518
8169
