8170
8056
7508
7973
7706
9386
7336
7750
8149
7509
8057
7145
7571
7228
6947
8576
8232
7190
8314
8042
6964
7728
6873
7877
8148
7540
8147
7618
7340
7897
7952
7292
7170
7404
7453
7846
7046
8085
7630
8164
7733
7488
7458
7672
7887
7195
8242
7530
8274
8229
8967
8386
8646
7260
7490
7462
7675
7091
7668
8014
7574
7419
8217
8210
7414
7444
7672
7129
8389
8025
7772
7220
7701
7913
7924
7925
7664
7886
7818
7506
8300
7698
7904
7400
8006
8155
7915
7089
8385
7982
7931
8417
8255
7827
7243
8139
7661
8708
8811
7719
8112
7196
8227
7576
8107
8267
7367
8118
7296
7604
8214
7569
8614
7955
8056
7573
7635
8320
8349
8146
8023
7660
7417
8307
8162
8412
8412
7977
7170
8166
7570
7397
8059
7789
7917
7800
8401
8521
8233
7542
8176
7913
7462
7777
8342
7998
7893
8287
7845
7516
8488
7796
8620
7787
7334
8045
8195
8239
8426
7920
9106
7975
7953
7682
7574
8230
8427
7447
8368
7244
7965
8094
8092
7287
7923
7343
8029
8364
8152
8204
7997
8922
8385
7921
8036
8900
8245
7794
8653
8192
8567
7837
8428
7956
7771
8135
7847
8503
8014
8559
7333
7330
8596
7837
7588
7997
8369
8079
8468
8038
8110
8080
8697
8036
7726
7369
8179
8002
8161
8177
8629
8186
8352
7707
8477
8420
8123
8226
7604
8536
7542
7790
8185
8118
7613
8070
8055
7888
8396
8231
8743
8390
7704
8040
8452
8005
8274
8547
7978
8712
7797
8436
8450
8474
7965
8296
7662
7875
8611
7747
7822
8560
7857
8498
7645
8494
7933
7889
8293
9142
8862
8681
8615
8434
7490
8052
8587
7684
7871
8752
8407
8069
8544
7528
8449
7858
8194
8560
8406
8237
7984
7773
8175
8458
8870
7723
8426
8312
7902
8287
8303
8629
7527
7928
7842
8266
7901
8408
8258
8273
8172
9431
8813
8148
7984
8435
8773
8452
8727
8256
9065
7481
8192
8467
7929
7829
8875
8247
8549
8802
8264
8059
7582
8004
7805
8925
8561
8312
8338
7985
8714
8604
8757
7753
8013
8444
8341
8767
8669
8788
8236
8546
8584
8034
8943
8439
8305
8663
8112
8733
7893
8538
8572
7323
8572
7778
8358
7881
8585
8397
7919
8023
8865
8590
8062
8002
8253
7814
8022
8341
7678
8576
7694
8541
8230
8192
8743
7846
8699
8312
8291
8876
7771
8317
8795
7978
8418
7999
8525
8054
8490
8642
7950
8554
8669
8348
8402
8998
8263
8534
8935
8241
8731
8850
8204
8675
8332
8308
8670
8532
8472
8508
8665
8602
8526
8149
8392
7540
8276
8665
7976
8406
8388
8274
8282
8512
8567
8480
8552
8386
8274
8613
8288
7741
8530
8570
8345
8717
8274
8648
8176
8253
8498
8597
8342
9164
8379
8054
8871
8411
7877
8383
8438
8585
8329
9344
8629
8872
8154
8591
8849
8841
8233
8807
9151
8762
8958
8296
8759
7644
8131
7918
8481
8901
8810
8076
9085
8607
8244
8595
8340
8230
7998
8070
8568
8869
9528
8924
8373
8052
8874
8877
8234
8430
9115
8462
8859
7899
8365
8013
8585
8604
8859
9311
8536
8956
9114
8977
7752
8479
9296
8625
8766
8265
8092
8930
8444
8982
8677
9049
8822
8629
8946
9108
8742
9040
8297
9067
8173
9067
8380
9029
8782
8699
9109
8327
8984
8175
8112
8516
8767
9741
8827
8734
9136
8658
9104
8681
8698
9322
8230
8630
8621
8778
8800
8989
8948
7860
8881
8374
8374
8262
8625
8092
7875
8996
8801
8754
8210
9055
8847
8519
9104
8183
7936
8838
8825
9286
8979
8690
8740
8829
8453
7849
8054
8041
8979
8192
8416
8701
8572
8312
8557
9417
8827
8797
8012
8565
8826
8347
8441
8229
8725
8469
8396
8960
8249
9077
8321
8884
8229
8763
9280
8495
8372
8760
7763
8938
9028
9097
8661
8497
8684
9035
9472
7511
8611
8602
8557
9224
8302
8800
8225
9044
9344
9647
9302
8422
8541
8325
9412
8156
8389
8901
8757
8005
9094
8964
8698
9100
8746
8569
8860
9100
8772
8476
8704
8869
8974
8357
9058
8485
8820
9225
9002
8494
8617
8585
8414
9858
8986
8520
7922
8486
8141
8808
9054
7997
8949
9211
8882
8459
8887
8957
8824
8834
8792
9162
9137
8548
9312
9337
8457
8171
8263
8190
8765
9026
8576
9171
8139
8491
8550
8951
9033
8528
8270
8942
9006
9154
8832
8651
9526
8805
9656
8229
8673
8002
9339
7861
9126
9021
8932
8431
8930
9098
9052
8850
8813
9289
8604
8940
8009
8858
8645
8847
8413
8015
8411
8546
9125
8694
8788
8998
8595
8541
8893
8816
8891
9519
9057
8457
8753
9001
8106
9186
8654
8920
8343
8671
8772
8621
8313
8520
8902
8731
9054
8799
9354
8898
8808
9205
8991
9522
8988
9433
8457
8547
8113
8886
8743
9012
8768
9421
8571
8784
8844
8351
9048
7784
8998
8852
8502
8778
8950
9381
8755
8897
8809
9604
8670
8253
9153
8634
9050
9234
8674
8749
8646
8908
8772
9555
8498
8868
8675
8996
9412
8493
9021
9365
8457
8264
9740
8584
8564
8154
9478
8658
8513
7954
8743
9115
8907
8354
8502
8890
9194
8957
9344
10102
8743
8572
8386
8928
8248
9218
8909
8989
9320
8877
9054
9156
9218
8391
8443
9301
9534
9552
8798
8520
7855
8258
8992
8456
7998
8997
8758
8766
9153
8648
9172
9370
8385
9000
8724
9378
8333
8786
8997
8378
8360
9268
8954
9214
8320
7898
8783
9087
9041
8346
9274
9193
8802
8424
8819
9764
8847
8092
9378
8408
9500
8383
9160
8729
8754
8655
8634
8361
8563
8820
9008
8811
8734
9262
8899
9268
8472
8452
8839
8715
8641
7882
9078
8794
8638
8962
8128
8514
9374
8302
8758
9216
8730
9506
9436
8540
9552
8236
8862
8328
8649
8112
8957
8792
9057
9062
8856
8502
8925
8437
8592
9200
8965
9176
9568
9372
8218
8623
8234
9483
8673
8602
8964
9243
9317
9149
8805
8176
8653
8549
8570
8523
8717
8813
9088
8462
8640
8501
9213
9277
8629
8695
8684
8746
9253
8249
8243
8054
8532
8316
8609
9403
8160
9090
9889
8497
8643
8284
9014
8948
8924
9316
8409
9344
7914
8878
8912
8356
9595
9146
9023
8759
8570
9350
8805
8299
8562
9025
8746
8406
9391
8840
9055
8768
8515
8939
8807
8741
8289
8899
8989
8672
9938
8605
8632
8901
9317
8470
8927
9278
8932
9188
8669
8840
9338
9115
9237
9519
8658
8910
8750
9297
8593
9346
8742
8624
8457
8314
7948
9408
9022
8940
8374
8782
9118
8600
8550
8714
8653
8325
9133
8541
8774
8752
8802
8786
9766
8763
8865
8328
9643
8879
8590
9331
8211
9130
9000
8914
8791
8930
9069
8366
9144
8560
8618
8845
8161
8508
9149
9161
9129
9044
8863
9534
8766
9540
8948
8437
9666
8815
8546
9146
8485
8205
9013
8698
9389
9322
9036
9070
9297
8566
9890
9297
8671
9116
8678
9274
8653
9239
8834
8840
8818
8887
8616
9071
8701
9400
8927
9200
8671
8598
8934
9815
9337
8740
9224
9351
8557
9026
9085
8774
9050
8742
9459
8078
9097
8550
9624
8674
9050
9211
7823
9218
8619
9369
8942
8929
8881
9130
9249
8899
9067
8805
8989
8437
9687
8975
8557
9474
8715
9027
9386
8858
9552
9014
8892
8440
8713
9661
9162
9330
8924
8548
8537
8773
8476
8272
8987
9142
9259
8556
8594
9706
8616
9443
8424
9046
8944
9236
8477
8892
8975
8874
8964
9831
9032
8311
8923
9441
9549
8803
8800
8482
8367
8651
9111
8815
8541
8438
8961
9178
8477
8687
8665
9002
8901
8748
8772
8359
8984
9444
8658
9200
9500
8736
9392
8761
8964
8785
9205
8877
9164
9179
8527
8914
9284
9222
9012
8181
8698
9300
8613
8149
9220
8913
9572
9869
8865
8950
8495
8989
9704
9473
8797
8914
9208
8731
8920
9238
8860
8294
8851
8677
8586
9190
8390
9313
9199
8779
8436
8628
9032
8930
8712
9122
8661
9737
8261
8856
9297
8515
8842
9138
8897
9518
8743
9781
8820
8970
9361
8358
9157
9205
9821
9140
9546
8311
9548
8943
9492
9427
8835
8685
8855
9257
9174
9233
8744
8531
8857
9185
9357
8552
8864
9687
9325
9351
9198
8951
9125
9064
9162
8514
9021
8530
9868
9030
9067
9052
9139
9242
8708
9098
9718
9336
9445
9990
9309
7818
9328
9819
9330
9020
9938
9174
9333
9066
9071
8792
8573
8966
9642
8760
9507
9432
9092
8801
9198
9393
8553
9249
8730
9670
9268
8939
9169
8851
9429
9095
8906
9227
8815
9477
9466
9237
9161
8840
8565
9630
8468
9418
8721
9857
10107
8738
9045
9023
9577
9178
9214
9220
8715
8800
8917
9857
8884
9250
8840
9031
8563
9145
9062
9274
9313
8559
9589
9039
9369
9106
9346
9094
9441
9187
9225
9393
9632
9247
8586
8929
8648
9674
9110
9208
8072
8488
9211
9932
9317
9081
9149
9054
8250
8574
9094
9520
9771
8861
9437
9175
8671
9408
9146
9177
8613
9183
9085
9086
9204
9171
8786
8760
8734
9423
8741
9006
9097
9538
9630
9205
9573
9515
8719
9315
9380
9831
9725
9336
9321
8967
8956
9036
8955
9058
8936
9789
9948
9072
9335
8790
9925
9180
9113
9369
9770
8849
9517
8778
9411
8784
9586
8721
9793
9456
9031
8930
9545
9342
8994
9250
8911
9652
9069
8683
8784
9660
10014
9104
9458
8830
9221
9618
8747
9184
9078
9920
9520
9997
9764
9075
10184
9590
9389
9159
9655
9354
9483
9238
9348
9322
8980
9345
8578
9087
9257
9314
9596
9744
9355
9226
9139
8888
9277
9620
9610
9737
9939
8995
9703
9058
8841
9451
9842
9642
9233
8741
9877
9081
9651
9037
8566
9497
8868
8920
9110
9454
9553
9476
9497
9718
9487
9896
9112
9113
9748
9533
10154
9444
9585
9314
9444
9738
9074
9096
9357
9546
9031
9748
9737
9352
9214
9587
9792
9561
9477
8793
8641
8792
9004
9111
8770
9182
9687
9197
9451
8998
9109
9788
9621
10014
9367
10038
9433
9583
9372
9300
9723
9236
9047
8982
9645
9120
9161
9874
9678
9661
9846
9463
9463
8729
9768
9187
9200
9595
9186
9636
9029
9796
9555
9639
9552
9656
9469
9099
9431
9586
9518
9050
9252
9084
8872
9010
9771
9420
9813
8598
9837
9497
9728
9599
9590
9532
9845
9443
10299
9686
9665
9649
8896
9572
9501
9344
9149
9567
8923
10389
9381
9060
9329
9182
9517
9672
9585
9361
9586
9163
9645
9772
9084
8832
9489
9379
9280
10382
9487
8964
9021
9065
9642
9657
8802
9193
9693
10157
8542
9967
9277
10093
9447
10089
9816
9831
9412
9850
9390
9664
9573
9309
9632
9091
10450
9337
9123
9768
9536
9824
9638
9528
9642
9784
9349
9128
9949
9594
9280
10443
9502
9408
9441
8890
9067
9124
9626
9545
9413
9586
9988
10235
9978
9056
9856
9382
9302
9974
9540
9882
9693
10005
10002
9356
9836
9871
9512
9445
10003
9787
9236
9456
9962
9203
9945
9642
9474
9454
9717
9813
9422
10298
9185
9534
9412
9329
9785
10231
9373
9980
10376
9526
10272
9780
9230
9602
9851
9492
9585
10182
9748
9106
9713
10017
10428
9385
9973
9733
10480
9115
9589
9980
10326
9971
10445
9906
9339
9154
9363
9240
10241
10314
9115
9979
9741
10005
10496
9667
9884
9782
9765
9382
10362
9521
9785
9898
9861
8821
9761
9742
10061
9587
9573
10299
9753
9882
9633
9839
9496
8989
9779
9794
10177
9701
10465
9892
9663
10074
9394
9854
9704
9745
10406
9825
9806
9416
10763
9514
9449
9764
10390
10392
9936
9613
9799
9969
9701
9839
9146
9412
8749
9673
9499
9753
9981
9536
10304
9764
10454
9613
10139
10525
9650
9212
9796
10116
10093
9904
10336
10219
9640
10588
9588
9377
9336
9659
9630
10330
9884
9817
9629
9728
9699
9567
9825
10309
10501
9361
10461
9505
9682
10042
9640
10113
10522
9827
10380
10082
9740
10262
9940
9990
10492
10213
9567
10280
9617
9888
10508
9190
10225
10083
10559
10781
10599
10360
9624
9493
9955
9794
10563
9944
10617
10474
9887
9792
9789
9731
10230
9860
9978
10437
9798
9455
9895
9998
10700
10170
9876
10387
9457
10813
9578
10343
9806
9560
10639
10565
10446
9245
9675
10220
9954
10081
9549
9834
10313
9684
10468
9780
11138
10179
9991
10179
9163
9816
9883
9951
9764
11118
10231
10376
9972
10360
10591
10440
10469
10185
9251
10024
10382
10011
10220
10054
10477
9856
9786
10516
10763
10134
10213
9875
10254
10040
10246
9847
10295
9779
10007
10292
10475
10326
10216
10386
10465
10141
9746
10203
10098
10382
9980
9513
10908
10617
10279
9762
9910
10288
10403
10530
10271
9609
10510
10284
10276
10780
10368
10356
10067
10296
10084
11090
10000
10780
9818
10392
10061
9604
10068
10357
10594
10206
10020
10878
10566
9675
10834
10050
10284
10291
10660
10306
10489
10233
10565
10901
10265
10526
10598
10095
10178
10712
11004
10200
10614
10821
10336
11442
10728
10773
10151
10967
10677
11312
10196
10652
10528
11547
10988
10694
11011
10528
9962
10683
11270
10226
11304
10164
10496
10462
11058
11799
10588
11086
10269
10634
11062
10643
10114
10772
10987
10650
10378
10413
10813
10249
10453
10437
10864
10914
10452
10401
10986
10964
11453
10333
11177
10197
11014
10863
10875
11124
10959
11120
10091
10580
10266
10979
11028
10985
10791
10997
11231
10833
10651
10553
10877
10451
11032
10944
10496
10900
10687
11032
11658
11066
10663
10404
10914
10430
11414
11451
11140
10474
10809
12145
11034
11108
10893
10497
10770
10709
10668
11140
10299
11297
11022
11224
11633
11472
11422
11622
11183
11378
10957
11274
11186
11131
10669
11210
10640
11266
11431
11234
10714
10861
11655
11293
11525
11834
10864
11811
11186
11465
10974
10919
11360
11642
11226
11468
11180
10713
11156
11480
11059
10901
12136
11770
12050
12114
11127
11546
11392
11704
11475
11928
11229
12077
11973
12036
11349
10656
11806
12082
11501
11612
11700
12069
12085
11689
11553
11365
11827
11939
12001
11932
12614
11890
12122
12148
11994
11685
12250
11626
12091
12266
12427
11992
12181
11279
11913
11556
11449
11512
12276
11828
11209
12105
12015
12174
12221
12260
11879
12535
11324
11668
12226
11621
12168
12467
11528
12842
11576
11726
12225
12790
11983
11930
11750
12727
12236
12515
12637
12827
12159
12802
11974
12410
12222
12682
12327
13337
12893
12980
12387
12507
12960
12534
11692
12604
12474
13001
12184
12708
12372
12708
12874
12741
12738
13707
13169
12875
13145
13207
12932
12973
12265
12496
12757
12978
13737
12996
12634
12904
13492
13010
12228
13359
12834
13404
12374
13003
13483
13557
13191
13341
13323
13354
13343
12306
13236
13320
13214
12834
13593
13262
13665
13066
13698
13546
13852
13477
13869
13614
13267
13689
14949
13433
13692
14381
13308
13522
13773
13773
14170
13395
14442
14364
13530
12942
13805
12940
13657
14488
13964
14296
14500
14172
14357
14255
13792
13996
14160
14035
14933
14114
15232
14848
14892
13248
14759
14621
14182
14990
14674
14858
15042
14864
14928
14943
15082
15364
14943
15941
15306
14688
14484
15369
15340
14888
14769
15132
15338
16348
16053
16150
15912
15239
15616
14642
16114
16061
15835
15085
15982
15672
16612
15390
16058
15752
15770
15286
16358
16106
15560
15776
15542
16049
16386
16028
16315
16236
16616
16682
17205
17336
16010
16720
16888
16309
17091
17277
16973
17408
17166
16557
16529
16904
16826
17334
17172
16832
17588
17600
17205
17390
17622
17544
17376
18091
17548
17681
17347
18292
17674
18030
17988
18692
18520
17786
18212
18252
17942
18690
18688
18125
19142
18661
18980
18310
18595
19072
19200
18725
19123
18795
19013
19414
18816
19565
19149
18784
19084
19227
19753
20342
19527
19378
20277
20604
19658
19888
20253
19776
20208
19891
19536
20490
20813
20112
21210
20780
20836
21327
21126
21328
20972
22474
21323
21294
21201
21301
22458
21321
22211
21497
21930
21601
22169
22835
22848
22576
22180
22344
22893
23298
22764
23060
22721
22813
22598
22394
22397
23233
23156
23342
23285
23402
23784
24124
23925
23641
23776
24099
24670
23728
24225
23941
24268
25478
25114
24295
24364
24954
25141
25437
25575
25824
25149
25608
25738
25136
26230
24778
26077
26013
26532
26376
26242
26523
26983
26532
26681
27345
27098
26676
26816
27748
28221
27994
27732
27231
28628
28192
28166
28930
28147
28379
28308
28647
29333
28833
28944
30037
29723
30113
29742
29829
29786
29220
30413
30040
29248
30352
30571
31018
31021
31370
30410
31044
31458
31071
31261
31390
32027
31992
32602
33373
32089
32401
32261
32992
33254
32523
33519
33472
32872
33569
34277
33690
35355
34388
34936
34029
34687
35269
35600
34580
35549
35502
35522
35805
34962
35480
36408
36681
36845
37444
38256
37633
36719
37544
37478
37613
37727
37855
38092
38170
38749
38360
39210
39604
39499
38938
40038
39168
39060
40159
40052
40730
39979
40459
41088
41915
40831
41828
41064
42601
42165
41837
42418
42653
43028
43060
43307
44048
43380
43848
43682
44045
43456
45097
44839
44238
45210
44943
45274
44536
44972
45356
45800
46596
46666
45930
46388
47664
47121
46828
47136
47732
47918
47110
47168
48223
48964
49334
48784
47910
48649
49351
49094
49738
49792
49972
50740
51777
51314
51529
52052
51947
52042
52171
52486
52420
52157
51380
52512
52459
51650
53680
52830
53917
54432
53958
53636
54032
54025
54508
54685
54864
55424
55404
56091
56034
55340
56301
56533
56685
56128
57387
56970
58776
57265
57642
57984
57764
58234
58716
58404
59092
58818
57693
59178
59764
59885
59988
60324
61140
60448
60404
60528
61309
61165
61896
61716
62016
61518
61371
62362
62853
62900
63188
62704
62680
62176
64490
64205
63774
63524
65242
64821
64548
64299
65068
65444
64794
65535
65494
65535
65535
65535
65535
65535
65535
65535
65535
65535
65535
65535
65535
65535
65535
65535
65535
65535
65535
65535
65535
65535
65535
65535
65535
65535
65535
65535
65535
65535
65535
65535
65535
65535
65535
65535
65535
65535
65535
65535
65535
65535
65535
65535
65535
65535
65535
65535
65535
65535
65535
65535
65535
65535
65535
65535
65535
65535
65535
65535
65535
65535
65535
65535
65535
65535
65535
65535
65535
65535
65535
65535
65535
65535
65535
65535
65535
65535
65535
65535
65535
65535
65535
65535
65535
65535
65535
65535
65535
65535
65535
65535
65535
65535
65535
65535
65535
65535
65535
65535
65535
65535
65535
65535
65535
65535
65535
65535
65535
65535
65535
65535
65535
65535
65535
65535
65535
65535
65535
65535
65535
65535
65535
65535
65535
65535
65535
65535
65535
65535
65535
65535
65535
65535
65535
65535
65535
65535
65535
65535
65535
65535
65535
65535
65535
65535
65535
65535
65535
65535
65535
65535
65535
65535
65535
65535
65535
65535
65535
65535
65535
65535
65535
65535
65535
65535
65535
65535
65535
65535
65535
65535
65535
65535
65535
65535
65535
65535
65535
65535
65535
65535
65535
65535
65535
65535
65535
65535
65535
65535
65535
65535
65535
65535
65535
65535
65535
65535
65535
65535
65535
65535
65535
65535
65535
65535
65535
65535
65535
65535
65535
65535
65535
65535
65535
65535
65535
65535
65535
65535
65535
65535
65535
65535
65535
65535
65535
65535
65535
65535
65535
65535
65535
65535
65535
65535
65535
65535
65535
65535
65535
65535
65535
65535
65535
65535
65535
65535
65535
65535
65535
65535
65535
65535
65535
65535
65535
65535
65535
65535
65535
65535
65535
65535
65535
65535
65535
65535
65535
65535
65535
65535
65535
65535
65535
65535
65535
65535
65535
65535
65535
65535
65535
65535
65535
65535
65535
65535
65535
65535
65535
65535
65535
65535
65535
65535
65535
65535
65535
65535
65535
65535
65535
65535
65535
65535
65535
65535
65535
65535
65535
65535
65535
65535
65535
65535
65535
65535
65535
65535
65535
65535
65535
65535
65535
65535
65535
65535
65535
65535
65535
65535
65535
65535
65535
65535
65535
65535
65535
65535
65535
65535
65535
65535
65535
65535
65535
65535
65535
65535
65535
65535
65535
65535
65535
65535
65535
65535
65535
65535
65535
65535
65535
65535
65535
65535
65535
65535
65535
65535
65535
65535
65535
65535
65535
65535
65535
65535
65535
65535
65535
65535
65535
65535
65535
65535
65535
65535
65535
65535
65535
65535
65535
65535
65535
65535
65535
65535
65535
65535
65535
65535
65535
65535
65535
65535
65535
64923
65535
65535
65494
65535
65162
65519
65242
65453
64441
63930
64458
64780
64596
63240
63830
63575
62998
63478
62720
62350
62763
61776
61423
61914
61532
61504
61696
60570
61880
61192
59789
60596
59864
60116
59979
59752
59013
58456
58728
58732
59190
59060
58448
58132
57206
58070
57352
56338
57270
57305
57269
56785
56329
57372
55833
55914
55141
55162
53988
54616
54720
54546
53163
54666
52698
53562
53965
53650
52148
52626
52644
52352
52134
51930
51792
50536
51430
50445
49280
49676
49028
49755
49880
49872
48729
49055
49265
48090
49376
48840
49020
48724
47117
47544
46459
44887
43883
43962
44091
43482
43835
45212
44891
44454
46080
45064
44397
45067
44630
44864
44290
42986
43032
42877
43056
41723
42008
42304
41668
42506
41428
41898
41060
41190
40523
39428
39803
40512
39620
40105
39389
39572
38362
39471
38421
38310
37866
37288
36762
38362
36554
37258
36710
35856
35861
36553
35837
35364
34436
35317
34776
34532
35057
33693
33993
34573
34293
33094
33024
33356
33236
32898
31918
31739
31628
32229
30997
30779
31884
31281
30996
29994
30324
31066
29586
30137
29125
29052
29421
29256
29006
28616
28187
28427
28008
27517
27879
27208
27530
27296
27196
27483
25632
25795
25895
25757
26429
26909
25924
26392
24385
24500
25317
24328
24436
24744
24409
24640
24240
24297
23784
23045
23808
24248
22772
22667
23297
22997
22162
23194
21906
22148
21627
21509
22278
21624
20882
20468
21421
21661
20449
20101
21299
20659
20346
20319
19935
19867
19656
19144
18690
19278
20409
19282
19895
18360
18721
18807
18389
18144
18484
18437
18368
17925
18178
17401
18155
17750
17342
18379
16923
17455
17118
16470
16465
16635
16295
16780
16326
16244
16272
17067
17180
15753
15530
15722
16629
16092
15641
15184
15778
15191
14592
14745
15277
15939
15707
15250
15433
14914
15087
13970
15182
14705
14804
14124
14500
13946
14481
13981
14119
14548
13762
14992
14039
14376
13449
14766
13736
14336
12699
13005
14256
14086
12987
13589
12492
13714
13329
14123
13204
13707
13004
13739
12536
12308
13173
13038
12722
11916
12972
13450
13115
13057
12765
12430
12504
12438
13662
11417
12623
12230
12596
11272
12255
12050
12390
11717
12104
11758
12205
11701
12214
12068
12358
12108
11989
