8196
7973
7405
7943
7495
9231
7173
7733
7856
7162
7845
6792
7552
7091
6921
8095
7993
7153
7986
8072
6755
7444
6687
7384
7770
7371
7828
7252
7060
7829
7895
7014
6915
7076
7089
7460
6995
7817
7402
8251
7433
7436
7388
7311
7687
7133
8032
7097
7995
8100
8823
8044
8402
6969
7421
7247
7403
6959
7315
7832
7136
7128
7860
7958
7523
7390
7314
6843
8028
7773
7440
6673
7452
7442
7636
7698
7406
7649
7526
7219
7893
7376
7692
7417
7933
7880
7637
6745
8051
7526
7606
8129
7968
7658
7003
7922
7512
8569
8405
7370
7832
7040
7870
7174
7783
7983
7056
8060
7034
7298
7949
7084
8224
7796
7823
7181
7106
8098
8040
7924
7466
7354
7191
7969
7827
8341
8269
7623
6938
7912
7530
7220
7861
7377
7696
7382
7982
8098
7895
7518
7808
7686
7204
7734
8163
7683
7632
8066
7485
7519
7961
7492
8156
7725
6880
7564
8185
8089
7959
7714
8681
7492
7756
7670
7444
7859
8022
7534
8154
6891
7757
7776
7901
7087
7553
7065
7869
8011
7791
7771
7712
8449
8092
7589
7797
8399
7742
7441
8614
8090
8305
7752
7880
7876
7577
7744
7622
8123
7841
8441
7134
7354
8154
7598
7333
7793
8013
8040
8085
7868
7801
7852
8253
7708
7427
7265
8125
7833
7915
7772
8202
7855
8109
7378
8395
7994
7689
7792
7516
8448
7241
7475
8018
7910
7405
7650
7669
7658
7930
7721
8299
7986
7531
7847
8160
7907
8160
7901
7672
8442
7242
8281
7955
8189
7903
7862
7338
7407
8408
7420
7748
8298
7514
8144
7351
8245
7592
7732
7749
8770
8453
7842
8553
8281
7225
7996
8201
7418
7354
8580
7965
7497
8328
7202
8045
7424
7850
8306
8229
8308
7847
7415
8031
8274
8724
7719
7831
7700
7488
8126
8112
8257
7291
7810
7502
7967
7680
8012
7874
8081
7972
8803
8520
7962
7343
8215
8390
8036
8605
7610
8575
7036
8084
8155
7771
7625
8581
8051
8164
8407
8001
7685
7368
8023
7553
8421
8137
7966
7793
7801
8537
8224
8379
7461
7886
7894
8117
7944
8280
8545
8130
8185
8137
7787
8386
8041
8032
8516
7826
8488
7462
8290
8090
7088
8348
7747
7888
7766
8301
7973
7565
7529
8212
7972
7692
7741
7864
7520
7795
7999
7237
8266
7168
8232
7829
7868
8500
7307
8188
7805
8023
8566
7469
8090
8329
7622
8256
7703
8090
7758
8229
8402
7826
8073
8432
8114
8122
8261
8040
8153
8666
7652
8485
8484
7647
8622
8167
8062
8194
8309
8216
8012
8112
8366
8116
7842
8031
6902
7916
8155
7611
8077
8134
8008
7843
8049
8396
8134
8139
7972
7908
8331
7907
7407
8363
8329
8123
8321
8091
8178
7761
8249
7936
8279
7985
8663
7894
7522
8637
7813
7566
8068
7965
8360
8106
8924
7961
8453
7793
8068
8446
8590
7776
8418
8708
8192
8648
7802
8242
7308
7787
7299
8437
8898
8536
7629
8801
8231
7897
8316
8216
7974
7758
7628
8148
8508
9332
8623
8121
7812
8360
8643
7976
8260
8686
8075
8693
7752
7977
7674
7912
8356
8487
8812
8323
8489
8556
8434
7469
8065
8788
8177
8213
7964
7651
8733
8257
8550
8378
8477
8569
8140
8509
8641
8045
8745
8071
8765
7907
8932
8227
8620
8460
8408
8587
7957
8674
7755
7801
8273
8454
9372
8264
8597
8610
8260
8802
8332
8365
8883
7748
8245
8364
8643
8374
8665
8746
7728
8445
8094
8140
7921
8105
8154
7353
8696
8594
8613
7802
8532
8448
8292
8560
7718
7573
8740
8382
8998
8605
8301
8420
8320
8156
7604
7758
7907
8613
7974
8261
8264
8163
7962
8272
8944
8277
8601
7810
8359
8448
8108
7942
8098
8643
8219
8214
8571
7745
8797
8038
8679
8170
8321
8842
8100
7988
8402
7645
8439
8786
8684
8546
8090
8429
8456
9190
7383
8074
8141
8377
8816
8075
8443
7944
8784
9117
9205
8889
8201
8168
8099
8895
7608
8016
8355
8379
7764
8594
8378
8337
8679
8400
8111
8502
8823
8305
8152
8194
8466
8821
8021
8764
8010
8345
8615
8798
7997
8324
8293
8101
9536
8638
8125
7589
8229
8092
8515
8861
7618
8289
8632
8610
8137
8562
8751
8485
8576
8525
8571
8671
8214
8803
9202
8148
7968
7972
8030
8541
8848
8196
8751
7834
8053
8378
8732
8717
8269
7707
8565
8519
8842
8598
8356
9048
8621
9156
8059
8387
7827
8890
7946
8773
8962
8477
7861
8671
8620
8675
8515
8815
8840
8281
8557
7626
8436
8536
8496
8122
7630
8342
8382
8723
8367
8659
9016
8374
8226
8474
8488
8629
9102
8736
7887
8414
8766
7848
8733
8421
8932
8285
8408
8225
8426
7909
8248
8884
8320
8776
8528
9210
8669
8743
8769
8820
8920
8656
9216
8020
8236
7811
8734
8320
8767
8270
8799
8334
8610
8595
8269
8435
7561
8669
8751
7914
8436
8583
9035
8348
8664
8498
9231
8175
8067
8954
8402
8636
8816
8468
8419
8097
8687
8643
9270
8248
8415
8152
8662
8928
8249
8520
8780
8145
7828
9448
8269
8429
7731
9206
8601
8122
7781
8318
8762
8677
8125
8202
8520
8901
8486
9200
9678
8278
8293
8273
8558
7941
9134
8496
8514
8807
8498
8894
8826
8927
7898
8312
8976
9128
9249
8471
7899
7721
7933
8393
8458
7909
8680
8523
8552
8762
8490
8768
8948
8172
8628
8228
8883
8180
8329
8638
7959
8293
9013
8711
8713
8244
7465
8362
8828
8685
8127
9050
8989
8609
8237
8540
9300
8530
7739
9112
8063
9132
7908
8988
8228
8493
8455
8562
8165
8135
8442
8844
8218
8352
8720
8604
8974
8212
8237
8681
8362
8418
7511
8685
8709
8236
8713
7889
8116
8686
7914
8614
8892
8873
8898
9174
8148
9329
7912
8532
8029
8160
7887
8524
8563
8836
8685
8504
8260
8623
8262
8036
9026
8740
8953
9275
8821
7961
8254
7988
9265
8324
8189
8562
9052
9149
9056
8506
7986
8459
8295
8345
8284
8406
8707
8633
7974
8132
8201
8712
8876
8211
8491
8799
8543
9124
7999
8034
7940
8022
7862
8189
9021
8139
8548
9713
8065
8091
8062
8700
8715
8260
8958
8218
8904
7795
8677
8550
8043
9205
8877
8682
8583
8410
8888
8573
8156
8176
8596
8491
8044
9047
8502
8736
8198
8258
8450
8433
8424
8063
8495
8708
8297
9402
8228
8185
8708
8866
8276
8554
8835
8689
9070
8376
8640
8993
8870
8951
9017
8527
8690
8438
8858
8375
9145
8495
8217
8199
8112
7707
8964
8651
8704
8009
8315
8717
8204
8192
8575
8466
8235
8861
8299
8390
8473
8481
8459
9541
8486
8463
8264
9044
8463
8386
8980
8006
8954
8581
8834
8835
8661
8785
7991
8616
8004
8357
8480
7977
8208
8987
8713
8738
8904
8257
9033
8070
9341
8450
8260
9511
8593
8215
8651
8473
7690
8768
8502
8968
9223
8871
8520
8671
8185
9482
8910
8588
8969
8586
8921
8498
9021
8267
8338
8372
8592
8213
8706
8401
9125
8524
8935
8200
8514
8575
9389
8901
8292
8837
8919
8088
8748
8794
8232
8505
8420
8828
7899
8812
8068
9278
8300
8807
8870
7547
8958
8406
8946
8621
8556
8707
8622
9020
8565
8870
8514
8725
8300
9198
8419
8278
9341
8472
8990
9110
8784
9320
8520
8676
8172
8690
9366
8826
8882
8413
8192
8434
8314
8200
8095
8559
8879
8714
8183
8213
9499
8398
9088
8184
8758
8462
8896
8592
8480
8861
8796
8808
9301
8973
8091
8536
8999
9247
8601
8711
8095
7929
8448
8768
8414
8345
8489
8786
8865
7941
8384
8315
8790
8651
8441
8486
8413
8982
9124
8378
8795
9377
8510
9094
8356
8931
8320
8967
8389
8941
8997
8384
8503
9156
8938
8611
8113
8312
9121
8197
7721
8948
8308
9482
9390
8692
8653
8078
8712
9419
9143
8693
8559
9054
8575
8741
9101
8537
8045
8554
8652
8011
8664
8182
8878
8963
8661
8417
8236
8911
8726
8648
8876
8121
9227
8006
8452
8892
8404
8770
9087
8771
9292
8598
9375
8731
8643
8949
8091
8797
8948
9300
8472
9160
8013
9379
8689
9212
9138
8644
8485
8462
8979
9056
9037
8721
8063
8569
8901
8965
8428
8512
9482
9030
9071
8660
8706
8569
8717
8762
8230
8718
8454
9566
8745
9029
8758
8948
9062
8363
9011
9397
8892
9230
9536
9136
7888
9097
9510
8824
8648
9681
8949
8957
8713
8489
8488
8371
8744
9327
8333
9027
9036
8567
8710
8784
9030
8463
8954
8525
9344
9050
8834
8916
8459
9282
8884
8956
9261
8557
9112
9039
8747
8914
8676
8313
9508
8329
9158
8328
9669
9689
8452
8732
8952
9161
9040
8939
8930
8509
8389
9060
9434
8747
8856
8678
8742
8441
8880
8768
8782
9227
8411
9399
8966
8967
8726
8950
8871
8999
8770
9033
9061
9163
8832
8350
8612
8350
9636
8821
9125
7861
8162
8623
9397
8903
8967
9011
8918
7961
8156
8742
9284
9402
8547
9318
8934
8433
8866
8685
8955
8242
9078
8802
8927
8813
8918
8430
8540
8593
9461
8506
8745
8638
9474
9416
8914
9152
9411
8498
9070
9098
9433
9594
9148
9063
8997
8642
8885
8651
8934
9054
9475
9654
8738
9081
8530
9808
8816
8749
9236
9540
8506
9245
8502
9155
8559
9378
8509
9391
9095
8897
8683
9134
8932
8813
9029
8759
9182
9167
8705
8520
9620
9727
8948
9177
8739
8834
9601
8408
8907
8739
9571
9508
9584
9382
8776
9759
9508
9206
8941
9459
9079
9202
9140
9009
9033
8782
9043
8304
8905
8985
8847
9372
9473
9169
8992
9129
8689
9136
9280
9266
9308
9381
8816
9491
8837
8658
9079
9596
9430
9098
8525
9677
8924
9463
8661
8406
9433
8823
8854
8806
9334
9571
9141
9403
9663
9307
9551
8867
8840
9643
9396
9797
9275
9257
9214
9480
9469
9044
9073
9201
9113
8927
9563
9248
9156
9213
9361
9667
9245
9332
8562
8202
8643
8834
8642
8536
9007
9493
9047
9424
8739
9087
9376
9440
9664
9166
9985
9035
9651
9288
8969
9624
9039
8976
9022
9949
9144
8910
9561
9502
9308
9442
9170
9200
8295
9591
8886
9042
9205
8818
9426
9059
9335
9599
9353
9346
9374
9282
9299
9266
9498
9156
8955
9080
8858
8763
8860
9476
9237
9576
8507
9685
9230
9158
9416
9538
9628
9344
9233
10028
9409
9424
9429
8584
9386
9292
8950
9078
9154
8806
10230
9128
8699
9212
9202
9487
9389
9338
9256
8898
8852
9422
9420
8789
8604
9003
9261
9106
9926
9246
8737
8948
9099
9354
9266
8751
8894
9693
9781
8453
9476
9093
9773
9644
9761
9546
9848
9302
9844
9203
9214
9481
8986
9529
8789
10137
9344
9186
9573
9381
9754
9476
9323
9203
9762
9197
8884
9721
9561
9192
10368
9400
9333
9446
8750
9065
8943
9368
9185
9369
9556
9594
10047
9731
9099
9310
9307
9032
9778
9167
9728
9517
9934
9821
9064
9383
9586
9206
9402
9897
9550
9017
9291
9927
9062
9597
9351
9203
9284
9666
9670
9300
10280
9002
9353
9211
9376
9988
10176
9191
9808
10229
9300
10177
9478
9179
9474
9825
9383
9511
10123
9498
9061
9475
9933
10288
9308
9764
9654
10491
8965
9533
9823
10034
9892
10244
9871
9031
9275
9251
9331
10032
10117
9084
9861
9704
10048
10469
9894
9757
9826
9672
9173
10012
9436
9851
9809
9813
8642
9312
9770
9993
9645
9082
9905
9650
9540
9540
9668
9529
8876
9548
9922
9833
9381
10187
9398
9488
9850
9353
9848
9708
9865
10336
9823
9780
9258
10929
9529
9076
9615
10146
9987
9895
9577
9752
9686
9607
9756
9031
9632
8917
9692
9275
9556
10072
9420
10489
9595
10377
9242
9993
10531
9611
9363
10018
10174
10031
9792
10315
10170
9361
10578
9506
9082
9348
9429
9242
10331
9563
9796
9492
9409
9598
9443
9732
10315
10530
9315
10436
9361
9313
9706
9517
10218
10397
9828
10298
10047
9713
10180
10053
10049
10184
10233
9726
10326
9782
9853
10327
9412
10261
10020
10499
10776
10832
10434
9190
9540
10106
9679
10596
9824
10238
10358
10025
9761
9597
9962
10037
10134
10058
10424
10016
9484
10082
10178
10532
10062
10157
10356
9421
10620
9596
10440
9952
9523
10354
10664
10412
9260
9877
10279
9972
10269
9675
9699
10247
9715
10668
9711
11030
10163
9823
10388
9270
9792
9860
10017
9412
11169
10067
10332
10160
10356
10614
10147
10287
10154
9476
9768
10378
10173
10321
10180
10485
9962
9684
10710
10776
10091
10239
9995
10463
9764
10447
9794
10325
9773
10148
10232
10516
10612
10102
10310
10503
10129
9882
9942
9695
10187
10201
9619
10797
10580
10414
9992
9860
10267
10245
10734
10377
9640
10565
10488
10124
10804
10327
10514
10049
10510
10272
10743
9888
10723
10012
10326
10198
9983
10172
10488
10737
10429
9964
11141
10952
9781
11114
10056
10381
10652
10629
10380
10714
10354
10560
11068
10385
10488
10996
10368
10394
10834
11229
10553
10593
10886
10286
11434
10777
10806
10217
11349
10932
11366
10730
10776
10641
11369
10761
10857
11068
10743
10278
10585
11418
10650
11460
10449
10480
10595
11293
12138
10672
11056
10388
10890
11127
10923
10327
10624
11116
11077
10720
10523
10996
10254
10689
10629
11171
11187
10526
10539
10756
11245
11672
10590
11538
10371
11484
10898
11003
11196
10836
11493
10214
11112
10127
11018
11434
11403
10577
11304
11460
11204
11045
10870
11075
10645
11108
11289
10717
10887
10867
11077
11918
11113
11164
10715
11478
10550
11967
11487
11376
10794
11211
12392
11142
11499
11177
10888
11267
11086
10994
11346
10694
11335
11319
11534
11826
11447
11645
11668
11301
11471
11345
11367
11404
11394
11050
11610
11014
11576
11368
11388
10891
11150
11855
11432
11894
11896
11012
11798
11373
11713
11355
11220
11513
11740
11197
11828
11126
11138
11467
11624
11342
11172
12357
11933
12078
12338
11125
11400
11762
11921
11809
12022
11640
12013
12073
12324
11293
11096
11991
12433
11831
11690
12065
12219
12409
12053
11893
11583
11736
12377
12008
12245
12760
12183
12429
12382
12243
11998
12230
11646
12444
12135
12486
12066
12537
11472
12354
11547
11649
11872
12388
12072
11594
12519
12360
12461
12805
12402
12153
12686
11493
11951
12620
11924
12329
13030
11747
13149
11844
11842
12421
13094
12169
12286
12019
12924
12525
12673
12945
12810
12555
13100
12352
12752
12367
13153
12715
13704
13176
13357
12637
12797
13387
12857
11981
12923
12844
13056
12630
12990
12828
12562
13483
13072
13074
13753
13661
13284
13460
13671
12883
13198
12424
12841
13070
13113
14031
13108
13070
13065
13901
13561
12641
13764
13066
13856
12556
13129
13675
14017
13601
13284
13728
13372
13705
12645
13498
13597
13329
12928
13666
13487
13577
13323
13600
13981
13926
14011
14079
13920
13411
13709
14674
13536
14079
14516
13231
13779
13940
13785
14233
13744
14214
14286
13614
13161
13597
12924
13466
14578
14235
14346
14368
14328
14325
14749
13933
13741
14477
14189
14976
14026
15342
15049
14827
13686
15008
14791
14437
15145
14852
15080
15098
15154
14953
15065
15112
15425
14740
16118
15370
14673
14738
15469
15540
15066
14853
15117
15176
16255
15958
16257
15805
15188
15657
14818
15926
15919
15667
15307
15929
15868
16908
15488
16113
15739
15771
15344
16331
16196
15533
15690
15473
16135
16295
16348
16394
16570
16618
16587
17242
16896
16255
16733
16946
16233
16872
17286
16826
17374
17016
16512
16299
16877
16925
17396
16760
16906
17222
17426
17342
16982
17501
17328
17353
18073
17922
17688
17343
18202
17517
17957
17575
18830
18213
17922
17974
18061
17866
18101
18176
17923
18863
18564
18560
18124
18520
18870
18903
18442
18709
18484
19024
19240
18865
19602
19008
18658
18964
19293
19434
19630
19469
18982
19850
19517
19807
19560
19812
19051
19720
19684
18827
20034
20399
19622
20413
20485
20493
20760
20414
20919
20365
22204
20892
21060
21186
20940
21648
21300
21632
20925
21576
20935
21220
22463
22821
21779
22112
21782
22375
23008
21704
22759
22087
22447
21734
21568
21485
22411
22446
22484
22609
22281
23405
23798
23160
22854
22903
23597
23656
22996
23672
23949
23562
24384
24560
23381
23334
24025
24229
24373
24576
24733
24109
24522
24935
23998
24762
23966
25130
24725
25494
25702
25066
25666
26056
25472
26004
26162
26151
25814
26287
26884
27136
26745
27029
26396
27436
27268
27340
28125
26788
26644
27472
27693
27668
27545
27738
28538
28457
28669
28251
28808
28584
28137
29003
28800
28185
29169
29240
29794
29676
29706
29551
29892
30232
29941
29826
30342
30961
30372
31315
31245
30868
30530
30773
31596
31772
30989
32009
31765
31164
32248
33083
32483
33075
32978
33088
32517
33052
33769
34004
33361
34008
33954
34177
34540
33555
34296
34576
35149
35253
34760
36343
35774
34992
35748
35677
35931
35709
36309
36719
36198
36724
36205
36916
37124
37012
37004
38246
37778
37226
38144
38445
38775
38061
37956
38724
39172
38895
39669
38967
39844
39718
40293
40328
40221
40844
40762
41024
41585
41438
41281
41486
41946
41149
42760
41873
41556
42729
42285
42792
41930
42164
42853
42708
44014
44212
43472
43450
44557
44422
44648
44856
45188
45568
44947
44292
45787
46024
46279
45933
45248
45805
46669
46551
46814
47432
46757
47476
48938
47464
48808
49482
49204
48160
49434
49366
49764
48845
49060
49460
49517
49103
50004
49723
50432
51310
50472
50475
50803
51280
51628
51642
52240
52608
52388
52138
53472
52717
53517
53268
53302
53066
53784
53355
54922
54540
54296
55060
54878
55129
55349
55385
56333
56076
55034
56070
56365
56196
56718
57031
57504
57179
56576
57788
57780
58203
58285
57528
58645
58042
57893
58662
59310
58692
59428
59147
58901
59560
60672
60106
59993
59812
61177
60405
61253
60726
61356
61892
61350
62008
61917
62244
63323
62235
62720
62420
62936
64281
63387
63709
62836
63270
63797
63967
64230
65374
64568
64744
64612
65535
65012
64826
64768
64410
65338
64768
65060
65192
65535
65535
65535
65397
65535
65535
65535
65535
65535
65535
65535
65535
65535
65535
65535
65535
65535
65535
65535
65535
65535
65535
65535
65535
65535
65535
65535
65535
65535
65535
65535
65535
65535
65535
65535
65535
65535
65535
65535
65535
65535
65535
65535
65535
65535
65535
65535
65535
65535
65535
65535
65535
65535
65535
65535
65535
65535
65535
65535
65535
65535
65535
65535
65535
65535
65535
65535
65535
65535
65535
65535
65535
65535
65535
65535
65535
65535
65535
65535
65535
65535
65535
65535
65535
65535
65535
65535
65535
65535
65535
65535
65535
65535
65535
65535
65535
65535
65535
65535
65535
65535
65535
65535
65535
65535
65535
65535
65535
65535
65535
65535
65535
65535
65535
65535
65535
65535
65535
65535
65535
65535
65535
65535
65535
65535
65535
65535
65535
65535
65535
65535
65535
65535
65535
65535
65535
65535
65535
65535
65535
65535
65535
65535
65535
65535
65535
65535
65535
65535
65535
65535
65535
65535
65535
65535
65535
65535
65535
65535
65535
65535
65535
65535
65535
65535
65535
65535
65535
65535
65535
65535
65535
65535
65535
65535
65535
65535
65535
65535
65535
65535
65535
65535
65535
65535
65535
65535
65535
65535
65535
65535
65535
65535
65535
65535
65535
65535
65535
65535
65535
65535
65535
65535
65535
65535
65535
65535
65535
65535
65535
65535
65535
65535
65535
65535
65535
65535
65535
65535
65535
65535
65535
65535
65535
65535
65535
65535
65535
65535
65535
65535
65535
65535
65535
65535
65535
65535
65535
65535
65535
65535
65535
65535
65535
65535
65535
65535
65535
65535
65535
65535
65535
65535
65535
65535
65535
65535
65535
65535
65535
65535
65535
65535
65535
65535
65535
65535
65535
65535
65535
65535
65535
65535
65535
65535
65535
65535
65535
65535
65535
65535
65535
65535
65535
65535
65535
65535
65535
65535
65535
65535
65535
65535
65535
65535
65535
65535
65535
65535
65535
65535
65535
65535
65535
65535
65535
65535
65535
65535
65535
65535
65535
65535
65535
65535
65535
65535
65535
65535
65535
65535
65535
65535
65535
65535
65535
65535
65535
65535
65535
65535
65535
65535
65535
65535
65535
65535
65535
65535
65535
65535
65535
65535
65535
65535
65535
65535
65535
65396
65535
65535
65535
65535
65535
65535
65535
65535
65535
64728
65535
64922
65462
64664
64868
64718
64401
65270
64477
64444
64676
63895
63040
63642
62900
63194
63753
63332
61762
61993
61204
61997
61964
61540
61556
60388
61437
61173
60904
60795
59932
60692
60998
59624
59584
60198
59407
58554
59318
58400
59140
58733
57978
57672
58921
57416
57739
57673
57272
57652
57167
55914
56480
55617
56174
56246
56113
55128
54877
54811
54957
54966
56038
53926
54244
53441
53453
53724
52778
53409
54036
53440
53305
52884
53504
52492
52717
52338
51160
50881
50584
51146
50661
50074
50621
49154
49579
49947
50567
48840
49412
49288
48448
48618
48815
48520
46875
48066
47179
45870
46602
45275
46468
46653
46262
45696
46080
45757
45362
46105
45572
45322
45501
44220
44455
43579
41832
40937
40696
40907
41430
41220
41816
41594
41797
42748
41822
41835
42296
41479
41420
40964
40140
40125
39678
40285
39753
39226
39462
39482
39644
38618
38820
38238
38444
37301
37128
37220
37717
37332
37472
37080
37342
36009
37486
35734
35803
35274
35080
34141
35753
34306
34804
34379
33328
34092
33847
33466
33213
32204
32632
32316
32344
32971
31361
31533
32710
32472
30866
31044
31672
30798
30400
29876
30021
30098
30338
29177
28269
29595
29374
29202
28436
28485
29056
27981
28230
27615
28108
27222
27713
27062
26955
26423
26414
26491
25784
25856
25712
25866
25860
25433
25391
24384
24127
24393
24306
25031
25012
24411
24832
23197
22965
23572
22901
22778
23626
22463
23136
22534
23201
23019
22036
22006
22894
21257
21201
22090
22090
20439
21796
20756
20949
20390
20635
20962
20261
19560
19293
20346
20092
19256
18853
20034
19675
19303
19400
18696
18944
18437
18141
17704
18280
19162
18170
18688
17554
17651
17851
17132
17477
17689
17176
17360
16552
17113
16685
17350
16698
16416
17540
15986
16661
16312
15584
16009
15835
15078
15931
15349
15251
15541
16057
16095
14843
14777
15001
15725
15158
14893
14182
15129
14700
13800
14156
14720
14994
14980
14498
14511
14217
14515
13696
14645
13946
14027
13600
13626
13324
13940
13430
13354
13746
13268
14101
13390
13824
12764
14286
13275
13544
12342
12485
13691
13455
12309
13069
11727
13014
12588
13333
12966
13047
12301
13024
12322
11723
12582
12364
12183
11368
12288
12803
12485
12265
12133
12155
12020
12205
13131
10802
12013
12038
11941
10789
11742
11477
12020
11135
11524
11362
11876
11157
11876
11541
11855
11643
11614
