7976
7859
7297
7870
7429
8983
7055
7616
7869
7238
7442
6928
7336
7061
6726
7953
7765
7072
7922
8028
6631
7342
6775
7559
7814
7413
7757
7324
7141
7619
7823
7035
6813
7018
6998
7395
6928
7817
7264
7932
7376
7322
7046
7614
7752
7138
8149
6900
7879
7764
8539
8073
8235
7138
7227
7403
7373
6816
7214
7534
7053
7168
7969
7846
7178
7022
7393
6854
8007
7835
7502
6700
7371
7286
7576
7589
7225
7542
7504
7089
7916
7382
7637
7413
7530
7887
7505
6641
7952
7471
7488
7928
7838
7490
7133
7813
7459
8449
8387
7560
7757
7097
8085
7028
7763
7806
6932
8024
6884
7225
7718
7022
8215
7763
7719
7061
7332
8115
7955
7828
7761
7304
7055
7893
7714
7993
8189
7834
6825
7815
7243
7221
7799
7335
7633
7564
8117
8074
7682
7277
7845
7522
7141
7608
8218
7635
7515
7911
7348
7592
8148
7480
7975
7550
7199
7776
7990
7956
8025
7696
8587
7374
7609
7447
7201
7829
7878
7463
8014
7087
7603
7752
7696
7021
7629
7065
7704
8002
7921
7668
7680
8340
8081
7475
7660
8329
7655
7267
8350
7956
8370
7614
8091
7858
7473
7999
7563
7740
7744
8337
7094
7092
8037
7625
7262
7608
7891
7851
8188
7882
7822
7748
8304
7644
7287
6902
8016
7577
7948
7946
8132
7752
7806
7370
8295
7946
7682
7822
7529
8226
7211
7580
7894
7961
7336
7818
7653
7619
7912
7820
8120
7870
7415
7800
7835
7995
7876
8103
7708
8450
7305
8214
8080
8123
7964
7760
7325
7549
8324
7488
7402
8174
7573
7915
7370
7881
7613
7563
8117
8691
8378
8089
8167
7989
7200
7786
8115
7399
7196
8196
7883
7626
8197
7392
7933
7306
7789
8316
8134
7907
7635
7444
7713
7928
8514
7558
7980
7809
7671
7970
8028
8050
7114
7705
7313
7771
7602
7918
7978
8149
7720
9028
8367
8029
7533
8040
8462
7876
8297
7828
8352
6983
7833
7989
7628
7489
8555
7980
8123
8390
7789
7466
7220
7836
7455
8213
8136
7900
7696
7637
8357
8268
8414
7210
7860
7916
8139
8236
8153
8330
8039
8246
8222
7611
8607
8107
7876
8496
7672
8222
7286
8254
8175
7163
8233
7532
7820
7595
8091
7853
7507
7501
8055
7910
7566
7427
7641
7566
7730
8052
7278
8222
7197
8022
7804
7641
8186
7201
8169
7748
7848
8376
7267
8001
8331
7681
7998
7706
8063
7640
8040
8364
7576
8059
8234
8095
8017
8266
7925
8164
8259
7772
8517
8216
7865
8401
8051
7834
7868
8204
7908
8136
8269
8251
8320
7703
8010
7032
7801
8268
7476
8097
8080
7921
7894
7989
8227
7974
8026
8098
7996
8149
7954
7210
8173
8380
7763
8164
7968
8244
7542
7935
7860
8168
7874
8852
7866
7564
8248
7799
7627
7975
8077
8322
7928
8747
7797
8341
7836
7988
8366
8395
7702
8307
8812
8332
8615
7825
8491
7424
7781
7488
8229
8782
8378
7506
8850
7989
7767
8305
7972
7881
7687
7637
7974
8381
9266
8539
7849
7803
8612
8474
7915
8256
8753
8157
8565
7738
8155
7657
8024
8214
8512
8880
8146
8378
8666
8475
7394
7979
8757
8129
8124
7917
7455
8629
8192
8627
8183
8527
8234
7960
8527
8404
8306
8612
7893
8600
7730
8875
8116
8662
8296
8341
8535
7801
8691
7736
7556
8231
8274
9264
8407
8304
8621
8151
8733
8297
8209
8875
7776
8144
8328
8435
8348
8474
8570
7709
8570
8106
7819
7786
7946
8029
7391
8478
8712
8220
7748
8415
8343
8028
8653
7611
7717
8373
8576
8881
8327
8296
8370
8408
7994
7693
7832
7609
8457
7696
8315
8102
8025
7802
8123
8943
8413
8550
7798
8212
8368
7911
7975
7986
8286
8276
8371
8543
7914
8711
8260
8523
7883
8191
8761
8045
8028
8350
7601
8491
8725
8640
8277
7904
8077
8297
8990
7307
8104
8321
8099
8422
8029
8457
7984
8701
8991
9201
9016
7877
8202
8042
8580
7813
7908
8091
8046
7662
8640
8451
8256
8730
8379
8087
8480
8615
8506
8088
8252
8336
8456
7954
8488
8095
8119
8627
8649
7962
8361
8139
8005
9355
8121
7958
7589
8073
7809
8283
8577
7648
8412
8613
8252
8125
8462
8617
8321
8401
8370
8704
8468
8147
8715
9014
7964
7822
8035
7856
8235
8634
8082
8753
7641
7930
8141
8769
8320
8024
7716
8711
8529
8886
8499
8276
8821
8633
9192
7901
8297
7614
8986
7745
8836
8685
8411
7809
8435
8582
8749
8128
8587
8811
8442
8588
7491
8314
8431
8412
8192
7561
8111
8116
8799
8379
8522
8732
8242
8191
8662
8306
8500
9122
8599
7886
8176
8539
7986
8806
8419
8754
8045
8406
8367
8441
8072
8171
8454
8104
8709
8253
9005
8258
8453
8945
8561
9039
8548
9077
8132
8297
7862
8507
8199
8667
8398
9006
8170
8365
8422
8199
8666
7471
8704
8669
7857
8315
8461
8921
8248
8470
8307
9361
8168
8091
8780
8237
8403
8534
8181
8288
8059
8556
8467
9055
8028
8249
8232
8556
8903
8297
8712
8867
8095
7789
9461
8069
8346
7713
9189
8523
8261
7627
8397
8678
8456
7867
7867
8450
8647
8487
8986
9667
8149
8120
8044
8464
7704
8725
8717
8563
8906
8266
8875
8733
8721
7810
8222
8767
9036
9177
8292
7862
7639
7873
8504
8252
7827
8507
8262
8334
8524
8242
8642
8941
8058
8638
8381
8857
8034
8335
8562
7723
8002
8764
8372
8783
7803
7631
8519
8693
8578
8151
8987
8852
8440
7939
8479
9079
8638
7733
8988
8046
9077
7768
8607
8370
8379
8347
8339
7959
8279
8202
8756
8022
8242
8859
8341
9104
8119
8243
8715
8231
8500
7499
8626
8678
8081
8448
7630
7871
8940
7909
8079
8849
8594
8983
9015
8015
9196
7634
8458
7803
8188
7728
8457
8269
8507
8553
8381
8365
8404
8141
8058
8809
8417
8661
9047
8775
7879
8281
7811
9086
8231
8040
8408
8954
9033
8565
8422
7559
8431
8008
8305
8079
8430
8309
8521
7849
8413
8198
8484
8883
8042
8097
8574
8234
9029
8056
7938
7727
7860
7946
8142
8857
7984
8557
9350
7942
8123
8074
8511
8761
8271
8886
8198
8758
7620
8510
8461
8122
9221
8804
8529
8435
8237
8810
8515
8053
8151
8778
8198
7705
8880
8437
8636
8054
8133
8373
8407
8093
7967
8257
8678
8114
9555
8083
8144
8453
8800
8102
8432
8905
8644
8790
8173
8680
8666
8613
8765
9135
8170
8656
8358
8894
8299
9162
8327
8257
8015
8062
7586
9101
8333
8557
8002
8210
8854
8123
8056
8509
8298
7596
8785
8141
8488
8398
8320
8540
9323
8302
8466
8165
9172
8633
8294
9177
7909
8773
8436
8691
8638
8741
8900
7859
8463
7825
8183
8263
7790
8157
8964
8509
8553
8733
8440
9026
8245
9097
8326
8094
9266
8673
8280
8519
8281
7614
8751
8460
9011
9208
8553
8514
8701
7986
9497
9015
8331
8581
8310
8920
8338
8922
8340
8325
8249
8761
8135
8699
8409
9044
8534
8869
8260
8285
8566
9303
8582
8193
8919
8949
8026
8672
8601
8219
8503
8476
9017
7519
8821
7930
9135
8290
8796
8874
7176
8611
8182
8740
8643
8507
8531
8512
9072
8252
8692
8206
8625
7976
9008
8437
8099
9121
8448
8740
9016
8586
9307
8291
8484
7988
8380
9019
8933
8748
8469
8106
8215
8212
8197
8036
8349
8551
8427
8180
8543
9206
8200
9166
8133
8406
8669
8941
8231
8466
8448
8618
8728
9140
8925
7760
8747
8685
9004
8480
8508
7921
7886
8105
8941
8349
7981
8237
8603
8774
8122
8475
8344
8587
8644
8493
8264
8028
8720
9060
8369
8711
9199
8395
9060
8186
8766
8241
8801
8085
8836
8866
8164
8361
8821
9045
8604
7771
8224
8775
8176
7748
8825
8314
9243
9308
8477
8608
7900
8543
9201
9160
8548
8392
8738
8340
8675
8992
8305
7812
8345
8304
8030
8711
8070
8601
8789
8630
7888
8240
8633
8593
8212
8773
7961
9178
7981
8433
8601
8140
8530
8804
8532
9413
8285
9191
8498
8674
8825
8040
8623
8820
9307
8359
9239
8015
9374
8856
9044
9041
8307
8205
8317
8734
8879
8931
8655
8373
8583
8749
8866
8419
8344
9254
8934
9021
8650
8543
8495
8560
8536
8004
8789
8219
9627
8408
8961
8392
9009
8877
8278
8932
9430
8841
9095
9376
8921
7782
8845
9367
8768
8553
9364
8752
8806
8612
8489
8516
8111
8675
9050
8421
8965
8727
8385
8411
8621
8866
8202
8579
8465
9265
8838
8644
8764
8355
8954
8716
8475
8998
8320
9194
9051
8734
8747
8658
8268
9142
7945
8872
8494
9406
9485
8051
8676
8696
8971
8892
8868
8905
8546
8230
8757
9297
8370
8602
8570
8489
8216
8685
8592
8851
9143
8478
9139
8660
8664
8632
8908
8820
8957
8808
8976
9043
8982
8615
8127
8383
8248
9257
8714
8749
7851
8194
8493
9377
8898
8779
8704
8571
7930
8168
8616
9118
9234
8151
9128
8450
8308
8694
8440
8887
8220
8928
8710
8799
8724
8715
8487
8308
8290
9139
8459
8709
8446
9057
9067
8610
9217
9320
8366
8772
8913
9460
9656
8833
8768
8774
8451
8643
8507
8675
8793
9335
9658
8762
8820
8353
9475
8653
8658
9084
9253
8591
9112
8282
9013
8571
8976
8153
9311
8862
8683
8477
8979
8401
8585
8875
8747
9188
8828
8602
8115
9309
9461
9053
8961
8464
8620
9191
8296
8610
8450
9297
9035
9499
9300
8600
9591
9283
8808
8550
9295
9062
9121
8733
8884
8799
8600
8778
8046
8527
8815
8605
8976
9173
8845
8812
9073
8373
9036
9141
9111
9298
9398
8609
9022
8704
8504
8891
9045
9147
9023
8357
9444
8674
9046
8628
8137
9173
8523
8674
8581
9050
9130
8648
8988
9467
8985
9124
8758
8572
9349
9290
9740
9152
9099
8651
9233
9428
8869
8765
8888
8956
8753
9077
8998
8985
8692
9160
9366
8999
9029
8220
8261
8301
8772
8584
8245
8780
9102
8871
9088
8777
8657
9319
8910
9520
8733
9404
8971
9271
8967
8585
9505
8777
8617
8807
9483
8816
8610
9366
9000
8872
9049
8844
8858
8252
9324
8481
8669
8909
8736
9108
8804
9173
9050
8974
9180
9032
9042
8712
9193
9380
9075
8663
8588
8525
8636
8556
9236
9120
9332
8336
9414
8875
9098
9041
9076
9088
9135
9023
9698
8965
9089
8980
8449
9300
8963
8747
8637
9058
8570
9811
8921
8470
8872
9183
9059
9097
8978
8888
8795
8712
9251
9229
8547
8570
8857
9034
8685
9594
9268
8449
8675
8580
9112
9164
8436
8673
9210
9571
7906
9286
8828
9451
9230
9402
9285
9399
8856
9284
8763
9103
8957
8794
9226
8637
10107
9003
9026
9321
9050
9416
9320
9093
8954
9282
9118
8562
9576
9139
8821
9805
9254
8798
9177
8306
8826
8613
9096
9066
8862
9198
9207
9605
9549
8601
9128
8807
8808
9538
9012
9428
9475
9534
9454
8520
9197
9314
8873
8899
9714
9363
8714
8882
9402
8677
9226
9340
9077
8871
9165
9244
8791
9908
8912
8738
8715
8676
9346
9419
8902
9540
9744
8902
9742
9328
8782
9289
9256
9216
9071
9770
9104
8902
9398
9792
10052
8940
9426
9286
9853
8809
9248
9441
9710
9592
9926
9442
8794
8930
8994
8860
9669
9624
8612
9510
9238
9435
10060
9620
9246
9292
9399
8878
9476
9042
9456
9261
9341
8196
8802
9347
9547
9199
8889
9627
9320
9312
9273
9046
9132
8509
9167
9391
9774
9118
9756
9059
9248
9721
8910
9338
9236
9304
9655
9239
9258
9044
10196
9236
8901
8982
9787
9625
9359
9305
9016
9153
9235
9352
8445
9204
8368
9412
9008
9270
9886
9046
9807
9133
9839
9110
9578
10111
9211
9044
9531
9811
9237
9293
9757
9709
9136
10043
8866
8728
9053
9138
8875
9992
9222
9456
9265
9229
9178
8736
9092
9728
9916
8760
9945
8843
9222
9558
9140
10015
9825
9442
9750
9575
9280
9780
9339
9455
9742
9800
9157
9656
9071
9364
9985
8753
9579
9620
10005
9910
10039
9762
8723
9064
9598
9288
10107
9314
9597
9869
9239
9266
9288
9545
9786
9354
9492
9981
9571
9021
9565
9424
10300
9771
9598
9928
8894
10281
9075
10000
9505
9133
9861
10151
10004
8765
9368
9827
9420
9672
9350
9357
9618
8971
9990
9323
10405
9498
9162
9800
8746
9128
9368
9612
9253
10454
9526
9890
9581
9826
10123
9841
9850
9574
8657
9213
9851
9603
9735
9697
9949
9409
9130
10099
10091
9432
9634
9095
9704
9417
10065
9265
9769
9073
9537
9853
9825
9757
9530
10054
9771
9741
9139
9464
9165
9487
9507
9105
10144
10300
9687
9026
9289
9640
9879
9949
9707
9048
9782
9778
9612
10151
9797
9840
9319
9899
9643
10174
9316
9996
9170
9909
9610
9354
9405
9833
10024
9620
9322
10379
10148
9273
10296
9645
9486
9885
10013
9671
9982
9756
9728
10283
9805
9817
9948
9528
9804
10369
10436
9674
10071
10240
9756
10666
10023
10227
9385
10630
10192
10757
9605
10016
9949
10878
10220
9890
10637
10050
9396
9858
10379
9607
10649
9732
9781
9830
10301
11416
9907
10334
9573
10282
10284
10130
9494
10132
10393
10101
9879
9441
10080
9807
9714
9900
10355
10698
10188
10086
10360
10171
10926
9874
10824
9552
10514
10122
10144
10471
10224
10584
9391
10212
9529
10371
10399
10780
10013
10694
10947
10589
10134
9973
10298
9771
10543
10289
9856
10107
9905
10187
11432
10015
10541
9905
10292
9844
10898
10813
10648
10186
10290
11600
10404
10368
10411
9756
10316
10134
10043
10607
9860
10837
10370
10734
11086
10945
10784
10803
10616
10689
10265
10706
10742
10343
10146
10620
10001
10385
10708
10747
9988
10144
10805
10847
11455
11306
10158
10916
10295
10744
10597
10127
10517
10836
10278
10747
10372
10091
10856
10784
10559
10450
11214
11221
11322
11393
10536
10678
10962
10885
10822
11085
10528
11537
11055
11154
10486
10234
11037
11710
10804
10951
11154
11195
11129
10979
11014
10498
10631
11386
11233
11394
11825
11040
11284
11369
11179
10803
11054
10734
11483
11315
11612
11301
11620
10825
11067
10570
10823
10607
11263
10959
10591
11266
11469
11662
11628
11408
11354
11802
10634
10916
11589
10895
11340
11733
10710
12061
10702
10768
11350
11949
11053
11428
10924
11916
11460
11706
11990
11864
11661
12207
11549
11629
11419
11943
11659
12390
12026
11918
11809
11469
12202
11756
10935
11939
11732
12234
11668
11899
11832
11797
12240
11965
11816
12470
12395
12333
12408
12667
11991
12264
11658
12028
11801
11699
12685
12233
11732
11853
12744
12251
11425
12516
12065
12821
11595
12200
12436
12893
12446
12363
12343
12677
12770
11691
12454
12470
12507
11796
12667
12754
12633
12046
12449
12489
12741
12642
12971
13028
12266
12724
13702
12318
12884
13646
12360
12622
12987
12649
13320
12454
13048
13293
12582
12294
12785
12254
12422
13440
13281
13164
13693
13499
13240
13574
12712
12816
13220
13228
13970
13259
14033
13853
13905
12644
13924
13772
13283
14111
13800
13831
14443
14065
14013
13737
14160
14412
13849
14881
14365
13895
13483
14323
14348
13691
13654
14096
14157
15408
14810
14994
14915
14235
14528
13838
15097
14829
14800
14088
15017
14766
15595
14156
15117
15058
14632
14162
15059
15042
14572
14436
14314
14934
15505
14787
14989
15378
15460
15616
16065
15924
15049
16036
16032
15330
15765
16290
15830
16116
15972
15209
15138
15864
15722
16297
15829
15872
16438
16656
15863
15847
16430
16001
16089
16804
16502
16565
16004
17058
16538
17032
16648
17388
17338
16452
16868
17019
17074
17324
17092
17154
17615
17175
17813
17164
17342
17810
17709
17485
17688
17454
17811
18177
17557
18210
17973
17454
17998
17829
18372
18730
18489
17951
18788
18549
18253
18827
18496
18244
18607
18504
17752
19284
19401
18688
19214
19082
19266
19433
19534
19726
19536
20601
19577
19963
20292
19512
20580
19861
20850
19792
20397
19683
20055
21434
21499
20870
20987
20806
21328
21495
20666
21361
20747
21111
20714
20614
20788
21088
21240
21394
21237
21230
22043
22457
21798
21961
21897
22171
22525
22101
22528
22667
22366
23364
23406
22438
22320
22752
23398
22825
23086
23663
23234
23795
23702
23272
24014
22628
24008
23517
24181
24469
23939
24426
24916
24517
24850
24688
25027
24919
24930
26005
25904
25689
25770
25155
26493
26118
25974
26907
25766
26346
25928
26720
26714
26276
26624
27439
26946
27592
27379
27832
27525
27074
27866
27249
27356
27695
28213
28779
28910
28717
28349
28330
28686
29220
28322
28978
29440
29714
30556
30201
29188
29960
29816
30485
30370
29608
30505
30437
30158
30596
32005
31208
31860
31544
31722
31163
31700
32250
33062
31948
32727
32897
32819
32963
31928
32665
33561
33838
34060
34031
34948
34400
34056
34574
34304
34531
34793
35096
35114
35336
35414
34993
36190
36138
35670
35819
36569
36315
35737
36539
36789
37531
36805
37404
37777
38149
37454
38537
37597
38735
38584
38514
39738
39579
39658
39736
39506
40642
39829
40045
40320
40091
40324
40596
40906
40521
41421
41552
41216
40651
40859
41067
41885
42747
42471
42222
41988
42928
43344
43243
42772
43860
43858
43648
43264
44514
44552
45141
44181
44229
44505
45068
44674
45354
46104
45892
46362
47360
46356
47182
47496
47154
46756
47677
48244
48555
47812
47324
47826
47848
47183
48814
48140
49256
50120
49485
49290
49570
49988
50234
50184
50164
50772
50232
50634
51798
50796
52057
51553
51500
51635
52564
52159
52936
52304
52756
53425
53404
53284
53396
53392
54379
54040
53524
54090
54763
54925
54502
55652
55744
55690
55092
55500
56488
56500
56459
55956
57147
56296
56187
56980
57348
57207
57821
57094
57460
57629
59176
59028
58624
58391
59972
59420
59053
59296
59183
60170
59726
59784
60064
60123
60992
60772
60752
61098
61311
62365
61849
61972
61294
61915
61785
62120
62167
63536
62670
62779
62284
64568
62830
62364
62720
62934
63254
63264
62925
63071
63892
63697
63632
63616
64730
65122
65306
64704
64825
65272
64713
65397
65000
65535
65152
65535
65535
65535
65450
65098
65066
65332
65535
65535
65535
65535
65535
65535
65535
65535
65535
65535
65535
65535
65535
65535
65535
65535
65535
65535
65535
65535
65535
65535
65535
65535
65535
65535
65535
65535
65535
65535
65535
65535
65535
65535
65535
65535
65535
65535
65535
65535
65535
65535
65535
65535
65535
65535
65535
65535
65535
65535
65535
65535
65535
65535
65535
65535
65535
65535
65535
65535
65535
65535
65535
65535
65535
65535
65535
65535
65535
65535
65535
65535
65535
65535
65535
65535
65535
65535
65535
65535
65535
65535
65535
65535
65535
65535
65535
65535
65535
65535
65535
65535
65535
65535
65535
65535
65535
65535
65535
65535
65535
65535
65535
65535
65535
65535
65535
65535
65535
65535
65535
65535
65535
65535
65535
65535
65535
65535
65535
65535
65535
65535
65535
65535
65535
65535
65535
65535
65535
65535
65535
65535
65535
65535
65535
65535
65535
65535
65535
65535
65535
65535
65535
65535
65535
65535
65535
65535
65535
65535
65535
65535
65535
65535
65535
65535
65535
65535
65535
65535
65535
65535
65535
65535
65535
65535
65535
65535
65535
65535
65535
65535
65535
65535
65535
65535
65535
65535
65535
65535
65535
65535
65535
65535
65535
65535
65535
65535
65535
65535
65535
65535
65535
65535
65535
65535
65535
65535
65535
65535
65535
65535
65535
65535
65535
65535
65535
65535
65535
65535
65535
65535
65535
65535
65535
65535
65535
65535
65535
65535
65535
65535
65535
65535
65535
65535
65535
65535
65535
65535
65535
65535
65535
65535
65535
65535
65535
65535
65535
65535
65535
65535
65535
65535
65535
65535
65535
65535
65535
65535
65535
65535
65535
65535
65535
65535
65535
65535
65535
65535
65535
65535
65535
65535
65535
65535
65535
65535
65535
65535
65535
65535
65535
65535
65535
65535
65535
65535
65535
65535
65535
65535
65535
65535
65535
65535
65535
65535
65535
65535
65535
65535
65535
65535
65535
65535
65535
65535
65535
65535
65535
65535
65535
65535
65535
65535
65535
65535
65535
65535
65535
65535
65535
65535
65535
65535
65535
65535
65535
65535
65535
65535
65229
64746
64840
64948
64292
64056
64600
64164
64868
64538
64730
64896
65028
64034
63720
64108
62848
63828
63358
63140
63450
63002
64436
62914
63044
63508
62016
60868
61952
61067
61508
61671
61636
60228
60898
59573
60308
60452
60133
60334
59154
60311
60161
59719
59765
58684
58668
59620
58698
57882
58797
58102
58074
57227
57513
57515
57007
56781
56596
57332
56617
56852
56520
55012
56540
56246
54772
54964
54668
54668
54905
54080
53648
53260
53965
53656
53770
54173
52646
52808
52602
53039
52937
51720
52357
52337
52248
52029
51364
52368
51540
51824
50820
50159
49780
49632
50173
49844
49557
49520
47648
48848
49360
49220
47609
48226
48388
48018
47915
47024
47380
46232
46822
46500
45250
45890
44778
45154
45595
45616
44640
45292
44742
44164
44828
44404
44674
44660
43572
43895
42620
41124
39853
40172
40246
40448
40403
41153
41044
41104
41959
40790
40904
41289
40729
41152
40341
39450
39169
38789
39478
39040
38836
39044
38304
38884
37730
38185
37188
37753
37014
36484
36656
37239
36544
36773
35588
36285
35217
36344
35373
35392
34671
34030
33848
34734
33341
34007
33849
32453
32761
33270
32733
32443
31677
32202
31917
32164
32178
30877
31049
32019
31947
30395
30538
31026
30516
30213
29391
28731
29163
30197
28882
27920
29589
29077
28694
27786
27934
28872
27529
27559
27065
27247
26645
27213
27071
26570
25984
26240
25967
25323
25332
25515
25457
25715
25002
25343
24078
24166
24170
24113
24440
24431
24037
24698
22763
22811
23176
22637
22363
22841
22468
22744
22392
22372
22340
21405
21780
22283
20923
20914
21708
21358
20250
21617
20544
20861
20351
20362
20355
20036
19022
19160
19819
19701
19062
18600
19556
19135
19501
19059
18316
18706
18125
17675
17433
17856
18937
17933
18390
17253
17141
17469
16845
17012
17053
16923
17035
16835
16898
16260
17216
16649
16373
17518
15819
16231
15990
15180
15630
15606
14848
15604
15230
15195
15178
15966
16285
14907
14691
14626
15437
15135
14660
14199
14956
14034
13642
13965
14418
14772
14546
14362
13975
14077
14300
13239
14426
13624
13780
13326
13823
12958
13764
13400
12972
13720
12909
13889
13209
13448
12319
14003
12954
13440
12101
12314
13616
13326
12159
12955
11586
13093
12267
13338
12713
13053
12398
12766
12118
11620
12391
12112
11913
11161
11928
12800
12313
12212
11862
11670
11685
11866
12739
10935
11889
11614
11812
10619
11588
11442
11682
11008
11338
11030
11729
11106
11552
11496
11622
11343
11353
