8126
8056
7334
7650
7553
9039
7144
7582
7773
7096
7625
6928
7165
7202
6708
8296
8051
7153
8036
8059
6808
7162
6667
7650
7812
7480
7819
7233
7118
7764
7736
7017
6859
7121
7194
7540
6861
7715
7373
8005
7450
7399
7351
7405
7702
6776
8135
7131
8058
7867
8640
8158
8305
7122
7362
7343
7326
6893
7296
7687
7182
7051
8065
8010
7403
7311
7442
6682
8097
7725
7472
6716
7288
7613
7654
7655
7397
7623
7571
7016
7965
7334
7827
7387
7599
7858
7358
6762
7935
7692
7697
8081
7918
7404
7077
7808
7328
8313
8393
7444
7917
7030
8004
7255
7917
7737
6968
8069
6953
7333
7834
7162
8427
7670
7709
7174
7161
7970
8100
7882
7553
7281
7290
7768
7611
8010
8199
7585
6941
7748
7364
7148
7763
7425
7615
7370
8157
8182
7867
7237
7884
7700
7036
7552
8046
7636
7768
7842
7480
7536
8137
7650
7915
7650
7072
7652
8043
7881
8080
7581
8724
7496
7576
7444
7433
7838
8036
7351
8039
7097
7598
7700
7796
7184
7570
7179
7850
8043
7860
7626
7621
8437
7934
7630
7784
8414
7874
7522
8426
8137
8358
7622
8065
7789
7482
7903
7607
7951
7788
8421
7054
7055
8189
7460
7391
7558
7959
7749
8035
7536
7896
7723
8231
7537
7235
6898
7772
7665
7968
7791
8221
7862
7924
7365
8332
8046
7690
7776
7303
8227
7273
7405
7965
8034
7356
7675
7605
7574
7922
7848
8476
7784
7375
7794
8052
7957
8087
8062
7671
8458
7208
8261
7896
8067
7723
7650
7366
7475
8299
7441
7530
8184
7452
8234
7220
8261
7494
7650
7945
8712
8425
7931
8281
8040
7260
7888
8311
7467
7242
8185
7995
7604
8372
7380
7901
7324
7802
8301
8263
8074
7684
7506
8053
8076
8677
7683
8090
7908
7486
7867
8168
8228
7224
7627
7562
7997
7696
7993
7867
8082
7767
8879
8467
8005
7525
8048
8392
8183
8304
7576
8607
6878
7788
7981
7608
7573
8638
8098
8133
8352
7975
7587
7316
7634
7595
8499
8158
7915
7817
7538
8396
7977
8239
7275
7808
8019
8063
8240
8254
8430
8175
8260
8132
7765
8369
7995
7986
8542
7560
8378
7460
8238
8345
6976
8228
7707
7850
7611
8286
7760
7519
7329
8407
8069
7690
7608
7845
7486
7693
7865
7187
8193
7090
8174
7676
7989
8331
7416
8361
7799
8188
8613
7282
7943
8272
7582
8212
7641
7974
7784
8205
8402
7672
8111
8407
7989
8107
8401
7894
8019
8463
7808
8357
8407
7820
8512
7932
8088
8023
8079
8180
8188
8287
8496
8242
7771
8077
7100
7921
8205
7818
8104
7969
7894
7962
8069
8187
7938
8083
7794
7880
8116
7848
7321
8032
8330
7789
8270
7831
8398
7974
8122
8146
8235
8016
8636
7786
7716
8482
7756
7725
8215
8089
8168
8022
8847
7866
8193
7766
8418
8411
8483
7813
8458
8934
8284
8751
7752
8358
7496
7848
7476
8175
8758
8556
7683
8763
8006
7892
8262
8047
7833
7814
7677
8146
8323
9426
8645
7921
7795
8496
8623
7993
8111
8798
8158
8630
7636
7952
7636
8213
8098
8339
8762
8134
8404
8528
8388
7534
8188
8972
8400
8301
8044
7726
8624
8213
8706
8340
8612
8331
8148
8509
8527
8262
8574
8019
8760
7854
8859
8202
8580
8383
8344
8720
7647
8663
7692
7755
8113
8403
9320
8285
8365
8620
8273
8828
8431
8292
9094
7938
8235
8267
8617
8315
8646
8679
7775
8491
7840
7916
7866
8098
7906
7584
8378
8384
8463
7758
8599
8432
8264
8409
7649
7597
8549
8365
8904
8427
8523
8357
8380
8088
7703
7707
7682
8506
7750
7981
8249
7965
7736
8179
9037
8163
8603
7831
8328
8362
8110
7950
7917
8572
8076
8173
8377
7990
8689
7990
8539
7876
8249
8875
7992
7841
8326
7404
8467
8679
8655
8256
8031
8295
8505
8960
7252
8030
8348
8285
8722
7977
8310
8076
8886
8984
9246
8995
8020
8142
8001
8641
7813
7999
8441
8107
7695
8735
8406
8268
8513
8402
8104
8671
8580
8215
8052
8278
8379
8601
8012
8512
8089
8454
8907
8808
7835
8470
8186
7832
9744
8445
8008
7632
8107
8040
8550
8774
7691
8510
8888
8523
8345
8396
8371
8224
8346
8375
8552
8527
8069
8794
8945
8029
7816
8054
7748
8451
8744
8253
8740
7741
8102
8249
8697
8553
7977
7686
8643
8456
8857
8500
8237
9026
8505
9474
8221
8471
7760
8900
7803
8630
8697
8487
7854
8536
8457
8864
8352
8468
8872
8311
8393
7555
8458
8228
8481
8083
7457
8396
8230
8887
8498
8510
8853
8484
8047
8577
8462
8659
9329
8696
8057
8381
8558
7993
8641
8138
8860
7907
8361
8285
8481
7962
8193
8410
8289
8458
8251
9008
8449
8509
8861
8799
9232
8628
9084
8068
8335
7837
8535
8149
8731
8182
8950
8098
8493
8468
8274
8426
7446
8587
8776
8043
8532
8530
9037
8418
8278
8433
9264
8369
8166
8754
8363
8514
8796
8291
8210
8095
8512
8669
9288
8247
8354
8372
8625
9013
8162
8622
8762
8218
7952
9229
8142
8264
7560
9084
8383
8259
7797
8285
8915
8574
7846
8202
8449
8975
8365
9099
9622
8171
8161
7997
8495
7840
8914
8585
8524
9069
8265
8862
8803
9010
7838
8219
8913
8966
9274
8450
8020
7774
8057
8615
8357
7593
8478
8289
8436
8464
8335
8766
8920
8047
8513
8132
8863
8069
8290
8455
7885
8206
9012
8455
8648
8101
7364
8350
8840
8761
7980
8864
8716
8374
8077
8468
9280
8564
7717
9064
8078
9067
7960
8748
8304
8603
8273
8346
8195
8180
8322
8690
8137
8427
8877
8518
9050
8429
8084
8650
8340
8453
7589
8660
8428
8170
8558
7800
8249
8758
7896
8252
8842
8507
8866
8972
8098
9130
7755
8387
8002
8332
7778
8591
8366
8816
8605
8526
8139
8624
8115
8029
8932
8628
8575
9210
9076
7901
8474
7951
9178
8200
8031
8571
8924
9016
8835
8389
7665
8540
8106
8424
8081
8344
8442
8764
8188
8310
8157
8616
8814
8172
8350
8770
8342
9032
8008
8074
7728
7962
8038
7981
8765
8096
8715
9391
7860
8126
7924
8497
8881
8278
9005
7943
9040
7655
8668
8419
8021
9268
8905
8617
8489
8267
8941
8713
7969
8154
8864
8373
8010
8736
8543
8444
8145
8303
8389
8409
8460
7710
8563
8731
8136
9317
8130
8201
8739
8889
7982
8432
8800
8683
8843
8300
8532
8856
8734
8945
9280
8480
8524
8348
9036
8079
9067
8552
8082
8163
7966
7795
8875
8507
8547
7913
8424
8643
8278
8200
8321
8424
8032
8712
8291
8500
8539
8382
8521
9582
8271
8501
8207
9106
8562
8486
8953
8090
8823
8588
8818
8433
8403
8759
7589
8604
7701
8144
8524
7721
8020
9009
8715
8561
8747
8408
9086
8228
9261
8141
8440
9502
8637
8167
8697
8158
7852
8983
8438
8818
9058
8861
8586
8611
8240
9391
9119
8365
8606
8482
8850
8488
8928
8358
8334
8290
8794
8103
8958
8310
8950
8263
8898
8116
8302
8728
9476
8888
8282
8821
9001
7992
8623
8759
8240
8484
8436
8725
7600
8914
8258
9206
8313
8650
8821
7517
8810
8429
8906
8768
8517
8477
8486
8989
8484
8662
8537
8608
8222
9130
8580
8387
9156
8392
8945
9103
8569
9304
8221
8756
7910
8442
9301
8873
9010
8617
8137
8430
8384
8106
8062
8597
8642
8779
8361
8271
9326
8308
9404
8244
8553
8597
8812
8328
8367
8682
8494
8646
9201
8813
7938
8778
8841
9163
8452
8484
8080
7862
8532
8684
8317
8165
8129
8682
8999
8338
8528
8473
8691
8668
8390
8394
8021
8642
9064
8500
8882
9113
8436
8989
8189
8822
8310
8879
8348
8829
8900
8138
8685
8865
8954
8648
8120
8192
8853
8135
7692
8981
8173
9198
9375
8485
8793
7869
8519
9305
9247
8656
8471
8721
8500
8841
8722
8775
7948
8390
8468
8283
8649
8230
8886
8870
8496
7957
8133
8505
8453
8435
8909
8266
9048
8111
8336
8644
8090
8615
8636
8549
9178
8417
9245
8632
8825
8752
8201
8851
8911
9227
8455
9018
8220
9246
8696
9060
8947
8348
8321
8610
8874
8860
8858
8915
8090
8637
8773
8865
8356
8737
9323
8650
9080
9082
8538
8399
8598
8770
7997
8745
8300
9518
8491
8819
8680
8861
9020
8474
8781
9348
8976
8996
9305
9026
7693
8796
9388
8975
8505
9493
8751
9023
8585
8572
8531
8264
8776
9287
8378
8934
9203
8754
8537
8726
8856
8303
8772
8515
9138
9146
8758
8580
8510
9053
8717
8674
9060
8629
8893
8917
8836
8862
8436
8004
9278
7908
9168
8486
9532
9608
8348
8682
8801
9084
8946
8940
9114
8386
8353
8654
9332
8393
8621
8589
8484
8345
8832
8750
8884
8822
8232
9175
8846
8970
8510
8890
8838
8994
8881
8967
9124
9384
8835
8104
8523
8330
9343
8905
8977
7780
8256
8762
9292
9061
8720
8689
8761
7626
8167
8665
9308
9122
8601
9070
8895
8591
8878
8696
8900
8448
8905
8606
8869
8701
8701
8466
8373
8321
9204
8440
8783
8603
9165
9012
8978
9141
9473
8384
8937
9173
9197
9472
9076
8920
8910
8399
8823
8553
8749
9080
9413
9509
8913
8988
8512
9802
8712
8691
9176
9458
8532
9108
8236
9050
8513
9222
8490
9555
9170
8744
8316
9141
8490
8643
8672
8648
9126
8974
8599
8537
9467
9842
9074
9133
8733
8869
9122
8360
8862
8488
9579
9344
9720
9550
8587
9628
9620
9167
8762
9132
8940
9051
8934
8632
9054
8661
8829
8283
8640
8926
8847
9206
9425
8938
8839
9106
8666
9053
9200
9131
9495
9305
8728
9327
8843
8620
8919
9201
9290
8984
8397
9492
8781
9344
8448
8131
9328
8475
8760
8567
9307
9332
8896
9318
9644
9018
9322
8594
8572
9289
9183
9814
9414
9141
9034
9218
9298
8836
8627
9023
9002
8808
9114
9185
8756
8885
8927
9319
9200
9090
8363
8246
8591
8948
8797
8384
8767
9205
8792
8949
8776
8722
9132
9097
9494
9173
9561
8977
9248
9134
8721
9527
8993
8941
8853
9397
8812
8648
9446
9242
9353
9143
8900
9244
8334
9468
8954
8975
9061
8783
9189
8922
9192
9302
9167
8878
9182
8991
8621
9106
9452
9118
8840
8767
8545
8809
8598
9338
8920
9275
8451
9489
8902
9124
9142
9193
9220
9387
8980
9812
9163
8985
9124
8648
9406
9093
9160
8725
9067
8772
10032
8868
8518
9009
9023
9300
9199
9084
9142
8981
8790
9293
9417
8651
8456
9156
8970
8925
9776
9240
8524
8596
8873
9214
9376
8313
8539
9265
9678
8115
9590
8818
9554
9273
9625
9262
9612
9063
9540
8962
9182
9238
8804
9101
8614
10381
9160
9117
9341
9073
9569
9161
9111
9219
9617
9149
8883
9387
9546
8849
9872
9113
9046
9062
8600
8750
8826
9330
9262
9164
9203
9733
9646
9617
8566
9350
8978
8643
9830
8979
9310
9241
9585
9338
8795
9138
9405
9064
9111
9628
9396
8938
9017
9539
8747
9509
9149
9073
9010
9412
9280
9144
9892
8936
9139
8936
8913
9501
9969
9198
9608
9879
9107
9929
9210
8949
9504
9281
9049
9295
9708
9250
8825
9387
9810
9928
9238
9467
9679
10038
8762
9309
9612
9798
9817
10084
9595
8954
8786
9105
8971
9713
9676
8696
9574
9210
9701
9922
9323
9641
9604
9530
9028
9691
8986
9551
9327
9419
8293
8957
9637
9641
9552
9204
9760
9271
9347
9508
9391
9237
8614
9208
9517
9829
9222
9797
9030
9416
9565
9175
9542
9254
9398
10021
9601
9580
9063
10451
9336
8987
9368
10026
9857
9584
9142
9416
9592
9432
9502
8517
9246
8363
9252
9069
9194
9860
9137
9907
9526
9804
9096
9782
10237
9564
9111
9376
9784
9771
9595
9828
9846
8978
10230
9169
8837
9223
9327
9244
9933
9420
9308
9198
9313
9258
9204
9368
9939
10425
8768
10123
9055
9268
9480
9373
9789
9978
9311
9932
9656
9305
9965
9510
9673
9945
9832
9492
9950
9371
9488
10106
8786
9990
9839
10140
10159
10100
10100
8941
9101
9808
9591
10230
9565
9955
10061
9483
9385
9310
9615
9901
9534
9726
9924
9306
9063
9538
9669
10440
9829
9688
10263
9060
10414
9428
10195
9658
9243
10180
10324
9929
8871
9269
9915
9709
9747
9200
9523
9973
9229
10322
9457
10294
9935
9291
9737
9018
9385
9751
9640
8956
10570
9558
9994
9807
10053
10173
9875
9844
9906
9103
9615
10191
9927
10039
9545
10169
9532
9563
10150
10418
9812
9776
9323
9852
9419
9857
9682
10090
9351
9915
10063
9880
10011
9842
10088
9907
9763
9122
9680
9156
9865
9469
9218
10526
10280
9836
9369
9556
9717
9794
10192
10135
9140
10114
9993
9862
10338
9932
10152
9462
9650
9707
10646
9604
10128
9410
10154
9760
9532
9571
9919
10199
9874
9499
10546
10499
9315
10437
9671
9753
10296
10175
9977
10255
9888
9992
10594
9952
10025
10255
9769
9859
10468
10799
10169
10212
10328
9817
10741
10258
10390
9944
10984
10492
10829
9936
10309
10141
10954
10587
10341
10709
10247
9695
10100
10715
9810
10860
9805
10183
10218
10734
11464
10189
10496
9787
10459
10359
10264
9829
10376
10509
10159
10000
10140
10222
9831
9868
10133
10805
10579
10182
9999
10507
10550
11201
10101
10786
9839
10776
10413
10252
10803
10061
10590
9707
10504
9692
10641
10715
10918
10139
10573
10715
10662
10333
10417
10502
10092
10695
10891
9946
10320
10084
10687
11381
10340
10440
10200
10559
9871
11409
11009
10802
10064
10381
11927
10551
10618
10625
9865
10596
10438
10206
10841
10299
10854
10781
11065
11188
10932
11065
10978
10516
11116
10304
10742
10928
10630
10348
10745
10132
10534
10984
10868
10453
10423
11230
11008
11564
11356
10417
11004
10515
10981
10795
10674
10688
11141
10518
11253
10276
10108
10922
11005
10896
10667
11782
11472
11553
11730
10488
10939
11198
11204
11184
11339
10767
11538
11274
11748
10692
10542
11409
11830
11105
11171
11342
11663
11706
11288
11390
10760
11106
11685
11702
11490
12004
11341
11581
11729
11401
11085
11495
11047
11570
11570
11968
11548
11684
10975
11571
10978
11072
10918
11694
11439
11134
11627
11378
12075
11830
11769
11607
12298
10939
11170
11764
11394
11400
12154
11140
12484
11334
11406
11521
12378
11558
11748
11231
12232
11972
11999
12122
12377
11998
12382
11792
12122
12083
12175
12245
12814
12392
12373
11919
12079
12315
12249
11198
12032
12043
12536
12053
12262
11971
12101
12538
12375
12174
13104
12501
12655
12578
13012
12641
12749
11915
12264
12329
12396
13303
12696
12294
12331
13172
12764
12103
13247
12489
12930
11929
12504
12894
12919
12800
12626
12614
12801
13159
11992
12605
12783
12601
12430
12965
12928
12912
12561
13093
13046
13045
13156
13356
13532
12727
13101
14270
12914
13394
13935
12868
12968
13585
13087
13833
12828
13662
13528
12914
12621
12995
12481
13258
14124
13931
13732
14214
13571
13556
14055
13288
13247
13900
13469
14245
13760
14616
14250
14100
12986
14489
14353
14032
14498
14162
14481
14551
14577
14519
14261
14662
14809
14326
15459
14998
14184
14035
14867
15096
14522
14270
14489
14796
15773
15482
15607
15645
15089
15251
14329
15915
15419
15496
14478
15418
15229
16073
14778
15453
15428
15225
14915
15629
15833
14901
15043
14828
15853
15492
15588
15693
15744
16179
16394
16710
16666
15618
16240
16480
15880
16491
17049
16262
17017
16464
16356
15403
16409
16230
16882
16647
16504
17102
17332
16449
16693
16837
16763
16909
17700
16845
17098
17002
17566
17245
17558
17378
18176
18148
17440
17648
17764
17538
17830
17725
17784
18484
18252
18436
17972
18036
18525
18372
18177
18531
18349
18458
18838
18534
19125
18810
18260
18688
18759
19153
19445
18907
18526
19704
19652
19414
19440
19572
19172
19466
19520
18693
20054
20518
19563
20183
19977
20382
20342
20414
20677
20288
21507
20557
20602
21088
20577
21373
20677
21524
20930
21693
21036
20987
22308
22134
21829
21930
21733
22026
22608
21899
22409
22003
22312
21738
21685
21906
22313
22613
22628
22508
22268
23286
23533
23358
22784
22977
23492
23537
22836
23830
23867
23821
24529
24397
23524
23668
24010
24196
24289
24328
24926
24501
24569
24729
24106
24800
24171
25574
24855
25530
25821
25348
25684
26098
25708
26233
26359
26854
25949
26234
26938
27437
27116
26734
27124
27753
27124
27639
28267
27136
27366
27468
27988
28155
27757
27917
28761
28240
28967
28987
29073
29403
28526
29483
29228
29147
29692
29796
29908
30272
30328
29517
29960
30599
30405
30329
31097
31528
31241
31736
31938
31172
31168
31500
32138
32281
31248
32240
32590
31774
32437
33690
33236
33775
33448
33682
33192
33642
34336
34760
33828
35138
34818
34856
34874
34164
34718
35370
35926
35684
35892
37141
36588
35796
36525
36282
36782
37050
36550
37381
37565
37837
37259
38573
38509
38299
37909
38363
38352
37854
38810
38827
39674
39144
39365
40041
40734
39851
40870
40010
41366
41197
40940
41956
41802
41732
41696
42112
42934
42344
42304
42639
42785
42614
43689
43264
42689
43996
43898
44096
43623
43848
43189
44649
45060
45636
44997
44762
45445
46449
46046
46007
46208
47202
45691
46093
46970
47528
47637
47124
46778
47330
48277
47724
47997
49076
48754
49638
49690
49898
49785
50586
50043
49881
50607
51336
51496
50545
50522
51049
51328
50603
51866
51028
52421
52679
52803
52763
52942
53080
53336
53248
53547
54016
54170
53977
55016
53876
55332
54532
55306
54842
55424
54708
57220
56192
56412
56485
56474
56555
57291
56524
57988
57012
56933
57738
57876
58395
57978
58564
58712
58700
58554
59272
59669
59958
59392
59813
60470
60319
59172
60524
60484
60709
61296
60890
60576
61085
62761
62058
61997
61334
62580
63092
63067
62774
62489
63861
63325
63273
64233
63917
64682
64772
64184
64463
64843
65535
65158
65535
64996
65213
64986
65535
65535
65535
65535
65535
65535
65535
65535
65535
65535
65535
65535
65535
65535
65535
65535
65535
65535
65535
65535
65535
65535
65535
65535
65535
65535
65535
65535
65535
65535
65535
65535
65535
65535
65535
65535
65535
65535
65535
65535
65535
65535
65535
65535
65535
65535
65535
65535
65535
65535
65535
65535
65535
65535
65535
65535
65535
65535
65535
65535
65535
65535
65535
65535
65535
65535
65535
65535
65535
65535
65535
65535
65535
65535
65535
65535
65535
65535
65535
65535
65535
65535
65535
65535
65535
65535
65535
65535
65535
65535
65535
65535
65535
65535
65535
65535
65535
65535
65535
65535
65535
65535
65535
65535
65535
65535
65535
65535
65535
65535
65535
65535
65535
65535
65535
65535
65535
65535
65535
65535
65535
65535
65535
65535
65535
65535
65535
65535
65535
65535
65535
65535
65535
65535
65535
65535
65535
65535
65535
65535
65535
65535
65535
65535
65535
65535
65535
65535
65535
65535
65535
65535
65535
65535
65535
65535
65535
65535
65535
65535
65535
65535
65535
65535
65535
65535
65535
65535
65535
65535
65535
65535
65535
65535
65535
65535
65535
65535
65535
65535
65535
65535
65535
65535
65535
65535
65535
65535
65535
65535
65535
65535
65535
65535
65535
65535
65535
65535
65535
65535
65535
65535
65535
65535
65535
65535
65535
65535
65535
65535
65535
65535
65535
65535
65535
65535
65535
65535
65535
65535
65535
65535
65535
65535
65535
65535
65535
65535
65535
65535
65535
65535
65535
65535
65535
65535
65535
65535
65535
65535
65535
65535
65535
65535
65535
65535
65535
65535
65535
65535
65535
65535
65535
65535
65535
65535
65535
65535
65535
65535
65535
65535
65535
65535
65535
65535
65535
65535
65535
65535
65535
65535
65535
65535
65535
65535
65535
65535
65535
65535
65535
65535
65535
65535
65535
65535
65535
65535
65535
65535
65535
65535
65535
65535
65535
65535
65535
65535
65535
65535
65535
65535
65535
65535
65535
65535
65535
65535
65535
65535
65535
65535
65535
65535
65535
65535
65535
65535
65535
65535
65535
65535
65535
65535
65535
65535
65535
65535
65535
65535
65535
65535
65535
65535
65535
65535
65535
65535
65535
65535
65535
65535
65535
65535
65535
65535
65535
65535
65535
65535
65535
65535
65535
65535
65535
65535
65535
65535
65535
65535
65535
65535
65535
65535
65535
65535
65535
65535
65535
65535
65535
65535
65535
65535
65535
65535
65535
65535
65535
65535
65535
65535
65535
65535
65535
65535
65535
65535
65517
65462
65535
65024
63786
64111
63016
63972
64128
63638
63852
62941
63793
63420
63142
63162
62251
62356
63276
62344
61046
61858
61221
60944
61568
60624
61478
60594
60160
60085
60484
59492
60082
59648
59396
59396
59498
58202
58421
58826
58100
58506
58000
57316
57018
57222
57370
57402
57472
56002
56374
55890
55936
55465
54944
56318
55936
55360
55250
54784
55741
54746
54682
54095
53595
52776
52544
53065
52352
52170
53236
51483
51688
51869
52003
50898
51349
50762
50960
50816
50509
50464
49121
50020
49354
47990
48597
47364
48366
48008
48004
48093
47360
47904
47188
47721
47236
47770
46975
46941
46421
45580
43373
42460
42573
42636
42861
42954
43648
43242
43568
44484
44006
43220
43832
43380
43264
42888
41780
41400
41140
41839
40982
40815
41568
40841
40964
40241
40305
39911
39925
39264
39086
38779
39464
38912
38639
38356
37969
37997
38454
37225
37749
36826
36674
35645
37273
35501
35958
36081
34937
34920
35220
35162
34685
33412
33984
33694
33380
34134
32715
32701
34210
33289
32384
32187
32631
32250
31784
30976
30582
30967
31492
30285
29913
30867
30841
30109
29444
29248
30114
29100
29008
28311
28764
28104
28567
28300
27648
27640
27510
27501
26565
27046
27064
26558
26768
26486
26766
25236
25309
25202
25194
25277
26075
25510
25542
23931
24106
24442
23928
23702
24217
23608
24170
23286
23586
23618
22350
23024
23752
22060
22093
22831
22869
21525
22461
21430
21580
21477
21236
21742
20973
20313
20148
20864
20730
19920
19557
20509
19873
20100
20034
19758
19461
19268
18915
18536
18641
19584
18551
19150
18006
18258
18279
17340
17768
17866
17601
17885
17364
17957
17103
17694
17258
17116
17847
16604
16753
16633
16159
16180
16064
15474
16224
15763
16016
16062
16640
16657
15240
15194
15458
16277
15611
15326
14852
15402
15028
14107
14724
15211
15351
15202
14701
14821
14523
14777
13765
14936
14194
14539
13837
14386
13634
14010
13656
13492
14047
13238
14340
13709
13996
12832
14298
13252
14054
12325
12725
13729
13622
12320
13497
12105
13457
12854
13766
13257
13323
12501
13252
12438
12046
12616
12759
12347
11588
12417
13111
12901
12786
12269
12068
12022
12207
13108
11292
12274
11928
12093
10788
11756
11857
12280
11548
11492
11510
11744
11571
11889
11662
12084
11658
11520
