8048
8042
7360
7814
7387
9305
6914
7817
7913
7267
7955
7053
7523
7096
6886
8309
8097
7138
7931
8010
6807
7321
6890
7580
7971
7578
8027
7376
6961
7906
7844
7060
7064
7111
7115
7554
7078
7786
7553
7928
7416
7285
7216
7611
7809
6890
8072
7226
7946
8072
8738
8444
8471
7305
7336
7272
7342
6796
7483
7797
7254
7282
7948
8172
7243
7322
7441
6890
8019
8010
7488
6739
7457
7484
7556
7629
7508
7699
7403
7325
8175
7307
7628
7456
7558
7814
7565
6888
8049
7755
7608
7999
8013
7604
7253
7841
7424
8345
8543
7490
7948
7146
7942
7349
7727
7946
7147
8269
7099
7279
7848
7007
8580
7835
7655
7094
7306
8011
8053
7932
7787
7416
7325
8098
8038
8202
8426
7906
7115
7775
7452
7184
7709
7375
7718
7492
8416
8221
7631
7536
7924
7697
7169
7684
8029
7847
7767
7977
7434
7781
8317
7740
8194
7536
7110
7658
8079
7983
8089
7736
8626
7602
7783
7694
7306
8087
8285
7379
8177
7210
7588
7834
7848
7108
7614
7033
7819
7991
7980
8001
7743
8551
8106
7684
7860
8412
7786
7389
8528
8055
8256
7607
8100
7962
7543
8100
7727
7931
7831
8428
7194
7198
8151
7686
7412
7637
8109
7833
8260
7684
7869
7792
8489
8048
7381
7080
8156
7863
8141
7785
8331
7985
8196
7533
8450
8133
7750
8026
7405
8573
7360
7622
8008
8083
7306
7892
7766
7556
8097
8074
8546
7915
7427
7878
8133
7979
7962
8222
7701
8356
7332
8286
7941
8120
7864
7916
7531
7684
8265
7517
7628
8217
7653
8107
7529
7960
7736
7913
7994
8748
8465
8155
8398
8218
7384
7930
8333
7599
7427
8371
8038
7872
8211
7577
7994
7525
8040
8195
8273
7979
7810
7570
7993
8148
8730
7745
7999
7976
7384
8082
8187
8236
7383
7724
7407
8048
7783
8046
7975
8311
7879
9033
8471
8208
7469
8390
8588
8351
8382
7699
8565
7116
7996
8180
7642
7637
8576
8224
8114
8478
8000
7596
7595
7718
7700
8593
8242
8071
7942
7759
8507
8260
8288
7568
7934
7879
8275
8384
8323
8646
8152
8168
8220
7837
8413
8148
8043
8648
7814
8621
7378
8218
8177
7069
8290
7791
7931
7900
8494
8024
7654
7562
8423
8069
7955
7834
7867
7409
7739
8111
7292
8480
7294
8164
7949
8060
8458
7459
8228
7778
7983
8458
7385
8242
8496
7641
8269
7698
8022
7897
8396
8231
7756
8134
8600
8112
8119
8671
8118
8365
8783
7984
8438
8557
8023
8590
8182
8265
8214
8246
8061
8454
8154
8323
8280
7840
7988
7032
8145
8389
7744
8349
8159
8092
8009
8253
8446
8132
8168
7972
8096
8290
8217
7614
8385
8196
7925
8324
7912
8325
7800
8161
8002
8454
8200
8900
7920
7776
8634
8002
7875
8219
8286
8335
8129
8829
8082
8568
7760
8382
8392
8670
7853
8536
8949
8454
8613
7866
8493
7446
7697
7621
8468
8834
8476
7686
9055
8281
8136
8610
8180
8001
7817
7617
8194
8355
9368
8667
8189
7839
8550
8716
8076
8426
8808
8142
8788
7806
8076
7614
8181
8374
8413
8807
8249
8549
8942
8672
7573
8289
8992
8302
8359
7978
7720
8796
8302
8877
8484
8601
8492
8138
8474
8610
8317
8701
8067
8860
7891
8919
8302
8623
8433
8619
8591
7895
8685
7867
7768
8155
8487
9450
8429
8500
8864
8400
8864
8429
8393
9180
7922
8260
8471
8788
8287
8743
8763
7934
8620
8176
8173
8034
8416
8014
7592
8914
8612
8448
7886
8763
8517
8364
8645
7888
7566
8722
8557
9218
8584
8489
8448
8348
8240
7757
7772
7861
8648
8089
8294
8146
8262
7954
8595
9064
8560
8494
7830
8045
8322
8284
8122
8166
8782
8278
8328
8546
7944
9030
8301
8605
8021
8351
8893
8363
8063
8320
7548
8587
8688
8641
8641
8130
8528
8457
9066
7303
8243
8401
8404
8884
7982
8520
7969
8687
9101
9393
9146
8208
8278
8098
8898
8066
7983
8386
8533
8123
8876
8517
8404
8692
8616
8260
8652
8861
8509
8269
8319
8488
8606
8168
8616
8359
8266
8977
8585
8315
8410
8244
8144
9613
8682
8205
7687
8149
7987
8410
8716
7890
8538
8705
8559
8090
8594
8630
8477
8586
8352
8906
8835
8140
8937
9189
8198
7891
8073
7965
8561
8586
8430
8748
8210
8116
8106
8878
8698
8357
7774
8603
8724
8862
8701
8717
9111
8597
9361
8111
8512
7794
8909
7880
8869
8727
8731
7862
8513
8488
8908
8504
8574
8756
8509
8538
7429
8623
8576
8495
8095
7908
8418
8411
8919
8616
8577
8956
8562
8033
8627
8600
8665
9221
8931
7979
8415
8746
7808
8829
8194
8980
8164
8564
8334
8648
8377
8420
8565
8369
8715
8291
9045
8490
8502
9075
8949
8978
8567
9140
8336
8494
8044
8783
8376
8819
8404
9079
8110
8680
8630
8432
8681
7545
8823
8822
8057
8474
8471
9055
8496
8591
8579
9472
8422
8206
8990
8393
8854
8769
8402
8500
8159
8713
8683
9336
8156
8499
8427
8644
9024
8200
8786
8972
8154
8149
9282
8231
8352
7822
9305
8726
8347
7785
8443
8846
8762
8036
8260
8744
8953
8612
9425
9776
8366
8457
8333
8697
7924
9068
8633
8633
9030
8543
9049
9021
8963
7764
8458
9199
9291
9538
8445
8129
7802
8291
8537
8210
7965
8775
8622
8389
8811
8498
9055
8955
8152
8549
8442
8922
8143
8280
8546
8209
8303
8861
8603
8769
8116
7711
8599
9080
8669
8116
8988
8948
8842
8147
8244
9554
8675
7749
9097
8232
9225
7895
8963
8494
8773
8266
8376
8317
8320
8538
8922
8434
8543
9160
8591
9190
8268
8398
8860
8565
8220
7518
8883
8590
8374
8775
7803
8323
8899
8171
8439
8945
8639
8885
9085
8226
9195
7989
8546
8069
8462
7840
8704
8567
8886
8854
8457
8244
8544
8166
8124
8975
8812
8936
9276
8888
8137
8629
7978
9590
8302
8145
8644
9128
9082
8849
8385
7634
8410
8389
8180
8266
8556
8473
8667
8244
8553
8234
8790
8931
8246
8435
8748
8405
9279
8137
8180
7677
7968
8021
8199
9020
8018
8575
9695
8377
8177
8074
8736
8833
8398
9016
8176
8925
7578
8557
8696
8206
9249
8756
8525
8402
8346
8895
8694
8162
8349
8771
8565
8037
9081
8404
8633
8246
8212
8431
8387
8376
7882
8611
8783
8293
9493
8242
8442
8650
9075
8187
8454
8818
8726
9236
8014
8684
8756
8875
8970
9309
8581
8726
8536
9087
8424
9204
8417
8453
8123
8264
7736
9033
8656
8587
8157
8289
8811
8422
8332
8709
8564
8181
8907
8234
8614
8571
8777
8548
9448
8414
8781
8291
9092
8743
8513
9123
8026
8971
8648
8817
8868
8526
8768
7968
8636
7903
8247
8484
8033
8189
9111
8796
8859
8784
8982
9215
8383
9332
8674
8132
9415
8741
8439
8841
8194
7976
9024
8653
8914
9203
8704
8462
8860
8194
9552
8860
8486
8902
8672
8932
8561
9160
8522
8395
8501
8825
8359
8980
8406
8965
8673
8858
8329
8498
8808
9405
8868
8279
9071
9179
8211
8987
8987
8262
8589
8364
9139
7796
9247
8097
9288
8330
8967
8955
7687
9005
8412
8945
8712
8588
8565
8619
9147
8466
8913
8414
8913
8183
9108
8625
8395
9320
8449
8980
8964
8690
9373
8347
8820
8209
8591
9166
9151
8864
8572
8166
8173
8290
8138
8218
8638
8781
8799
8343
8321
9257
8462
9446
8228
8496
8488
8936
8557
8546
8848
8840
8661
9393
9072
8077
8910
8942
9159
8807
8740
8130
8097
8455
8937
8339
8503
8333
8700
8963
8370
8676
8626
8629
8667
8573
8395
8010
8955
9080
8377
8989
9410
8610
9103
8476
8715
8310
9029
8376
9069
9033
8302
8690
9202
9057
8609
8127
8077
8866
8267
7956
9074
8440
9178
9437
8598
8882
8141
8588
9499
9381
8614
8559
8852
8500
8816
8868
8737
8117
8528
8437
8555
8880
8333
8783
8887
8420
8273
8392
8915
8798
8660
8807
8357
9285
8112
8516
8853
8356
8579
8868
8718
9208
8382
9627
8646
8522
8889
7896
8960
9108
9472
8367
9162
8227
9445
8824
9129
8969
8623
8369
8564
8739
8850
9147
8732
8236
8554
8903
8704
8530
8586
9413
8905
8895
8747
8578
8852
8642
8909
8133
8813
8159
9555
8765
9034
8773
9081
9266
8467
8999
9329
8870
9373
9643
9025
7871
9171
9591
9020
8476
9630
8797
8940
8744
8570
8587
8352
8625
9137
8407
9013
8968
8660
8628
8665
8989
8370
9016
8636
9382
9157
9108
8991
8394
9453
8800
8731
9292
8583
9082
9084
8675
9021
8699
8337
9331
8351
8986
8586
9467
9818
8120
8842
8817
9244
9079
8864
9038
8540
8650
8908
9242
8756
8789
8407
8655
8458
8986
8876
8844
9151
8514
9460
8948
9054
8843
9170
8652
9401
8813
9003
9021
9440
8836
8245
8644
8482
9167
9047
8972
8094
8384
8543
9490
9163
9026
8886
8774
7925
8006
9007
9257
9452
8676
9072
8891
8565
8976
8702
9082
8292
9188
8820
9040
9039
9018
8450
8399
8525
9220
8334
8810
8718
9191
9261
8905
9330
9405
8732
9092
9143
9432
9642
9071
8927
8748
8646
8772
8554
9009
9023
9531
9501
9036
8989
8695
9901
8861
8572
9170
9457
8517
9358
8686
9215
8604
9204
8378
9720
8789
8794
8478
9307
8619
9103
8820
8751
9450
9156
8788
8476
9396
9683
8937
9207
8669
8645
9284
8578
8770
8872
9652
9257
9682
9340
8707
9963
9563
8910
8989
9457
8980
9277
8988
9171
9116
8842
9028
8339
8910
8893
8800
9172
9458
9249
8749
9120
8645
9097
9377
9226
9282
9624
8909
9437
8963
8586
9025
9518
9314
8908
8332
9436
8638
9344
8643
8357
9270
8715
8722
8677
9175
9448
9045
9252
9529
9074
9465
8672
8833
9575
9373
9813
9320
9146
9008
9383
9442
8892
8804
9232
9131
8871
9355
9394
9057
9087
9255
9530
9042
9222
8724
8403
8725
8806
8763
8518
8996
9440
9111
9300
8862
8934
9436
9425
9582
8958
9694
8930
9444
9044
8790
9899
9055
8943
8987
9761
8862
8758
9690
9352
9227
9321
9066
9261
8452
9687
8879
9086
9389
8774
9508
8910
9381
9421
9131
9252
9153
9304
9016
9093
9456
9293
9136
8693
8949
8717
8689
9563
9158
9476
8373
9710
9012
9268
9389
9429
9382
9434
9302
9976
9316
9317
9238
8752
9586
9245
8992
8643
9357
8890
10065
9080
8596
9328
9251
9319
9218
9326
9175
8793
8782
9265
9472
8832
8685
9354
8930
8970
10058
9353
8840
8770
8840
9288
9536
8493
8742
9633
9724
8317
9533
9315
9639
9332
9686
9503
9589
9330
9467
8946
9430
9407
9103
9445
8788
10256
9114
8929
9420
9071
9606
9177
9084
9129
9541
9310
8992
9597
9385
9256
9896
9463
9184
9403
8710
9022
8827
9332
9245
9230
9213
9551
9642
9815
8619
9475
9127
8884
9670
9066
9624
9575
9764
9661
9023
9236
9309
9137
9351
9562
9437
9026
9180
9570
9173
9506
9366
9212
8998
9551
9451
9004
10038
9126
9318
9224
9011
9615
9832
8939
9883
10072
9076
9836
9173
9178
9504
9626
9246
9081
10006
9524
8898
9373
9812
10139
9212
9778
9533
10156
8868
9700
9805
9857
9639
10038
9726
9112
9119
9354
9069
10100
9809
8923
9672
9475
9677
10402
9651
9599
9564
9669
9013
9977
9122
9754
9479
9487
8481
9109
9422
9693
9612
9252
9847
9450
9548
9450
9651
9373
8706
9630
9491
9885
9087
9967
9078
9176
9926
8970
9774
9192
9436
9969
9613
9561
9054
10570
9109
9233
9578
9918
10043
9601
9440
9294
9723
9642
9673
8672
9200
8646
9706
8889
9500
9987
9182
9974
9426
10164
9151
9748
10370
9501
9082
9673
10190
9738
9428
10021
9739
9295
10362
9261
8931
9101
9216
9318
10092
9366
9219
9432
9289
9369
9271
9274
9951
10252
8928
10309
9007
9308
9427
9397
10149
10199
9357
10114
9766
9693
10084
9576
9866
10134
9858
9700
10004
9439
9547
10221
8877
9968
9589
10352
10245
10220
9985
9305
9168
9770
9733
10306
9513
9993
10252
9567
9581
9358
9845
9914
9796
9729
10168
9630
9351
10051
9835
10705
9837
9574
10142
9000
10521
9253
10223
9726
9310
10109
10108
10013
9107
9400
10175
9656
9805
9370
9569
9963
9524
10398
9588
10834
9900
9440
10034
8724
9395
9541
9647
9285
10932
9838
10065
9720
10158
10305
10141
10095
9935
8859
9602
9985
9954
9861
9959
10359
9698
9592
10301
10564
9593
10020
9505
10132
9476
10077
9660
9882
9429
9755
10095
10394
10220
9924
10265
10143
9979
9250
9592
9593
9928
9553
9124
10816
10368
9898
9430
9567
9778
9899
10093
10087
9275
10154
10168
9815
10401
9874
9852
9629
9956
9997
10504
9420
10276
9674
9906
10008
9510
9836
9811
10030
9952
9573
10878
10416
9734
10602
10149
9778
10514
10196
10320
10176
10065
9973
10659
9860
9996
10267
9724
10006
10457
10792
10256
10487
10330
10023
10960
10346
10574
9927
10793
10396
10998
10113
10483
10167
10955
10566
10422
10607
10502
9957
10149
10968
10013
10839
9988
10086
10373
10616
11629
10489
10624
9610
10496
10675
10249
9901
10456
10627
10596
9994
10117
10459
9969
10058
10264
10735
10797
10408
9949
10608
10768
11157
10322
11033
9648
10822
10379
10496
10946
10393
10822
9654
10374
9963
10766
10890
10995
10267
10778
11036
10604
10439
10210
10510
10101
10756
10629
10091
10362
10231
10582
11691
10487
10615
10066
10741
9966
11419
10972
10877
10340
10504
11932
10656
10832
10724
10260
10823
10297
10368
10693
10244
10832
10773
11153
11319
10994
11019
11212
10768
11004
10366
10863
11060
10817
10198
10733
10463
10935
11118
11178
10402
10505
11483
11064
11508
11477
10465
11144
10825
11053
10675
10686
11103
11237
10797
11358
10749
10381
11076
10932
10806
10698
11965
11640
11752
11814
10782
11109
11386
11356
11448
11237
10890
11705
11406
11849
10878
10456
11360
11953
11152
11178
11622
11622
11887
11458
11523
10950
11368
11693
11816
11587
12207
11414
11730
11748
11354
11445
11870
11070
11880
11853
12050
11508
11921
11194
11776
11010
11216
11069
11894
11350
11012
11606
11668
12093
11992
11710
11764
12170
10832
11288
11658
11533
11466
12191
11157
12492
11280
11374
11783
12711
11497
11705
11564
12269
11965
12376
12336
12452
12223
12455
11960
12135
12024
12650
12258
13071
12582
12616
12331
12158
12660
12452
11341
12357
12329
12866
12291
12386
12266
12190
12725
12218
12481
12905
12717
12727
12678
13245
12599
12632
12114
12476
12484
12556
13188
12514
12225
12393
13069
12931
12091
13276
12534
13180
12312
12841
13045
13182
12948
12767
12918
12910
13147
11977
12792
13135
13051
12526
13182
13104
13174
12700
13173
13159
13658
13487
13734
13526
12932
13397
14524
13152
13652
13867
12944
13332
13272
13460
14017
13184
14052
13755
13417
12914
13447
12756
13501
14037
13992
13947
14426
14134
13794
14233
13405
13249
13926
13944
14503
13745
15238
14692
14300
13175
14506
14431
14195
14938
14261
14739
14731
14826
14732
14444
14924
15113
14506
15732
15094
14545
14448
15164
15386
14507
14337
14837
14952
15909
15736
15794
15671
15000
15668
14493
15971
15355
15728
14811
15768
15522
16377
15164
15808
15516
15293
14927
15498
15932
15146
15524
14996
15991
16040
15512
16027
15955
16506
16402
16875
16874
15824
16640
16692
16231
16600
16928
16278
17170
16644
16196
16169
16788
16385
17161
16889
16759
17151
17397
16699
16699
17219
17381
17100
18021
17358
17333
17416
17752
17688
17842
17997
18434
18171
17452
17929
18072
17720
18302
18154
17817
18709
18081
18305
18128
18181
19126
18683
18661
18648
18480
18780
19208
18640
19306
19073
18513
18992
19307
19180
19718
19351
18997
20200
19703
19482
19951
19486
19453
19829
19878
19224
20216
20664
19804
20287
20362
20361
20762
20736
20868
20529
22166
21125
21387
21508
21028
21914
21354
21734
21230
21656
21416
21581
22669
22525
22390
22300
22005
22596
22881
22026
22776
22337
22674
22009
21840
22292
22698
22456
22908
22520
22522
23785
23760
23673
23051
23609
23722
24292
23585
24081
24125
24008
25067
24539
24244
23890
23890
24710
24885
25280
25416
24743
25048
25550
24859
25301
24564
25798
25261
25914
26006
25835
25877
26448
25770
26410
26448
27014
26495
26752
27467
27517
27582
27346
27093
28160
27384
28219
28725
27639
28117
27916
28570
28393
28817
28722
29265
29178
29257
29476
29944
29542
29429
29932
29753
29373
29809
30298
30612
30893
30687
30312
30570
31195
31090
30798
31338
32028
31300
32503
32717
31732
32216
31876
32590
33192
31933
32692
32996
32743
33227
34036
33804
34490
33800
34476
34088
34203
34982
35361
34761
34948
35356
35281
35634
34798
35464
35807
36162
36598
36893
38108
37625
36705
37432
37049
37498
37325
37441
38074
37796
38782
37753
39018
39514
38692
38532
39400
39201
38580
39931
39903
40460
39755
40082
40520
41357
40198
41399
40448
41790
41445
41839
42329
42134
42596
42564
43332
43371
43012
43419
43274
43652
42982
44544
44096
43695
44989
44312
44747
44130
44373
44476
45210
45476
45764
45894
45760
45787
46778
46538
46680
47120
47956
46846
46709
47684
48315
48476
47874
47220
48590
48939
48712
49066
49892
48933
50001
50736
50372
50756
51316
51227
50452
52012
52264
52236
51578
50617
51992
52396
51284
53007
52656
53101
53684
53098
53462
53568
53836
54101
54004
54132
55456
55424
55236
55558
55196
55659
55424
55817
55962
56576
56108
57972
57316
57579
57728
57504
57430
58284
57824
59044
58628
57449
58432
58797
59288
59373
59520
60134
60269
59365
60180
60042
60887
60366
60876
61494
60973
60036
61677
62116
62190
62605
62266
62301
62528
64363
63181
63092
62957
64276
64075
63822
64072
64170
64612
64580
64628
65104
64872
65535
65242
65535
65535
65535
65535
65535
65535
65535
65535
65535
65535
65535
65535
65535
65535
65535
65535
65535
65535
65535
65535
65535
65535
65535
65535
65535
65535
65535
65535
65535
65535
65535
65535
65535
65535
65535
65535
65535
65535
65535
65535
65535
65535
65535
65535
65535
65535
65535
65535
65535
65535
65535
65535
65535
65535
65535
65535
65535
65535
65535
65535
65535
65535
65535
65535
65535
65535
65535
65535
65535
65535
65535
65535
65535
65535
65535
65535
65535
65535
65535
65535
65535
65535
65535
65535
65535
65535
65535
65535
65535
65535
65535
65535
65535
65535
65535
65535
65535
65535
65535
65535
65535
65535
65535
65535
65535
65535
65535
65535
65535
65535
65535
65535
65535
65535
65535
65535
65535
65535
65535
65535
65535
65535
65535
65535
65535
65535
65535
65535
65535
65535
65535
65535
65535
65535
65535
65535
65535
65535
65535
65535
65535
65535
65535
65535
65535
65535
65535
65535
65535
65535
65535
65535
65535
65535
65535
65535
65535
65535
65535
65535
65535
65535
65535
65535
65535
65535
65535
65535
65535
65535
65535
65535
65535
65535
65535
65535
65535
65535
65535
65535
65535
65535
65535
65535
65535
65535
65535
65535
65535
65535
65535
65535
65535
65535
65535
65535
65535
65535
65535
65535
65535
65535
65535
65535
65535
65535
65535
65535
65535
65535
65535
65535
65535
65535
65535
65535
65535
65535
65535
65535
65535
65535
65535
65535
65535
65535
65535
65535
65535
65535
65535
65535
65535
65535
65535
65535
65535
65535
65535
65535
65535
65535
65535
65535
65535
65535
65535
65535
65535
65535
65535
65535
65535
65535
65535
65535
65535
65535
65535
65535
65535
65535
65535
65535
65535
65535
65535
65535
65535
65535
65535
65535
65535
65535
65535
65535
65535
65535
65535
65535
65535
65535
65535
65535
65535
65535
65535
65535
65535
65535
65535
65535
65535
65535
65535
65535
65535
65535
65535
65535
65535
65535
65535
65535
65535
65535
65535
65535
65535
65535
65535
65535
65535
65535
65535
65535
65535
65535
65535
65535
65535
65535
65535
65535
65535
65535
65535
65535
65535
65535
65535
65535
65535
65535
65535
65535
65535
65535
65535
65535
65535
65535
65535
65535
65535
65535
65535
65535
65535
65535
65535
65535
65535
65535
65535
65535
65535
65535
65535
65535
65535
65535
65535
65535
65535
65535
65535
65535
65535
65535
65535
65535
65535
65535
65535
65535
65535
65535
65535
65535
65535
65535
65535
65535
65535
65535
65535
65535
65535
65535
65535
65535
65535
65535
65535
65535
65535
65535
65535
65535
65535
65535
65535
65110
65416
65535
65206
65317
64507
64628
64308
64812
64730
63446
64160
64841
63451
62703
63781
62882
62794
62638
62155
63066
62214
61320
61375
61669
61179
61337
61372
60074
61536
61085
60038
59561
59296
59460
59573
59279
58574
58841
58692
58088
58752
58358
57804
57508
57364
57050
57018
56591
56740
57121
57012
56616
56023
57269
55656
56040
55005
54744
53540
54592
54732
54206
53613
53930
52664
53060
53458
53228
51844
52422
52579
52014
51726
51470
51289
50281
51166
50661
49304
49976
48954
49408
49773
49590
48600
48601
48304
48008
48788
48738
48532
48364
47098
47332
45801
44516
43446
43306
44238
43830
43978
44824
44462
44050
45568
44776
44464
44706
44601
44411
44444
43400
42676
42240
42659
42061
41642
41918
41844
42349
41344
41520
41040
40722
40494
40104
39412
40137
39524
39885
39104
38506
38522
39092
38354
38108
37440
37429
36580
37889
36374
36618
36507
35652
35888
36290
35819
35374
34260
34861
34891
34414
34292
33440
33482
34984
34350
32920
32901
33225
32909
32760
32220
31799
31546
31976
30900
30474
31776
31124
30848
29931
30456
30808
29992
29972
29407
29542
28909
29146
28780
28470
28470
27972
28469
26953
27798
27291
27286
27457
26704
27464
25978
26001
25904
25640
26329
26689
25784
26406
24746
24442
24976
24649
24170
24854
23642
24603
24057
23966
23744
23170
23601
23788
22387
22123
23476
23050
21633
23015
21800
22053
21735
21883
22022
21339
20391
20548
21518
20957
20583
19919
20942
20354
20570
20600
19821
19730
19433
19206
18481
19053
20248
18987
19450
18322
18732
18849
17726
18070
18297
18253
18004
17716
17810
17566
17962
17810
17536
18037
16546
17092
17094
16292
16266
16533
15932
16654
15860
15960
15786
17212
17096
15604
15372
15572
16318
15784
15556
15101
15472
15182
14439
14728
15365
15710
15188
14882
14864
14814
15031
13887
15192
14497
14524
13873
14500
13677
14662
14159
13963
14460
13504
14281
13926
14287
13259
14611
13371
14129
12706
12874
14356
13696
12722
13422
12319
13481
13102
14118
13269
13308
13018
13646
12676
12294
12956
12780
12228
11654
12452
13181
12952
12431
12466
12369
12452
12410
13288
11413
12435
12162
12226
11033
12106
12081
12095
11304
11900
11712
12229
11419
12075
11821
12357
12052
11711
