8187
8178
7560
8349
7724
9506
7330
8000
8009
7255
7889
7286
7438
7370
7229
8468
8404
7300
8315
8208
6914
7498
6955
7689
8149
7680
8038
7661
7151
8020
7974
7309
7259
7430
7451
7916
7235
7925
7849
8176
7609
7501
7557
7825
7670
7264
8376
7362
8249
8036
8994
8505
8699
7605
7566
7724
7640
7087
7614
8022
7260
7569
8155
8317
7594
7421
7631
7205
8431
7975
7677
7090
7680
8032
8121
8086
7644
7845
7760
7419
8169
7794
7970
7620
7993
8038
8053
7097
8302
7771
7852
8226
8340
7912
7447
8071
7751
8634
8812
7552
8084
7486
8294
7432
8282
8337
7362
8374
7486
7638
8363
7538
8728
7998
8019
7322
7661
8211
8241
8158
7914
7606
7457
8163
8045
8347
8496
8127
7115
8222
7780
7586
8127
7672
7871
7842
8569
8219
8077
7513
8224
7978
7578
7899
8388
8165
8024
8163
7746
7639
8486
7913
8265
7905
7356
7928
8416
8148
8384
7974
9016
7817
8069
7764
7829
8282
8249
7751
8508
7391
7966
7939
8001
7490
7744
7465
8106
8362
8315
8161
8036
8818
8576
7820
8063
8761
8251
7756
8773
8252
8590
7898
8500
8220
7634
8068
7959
8422
8207
8701
7419
7389
8475
7987
7591
7838
8304
8159
8530
8071
8257
8156
8590
8089
7668
7326
8410
7944
8201
8033
8585
8305
8546
7587
8593
8581
8161
8275
7827
8572
7738
7892
8352
8206
7859
8061
8188
7912
8282
8226
8914
8250
7468
8111
8619
8323
8275
8303
8165
8684
7559
8585
8400
8415
8158
8257
7882
7940
8537
7748
7978
8595
7815
8386
7602
8332
7616
8106
8270
9048
8542
8440
8624
8402
7547
8221
8645
7772
7850
8502
8445
7870
8712
7900
8506
7929
8360
8691
8643
8459
8118
7763
8277
8282
9115
8178
8240
8340
8152
8348
8282
8479
7538
7771
7852
8403
8030
8285
8381
8384
8219
9381
8878
8273
7901
8717
8852
8444
8755
7930
8890
7378
8364
8450
8156
7860
8912
8292
8573
8664
8212
7999
7709
8206
8070
8949
8451
7995
7890
8021
8966
8500
8730
7533
8283
8310
8535
8639
8562
8789
8194
8651
8420
8071
8782
8539
8348
8916
8102
8861
7786
8372
8661
7414
8633
8041
8262
8111
8733
8338
8058
7800
8776
8340
8043
8018
8205
7866
7828
8285
7541
8699
7588
8483
8307
8234
8640
7987
8653
8150
8287
8810
7862
8484
8704
7848
8424
8095
8419
8020
8413
8586
8157
8533
8670
8379
8269
9087
8427
8765
8924
8438
8772
8605
8256
8914
8390
8450
8578
8500
8448
8554
8610
8714
8528
8254
8434
7558
8380
8577
7999
8555
8489
8411
8397
8610
8850
8378
8254
8369
8320
8917
8356
7689
8689
8679
8341
8803
8398
8657
8026
8613
8452
8619
8174
9166
8148
7822
8866
8410
8083
8358
8505
8834
8556
9120
8621
9003
8430
8625
8578
8762
8151
8887
9090
8635
9072
8201
8756
7851
8301
7925
8723
9103
8845
7971
9099
8399
8234
8839
8273
8137
8040
7936
8722
8601
9764
8917
8465
8186
9124
8935
8227
8758
8917
8752
8955
8182
8242
7900
8485
8587
8864
9322
8554
8937
8969
8768
7906
8344
9135
8597
8611
8218
7963
8995
8762
9063
8814
8816
8946
8457
8946
9259
8742
8994
8638
9144
8216
9152
8534
9044
8670
8748
9043
8272
9030
8162
8178
8372
9023
9586
8679
8832
9224
8473
9250
8497
8625
9395
8111
8640
8676
8866
8694
8916
9190
7976
9129
8423
8384
8349
8368
8342
7822
8936
9144
8814
8279
9143
8925
8761
9080
8244
7918
8963
8964
9339
8830
8855
8785
8692
8614
8084
8043
8044
8915
8327
8574
8584
8487
8183
8643
9530
8869
9014
8250
8548
8721
8509
8496
8528
8697
8465
8484
8845
8260
9274
8521
8934
8567
8741
9206
8651
8241
8880
7917
9061
9240
8995
8800
8630
8596
8966
9431
7657
8551
8708
8847
9258
8270
8716
8536
9033
9522
9424
9308
8588
8530
8373
9023
8240
8203
8514
8755
8036
9140
8918
8838
8971
8873
8726
8877
9086
8692
8406
8666
8738
8925
8217
8890
8541
8724
9182
9240
8565
8773
8596
8433
9838
8932
8355
8201
8540
8372
8857
9094
8223
8843
9305
8757
8527
8916
8898
8856
8766
8600
9041
8964
8546
9305
9643
8693
8238
8314
8479
8768
9143
8628
9411
8184
8696
8719
9064
8928
8553
8322
9012
8898
9227
8941
8908
9453
9087
9682
8485
8676
8289
9293
8101
9186
9264
8836
8437
8937
8880
9278
8761
8838
9292
8806
8808
7798
8976
8714
8968
8684
8097
8693
8730
9133
8774
8907
9084
8771
8458
8962
9055
9005
9532
9183
8554
8685
9058
8468
8966
8577
9108
8576
8987
8837
8609
8437
8504
9030
8573
9085
8626
9348
8734
8892
9374
9307
9568
8985
9510
8687
8744
8161
9027
8641
9074
8631
9615
8566
9006
8849
8576
8952
7757
9176
8981
8336
8796
8901
9325
8725
8985
8923
9615
8608
8610
9165
8668
9001
9181
8619
8925
8431
9075
8864
9582
8597
8771
8805
8908
9576
8526
8997
9245
8535
8247
9741
8744
8791
8243
9540
8839
8460
8096
8823
9224
9085
8313
8877
8926
9145
8797
9523
10250
8788
8585
8682
8776
8181
9387
8986
8943
9299
8725
9202
9023
9219
8275
8690
9340
9370
9642
8885
8427
8181
8066
8848
8640
8320
9116
8950
8756
8916
8753
9064
9380
8451
9073
8694
9306
8469
8761
9019
8246
8279
9445
8804
9224
8463
8074
8739
9171
8959
8527
9314
9161
8954
8353
8802
9621
9050
8013
9342
8286
9557
8098
9320
8879
8871
8526
8743
8534
8676
8826
9117
8523
8854
9206
8971
9523
8772
8688
9215
8756
8690
7926
8925
8813
8424
8957
8159
8449
9203
8086
8750
9362
9045
9233
9417
8666
9645
8126
9024
8465
8688
8203
9071
8709
9012
8974
8665
8675
8952
8457
8369
9224
8801
9099
9606
9398
8348
8966
8290
9687
8595
8463
9031
9307
9477
9136
8643
8077
8717
8520
8674
8687
8691
8842
9252
8257
8605
8702
9133
9418
8451
8653
9100
8833
9504
8472
8470
8262
8138
8487
8641
9298
8554
8962
9756
8497
8646
8331
9021
9198
8649
9436
8521
9450
7804
8867
8887
8436
9710
9095
9116
8754
8790
9150
8751
8473
8486
9072
8821
8260
9321
8806
9005
8569
8456
8739
8884
8849
8223
8906
9192
8626
9988
8651
8632
8863
9409
8285
8859
9146
9055
9398
8520
8942
9188
9009
9318
9583
8978
9006
8826
9472
8488
9377
8712
8604
8577
8271
8071
9497
8879
8924
8382
8778
9161
8844
8653
8937
8746
8362
9188
8684
8971
8746
8906
8938
9822
8861
8734
8443
9621
9006
8895
9290
8308
9416
9010
9291
9123
8976
9130
8129
8915
8131
8549
8900
8310
8363
9229
9135
9092
9307
8731
9484
8606
9608
8882
8574
9586
8992
8899
9044
8687
8299
9169
8956
9300
9332
9314
9007
9246
8400
9924
9272
8731
9021
8854
9220
8931
9408
8856
8858
8759
9160
8553
8907
8911
9346
8864
9351
8626
8725
8949
9701
9236
8810
9478
9359
8481
9225
9202
8585
8873
8663
9205
7989
9521
8416
9627
8611
8974
9191
7830
9317
8570
9297
9153
8801
9083
9021
9394
8593
9265
8661
8911
8316
9538
8955
8472
9754
8744
9422
9432
9083
9589
8731
8976
8365
8841
9779
9562
9204
8791
8537
8660
8657
8381
8466
9064
9187
9156
8777
8528
9566
8742
9608
8387
9013
9024
9289
8612
8898
8914
8898
9214
9722
9210
8427
9223
9277
9516
8919
9015
8647
8400
8704
9345
8696
8503
8600
8752
9131
8401
8841
8813
9135
9007
8824
8959
8318
9214
9472
8928
9280
9586
8743
9540
8720
8891
8710
9260
8679
9140
9285
8725
8856
9427
9309
9181
8357
8728
9648
8781
8193
9432
8634
9497
9779
8848
8932
8056
9070
9707
9629
8925
9046
9344
8989
9178
9504
8918
8419
8774
8925
8596
9219
8501
9093
9360
8938
8516
8658
9161
9070
8694
9317
8442
9728
8358
8742
9210
8642
9044
9211
9122
9653
8704
9734
9093
8893
9273
8448
9234
9424
9565
8890
9640
8285
9572
9245
9620
9412
8807
8997
9029
9179
9245
9531
9109
8531
9045
9151
9333
8755
9079
9852
9359
9451
9306
8837
8955
8965
9127
8440
9277
8474
10122
9122
9229
9046
9432
9605
8795
9132
9594
9350
9361
9847
9428
8024
9371
9892
9196
8757
10024
9283
9318
9066
9176
8832
8665
9086
9697
8699
9449
9268
8884
9037
9026
9243
8960
9212
8762
9706
9447
9173
9273
8815
9608
9176
8964
9391
8916
9467
9329
9166
9288
9307
8713
9661
8564
9707
8929
9693
10017
8521
8914
9019
9506
9455
9388
9340
8838
8416
9288
9870
9073
9142
9097
9058
8678
9172
9100
9216
9352
8788
9483
9361
9326
8980
9444
9205
9425
9281
9523
9594
9804
9360
8699
9079
8718
9758
9248
9449
8355
8553
9039
9757
9188
9177
9248
9028
8234
8607
9173
9739
9719
8757
9545
9153
9043
9348
9087
9354
8642
9540
9114
9213
9123
8978
8852
8642
8927
9661
8812
9276
9021
9626
9499
9309
9618
9675
9011
9322
9373
9949
9874
9629
9255
9164
9101
9356
8981
9320
9244
9982
9970
9226
9314
9155
10116
9010
9275
9493
9740
8910
9461
8856
9490
8879
9670
8552
10089
9573
9211
9026
9696
8944
9178
9304
9074
9671
9239
8776
8980
9921
10274
9309
9441
8970
9174
9653
8711
9156
8971
10057
9564
10058
9730
9043
10193
9856
9560
9258
9836
9370
9450
9503
9342
9441
9113
9370
8795
9253
9252
9121
9673
9777
9349
9374
9490
8840
9360
9749
9665
9994
9459
9156
9736
9332
8968
9179
9720
9805
9368
8719
9925
9190
9749
9229
8926
9640
8953
9044
9026
9624
9745
9254
9460
9774
9652
9821
9184
8997
9922
9636
10243
9770
9631
9435
9648
9789
9334
9423
9643
9420
9346
9720
9518
9547
9421
9569
9941
9585
9483
8690
8738
8740
9226
9007
8628
9181
9763
9288
9598
9195
9553
9554
9520
9881
9346
10104
9517
9448
9501
9318
9993
9298
9233
9293
9946
9165
9023
9912
9788
9765
9874
9495
9728
8915
10071
9374
9309
9661
9071
9581
9421
9473
9995
9585
9294
9577
9693
9283
9572
9842
9507
9238
9374
9293
9062
9052
9915
9535
9973
8838
10151
9485
9402
9653
9758
9682
9928
9611
10112
9447
9751
9437
8935
9949
9613
9390
9258
9611
8946
10395
9522
9082
9468
9622
9642
9603
9488
9492
9264
9114
9696
9743
9248
8940
9375
9418
9315
10294
9749
8952
9025
9237
9661
9761
9025
9214
9896
10185
8556
9990
9483
10067
9829
10064
9872
10132
9464
9924
9436
9844
9758
9317
9689
9066
10886
9562
9452
9768
9793
9764
9750
9352
9796
9830
9642
9464
10153
9887
9482
10407
9796
9371
9770
9085
9172
9303
9734
9567
9628
9692
10006
10125
10066
9280
9819
9395
9098
9997
9392
9921
9593
10075
9935
9477
9845
9832
9449
9685
9994
9724
9394
9378
10035
9366
10242
9777
9776
9549
9944
9835
9525
10474
9472
9584
9377
9209
10046
10078
9707
10114
10395
9780
10242
9942
9485
9916
10054
9400
9641
10322
9759
9265
9861
10470
10513
9746
10203
9989
10520
9150
9745
10004
10425
10248
10350
10001
9508
9420
9544
9495
10323
10256
9060
9967
9868
10009
10489
9986
9857
9938
10007
9710
10190
9555
9955
9776
9996
8736
9532
9889
10127
9787
9490
10361
9688
9699
9885
9901
9801
9196
9756
10029
10200
9910
10374
9656
9840
10403
9709
9885
9877
9770
10266
9956
10021
9551
11017
9768
9532
9752
10230
10380
9972
9892
9942
9944
9892
10018
9108
9835
9153
9993
9486
9756
10244
9510
10653
10011
10524
9643
10294
10733
9910
9571
9914
10422
10052
10027
10322
10294
9751
10634
9596
9507
9712
9780
9651
10368
9921
9869
9754
9869
9808
9600
9833
10264
10463
9355
10557
9423
9825
10051
9981
10432
10635
9828
10439
10185
10116
10369
10057
10100
10627
10356
9830
10235
9762
9938
10512
9181
10423
10325
10702
10857
10807
10468
9474
9686
10182
9928
10636
10111
10396
10570
9792
9679
9753
10187
10473
10111
10137
10786
10177
9798
10151
10205
10821
10382
9821
10419
9642
11021
9746
10621
9955
9703
10607
10962
10415
9474
10006
10401
9908
10280
9848
9944
10333
9981
10692
10015
11117
10410
9970
10399
9344
9979
9823
10278
9944
11121
10211
10505
10436
10451
10745
10434
10414
10189
9362
10148
10368
10415
10362
10335
10588
10014
9982
10884
10741
10086
10293
9950
10256
9969
10455
10094
10430
9883
10153
10504
10590
10332
10352
10525
10504
10386
9953
10192
10203
10493
10185
9799
10741
10946
10470
10031
10011
10214
10521
10584
10210
9799
10673
10644
10312
10973
10826
10519
10084
10480
10295
11037
10133
10680
10181
10293
10539
9954
10349
10306
10709
10409
10306
11010
10700
9871
11111
10297
10188
10898
10870
10450
10807
10372
10826
10957
10550
10850
10746
10346
10315
10893
11224
10651
10875
11065
10526
11316
10808
10999
10369
11562
10868
11254
10650
11040
10634
11728
10845
10899
11246
10857
10488
10777
11461
10632
11522
10468
10646
10674
11353
12197
10701
11221
10389
10973
11095
10972
10312
10891
11173
10850
10508
10486
10858
10396
10788
10880
11312
11083
10833
10838
11153
11252
11681
10571
11336
10328
11243
11017
10893
11088
10941
11349
10327
11078
10425
11126
11349
11543
10867
11329
11688
11321
10899
10912
11117
10805
11095
11371
10801
11026
10788
10982
12265
11143
11170
10776
11125
10725
11668
11449
11683
10814
11007
12259
11484
11217
11386
10725
11018
11131
10833
11530
10753
11556
11506
11684
11810
11679
11584
11815
11729
11687
11018
11434
11326
11194
11005
11527
10986
11670
11746
11624
11069
11323
11810
11520
11913
12194
11019
11776
11369
11668
11544
11082
11578
11713
11145
11771
11304
11060
11751
11389
11164
11475
12092
11904
11973
12347
11284
11751
11808
11766
11679
12340
11956
12563
12047
12173
11492
10921
11849
12528
11787
11927
12125
12015
12774
12057
12020
11648
11850
12292
12254
12338
12977
12337
12451
12604
12155
11922
12402
12004
12360
12592
12789
12183
12560
11658
12289
11782
11763
11337
12490
12259
11760
12157
12315
12818
12485
12713
12412
12956
11917
12172
12634
12217
12347
13071
12057
13178
11993
11891
12516
13114
12301
12402
12315
13005
12772
13096
12975
13181
12706
13285
12739
12930
12788
13443
12836
13880
13127
13370
12734
12840
13659
12950
12162
12933
12944
13370
12790
13211
13156
13228
13540
13178
13259
13594
13706
13461
13551
14039
13129
13424
13149
13012
13068
13284
13896
13534
13097
13290
14354
13709
12813
14018
13409
14054
12876
13608
14046
14043
13707
13715
13837
13853
14134
12862
14072
13948
14143
13487
14035
14180
14117
13529
14322
14245
14424
14200
14592
14592
13874
14199
15564
13906
14663
15076
13814
14190
14480
14316
14850
14050
14788
14667
14196
13832
14323
13700
14198
14852
14792
14856
15265
14860
14672
15277
14329
14391
14671
14700
15465
14919
16092
15729
15245
13969
15445
15756
14978
16252
15573
15610
15939
15899
15506
15627
15706
15917
15657
16541
16079
15540
15449
16145
16424
15826
15669
15936
16066
16833
16797
16897
16586
15936
16522
15595
17081
16885
16384
16093
17147
16449
17372
16285
17046
16560
16512
16265
17049
17285
16204
16704
16231
17118
17188
17109
17256
17353
17665
17777
18432
18296
17084
17738
17938
17563
18009
18470
17952
18504
18068
17764
17447
17732
17686
18688
18207
18190
18860
18930
18126
18553
18244
18274
18506
19443
18715
19158
18631
19072
18793
19672
19219
19749
19918
19044
19524
19286
19428
19735
19744
19566
20314
19923
20058
19388
20000
20820
20446
20330
20330
20480
20408
20877
20351
21044
20896
20136
20692
20877
21297
21552
21049
20800
21766
21465
21431
21323
21452
20910
21938
21780
21201
21863
22261
21508
22276
22110
22113
22740
22547
22971
22377
23889
22737
23206
23305
22838
23822
23076
23714
23168
23666
23140
23707
24760
25012
24272
24476
23946
24213
25195
24295
24861
24546
24772
24377
23918
24185
24561
24774
25124
24626
24597
25857
26041
25962
25875
25720
25880
26512
26123
26404
27084
26309
27125
27021
26488
26405
27108
27357
27026
27186
27844
26957
27688
27771
27280
28135
26893
28228
27454
28476
28750
28294
29020
29229
28928
29108
29298
29740
29431
29612
30762
30569
30275
30224
29588
31046
30452
30932
31562
30332
30742
30888
31048
31378
31249
31534
32074
31686
32712
32316
32616
32629
32176
33071
32950
32231
32794
33666
33778
33876
34074
33825
33864
34394
34516
34196
35138
35072
34944
36013
36008
35262
35420
35202
36125
36644
35819
36581
36520
36416
36521
37865
37618
37879
37460
37972
37313
37672
38458
38461
38242
38629
39258
38740
39236
38696
39085
39639
40352
40290
40266
41762
41226
40559
41480
41672
41261
41521
41734
42150
41915
42414
42061
43088
43343
43194
42405
43500
43493
43188
43926
44224
44850
44165
44596
45224
45641
45023
45517
45115
45804
46245
46416
47201
46836
47259
47274
47993
48477
47708
48250
48495
48473
48204
49049
49060
48728
49588
49160
50021
49610
49255
49556
50435
51428
51340
50923
51188
51018
52158
52132
52356
52480
53258
51916
52461
53686
53888
53701
53775
53196
53833
54380
54292
54548
55274
55107
55206
56317
56175
56426
57128
57128
57065
57325
58210
57818
57472
57501
58130
57876
57323
58653
58480
59460
60228
59540
59389
59611
60120
60448
60409
61035
61577
60916
60824
62696
61252
62301
62280
62602
62125
62980
62894
64201
63659
63340
64476
63901
64093
64511
64532
65535
65229
64429
65339
65535
65535
65535
65535
65535
65535
65535
65535
65535
65535
65535
65535
65535
65535
65535
65535
65535
65535
65535
65535
65535
65535
65535
65535
65535
65535
65535
65535
65535
65535
65535
65535
65535
65535
65535
65535
65535
65535
65535
65535
65535
65535
65535
65535
65535
65535
65535
65535
65535
65535
65535
65535
65535
65535
65535
65535
65535
65535
65535
65535
65535
65535
65535
65535
65535
65535
65535
65535
65535
65535
65535
65535
65535
65535
65535
65535
65535
65535
65535
65535
65535
65535
65535
65535
65535
65535
65535
65535
65535
65535
65535
65535
65535
65535
65535
65535
65535
65535
65535
65535
65535
65535
65535
65535
65535
65535
65535
65535
65535
65535
65535
65535
65535
65535
65535
65535
65535
65535
65535
65535
65535
65535
65535
65535
65535
65535
65535
65535
65535
65535
65535
65535
65535
65535
65535
65535
65535
65535
65535
65535
65535
65535
65535
65535
65535
65535
65535
65535
65535
65535
65535
65535
65535
65535
65535
65535
65535
65535
65535
65535
65535
65535
65535
65535
65535
65535
65535
65535
65535
65535
65535
65535
65535
65535
65535
65535
65535
65535
65535
65535
65535
65535
65535
65535
65535
65535
65535
65535
65535
65535
65535
65535
65535
65535
65535
65535
65535
65535
65535
65535
65535
65535
65535
65535
65535
65535
65535
65535
65535
65535
65535
65535
65535
65535
65535
65535
65535
65535
65535
65535
65535
65535
65535
65535
65535
65535
65535
65535
65535
65535
65535
65535
65535
65535
65535
65535
65535
65535
65535
65535
65535
65535
65535
65535
65535
65535
65535
65535
65535
65535
65535
65535
65535
65535
65535
65535
65535
65535
65535
65535
65535
65535
65535
65535
65535
65535
65535
65535
65535
65535
65535
65535
65535
65535
65535
65535
65535
65535
65535
65535
65535
65535
65535
65535
65535
65535
65535
65535
65535
65535
65535
65535
65535
65535
65535
65535
65535
65535
65535
65535
65535
65535
65535
65535
65535
65535
65535
65535
65535
65535
65535
65535
65535
65535
65535
65535
65535
65535
65535
65535
65535
65535
65535
65535
65535
65535
65535
65535
65535
65535
65535
65535
65535
65535
65535
65535
65535
65535
65535
65535
65535
65535
65535
65535
65535
65535
65535
65535
65535
65535
65535
65535
65535
65535
65535
65535
65535
65535
65535
65535
65535
65535
65535
65535
65535
65535
65535
65535
65535
65535
65535
65535
65535
65535
65535
65535
65535
65535
65535
65535
65535
65535
65535
65535
65535
65535
65535
65535
65535
65535
65535
65535
65535
65535
65535
65535
65535
65535
65535
65535
65535
65535
65535
65535
65535
65535
65535
65535
65535
65535
65535
65535
65535
65535
65535
65535
65535
65535
65535
65535
65535
65535
65535
65535
65535
65535
65535
65535
65535
65535
65535
65535
65535
65535
65535
65535
65535
65535
65535
65535
65535
65535
65535
65535
65535
65535
65535
65535
65535
65535
65535
65535
65535
65535
65535
65535
65535
65535
65535
65535
65535
65535
65535
65535
65535
65535
65535
65535
65535
65535
65535
65535
65535
65535
65535
65535
65535
65535
65181
64726
65535
64600
65535
65535
64843
64686
63748
64420
64492
63188
63753
64002
63652
63296
62720
63186
62171
62413
61496
61551
59833
60713
61056
60200
60080
60319
58424
59432
59688
60080
58056
58766
58692
57713
58239
57624
57901
56319
57034
56489
55328
55770
54006
55517
55336
55316
54541
54804
54941
54169
54528
54132
54660
54264
52878
52940
51177
49384
48829
48256
48893
49544
48869
49739
50005
49592
50806
50356
49610
49924
49565
49460
49260
48264
47764
47174
47712
47444
47190
47500
46663
47154
46088
46268
45767
45261
45066
44384
44066
44797
44378
43859
43800
43156
42517
43664
42333
42769
41643
41456
40665
42466
40292
40686
40543
39611
39937
40192
40064
39040
38725
38877
38068
38117
39202
37920
37309
38685
38166
36701
36852
37233
36443
36480
35668
35197
34728
35657
33993
33705
34796
35100
34125
33331
33236
34243
33067
33184
32634
32495
31915
32630
32117
31465
31154
31186
30874
29892
30622
30383
29908
30390
29483
29613
28716
28541
28543
28246
28953
29328
28284
29057
26880
26970
27254
26731
26788
26744
26477
26776
26604
26682
26291
25313
25779
26372
24749
24787
25477
25004
23967
24808
24217
24001
23866
23656
24091
23224
22865
22444
23173
23098
22285
21864
22860
22089
21978
22114
21903
21808
21048
21093
20244
21044
22067
20272
21364
19996
20167
20280
19483
19650
19931
19738
19780
19032
19650
19093
19712
19002
18976
19840
18319
18724
18590
17636
18053
17844
17103
17978
17283
17572
17311
18420
18437
16613
16754
16789
17589
17312
16852
16259
16697
16631
15686
16006
16298
16870
16259
16004
16030
15979
16182
15227
16555
15525
15893
14981
15718
14820
15416
15048
14632
15374
14532
15506
14955
15217
14132
15496
14690
14985
13655
13952
15144
14784
13935
14458
13042
14455
14128
14730
14300
14559
13930
14344
13399
13282
13884
13748
13305
12712
13322
14059
13613
13834
13420
13188
13116
13393
14034
12270
13013
12796
12958
11677
12660
12822
13071
12248
12637
12282
12950
12264
12782
12637
12996
12276
12360
