8581
8395
7853
8245
8018
9868
7697
8248
8320
7761
8350
7550
7756
7767
7392
8795
8314
7707
8484
8516
7413
7637
7264
8059
8557
8050
8240
7891
7836
8126
8386
7597
7521
7500
7712
8126
7346
8461
7946
8661
8020
7832
7848
8231
8594
7316
8710
7873
8489
8502
9437
8723
8994
7622
7788
7760
7893
7478
7901
8418
7834
7775
8669
8541
7802
7768
7864
7680
8458
8407
8114
7419
7869
8129
8232
8356
7777
8324
8038
7721
8717
7988
8288
8036
8402
8521
8030
7319
8642
8248
8235
8548
8491
8143
7859
8436
8233
9025
9134
8183
8526
7814
8551
7700
8376
8596
7718
8828
7754
8049
8437
7746
9100
8533
8225
7869
7680
8739
8650
8619
8435
7861
7892
8453
8545
8843
8898
8614
7414
8484
8077
7819
8366
7999
8242
8174
8799
8651
8647
7840
8433
8267
7997
8270
8755
8456
8383
8748
8237
8291
8804
8329
8820
8313
7740
8361
8970
8679
8840
8351
9348
8119
8330
8414
8018
8665
8829
8036
8954
7889
8236
8394
8341
7834
8182
7684
8279
8802
8718
8576
8441
9341
8928
8360
8694
9143
8614
8002
9122
8740
8975
8470
8748
8544
7990
8569
8175
8709
8564
9036
8041
8031
8778
8331
8136
8415
8685
8463
9070
8559
8485
8374
9111
8350
8053
7846
8717
8509
8663
8644
9293
8956
8622
8274
8969
8648
8544
8614
7989
8870
8024
8283
8657
8681
8054
8570
8485
8316
8793
8798
9042
9060
8252
8413
8829
8448
8723
8996
8281
9281
8068
9166
8821
8977
8712
8673
8244
8343
9113
8216
8522
8968
8424
8730
8062
8867
8307
8405
8751
9399
9119
8950
9224
9004
8127
8677
8907
8273
8122
9121
8752
8502
9041
8084
8868
8029
8548
9193
8960
8982
8487
8393
8686
8898
9350
8478
8932
8659
8310
8768
8850
9018
8141
8500
8217
8813
8596
9007
8733
9074
8971
9784
9336
8866
8087
9008
9355
8742
9508
8448
9405
7856
8648
8898
8644
8512
9528
8876
9033
9181
8700
8391
8126
8602
8362
9320
8963
8614
8480
8541
9350
9073
9222
8060
8706
8840
9034
8946
9087
9299
8922
9049
9083
8582
9355
8870
8734
9426
8566
9230
8212
9018
9113
7894
9008
8399
8433
8238
9124
8733
8477
8217
9067
9040
8629
8421
8757
8341
8370
8887
8154
9256
8176
8943
8691
8832
9032
8216
9117
8715
8800
9197
8128
8853
9168
8286
8828
8455
8876
8494
8905
9136
8440
9039
8962
8978
9007
9214
8720
9075
9518
8802
9253
9175
8778
9190
8847
8595
8870
8821
8898
9096
9019
9289
9106
8710
8967
7880
8872
8976
8697
8997
9150
8843
8758
8900
9149
8805
8864
8642
8856
8920
8501
8202
9017
9054
8801
9180
8889
9168
8780
8816
8872
8968
8498
9527
8682
8340
9406
8685
8551
9025
8856
9213
9017
9742
9004
9380
8709
9033
9291
9353
8609
9639
9758
9237
9514
8661
9294
8138
8557
8630
9258
9430
9307
8442
9590
8865
8885
9066
8876
8909
8815
8461
8843
9260
10157
9345
8746
8536
9382
9263
8756
9093
9326
8925
9595
8544
8922
8509
8832
9050
9415
9720
8945
9221
9502
9088
8225
8679
9628
8985
9037
8834
8526
9772
9018
9408
9254
9244
9274
8864
9324
9545
8913
9652
8834
9606
8735
9728
9019
9461
9310
9342
9501
8442
9434
8537
8368
9000
9142
10192
9295
9472
9616
9157
9384
9037
9014
9858
8458
9092
9437
9428
9174
9338
9492
8576
9362
8903
8562
8799
8944
8729
8413
9498
9270
9283
8606
9516
9151
9249
9548
8808
8397
9376
9306
9866
9245
9076
9376
9330
8985
8372
8549
8437
9330
8708
8880
8941
8931
8525
9214
9833
9087
9472
8682
8987
9208
8832
8622
8852
9544
9021
9111
9557
8538
9564
9040
9546
8950
9207
9722
9003
8578
9202
8462
9275
9404
9251
8946
8810
9012
9394
9883
8134
9069
9330
9210
9424
8813
9113
8861
9655
9834
9957
9778
8561
8929
8926
9452
8634
8770
9235
9034
8396
9448
9211
9193
9406
9252
9101
9426
9502
9260
8964
9140
9159
9396
8838
9271
9012
9129
9547
9570
8956
9021
8972
8876
10267
8936
8780
8405
9035
8762
9277
9435
8669
9145
9498
9334
8830
9291
9359
9024
9202
9291
9580
9404
8878
9715
9956
8794
8625
8890
8721
9138
9486
8963
9563
8676
8943
8909
9485
9205
8908
8453
9401
9142
9808
9424
9087
10091
9284
10216
8861
9335
8681
9822
8794
9692
9643
9335
8903
9140
9230
9617
9344
9488
9816
9197
9194
8492
9274
9128
9429
8901
8362
9147
8911
9593
9166
9210
9429
9128
8970
9428
9299
9362
10073
9428
8707
9301
9661
8726
9316
9142
9554
8993
9296
9131
9308
8916
8910
9360
9030
9401
9195
9710
9127
9300
9578
9562
9732
9376
10011
8841
9101
8626
9420
9039
9559
9075
9745
8862
9320
9299
9051
9204
8358
9392
9578
8812
9254
9095
9695
9104
9148
9323
9962
9076
9049
9763
9174
9253
9586
8978
9094
9021
9336
9355
9903
8825
9121
8884
9352
9733
8968
9217
9597
9038
8585
10222
8992
9212
8712
9702
9261
9022
8528
9183
9574
9629
8756
8923
9413
9737
9269
9870
10549
8976
9030
9025
9333
8637
9663
9432
9190
9807
9149
9645
9582
9747
8687
9158
9840
10000
10007
9182
8834
8501
8649
9400
9184
8591
9436
9358
9213
9325
9052
9411
9778
8571
9324
8922
9533
8984
9089
9143
8671
8915
9525
9258
9564
8895
8352
9211
9531
9380
8857
9794
9492
9206
8757
9239
10090
9380
8609
10021
8869
10000
8857
9684
9181
9384
9007
9151
8730
9035
9286
9633
8852
9182
9677
9365
9866
9078
9134
9409
8947
9229
8411
9531
9290
9101
9505
8615
8886
9555
8538
9061
9473
9086
9574
9693
8888
10030
8633
9284
8869
9018
8494
9402
9095
9338
9211
9209
8832
9280
8819
8820
9620
9241
9498
9932
9663
8820
9222
8699
10116
9004
8887
9373
9537
9764
9764
9055
8490
9336
8949
8906
9012
9202
9187
9404
8648
9089
8832
9496
9541
9042
9119
9398
9067
9652
8721
8894
8695
8755
8620
8916
9716
8949
9554
10256
8989
8808
8847
9383
9482
9029
9612
8978
9711
8215
9289
9437
8737
9979
9733
9329
9325
9364
9635
9288
8863
9005
9268
9186
8635
9672
9099
9382
9135
9003
8989
9216
8928
8685
9362
9546
9009
10066
9050
8904
9357
9685
8866
9364
9456
9449
9481
8813
9441
9404
9624
9662
10215
9277
9284
9068
9681
8854
10149
9227
8968
9004
8729
8393
9925
9374
9344
8638
9145
9542
9205
9009
9258
9115
8763
9619
9026
9450
9287
9034
9320
10270
9140
9270
8908
9963
9538
9307
9752
8767
9596
9349
9683
9359
9287
9382
8520
9281
8622
8933
9111
8694
8718
9650
9309
9288
9625
9146
9774
8953
10059
9256
9078
10017
9102
9146
9398
8920
8558
9752
8954
9631
10000
9550
9290
9385
8894
10191
9892
8981
9542
9217
9593
9160
9737
9275
9040
9120
9448
8936
9438
9058
9680
9304
9774
8837
9080
9555
10084
9514
9108
9645
9799
9037
9574
9472
9108
9262
9034
9764
8717
9557
8868
9809
9127
9564
9270
8098
9440
9023
9608
9419
9246
9428
9401
9538
9157
9419
9175
9324
8752
10002
9466
8969
10025
9135
9430
9992
9675
10270
8980
9483
8952
8945
10126
9680
9688
9161
8769
9094
8839
8891
8694
9222
9501
9411
8939
8962
10162
8944
9990
8784
9300
9400
9597
9271
9408
9409
9610
9324
10072
9454
8818
9295
9536
9928
9157
9350
9104
8540
8993
9567
9184
9029
9172
9348
9380
8964
9224
9233
9504
9453
9162
9242
8895
9672
9760
9162
9746
9939
9322
9574
9124
9428
8985
9492
8928
9652
9689
8899
9276
9749
9490
9384
8803
8828
9594
8999
8469
9492
8923
9698
10324
9275
9328
8612
9396
10156
9734
9364
9403
9585
9087
9577
9713
9461
8741
9084
9252
8852
9618
8982
9502
9730
9271
8594
9039
9391
9359
9356
9627
9094
9973
8857
8945
9636
8829
9206
9442
9276
9975
9057
10185
9408
9386
9496
9000
9525
9861
10164
9272
9826
8780
10065
9479
9883
9559
9405
9120
9201
9493
9513
9880
9461
8821
9336
9544
9422
8894
9207
10178
9615
9708
9742
9342
9272
9282
9320
8686
9537
8893
10318
9486
9616
9269
9781
9778
9204
9594
10046
9764
10048
10225
9845
8708
9807
10096
9795
9372
10019
9617
9498
9431
9048
9428
8955
9646
9967
9032
9666
9838
9383
9317
9448
9705
8864
9702
9315
10064
9780
9530
9572
9187
9811
9523
9144
10063
9472
10101
9841
9509
9551
9325
9152
9998
8711
9940
9237
10073
10300
8979
9501
9549
9722
9783
9656
9677
9308
9054
9475
10215
9579
9607
9362
9283
9129
9689
9625
9468
9803
8994
10056
9512
9554
9406
9687
9532
10034
9567
9657
9780
10180
9483
9061
9367
9220
10124
9522
9753
8519
8887
9371
10071
9700
9741
9708
9424
8523
8909
9695
10052
10096
9039
9950
9683
9117
9608
9556
9639
8960
9722
9572
9414
9415
9460
9240
9042
9300
9907
9253
9573
9415
10044
9943
9565
10116
10034
9227
9690
9857
10219
10453
9786
9716
9624
9524
9612
9175
9659
9659
10301
10477
9353
9844
9147
10414
9552
9280
9697
10157
9222
9942
9091
9836
9339
9991
9060
10201
9827
9557
9415
10027
9472
9378
9317
9321
10126
9780
9257
9167
10189
10360
9504
9909
9513
9399
9977
9286
9459
9374
10455
9996
10407
10304
9542
10501
10068
9817
9634
10075
9794
9779
9701
9698
9778
9544
9904
8966
9403
9720
9536
10076
9860
9779
9571
9794
9455
9879
9718
9919
10021
10080
9325
10230
9645
9384
9572
10136
10147
9873
9118
10239
9617
9989
9416
9003
9976
9545
9506
9422
9795
10076
9695
9562
10259
9741
10023
9477
9542
10150
10144
10576
10124
10012
9828
10008
10154
9586
9954
9718
9866
9622
9683
9831
9601
9620
10110
10257
9928
9873
9070
8958
9457
9554
9397
9201
9678
10096
9752
9882
9512
9612
10247
9989
10068
9621
10532
9776
10237
9953
9472
10513
9697
9638
9732
10239
9529
9426
10185
10141
9882
10184
9667
9878
8996
10201
9453
9666
9788
9764
10053
9749
10008
10178
9868
9801
9803
9910
9525
9928
9916
9850
9274
9748
9611
9489
9490
10350
9972
10315
9154
10141
9886
9917
9909
10050
9907
10022
9949
10432
9864
9877
9951
9350
10221
9872
9748
9612
10109
9213
10936
9719
9389
9921
9901
10033
9861
9981
9921
9505
9409
10162
10111
9623
9156
9906
9909
9812
10551
9889
9624
9405
9610
10281
10160
9179
9376
10135
10459
8826
10228
9874
10416
10198
10440
10195
10316
9901
10299
9720
9950
10113
9567
10196
9521
10904
9950
9762
10056
9958
10268
10116
10040
9698
10188
9938
9428
10277
9981
10044
10740
9972
9661
10046
9372
9533
9513
10101
9817
9954
10010
10178
10477
10587
9653
9937
9673
9408
10505
9802
10378
10180
10437
10345
9604
9970
10236
9845
9956
10346
10117
9734
9901
10418
9723
10440
10326
9965
9948
10164
10155
9791
10666
9693
10039
9622
9716
10255
10757
9983
10488
10857
9774
10695
9934
9909
10103
10274
10179
9897
10837
10188
9682
10519
10662
10930
9755
10452
10258
10695
9582
10156
10381
10645
10371
10719
10219
9741
10016
9764
9841
10706
10365
9514
10228
10225
10201
11221
10313
10325
10414
10158
9909
10596
9905
10439
10138
10238
9218
9861
10258
10619
10349
9851
10827
10171
10072
10226
10279
10197
9458
10223
10187
10665
9936
10615
10082
10193
10506
9843
10528
10010
10211
10624
10267
10224
9808
11176
9984
9867
10045
10674
10670
10461
10136
10123
10301
10306
10398
9342
10074
9435
10244
9816
10377
10570
10159
10865
10114
10858
10096
10548
11037
10096
9707
10379
10535
10502
10393
10778
10724
9997
11201
9934
9919
10215
10101
9691
10672
10139
10034
10099
10009
10065
9820
10328
10582
11153
9908
10975
9706
10114
10376
10086
10784
10745
10336
10710
10566
10139
10717
10496
10512
10743
10785
10152
10772
10101
10539
11045
9663
10884
10760
10821
11202
11062
11084
9819
9926
10548
10348
10995
10573
10801
10919
10656
10205
10237
10554
10600
10403
10674
10796
10339
10205
10647
10445
11132
10590
10574
11055
9733
11257
10146
10999
10617
9905
10929
11114
10833
9693
10409
10693
10474
10566
10118
10096
10683
10070
11148
10438
11712
10843
10333
10587
9861
10066
10600
10496
10033
11354
10584
10776
10585
10875
11223
10687
10888
10589
9671
10413
10800
10685
10728
10656
10871
10462
10282
11003
11289
10582
10553
10379
10623
10342
10610
10372
10856
10266
10640
10832
11055
10989
10513
10734
10883
10735
10114
10583
10104
10842
10364
9955
11209
11321
10541
10412
10488
10507
10698
10940
10697
10044
10826
10899
10620
11077
10860
10668
10501
10684
10573
11559
10457
11017
10538
10712
10347
10254
10474
10658
11075
10644
10459
11449
11134
10286
11436
10631
10719
11242
11108
10912
11099
11059
10848
11570
10809
10840
11254
10725
10880
11225
11302
10904
11037
11048
10504
11657
11221
11272
10579
11821
11283
11748
10820
11257
10982
11784
11266
11268
11631
11231
10766
11009
11782
10632
12066
10673
10903
10933
11719
12566
11239
11624
10573
11192
11363
11135
10659
11280
11550
11469
11052
10887
11377
10777
10943
11057
11769
11484
11188
11207
11371
11436
12199
11083
11790
10917
11432
11416
11179
11745
11115
11489
10525
11404
10646
11344
11392
11812
11206
11571
11787
11547
11261
11072
11309
11111
11397
11581
11140
11140
11348
11592
12509
11164
11528
11217
11552
11167
12061
11973
11792
11284
11634
12812
11649
11627
11608
11061
11510
11329
11303
11642
10907
11797
11776
11866
12040
11997
11859
11996
11648
11895
11388
12016
11645
11790
11138
11840
11121
11796
11869
11781
11269
11582
12327
11845
12201
12279
11549
12293
11793
11967
11716
11634
11816
12084
11633
12237
11450
11398
11973
11922
11731
11816
12755
12424
12619
12676
11719
11694
12040
12155
12125
12371
11859
12664
12362
12763
11962
11500
12253
12911
12079
12172
12442
12569
12608
12369
12283
11992
12078
12714
12637
12717
13208
12352
12749
12860
12769
12230
12772
12368
12794
12721
12944
12310
12595
12182
12758
11938
12372
11924
12702
12661
11917
12588
12752
12919
13091
12810
12623
13226
11912
12418
12866
12510
12640
13578
12124
13465
12403
12360
12828
13756
12508
12711
12454
13408
12930
13385
13192
13397
13231
13364
13004
13214
13000
13511
13212
14036
13771
13565
13347
13401
13962
13321
12561
13545
13179
13762
13306
13472
13440
13223
13554
13471
13686
14159
14029
13796
13586
14368
13864
13842
13174
13658
13512
13707
14416
13636
13596
13788
14326
14046
13157
14288
13759
14281
13152
13755
14365
14316
13959
13896
13978
14101
14323
13412
13977
14040
14129
13672
14417
14255
14563
13764
14422
14340
14698
14650
14736
14877
14256
14256
15908
14158
14774
15422
14132
14568
14660
14626
15208
14349
14967
15340
14202
14086
14609
14026
14604
15146
15286
15177
15640
15540
15258
15472
14376
14710
14951
14825
15688
15213
16241
15822
15578
14256
15917
15882
15574
16299
15722
16037
16152
16299
15710
15869
16245
16254
15887
16814
16165
15786
15741
16333
16555
15916
15852
16246
16162
17273
17056
17521
17016
16363
16736
15832
16943
16968
16772
16568
17052
16955
17764
16466
17452
17132
16811
16544
17308
17359
16708
16997
16654
17367
17677
17424
17057
17694
17819
18038
18253
18360
17309
18119
18327
17505
18328
18397
18020
18681
18794
17891
17536
18331
18039
18678
18297
18282
18986
18964
18736
18697
18745
18818
18901
19606
19083
19371
19139
19658
19104
19680
19533
20315
19815
19566
19814
19777
19248
20016
19670
19797
20576
20318
20298
19736
20141
20788
20794
20287
20408
20328
20592
21009
20653
21093
20891
20226
20950
20713
21278
21744
20916
20900
22020
21644
21606
21414
21717
21163
22050
21632
20986
22152
22648
21699
22733
22423
21913
22978
22656
23236
22539
24193
22830
23433
23144
23092
24052
23308
24114
23253
23801
23414
23513
25036
24955
24472
24436
24059
24925
25082
24634
24975
24646
24856
24749
24253
24210
24954
25091
25122
25061
24945
25809
26523
26117
25615
25924
26085
26533
26106
26527
26964
26509
27545
27626
26504
26584
26740
27429
27412
27452
27904
27185
27617
27926
27291
28560
27011
28132
27799
28824
29022
28364
28822
29266
29040
29124
29397
29386
29120
29778
30344
30650
30438
29875
30050
31060
30499
31045
31240
30633
30520
31040
31308
31321
31236
31688
32221
31430
32478
32460
33141
32594
32234
33384
32698
32016
33152
33552
33981
34136
33896
33394
33981
34601
34180
34420
34667
35046
34886
35562
35643
35392
35853
35264
36352
36429
35676
36589
36485
36356
36513
37755
37572
38388
37690
37985
37172
37862
38801
38743
38649
39152
39040
39019
39301
38580
39314
39799
40377
40312
40622
42008
41056
40749
40878
41232
41325
42053
41846
42156
42357
42676
41954
42404
43264
42716
42938
43590
43190
42966
43768
44390
45002
43908
44643
45200
46208
45031
45610
44731
46596
46356
46253
47224
46400
47276
47160
47828
48304
47844
47899
48427
48210
48093
49161
49172
48502
49426
49452
49706
48646
49645
49160
50624
50916
50692
50982
50913
51316
52121
51990
51846
52120
52890
52116
52103
52692
53336
53865
53292
52916
53324
54532
53980
54296
54949
55108
55328
56484
55813
55668
56650
57303
56020
57226
57664
58437
57616
56493
57933
57866
57188
58961
58062
58765
60248
59370
59332
59595
59994
60870
59988
60481
60948
60744
60890
62347
61368
61883
61242
62442
62028
62152
62057
64340
63333
63744
63256
64285
63429
64036
63726
65054
64364
63933
64827
65535
65535
65387
65535
65535
65535
65535
65535
65535
65535
65535
65535
65535
65535
65535
65535
65535
65535
65535
65535
65535
65535
65535
65535
65535
65535
65535
65535
65535
65535
65535
65535
65535
65535
65535
65535
65535
65535
65535
65535
65535
65535
65535
65535
65535
65535
65535
65535
65535
65535
65535
65535
65535
65535
65535
65535
65535
65535
65535
65535
65535
65535
65535
65535
65535
65535
65535
65535
65535
65535
65535
65535
65535
65535
65535
65535
65535
65535
65535
65535
65535
65535
65535
65535
65535
65535
65535
65535
65535
65535
65535
65535
65535
65535
65535
65535
65535
65535
65535
65535
65535
65535
65535
65535
65535
65535
65535
65535
65535
65535
65535
65535
65535
65535
65535
65535
65535
65535
65535
65535
65535
65535
65535
65535
65535
65535
65535
65535
65535
65535
65535
65535
65535
65535
65535
65535
65535
65535
65535
65535
65535
65535
65535
65535
65535
65535
65535
65535
65535
65535
65535
65535
65535
65535
65535
65535
65535
65535
65535
65535
65535
65535
65535
65535
65535
65535
65535
65535
65535
65535
65535
65535
65535
65535
65535
65535
65535
65535
65535
65535
65535
65535
65535
65535
65535
65535
65535
65535
65535
65535
65535
65535
65535
65535
65535
65535
65535
65535
65535
65535
65535
65535
65535
65535
65535
65535
65535
65535
65535
65535
65535
65535
65535
65535
65535
65535
65535
65535
65535
65535
65535
65535
65535
65535
65535
65535
65535
65535
65535
65535
65535
65535
65535
65535
65535
65535
65535
65535
65535
65535
65535
65535
65535
65535
65535
65535
65535
65535
65535
65535
65535
65535
65535
65535
65535
65535
65535
65535
65535
65535
65535
65535
65535
65535
65535
65535
65535
65535
65535
65535
65535
65535
65535
65535
65535
65535
65535
65535
65535
65535
65535
65535
65535
65535
65535
65535
65535
65535
65535
65535
65535
65535
65535
65535
65535
65535
65535
65535
65535
65535
65535
65535
65535
65535
65535
65535
65535
65535
65535
65535
65535
65535
65535
65535
65535
65535
65535
65535
65535
65535
65535
65535
65535
65535
65535
65535
65535
65535
65535
65535
65535
65535
65535
65535
65535
65535
65535
65535
65535
65535
65535
65535
65535
65535
65535
65535
65535
65535
65535
65535
65535
65535
65535
65535
65535
65535
65535
65535
65535
65535
65535
65535
65535
65535
65535
65535
65535
65535
65535
65535
65535
65535
65535
65535
65535
65535
65535
65535
65535
65535
65535
65535
65535
65535
65535
65535
65535
65535
65535
65535
65535
65535
65535
65535
65535
65535
65535
65535
65535
65535
65535
65535
65535
65535
65535
65535
65535
65535
65535
65535
65535
65535
65535
65535
65535
65535
65535
65535
65535
65535
65535
65535
65535
65535
65535
65535
65535
65535
65535
65535
65535
65535
65535
65535
65535
65535
65535
65535
65535
65535
65535
65535
65535
65535
65535
65535
65535
65535
65535
65535
65535
65535
65535
65535
65535
65535
65535
65535
65535
65535
65535
65535
65535
65535
65535
65535
65535
65535
65535
65535
65535
65535
65535
65535
65535
65535
65535
65535
65210
64996
65156
65112
65220
65013
64005
64433
63272
63602
63717
62749
63720
63760
62996
62490
62372
63060
62302
62080
61610
60457
59850
60320
60848
60324
59680
60498
58164
59616
59520
59396
58089
58436
58173
57541
57287
57181
57656
56310
56558
56354
54794
55844
54222
54912
55412
54937
54500
54554
54452
53451
54852
54220
54272
53650
52844
52890
51572
49645
48877
48829
48962
48548
48842
49651
49609
49626
51251
49344
50010
49896
49355
50120
48650
47770
47360
46891
47994
46600
47200
47048
46208
46706
45806
45972
45105
45094
44917
44253
44322
44747
44015
44036
43210
42810
42942
43652
42595
42247
41932
41536
40356
42025
40458
40628
40619
39732
39637
40170
39223
39128
38383
38980
38029
38336
38464
37173
37404
38170
37993
36763
36463
37167
36789
36332
35227
34794
34725
35673
34229
33824
34852
34718
33936
33499
33308
34549
32958
33068
32596
32473
32118
32424
32292
31639
31346
30936
30918
30150
30682
30293
30196
30090
29869
29824
28106
28336
28647
28381
28861
28980
28911
28644
26952
26925
27228
26740
27094
27277
26471
26853
26389
26699
26116
25565
25901
26121
24802
24822
25382
25370
24137
25061
23890
24344
23633
23517
24298
23181
22871
22612
23700
23385
22346
22251
23250
22428
22388
22494
21795
21733
21386
20849
20424
20855
21837
20941
21541
20236
20252
20430
19964
19863
20022
20038
19962
19422
19492
19327
19869
19361
18853
19869
18132
18792
18809
17717
17921
18236
17403
18073
17814
17850
17632
18610
18525
17048
17053
16960
17964
17448
17036
16374
16834
16596
15960
15997
16751
17224
16602
16500
16150
16157
16410
15260
16703
15753
16172
15186
15733
15073
15565
15140
15003
15983
14905
15830
15154
15449
14365
15815
14918
15508
14100
14159
15470
14981
14100
14628
13019
14658
14380
15013
14285
14697
13966
14274
13579
13568
14138
13936
13643
12875
13687
14448
13956
13789
13195
13494
13274
13525
14380
12616
13428
13376
13269
12314
12931
12953
13477
12340
12957
12738
13220
12696
12841
12777
12920
12752
12822
