8742
8788
7981
8505
8165
10050
7783
8320
8484
8098
8586
7701
8125
7976
7617
8982
8834
8076
8758
8654
7509
7995
7634
8265
8753
8175
8502
7984
7748
8663
8414
7859
7882
7917
8045
8346
7617
8548
8200
8804
8343
8058
8027
8264
8671
7548
8830
7909
8802
8836
9334
8913
9016
8095
8286
8060
8183
7744
8133
8624
7940
7925
8739
8814
8056
8031
8210
7725
8829
8672
8398
7720
8344
8580
8669
8518
8221
8580
8271
7869
9058
8270
8558
8297
8471
8786
8588
7577
8892
8394
8518
8868
8701
8256
8109
8676
8379
9153
9186
8204
8469
8026
8891
8006
8789
8822
8042
9041
7716
8205
8843
8085
9198
8785
8367
7878
8051
9019
8788
8814
8790
8189
8164
8882
8789
8960
9300
8560
7809
8883
8548
8200
8843
8296
8624
8464
9304
9063
8786
8354
8695
8562
8164
8512
9133
8754
8590
8864
8491
8504
9114
8517
8859
8556
8068
8672
9001
8911
9151
8759
9822
8316
8544
8381
8504
9016
9010
8284
9185
7992
8815
8853
8838
8001
8542
8134
8685
8793
9036
8800
8567
9417
9070
8706
8802
9426
8858
8346
9455
8867
9368
8580
9071
8877
8443
8810
8634
9010
8655
9596
8234
8222
9233
8552
8544
8722
8996
8734
9304
8730
9045
8741
9220
8927
8391
7967
8904
8867
8839
8736
9388
9080
9037
8461
9407
9223
8742
9048
8337
9227
8207
8418
9012
9057
8618
8832
8750
8513
9123
8912
9564
8942
8472
8802
9172
8907
8938
9067
8800
9408
8388
9422
9002
9335
8740
9010
8517
8675
9474
8423
8634
9216
8652
9156
8453
9164
8543
8518
9149
9783
9735
9039
9413
9350
8310
8764
9414
8448
8404
9306
9107
8770
9370
8429
9325
8378
8960
9412
9315
9105
8848
8502
9135
9314
9792
8813
9117
9184
8603
9089
9236
9203
8314
8749
8672
9256
8871
9225
9265
9302
9110
10092
9535
9093
8436
9254
9801
9114
9579
8861
9599
8025
9282
9215
8820
8605
9881
9230
9073
9606
9053
8608
8480
8842
8869
9702
9428
8865
8810
8877
9869
9528
9546
8373
9035
8987
9519
9358
9358
9619
9263
9481
9135
8893
9530
9136
9178
9673
8771
9581
8404
9363
9280
8220
9524
8656
9104
8704
9477
9128
8803
8678
9386
9211
8985
8912
9059
8633
8777
9128
8340
9414
8313
9544
8994
9071
9396
8703
9497
9003
8948
9580
8722
9180
9512
8720
9187
8758
9255
8868
9292
9510
8799
9364
9526
9408
9226
9744
9242
9310
9666
8937
9586
9594
9078
9478
9191
9232
9213
9426
9460
9533
9406
9424
9288
8779
9220
8302
9094
9138
8864
9288
9360
9301
9018
9232
9449
9162
8845
9231
9106
9364
9076
8518
9337
9494
8955
9614
9135
9523
8746
9124
9245
9479
9285
9967
8946
8799
9563
9025
8778
9049
9422
9722
9179
10090
9241
9527
9129
9442
9437
9695
8821
9545
9992
9345
9732
8962
9578
8593
8724
8681
9585
9947
9533
8916
9782
9155
9318
9417
9170
8930
8828
8853
9121
9406
10306
9750
9073
8997
9914
9862
8934
9399
9901
9088
9641
9001
9394
8803
9264
9382
9652
9994
9260
9649
9687
9550
8589
8894
9999
9226
9380
8893
8798
9938
9280
9689
9449
9608
9568
9352
9708
9776
9315
9878
9167
9948
8970
10049
9290
9890
9591
9622
9874
8983
10008
8869
8701
9213
9478
10661
9338
9621
9748
9308
9700
9458
9660
10052
9115
9237
9569
9672
9623
9950
9770
8852
9504
9282
9168
8955
9240
9174
8523
9579
9810
9585
8804
9590
9597
9385
9601
8849
8607
9620
9652
9972
9583
9413
9496
9433
9320
8864
8851
8836
9617
9069
9162
9398
8991
9002
9389
10190
9410
9496
8772
9286
9546
9105
9153
9348
9445
9087
9153
9714
8826
9725
9283
9841
9080
9551
10033
9235
9101
9327
8809
9758
9858
9588
9442
9234
9252
9643
10008
8260
9092
9377
9592
9815
9058
9412
9170
9937
10061
10127
10230
9220
9302
9154
9769
8909
8884
9476
9453
8725
9874
9647
9490
9665
9455
9421
9622
9636
9510
9141
9396
9496
9568
9139
9739
9389
9306
10069
9701
9155
9600
9513
9206
10746
9594
9076
8679
9293
9105
9690
9689
9030
9792
9990
9594
9239
9600
9680
9307
9627
9379
9824
9839
9288
9830
10030
9204
8745
9125
9062
9528
9976
9444
9868
8912
9143
9307
9748
9746
9249
9025
9938
9442
9798
9510
9511
10031
9509
10437
9377
9646
8868
9903
9066
10100
9868
9595
8941
9618
9688
9970
9459
9514
10173
9461
9778
8804
9472
9786
9870
9330
8788
9450
9282
9799
9348
9495
9981
9260
9497
9618
9476
9870
10530
9725
9126
9637
9519
9126
9719
9376
9917
9344
9522
9375
9435
9076
9394
9435
9431
9609
9461
10190
9559
9829
9931
10152
10270
9645
10239
9306
9204
8825
9570
9290
9695
9472
10100
9451
9613
9618
9398
9881
8615
10013
9749
9243
9764
9501
10058
9419
9507
9517
10437
9491
9227
9839
9280
9639
10065
9286
9560
9217
9563
9746
10170
9436
9519
9540
9777
10147
9455
9666
10020
9032
8948
10338
9386
9275
8925
10038
9578
9128
9082
9460
9911
9780
8929
9447
9775
9823
9640
10234
10859
9448
9403
9442
9706
8741
10168
9907
9757
10193
9408
10056
9965
10137
8795
9366
10053
10113
10273
9539
9054
8816
8843
9657
9345
8990
9758
9536
9526
9837
9248
9910
9912
9181
9607
9333
9878
9265
9301
9550
9018
9042
10042
9626
9679
9001
8814
9458
9900
9580
9220
10132
9672
9560
9214
9425
10301
9656
8911
10148
9044
10190
9129
9869
9372
9652
9526
9572
9123
9220
9540
9818
9188
9499
9990
9448
10102
9449
9202
9736
9440
9493
8539
9836
9532
9328
9642
8664
9127
9768
8841
9373
9891
9564
9691
10085
9063
10141
9042
9621
8835
9237
8869
9591
9355
9676
9498
9405
9322
9652
9240
9236
10041
9712
9893
10350
9958
8951
9573
8828
10292
9255
9032
9656
9769
9964
9806
9518
8861
9498
9462
9221
9182
9334
9486
9787
8898
9504
9213
9675
9870
9262
9472
9671
9414
10064
9019
9236
8744
9107
8948
9229
9792
9057
9564
10476
9023
9390
9154
9599
9707
9327
9976
9261
10105
8379
9609
9638
9128
10329
9760
9684
9572
9342
9981
9507
9135
9080
9792
9377
8954
9945
9528
9775
9408
9116
9417
9659
9402
8929
9708
9784
9230
10683
9503
9224
9684
10016
9194
9500
9872
9774
10028
8930
9846
9894
9913
9936
10240
9511
9428
9540
10293
9207
10249
9532
9256
9282
9034
8805
9950
9537
9644
9118
9492
9762
9424
9260
9509
9220
9019
9812
9299
9521
9459
9384
9593
10582
9219
9595
9288
10213
9592
9430
9934
9067
9877
9372
9825
9736
9695
9748
8893
9554
8917
9362
9484
8966
9102
9995
9686
9679
9788
9839
9956
9226
10272
9344
9276
10579
9618
9341
9598
9203
8865
9853
9451
9946
10069
9838
9463
9673
9253
10625
9961
9417
9664
9663
9870
9471
10196
9326
9466
9333
9818
9339
9655
9435
9943
9456
10016
9450
9426
9717
10581
9850
9288
10073
9791
9162
9746
9754
9461
9393
9420
9886
8827
9981
9076
10324
9276
9763
9638
8408
9773
9277
10061
9695
9574
9840
9650
10093
9641
9988
9509
9565
9171
10217
9531
9098
10221
9383
9609
10048
9710
10273
9329
9563
9044
9353
10371
10103
9882
9731
9035
9397
9099
9227
9234
9402
9884
9721
9367
9541
10337
9556
10214
9182
9607
9539
9782
9219
9514
9647
9548
9638
10419
9835
8853
9769
10074
10260
9709
9673
9244
9003
9257
9940
9485
9183
9290
9612
9813
9143
9497
9392
9694
9658
9545
9565
8965
9933
9939
9384
9858
10480
9433
10222
9495
9467
9417
9856
9468
9684
10025
9240
9442
10074
9708
9729
9120
8891
9815
9292
8881
9869
9226
10290
10652
9749
9766
8923
9483
10479
10235
9658
9842
9958
9446
9925
10029
9743
9014
9507
9419
9182
9712
9150
10006
9913
9504
9075
9189
9601
9606
9584
9761
9147
10325
9065
9296
9903
9251
9768
9800
9566
10286
9528
10549
9759
9549
9861
9073
9797
9826
10251
9611
10228
9188
10187
9833
10276
10195
9653
9205
9597
9887
9753
10039
9620
9142
9543
9690
9858
9310
9500
10382
10029
10241
9839
9629
9752
9758
9748
8876
9639
9248
10731
9627
10006
9487
9994
10171
9401
9789
10417
9967
10321
10570
9927
8961
9980
10386
9888
9567
10357
9716
9809
9594
9440
9825
9212
9853
10149
9455
10197
10166
9322
9544
9709
9888
9537
9867
9486
10209
10111
9766
9701
9451
10261
9732
9485
10378
9581
10178
10162
9743
9964
9851
9219
10408
9367
10354
9494
10427
10616
9305
9684
10054
10123
9881
9979
10082
9480
9568
9845
10456
9637
9868
9635
9746
9534
9955
9608
9896
10050
9346
10195
9713
9869
9609
10004
10024
9903
9682
10216
10115
10252
9850
9374
9706
9442
10336
9905
9858
8650
9067
9680
10472
9969
9767
10104
9568
8807
9295
9850
10386
10476
9688
10066
10006
9482
9813
9927
10009
9167
9854
9772
9852
9894
10081
9530
9276
9472
10462
9451
9817
9789
10172
10105
10119
10412
10002
9540
9931
9991
10411
10604
10206
9724
9648
9815
9892
9476
9913
10046
10686
10845
9842
9999
9480
10807
9821
9626
10154
10338
9565
10140
9370
10140
9754
10240
9441
10496
10061
9744
9600
10114
9614
9880
9877
9697
10407
10003
9546
9376
10488
10517
9878
10024
9836
9880
10276
9545
9987
9851
10394
10287
10741
10334
9532
10846
10372
10208
9818
10333
10250
10125
9910
10065
9712
9748
9921
9299
9851
10045
10076
10297
10139
10024
9914
9767
9363
10178
10100
10432
10540
10325
9986
10575
9769
9541
9958
10356
10558
10019
9428
10674
9567
10513
9917
9254
10393
9769
9584
9740
10479
10284
9654
10247
10516
10050
10622
9838
9662
10514
10344
10836
10217
10052
10167
10222
10335
9872
9965
10109
10102
9863
10333
10158
9984
10014
10307
10543
10060
10176
9532
9329
9493
9759
9688
9532
9967
10396
9929
10079
9932
9912
10251
10207
10745
10135
10803
9990
10580
10131
9844
10809
10054
9820
9973
10759
9837
9651
10622
10347
10123
10235
10235
10300
9493
10910
9899
10173
10130
9911
10427
10120
10260
10757
10293
10111
10183
10294
10025
10422
10578
10351
9832
9775
10030
9834
9640
10467
10173
10532
9351
10670
10289
10086
10276
10185
10253
10294
10179
10868
10117
10345
10106
9632
10438
10389
10228
9845
10289
9724
10916
10324
9637
9875
9981
10266
10156
10058
10237
9930
9786
10287
10694
9745
9525
9957
10063
10144
10870
10259
9634
9816
9767
10305
10571
9515
9980
10638
10743
9216
10733
10341
10721
10465
10584
10511
10626
9959
10575
10068
10371
10414
9933
10270
9974
11110
10276
10151
10404
10300
10656
10314
10160
10235
10488
10167
9638
10785
10420
10164
10981
10353
10015
10198
9569
9814
9845
10382
10167
10140
10354
10680
11007
10844
9984
10484
10184
9910
10667
10228
10859
10543
10690
10541
10034
10421
10528
10089
10299
10768
10571
10032
10191
10787
10089
10568
10607
10202
10065
10432
10344
10055
10949
9979
10354
10222
10076
10486
10949
10324
10853
10975
10074
11134
10279
10032
10336
10557
10329
10377
10925
10489
9748
10525
10864
11063
10463
10771
10533
11189
9793
10446
10770
11064
10748
11161
10695
10248
10065
10031
10108
10926
10713
9576
10751
10416
10641
11396
10714
10543
10675
10832
10292
10755
10306
10634
10472
10543
9629
9931
10804
10704
10478
10268
10838
10315
10462
10481
10496
10393
9717
10571
10711
10948
10388
11135
10259
10521
10694
10340
10694
10466
10583
11126
10645
10684
10158
11580
10152
10234
10491
10699
11166
10626
10596
10472
10399
10648
10800
9913
10381
9392
10636
10104
10763
10938
10073
10988
10664
11304
10245
10988
11239
10520
10124
10681
10902
10795
10700
11080
10898
10396
11469
10329
10059
10292
10358
10219
11224
10409
10284
10434
10188
10587
10274
10687
11150
11292
9778
11298
10154
10437
10711
10412
10994
10877
10727
10987
10954
10448
10951
10613
10796
11026
10881
10342
10969
10322
10501
11223
9896
11002
10852
11324
11178
11302
11131
10148
10253
10670
10861
11449
10749
11116
11269
10693
10344
10372
10746
10965
10746
10717
11083
10516
10180
10952
10744
11484
11174
10830
11285
10386
11585
10137
11312
10822
10394
11165
11544
11120
10251
10470
11100
10758
10996
10376
10463
11206
10513
11575
10699
11601
10950
10749
11325
9931
10547
10532
11121
10368
11894
10810
10973
10856
11363
11492
11072
11374
10951
9910
10503
11144
11093
10909
10933
11297
10697
10633
11400
11314
11033
11053
10513
11117
10772
11262
10821
10972
10397
10834
11183
11247
11132
10908
11226
11116
10972
10389
11012
10484
11001
10767
10143
11823
11528
10976
10746
10724
11082
11108
11378
11179
10403
11364
11025
11202
11622
11119
11274
10691
11204
10928
11876
10669
11360
10701
11216
10916
10456
10936
11064
11259
11208
10649
11761
11950
10636
11825
10836
10972
11568
11567
11267
11498
11114
11238
11787
11098
11309
11408
11010
11018
11489
11872
11372
11426
11701
10958
12059
11522
11579
10927
12216
11654
12189
11117
11492
11305
12226
11888
11333
11881
11361
10720
11452
12171
11050
12305
10781
11381
11073
11848
12800
11585
11789
10907
11633
11702
11597
10804
11566
11780
11704
11259
11148
11668
11132
11504
11440
11994
11714
11452
11284
12082
11811
12553
11225
12173
11156
12004
11410
11616
12100
11393
12026
10821
11773
11044
11889
12024
12005
11458
11821
12323
11908
11660
11472
11761
11354
12056
12094
11457
11547
11650
11711
12612
11652
11868
11327
11999
11573
12668
12392
12101
11632
12061
12957
11944
12150
11896
11311
11834
11767
11647
12140
11405
12212
11810
12489
12516
12344
12281
12203
11999
12381
11834
12300
12166
11965
11720
12024
11558
11904
12323
12228
11652
12100
12491
12184
12674
12582
11696
12467
11905
12381
11919
11821
12425
12501
11860
12450
11874
11917
12324
12050
12093
12162
13034
12930
12834
13258
12073
12298
12668
12667
12561
12906
12260
13050
12832
13004
12136
11971
12429
13440
12450
12652
12918
12985
13218
12832
12719
12343
12372
12986
13062
12933
13462
12953
12943
13275
12778
12658
12829
12588
13230
13328
13393
12911
13100
12388
13175
12389
12450
12493
13170
13039
12467
13050
13209
13432
13399
13161
13046
13614
12611
12932
13301
12853
13144
13756
12385
14042
13084
12820
13364
14050
13162
13124
12985
13941
13232
13586
13865
13914
13409
13824
13170
13772
13416
13950
13700
14612
13563
14010
13739
13588
14244
13582
12672
13824
13660
14217
13383
14017
13731
13595
14297
13835
13901
14594
14636
14256
14354
14660
14321
14519
13469
13840
14071
14170
15019
14153
13866
13981
14979
14400
13563
14935
14063
14796
13850
14394
14670
14680
14236
14498
14624
14477
14774
13689
14671
14708
14434
14066
14652
14676
14979
14516
14626
14725
15292
14761
15055
15014
14686
14815
16034
14457
15221
15990
14500
14959
15084
15205
15698
14742
15512
15573
14710
14683
15102
14534
14926
15698
15462
15452
15796
15548
15512
15754
15135
15560
16054
15397
16251
15617
16837
16436
16396
15113
16252
16488
15824
16788
16260
16536
16442
16619
16284
16445
16584
16757
16263
17684
17005
16487
16299
16896
17206
16477
16342
16612
16906
17751
17574
17692
17572
16520
17129
16407
17728
17669
17370
16796
17819
17257
18420
17310
17813
17463
17386
17082
17719
17806
17172
16877
17032
17978
17783
17642
17764
18133
18502
18342
19084
19012
18107
18656
18852
18065
18765
19358
18710
19204
18896
18653
18156
18799
18595
19352
18732
18891
19573
19391
19294
18836
19374
19262
19132
19959
19609
19407
19452
20071
19961
20247
20008
20659
20315
19924
20165
20160
20203
20557
20386
20348
21268
20599
20718
20621
20957
21224
21229
20790
21314
20939
20891
21528
21261
21837
21367
21037
21594
21643
21996
22762
21708
22048
22860
22372
22274
22301
22504
22120
22538
22565
21549
23156
23390
22386
23214
22997
23344
23411
23627
23937
23178
24974
24004
23984
24009
23812
24752
24580
24516
24155
24580
23936
24214
25644
25835
24969
25256
24843
25924
25744
25403
25529
25140
25532
25452
25241
24745
25593
25490
26090
25651
25621
26362
27085
26650
26601
26719
27028
27448
26676
27460
27732
27236
28176
28393
27239
27511
27904
28022
28107
28333
28788
27855
28428
28889
28190
28884
27961
29064
28582
29588
29316
29002
29908
30447
29472
30300
30312
30539
30314
30360
31355
31802
31398
30778
30861
31982
31512
31374
32284
31404
31754
31770
32448
32324
32213
32937
33245
33061
33589
33386
34096
33538
33373
34610
33963
33380
33832
34433
34509
34840
35036
34442
34556
35220
34917
35328
35828
36188
36454
36876
37004
35968
36911
36516
37038
37268
36740
37494
37606
37049
37594
38505
38721
39168
39114
38938
38364
39060
39529
39844
39328
40107
40576
40266
40861
39895
40392
41306
41485
41492
41931
42977
42797
42077
42504
42523
42821
42857
42786
43626
43142
44057
43501
44041
44458
43924
43876
44891
44748
44789
45198
45355
46708
45636
46037
46749
47212
46510
47070
46298
47178
47457
47771
48388
48256
48908
49060
49272
49034
48538
49878
49174
49792
49466
50525
50916
49716
51133
51300
50916
50799
51220
51194
51466
52701
52890
52624
52522
52203
53780
53768
53165
53574
54792
53690
53764
55092
55364
55924
55450
54374
55163
56126
55552
56464
56712
56965
57139
58148
56984
58007
58000
58728
58218
58731
59273
59576
58026
58484
59706
59820
58228
60100
60328
60788
61770
61151
61420
61060
62010
62292
62328
62349
62905
62720
62907
63658
62508
64042
63051
64290
64032
65016
64237
65535
64836
65164
65535
65535
65535
65535
65535
65535
65535
65535
65535
65535
65535
65535
65535
65535
65535
65535
65535
65535
65535
65535
65535
65535
65535
65535
65535
65535
65535
65535
65535
65535
65535
65535
65535
65535
65535
65535
65535
65535
65535
65535
65535
65535
65535
65535
65535
65535
65535
65535
65535
65535
65535
65535
65535
65535
65535
65535
65535
65535
65535
65535
65535
65535
65535
65535
65535
65535
65535
65535
65535
65535
65535
65535
65535
65535
65535
65535
65535
65535
65535
65535
65535
65535
65535
65535
65535
65535
65535
65535
65535
65535
65535
65535
65535
65535
65535
65535
65535
65535
65535
65535
65535
65535
65535
65535
65535
65535
65535
65535
65535
65535
65535
65535
65535
65535
65535
65535
65535
65535
65535
65535
65535
65535
65535
65535
65535
65535
65535
65535
65535
65535
65535
65535
65535
65535
65535
65535
65535
65535
65535
65535
65535
65535
65535
65535
65535
65535
65535
65535
65535
65535
65535
65535
65535
65535
65535
65535
65535
65535
65535
65535
65535
65535
65535
65535
65535
65535
65535
65535
65535
65535
65535
65535
65535
65535
65535
65535
65535
65535
65535
65535
65535
65535
65535
65535
65535
65535
65535
65535
65535
65535
65535
65535
65535
65535
65535
65535
65535
65535
65535
65535
65535
65535
65535
65535
65535
65535
65535
65535
65535
65535
65535
65535
65535
65535
65535
65535
65535
65535
65535
65535
65535
65535
65535
65535
65535
65535
65535
65535
65535
65535
65535
65535
65535
65535
65535
65535
65535
65535
65535
65535
65535
65535
65535
65535
65535
65535
65535
65535
65535
65535
65535
65535
65535
65535
65535
65535
65535
65535
65535
65535
65535
65535
65535
65535
65535
65535
65535
65535
65535
65535
65535
65535
65535
65535
65535
65535
65535
65535
65535
65535
65535
65535
65535
65535
65535
65535
65535
65535
65535
65535
65535
65535
65535
65535
65535
65535
65535
65535
65535
65535
65535
65535
65535
65535
65535
65535
65535
65535
65535
65535
65535
65535
65535
65535
65535
65535
65535
65535
65535
65535
65535
65535
65535
65535
65535
65535
65535
65535
65535
65535
65535
65535
65535
65535
65535
65535
65535
65535
65535
65535
65535
65535
65535
65535
65535
65535
65535
65535
65535
65535
65535
65535
65535
65535
65535
65535
65535
65535
65535
65535
65535
65535
65535
65535
65535
65535
65535
65535
65535
65535
65535
65535
65535
65535
65535
65535
65535
65535
65535
65535
65535
65535
65535
65535
65535
65535
65535
65535
65535
65535
65535
65535
65535
65535
65535
65535
65535
65535
65535
65535
65535
65535
65535
65535
65535
65535
65535
65535
65535
65535
65535
65535
65535
65535
65535
65535
65535
65535
65535
65535
65535
65535
65535
65535
65535
65535
65535
65535
65535
65535
65535
65535
65535
65535
65535
65535
65535
65535
65535
65535
65535
65535
65535
65535
65535
65535
65535
65535
65535
65535
65535
65535
65535
65535
65535
65535
65535
65535
65535
65535
65535
65535
65535
65535
65535
65535
65535
65535
65535
65535
65535
65535
65535
65535
65535
65535
65535
65535
65535
65535
65535
65535
65535
65535
65535
65535
65535
65535
65535
65535
65535
65535
65535
65535
65535
65068
65272
65535
64685
65218
65524
65096
64383
64102
64916
63636
63986
63066
62302
61914
61844
61578
61896
60893
61524
59928
61284
60694
60314
59460
60064
59949
59307
59520
58920
58548
57141
58028
57829
55926
56458
55705
56384
56180
56602
55770
55565
55684
54960
55428
55034
55565
54968
53972
53932
52340
50394
49816
49941
49984
50052
50024
51328
50402
50848
51874
51528
50464
50876
50741
50730
50084
48488
48891
48122
49032
47738
47606
48592
47360
47864
46738
46970
46346
46340
45450
45401
44965
45949
45006
45377
44644
44196
44248
44196
43702
43490
42747
42314
41544
42739
41132
41512
41400
39949
40813
41300
40657
39677
39391
39481
39325
39040
39192
38258
38080
39469
38644
37433
37538
37960
37131
36756
35968
35700
35917
36261
35120
34682
35641
35354
34475
33877
34164
34888
33934
33607
33098
32952
32650
33280
33099
32583
31890
31915
31920
31106
31465
30876
30890
30459
30373
30619
28801
29363
29128
28834
29562
29133
29034
29218
27930
27276
28191
27468
27337
27691
27282
27309
27062
27204
26711
25864
26361
27072
25841
25094
26030
25796
24508
26100
25030
24469
24203
24513
24832
24012
23461
23165
23846
23669
23000
22580
23626
22769
23177
22912
22317
22538
21869
21760
21245
21286
23065
21291
22092
20560
20845
20812
20281
20532
20886
20537
20176
20000
20264
19451
20362
19995
19299
20523
18658
19374
18991
18298
18425
18308
18025
18330
18148
18229
18026
18917
18852
17424
17358
17533
18189
17652
17426
16762
17492
17166
16234
16502
17015
17325
17016
16710
16777
16547
17026
15942
16909
16064
16386
15616
15959
15481
16103
15599
15410
15915
15340
16326
15688
15892
14584
16397
15298
15515
14248
14246
15920
15619
14410
14981
13896
14956
14575
15596
14842
15359
14448
15238
13948
13764
14398
14483
14046
13293
14086
14716
14415
14218
13865
13780
13749
13690
14811
13003
14026
13899
13664
12407
13649
13502
13744
12893
13045
13016
13442
12905
13303
13387
13409
13335
13221
