8393
8236
7807
8022
7879
9494
7581
8120
8171
7671
8152
7386
7641
7450
7242
8557
8412
7617
8365
8385
7266
7717
7261
7797
8183
7910
8173
7665
7428
8167
8142
7550
7357
7403
7421
7876
7186
8404
7819
8363
7949
7804
7659
7962
8136
7400
8528
7583
8394
8184
8928
8539
8907
7589
7820
7623
7996
7327
7851
7981
7468
7746
8274
8348
7738
7626
7800
7274
8627
8301
7796
7219
7712
7986
8171
8058
7907
8091
7817
7470
8470
8029
8076
7853
8189
8164
8122
7205
8431
7978
7890
8456
8382
7826
7552
8197
7913
8872
8956
8020
8334
7680
8330
7588
8329
8548
7435
8500
7420
7720
8256
7621
8674
8200
8366
7612
7853
8538
8367
8440
7890
7910
7619
8385
8172
8601
8580
8390
7353
8298
7817
7567
8396
8026
8141
7839
8533
8643
8419
7737
8117
8146
7655
8140
8439
8139
8060
8309
7965
8102
8623
7672
8571
8175
7687
8227
8559
8578
8649
8322
9230
7981
8094
7947
7923
8296
8548
7833
8566
7694
8194
8320
8203
7609
8022
7430
8100
8710
8575
8348
8031
9091
8676
8031
8397
8828
8325
7850
9011
8559
8963
8338
8687
8137
7877
8400
8125
8619
8269
8872
7727
7754
8788
8000
7865
8052
8420
8222
8729
8233
8198
8369
8927
8268
8084
7478
8634
8303
8371
8500
8950
8449
8749
7996
8823
8594
8406
8413
7866
8787
7729
7924
8431
8355
7881
8249
8013
7924
8494
8262
8889
8426
8070
8328
8381
8314
8440
8584
8337
9071
7762
8744
8361
8800
8293
8481
7906
8066
8936
8036
8012
8789
8066
8839
7807
8512
7937
8118
8460
9392
9034
8594
8884
8671
7908
8264
8694
7954
8163
8688
8621
8213
8979
7817
8892
8126
8437
8815
8690
8664
8232
8082
8441
8747
9283
8093
8774
8407
8043
8600
8555
8940
7638
8190
8180
8475
8026
8471
8420
8736
8570
9434
8919
8541
7963
8716
8991
8642
9099
8205
9135
7787
8539
8584
8193
8103
9059
8592
8641
9008
8498
8221
7812
8329
8405
9119
8694
8533
8507
8409
9145
8736
8974
7977
8464
8466
8731
8853
8893
9166
8570
8852
8813
8275
9160
8834
8502
9101
8344
8921
7959
8628
8990
7603
8778
8117
8495
8231
8948
8713
8010
7920
8778
8683
8523
8356
8728
8227
8230
8461
7856
8878
7741
8834
8425
8297
8859
8081
9071
8463
8458
8963
8143
8788
8980
8381
8628
8349
8795
8309
8741
8877
8279
8622
8998
8705
8773
9238
8452
8778
9253
8675
9097
9131
8274
9093
8781
8841
8799
8889
8658
8763
8754
8931
8704
8533
8481
7706
8644
8862
8326
8746
8841
8729
8527
8730
8784
8767
8737
8543
8720
8848
8640
8004
8904
8979
8400
8901
8666
8938
8408
8701
8618
8721
8410
9414
8366
8247
9222
8525
8402
8626
8649
8866
8844
9344
8628
8972
8604
8789
9053
9279
8396
9227
9347
8843
9179
8412
9053
8059
8344
8068
8926
9472
9125
8220
9381
8634
8681
8941
8729
8650
8272
8225
8759
9061
9787
9231
8765
8442
9224
9292
8408
8758
9286
8900
9151
8167
8602
8466
8822
8966
9032
9653
8903
8961
9352
8972
7998
8603
9496
8907
9046
8498
8390
9419
8921
9204
8964
9014
9104
8844
9217
9179
8818
9305
8685
9393
8206
9717
8635
9512
9031
9197
9346
8410
9421
8384
8398
8738
8799
9884
8944
9146
9334
8822
9360
8943
8957
9682
8350
8900
8947
9314
9146
9339
9344
8251
9115
8597
8482
8573
8657
8489
8262
9221
9119
9108
8573
9329
9142
8907
9392
8429
8100
9242
8857
9521
9056
8969
9226
8832
8687
8301
8302
8353
9072
8552
8723
8678
8669
8525
8786
9639
9024
9148
8326
8833
8965
8731
8491
8768
9202
8821
8930
9154
8645
9321
8786
9362
8596
8940
9642
8950
8686
8989
8169
9298
9477
9302
8868
8640
8865
9115
9572
7883
8988
9211
8888
9380
8655
9128
8495
9485
9656
9738
9593
8690
8881
8628
9395
8387
8582
9019
8909
8313
9312
9194
9020
9429
9106
8965
9147
9486
8913
8687
8842
9071
9119
8578
9273
8813
8988
9483
9409
8605
9006
8777
8772
10016
9021
8676
8340
8756
8626
9036
9305
8239
9108
9467
8948
8588
9287
9261
9308
9242
8878
9390
9383
8889
9562
9800
8706
8353
8848
8573
9193
9381
8856
9583
8558
8715
9015
9440
9237
8717
8398
9262
9130
9514
9150
9104
9719
9293
10153
8800
8882
8557
9795
8784
9428
9546
9242
8612
9158
9400
9409
9112
9397
9654
9186
9298
8295
8963
9259
9193
9026
8332
9034
8898
9571
9082
9100
9416
8898
8758
9334
9273
9517
9792
9284
8709
9074
9415
8681
9407
9022
9461
8954
9236
9106
9245
8884
9072
9319
9040
9417
9106
9659
9316
9361
9582
9481
9731
9496
9956
9012
9019
8534
9465
8927
9587
8827
9783
8966
9418
9141
8839
9156
8214
9463
9350
8611
9478
9354
9636
9075
9205
9172
10181
9000
9034
9376
9031
9326
9592
8909
9071
8962
9225
9192
10045
8786
8900
8965
9110
9785
8686
9364
9617
8919
8711
10114
8817
8977
8559
9853
9323
8981
8509
9114
9348
9410
8610
8768
9190
9652
9482
9958
10483
9162
8838
9054
9130
8563
9656
9453
9229
9848
9041
9451
9693
9755
8738
9050
9720
9733
9937
9262
8674
8465
8702
9177
9209
8608
9323
9314
9001
9464
9240
9490
9688
8778
9571
9231
9904
8837
9152
9304
8799
8760
9789
9277
9418
8756
8472
9140
9689
9356
8929
9729
9503
9278
8996
9368
10193
9628
8427
9720
8933
9972
8672
9378
9010
9299
8959
9334
8873
8918
9421
9739
8889
9256
9910
9396
9979
9131
9232
9502
9069
9156
8285
9493
9468
9171
9325
8652
8798
9796
8749
9356
9772
9557
9529
9911
8960
10037
8620
9231
8686
9035
8618
9274
8898
9616
9462
9358
9137
9583
8931
8932
9734
9536
9691
10087
9796
8887
9233
8850
10283
9165
8852
9316
9887
9951
9613
9498
8719
9340
8943
9081
9084
9349
9191
9650
8638
9220
9036
9464
9935
8865
9032
9577
9266
9887
9025
9024
8496
8890
8797
8942
9816
8929
9423
10258
9067
9104
8883
9272
9680
9346
9927
9047
9827
8583
9482
9422
9061
10008
9732
9617
9460
9124
9974
9407
9092
9080
9487
9347
8836
9950
9472
9544
9278
9126
9420
9400
9165
8793
9456
9483
9258
10373
9159
9220
9519
9833
9134
9570
9912
9541
10069
9263
9667
9893
9783
9838
10215
9467
9413
9367
10004
9085
10008
9429
9195
9094
9013
8718
10027
9501
9624
8802
9213
9631
9326
9346
9472
9377
8900
9877
9070
9642
9384
9496
9615
10313
9366
9434
9170
10179
9521
9472
10167
9094
9746
9530
9935
9685
9403
9984
8885
9545
8856
9237
9365
8890
8941
9629
9552
9690
9892
9514
10282
9166
10256
9440
9439
10323
9626
9325
9547
9316
8844
9814
9420
10004
10103
9657
9613
9877
9153
10731
9862
9587
9887
9515
10044
9647
10145
9371
9444
9739
9698
9533
9806
9688
10127
9527
9967
9284
9563
9611
10664
9980
9295
9958
10246
9177
9910
9925
9245
9828
9594
10143
8810
10021
9294
10511
9563
9963
9981
8410
10116
9266
10088
9781
9661
9800
9841
10156
9565
9856
9544
9740
9367
10381
9668
9372
10234
9684
10273
10279
9842
10521
9513
9895
9204
9608
10562
10018
10094
9557
9321
9740
9474
9483
9306
9679
9974
9938
9292
9472
10532
9642
10643
9274
9677
9687
9989
9658
9744
9821
9922
9966
10397
10076
9141
10075
10062
10233
9867
9986
9347
9229
9812
10192
9612
9333
9595
9717
10228
9541
9812
9656
9889
9805
9769
9691
9166
10223
10181
9481
10296
10562
9631
10197
9850
10103
9622
10089
9337
10038
10226
9412
9746
10297
10347
10162
9422
9252
10349
9743
8967
10372
9565
10609
10741
9858
10166
9246
9978
10914
10633
9885
10015
10380
9887
10147
10234
9973
9644
9886
9822
9596
10203
9593
10285
10202
9836
9570
9672
10091
10135
9833
10100
9462
10684
9357
9783
10286
9670
9896
10174
9978
10852
9975
10469
10035
10041
10154
9692
10275
10587
10791
9921
10708
9670
10918
10280
10430
10306
10004
9989
10084
10245
10500
10557
10339
9778
10262
10298
10140
9768
10194
10954
10562
10654
10292
10129
10440
10275
10383
9692
10427
10043
11435
10112
10731
10103
10533
10872
9996
10477
10991
10582
10756
11067
10573
9262
10777
11194
10711
10191
11210
10589
10441
10448
10209
10336
10031
10570
11149
10129
10645
10847
10324
10318
10437
10630
10086
10822
10550
10955
10687
10424
10447
10192
11112
10551
10318
10811
10203
10928
10960
10485
10556
10244
9929
11027
9796
10893
10526
11433
11732
10145
10583
10747
11020
10490
10829
10905
10309
10417
10640
11244
10516
10753
10500
10339
10372
10883
10641
10733
10984
10037
11018
10656
10756
10581
10872
10721
10874
10749
10850
10835
11301
10804
10141
10711
10296
11436
10774
10995
9769
10055
10637
11293
10912
10756
10884
10804
9829
10521
10876
11280
11433
10357
11545
11081
10465
11106
10760
11003
10520
11041
10800
10765
10993
11077
10604
10409
10409
11574
10814
11054
10876
11352
11346
11024
11477
11618
10882
11046
11520
11516
11800
11465
11204
10962
10908
11054
10836
11038
11310
11806
11799
11102
11253
10752
11971
11218
11052
11367
11556
11045
11381
10536
11418
10952
11608
10621
11938
11404
11123
10983
11469
10989
11080
11358
11066
11730
11234
11040
10738
12025
12079
11496
11573
11339
11215
11841
10987
11309
11354
12072
11708
12014
12130
11324
12418
11901
11795
11296
11823
11490
11561
11462
11524
11565
11199
11556
10938
11516
11866
11536
11892
12115
11882
11614
11756
11276
11755
11982
12006
12194
12146
11569
12095
11551
11580
11594
12197
12121
11988
11178
12453
11711
12336
11610
11189
11983
11538
11589
11556
12038
12277
11867
12013
12511
12025
12218
11855
11546
12537
12329
12872
12324
12243
12167
12182
12417
11882
11861
12030
12006
11891
12340
12185
12060
12117
12173
12488
12068
12307
11713
11317
11808
11835
12092
11668
12303
12484
12123
12430
11903
11905
12544
12398
12737
12481
12908
12389
12600
12480
12224
12928
12423
12214
12188
12832
12382
12116
12719
12753
12532
13012
12521
12782
11876
12944
12582
12511
12521
12528
12828
12411
13022
12836
12668
12432
12740
12512
12500
12596
12742
12606
12236
12334
12301
12316
12358
13209
12800
13259
12082
13294
12421
12630
12872
13094
13020
13151
12934
13684
13064
13036
13183
12408
13218
13159
13032
12608
13007
12456
13940
13127
12456
13131
13074
13269
13124
13080
13111
12966
12718
13021
13307
12728
12662
12982
13121
13295
14231
13310
12588
12928
13005
13478
13337
12684
12871
13621
14004
12139
13746
13226
13763
13789
13791
13762
13879
13374
13691
13048
13592
13532
13473
13632
13079
14580
13570
13357
13772
13635
13913
13855
13649
13835
13896
13640
13286
14064
13880
13522
14309
13492
13612
14055
13229
13657
13376
13783
13623
13753
13922
14241
14539
14328
13424
14076
13494
13657
14585
14056
14093
13981
14430
14464
13725
14011
14544
13845
14139
14512
14458
13790
13788
14516
14038
14740
14301
14076
14150
14550
14303
14026
14697
14040
14333
14039
14056
14761
14876
14109
15006
15188
14076
14888
14598
14404
14689
14841
14423
14329
15124
14800
13952
14490
15169
15522
14443
15157
14867
15557
14334
14920
15048
15468
15157
15339
15194
14641
14331
14526
14716
15228
15212
14316
15170
15162
15488
15716
15222
15153
15460
15321
14954
15670
14878
15389
15058
15223
14129
14939
15613
15710
15349
15185
16001
15303
15563
15289
15252
15181
14520
15383
15497
16104
15138
15988
15142
15221
15796
15578
15616
15531
15480
15914
15918
15927
15544
16648
15512
15119
15931
16164
16462
15979
15642
15760
15788
15710
15850
15059
15556
14830
15916
15528
15931
16530
15808
16676
16056
16730
15650
16036
17001
16324
15738
16326
16589
16404
16225
16588
16794
15945
17012
16245
15926
15981
15956
15837
16938
16299
16350
16396
16226
16294
16184
16398
17074
17272
16088
17425
15906
16193
16625
16461
17269
17004
16666
17185
17179
16664
17296
16757
17080
17372
17536
16576
17419
16724
16839
17479
16147
17424
17530
17624
17816
17630
17625
16757
16578
17305
17258
18119
17258
17664
17466
17506
17181
17020
17204
17542
17404
17555
18005
17380
17043
17369
17818
18220
17952
17556
18245
17102
18573
17372
18232
17670
17351
18496
18540
18058
16912
17352
17903
17585
17836
17480
17606
18221
17645
18628
17492
19225
18164
17883
18518
17186
17933
18254
18394
17794
19310
18500
18659
18674
18850
19216
18609
18701
18525
17832
18338
18960
19076
18863
18630
19344
18673
18410
19169
19377
18708
18926
18436
19034
18837
19455
18861
19032
18816
19028
19411
19157
19340
19053
19374
19524
19218
18708
19276
18717
19437
19043
18886
20001
19896
19463
19072
18980
19833
19471
20184
19794
19144
19801
19540
19806
20440
19811
20116
19592
20029
19993
20797
19558
20500
19779
20308
19670
19521
20081
20135
20473
20054
20050
20957
20608
19995
21405
20180
20306
20748
20565
20502
20687
20807
20651
21170
20714
20697
21073
20516
20509
21290
21559
20658
21192
21298
20708
21908
21180
21705
20853
21741
21265
22165
21393
21776
21381
22451
21366
21786
22132
21920
21142
21674
22446
21251
22836
21402
21510
21501
22568
23412
21814
22514
21541
22195
22283
21826
21706
22164
22604
22488
21947
22244
22524
21881
22183
22702
22836
23146
22610
22792
22900
23072
23188
22308
23472
22217
23050
22784
22965
23757
23092
23268
22708
23289
22154
23325
23343
23872
23049
23562
23950
23258
23128
23092
23034
23284
23754
23978
23068
23416
23140
23535
25017
23770
23612
23234
23492
23338
24650
24462
24218
23746
23946
25275
23987
24532
24022
23360
24489
24013
23730
24285
23719
24546
24266
24644
24764
24676
24612
24709
24715
25030
24328
24578
24635
24510
24360
25024
24375
24854
24931
25297
24488
24804
25253
25044
25371
25841
24708
25370
24696
25584
25003
24897
25451
25649
24998
25620
25014
25007
25672
25430
25337
25173
25988
26311
26069
26766
25286
25762
26006
26087
25914
26024
25582
26176
26218
26532
25613
24910
25796
26868
26161
26301
26483
26785
26762
26178
26765
26132
26333
26901
27060
27082
27204
26752
26807
27308
26940
26772
26840
26806
27108
26988
27352
27352
27355
26394
27226
26544
26469
26632
27021
26916
26552
27174
27330
27425
27442
27421
27234
27957
26886
26949
27791
27044
27268
27847
26709
28254
27066
26706
27621
28216
27197
27812
26997
27852
28059
28149
28368
28480
27992
28333
27618
28445
28074
28788
28176
29108
28411
28555
28452
28416
28880
28796
27588
28785
28413
28892
28235
28581
28517
28280
28853
28650
29004
29662
29355
28866
29580
29450
28776
28952
28378
28414
28299
28744
29337
28765
28651
28736
29722
28907
28538
29273
28763
29402
28233
29102
29422
29679
28802
29186
29012
29124
29312
28310
28868
29652
29485
28932
29830
29565
29601
29500
29886
29767
30360
30010
30186
29872
29523
29793
31130
29588
30082
30769
29346
29915
29824
29795
30060
29270
30372
30065
29447
28860
29288
28489
28982
30074
30242
30549
31086
30331
30181
30702
29913
30200
30493
30242
31042
30676
31753
31180
30810
29766
30896
31033
30507
31142
31082
30930
31485
31393
30976
31220
31560
31353
30736
32045
31450
31048
30745
31606
31781
31063
30698
31396
31800
32453
31894
32178
32228
31320
32000
31003
31813
31950
31602
30678
31498
31277
32116
30774
31312
31333
31256
30696
31791
31721
31327
31770
31376
32059
32128
32214
31954
32308
32680
32602
33532
33188
32264
32761
33060
32180
32610
33046
32824
33186
33042
32438
32246
32884
32475
33204
32599
32749
33280
32902
32826
32411
32768
33191
32724
33908
33266
33218
33160
33810
33354
33427
33839
34408
34101
33005
33608
33688
33172
34068
33251
33595
34565
33626
33787
33684
33886
34491
34180
33765
34005
34315
33878
34788
34160
34660
34568
33992
34070
34312
35024
35220
34772
33997
34944
35497
34838
34703
35178
34295
35288
34989
34166
35137
35706
34869
35565
35402
35572
35707
35675
36054
35072
37302
35645
36112
35853
36054
36352
35892
36852
35730
36633
36253
36011
37276
37220
36646
36717
36618
36932
37010
36462
36710
36002
36276
36496
35981
35893
36314
36793
36937
36900
37000
37552
37956
38261
37390
37465
37666
38102
37444
38036
38157
37689
38762
38434
37576
37380
38149
38400
38600
38456
39028
37845
38544
38628
38180
38504
38173
39228
38897
39440
39339
39098
39665
39755
39460
39835
40072
40504
39926
40045
40939
40968
40628
40180
40192
41237
40638
40678
41606
40540
40630
40482
41242
41472
41260
41454
42136
41808
41780
41652
42381
41732
41544
41965
42027
41536
41846
42348
43229
42783
43078
42746
42774
43278
43064
43136
43811
43988
43382
44465
44819
43657
43988
43541
44620
44640
44100
44442
44937
44196
44578
45796
45320
45344
45236
45697
45248
45258
45704
46746
45909
46442
46336
46980
46876
45800
46616
46906
47583
47162
47038
48980
48469
47370
47535
47680
48388
48192
48506
48356
48833
49177
48777
49766
49836
49303
48881
49594
49540
49332
50143
50493
51021
49672
50115
51157
51700
50692
51504
50777
51945
51501
51650
52352
52140
52562
52596
52864
53556
52665
53156
52987
53117
52694
53284
53348
53145
54348
53974
54288
53580
53896
53442
54436
55184
54772
54660
55021
54922
55626
55367
55879
56410
56578
55204
55578
56832
57270
57311
56715
56298
57012
57912
57018
58254
58184
57920
58025
59396
58971
58892
59590
59416
58944
60390
59657
60152
59306
58906
60032
60180
59064
61034
60224
61149
61496
61504
60933
61435
61600
62367
61640
62438
62778
62773
62548
63242
62367
63684
62996
63704
62804
63714
63494
65125
64042
64668
64808
64896
63744
64408
65152
65535
65432
64886
65535
65419
65535
65535
65535
65535
65535
65535
65535
65535
65535
65535
65535
65535
65535
65535
65535
65535
65535
65535
65535
65535
65535
65535
65535
65535
65535
65535
65535
65535
65535
65535
65535
65535
65535
65535
65535
65535
65535
65535
65535
65535
65535
65535
65535
65535
65535
65535
65535
65535
65535
65535
65535
65535
65535
65535
65535
65535
65535
65535
65535
65535
65535
65535
65535
65535
65535
65535
65535
65535
65535
65535
65535
65535
65535
65535
65535
65535
65535
65535
65535
65535
65535
65535
65535
65535
65535
65535
65535
65535
65535
65535
65535
65535
65535
65535
65535
65535
65535
65535
65535
65535
65535
65535
65535
65535
65535
65535
65535
65535
65535
65535
65535
65535
65535
65535
65535
65535
65535
65535
65535
65535
65535
65535
65535
65535
65535
65535
65535
65535
65535
65535
65535
65535
65535
65535
65535
65535
65535
65535
65535
65535
65535
65535
65535
65535
65535
65535
65535
65535
65535
65535
65535
65535
65535
65535
65535
65535
65535
65535
65535
65535
65535
65535
65535
65535
65535
65535
65535
65535
65535
65535
65535
65535
65535
65535
65535
65535
65535
65535
65535
65535
65535
65535
65535
65535
65535
65535
65535
65535
65535
65535
65535
65535
65535
65535
65535
65535
65535
65535
65535
65535
65535
65535
65535
65535
65535
65535
65535
65535
65535
65535
65535
65535
65535
65535
65535
65535
65535
65535
65535
65535
65535
65535
65535
65535
65535
65535
65535
65535
65535
65535
65535
65535
65535
65535
65535
65535
65535
65535
65535
65535
65535
65535
65535
65535
65535
65535
65535
65535
65535
65535
65535
65535
65535
65535
65535
65535
65535
65535
65535
65535
65535
65535
65535
65535
65535
65535
65535
65535
65535
65535
65535
65535
65535
65535
65535
65535
65535
65535
65535
65535
65535
65535
65535
65535
65535
65535
65535
65535
65535
65535
65535
65535
65535
65535
65535
65535
65535
65535
65535
65535
65535
65535
65535
65535
65535
65535
65535
65535
65535
65535
65535
65535
65535
65535
65535
65535
65535
65535
65535
65535
65535
65535
65535
65535
65535
65535
65535
65535
65535
65535
65535
65535
65535
65535
65535
65535
65535
65535
65535
65535
65535
65535
65535
65535
65535
65535
65535
65535
65535
65535
65535
65535
65535
65535
65535
65535
65535
65535
65535
65535
65535
65535
65535
65535
65535
65535
65535
65535
65535
65535
65535
65535
65535
65535
65535
65535
65535
65535
65535
65535
65535
65535
65535
65535
65535
65535
65535
65535
65535
65535
65535
65535
65535
65535
65535
65535
65535
65535
65535
65535
65535
65535
65535
65535
65535
65535
65535
65535
65535
65535
65535
65535
65535
65535
65535
65535
65535
65535
65535
65535
65535
65535
65535
65535
65535
65535
65535
65535
65535
65535
65535
65535
65535
65535
65535
65535
65535
65535
65535
65535
65535
65535
65535
65476
65535
65236
65535
65535
65386
64858
64452
64681
65535
64880
63268
64526
63812
63024
63174
63053
63801
62916
62536
62442
62397
61403
61600
61374
60788
61554
61570
60510
60692
59803
60676
60629
59824
59307
58989
59588
59192
58984
59221
58418
58650
57505
58409
57657
56632
57610
57845
57940
56924
56740
57630
56324
56704
56130
55432
54346
54938
55204
54898
53920
54700
52844
54072
53641
54628
52517
53017
53140
52644
52310
52408
52056
51055
51373
51288
49777
50517
48970
49862
50169
49718
49092
49354
49280
48832
49456
48922
49117
48884
47616
48124
46660
45064
44772
44196
44457
44132
44330
45357
45656
45370
46314
45272
45224
45632
44845
45428
44838
43230
43073
43099
43734
42634
42227
42808
42373
42524
42173
42114
41407
41306
40538
40084
40585
40677
40206
40473
39720
39764
39034
39773
38996
38758
38144
38452
36778
38267
36808
37273
37036
35979
36214
36682
36388
35672
34871
35224
35252
34676
34873
34282
34413
35462
34599
33503
34286
34440
33515
33172
32660
32005
32214
32747
31629
31048
31978
32109
31512
30626
30445
31313
30772
30424
29964
29860
29530
29771
29384
28911
28873
28381
28580
27944
27738
28062
27578
27858
27678
27890
26370
26352
26453
26146
26883
26998
26646
27143
25277
24696
25514
25101
24761
25209
24256
25146
24670
24473
24181
23543
24045
24317
23010
22807
23716
23635
22213
23533
22750
22395
21935
22274
22665
21676
21280
20954
21860
21711
20882
20872
21640
20722
21136
20810
20375
20616
19604
19593
19102
19268
20555
19669
20374
19266
19237
19532
18585
18752
18756
18926
18667
18276
18569
18040
18266
18217
17933
18620
17108
17622
17523
16690
17076
16794
16576
17088
16616
16363
16509
17596
17333
16284
16091
16068
16817
16440
16188
15258
16136
15378
15172
15195
15746
16272
16024
15437
15577
15289
15554
14731
15650
15051
15079
14564
14772
14210
14749
14420
14423
14810
13921
15099
14437
14738
13655
14984
14371
14680
13473
13359
14467
14248
13405
14015
12693
14055
13652
14249
13679
14036
13111
13862
13002
12682
13574
13194
12997
12488
13100
13605
13531
13401
12944
12800
12527
12921
13764
11844
13001
12510
12945
11541
12342
12480
12832
11835
12242
12162
12522
11980
12386
12115
12742
12221
12192
