8467
8381
7646
8121
7727
9558
7420
7959
8257
7554
7869
7202
7474
7525
7163
8669
7912
7370
8392
8382
7090
7650
7003
7831
8241
7737
8223
7552
7373
7971
8284
7229
7379
7187
7457
7938
7156
8158
7680
8352
7882
7778
7672
7800
7991
7245
8468
7543
8247
8257
9082
8512
8532
7430
7660
7585
7723
7220
7569
8034
7563
7483
8239
8378
7819
7463
7592
7346
8314
8189
7684
7034
7894
7941
8032
8162
7625
7897
7551
7578
8223
7739
8011
7906
7964
8129
7965
7070
8396
7844
7985
8245
8280
7920
7517
8452
7658
8849
8804
7960
8069
7608
8402
7665
8133
8336
7610
8634
7431
7657
8254
7525
8767
8105
7963
7467
7672
8512
8328
8169
7982
7604
7648
8150
8086
8372
8701
8164
7129
8347
7804
7672
8072
7885
8137
7956
8470
8404
8278
7705
8152
8113
7520
7969
8488
8244
7936
8404
7838
7942
8561
7888
8418
8099
7555
8262
8464
8220
8236
8210
9085
7925
7878
7958
7927
8333
8491
7851
8427
7387
8126
7994
8118
7508
7820
7424
8157
8393
8428
8173
8125
8846
8355
7976
8401
8789
8090
7989
8833
8404
8805
8197
8604
8226
7780
8326
8068
8462
8079
8905
7667
7594
8361
7888
7796
7965
8163
8259
8429
8261
8359
8221
8764
8124
7906
7533
8512
8043
8309
8076
8773
8234
8497
7923
8793
8670
8111
8415
7779
8600
7684
7966
8479
8346
7916
8197
7961
7997
8255
8267
8786
8418
7860
8085
8473
8073
8461
8537
7966
8985
7872
8697
8281
8619
8164
8376
7985
7977
8904
7946
8176
8863
7878
8522
7768
8579
8067
8085
8331
9240
8854
8696
8708
8605
7481
8278
8658
7874
8020
8821
8721
8140
8645
7696
8689
7915
8256
8856
8512
8681
8110
7976
8306
8356
9001
8143
8560
8465
7898
8403
8645
8589
7833
8254
7916
8480
7954
8570
8351
8589
8488
9481
8820
8766
7920
8654
8918
8676
9125
8050
9167
7357
8559
8597
8312
7948
9049
8397
8549
8686
8355
8192
7730
8304
8183
8992
8629
8224
8105
8080
8989
8492
8830
7878
8336
8458
8743
8691
8684
8805
8608
8818
8622
8292
8917
8425
8539
8933
8062
8902
7765
8653
8913
7634
8626
8163
8285
8114
8727
8579
8074
7948
8745
8443
8335
8298
8312
8120
8063
8458
7746
8934
7579
8702
8397
8394
8734
7749
8775
8239
8395
8868
7939
8448
8780
8127
8637
8267
8570
8194
8672
8877
8214
8692
9007
8556
8783
8888
8309
8598
9069
8515
8877
9064
8355
8983
8634
8360
8614
8844
8584
8657
8596
8824
8852
8246
8400
7677
8403
8671
7797
8632
8580
8478
8427
8578
8814
8590
8765
8477
8361
8866
8389
7708
8707
8736
8548
8760
8464
8832
8193
8655
8652
8502
8408
9329
8175
8099
9211
8379
8237
8707
8760
8929
8464
9463
8577
8927
8282
8851
8784
9094
8370
8963
9265
8856
9178
8420
8998
7909
8304
8084
8855
9145
8829
8031
9308
8577
8374
8909
8653
8488
8321
8169
8630
8645
9960
9060
8625
8323
8828
9062
8463
8682
9081
8745
9007
8056
8288
8074
8680
8816
9109
9295
8601
9034
9208
8875
8031
8574
9353
8654
8745
8385
8306
9133
8747
8916
8774
8996
9085
8645
8850
9266
8762
9179
8658
9074
8299
9483
8670
9050
9119
9019
9142
8192
9243
8271
8039
8393
8870
9819
8645
8900
9402
8776
9149
8719
8809
9481
8292
8724
8814
9138
8881
9164
9251
8285
9023
8405
8490
8373
8545
8576
7874
9079
9173
8975
8406
9060
8950
8747
9087
8404
8140
9119
9120
9419
9021
8697
8909
8738
8765
8359
8219
8152
9118
8426
8760
8603
8545
8442
8704
9393
8900
9256
8440
8680
9004
8563
8598
8722
8989
8692
8564
9224
8266
9205
8763
9344
8580
8923
9464
8546
8478
8784
8171
9005
9360
9230
8823
8821
8888
8877
9718
7737
8673
8784
8664
9266
8429
9000
8704
9088
9542
9601
9321
8687
8889
8735
9246
8375
8699
8850
8787
8094
9363
8947
8911
9100
8852
8666
9132
9218
8968
8653
8785
8836
9294
8518
9060
8683
8854
9193
9227
8504
8772
8808
8480
10004
8920
8476
8516
8442
8487
9050
9035
8226
8965
9130
8799
8500
9329
9021
8944
8865
8860
9432
9172
8651
9178
9468
8830
8181
8630
8492
8843
9085
8877
9252
8196
8808
8926
9181
9215
8871
8181
9173
9328
9461
8985
9014
9472
9240
9781
8474
8791
8392
9574
8376
9404
9364
8950
8381
8947
9106
9384
8857
9172
9284
8934
9172
8035
8857
8934
9097
8618
8111
8737
8822
9268
8892
8974
9415
8968
8835
8971
8942
9163
9861
9205
8508
8975
9217
8263
9156
8795
9357
8962
9167
8667
9007
8596
8765
9091
8798
9177
8941
9582
9074
9368
9500
9384
9553
9241
9685
8748
8749
8490
9304
8737
9243
8804
9530
8635
9085
9129
8695
8997
7822
9394
9066
8597
9122
9150
9530
8784
9019
9280
9917
8849
8691
9253
8868
8953
9282
8843
8848
8713
9127
9131
9682
8703
9192
8994
9142
9703
9009
9116
9352
8621
8638
9956
8973
8832
8341
9665
9180
8731
8530
8810
9453
9219
8399
8839
9073
9383
8897
9666
10419
8897
8719
8882
9006
8420
9474
9493
9231
9768
8920
9519
9664
9332
8537
9029
9393
9722
9853
9013
8525
8387
8474
9188
8900
8487
9220
9164
8830
9226
9071
9309
9625
8751
9351
8770
9502
8699
8889
9147
8592
8749
9693
9066
9341
8672
8282
9225
9457
9371
8683
9615
9536
9126
8687
8822
9956
9192
8229
9552
8576
9698
8729
9333
8855
9127
8892
8919
8901
8732
8885
9395
8811
9027
9424
9263
9671
8948
8731
9377
8783
8938
8294
9420
9247
8911
9309
8414
8742
9402
8534
9141
9473
9029
9575
9654
8965
9894
8430
9128
8368
9059
8488
9018
9122
9272
9312
9178
8841
9258
8771
8679
9487
9448
9258
10074
9633
8615
9054
8507
9916
8869
8748
9102
9604
9647
9578
9148
8544
9298
8954
8905
8920
9206
9082
9386
8637
8921
8790
9450
9480
8802
9004
9439
9014
9817
8842
8856
8471
8739
8705
8818
9549
8902
9433
10173
8795
8766
8880
9125
9402
8942
9636
8921
9474
8300
9308
9168
8650
9989
9633
9324
9192
9007
9653
9327
8948
9008
9367
9157
8607
9668
9135
9269
8897
8821
9194
9076
8969
8809
9295
9429
8850
10226
9044
8967
9381
9710
8793
9332
9488
9352
9640
9138
9462
9443
9527
9843
9873
9195
9337
9147
9872
8823
10122
9277
9024
8638
8797
8490
9998
9285
9300
8829
8948
9530
8951
9133
9276
9041
8850
9667
9045
9204
9133
9218
9277
10276
9132
9048
8993
9968
9210
9229
9727
8674
9696
9216
9526
9382
9174
9620
8601
9431
8801
8884
9170
8660
8931
9797
9368
9364
9620
9313
9687
9109
9933
9309
9058
10132
9480
9052
9422
9101
8610
9590
9429
9747
9877
9587
9405
9618
8700
10373
9775
9245
9606
9270
9385
9213
9740
9056
9286
9133
9434
9186
9568
9205
9828
9300
9826
9124
9156
9465
10176
9602
8963
9818
9807
8924
9650
9588
9337
9522
9458
9804
8683
9601
8849
10172
9123
9744
9597
8247
9598
8971
9722
9506
9491
9388
9344
9899
9205
9592
9369
9367
9125
10190
9224
9315
10130
9302
9612
9818
9449
10422
9119
9606
8973
9380
10186
9936
9499
9498
9017
9303
8912
9207
8993
9304
9581
9682
9090
9472
10276
9260
10094
9039
9397
9540
9871
9444
9494
9464
9627
9603
10280
9937
8958
9485
9995
10215
9341
9450
9228
8877
9457
9833
9301
9268
9229
9601
10004
9248
9441
9385
9738
9643
9387
9313
9257
9770
10066
9461
10063
10126
9381
9988
9367
9728
9344
9739
9306
10041
9830
9240
9447
9897
10037
9683
8927
9196
9904
9153
8786
9915
9365
10197
10580
9580
9852
8947
9532
10572
10369
9792
9747
9997
9663
9883
10159
9698
9308
9547
9789
9266
9928
9183
9852
10105
9572
9092
9494
9735
9837
9682
9872
9345
10468
9057
9411
9883
9420
9700
9968
9774
10513
9403
10478
9714
9757
10049
9042
9862
10048
10311
9656
10374
9336
10358
9898
10212
10131
9673
9766
9900
10327
9977
10068
9836
9301
9766
9804
10107
9433
9703
10772
10188
10208
10202
9619
9771
10017
9947
9297
9922
9350
10807
9824
10280
9695
10368
10175
9722
10165
10671
10120
10309
10664
10503
9039
10175
10469
10343
9887
10856
9911
10224
10089
9916
9754
9469
10123
10644
9792
10379
10324
10008
9968
10265
10399
9764
10070
10003
10413
10430
10031
10085
9934
10553
10242
10020
10401
9826
10787
10499
10176
10295
10068
9610
10677
9418
10496
10037
10905
11240
9784
10105
10297
10739
10397
10324
10488
9850
9986
10437
10824
10109
10070
10179
10124
9713
10333
10093
10370
10555
9797
10704
10397
10462
9974
10593
10542
10753
10177
10513
10616
10547
10322
9690
10003
9886
11003
10409
10547
9412
9558
10192
10946
10651
10315
10334
10405
9651
9689
10540
10717
10654
10261
10778
10443
10188
10719
10192
10750
9767
10411
10234
10514
10411
10704
10104
10208
10183
10739
10043
10460
10308
10858
10878
10682
10718
11055
10241
10752
10786
11200
11261
10826
10590
10658
10314
10572
10330
10701
10636
11328
11617
10793
10739
10211
11597
10490
10373
10844
11478
10446
10920
10115
10997
10505
11154
10270
11546
10832
10554
10408
10987
10297
10628
10868
10457
11078
10946
10550
10500
11451
11735
10889
11119
10650
10755
11260
10409
10620
10597
11447
11005
11677
11291
10582
11798
11551
11224
10848
11213
11268
11071
10843
10933
11051
10849
11191
10087
10709
10973
10782
11329
11684
11189
10930
11178
10724
11141
11332
11446
11385
11338
11027
11476
11004
10411
10932
11447
11578
11119
10682
11679
10921
11422
10952
10510
11479
11109
10936
10859
11395
11684
11201
11296
11773
11412
11594
10978
10840
11866
11489
12037
11551
11676
11489
11616
11783
11318
11196
11324
11451
11364
11692
11481
11177
11285
11547
12044
11430
11543
11033
10773
11063
11229
11386
10905
11269
11970
11374
11853
11245
11308
11974
11684
12132
11659
12113
11723
11748
11828
11399
12122
11760
11463
11549
12411
11626
11479
12135
12009
11768
11875
11757
11635
10994
12009
11497
11609
11844
11645
12070
11605
12214
12157
11939
11753
11901
11808
11682
11944
12293
11645
11540
11536
11692
11756
11478
12423
12286
12490
11135
12831
12124
11972
12100
12222
12246
12265
11866
12596
12154
12156
12098
11612
12127
12045
11891
11611
12288
11645
13163
12138
11570
12190
12227
12456
12557
12172
12182
11868
11652
12340
12748
11821
11812
12230
12147
12172
13028
12471
11917
11885
12149
12539
12637
11848
11956
12906
13103
11546
13065
12197
13055
12765
13015
12679
13002
12416
13038
12297
12623
12809
12316
12903
12029
13641
12862
12354
12856
12340
13080
12678
12377
12882
13106
12428
12434
13058
12921
12630
13496
12746
12416
12920
12401
12404
12430
12997
12729
12653
13003
13178
13477
13451
12612
12946
12464
12418
13596
12971
13444
13137
13536
13470
12688
13189
13010
12859
13029
13539
13311
12786
12888
13590
12649
13487
13370
13146
13014
13340
13344
13189
14096
13018
13345
12922
13085
13734
14074
13268
13869
13942
13208
14155
13483
13118
13550
13590
13636
13622
13869
13447
12968
13644
13916
14466
13428
13952
13834
14299
12976
13667
13989
14248
14170
14260
14052
13306
13311
13394
13519
14246
14098
13274
13979
14253
13757
14904
14278
13962
13961
14037
13367
14330
13814
14029
14179
14130
12962
13672
14113
14186
13687
13692
14649
14098
14207
14117
14141
13950
13404
14234
14186
14635
14195
14724
14197
14315
14572
13685
14457
14030
14312
14661
14260
14416
13881
15556
14312
13739
14239
15145
15080
14516
14500
14653
14400
14441
14602
13824
14426
13604
14510
14171
14421
15215
14383
15440
14806
15321
14311
15011
15339
14624
14165
14746
15186
14785
14921
15121
15162
14565
15526
14714
14274
14480
14762
14621
15211
14688
14821
14638
14870
14740
14550
14872
15430
15866
14340
15959
14573
14860
15254
15090
15752
15907
15009
15569
15499
15090
15700
15374
15464
15917
15606
15254
15836
15046
15291
15729
14814
15518
15676
16253
16356
16266
15866
14795
15149
15500
15578
16519
15483
15774
16080
15418
15497
15257
15851
16175
15727
15807
16302
15716
15322
15648
16136
16576
15957
15909
16404
15455
16923
15392
16410
16021
15585
16474
16768
16431
15242
15658
16306
16019
16036
15644
15653
16611
15881
16618
16034
17312
16632
15844
16428
15477
16008
16490
16308
15711
17327
16615
16776
16756
16952
17369
16806
16872
16699
15902
16720
16900
16794
17000
16672
17040
16730
16477
17306
17348
16786
16975
16698
17275
16861
16976
16961
17205
16442
17238
17332
17432
17635
17267
17320
17541
17284
16970
17480
16785
17324
17202
16778
17860
17871
17665
17024
17298
17588
17746
17688
17808
16864
17964
17570
17734
18106
17974
17949
17717
17798
17664
18578
17335
18173
17448
18054
17930
17725
17820
17773
18497
18069
17594
19005
18552
17356
18843
18242
17978
18532
18698
18397
18810
18481
18388
19072
18379
18546
18702
18339
18516
18932
19356
18764
18855
18924
18560
19728
19062
18967
18358
19819
19103
19693
18614
19378
19017
19851
19589
19112
19592
19441
18646
19577
19819
18944
20013
19278
19411
19213
19836
20808
19361
19841
18938
19632
19685
19777
19173
19821
20105
19705
19601
19450
19938
19496
19712
19932
20499
20513
19777
19715
20586
20253
20981
19851
20602
19598
20786
20480
20320
20578
20348
20888
19680
20151
19962
20632
20930
20632
20405
20630
20737
20330
20314
20494
20774
20318
20978
20830
20004
20682
20484
20990
21791
20846
20457
20645
21000
20818
21597
21633
21477
20949
21017
22411
21188
21357
21270
20556
21211
21256
20874
21564
20856
21454
21289
21402
22186
21892
21776
21831
21438
21632
21300
21853
21858
22080
21504
21904
21126
21941
22058
22106
21329
21801
22150
21983
22576
22731
21828
22542
21814
22230
22061
21662
22276
22532
22020
22585
22096
21983
22346
22582
22362
22095
22993
23028
22791
23274
22241
22911
22776
23188
22680
22970
22239
23227
22808
22973
22685
21920
22744
23393
22550
22578
23168
23141
23270
23300
23184
22676
23227
23481
23415
23669
24115
23364
23442
23724
23642
23442
23314
23354
23693
23689
23965
23655
23744
23172
24068
23050
23385
22836
23800
23741
23117
24008
23912
24282
24226
24132
23711
24443
23212
23596
24204
23781
24113
24411
23342
24553
23831
23657
24165
24984
23816
23784
23423
24692
24264
24427
24356
24851
24438
24683
24564
24673
24608
24550
24704
25604
25053
25170
24592
24590
25020
24772
23730
24920
24660
25202
24375
25103
24729
24929
25311
25014
24794
25749
25194
25322
25364
25704
25143
25190
24456
24973
24997
25172
25999
25003
24988
25076
25834
25225
24360
25774
25016
25836
24961
25680
25834
25540
24896
25480
25197
25431
25739
24640
25380
25398
25469
25206
25588
25308
25597
25340
25819
26001
26508
25898
26281
26364
25608
25940
27034
26039
26299
26880
25448
25560
25718
25600
26113
25399
26304
26171
25694
25108
25437
24564
25610
26738
26227
26634
26612
26509
26752
26962
26164
25906
26452
26274
26689
26404
27762
27547
27026
25920
27444
27128
26645
27146
27433
27260
27390
27389
27338
27261
27300
27487
27060
28311
27595
27129
26617
27431
27310
27146
27204
27466
27551
28456
28142
27881
27867
27282
27958
26555
27940
28281
27700
26765
27560
27478
28602
26962
27780
27611
27531
27160
28141
27548
27604
27630
27353
28141
28381
28166
28268
28441
28586
28484
29227
28706
27932
28614
28770
28196
28419
29056
28365
28983
28865
28598
28132
28653
28382
29457
28838
28800
29175
29024
28312
28781
28880
28704
29066
29412
28873
29346
29135
29627
29151
29449
29463
30187
30058
29093
29461
29394
29435
29932
29815
29093
30394
29876
30105
29238
29928
30356
30760
30073
30057
29970
30264
29992
30104
30773
30356
29460
30152
30437
30405
31640
30573
30288
31049
30924
30907
30789
31110
30143
30925
30877
30130
31314
31656
30801
31380
31381
31488
31661
31220
31774
30982
32992
31610
31930
31530
31752
32733
32221
32589
31652
31708
31586
31987
33108
33396
32857
32977
32250
33246
32989
32251
33077
32251
32420
32027
31529
32082
32685
32874
33088
32900
32763
33881
33916
33759
33402
33361
33485
33834
33434
33754
34322
34111
34237
34346
33780
34054
34160
33824
34413
34250
35194
34334
34449
34379
34308
35164
34114
34587
34330
35085
35323
35229
35372
35451
34703
35433
35599
36041
35732
35829
36192
36416
36360
36554
36127
37008
36488
36287
37754
36134
36732
36484
37003
37210
37006
37048
37933
37605
38034
37702
38440
37540
37068
38144
37922
37573
37682
38747
38708
38546
38742
38092
38340
39110
38490
38849
39592
39917
39545
40108
40267
39305
39794
39669
40490
40400
39530
40452
41001
39898
40631
41438
40645
41275
41165
41583
40821
40925
41562
42156
41244
42624
42124
42468
42990
41344
42052
42790
43138
43524
43766
44378
43398
42868
43792
43633
43832
43931
43919
44384
44352
44868
44064
45260
45540
45184
44597
45512
45096
44898
45437
45206
46726
44778
45950
46036
46986
46057
46616
46251
47302
46931
47172
48150
47621
48266
47800
48314
48771
47845
48368
48648
48874
48540
49536
48957
48448
49195
49006
49629
48998
48928
49267
49846
50450
50669
50042
50587
50797
50696
51052
50672
51054
52036
51316
50836
52308
51844
52265
52276
51594
52004
53258
51979
52877
53732
53181
54252
54400
54096
54358
54930
54731
54326
54858
55517
55213
55226
53870
54778
55396
54677
55579
55452
56180
56696
56452
55776
56170
56520
57242
56850
57112
58004
57732
57304
58496
57269
58191
57869
58428
57972
58468
58479
59736
58444
59017
59456
59418
59174
60054
59493
60234
59705
59195
60676
60490
60806
60648
61293
61576
61813
61035
61269
61994
62566
62186
61824
62189
61986
61275
62775
63053
62888
63584
62082
63021
62541
64238
64008
63618
63008
64969
64870
64600
63864
64612
65440
64676
64908
65386
65535
65535
65535
65535
65387
65535
65535
65535
65535
65535
65535
65535
65535
65535
65535
65535
65535
65535
65535
65535
65535
65535
65535
65535
65535
65535
65535
65535
65535
65535
65535
65535
65535
65535
65535
65535
65535
65535
65535
65535
65535
65535
65535
65535
65535
65535
65535
65535
65535
65535
65535
65535
65535
65535
65535
65535
65535
65535
65535
65535
65535
65535
65535
65535
65535
65535
65535
65535
65535
65535
65535
65535
65535
65535
65535
65535
65535
65535
65535
65535
65535
65535
65535
65535
65535
65535
65535
65535
65535
65535
65535
65535
65535
65535
65535
65535
65535
65535
65535
65535
65535
65535
65535
65535
65535
65535
65535
65535
65535
65535
65535
65535
65535
65535
65535
65535
65535
65535
65535
65535
65535
65535
65535
65535
65535
65535
65535
65535
65535
65535
65535
65535
65535
65535
65535
65535
65535
65535
65535
65535
65535
65535
65535
65535
65535
65535
65535
65535
65535
65535
65535
65535
65535
65535
65535
65535
65535
65535
65535
65535
65535
65535
65535
65535
65535
65535
65535
65535
65535
65535
65535
65535
65535
65535
65535
65535
65535
65535
65535
65535
65535
65535
65535
65535
65535
65535
65535
65535
65535
65535
65535
65535
65535
65535
65535
65535
65535
65535
65535
65535
65535
65535
65535
65535
65535
65535
65535
65535
65535
65535
65535
65535
65535
65535
65535
65535
65535
65535
65535
65535
65535
65535
65535
65535
65535
65535
65535
65535
65535
65535
65535
65535
65535
65535
65535
65535
65535
65535
65535
65535
65535
65535
65535
65535
65535
65535
65535
65535
65535
65535
65535
65535
65535
65535
65535
65535
65535
65535
65535
65535
65535
65535
65535
65535
65535
65535
65535
65535
65535
65535
65535
65535
65535
65535
65535
65535
65535
65535
65535
65535
65535
65535
65535
65535
65535
65535
65535
65535
65535
65535
65535
65535
65535
65535
65535
65535
65535
65535
65535
65535
65535
65535
65535
65535
65535
65535
65535
65535
65535
65535
65535
65535
65535
65535
65535
65535
65535
65535
65535
65535
65535
65535
65535
65535
65535
65535
65535
65535
65535
65535
65535
65535
65535
65535
65535
65535
65535
65535
65535
65535
65535
65535
65535
65535
65535
65535
65535
65535
65535
65535
65535
65535
65535
65535
65535
65535
65535
65535
65535
65535
65535
65535
65535
65535
65535
65535
65535
65535
65535
65535
65535
65535
65244
65535
65535
65132
65160
65476
65350
65535
64944
65535
65535
65535
65195
64329
65134
63838
65179
64308
64724
64077
63752
64360
63481
63947
63946
62841
62502
62884
62608
62740
62676
62244
61044
61548
60909
61024
61809
60554
60934
60292
60672
60948
60200
60141
59700
60032
60473
59291
58969
59546
59466
58669
58829
58124
58523
57580
57739
57600
58010
57324
57311
57335
56632
57284
57133
55680
56251
56042
55995
55727
55404
55106
54384
54360
54928
55051
54964
54238
54189
53504
53666
53593
52899
53520
53644
53556
53236
52549
53148
52391
52680
51720
51333
50589
50378
51082
50445
50258
50379
49060
49941
50432
49898
48550
49416
50056
48484
48234
48132
48490
47393
47680
47602
46448
46435
45751
46464
46845
46116
45946
46356
46024
45398
45755
45640
45924
45832
44468
44996
43606
42331
41308
41034
41099
41475
41760
42272
42402
41754
43212
41925
42042
42678
42164
41909
41263
40576
40875
39968
40768
39903
40431
39956
39409
40009
39012
38970
38604
38666
38100
37544
37335
38299
37701
38306
36804
37124
36480
37120
36329
36171
35793
35558
34684
35823
34199
34880
34796
33446
34051
34484
33876
33858
32816
33494
32948
32662
32939
31770
32342
33100
32516
31485
31554
32036
31530
31144
30620
30075
29997
30805
29869
29216
29994
30073
29641
29098
28597
29481
28519
28631
28032
28106
27629
28306
27981
27168
26928
27098
26597
26016
26628
26198
26039
26477
25924
25992
24885
24593
24869
24972
24955
25581
25388
25627
23396
23507
23899
23514
23600
23629
23232
23338
22786
23556
22814
22261
22649
23117
21599
21552
22401
22612
20961
22048
21166
21275
21017
20869
21360
20503
20072
20008
20656
20761
19972
19412
20202
19769
19801
19733
19332
19563
19098
18516
18054
18246
19477
18635
18984
17828
18211
18175
17574
17908
17609
17722
17650
16977
17681
17154
17600
17602
17059
17828
16254
16754
16679
15917
16096
16089
15639
16102
15650
15602
15680
16681
16680
15399
15227
15312
16245
15534
15332
14769
15419
14805
14250
14566
15124
15520
15099
14991
14748
14726
14882
13984
15009
14211
14454
13723
14415
13781
14177
13869
13820
14306
13622
14587
13583
14397
13225
14324
13454
13965
12635
13082
14098
13817
12703
13390
11982
13646
13213
14000
13135
13604
12767
13301
12308
12292
12857
12708
12341
11710
12334
13387
12713
12805
12521
12391
12070
12210
13268
11466
12428
12258
12148
11231
12018
11935
12342
11454
11786
11598
12216
11333
12158
11852
12290
11596
12101
