7942
7955
7322
7816
7617
9118
7443
7732
7857
7189
7819
7081
7562
7228
6880
8588
8021
7092
8023
8094
6853
7361
6795
7660
7877
7612
7972
7428
7184
7742
7930
7124
7153
7261
7285
7770
6908
7914
7543
8095
7729
7234
7377
7673
7809
6944
8136
7093
7940
8122
8642
8052
8346
7008
7370
7279
7370
6768
7512
7668
7285
7170
8084
8186
7461
7449
7469
6796
8173
7802
7467
6894
7459
7840
7790
7924
7553
7673
7637
7225
8010
7417
7710
7577
7753
7839
7709
6781
8215
7786
7658
8053
7978
7609
7350
7991
7557
8610
8370
7773
7859
7361
8263
7284
7803
8100
7268
8334
7195
7380
7837
7304
8519
7707
7956
7490
7384
8078
7985
8041
7704
7437
7339
7979
7771
8067
8430
7937
7037
8063
7573
7308
7908
7597
7868
7636
8320
8235
8058
7208
7679
7720
7356
7746
8296
7836
7693
7964
7457
7552
8184
7561
8117
7588
7193
7802
8134
8015
8006
7903
8669
7716
7819
7603
7541
8038
8128
7306
8159
7160
7744
7803
7984
7316
7511
7060
7929
8109
8028
7750
7734
8657
8249
7619
7893
8619
7846
7295
8585
7998
8490
7940
8089
7989
7579
7900
7636
7971
7898
8484
7382
7241
8181
7629
7469
7661
8297
7881
8307
7850
8080
7904
8335
7905
7457
6925
8033
7775
8010
8016
8354
7973
8340
7525
8424
8094
7950
7880
7481
8386
7333
7527
8057
7837
7477
7894
7849
7642
8121
7937
8401
8021
7451
7951
8134
7888
8057
8286
7620
8453
7680
8341
7939
8238
7696
8071
7535
7895
8561
7579
7687
8366
7594
8268
7416
8221
7413
7798
7980
8625
8568
8202
8333
8049
7467
8020
8497
7471
7631
8261
8274
7651
8456
7210
8074
7375
8027
8580
8290
8043
7889
7627
8034
8249
8665
7641
8123
7894
7654
8144
8072
8368
7349
7865
7615
7932
7629
8048
8096
8300
8062
9116
8718
7949
7531
8271
8650
8161
8498
7765
8682
7138
7958
8453
7882
7563
8845
8198
8267
8548
8228
7732
7448
7888
7755
8729
8364
8123
8061
7783
8823
8522
8440
7704
7962
8015
8272
8280
8507
8443
8090
8180
8165
7764
8719
8105
8110
8641
7810
8525
7500
8335
8361
7093
8286
7722
7991
7604
8411
7927
7598
7427
8233
8185
7935
7786
7852
7717
7785
8290
7207
8322
7352
8135
7943
7905
8418
7508
8402
7929
7897
8542
7440
8246
8404
7847
8101
8116
8281
7832
8449
8593
7858
8279
8330
8178
8206
8697
8055
8520
8754
8192
8500
8601
7857
8518
8219
8142
8238
8547
8025
8480
8300
8394
8278
7866
7998
7188
7976
8223
7755
8337
8349
8087
8071
8250
8328
8146
8340
7882
8052
8280
8100
7499
8672
8370
8207
8476
8101
8448
7756
8256
8346
8375
8091
8829
7949
7832
8786
8046
7744
8270
8208
8442
8304
8964
8201
8404
8013
8452
8458
8848
8040
8736
9034
8341
8739
7999
8587
7530
7927
7751
8462
8805
8564
7745
8971
8365
8036
8430
8240
8010
7789
7865
8233
8502
9540
8613
8184
8083
8698
8743
7895
8266
8729
8296
8699
7993
8298
7855
8220
8396
8666
8938
8378
8708
8733
8673
7523
8137
9176
8264
8371
7996
7810
8932
8518
8770
8253
8545
8642
8274
8667
8846
8192
8881
8085
8997
7992
9003
8195
8908
8501
8648
8801
7909
8794
7955
8014
8287
8578
9405
8452
8532
8861
8565
8844
8282
8351
9274
8093
8496
8392
8648
8487
8843
8742
7864
8556
8118
8312
8242
8288
7975
7616
8781
9032
8739
7802
8765
8632
8431
8927
7852
7665
8559
8523
9166
8612
8470
8577
8324
8264
7879
7810
7906
8527
7949
8398
8344
8250
7920
8424
9165
8736
8689
7693
8264
8428
8218
8019
8214
8674
8335
8430
8744
8095
8808
8247
8844
8252
8437
9057
8238
7903
8373
7689
8653
8891
8715
8408
8305
8352
8500
9087
7494
8199
8470
8309
8994
8085
8457
8219
8997
9215
9337
9076
8202
8338
8330
8955
7983
8246
8509
8461
7997
8742
8667
8379
8762
8542
8328
8716
8908
8470
8276
8448
8635
8762
8277
8777
8381
8401
8696
8829
8207
8424
8137
8080
9690
8523
8154
7966
8358
8108
8539
8854
7938
8481
8936
8690
8268
8742
8717
8509
8501
8589
8848
8755
8365
8967
9240
8169
8051
8188
8105
8442
8916
8361
9030
7883
8121
8533
8727
8664
8289
8052
8836
8753
9195
8712
8676
9192
8729
9488
8179
8534
7909
9220
7906
9044
8906
8688
8189
8705
8785
8992
8459
8593
9193
8537
8599
7600
8543
8585
8880
8335
7719
8509
8546
9005
8671
8610
8911
8459
8219
8727
8616
8730
9322
8993
8197
8513
8783
8117
9132
8561
8760
8460
8699
8419
8619
8228
8439
8689
8267
8965
8358
9133
8783
8913
9221
9100
9247
9153
9424
8301
8706
8101
8880
8316
8941
8464
8970
8430
8881
8776
8205
8844
7869
9048
8846
8177
8784
8740
9340
8545
8565
8628
9508
8462
8369
8971
8612
8650
8944
8606
8442
8405
8863
8741
9250
8330
8597
8813
9031
9203
8441
8818
9031
8352
8106
9743
8420
8493
8147
9518
8729
8230
8100
8482
9005
8852
8048
8430
8512
9006
8684
9206
9847
8625
8410
8317
8612
8052
9048
8683
8680
9304
8708
9019
8985
9097
8163
8430
9073
9209
9548
8753
8206
7971
8443
8678
8591
8102
8876
8876
8612
8696
8293
8858
9173
8223
8744
8498
9010
8271
8440
8706
8033
8193
9141
8725
9019
8213
7877
8419
8808
8877
8256
9173
9028
8746
8431
8619
9443
8893
7963
9283
8358
9419
7997
9058
8532
8789
8644
8448
8281
8477
8544
9114
8462
8579
9081
8834
9237
8631
8315
9026
8343
8746
8062
8776
8800
8474
8882
7955
8470
9087
8291
8661
9134
8810
9017
9304
8468
9104
8066
8930
8290
8630
8084
8982
8535
8961
8906
8771
8429
8888
8466
8500
9155
8840
8924
9231
9339
8206
8553
8121
9629
8573
8333
8817
9270
9246
9032
8722
7994
8859
8426
8632
8361
8763
8501
9124
8225
8491
8415
8834
9193
8324
8493
8800
8643
9350
8374
8564
7983
8263
8268
8557
9304
8440
9026
9791
8200
8434
8309
8888
9003
8587
9346
8338
9251
7896
9135
8770
8432
9590
9117
8733
8992
8571
9068
8757
8287
8465
8899
8683
8359
9086
8815
8978
8675
8489
8865
8621
8700
8244
8968
8841
8336
9779
8585
8661
8800
9299
8348
8825
9228
8843
9268
8530
8935
8925
9192
9435
9525
8845
8652
8719
9304
8376
9433
8684
8438
8299
8270
7790
9446
9022
8920
8420
8746
9361
8561
8462
8781
8564
8380
9195
8523
8738
8759
8826
8785
9774
8692
8709
8568
9558
8749
8854
9365
8415
9194
8831
9118
8883
8842
9196
8240
8977
8188
8525
8533
8064
8332
9326
8909
8994
9053
8845
9498
8485
9550
8728
8463
9716
8922
8668
8840
8587
8070
9054
8650
9321
9542
9064
8730
9084
8527
9657
9284
8806
9306
8899
9293
8799
9320
8920
8942
8929
9064
8525
9108
8854
9436
9133
9340
8606
8637
9062
9639
9319
8679
9324
9418
8452
9163
9085
8744
9054
8860
9193
8287
9358
8504
9828
8758
9061
9110
7768
9209
8602
9283
9200
8969
8983
8994
9297
8920
9069
8874
9218
8439
9906
8996
8381
9773
8713
9291
9534
9222
9680
8777
9115
8315
8768
9679
9564
9353
8784
8466
8694
8854
8506
8351
9016
9202
9260
8681
8658
9679
8720
9648
8482
8996
9073
9358
8812
9017
9214
9073
9284
9636
9180
8305
9318
9483
9602
8916
9015
8619
8197
8854
9353
8917
8658
8781
9119
9265
8831
9024
8931
9204
9025
9125
8948
8372
9327
9500
8839
9194
9552
8994
9477
8964
9237
8686
9262
8761
9488
9227
8704
8973
9309
9499
8973
8501
8690
9522
8872
8177
9397
8728
9852
9990
9087
9096
8588
9189
9930
9756
9258
9263
9441
9076
9176
9347
9058
8426
9017
8972
8933
9433
8723
9506
9477
8902
8601
8920
9637
9208
9166
9301
8759
9944
8696
8838
9277
8774
9028
9451
9037
9774
8962
9880
9122
9329
9398
8580
9587
9408
9947
9127
9762
8754
10016
9221
9801
9431
9292
8987
8999
9668
9526
9709
9112
8698
9144
9255
9533
8874
9197
10070
9769
9540
9640
9095
8955
9485
9573
8681
9413
8974
10243
9273
9381
9123
9810
9716
9165
9573
9869
9689
9925
10135
9748
8316
9800
10143
9416
9333
10048
9541
9588
9297
9073
9282
9041
9290
10013
9184
9800
9556
9444
9297
9658
9818
9052
9472
9414
10043
9859
9288
9282
9234
10042
9508
9283
10039
9210
9870
9856
9442
9635
9335
8874
9917
8977
10006
9154
10365
10405
8853
9342
9504
9827
9753
9612
9842
9141
9072
9555
10228
9377
9498
9339
9213
9099
9510
9518
9484
9821
9096
9940
9679
9748
9319
9650
9670
9729
9320
9962
9736
10078
9575
9096
9485
9202
10277
9633
9925
8606
9144
9346
10152
9798
9604
9398
9440
8676
8934
9950
10100
10265
9188
10004
9708
9190
9760
9703
9889
9261
9946
9711
9659
9613
9811
9293
9163
9317
10164
9335
9809
9752
10121
9861
9808
10021
10277
9439
9620
10165
10487
10476
10069
9848
9729
9482
9980
9434
9732
9848
10377
10565
9701
9940
9300
10413
9894
9531
10259
10562
9440
10109
9315
10221
9600
10114
9485
10538
10001
9598
9455
10031
9663
9829
9819
9629
10307
9957
9520
9435
10532
10533
9981
9986
9783
9592
10360
9459
9764
9809
10545
10472
10557
10332
9733
10791
10357
10232
9834
10736
10136
10297
9990
10327
10132
9777
10149
9434
9676
10050
9913
10277
10663
10070
9959
10046
9616
10328
10397
10420
10415
10518
10022
10473
10138
9821
9851
10463
10378
10070
9585
10869
9906
10604
9897
9472
10568
9736
9927
9882
10549
10557
10242
10464
10874
10223
10685
10030
9830
10777
10580
10953
10698
10141
10528
10531
10801
9991
10160
10442
10467
10089
10387
10484
10098
10273
10545
10742
10459
10477
9535
9807
9906
10016
9945
9929
10238
10773
10452
10600
9880
10162
10640
10427
11033
10290
11247
10436
10752
10574
10368
11269
10555
10282
10237
11107
10226
10324
10853
11140
10820
10778
10346
10523
9846
10925
10317
10356
10653
10366
10827
10476
10730
10977
10692
10717
10843
10546
10426
10680
10816
10629
10254
10436
10423
10348
9897
10991
10982
11113
10091
11343
10736
10687
10722
10888
10889
11135
10728
11535
10822
10653
10856
10253
11104
10888
10703
10433
10791
10450
11989
10729
10328
10792
10782
10973
10712
10941
10882
10649
10404
10944
10925
10468
10504
10724
10725
10692
11733
10990
10408
10539
10905
10968
11114
10419
10319
11084
11414
10068
11476
10875
11478
11106
11520
11319
11466
10964
11256
10709
11084
11284
11018
11143
10654
12135
11169
10928
11418
11275
11413
11184
10980
11023
11289
11149
10684
11610
11446
11024
11812
11234
11019
11046
10490
10864
11032
11125
11215
11202
11540
11765
12060
11794
10880
11626
10988
11007
11690
10965
11648
11219
11883
11903
11038
11368
11454
11075
11360
11749
11645
10952
11198
11890
10805
11671
11599
11422
11173
11649
11719
11362
12076
11293
11278
11112
11120
12042
12155
11384
11950
12279
11368
12113
11645
11156
11627
11755
11529
11492
11953
11665
11229
11908
12232
12338
11351
12102
11933
12317
10973
11773
12046
12342
12349
12521
11882
11372
11293
11688
11424
12288
12251
11126
12011
11835
11991
12672
12025
12028
11906
11963
11704
12299
11832
12239
12288
12109
10935
11703
11926
12507
12101
11731
12676
12218
12138
12107
11942
11808
11272
11884
12249
12635
12184
12749
11824
12127
12272
12058
12266
12025
12043
12556
12254
12197
11899
13378
12336
11692
12154
12950
12712
12560
12131
12185
12443
12370
12317
11480
12472
11353
12500
11620
12462
12871
11715
12878
12318
12988
12181
12612
13333
11984
11977
12470
13021
12679
12747
12685
13050
12169
13110
12317
12088
11981
12386
11958
13012
12402
12364
12484
12369
12506
12453
12590
12888
13444
12076
13133
12124
12310
12912
12532
13133
13441
12590
13040
13069
12594
13032
12860
12824
13092
13153
12744
13181
12767
12894
13589
12164
13175
13146
13608
13629
13609
13462
12461
12516
12844
13172
13771
12940
13453
13341
13150
12826
12894
13070
13397
13114
13198
13471
12992
12823
13131
13377
14038
13332
13164
13747
12453
14100
12748
13812
13269
12940
13834
14026
13780
12602
12913
13406
13157
13242
12761
12920
13624
13070
14006
13147
14285
13354
13354
13767
12651
13154
13368
13579
13292
14699
13672
13870
13526
13926
14001
13868
13797
13771
12850
13606
13902
13824
13854
13824
14086
13640
13591
14267
14366
13997
13963
13496
13878
13408
14236
13746
13964
13472
14145
14373
14269
14451
14116
14039
14144
14036
13329
13992
13859
14121
13882
13416
14625
14615
14249
13734
13812
14171
14432
14650
14191
13546
14642
14476
14200
14864
14582
14312
14014
14510
14414
15044
14238
14612
14220
14750
14265
14180
14488
14455
14740
14370
14608
15065
14669
14273
15290
14703
14548
14965
14933
14935
14892
14728
14813
15309
14735
14733
15125
14541
14578
15051
15448
14882
15138
15242
14829
15846
15387
15476
14914
15925
15452
16040
14856
15340
15148
16056
15482
15085
15643
15461
14673
14907
16040
15098
16528
15046
15412
15298
16138
17047
15417
15791
15105
15524
15948
15587
15439
15578
16308
15802
15536
15577
15813
15465
15533
15504
16137
16237
15716
15842
16095
16312
16749
15756
16610
15274
16451
16012
16197
16179
16155
16692
15401
16228
15689
16264
16512
16540
15766
16676
16516
16418
16329
15914
16013
15849
16497
16658
16043
16132
16260
16743
17357
16190
16342
16294
16581
16424
17189
16748
16930
16160
16304
17924
16701
17047
16754
16132
16870
16618
16586
17120
16182
16809
16988
16950
17375
17327
17145
17222
17070
17597
16859
17077
16898
17035
16514
17289
16733
17174
17137
17151
16920
16840
17733
17524
17737
17933
17010
17444
16948
17568
16980
16853
17398
17542
16914
17734
17250
16784
17806
17626
17528
17252
18526
18148
18218
18554
17185
17621
17924
17886
17899
17992
17245
18249
17931
18155
17508
17134
17997
18506
17880
17943
18690
18676
18621
18132
18481
17496
17794
18717
18552
18505
19138
18378
18681
18468
18311
18171
18297
18154
18852
18675
18872
18658
18709
18080
18642
18163
17890
18162
18700
18386
17824
18820
19208
19053
19066
19008
18745
19064
17920
18212
18660
18581
18966
19784
18257
19869
18468
18599
19096
19668
18614
18952
18357
19627
19111
19287
19332
19602
19378
19816
18875
19318
19095
19670
19132
20538
19992
19724
19434
19162
19784
19749
18643
19762
19532
19978
19337
19776
19796
19629
19942
19723
19837
20544
20100
20340
20477
20758
19968
20210
19227
19802
19552
19707
20639
20045
19364
19772
20388
20335
19752
20640
19909
20462
19468
19796
20278
20284
20299
20086
20122
20282
20396
19584
20082
20465
20276
19873
20678
20332
20600
20360
20725
20864
20916
20980
21082
21092
20162
21096
22060
20173
20877
21462
20266
20481
20672
20847
21175
20324
21186
21045
20429
19844
20451
19916
20724
21313
21347
21394
21505
21677
21172
21607
20819
20998
21505
21353
21779
21185
22320
22182
22044
20478
21824
21720
21444
22081
21698
22154
22267
22101
22089
22110
22059
22106
21662
22976
22248
22360
21951
22786
22299
21781
21971
22082
22716
23336
22916
23377
22986
22479
22829
22001
23086
22852
22571
22072
22971
22628
23500
22689
22666
22585
22440
22252
23120
23290
22698
22630
22665
23253
22976
23240
23321
23368
23888
23924
24405
24132
23373
23925
24113
23236
23840
24252
23929
24548
24157
23674
23555
24116
23479
24234
24128
24308
24277
24580
23837
23914
24251
24196
24388
25200
24570
24641
24311
24978
24643
24972
24995
25709
25370
24944
24850
25236
24930
25438
24969
25000
25385
25556
25558
25492
24936
25733
25517
25242
25535
25673
26114
25947
25856
26185
25960
25498
26304
25931
26761
26818
26181
26052
26901
26774
26365
26476
26813
25931
26550
26428
25720
26926
27298
26476
27504
26922
27081
27524
27340
27864
27438
29084
27660
27668
27787
27530
28392
27842
28308
27762
28215
27716
28084
29268
29340
28553
28786
28596
29138
29528
28500
29076
28416
28507
28522
28421
28205
28825
28966
29142
28672
29012
29865
30461
30062
29526
29753
29946
30297
30152
30318
30622
30614
31114
31341
30240
30173
30750
30718
30874
31130
31342
30843
31098
31080
30936
31525
29941
31788
31180
32388
32011
31597
32276
32213
31743
32586
32538
32731
32426
32596
33436
33618
33430
33493
32474
33960
33642
33572
34244
33394
33526
33562
33770
34266
34355
34423
34871
34868
35255
34376
35396
34805
34246
35927
34798
34907
35019
35981
35996
36666
36026
35951
36328
36500
36501
35982
36756
37185
37236
37572
37732
37156
36941
36971
37860
37993
37524
37658
38004
38004
38490
39642
38773
39624
38964
39636
38432
39194
39645
39947
39158
40370
40382
40024
40779
40020
39863
40557
41472
41680
41778
42685
41974
41057
42005
41915
42203
42067
42767
42615
42332
42949
42170
43590
43238
42922
43090
43732
43713
43288
44312
44356
44747
44160
44410
44756
45812
45179
45124
44730
45854
45674
46349
46637
46613
47083
46825
46933
47853
46764
47525
47368
47515
47750
48683
48372
47588
48502
48426
48676
47880
48418
48512
49050
49664
50041
49472
49600
49860
50468
50523
50742
50330
51228
50157
50629
51913
52106
52077
52053
51288
51800
52248
52025
52394
52845
52864
53146
54796
53652
54681
54853
54730
54004
54820
55291
55220
54410
53980
55561
55060
54305
56406
55258
56287
56925
56294
56084
56397
56704
57338
57416
57557
58717
57702
57764
58762
58026
58904
58340
59124
58435
59572
59018
60868
59224
60022
59920
60029
59880
60397
60232
61492
60829
60493
60891
61293
62139
61332
62226
62461
62874
61990
62260
63504
63496
63332
62592
63837
63602
62876
64052
64344
64464
65240
64324
64640
64602
65535
65535
65368
65065
65535
65535
65535
65535
65535
65535
65535
65535
65535
65535
65535
65535
65535
65535
65535
65535
65535
65535
65535
65535
65535
65535
65535
65535
65535
65535
65535
65535
65535
65535
65535
65535
65535
65535
65535
65535
65535
65535
65535
65535
65535
65535
65535
65535
65535
65535
65535
65535
65535
65535
65535
65535
65535
65535
65535
65535
65535
65535
65535
65535
65535
65535
65535
65535
65535
65535
65535
65535
65535
65535
65535
65535
65535
65535
65535
65535
65535
65535
65535
65535
65535
65535
65535
65535
65535
65535
65535
65535
65535
65535
65535
65535
65535
65535
65535
65535
65535
65535
65535
65535
65535
65535
65535
65535
65535
65535
65535
65535
65535
65535
65535
65535
65535
65535
65535
65535
65535
65535
65535
65535
65535
65535
65535
65535
65535
65535
65535
65535
65535
65535
65535
65535
65535
65535
65535
65535
65535
65535
65535
65535
65535
65535
65535
65535
65535
65535
65535
65535
65535
65535
65535
65535
65535
65535
65535
65535
65535
65535
65535
65535
65535
65535
65535
65535
65535
65535
65535
65535
65535
65535
65535
65535
65535
65535
65535
65535
65535
65535
65535
65535
65535
65535
65535
65535
65535
65535
65535
65535
65535
65535
65535
65535
65535
65535
65535
65535
65535
65535
65535
65535
65535
65535
65535
65535
65535
65535
65535
65535
65535
65535
65535
65535
65535
65535
65535
65535
65535
65535
65535
65535
65535
65535
65535
65535
65535
65535
65535
65535
65535
65535
65535
65535
65535
65535
65535
65535
65535
65535
65535
65535
65535
65535
65535
65535
65535
65535
65535
65535
65535
65535
65535
65535
65535
65535
65535
65535
65535
65535
65535
65535
65535
65535
65535
65535
65535
65535
65535
65535
65535
65535
65535
65535
65535
65535
65535
65535
65535
65535
65535
65535
65535
65535
65535
65535
65535
65535
65535
65535
65535
65535
65535
65535
65535
65535
65535
65535
65535
65535
65535
65535
65535
65535
65535
65535
65535
65535
65535
65535
65535
65535
65535
65535
65535
65535
65535
65535
65535
65535
65535
65535
65535
65535
65535
65535
65535
65535
65535
65535
65535
65535
65535
65535
65535
65535
65535
65535
65535
65535
65535
65535
65535
65535
65535
65535
65535
65535
65535
65535
65535
65535
65535
65535
65535
65535
65535
65535
65535
65535
65535
65535
65535
65535
65535
65535
65535
65535
65535
65535
65535
65535
65535
65535
65535
65535
65535
65535
65535
65535
65535
65535
65535
65535
65535
65535
65535
65535
65535
65535
65535
65535
65535
65535
65535
65535
65535
65535
65535
65535
65535
65535
65535
65535
65535
65535
65535
65535
65535
65480
65535
65535
65535
65535
65535
64699
64925
64212
64920
64906
64300
64562
63634
64187
64214
64065
63819
62902
63208
63674
62980
62206
63076
62612
61558
62217
61604
61584
61087
60928
59941
61524
59946
61179
60264
59904
60982
60604
58676
58980
58948
59460
59549
58633
57953
57600
58189
58015
57924
58400
57244
56774
56264
56491
56480
55381
56495
56604
55828
55834
55181
55652
54554
55196
54500
53909
53582
53869
54054
53517
53074
53183
52008
52676
52805
52900
50986
52352
51948
52094
51432
50988
51456
49280
50680
50368
48516
49206
47937
48607
48877
49046
48118
48152
48477
47616
48474
47928
47668
48288
47071
47026
45951
43993
43464
42874
43620
43658
43652
44474
43832
43909
45483
44580
43938
44308
44080
44091
43819
42517
42490
42420
42725
41786
41732
41600
41108
42148
41017
40552
40450
40144
39732
39180
39348
39952
39461
39465
38628
38638
38344
39176
37691
38157
37790
36488
36355
37953
35968
36456
36745
35521
35373
35789
35421
35229
33986
34732
34076
34193
34977
33857
33396
34245
34169
32827
32800
33130
32948
32445
31896
31549
31718
32009
30920
30164
31364
31140
30740
30053
29864
30909
29734
29706
29244
29556
28619
29098
28616
28549
27928
27722
27922
26952
27209
27212
26960
27090
26818
27252
25591
25556
25691
25438
25943
26421
25595
26459
24133
24506
24557
24027
23943
24541
23812
24268
23787
23972
23981
22853
23093
23954
22627
22416
23337
22929
21665
22884
22095
21968
21595
21687
22005
21128
20610
20669
21167
20992
20005
19705
21021
20244
20285
20232
19808
20036
19505
18992
18615
18898
20100
18745
19327
18357
18533
18646
17922
18042
18269
18478
17907
17691
18182
17572
17768
17808
17190
17984
16512
17061
17097
16305
16311
16533
15948
16537
16163
16116
15938
16910
17222
15656
15470
15865
15921
15818
15495
14645
15733
15315
14514
14693
15272
15348
15484
14950
14911
14500
15147
14093
15118
14562
14616
14155
14420
13547
14373
13718
13390
14363
13594
14222
13780
14299
13171
14379
13636
14004
12938
12865
14136
13900
12433
13505
12015
13458
13137
14031
13167
13548
13000
13402
12506
12367
13201
13028
12339
11540
12637
13447
12938
12790
12329
12435
12161
12308
13306
11531
12180
12314
12325
11236
12154
12033
12184
11494
11837
11468
11770
11451
12034
11917
12052
11660
11722
