8158
8068
7393
7868
7361
9239
7212
7474
7749
7261
7665
6997
7240
6951
6954
8249
8072
7132
7916
8021
6774
7356
6772
7646
7934
7362
7717
7252
7024
7681
7789
7037
6996
6874
7147
7760
6903
7712
7341
8019
7392
7410
7290
7583
7597
6776
7965
7122
7858
7681
8511
8205
8378
7178
7174
7259
7182
6861
7487
7794
7098
7078
7761
8022
7326
7204
7350
6666
8130
7746
7493
6680
7300
7567
7518
7813
7411
7588
7533
7147
8026
7490
7833
7508
7500
7731
7480
6710
7877
7482
7799
8110
8042
7507
7162
7926
7339
8365
8427
7311
7726
7064
7948
7181
7776
8085
7124
8104
7195
7304
7979
7081
8245
7578
7841
7189
7129
8038
7982
7905
7876
7275
7039
7983
7912
8121
8315
7552
6758
7749
7548
7282
7782
7407
7815
7426
8057
8202
7958
7396
7876
7752
7171
7577
8187
7635
7640
7877
7627
7470
8177
7360
8114
7637
7200
7720
8044
8025
7979
7672
8558
7700
7494
7535
7438
7962
7999
7338
8185
7344
7665
7655
7793
7087
7369
6914
7763
8083
8169
7670
7637
8511
8150
7716
7992
8321
7762
7361
8198
7936
8354
7641
7940
7805
7343
7733
7477
8149
7815
8217
6996
7071
8063
7282
7430
7788
7917
7730
8257
7863
7773
7955
8446
7756
7460
7006
8021
7660
7976
8027
8068
7856
8025
7276
8251
7981
7923
7962
7093
8305
7184
7700
7892
7629
7429
7652
7779
7528
7892
7735
8308
7817
7375
7728
8041
7698
7937
8130
7524
8376
7373
8277
7964
8186
7721
7937
7504
7680
8284
7279
7500
8197
7445
8207
7261
8107
7477
7607
7935
8762
8476
8250
8340
7997
7177
7919
8143
7561
7250
8165
7945
7622
8406
7168
8169
7499
8021
8298
8222
8187
7615
7740
7843
7956
8499
7640
7903
7809
7595
7885
8095
8205
7411
7636
7404
8009
7765
8040
7854
8090
7877
8868
8384
8092
7565
8295
8600
8052
8489
7442
8518
7005
8098
8324
7905
7524
8463
8183
8080
8475
8002
7477
7241
7744
7531
8552
8175
7927
7700
7579
8627
8109
8424
7310
7811
8075
8248
8425
8121
8308
8176
8245
8061
7670
8310
8044
7940
8477
7682
8393
7412
8155
8561
6976
8103
7808
7799
7644
8190
7839
7533
7483
8235
8053
7558
7653
7871
7484
7709
7956
7071
8315
7045
8261
7897
7847
8478
7611
8285
7987
7811
8390
7394
8026
8417
7720
8010
7928
7974
7725
8041
8385
7731
8192
8230
8126
8187
8404
8007
8168
8536
8126
8521
8406
7852
8463
7998
8192
8077
8377
8193
8166
8172
8346
8143
7780
8004
7084
7890
8206
7608
8103
8155
7847
7953
7945
8424
8292
8017
7657
7866
8211
7865
7312
8260
8311
7966
8255
7967
8173
7816
8097
7828
8166
7900
8582
7758
7635
8640
7892
7709
8089
8189
8305
8212
9153
8152
8426
7676
8153
8474
8440
7773
8412
8877
8389
8525
7974
8219
7446
7813
7604
8270
8606
8485
7762
8623
8021
7668
8379
8071
7845
7793
7706
8121
8338
9164
8698
8061
7746
8537
8450
7795
8246
8585
8301
8598
7808
7933
7624
8162
8320
8414
8882
8194
8677
8603
8305
7463
7891
8899
8388
8031
7883
7738
8749
8174
8541
8367
8786
8557
8190
8706
8685
8192
8473
7858
8724
7694
8751
8025
8666
8378
8366
8627
7792
8769
7593
7742
8259
8298
9522
8335
8488
8727
8251
8805
8516
8368
8772
7733
8314
8348
8599
8343
8568
8736
7701
8564
8080
7949
7898
8192
7812
7515
8692
8600
8464
7728
8526
8514
8134
8589
7803
7634
8551
8299
8997
8540
8350
8365
8436
8104
7532
7562
7608
8564
8027
8153
8303
7834
7946
8313
9030
8349
8454
7787
8105
8335
8076
7949
7949
8442
8219
8163
8640
7931
8715
8028
8739
8059
8380
8787
8020
7793
8310
7634
8340
8980
8516
8218
8119
8280
8374
9170
7403
8242
8469
8214
8713
8015
8519
8052
8648
8898
9227
9073
7960
8145
7940
8609
7769
7802
8241
8304
7663
8625
8410
8429
8589
8381
8325
8506
8587
8508
8210
8249
8200
8498
7986
8680
8249
8204
8786
8885
8028
8389
8245
7953
9419
8502
8126
7713
8187
8100
8436
8717
7850
8520
8764
8414
7917
8635
8566
8426
8559
8526
8654
8569
8100
8709
9120
8156
7758
8114
8063
8485
8762
8220
8591
7888
8015
8183
8832
8442
8213
7723
8605
8414
8817
8537
8141
8992
8649
9340
8064
8370
7878
8955
7979
8862
8807
8657
7876
8392
8687
8694
8310
8376
8841
8391
8736
7582
8310
8444
8328
8142
7672
8244
8176
8738
8407
8473
8788
8374
8357
8459
8448
8600
9190
8828
7981
8234
8471
7912
8592
8342
8818
8097
8573
8296
8498
8124
8507
8533
8184
8362
8253
8844
8448
8626
9030
8827
9067
8632
9107
8178
8346
7852
8535
8134
8602
8429
8821
8103
8571
8560
8012
8503
7599
8869
8795
8047
8512
8587
9044
8356
8742
8622
9268
8216
8229
8841
8179
8638
8781
8272
8382
8301
8494
8538
9383
8210
8378
8504
8578
9039
8430
8450
8865
8164
8067
9362
8140
8233
7922
9142
8438
8168
7641
8431
8708
8704
7914
7980
8508
8832
8349
9131
9659
8222
8255
8305
8564
7816
8825
8558
8596
9002
8322
8754
8789
8993
7917
8351
8997
9004
9297
8492
8086
7787
7967
8525
8457
7887
8506
8453
8345
8688
8295
8784
9056
8217
8751
8296
8945
8141
8355
8642
7940
8134
9053
8513
8631
7863
7539
8550
8831
8655
8164
9014
8855
8450
8085
8477
9246
8546
7780
9201
8344
9049
7852
8775
8426
8623
8072
8314
8102
8167
8244
8846
8270
8313
8752
8711
8942
8569
8298
8805
8329
8422
7523
8730
8459
8176
8595
7789
7988
8795
7959
8320
8909
8449
8965
9151
8024
9133
7735
8335
7945
8390
7950
8533
8412
8687
8704
8590
8221
8406
8203
8230
8691
8583
8927
9136
8936
8074
8201
7873
9272
8277
8180
8625
9119
9060
8701
8621
7731
8515
8357
8310
8126
8507
8453
8804
8036
8488
8123
8577
8848
8218
8240
8616
8326
8971
8250
8055
7769
8083
7940
8225
9182
8101
8557
9300
7912
8302
8128
8420
8684
8323
9140
8253
9021
7684
8555
8530
8041
9252
8850
8653
8562
8529
8822
8414
8198
8212
8724
8582
8013
8925
8487
8634
8202
8208
8516
8646
8284
7978
8534
8915
8251
9453
8211
8222
8598
8911
8053
8490
8754
8663
8898
8148
8564
8824
8778
9077
9094
8484
8436
8431
8874
8104
9202
8464
8025
8159
8159
7647
9176
8505
8593
8026
8395
8876
8562
8201
8529
8168
8100
8607
8212
8376
8437
8271
8538
9423
8273
8394
8256
9197
8538
8448
8891
8041
8882
8594
8807
8486
8605
8846
7996
8545
8047
8209
8355
7802
8047
9146
8559
8607
8611
8460
9277
8058
9316
8404
8044
9338
8508
8095
8501
8245
7899
8925
8573
8952
9254
8592
8615
8686
8159
9504
9157
8424
8654
8452
8899
8534
9005
8480
8328
8617
8783
8104
8695
8387
9039
8502
9134
8288
8495
8594
9337
8627
8271
8938
8877
8029
8862
8704
8387
8420
8480
8952
7924
8829
8339
9263
8398
8762
8749
7432
8889
8338
8808
8652
8546
8620
8542
9134
8378
8557
8595
8630
8192
9044
8420
8192
9197
8283
8872
9000
8633
9445
8294
8542
8002
8287
9477
8942
8937
8504
8113
8264
8409
8139
8082
8733
8872
8793
8262
8293
9377
8390
9212
8140
8483
8509
9112
8257
8606
8728
8790
8774
9299
8784
7918
8690
9171
9179
8338
8626
8195
7921
8342
8994
8384
8198
8398
8698
8869
8225
8668
8487
8656
8652
8306
8283
8089
8719
9093
8355
8856
9135
8573
8934
8354
8788
8374
8893
8232
8950
9014
8165
8448
8966
8932
8560
8059
8107
8984
8276
7881
8971
8154
9248
9412
8538
8634
7992
8553
9321
9162
8426
8870
8886
8533
8908
9014
8708
8183
8506
8577
8296
8843
8107
8833
8920
8418
8025
8288
8810
8600
8644
8841
8235
9199
8105
8302
8968
8387
8693
8911
8726
9588
8468
9531
8564
8573
8666
8065
8998
8770
9281
8527
9296
8233
9155
8752
9030
8866
8609
8541
8542
8727
8692
9147
8502
8095
8374
8665
9046
8611
8549
9365
8944
8868
8824
8560
8705
8535
8863
8243
8614
8211
9524
8653
8951
8756
9071
9176
8360
8927
9396
9028
9056
9441
9087
7689
8977
9602
8922
8470
9530
8813
8931
8712
8578
8612
8363
9005
9163
8579
9017
9007
8658
8578
8824
8992
8411
8904
8506
9229
9130
8869
8671
8438
9336
8780
8531
9261
8601
9144
9179
8752
8790
8674
8126
9279
8122
8939
8484
9695
9492
8428
8414
8860
9282
9061
8810
9273
8602
8507
8836
9593
8558
8788
8613
8684
8230
8529
8492
8824
9098
8419
9350
8793
9005
8617
8994
8873
9058
8811
9035
9002
9248
8863
8260
8453
8468
9459
9100
9026
7838
8104
8787
9479
8909
8985
8833
8785
8076
8251
8731
9212
9492
8525
9295
8834
8229
8948
8725
9163
8357
8767
8831
9068
8863
8953
8287
8237
8397
9199
8528
8776
8814
9345
9162
9157
9438
9544
8653
9046
9314
9410
9546
9252
9159
8923
8662
8875
8757
8932
8962
9773
9623
8861
9055
8660
9815
8999
8835
9114
9341
8669
9051
8332
9036
8540
9223
8238
9476
9156
8955
8486
9266
8678
8859
9109
8778
9457
9032
8529
8560
9520
9818
8974
9108
8707
8901
9369
8527
8863
8841
9729
9140
9569
9333
8784
10016
9514
8996
8862
9525
9291
9175
8983
8876
8941
8736
8968
8432
8776
9223
9109
9388
9272
9105
8753
8992
8486
9072
9149
9656
9488
9386
8826
9309
8886
8559
8781
9429
9448
9090
8547
9694
8800
9396
8932
8346
9278
8734
8763
8810
9318
9611
8975
9155
9547
9137
9465
9028
8794
9815
9370
9767
9447
9363
9282
9288
9663
9011
9132
9040
9256
9101
9218
9172
9026
8887
9192
9655
9161
9454
8551
8436
8546
8991
8651
8409
8923
9500
9086
9217
9039
9071
9360
9382
9884
9086
9759
9020
9586
9195
8933
9722
9188
8935
9027
9543
9087
8878
9624
9619
9307
9496
9150
9343
8487
9581
8908
8980
9377
8962
9294
8992
9502
9682
9087
9344
9235
9256
9243
9584
9514
9171
8659
8862
9100
8863
8707
9589
9185
9639
8673
9829
9285
9132
9268
9476
9381
9509
9275
9860
9232
9280
9385
8758
9588
9248
9087
8920
9284
8831
10042
9235
8624
9369
9294
9500
9310
9291
9296
9031
8767
9309
9690
8915
8663
9135
9117
9124
10091
9392
8704
8881
9176
9547
9466
8574
8941
9514
9994
8372
9450
9162
9658
9354
9691
9825
9798
9183
9745
9275
9507
9415
9141
9453
8627
10501
9326
9053
9513
9147
9561
9366
9595
9376
9648
9236
8989
9633
9494
9135
10013
9385
9093
9325
8692
9239
8909
9738
9317
9246
9549
9595
9898
9762
8938
9476
9158
9197
9866
9466
9802
9572
9908
9983
9076
9293
9507
9192
9329
9880
9348
9259
9136
9719
9101
9948
9660
9385
9261
9466
9427
9628
9931
9024
9599
9373
8997
9769
10164
9235
9971
10206
9165
10094
9258
9229
9497
9642
9461
9340
9923
9482
8968
9457
10153
10564
9338
9966
9621
10211
8892
9681
9916
10303
10134
10212
9683
9372
9160
9404
9228
10194
9810
8858
9988
9666
10015
10316
9867
9884
9806
9709
9262
9890
9332
9973
9508
9723
8512
9600
9878
9900
9730
9309
10231
9522
9650
9603
9640
9417
8871
9517
9608
9913
9664
10147
9402
9774
9965
9267
9832
9403
9554
10025
9717
9853
9280
10692
9620
9256
9743
10131
10293
9858
9594
9807
9833
9776
9790
9234
9643
8634
9791
9395
9655
10116
9307
10251
9634
10522
9431
10067
10610
9556
9190
9852
10286
10042
9781
10118
10176
9852
10603
9483
9178
9290
9541
9613
10364
9686
9703
9652
9610
9464
9334
9739
10242
10410
9207
10497
9188
9390
9970
9710
10297
10358
9728
10162
9908
9962
10122
9988
10059
10422
10237
9581
10255
9554
9885
10368
9263
10364
10304
10313
10626
10632
10335
9159
9524
10130
9888
10389
9918
10198
10630
9977
10062
9601
9769
10078
10106
10012
10537
9742
9701
10124
10244
10680
10322
10052
10477
9516
10905
9702
10195
9940
9640
10576
10738
10338
9472
9772
10168
9980
10122
9880
9804
10490
9880
10731
9995
11131
10267
9844
10405
9344
9815
9917
10116
9606
11275
9993
10359
10045
10637
10497
10347
10393
10125
9467
10093
10389
10147
10381
10335
10463
10027
10075
10531
10760
10014
10138
9805
10354
9899
10509
9979
10437
9699
10186
10405
10452
10484
10182
10301
10288
10356
9804
10136
9838
10287
10055
9517
10777
10733
10449
9763
10031
10184
10571
10582
10403
9909
10498
10381
10107
10877
10626
10229
10140
10429
10308
10911
10048
10836
10041
10470
10304
9882
10253
10461
10492
10496
10194
11117
10989
9897
11040
10432
10309
10635
10927
10534
10706
10616
10586
11113
10382
10573
10883
10446
10481
10923
11365
10266
10922
10839
10520
11516
10829
10797
10309
11505
10960
11482
10433
11095
10797
11621
10990
10986
11131
10674
10221
10676
11294
10407
11691
10516
10614
10497
11173
12151
10720
11229
10144
11074
11139
10852
10408
10981
11048
11102
10572
10501
11138
10416
10434
10669
11372
11296
10881
10757
11188
11098
11822
10693
11346
10426
11431
10991
10937
11271
10932
11485
10288
10972
10272
11077
11113
11392
10762
11227
11563
11252
11018
10716
11109
10583
11187
11308
10617
10958
10855
11135
12355
11019
11166
10808
11260
10642
11902
11863
11365
11092
11114
12672
11344
11253
11235
10774
11360
11312
11012
11498
10685
11571
11483
11591
11941
11897
11878
11703
11374
11547
11236
11492
11440
11364
10988
11515
10944
11553
11787
11566
11059
11361
12131
11959
12052
11921
11014
11931
11183
11618
11209
11211
11741
11982
11265
11937
11503
11020
11608
11924
11537
11574
12264
12191
12244
12573
11433
11728
11584
12105
12007
12102
11570
12147
12185
12438
11321
11108
11894
12604
12027
11866
12057
12416
12524
12246
11936
11233
11734
12294
12485
12522
12819
12187
12514
12313
12262
11894
12390
11793
12520
12302
12832
12207
12527
11637
12292
11741
11945
11843
12393
12153
11709
12719
12431
12610
12628
12631
12544
12906
11563
11948
12646
12129
12290
13090
11592
13451
11796
11909
12309
13392
12226
12436
12184
12887
12591
12827
12849
13082
12654
13062
12371
12968
12605
13194
13022
13762
13202
13407
12749
12797
13307
13355
11927
13128
12748
13487
12813
13193
12878
12653
13472
12945
13009
13605
13629
13242
13554
13879
13227
13335
12394
12804
13162
13194
14162
13498
12885
12772
13821
13476
12570
13943
13268
13676
12824
13545
13591
13955
13573
13438
13507
13844
13950
12698
13253
13586
13779
13060
13639
13795
13860
13302
13639
13968
14091
13893
14280
13935
13530
13768
15117
13462
14481
14840
13430
13757
14311
13889
14294
13712
14427
14622
13754
13468
13750
13133
13970
14487
14567
14592
14920
14593
14559
14816
14020
13856
14184
14143
15275
14474
15586
15026
15071
13682
15479
14971
14668
15293
15166
15087
15616
15361
14952
15321
15092
15105
14905
16080
15649
14982
14916
15686
15392
15145
14781
15076
15281
16828
16014
16473
15983
15413
15946
15061
16136
16020
16083
15099
16323
15692
16736
15627
16346
16031
15674
15746
16095
16218
15469
16136
15455
16228
16484
16232
16588
16717
16811
16713
17349
17391
16415
17058
17081
16029
17207
17655
16721
17303
17294
16878
16590
17320
16837
17594
17277
17154
17428
17588
16964
17279
17824
17199
17341
18124
17826
17714
17681
18277
17607
18159
18090
18532
18515
18143
18173
18034
17701
18613
18288
18053
19237
18730
18870
18249
18789
19072
19268
18728
19146
18944
19058
19061
19135
19272
19161
18533
19012
19201
19715
20118
19492
19128
20153
19663
19832
19957
20256
19502
20027
19634
19344
20194
20608
19720
20414
20774
20529
21485
20452
20717
20722
22330
21196
21149
21032
20714
21837
21250
21908
21150
21568
21019
21340
22668
22433
22301
22397
21902
22481
22682
22102
22666
21922
22649
22181
21753
21815
22238
22716
22812
22406
22758
23204
23644
23443
23242
23310
23651
23835
23293
23919
24380
23943
24789
24699
23641
23809
24557
24401
24558
24570
24948
24475
24844
25220
24372
24971
24273
25690
24966
25861
25889
25519
25970
25949
25697
26438
25958
26468
26281
26442
27058
27397
26984
26923
26822
27504
27512
27140
28624
26804
27109
27140
27541
28340
27796
27866
28784
28523
28928
28635
29266
28891
28187
29252
29001
28580
29154
29492
29638
30201
30209
29465
29781
29970
29832
29916
30440
31133
31140
31558
31769
30921
31581
31068
31924
32156
31367
32295
32374
31631
32256
33370
32733
33717
32798
33263
32728
33157
33693
34220
33604
34452
34352
34538
34964
33592
34195
34496
35232
35218
35638
36732
35838
35170
35794
35786
36391
36182
36489
36804
36256
37544
36567
37543
37644
37561
36939
38040
37656
37412
38145
38273
39232
38094
38700
39371
39987
39366
39636
38884
40292
40009
40336
40714
40445
40698
40924
41340
41752
41077
41280
42162
41620
41642
43040
42048
41553
42889
42586
42761
42082
42717
42472
43498
43837
44128
44164
43826
44028
44980
44751
45195
45144
45864
44740
44913
46012
46410
46253
46075
45592
45889
46937
46574
46996
47204
46660
47702
48586
48333
48616
49357
49356
48572
49334
49947
49775
49194
48970
49528
49524
49141
50491
50267
50516
51588
50756
50743
50996
51464
51920
52361
51853
52827
52869
52093
53286
52644
53532
52996
53588
53170
54236
53813
54980
54400
54678
54717
54646
54809
55736
55037
56020
55360
55184
55856
56560
56682
56776
56909
57412
57061
56584
57352
57970
57829
58284
58074
58907
58068
57882
58586
58925
59290
59336
58674
59092
58880
61096
60232
60153
59702
61334
61056
61028
61348
61238
61856
61156
61371
61952
61860
62817
62454
62486
62480
62868
63836
63625
63760
62475
63675
63832
63776
64402
65372
64656
64580
64822
65535
65188
64790
64420
64322
64474
64438
64706
64729
65220
65535
65535
65332
65535
65535
65535
65535
65535
65535
65535
65535
65535
65535
65535
65535
65535
65535
65535
65535
65535
65535
65535
65535
65535
65535
65535
65535
65535
65535
65535
65535
65535
65535
65535
65535
65535
65535
65535
65535
65535
65535
65535
65535
65535
65535
65535
65535
65535
65535
65535
65535
65535
65535
65535
65535
65535
65535
65535
65535
65535
65535
65535
65535
65535
65535
65535
65535
65535
65535
65535
65535
65535
65535
65535
65535
65535
65535
65535
65535
65535
65535
65535
65535
65535
65535
65535
65535
65535
65535
65535
65535
65535
65535
65535
65535
65535
65535
65535
65535
65535
65535
65535
65535
65535
65535
65535
65535
65535
65535
65535
65535
65535
65535
65535
65535
65535
65535
65535
65535
65535
65535
65535
65535
65535
65535
65535
65535
65535
65535
65535
65535
65535
65535
65535
65535
65535
65535
65535
65535
65535
65535
65535
65535
65535
65535
65535
65535
65535
65535
65535
65535
65535
65535
65535
65535
65535
65535
65535
65535
65535
65535
65535
65535
65535
65535
65535
65535
65535
65535
65535
65535
65535
65535
65535
65535
65535
65535
65535
65535
65535
65535
65535
65535
65535
65535
65535
65535
65535
65535
65535
65535
65535
65535
65535
65535
65535
65535
65535
65535
65535
65535
65535
65535
65535
65535
65535
65535
65535
65535
65535
65535
65535
65535
65535
65535
65535
65535
65535
65535
65535
65535
65535
65535
65535
65535
65535
65535
65535
65535
65535
65535
65535
65535
65535
65535
65535
65535
65535
65535
65535
65535
65535
65535
65535
65535
65535
65535
65535
65535
65535
65535
65535
65535
65535
65535
65535
65535
65535
65535
65535
65535
65535
65535
65535
65535
65535
65535
65535
65535
65535
65535
65535
65535
65535
65535
65535
65535
65535
65535
65535
65535
65535
65535
65535
65535
65535
65535
65535
65535
65535
65535
65535
65535
65535
65535
65535
65535
65535
65535
65535
65535
65535
65535
65535
65535
65535
65535
65535
65535
65535
65535
65535
65535
65535
65535
65535
65535
65535
65535
65535
65535
65535
65535
65535
65535
65535
65535
65535
65535
65535
65535
65535
65535
65535
65535
65535
65535
65535
65535
65535
65535
65535
65535
65535
65535
65535
65535
65535
65535
65535
65535
65535
65535
65535
65535
65535
65535
65133
65535
64628
65535
64849
64486
64662
63668
65044
64412
64624
64681
63928
62926
63620
63157
62570
62939
62666
61568
62070
60956
61789
62152
60813
61400
61437
61097
61080
60776
60365
59814
60616
61034
60596
58769
60237
59102
58896
58824
58778
59236
58050
57777
57876
58368
57378
57833
57976
56864
56992
57098
55968
56116
55765
55966
56409
55572
55525
54701
55125
55148
55031
55369
53592
54091
53625
53966
54039
52868
53380
54052
53188
53649
52464
53830
52844
52360
51867
51080
50564
50863
50922
50708
50365
51224
49257
50020
50154
50442
48906
49482
49866
49076
48861
48466
48538
47344
48216
47782
46102
47240
45296
46493
46558
47172
45719
45801
46070
45274
45921
45650
46210
45604
44522
44601
43591
41847
41055
40746
41629
40948
41019
41876
41828
42030
43488
41677
41933
42100
41956
41533
41160
40064
40205
39733
40336
39304
39691
39368
38909
40053
38824
38826
38276
38314
37525
37204
37215
37602
37545
37316
36836
36574
36076
36949
36022
35729
35551
34870
34312
35350
34072
34606
34683
33356
33844
34479
33856
33097
32571
33142
32384
32281
33296
31796
31494
32730
32425
30864
30603
31078
30795
30428
29960
29538
29606
30527
29562
28566
29573
29286
29216
28288
28549
29213
28142
28056
27522
27904
27204
27402
26944
27144
26571
26683
26385
25594
25922
25612
25646
26020
25286
26072
24486
24304
24381
24384
24865
24934
24340
24882
22872
22937
23393
23181
22916
23192
22391
23119
22317
22854
22638
21838
21992
22548
21325
21040
21996
21777
20910
21777
20865
20623
20574
20310
21096
20091
19354
19285
20237
20173
19378
18892
19947
19170
19466
19526
19174
18729
18622
18060
18036
18246
19215
17962
18779
17185
17420
18028
16924
17309
17466
17389
17228
16796
17449
16707
17290
16812
16621
17492
15922
16482
15959
15552
15731
15787
15111
15851
15496
15401
15139
16404
16476
14942
14725
14993
15492
15273
14771
14501
14983
14630
13698
13946
14738
14984
14964
14517
14287
14155
14274
13359
14615
13781
14028
13487
13970
13157
13815
13488
13157
13636
13254
14152
13238
13860
12404
14070
13073
13615
12169
12478
13496
13442
12442
13070
11717
13000
12563
13301
12763
13108
12516
12922
12109
12090
12529
12332
12156
11247
12151
12713
12266
12340
11972
12177
11685
11867
12730
10880
11988
11850
12004
10795
11548
11584
11865
10910
11384
11226
11727
10986
11832
11469
11674
11453
11499
