8123
8090
7554
7894
7535
9541
7318
7720
8098
7448
7970
7109
7320
7394
7074
8535
8206
7181
8225
8205
6990
7485
7010
7745
8015
7876
8175
7427
7332
8057
8075
7355
7221
7400
7397
7734
7238
8053
7725
8152
7558
7534
7347
7667
7976
7193
8331
7245
8281
7941
9002
8431
8559
7520
7513
7680
7767
7206
7721
8183
7503
7514
8167
8314
7586
7537
7576
7067
8474
8186
7812
6925
7585
7842
8032
7965
7717
7709
7731
7564
8326
7753
7699
7607
8061
8139
7886
7056
8333
7858
7674
8456
8192
7856
7427
8096
7862
8729
8556
7516
7918
7370
7997
7375
8003
8211
7226
8334
7412
7705
8078
7396
8629
8148
7942
7472
7594
8436
8386
8144
8232
7610
7483
8074
8280
8342
8474
8204
7051
8068
7697
7603
8114
7820
8026
7695
8375
8555
8256
7477
7976
8025
7563
8047
8476
8008
8066
8234
7694
7755
8479
7628
8333
7934
7479
7910
8313
8174
8559
8123
8960
7787
7709
8019
7664
8170
8352
7689
8250
7335
8039
8146
8116
7355
7651
7402
8022
8152
8323
7941
7829
8788
8385
7848
8126
8739
8050
7707
8700
8376
8852
8152
8334
8161
7647
8075
7899
8354
7960
8581
7420
7573
8273
7879
7760
8016
8321
8249
8544
8184
8192
8276
8654
7936
7811
7308
8270
7964
8391
8152
8544
8193
8265
7727
8796
8349
8161
8203
7631
8655
7504
7839
8261
8198
7826
7962
8033
7876
8303
8068
8570
8219
7704
8136
8270
8193
8266
8360
7770
8795
7690
8481
8345
8474
8081
8169
7742
7990
8618
7830
7923
8516
7967
8469
7698
8484
7972
7880
8153
8933
8729
8587
8623
8276
7573
8062
8640
7639
7708
8633
8261
7820
8546
7811
8503
7908
8232
8908
8505
8378
8051
7749
8171
8460
9101
7992
8066
8022
7847
8448
8269
8555
7728
8031
7766
8282
7762
8314
8499
8424
8263
9235
8870
8418
7687
8523
8837
8386
8745
7757
8772
7388
8262
8611
8221
7817
8873
8374
8420
8578
8209
7992
7528
7974
7896
8893
8397
8176
8193
8168
8894
8751
8667
7676
8357
8203
8349
8712
8400
8737
8350
8706
8424
7974
8889
8257
8340
8968
8098
8396
7632
8429
8603
7410
8714
7996
8225
8107
8576
8276
7706
7698
8583
8319
8077
8059
8303
7925
8129
8320
7587
8792
7587
8665
8180
8236
8602
7823
8772
8125
8138
8791
7723
8475
8714
8139
8338
8057
8513
8020
8549
8660
8065
8504
8739
8441
8385
8937
8282
8582
8854
8201
8647
8818
8252
8894
8325
8380
8669
8637
8427
8532
8738
8704
8440
8030
8344
7416
8414
8693
8131
8441
8502
8211
8599
8296
8877
8430
8247
8334
8344
8622
8338
7747
8527
8651
8359
8576
8580
8742
7971
8526
8306
8580
8317
9119
8229
8026
8980
8046
8000
8551
8581
8591
8347
9350
8424
8716
8132
8485
8813
8892
7866
8850
9095
8558
8852
8067
8751
7773
8064
7725
8918
8791
8681
8153
9055
8465
8298
8832
8293
8352
8015
7996
8660
8824
9761
9030
8060
7966
8795
8992
8189
8512
8917
8448
8835
8053
8332
7993
8462
8715
8829
9306
8494
8878
9104
8801
7982
8349
9178
8282
8520
8279
8024
9137
8845
9067
8731
8809
8648
8500
8964
8957
8540
9222
8237
8989
8030
9166
8213
8815
8711
8802
8998
7976
8987
8060
7938
8513
8767
9689
8580
8832
9180
8594
9095
8543
8608
9584
8289
8666
8750
9010
8973
9095
9139
8114
8837
8405
8257
8206
8756
8165
7661
8980
8939
8891
8218
8830
8866
8649
8909
8013
7989
8763
8793
9233
8718
8584
8864
8549
8214
7940
7989
8099
8704
8168
8523
8398
8426
8389
8659
9313
8574
8901
8232
8544
8838
8459
8254
8413
8732
8462
8268
8857
8105
9004
8411
9012
8378
8711
9246
8583
8243
8663
7988
8768
8984
9188
8653
8471
8548
8730
9335
7624
8392
8668
8837
9174
8549
8821
8443
9160
9566
9466
9387
8378
8408
8219
9093
8076
8233
8678
8618
8168
9132
8795
8660
8944
8687
8424
8815
9100
8594
8331
8424
8760
9060
8412
8734
8534
8510
9117
9320
8568
8783
8474
8409
9864
8796
8376
8055
8530
8317
8812
9118
8182
8719
9229
8880
8561
8926
8723
8712
8638
8894
9124
8977
8376
9026
9473
8432
8061
8368
8342
8794
9049
8644
9253
7934
8522
8534
9098
9089
8465
7949
8986
8882
9245
9027
8742
9412
8808
9702
8482
8709
8266
9244
8088
9170
9269
8902
8288
8762
8956
9216
8802
8978
9075
8778
8824
7786
8882
8829
8907
8532
8055
8613
8597
9165
8756
8864
9216
8651
8361
8797
8890
9068
9487
9158
8461
8905
8812
8354
9053
8606
9027
8568
8778
8817
8864
8443
8403
8769
8746
8925
8492
9330
8798
8965
9099
9061
9274
8930
9493
8489
8612
8214
8844
8738
9128
8512
9260
8676
9032
9020
8576
8927
7891
9157
8870
8494
8902
8887
9301
8616
8852
8817
9576
8665
8392
9150
8736
8974
9232
8500
8596
8458
8736
9145
9400
8390
8662
8687
8852
9404
8666
9050
9287
8448
8145
9844
8439
8628
8064
9425
8661
8639
8089
8685
9218
8832
8306
8426
8991
9219
8877
9287
9990
8651
8639
8676
8888
8226
9485
9112
8946
9253
8714
9155
9157
9069
8258
8730
9535
9270
9544
8786
8396
7917
8280
8809
8778
8231
8780
8872
8545
8868
8585
9017
9396
8250
9021
8649
9351
8435
8600
8871
8209
8379
9384
8847
9054
8349
7817
8954
9203
8905
8509
9190
9144
9038
8239
8974
9765
8924
8081
9506
8557
9501
8181
8951
8748
8823
8613
8592
8546
8518
8614
9016
8564
8729
9128
8815
9337
8574
8660
9244
8814
8659
7803
9232
8924
8620
8891
8023
8500
9335
8153
8467
9089
8890
9131
9314
8470
9418
8079
8907
8025
8628
8164
8805
8441
9097
8811
8684
8725
8857
8435
8379
9192
8868
9274
9670
9372
8320
8786
8115
9670
8694
8296
8891
9332
9198
9149
8712
8370
8859
8617
8631
8584
8655
8781
9072
8266
8617
8426
9023
9032
8325
8623
8970
8629
9338
8148
8388
8192
8305
8281
8622
9349
8551
8676
9610
8349
8650
8373
8791
9211
8776
9290
8594
9444
7882
9131
8923
8580
9725
9051
8792
8897
8622
9272
8858
8385
8695
8969
8646
8349
9382
8754
9036
8614
8463
8776
8483
8695
8153
8824
8788
8632
9787
8737
8448
8932
9347
8531
8930
9292
9004
9132
8323
8993
9115
9103
9167
9625
8776
8936
8715
9277
8453
9596
8726
8615
8592
8477
8219
9617
8841
8879
8166
8727
9059
8588
8601
8840
8800
8410
9210
8571
8716
8704
8670
8869
9831
8606
8782
8492
9578
8827
8847
9431
8379
9321
8812
9082
8966
9138
9138
8126
8824
8321
8471
8840
8182
8461
9290
9071
8969
8987
8899
9453
8520
9637
8644
8457
9568
8864
8392
9106
8512
8024
8984
8683
9180
9334
9240
8810
8902
8396
9734
9490
8760
8997
8793
9273
8700
9368
8586
8819
8649
8987
8505
9174
8664
9325
8769
9087
8402
8659
8810
9709
9293
8607
9352
9292
8534
8984
8971
8700
8811
8834
9283
7927
9117
8449
9600
8562
9045
8989
7640
9066
8700
9563
9253
9067
8713
8970
9286
8627
9104
8704
8826
8469
9560
8866
8391
9427
8724
9220
9321
9039
9667
8638
9037
8379
8824
9630
9613
9057
8893
8502
8539
8482
8516
8321
8989
9078
9032
8676
8639
9610
8684
9432
8587
8947
8880
9421
8805
8836
9014
8911
9071
9574
9036
8211
9028
9170
9366
8783
8971
8398
8320
8684
9093
8591
8579
8648
8971
8937
8627
8742
8669
9037
8996
8838
8572
8339
9146
9368
8842
9075
9626
8806
9201
8776
9241
8734
9080
8425
9298
9074
8561
8717
9320
9134
8940
8429
8565
9150
8719
8086
9005
8763
9680
9626
9111
9016
8292
8846
9776
9584
8836
8935
9229
8849
9286
9156
9061
8363
8763
8882
8758
9159
8395
9193
9289
8710
8607
8519
8923
8997
8852
9072
8413
9534
8379
8689
9249
8478
8861
9109
8925
9687
8745
9675
8762
9078
9139
8178
9222
9168
9823
8754
9751
8412
9693
9113
9348
9332
8878
8936
8832
9137
9156
9211
8870
8523
8854
9126
9139
8494
8724
9970
9284
9313
9248
8970
9074
8800
8976
8485
8994
8787
9942
8923
9286
8942
9197
9446
8646
9336
9710
9218
9645
9890
9220
8042
9251
9782
9226
8737
9837
9301
9163
9009
8763
8995
8666
9110
9569
8728
9298
9163
8843
9097
8978
9088
8742
9287
8865
9537
9254
9033
8914
8640
9621
9053
8912
9340
8680
9612
9380
9131
8987
8982
8412
9549
8364
9271
8836
9760
10160
8443
8941
8978
9363
9244
9289
9408
8752
8678
9143
9610
8877
9183
8932
8960
8523
9177
8978
9149
9304
8565
9529
9220
9210
8984
9319
9168
9254
8906
9320
9548
9540
9259
8660
8756
8477
9823
9106
9170
8145
8497
8916
9521
9341
9163
9224
8989
8300
8526
9167
9543
9571
8826
9435
8898
8786
9178
9071
9079
8632
9222
9085
9220
9045
9067
8666
8692
8737
9595
8837
9139
9049
9582
9586
9254
9561
9600
8784
9257
9549
9784
9902
9357
9236
9101
8867
9031
8859
9116
9237
9706
9813
9164
9293
8679
9896
9024
9017
9338
9721
9054
9433
8947
9277
8920
9536
8653
9735
9264
9228
9145
9286
8924
8955
9055
8804
9472
9221
8833
8761
9722
9919
9344
9459
8932
8991
9654
8533
8988
9020
9819
9517
9771
9592
9134
10138
9528
9216
9016
9646
9358
9357
9269
9458
9277
8989
9346
8587
8907
9208
9101
9328
9437
9307
9057
9378
8808
9400
9525
9541
9633
9744
9127
9570
9178
8930
9158
9592
9591
9282
8389
9809
8961
9417
8822
8695
9534
8932
9036
8727
9497
9465
9241
9415
9871
9416
9682
9103
8862
9766
9504
9800
9460
9602
9436
9615
9907
9148
9140
9338
9418
9224
9769
9436
9284
9254
9393
9766
9366
9472
8821
8631
8861
9190
8877
8854
9258
9398
9328
9427
8960
9092
9504
9416
9756
9003
9924
9320
9621
9347
9158
9935
9358
9117
9065
9865
9225
8936
9812
9676
9498
9374
9142
9577
8419
9741
9071
9083
9261
9029
9620
9048
9339
9538
9547
9372
9475
9630
9314
9428
9574
9305
8829
9234
9062
9199
8898
9568
9451
9725
8755
9681
9325
9246
9513
9671
9525
9435
9380
10178
9291
9355
9386
8785
9520
9450
9240
9128
9339
8941
9972
9353
8825
9290
9445
9447
9476
9332
9344
9023
8951
9406
9764
8975
9036
9268
9281
9168
10125
9266
8813
9099
9081
9370
9815
8862
8765
9839
9892
8323
9853
9338
9986
9569
9719
9796
9834
9294
9664
9227
9380
9373
9031
9291
9060
10449
9371
9093
9583
9466
9797
9562
9472
9602
9595
9357
9113
9853
9739
9216
10116
9492
9453
9469
8936
9189
9071
9557
9473
9244
9618
9908
9852
9888
8846
9746
8972
8898
9918
9432
9674
9390
9812
9990
9221
9413
9624
9167
9652
9980
9763
9090
9487
9685
9290
9877
9550
9369
9040
9562
9585
9397
9965
9161
9400
9161
9301
9912
10072
9417
9927
10443
9411
10341
9572
9276
9573
9589
9390
9536
10198
9706
9013
9677
10212
10348
9372
9666
9606
10128
8898
9829
10034
10084
9873
10080
9890
9245
9293
9201
9240
10128
9934
8860
9980
9548
9857
10405
9883
9796
9949
9942
9506
9737
9349
9920
9686
9697
8631
9472
9862
10044
9629
9318
10133
9591
9709
9464
9690
9679
8836
9728
9908
10156
9457
10232
9545
9589
9991
9407
9812
9476
9805
10340
9828
9745
9317
10707
9692
9370
9640
10136
10221
9929
9516
9794
9465
9543
9929
8954
9658
8639
9743
9332
9547
10084
9216
10483
9654
10277
9303
10137
10398
9591
9126
9826
10292
10008
9654
10073
10203
9571
10558
9695
9097
9614
9319
9416
10323
9516
9621
9505
9509
9420
9250
9683
10125
10437
9259
10272
9072
9551
10004
9609
10261
10442
9626
10240
10006
9610
10198
9724
9701
10189
10026
9701
10119
9608
9716
10346
8953
10129
10190
10348
10423
10620
10330
9293
9385
10059
9657
10503
9894
10015
10356
9755
9392
9642
9911
10084
9982
9748
10358
10047
9491
10142
10008
10662
10132
9860
10405
9483
10674
9606
10462
10029
9131
10479
10609
10221
9274
9809
10012
10102
10058
9555
9583
10255
9514
10678
9762
10823
10116
9836
10198
9204
9697
9723
10089
9540
11068
9923
10308
9880
10112
10472
9993
10333
9992
9194
9874
10074
10201
10164
10142
10378
10107
9679
10610
10442
9945
9986
9632
10216
9702
10061
9786
10129
9683
9944
10234
10384
10450
10088
10447
10376
10317
9687
9890
9580
9826
9825
9511
10768
10441
10255
9639
9753
9976
10242
10511
10214
9571
10349
10315
10153
10649
10270
10343
9804
10183
10062
10528
9794
10496
9704
10150
9915
9521
10007
10152
10319
10201
9930
10484
10404
9776
10838
9997
9979
10379
10399
10110
10354
10416
10295
10757
10313
10198
10348
9916
10228
10676
10968
10407
10615
10532
10098
11068
10590
10610
9993
11037
10683
11212
10190
10560
10532
11241
10752
10526
10725
10522
10037
10475
11054
10330
11004
10408
10282
10451
11146
11913
10632
11106
10109
10669
10724
10682
9930
10532
11092
10391
10427
10191
10740
10124
10228
10555
11080
10909
10475
10483
10829
10694
11233
10388
11213
9952
10850
10793
10691
11018
10739
11255
10138
10786
10180
10874
11071
11171
10408
10900
11266
11010
10962
10401
10692
10434
10910
10967
10454
10856
10467
10795
11665
10854
10906
10539
10934
10277
11368
11470
10912
10496
10811
12166
10896
11134
10961
10192
10843
10690
10620
11152
10445
11160
10841
11171
11742
11415
11216
11446
11199
11476
10898
11291
10888
10836
10648
11192
10462
11098
11097
11152
10729
10752
11810
11461
11812
11781
10611
11551
11103
11435
10797
11024
11082
11292
10960
11304
10788
10690
11330
11223
11021
10988
11994
11930
11776
12097
10726
11276
11472
11842
11278
11697
11143
12012
11980
11895
11124
10767
11530
12294
11718
11348
11966
11982
12017
11501
11828
11402
11547
12132
12100
11910
12360
11738
12060
12016
11811
11838
11911
11267
11852
12195
12281
11972
11989
11244
12054
11418
11619
11186
11938
11856
11350
12086
11779
12244
12364
12185
11977
12500
11262
11585
12125
11647
11879
12604
11584
12941
11837
11552
12090
12678
12032
12141
11776
12792
12082
12576
12580
12659
12205
13068
12141
12658
12376
12822
12364
13346
12965
12943
12652
12711
12830
12548
11699
12767
12313
13252
12333
12888
12551
12648
13150
12909
12637
13577
13207
13000
13086
13716
12924
13076
12346
12754
12947
12885
13732
13396
12861
12827
13688
13045
12589
13602
12908
13557
12439
13021
13333
13434
13371
13207
13253
13233
13521
12650
13336
13242
13279
12895
13474
13534
13623
13243
13405
13663
13952
13654
13730
13834
13404
13682
14922
13416
14256
14657
13379
13815
13966
13937
14264
13364
14324
14343
13785
13335
13908
13155
13571
14530
14319
14230
14715
14379
14343
14533
13616
13738
14480
14352
14880
14198
15360
15019
14898
13711
15129
14766
14466
15231
14888
15207
15419
15425
15012
15023
15148
15496
15082
16273
15812
14987
15050
15538
15695
15389
15033
15354
15360
16308
16215
16541
16101
15560
15926
15144
16378
16265
16166
15412
16365
16001
17049
15857
16397
16358
16084
15874
16568
16683
15640
16128
15622
16682
16586
16374
16645
16802
17097
16848
17695
17568
16788
16950
17461
16912
17228
17812
17282
17854
17540
17241
16762
17165
17195
17688
17776
17686
18092
18202
17552
17770
17640
17917
17689
18873
17929
18109
18073
18797
18303
18860
18711
18861
19172
18548
18805
18474
18814
18916
19034
18501
19553
19290
19470
18714
19332
19668
19725
19421
19451
19406
19572
20022
19720
20219
20000
19374
19868
20106
20359
21016
20397
20034
21111
20710
20736
20522
20589
20084
20982
21018
20032
21320
21584
20570
21557
21167
21390
22088
21698
21925
21895
23133
22282
22178
22071
22156
22920
22268
23096
22057
22697
22365
22476
23780
23936
23514
23445
23244
23768
24082
23355
23572
23161
23815
23410
22986
23531
24059
24208
24021
24052
23880
24840
25355
25035
24832
24765
25146
25691
24974
25444
25452
25484
26723
26345
25189
25097
25835
26132
26026
26088
26905
25867
26420
26820
26573
26810
25657
27194
26890
27208
27318
27268
27600
27930
27344
27890
27946
28434
28330
28534
29283
29249
29072
29101
28646
30075
29395
29371
30338
29188
29533
29641
29941
30419
29848
30183
30980
30745
30650
31189
31650
30962
30723
31682
31332
31176
31435
32130
32678
32906
32733
32297
32375
32865
32973
32555
33573
33727
33835
34172
34701
33800
33604
33725
34457
34980
33731
34530
35072
34304
35396
35904
35727
36580
35997
35863
35661
36468
36837
37274
36258
37048
37628
37440
37982
36555
37486
38171
38725
38580
38925
39986
39620
38742
39173
39896
39366
39688
39802
39833
40340
41290
40225
41357
41221
41228
40888
41476
41562
41133
42724
42356
43072
41770
43028
42957
43654
43080
43520
42941
44339
44332
44317
44980
44420
45426
45428
45595
46356
45658
45351
46282
46266
46180
47069
47112
46133
47403
47268
47734
46693
47045
47713
47707
48324
48888
48352
49128
48987
50052
49327
49706
50057
50600
49536
49668
51098
51532
51858
51340
50598
51329
52272
51912
52352
53386
52619
53176
54760
53653
54090
54708
53961
53675
54717
54976
55042
55032
54344
54556
55552
54124
56136
55560
56620
57897
56632
56628
56779
57773
58286
58075
58116
58653
58093
58826
59342
59099
59748
59204
60076
59029
60347
59997
60966
59616
61060
60736
61002
61300
61780
61604
62242
62080
61366
61964
62572
63228
62634
63744
64364
63556
63520
64074
64800
64588
64740
64820
64868
65035
64474
65535
65535
65535
65535
65535
65535
65535
65535
65535
65535
65535
65535
65535
65535
65535
65535
65535
65535
65535
65535
65535
65535
65535
65535
65535
65535
65535
65535
65535
65535
65535
65535
65535
65535
65535
65535
65535
65535
65535
65535
65535
65535
65535
65535
65535
65535
65535
65535
65535
65535
65535
65535
65535
65535
65535
65535
65535
65535
65535
65535
65535
65535
65535
65535
65535
65535
65535
65535
65535
65535
65535
65535
65535
65535
65535
65535
65535
65535
65535
65535
65535
65535
65535
65535
65535
65535
65535
65535
65535
65535
65535
65535
65535
65535
65535
65535
65535
65535
65535
65535
65535
65535
65535
65535
65535
65535
65535
65535
65535
65535
65535
65535
65535
65535
65535
65535
65535
65535
65535
65535
65535
65535
65535
65535
65535
65535
65535
65535
65535
65535
65535
65535
65535
65535
65535
65535
65535
65535
65535
65535
65535
65535
65535
65535
65535
65535
65535
65535
65535
65535
65535
65535
65535
65535
65535
65535
65535
65535
65535
65535
65535
65535
65535
65535
65535
65535
65535
65535
65535
65535
65535
65535
65535
65535
65535
65535
65535
65535
65535
65535
65535
65535
65535
65535
65535
65535
65535
65535
65535
65535
65535
65535
65535
65535
65535
65535
65535
65535
65535
65535
65535
65535
65535
65535
65535
65535
65535
65535
65535
65535
65535
65535
65535
65535
65535
65535
65535
65535
65535
65535
65535
65535
65535
65535
65535
65535
65535
65535
65535
65535
65535
65535
65535
65535
65535
65535
65535
65535
65535
65535
65535
65535
65535
65535
65535
65535
65535
65535
65535
65535
65535
65535
65535
65535
65535
65535
65535
65535
65535
65535
65535
65535
65535
65535
65535
65535
65535
65535
65535
65535
65535
65535
65535
65535
65535
65535
65535
65535
65535
65535
65535
65535
65535
65535
65535
65535
65535
65535
65535
65535
65535
65535
65535
65535
65535
65535
65535
65535
65535
65535
65535
65535
65535
65535
65535
65535
65535
65535
65535
65535
65535
65535
65535
65535
65535
65535
65535
65535
65535
65535
65535
65535
65535
65535
65535
65535
65535
65535
65535
65535
65535
65535
65535
65535
65535
65535
65535
65535
65535
65535
65535
65535
65535
65535
65535
65535
65535
65535
65535
65535
65535
65535
65535
65535
65535
65535
65535
65535
65535
65535
65535
65535
65535
65535
65535
65535
65535
65535
65535
65535
65535
65535
65535
65535
65535
65535
65535
65535
65535
65535
65535
65535
65535
65535
65535
65535
65535
65535
65535
65535
65535
65535
65535
65535
65535
65535
65535
65535
65535
65535
65535
65535
65535
65535
65535
65535
65535
65535
65535
65535
65535
65535
65535
65535
65535
65535
65535
65535
65535
65535
65535
65535
65535
65535
65535
65535
65535
65535
65535
65535
65535
65535
65535
65535
65535
65535
65535
65535
65535
65535
65535
65535
65535
65535
65535
65535
65535
65535
65535
65535
65535
65101
65535
65206
64438
65460
65268
64308
63925
64004
63895
64155
63430
62728
63032
62732
62605
62756
63237
61834
61640
60900
61476
61195
60598
60763
61048
60676
61412
59968
60789
59496
59660
59332
58548
57928
58484
58148
57456
58135
57658
56207
56960
57188
57003
55572
56185
56512
56018
55496
54902
55322
53933
54746
54154
53025
53644
52928
52664
53060
52806
52404
52972
52676
52036
52523
52125
52520
51852
51133
50642
49568
47908
46232
46810
47170
47059
46974
48688
47932
48269
48585
48171
47616
47865
47606
47037
46966
45888
45912
45426
46144
45045
45060
45060
45044
44952
44628
44738
43787
43856
43226
42717
42680
43076
42635
42761
42074
41898
41362
41845
41392
40660
40118
39942
39268
40624
38954
39056
39386
38429
38127
39194
38504
37737
37221
37428
37229
36975
36891
36253
36282
37037
36564
35494
35474
35595
35177
34779
34261
34016
33775
34229
33129
32768
33890
33067
33024
31972
32142
32900
31900
32029
31519
31445
31168
31476
30731
30424
29799
29844
29760
28854
29177
29226
29000
29506
28992
29236
27849
27670
27530
27519
27872
28045
27686
28116
26302
25860
26730
25753
25581
26180
25476
25916
25748
25785
25462
24311
24917
25524
24130
24076
24490
24491
23131
24624
22954
23348
23049
23205
23368
22890
22214
21917
22824
22556
21640
21193
22444
21721
21554
21579
21399
20902
20944
20422
19828
20141
21436
20008
20761
19655
19720
20057
18967
19466
19232
19284
19311
18617
19209
18348
18922
18728
18279
19316
17697
18006
17732
17269
17316
17343
16642
17268
16860
16861
16882
17741
18024
16564
16132
16463
17074
16738
16463
15923
16245
15626
15304
15592
15997
16387
16053
15521
15712
15581
15555
14594
15826
15237
15145
14694
14900
14867
15047
14663
14415
15172
14028
15232
14529
15007
14030
15325
14420
14706
13527
13432
14604
14678
13540
14291
12809
14179
13728
14440
14040
14189
13546
14244
12984
12820
13525
13432
12930
12342
12982
13730
13450
13318
12965
13191
12811
12819
13864
11851
12933
12673
13106
11575
12579
12402
12622
12242
12298
11988
12494
12144
12723
12153
12609
12310
12223
