8431
8415
7918
8249
8054
9824
7736
8070
8295
7822
8176
7598
7791
7682
7317
8747
8414
7720
8238
8420
7248
7855
7480
7936
8434
8042
8509
7658
7569
8130
8318
7369
7448
7522
7636
7913
7315
8239
8000
8536
8030
7960
7890
8061
8233
7588
8554
7653
8517
8420
9161
8718
8806
7604
7864
7796
7990
7509
7771
8367
7791
7813
8475
8620
7931
7754
7767
7381
8593
8448
7834
7162
7817
7987
8102
8151
7828
8292
8019
7690
8467
8181
8349
8057
8459
8525
8223
7415
8556
8171
8134
8710
8321
8024
7773
8465
8116
9012
9061
8134
8500
7966
8581
7665
8314
8546
7797
8593
7656
7972
8360
7499
8986
8436
8251
7782
7733
8660
8597
8707
8313
7982
7794
8365
8707
8794
8927
8222
7588
8516
8089
7890
8273
8035
8229
8153
8627
8914
8575
8045
8438
8262
7644
8274
8767
8571
8393
8418
7991
8180
8749
8072
8665
8136
7714
8334
8729
8687
8506
8354
9220
8090
8351
8294
7933
8537
8736
8118
8870
7522
8387
8382
8486
7911
8246
7937
8537
8748
8822
8488
8411
9358
8840
8157
8460
9062
8560
7972
8978
8704
8873
8534
8786
8294
7939
8347
8302
8718
8560
9026
7656
7683
8848
8215
7980
8267
8709
8448
8902
8506
8694
8532
9047
8521
8200
7674
8533
8488
8516
8532
8892
8517
8611
8116
9179
8817
8336
8522
7999
9064
7836
8170
8669
8409
8022
8239
8489
8530
8577
8420
9129
8627
8150
8427
8842
8542
8728
8809
8538
9159
8154
9062
8713
8720
8403
8696
8347
8413
8917
8404
8255
9050
8146
8785
8262
8783
8255
8439
8608
9442
9087
8894
8998
8837
8155
8490
9181
8228
8149
9055
8798
8294
9193
8122
8704
8137
8613
9134
9002
8780
8429
8206
8512
8657
9272
8508
8509
8616
8161
8812
8836
8990
8037
8431
8185
8745
8332
8793
8726
8842
8748
9939
9247
8882
8153
8878
9237
8950
9238
8535
9392
7669
8852
8771
8400
8425
9302
8794
8783
9396
8887
8292
8199
8548
8414
9292
8931
8436
8506
8531
9218
8776
9124
8048
8465
8805
9030
8980
8879
9148
8836
9130
9149
8415
9369
8687
8706
9314
8460
9024
8353
9078
9201
7874
9108
8390
8746
8386
8929
8587
8174
8231
9064
8864
8365
8353
8516
8325
8387
8738
8082
9240
8087
8956
8685
8804
8956
8263
8960
8355
8693
9086
8141
8811
9224
8625
8644
8457
9011
8552
8953
9025
8632
8971
8965
8837
8753
9284
8705
9104
9443
8861
9228
9315
8896
9277
8881
8568
8839
9147
8822
9044
9062
9080
9129
8539
8818
7914
8462
9019
8409
8849
8834
8673
8586
8749
9077
9013
8681
8544
8911
9155
8866
8184
9059
9077
8849
9121
8704
9401
8632
8877
8906
9210
8805
9527
8572
8449
9252
8712
8361
8844
8902
9103
8839
9595
8920
9357
8534
9205
9306
9373
8442
9162
9584
9010
9421
8706
9261
8187
8641
8460
9109
9676
9341
8615
9584
9090
8582
9223
8696
8773
8540
8427
8998
9145
10068
9466
8710
8565
9300
9276
8817
9086
9334
8853
9436
8561
8885
8425
9055
9016
9389
9679
8919
9249
9445
9344
8085
8840
9637
9038
9136
8665
8408
9340
9174
9340
9125
9341
9127
9009
9375
9402
9008
9495
9010
9558
8696
9954
8994
9515
9291
9449
9424
8757
9422
8727
8569
8932
9214
10229
9099
9297
9560
9165
9650
9108
9156
9915
8574
9126
9198
9508
9323
9222
9513
8448
9351
8686
8722
8683
8973
8932
8286
9389
9387
9300
8599
9301
9243
8944
9504
8559
8483
9344
9242
9608
9258
9019
9214
9225
8906
8585
8512
8686
9281
8741
8859
8903
9035
8480
9143
9634
9315
9551
8490
8984
9094
8935
8829
8871
9296
8652
9005
9336
8798
9439
8796
9339
8766
9305
9829
8840
8701
9011
8358
9349
9533
9456
9121
8825
8932
9102
9983
8134
9078
9156
9014
9600
8896
9024
8699
9345
9846
9947
9847
8807
9035
8977
9542
8647
8611
9146
9250
8530
9338
9307
9028
9561
9266
9070
9462
9572
9169
8922
8989
9260
9395
8800
9208
8934
9002
9520
9560
8947
9288
9126
8749
10282
9339
8849
8642
9166
8786
9294
9469
8588
9400
9485
9167
8768
9257
9411
9086
9186
9347
9593
9566
8892
9622
9951
8980
8500
9059
8977
9176
9402
9224
9606
8582
8986
8992
9674
9516
8938
8746
9560
9369
9606
9625
9550
9863
9383
10155
8893
9040
8664
9757
8606
9504
9544
9102
8668
9301
9370
9608
9292
9537
9752
9358
9378
8422
9284
9312
9376
9023
8438
9012
9110
9661
9317
9392
9718
9193
8955
9348
9125
9515
9837
9636
8954
9205
9418
8477
9651
9267
9512
9188
9337
9124
9239
8950
9021
9449
9183
9571
9274
9870
9320
9285
9665
9585
9883
9447
9974
8922
9257
8689
9401
8888
9590
8934
9890
8941
9419
9327
8909
9495
8384
9627
9753
8829
9583
9276
9634
9432
9420
9348
10123
9131
8987
9661
9185
9348
9715
9054
9161
8953
9380
9299
10213
9077
9235
9183
9613
9769
9141
9345
9645
8938
8781
10304
9188
9042
8738
9906
9385
9284
8705
9210
9563
9529
8852
8917
9531
9710
9361
10096
10735
9068
9082
9034
9384
8498
9804
9371
9436
9785
9197
9948
9830
9741
8835
9358
10046
9802
10205
9309
9012
8621
8594
9385
9146
8648
9446
9599
9370
9393
9155
9604
9818
8891
9523
9246
9860
9033
9312
9524
8809
9168
9918
9564
9810
8674
8427
9391
9768
9654
9081
9972
9650
9639
9135
9321
10277
9400
8713
9918
8943
10042
9021
9795
9232
9597
9196
9527
9042
9209
9461
9699
9145
9425
10006
9338
10007
9319
9062
9613
9152
9309
8455
9668
9445
9357
9682
8749
9159
9628
8780
9197
9808
9250
9758
10057
9093
10325
8739
9536
8923
9248
8780
9512
9306
9641
9686
9364
9285
9589
9217
9202
9863
9654
9723
10211
9807
9127
9380
8893
10253
9166
8943
9603
9800
10134
9838
9406
8841
9587
9153
9303
9076
9327
9397
9710
9001
9353
9131
9700
9801
9090
9491
9607
9465
9967
9125
9050
8666
8969
8843
9076
9792
9224
9530
10296
9006
8987
9144
9589
9707
9442
10187
9097
9987
8600
9773
9478
9237
10231
9720
9661
9389
9257
9999
9547
9053
9355
9580
9344
8948
9864
9772
9691
9192
9098
9383
9457
9403
8867
9578
9916
9480
10458
9286
9382
9474
10162
8952
9744
10079
9738
9978
9104
9732
9783
9897
10134
10212
9794
9641
9478
10223
9342
10271
9519
9135
9100
9381
8828
10203
9785
9703
9222
9682
9900
9344
9258
9645
9465
9141
9868
9326
9482
9588
9618
9562
10341
9432
9408
9416
10165
9701
9578
10216
9124
10095
9495
9628
9714
9369
9726
8943
9640
8982
9158
9369
9108
9173
10076
9789
9723
9915
9509
10258
9340
10177
9571
9408
10456
9885
9351
9856
9424
8928
10086
9689
10199
10308
9821
9647
9952
9333
10663
10175
9500
9891
9708
9882
9551
10057
9562
9530
9828
10146
9449
9995
9425
10144
9487
10405
9543
9582
9746
10650
9896
9563
10084
10301
9220
10160
9848
9494
9588
9456
10230
8936
10118
9311
10438
9384
10005
9972
8491
9859
9410
9926
10003
9816
9824
9612
10304
9665
9926
9633
9941
9317
10470
9691
9513
10480
9731
10121
10219
9781
10542
9679
9817
9250
9556
10705
10309
9992
9504
9485
9627
9418
9605
9371
9972
9933
10019
9647
9839
10760
9693
10710
9355
9763
9891
10050
9590
9766
9587
9989
9885
10429
10166
9284
9976
9985
10388
9992
10048
9637
9338
9883
10062
9856
9497
9478
10138
10160
9562
9816
9604
10033
10074
9713
9983
9340
10215
10427
9781
10214
10782
9820
10519
9673
9996
9583
10353
9572
10248
10309
9668
10001
10253
10256
10261
9476
9561
10329
9836
9177
10360
9674
10624
10817
10000
10257
9277
10068
10850
10663
9987
9967
10448
9973
10287
10460
10003
9621
9737
9867
9621
10304
9472
10433
10394
10017
9524
9784
10042
9984
10102
10357
9622
10841
9450
9872
10301
9769
10157
10337
10232
10794
10048
10850
10008
10194
10326
9515
10244
10630
10962
9894
10741
9605
10869
10519
10850
10682
10120
10131
10190
10395
10431
10385
10500
9694
10264
10373
10561
9969
10371
11024
10425
10407
10428
10077
10214
10496
10337
9923
10352
9803
11431
10334
10490
10305
10388
10655
10140
10377
10902
10570
10771
11218
10737
9685
10807
10980
10472
10486
11090
10282
10603
10276
10059
10279
10157
10510
10981
10003
10877
10853
10272
10153
10497
10757
10123
10594
10230
10939
10936
10594
10552
10194
10998
10761
10379
10920
10378
10838
11016
10513
10469
10450
10082
10996
9904
10742
10290
11280
11553
10148
10584
10844
11172
10860
10734
10780
10407
10326
10624
11208
10285
10447
10474
10507
10262
10721
10803
10677
11100
10148
11263
10866
10965
10678
11132
10782
11022
10573
11063
10946
11270
10543
10115
10346
10235
11419
10790
10820
9808
10114
10595
11458
11020
10915
10947
10749
9762
10295
10924
11121
11348
10591
11330
10966
10558
11121
10792
11261
10577
10928
10853
10958
10892
11049
10491
10459
10618
11345
10760
11044
10629
11428
11436
11204
11362
11432
10638
11117
11336
11651
11604
11436
11375
10965
10882
10981
10724
11198
11326
11677
12013
11261
10996
10678
11873
11018
10802
11533
11666
10776
11675
10594
11600
11099
11501
10723
11922
11416
11081
10752
11637
10943
11112
11380
11072
11613
11077
11165
10832
11794
11976
11214
11373
11179
11239
11779
11024
11273
11138
11924
11705
12180
11797
11238
12530
11914
11470
11400
11882
11831
11743
11512
11746
11465
11198
11317
10827
11238
11582
11446
11846
11842
11587
11702
11876
11067
11710
11947
11779
12017
12105
11227
12001
11676
11309
11686
12054
12202
11619
11036
12272
11384
12276
11524
10997
12045
11214
11442
11306
11990
11809
11765
11940
12237
11855
12376
11520
11456
12338
12087
12658
12212
11911
11967
12196
12190
11845
11928
11923
12137
11629
12189
12388
11937
11852
12544
12269
12196
12276
11441
11309
11810
11677
11795
11113
11954
12378
12086
12282
11750
11880
12311
12205
12779
12098
12870
12353
12294
12251
12154
12847
12146
12132
12013
12800
12114
11819
12798
12632
12577
12356
12375
12364
11577
12637
12054
12211
12464
12297
12602
11914
12507
12764
12426
12487
12298
12549
12503
12681
12715
12570
12240
12016
12236
11992
12259
13002
12808
13088
11879
13232
12767
12682
12897
13327
12809
13041
12672
13466
12642
12901
12874
12292
13096
12847
12965
12437
12930
12369
13901
12695
12437
12544
12765
12892
13189
12928
13036
12809
12498
13204
13237
12464
12526
13046
12701
12760
13730
13156
12580
12457
12699
13327
13446
12100
12762
13421
13690
12150
13745
13004
13774
13246
13766
13578
13653
13109
13743
13043
13174
13406
13039
13115
12918
14384
13395
13042
13559
13134
13716
13402
13515
13597
13558
13705
13211
14049
13924
13324
14485
13594
13449
13521
13165
13350
13186
13387
13371
13396
13515
13977
14134
14089
13290
13938
13415
13176
14115
13363
14336
13749
14180
14389
13247
14017
13592
13824
13882
14315
13975
13727
13492
14125
13773
14421
14151
13839
13678
14191
14314
13978
14783
13696
14101
13772
13969
14336
14598
13892
14557
14806
13876
14886
14091
13918
14498
14289
14132
14107
15124
14410
13704
14442
15025
15067
14286
14622
14602
15094
13728
14596
14839
14730
14920
15144
14818
14164
14158
14350
14133
15359
15155
13755
15104
14761
15214
15536
14973
15163
14910
15162
14500
15356
14420
14985
15039
14698
13536
14446
15076
15077
15076
14860
15573
14699
15084
14982
15005
14694
14369
14938
15138
15814
15224
15638
14848
15089
15489
15115
15276
15176
15256
15656
15294
15570
14964
16260
15101
14749
15436
15990
16154
15677
15508
15250
15572
15353
15603
14683
15416
14418
15727
15049
15653
15903
15284
16239
15382
16090
15489
15761
16488
15812
15424
15817
16319
15963
16107
16496
16112
15784
16607
15482
15329
15738
15715
15473
16426
16185
15918
15698
15666
15900
15828
15900
16245
16843
15424
16455
15716
15845
16098
16123
16564
16831
16292
16747
16557
16111
16802
16386
16656
16923
16940
16298
17078
16088
16401
17122
15789
16862
16980
16951
17398
17270
17024
16059
16081
16741
16788
17464
16750
16991
17266
16907
16611
16408
16960
17241
16857
16964
17460
17082
16597
16929
17261
17568
17213
17180
17817
16777
18221
16846
17561
17293
16846
17892
17960
17404
16456
16896
17354
17073
17420
17101
16908
17563
16954
18324
17224
18336
17811
17010
17984
16768
17178
17370
17909
17461
18596
17757
18446
17925
18278
18372
18164
18024
18324
17148
17896
18276
18025
18202
17973
18567
18118
17841
18621
18794
18236
18206
17965
18363
18086
18318
18107
18618
17956
18184
18717
18749
19114
18637
18793
18578
18463
18295
18948
18162
18802
18514
18268
19289
19317
18554
18512
18456
18853
19196
19586
19208
18112
19149
18851
19124
19726
19156
19313
18831
19455
19240
20096
18917
19942
19145
19250
19292
18980
19167
19429
20177
19412
19220
20415
20072
19095
20552
19672
19409
20301
20027
19761
19908
19480
20001
20626
19563
20045
20269
19483
19957
20278
20846
20148
20308
20651
20230
21156
20424
20716
20043
21273
20933
21079
20361
20840
20506
21650
21314
20825
21020
20601
20098
20581
21554
20493
21185
20474
20842
20718
21661
22201
21036
21585
20680
21622
21592
21405
20914
21278
21733
21475
20675
21211
21712
21075
21375
21003
21914
21996
21310
21588
21863
21964
22677
21444
22458
21058
22245
22027
21684
22395
21835
22373
21512
22163
21911
22513
22584
22636
22052
22758
22880
22554
22597
22008
22285
22062
22935
22784
21792
22660
22252
22665
23577
22737
22570
22358
22756
22426
23307
23287
22890
22648
23108
24735
23017
23654
23150
22298
23099
23078
22714
23074
22718
23468
23386
23596
24039
23551
23713
23689
23571
23931
23624
23597
23728
23486
23474
23680
23201
23714
23943
23976
23484
23364
24667
24188
24808
24597
23647
24454
23845
24633
24092
24007
24302
24500
23885
24540
23892
23436
24558
24617
24232
24429
25647
25076
25245
25697
24445
24570
25261
24794
24605
25021
24479
25498
24736
25553
24415
24049
24878
25582
24533
25096
25391
25581
25733
25178
25528
25034
25156
25910
25786
25864
26590
25637
25990
26013
25848
25736
25628
25354
26120
26100
26093
25806
26132
25656
26120
25325
25965
25384
26317
25917
25124
26283
26371
26272
26510
26338
26539
27136
25373
25902
26421
25838
26698
26924
25822
27208
25736
25776
26648
26996
26219
26441
25892
27220
26666
27188
27250
27193
26591
27402
26561
26978
26842
27282
27630
27752
27432
27530
27261
27015
27662
27278
26384
27346
26942
27920
27266
27656
27517
27753
27713
27564
27947
28202
28144
27515
28068
28300
27728
27841
27070
27322
27420
27626
28914
27622
27813
27420
28514
27686
27102
28294
27508
28637
27365
27859
28086
28229
27803
28134
28120
28312
28210
27066
28166
28039
28577
28109
28555
28345
28718
28498
28315
28610
28928
28580
29146
29080
28520
29131
29972
28524
29130
29360
28298
28704
28552
28442
28639
28094
28868
28928
27597
27579
28377
27434
28423
29609
29316
29724
29690
29081
29717
30085
28376
28696
29173
29553
29851
29109
30357
30124
29850
28388
29780
29736
29774
30290
29944
30090
30360
30402
30088
30202
30187
30456
29934
31156
30809
29933
30167
30347
30714
30272
29962
30646
30210
31501
31018
31816
31012
30332
30790
29599
31029
31049
30066
29628
30878
30517
31288
29888
30564
30255
30336
30215
30976
31444
30708
30849
30650
31432
31188
30821
31492
31430
31728
31705
32152
32333
31486
31992
32258
31112
31872
32548
31723
32390
31897
31208
31188
31515
31509
32089
31819
32168
32114
32354
32131
31522
32168
32342
32330
33015
32588
32348
32462
32813
32205
32718
32536
33754
33245
32472
32572
32676
32464
33536
32898
32784
33642
33274
33205
33117
33470
33812
33769
32949
33261
33421
33552
33466
33453
34098
33872
33034
33834
33849
34120
34629
33878
33640
34711
34541
34255
34184
34714
34055
34405
34450
33357
34615
35221
34248
34825
34928
34921
35691
34721
35288
35074
36285
35432
35581
35238
35330
36020
35805
36258
35220
36232
35650
35745
36869
37134
36715
36251
36076
36423
37122
35946
36416
35524
35956
35908
35332
36301
35915
37007
36674
36534
36644
37419
37481
37370
37235
37236
37540
37581
37492
37440
37965
37852
38536
38916
37606
37481
37938
37972
38745
38308
38814
38125
38699
38743
38164
38991
37407
38496
38584
39398
39065
38997
39391
39131
39086
39908
39432
40052
40020
40201
40626
40452
40603
40356
40200
41262
40781
40808
41650
40632
40637
40450
41165
41361
41760
41282
42165
41514
41905
42112
42437
42294
41892
42640
42588
41760
42148
42762
42991
43304
43186
42887
42861
43371
43355
43176
43436
44365
43865
44056
44966
44015
43949
44316
44844
44724
44506
45352
45316
44089
45094
46664
45972
46379
46025
46314
45572
46030
46811
46813
46753
47232
47102
47418
47754
46777
46882
47502
48384
47892
48442
49466
48843
48384
48925
48502
48749
49228
49131
49032
49642
50004
49204
50448
49931
49576
50116
50516
49921
49972
51053
51200
51564
50906
51524
52248
52693
51432
52020
51387
52746
52314
52765
53585
53408
53890
53632
53065
54370
53905
54090
54788
54676
53824
54715
54772
54092
55237
55229
55037
54429
54747
54988
55736
56255
56928
56468
56437
56512
56968
56584
56329
57300
58088
57210
57240
58041
58230
58472
58715
57796
57920
59318
58276
59520
59752
58976
59483
60781
60788
60712
61231
61492
60591
60936
61770
61387
61144
60364
61712
61638
61071
62018
62196
62984
63570
62174
63028
63423
63508
63865
63812
63893
64580
63680
63940
65535
64345
65401
64640
64720
64948
65448
65188
65535
65535
65535
65535
65535
65535
65535
65535
65535
65535
65535
65535
65535
65535
65535
65535
65535
65535
65535
65535
65535
65535
65535
65535
65535
65535
65535
65535
65535
65535
65535
65535
65535
65535
65535
65535
65535
65535
65535
65535
65535
65535
65535
65535
65535
65535
65535
65535
65535
65535
65535
65535
65535
65535
65535
65535
65535
65535
65535
65535
65535
65535
65535
65535
65535
65535
65535
65535
65535
65535
65535
65535
65535
65535
65535
65535
65535
65535
65535
65535
65535
65535
65535
65535
65535
65535
65535
65535
65535
65535
65535
65535
65535
65535
65535
65535
65535
65535
65535
65535
65535
65535
65535
65535
65535
65535
65535
65535
65535
65535
65535
65535
65535
65535
65535
65535
65535
65535
65535
65535
65535
65535
65535
65535
65535
65535
65535
65535
65535
65535
65535
65535
65535
65535
65535
65535
65535
65535
65535
65535
65535
65535
65535
65535
65535
65535
65535
65535
65535
65535
65535
65535
65535
65535
65535
65535
65535
65535
65535
65535
65535
65535
65535
65535
65535
65535
65535
65535
65535
65535
65535
65535
65535
65535
65535
65535
65535
65535
65535
65535
65535
65535
65535
65535
65535
65535
65535
65535
65535
65535
65535
65535
65535
65535
65535
65535
65535
65535
65535
65535
65535
65535
65535
65535
65535
65535
65535
65535
65535
65535
65535
65535
65535
65535
65535
65535
65535
65535
65535
65535
65535
65535
65535
65535
65535
65535
65535
65535
65535
65535
65535
65535
65535
65535
65535
65535
65535
65535
65535
65535
65535
65535
65535
65535
65535
65535
65535
65535
65535
65535
65535
65535
65535
65535
65535
65535
65535
65535
65535
65535
65535
65535
65535
65535
65535
65535
65535
65535
65535
65535
65535
65535
65535
65535
65535
65535
65535
65535
65535
65535
65535
65535
65535
65535
65535
65535
65535
65535
65535
65535
65535
65535
65535
65535
65535
65535
65535
65535
65535
65535
65535
65535
65535
65535
65535
65535
65535
65535
65535
65535
65535
65535
65535
65535
65535
65535
65535
65535
65535
65535
65535
65535
65535
65535
65535
65535
65535
65535
65535
65535
65535
65535
65535
65535
65535
65535
65535
65535
65535
65535
65535
65535
65535
65535
65535
65535
65535
65535
65535
65535
65535
65535
65535
65535
65535
65535
65535
65535
65535
65535
65535
65535
65535
65535
65535
65535
65535
65535
65535
65535
65535
65535
65535
65535
65535
65535
65535
65535
65535
65535
65535
65535
65535
65535
65535
65535
65535
65535
65535
65535
65535
65535
65535
65535
65535
65535
65535
65535
65535
65535
65535
65535
65535
65535
65535
65535
65535
65535
65535
65535
65535
65535
65535
65535
65535
65535
65535
65535
65535
65535
65535
65535
65535
65535
65535
65535
65535
65535
65535
65535
65535
65535
65535
65535
65535
65535
65535
65535
65535
65535
65535
65535
65535
65535
65535
65535
65535
65535
65535
65535
65535
65535
65535
65535
65535
65535
65535
65535
65535
65535
65535
65535
65535
65535
65535
65535
65535
65535
65535
65535
65141
65535
64986
65535
65162
64608
64640
64955
64056
63944
64218
63624
63965
64006
62804
62965
62357
62772
63288
62498
61504
61403
61038
61780
61256
62042
60621
60652
59485
60260
60221
59108
59802
60232
59734
59624
58982
59912
58645
58891
58296
57588
56453
56632
56746
56590
56392
56662
55040
55561
55880
55769
54626
55204
54940
54568
54343
54054
54378
52571
53716
52663
52140
52503
51098
51768
52203
51748
51048
51569
51396
50816
51562
50694
50752
50508
50065
49424
48797
46941
45556
46286
46484
45994
46373
47418
46695
46876
47998
46942
46336
47343
46668
46656
46384
44865
44964
44320
45321
44054
43995
44404
43978
44407
43520
43564
42922
43179
42274
41744
41852
42618
41828
41879
40893
41192
40704
41061
40165
40340
39515
39212
38619
39851
38386
39186
38573
37536
37264
38523
37794
37076
36342
36733
36204
36257
37316
35439
35299
36782
35418
34740
34653
35300
34545
34561
33416
33629
33248
33946
32865
32059
33192
33177
32836
31949
31814
32886
31685
31466
30850
31192
30272
30850
30771
30114
29963
29486
29684
28733
29168
28859
29168
28692
28682
28693
27208
27321
27345
27033
27852
27627
27188
27550
26018
25476
26177
25966
25335
25947
25301
25608
25152
25330
25220
24511
25137
25361
24192
23862
24543
24496
22979
24486
23499
23376
23033
22975
23400
22725
21670
21790
22624
22606
21537
21336
22242
21741
21870
21464
21261
21014
20537
20442
19565
20127
21134
20056
20810
19474
19550
19861
19112
19114
19435
19224
19387
18802
18927
18554
19127
18870
18354
19514
17665
18399
18231
17501
17644
17483
17097
17400
17303
16825
17179
17848
17671
16650
16512
16692
17097
17283
16774
15973
16427
16168
15460
15562
16204
16716
16584
15990
15812
15690
15798
15019
16090
15180
15578
14861
15173
14881
15169
14977
14774
15126
14530
15572
14783
15245
14004
15548
14402
14687
13778
13893
14877
14898
13504
14580
13000
14492
13810
14899
14298
14207
13588
14400
13322
13074
13880
13763
13197
12580
13649
14153
13718
13457
13245
13236
12875
13146
14067
12300
13361
13265
13194
11845
12734
12555
13092
12410
12645
12464
13069
12388
12761
12488
13072
12401
12417
