8297
8346
7732
7970
7727
9626
7426
8035
8249
7559
7968
7253
7753
7497
7221
8736
8138
7461
8397
8356
7085
7729
7156
7890
8324
7592
8163
7605
7371
8322
8143
7501
7424
7390
7469
7869
7311
8015
7637
8314
7852
7694
7830
8024
8046
7491
8443
7370
8234
8167
9227
8489
8748
7629
7653
7738
7790
7440
7798
8124
7657
7695
8371
8500
7816
7698
7640
7398
8605
8392
7825
7071
7755
8001
8120
8109
7677
8072
7841
7520
8361
7829
7973
7863
8088
8300
7901
7086
8272
8069
7957
8476
8147
7875
7637
8246
7933
8706
8809
7770
8205
7587
8265
7605
8178
8294
7443
8578
7579
7829
8251
7813
8806
8229
8168
7526
7734
8476
8368
8432
8199
7819
7595
8342
8408
8615
8518
8176
7444
8428
7910
7545
8194
7844
7993
8016
8532
8480
8160
7723
8191
8094
7695
8138
8546
8174
8298
8504
7737
8069
8627
7900
8532
7976
7582
7982
8616
8383
8491
8177
9178
7998
7996
8072
8003
8334
8519
7771
8522
7650
8131
8192
8264
7650
8007
7867
8252
8698
8611
8272
8272
9012
8698
8110
8154
8969
8336
7833
8992
8397
8610
8003
8605
8394
7964
8264
8175
8507
8365
8797
7716
7563
8577
8207
7879
8015
8527
8481
8548
8240
8458
8285
8898
8291
7888
7435
8474
8079
8376
8264
8737
8513
8372
8000
9040
8692
8161
8311
7940
8714
7671
8002
8372
8523
7786
8141
8315
8062
8468
8367
8899
8440
8007
8252
8635
8477
8400
8543
8152
9065
7839
8773
8555
8720
8246
8558
8117
8281
8927
7829
8152
8778
8143
8442
8052
8568
7934
8144
8570
9106
8865
8636
8869
8631
7835
8265
8829
8063
7917
8825
8505
8141
8952
7939
8490
7947
8502
8942
8734
8723
8311
8151
8570
8674
9020
7972
8329
8516
8124
8648
8418
8633
7821
8202
8002
8561
8370
8630
8492
8732
8385
9433
9196
8445
7951
8576
9021
8515
8982
8151
9096
7450
8496
8637
8332
8189
9258
8774
8941
8974
8453
8209
8014
8272
8215
9067
8753
8457
8406
8221
8953
8984
8949
7828
8307
8595
8901
8827
8751
8877
8655
8863
8494
8394
8917
8642
8544
9061
8282
8834
7920
8916
8970
7549
8805
8298
8451
8234
8885
8495
8049
8105
8897
8595
8292
8217
8398
8180
8326
8566
7820
8768
7794
8883
8564
8453
8911
8084
8680
8416
8561
9032
7975
8771
8984
8166
8797
8370
8685
8377
8771
8796
8277
8797
8937
8938
8545
9159
8456
8809
9148
8471
9093
9168
8618
8861
8617
8670
8806
8954
8764
8699
8825
8831
8688
8559
8503
7706
8502
8776
8386
8609
8660
8512
8588
8576
8832
8849
8592
8540
8586
8947
8514
7968
8987
8893
8661
9155
8726
8934
8247
8471
8539
8846
8492
9264
8483
8109
9124
8425
8335
8818
8670
9011
8737
9639
8666
9113
8455
8637
9003
9212
8164
9110
9401
8969
9148
8668
8872
7791
8455
8159
9127
9333
9093
8187
9360
8603
8610
8898
8515
8654
8176
8339
8870
8972
9976
9342
8494
8344
9079
9268
8333
8998
9189
8627
9105
8347
8435
8289
8592
8809
9030
9493
8737
9210
9245
9087
8157
8694
9451
8766
8969
8490
8237
9228
8773
9027
8789
8977
8984
8711
9148
9136
8566
9339
8648
9354
8506
9450
8700
9102
9164
9159
9306
8336
9455
8525
8343
8687
8946
10061
8946
9097
9184
8850
9294
8769
9002
9734
8501
8753
9222
9279
9122
9149
9350
8406
8908
8466
8543
8356
8612
8666
8058
9261
9139
9065
8372
9340
9099
8987
9262
8552
8038
9199
9087
9624
9190
8860
9067
8829
8746
8233
8463
8507
9059
8457
8778
8771
8661
8354
8878
9686
8960
9207
8320
8706
8931
8568
8384
8724
9196
8728
8619
9248
8508
9275
8637
9237
8566
9069
9523
8600
8566
8770
8111
9058
9591
9157
8902
8760
8864
9179
9672
7973
8877
8906
8919
9475
8488
9184
8602
9502
9774
9894
9692
8658
8803
8845
9212
8485
8430
9009
8912
8460
9360
8990
9034
9221
9083
8948
9225
9377
8979
8789
8830
9079
9204
8640
9348
9087
8918
9446
9183
8669
8843
8911
8644
9908
9097
8516
8456
8747
8757
9103
9167
8382
9092
9376
9223
8702
9151
9108
8968
9165
8840
9480
9324
8741
9425
9786
8561
8512
8946
8689
9220
9270
8818
9211
8427
8731
8898
9450
9075
8894
8228
9150
9157
9466
8980
8987
9812
9214
10064
8845
8975
8669
9885
8377
9619
9357
9252
8617
9150
9306
9612
9011
8987
9701
9309
9224
8124
9019
9101
9274
8711
8250
8968
8817
9427
9121
9144
9655
9039
8890
9260
9139
9504
9819
9434
8693
9057
9161
8597
9440
8832
9504
8886
9233
9018
9174
8809
8683
9280
8831
9328
8877
9698
9219
9229
9591
9505
9818
9326
9763
8930
9057
8588
9331
8940
9253
8959
9817
8936
9195
9184
8954
9045
8203
9524
9620
8645
9280
9186
9689
9046
9446
9073
9949
9133
8865
9411
9098
9405
9502
9003
9051
8876
9346
9200
10043
8984
8872
9031
9427
9705
9098
9341
9774
8946
8604
10194
8873
9122
8608
9689
9184
8943
8544
9188
9397
9344
8724
8792
9288
9518
9190
9821
10349
8736
9072
8693
9241
8692
9908
9275
9463
9644
9157
9656
9670
9616
8692
9039
9857
9776
9962
9185
8665
8286
8684
9250
9111
8397
9276
9341
9157
9224
9037
9364
9725
8965
9349
9026
9722
8917
9163
9460
8799
8682
9762
9259
9480
8808
8346
9192
9462
9368
8944
9491
9749
9191
8904
9167
10167
9309
8373
9889
8840
9856
8820
9472
8993
9224
9000
9124
8950
8877
8981
9738
8964
9304
9608
9211
9904
8884
8978
9470
8990
9209
8294
9427
9327
9017
9255
8481
8907
9613
8726
9074
9515
9210
9614
9702
8964
9738
8576
9105
8588
8984
8587
9476
9115
9475
9289
9250
8980
9321
8968
8842
9913
9474
9613
10137
9822
8827
9344
8613
10116
9040
8897
9309
9798
9892
9558
9270
8575
9511
9121
9335
9024
9283
9081
9740
8879
9271
8967
9604
9536
9050
9204
9754
9220
9742
8908
8868
8723
8909
8867
8968
9814
8886
9488
10197
8954
9123
8740
9628
9636
9156
9932
9162
9915
8431
9563
9313
8897
9977
9718
9532
9540
9032
9845
9131
8978
9115
9576
9164
8861
9825
9295
9488
9242
9076
9513
9463
9391
8700
9323
9623
9111
10359
9201
9099
9537
10041
8890
9394
9840
9625
10016
9087
9653
9970
9725
9698
10070
9401
9477
9402
9895
8986
10205
9288
9029
9067
8910
8491
9872
9661
9390
8913
9252
9746
9205
9275
9518
9287
8976
9943
9091
9584
9515
9476
9499
10567
9161
9621
9080
10158
9563
9399
9922
8857
9956
9395
9819
9592
9323
9662
8885
9495
8797
9302
9363
8797
8903
9800
9662
9533
9788
9419
9949
8887
10257
9583
9087
10427
9593
9276
9546
9384
8882
9789
9460
10141
10136
9784
9640
9635
9236
10684
10232
9511
9880
9472
9769
9304
10091
9509
9355
9400
9818
9230
9825
9498
10032
9624
9812
9238
9171
9789
10509
9964
9451
9972
10201
9046
9743
9759
9168
9703
9361
10039
8870
10081
9156
10496
9391
9696
9979
8433
9848
9378
10169
9792
9780
9687
9709
10098
9633
9749
9573
9417
9166
10618
9523
9212
10281
9635
10045
10083
9762
10557
9711
9581
9056
9482
10364
10271
9984
9424
9223
9492
9537
9219
9178
9788
9953
9922
9465
9517
10303
9546
10360
9479
9585
9873
10033
9618
9519
9862
9841
10057
10626
10056
9221
9884
10000
10414
9805
9949
9302
9050
9504
9966
9604
9534
9625
9747
10185
9437
9845
9754
10020
9756
9648
9652
9348
10223
10187
9698
10259
10431
9609
10332
9526
10004
9554
10146
9519
10172
10264
9518
9894
10176
10116
9985
9436
9248
10310
9677
9069
10031
9573
10384
10578
9750
10001
9458
9858
10825
10588
9738
9856
10280
9912
10208
10216
10058
9375
9512
9805
9590
10061
9479
10134
10573
10012
9706
9610
10166
10014
9866
10283
9506
10777
9380
10010
10274
9409
9979
10250
10128
10476
9852
10976
9849
9950
10211
9402
10131
10584
10865
9862
10746
9736
10614
10079
10547
10259
10163
10155
10008
10347
10139
10780
10000
9734
10170
10186
10311
9842
9903
10733
10582
10575
10516
10095
10207
10274
10358
9570
10042
9771
11277
10217
10594
10173
10505
10668
10032
10433
10924
10513
10803
10971
10757
9344
10605
11024
10496
10110
11231
10259
10597
10334
10315
10116
9964
10477
11056
9939
10609
10682
10159
10234
10514
10688
10219
10581
10142
10884
10847
10442
10477
10015
11146
10516
10569
10881
10059
11009
10895
10532
10694
10478
10111
11172
9942
10753
10293
11402
11341
10058
10564
10678
10874
10918
10670
11014
10361
10462
10723
11278
10256
10405
10279
10402
10191
10895
10721
10751
10953
10385
11007
10742
10866
10487
10797
10618
10780
10518
10862
11195
11005
10778
10294
10536
10441
11479
10930
10918
9805
10136
10732
11136
11009
11048
10827
10743
9897
10249
10666
11263
11346
10591
11322
10881
10674
10974
10954
11158
10564
10866
10964
11105
10885
10925
10368
10525
10582
11281
10484
10973
10891
11332
11260
11199
11394
11645
10752
11216
11322
11623
11607
11243
11262
11029
10803
10946
10786
11124
11238
11748
11728
11194
11172
10755
11855
11178
10998
11503
11752
10905
11253
10814
11507
10935
11573
10835
11686
11482
11302
11272
11443
11044
11191
11427
11115
11695
11456
11005
10925
11944
12294
11211
11698
11263
11074
11845
10748
11126
11263
12083
11659
12368
11885
11383
12433
12142
11700
11480
12005
11703
11571
11797
11763
11271
11549
11594
11115
11430
11514
11414
11943
11994
11664
11621
11619
11341
11510
11902
11933
11820
12298
11586
12271
11609
11313
11873
12337
12234
11780
11095
12400
11723
12471
11688
11251
12313
11435
11621
11545
12084
12108
11980
11946
12370
12036
12468
11691
11495
12472
12168
12790
12221
11965
11983
12251
12664
11864
12016
12239
11817
12027
12398
12536
11973
12068
12320
12528
12136
12180
11669
11490
11878
11886
11816
11603
12133
12336
12306
12377
11805
12007
12592
12530
12943
12157
12997
12448
12698
12327
11965
12708
12249
12143
12310
12858
12178
11962
12727
13081
12530
12701
12346
12866
11750
13029
12375
12311
12783
12134
12836
12365
12874
12732
12416
12671
12710
12800
12314
12748
12826
12760
12238
12311
12384
12438
12446
13336
12691
13208
12036
13244
12529
12954
12902
12868
12809
13208
12706
13772
12853
13080
13046
12304
13122
13200
12731
12796
13060
12635
13871
12950
12355
12950
12884
13150
13031
13119
13010
12800
12617
13463
13350
12738
12524
12868
12859
12998
13757
13170
12666
12812
13206
13254
13314
12455
12643
13432
14086
12239
13626
13287
13820
13732
13608
13844
13636
13454
13556
13342
13679
13676
12918
13613
13016
14544
13492
13301
13726
13705
13778
13848
13762
13759
14004
13754
13182
14050
13986
13237
14564
13693
13516
13735
12873
13369
13414
13532
13703
13808
13909
14425
14331
14506
13314
14198
13633
13466
14370
13813
14390
14033
14443
14115
13381
14098
14141
13653
13943
14415
14160
13798
14102
14460
13862
14474
14256
14057
14107
14493
14384
14251
15064
14153
14341
14211
13978
14749
14976
14223
14927
15165
14200
15205
14564
14164
14840
14884
14435
14499
15042
14722
14271
14922
15261
15291
14384
15036
15087
15620
14281
14607
15072
15441
15116
15620
15066
14634
14627
14532
14746
15523
15196
14496
15041
15209
15191
15926
15329
15169
15137
15131
14893
15668
14782
15325
15401
15078
14189
14736
15334
15816
15316
14996
16000
15362
15374
15252
15279
15171
14584
15425
15551
15765
15517
16243
15379
15685
16008
15128
15732
15410
15608
16228
15710
15802
15274
16810
15544
15287
15496
16235
16223
15979
15803
15790
15739
15573
15926
15067
15706
14954
15914
15378
15995
16437
15543
16776
15919
16727
15900
16265
16852
16060
15817
16122
16516
16525
16469
16672
16949
15999
17053
15944
15516
15792
16238
15649
16842
16146
16390
16248
16355
16212
16284
16578
17110
17252
16115
17394
15977
16367
16664
16563
17198
17221
16585
17092
16968
16406
17050
16536
17056
17516
17061
16744
17166
16553
16803
17581
16306
17334
17442
17452
17887
17755
17860
16420
16681
17355
17325
17910
17204
17708
17709
17075
16849
16650
17037
17908
17458
17808
18128
17300
16944
17428
17708
18399
17677
18055
17908
17430
18265
17382
18172
17646
17612
18048
18474
18155
17144
17378
17717
17774
17907
17202
17668
18098
17684
18584
17924
19113
18342
17692
18593
17382
17843
18098
18382
17937
19463
18534
18443
18610
18712
19076
19037
18761
18543
17877
18412
18852
19050
18994
18728
19051
18504
18405
19360
19274
18744
18964
18602
19001
18447
19081
19008
19055
18620
19130
19418
19539
19712
19072
19400
19617
19093
18925
19278
19030
19458
18863
18788
20086
20069
19488
19204
19191
19607
19620
20017
19922
19133
19661
19880
19692
20209
19718
20149
19524
19917
20020
20587
19481
20203
19607
20444
19725
19375
19972
19991
20475
20166
20092
20929
20788
19607
21090
20294
20321
20608
21013
20556
20413
20648
20736
21336
20554
20661
21044
20922
20838
21148
21760
20988
21196
21279
20700
21545
21309
21308
20736
21643
21673
22446
21412
21211
21460
22457
21739
21876
21764
21517
21092
21385
22150
21067
22638
21525
21412
21362
22347
23190
21954
22386
21557
22080
22483
22145
21792
22172
22607
22344
21979
21718
22570
21587
22433
22273
22869
22860
22436
22529
22832
22596
23908
22418
23332
22024
23127
22868
22848
23062
23029
23704
22248
23144
22462
23359
23181
23406
22762
23457
23706
23262
23454
23300
23139
23088
23412
23517
23164
23429
23092
23418
24669
23789
23548
23596
23752
23110
24404
24277
24304
23693
23759
25021
24543
24162
24239
23658
24178
24150
23958
24230
23808
24444
24380
24517
24759
24938
24970
24628
24324
24792
24322
24593
24686
24292
24269
24986
24265
24921
24981
24942
24434
24904
25627
25256
25556
25861
24683
25256
25045
25608
25146
25088
25336
25584
24939
25325
25044
24942
25623
25572
25303
25274
26278
26180
26555
26651
25556
25666
26048
26130
25698
26404
25622
26482
26462
26170
25389
24862
26076
26779
25833
25995
26647
26445
26733
26483
26713
25732
26408
26910
26981
26666
27487
27092
27162
26924
26581
26458
27062
26536
27188
27713
27240
27065
27244
26482
27232
26526
26843
26372
27729
27200
26505
27428
27368
27542
27213
27365
27144
28075
26742
27044
28016
27144
27440
28118
26504
28253
26944
27346
27460
28200
27169
27604
27309
28717
27405
28315
28239
28530
27588
28224
27685
28005
28184
28329
28402
29097
29064
28752
28306
28127
28639
28244
27626
28507
28445
28999
28405
28817
28279
28814
29129
28858
28689
29084
29037
28955
29323
29388
28728
29120
28269
28744
28382
28804
29660
28621
28202
28610
29056
28756
28378
29205
28852
29688
28340
28875
29186
29532
29044
29022
28741
28710
29220
27968
29200
29581
29653
29146
29445
29705
29748
28957
29880
29826
30284
29876
30354
29961
29621
29337
31284
29412
30345
30739
29355
29670
29760
29597
30476
29062
30034
29977
29035
28649
29207
28317
29053
30459
30120
30269
30849
30724
30415
30786
30132
30096
30718
30328
31092
30219
31992
31244
31178
29661
30758
30864
30630
31364
31184
31355
31332
31315
31044
31091
31349
31627
31092
32111
31706
31303
31022
31716
31740
30772
30916
31458
31556
32650
32360
32466
31940
31105
31800
30994
32411
32096
31694
30628
31764
31333
32317
30978
31562
31582
31338
31128
31883
32534
31176
31768
31447
32345
32410
32106
32436
32634
32948
32717
33326
33293
32406
32938
33242
32420
32712
33494
32786
33142
32993
32147
31893
32973
32496
33163
32617
32909
32933
32954
32432
32842
32923
32561
32816
33716
33048
33156
33062
33786
33296
33815
33350
34090
34120
32993
33547
33689
33517
33498
34007
33506
34564
33663
33976
33466
33836
34896
34254
34101
34280
34031
34312
34487
34018
34925
34186
34064
34200
34460
34734
35090
34478
34158
34961
35371
34986
34817
35072
34497
34875
35147
34244
35404
35513
35090
35332
34806
35629
35590
35281
35765
35818
37305
35968
36234
36122
35982
36646
36372
36822
35892
36273
35770
36570
37405
37412
36284
36783
36160
36735
37378
36433
36411
35936
36641
35904
35842
35690
36877
36929
37256
36730
37128
37256
37904
37802
37516
37688
37817
38189
37952
38121
38235
37594
38961
39026
37671
37774
38470
38653
38518
38781
39072
37932
38454
38751
38664
38506
38157
39236
38620
39307
39188
39030
39448
39884
39412
39611
39780
40244
40093
39736
41002
40737
41108
40315
40192
41136
40614
41380
41522
40960
40692
40932
41376
41313
41472
41629
42249
41280
42120
42077
42177
41786
41701
42697
42463
41490
42038
42906
42652
43136
42730
42552
43028
43476
43252
42640
43432
43588
43641
44162
44324
43821
44104
43819
44619
44983
43921
44820
44836
44374
44456
46392
45405
46029
45572
45581
45168
45548
46234
46281
45860
46312
46894
46301
46804
46349
46781
47000
47572
47339
47778
48955
48458
47484
47908
47916
48384
48160
48262
48682
49115
49588
48132
49258
49209
49266
48716
49808
49083
49228
49572
50044
51016
49836
50448
50533
51456
50362
50898
50496
51340
51930
51968
51990
51882
52516
52660
52548
53774
52626
53292
52493
53300
52676
53796
53577
52844
54022
53888
53828
53458
53846
53888
54472
54982
55446
54605
54532
54937
55498
55460
55732
55812
56792
55466
55899
56576
57117
56901
56283
55773
56281
57576
56762
57225
58059
57540
58413
59277
58515
58501
59417
59817
59268
60040
60104
59481
59690
58379
59734
60024
59337
60700
60204
60672
61572
60900
60973
61134
61824
62080
61517
61624
62530
61960
62132
63076
62106
63065
62728
63478
62649
63453
63252
64197
63524
64304
64554
64148
64246
64965
64596
65221
64996
64267
65028
65355
65535
65284
65535
65535
65535
65535
65535
65535
65535
65535
65535
65535
65535
65535
65535
65535
65535
65535
65535
65535
65535
65535
65535
65535
65535
65535
65535
65535
65535
65535
65535
65535
65535
65535
65535
65535
65535
65535
65535
65535
65535
65535
65535
65535
65535
65535
65535
65535
65535
65535
65535
65535
65535
65535
65535
65535
65535
65535
65535
65535
65535
65535
65535
65535
65535
65535
65535
65535
65535
65535
65535
65535
65535
65535
65535
65535
65535
65535
65535
65535
65535
65535
65535
65535
65535
65535
65535
65535
65535
65535
65535
65535
65535
65535
65535
65535
65535
65535
65535
65535
65535
65535
65535
65535
65535
65535
65535
65535
65535
65535
65535
65535
65535
65535
65535
65535
65535
65535
65535
65535
65535
65535
65535
65535
65535
65535
65535
65535
65535
65535
65535
65535
65535
65535
65535
65535
65535
65535
65535
65535
65535
65535
65535
65535
65535
65535
65535
65535
65535
65535
65535
65535
65535
65535
65535
65535
65535
65535
65535
65535
65535
65535
65535
65535
65535
65535
65535
65535
65535
65535
65535
65535
65535
65535
65535
65535
65535
65535
65535
65535
65535
65535
65535
65535
65535
65535
65535
65535
65535
65535
65535
65535
65535
65535
65535
65535
65535
65535
65535
65535
65535
65535
65535
65535
65535
65535
65535
65535
65535
65535
65535
65535
65535
65535
65535
65535
65535
65535
65535
65535
65535
65535
65535
65535
65535
65535
65535
65535
65535
65535
65535
65535
65535
65535
65535
65535
65535
65535
65535
65535
65535
65535
65535
65535
65535
65535
65535
65535
65535
65535
65535
65535
65535
65535
65535
65535
65535
65535
65535
65535
65535
65535
65535
65535
65535
65535
65535
65535
65535
65535
65535
65535
65535
65535
65535
65535
65535
65535
65535
65535
65535
65535
65535
65535
65535
65535
65535
65535
65535
65535
65535
65535
65535
65535
65535
65535
65535
65535
65535
65535
65535
65535
65535
65535
65535
65535
65535
65535
65535
65535
65535
65535
65535
65535
65535
65535
65535
65535
65535
65535
65535
65535
65535
65535
65535
65535
65535
65535
65535
65535
65535
65535
65535
65535
65535
65535
65535
65535
65535
65535
65535
65535
65535
65535
65535
65535
65535
65535
65535
65535
65535
65535
65535
65535
65535
65535
65535
65535
65535
65535
65535
65535
65535
65535
65535
65535
65535
65535
65535
65535
65535
65535
65535
65535
65535
65535
65535
65535
65535
65535
65535
65535
65535
65535
65535
65535
65535
65535
65535
65535
65535
65535
65535
65535
65535
65535
65535
65535
65535
65535
65535
65535
65535
65535
65535
65535
65535
65535
65535
65535
65535
65535
65535
65535
65535
65535
65535
65535
65535
65535
65535
65535
65535
65535
65535
65535
65535
65535
65535
65535
65535
65535
65535
65535
65535
65535
65535
65535
65535
65535
65052
65535
65535
65181
65498
64940
65156
65100
65362
64739
63746
64271
64612
64055
62907
63892
63386
62378
62724
62159
62778
62169
62084
61882
62058
61208
61463
61341
60214
60890
61074
59609
59785
59536
59573
60000
58880
58808
57860
58032
58781
58792
59311
57722
57546
57165
57508
57434
56045
56556
57706
56840
57304
56180
56949
55670
56600
55186
54544
54316
54058
54328
53877
54100
53672
52804
53668
53101
53288
52228
52506
52398
52058
51912
51712
51236
50121
51632
51286
49473
50036
48914
49576
49844
49772
48743
48692
49010
48570
49110
49043
48650
48115
47674
47618
46242
44792
43498
43712
43887
44048
43867
45014
44645
44196
45771
44810
45268
45271
44401
44228
43898
43076
43032
42667
43290
42208
42278
42740
41924
41965
41600
41879
41079
41688
40810
39988
39831
40684
40402
39891
38989
39572
38594
39556
38089
38804
37659
37344
36493
38296
37048
36672
36855
35756
36256
36269
36112
35914
34873
35589
34896
34762
35929
33828
33759
34722
34845
33607
33300
33899
32957
33213
32134
32196
32117
32474
30988
30937
32258
31844
31142
30294
30752
31364
30480
30141
29708
29920
29508
30210
28985
29146
28823
28584
28381
27468
27798
27812
27754
27704
27569
27860
26484
26154
26298
26038
26141
26561
26517
26633
24672
24692
25216
24726
24438
25060
24470
24954
24129
24581
24026
23492
23412
24362
22876
22909
23963
23180
22001
23292
22950
22300
22121
22364
21959
21857
21117
20890
21820
21444
20456
20492
21242
20709
21239
20824
20309
20496
19835
19455
19018
19449
20561
19354
19940
18594
19088
19046
18408
18501
18688
18656
18580
18218
18398
17920
18578
18175
17558
18548
16858
17668
17463
16741
17069
16874
16268
16797
16620
16449
16472
17269
17492
16037
15839
16023
16857
16319
16292
15350
16215
15381
14966
15197
15708
16024
15750
15572
15204
15263
15225
14527
15548
15190
15368
14507
14895
14266
14824
14373
14210
14856
13738
15093
14472
14659
13279
14910
14157
14345
13062
13272
14780
14334
13240
14121
12534
13866
13648
14550
13632
14026
13370
13733
13208
12788
13194
13476
12875
12088
13098
13824
13460
13192
12798
12743
12637
12693
13640
11817
12811
12576
12878
11417
12389
12189
12755
11922
12292
12227
12305
11893
12529
12142
12618
12235
12328
