8067
8099
7236
7959
7483
9291
7321
7484
7850
7338
7952
6904
7311
7184
7194
8357
8167
7108
7930
7917
6899
7383
6979
7586
7887
7577
7855
7230
7219
7628
7863
7157
7033
7119
7197
7563
6910
7889
7494
8118
7481
7292
7328
7343
7688
6945
8052
7014
7945
7976
8698
8145
8467
7324
7317
7179
7525
6946
7375
7837
7260
7263
7983
8103
7340
7394
7438
6827
8045
7981
7620
6793
7513
7573
7699
7879
7389
7654
7439
7270
8027
7722
7818
7491
7730
7789
7424
6792
8150
7591
7774
8152
8133
7605
7426
7844
7642
8291
8410
7486
8015
7067
8062
7150
7983
8044
7187
8027
7136
7472
7973
7293
8204
7894
7722
7482
7305
8163
8048
8013
7631
7385
7453
7990
8062
8051
8270
7793
7112
7850
7531
7293
8030
7649
7666
7552
8163
8217
7958
7314
7845
7741
7298
7658
8187
7799
7828
7951
7541
7668
8144
7628
8321
7719
7071
7716
7967
8061
8182
7701
8714
7686
7661
7708
7425
7882
8108
7612
8247
7084
7745
7794
7727
6976
7542
7101
7887
8186
8041
7818
7707
8523
8140
7620
7905
8686
7949
7558
8464
8084
8394
7761
8168
8085
7430
7809
7710
8164
7893
8486
7219
7156
8128
7645
7473
7856
8161
7928
8242
7766
7974
7914
8444
7836
7496
7035
7939
7820
7906
7900
8532
7975
8105
7435
8475
7956
7942
7880
7248
8418
7245
7566
8030
7938
7569
7774
7720
7606
7970
8079
8507
8045
7598
7957
8125
7754
8079
8204
7665
8538
7403
8458
7893
8339
7898
8015
7516
7616
8516
7509
7623
8308
7547
8122
7378
8259
7530
7667
7955
8846
8431
8036
8502
8186
7306
8055
8357
7377
7454
8485
8011
7786
8326
7378
8200
7544
8010
8406
8395
8091
7756
7529
7899
8095
8837
7674
8159
7953
7529
7937
7991
8326
7445
7604
7625
8173
7640
7980
8277
8248
7918
9076
8404
8032
7311
8305
8527
8074
8653
7707
8540
7157
7977
8210
7686
7822
8888
8125
8037
8451
8282
7465
7476
7780
7589
8322
8074
8049
7863
7641
8609
8101
8440
7360
7864
8066
8466
8228
8352
8431
8139
8299
8107
7773
8523
8040
7963
8572
7888
8448
7338
8147
8313
7105
8389
7597
8083
7615
8470
8204
7432
7578
8435
8096
7901
7658
7924
7703
7850
8104
7129
8342
7237
8329
7871
7935
8443
7543
8424
7784
8141
8529
7485
8038
8348
7796
8102
7758
8257
7942
8297
8422
7936
8209
8326
8142
8246
8474
7956
8405
8751
8065
8400
8350
7871
8533
8148
8119
8478
8203
8102
8471
8405
8314
8330
7840
8052
7160
8051
8432
7558
8296
8226
8200
8176
8153
8548
8172
8233
8144
7959
8367
8042
7403
8380
8237
7893
8510
8056
8517
7715
8061
8175
8367
8044
8908
8052
7528
8651
8027
7740
8143
8326
8548
8188
9206
8219
8437
8079
8352
8485
8591
7760
8574
8900
8368
8548
7837
8479
7432
8110
7575
8440
8810
8454
7709
8953
8293
7923
8397
8108
8002
7712
7632
8207
8489
9348
8721
8003
7733
8557
8849
8078
8315
8780
8180
8741
8012
8110
7799
8104
8563
8521
8722
8526
8390
8832
8374
7812
8080
8918
8305
8261
7941
7836
8592
8251
8608
8457
8487
8620
8356
8463
8634
8390
8846
8178
8778
8009
8995
8294
8790
8653
8630
8706
7604
8930
7723
7736
8219
8538
9560
8231
8543
8917
8680
8718
8418
8362
9088
7922
8213
8323
8615
8532
8795
8779
7806
8614
8187
8074
8161
8196
8020
7460
8847
8663
8632
7895
8551
8394
8336
8671
7877
7567
8596
8522
9080
8636
8568
8516
8412
8136
7865
7913
7853
8707
8058
8287
8270
8340
7985
8468
9097
8410
8754
7930
8151
8476
8070
8286
7996
8632
8285
8200
8734
7883
8962
8167
8846
8087
8531
9032
8260
8177
8435
7812
8665
8808
8617
8526
8280
8287
8622
9098
7291
8232
8532
8403
8905
8027
8637
8181
9000
9221
9458
9240
8202
8308
8142
8674
7798
7937
8485
8406
7834
9005
8368
8438
8790
8595
8226
8708
8868
8647
8108
8320
8531
8655
7885
8701
8348
8532
8654
8778
8206
8384
8290
7875
9659
8596
8163
7954
8177
8201
8330
8976
7857
8704
9035
8557
8297
8622
8874
8413
8484
8348
8756
8837
8085
8886
9130
8435
7700
8115
8000
8559
8748
8373
8843
7831
8280
8335
8882
8708
8213
7844
8886
8710
9023
8616
8441
9163
8973
9462
8081
8469
7974
9211
8092
9070
8788
8664
7936
8706
8632
8901
8509
8654
8867
8566
8770
7622
8367
8439
8745
8386
7757
8426
8329
8814
8582
8574
8964
8497
8168
8561
8516
8693
9132
8880
8138
8469
8672
8064
8792
8571
8944
8369
8465
8371
8443
8209
8407
8452
8320
8849
8323
8849
8490
8600
9113
8705
9111
8768
9463
8262
8217
7792
8834
8309
8868
8305
9215
8138
8843
8632
8248
8760
7646
8916
8804
8140
8812
8454
9036
8675
8793
8489
9476
8309
8361
8868
8531
8686
8902
8448
8365
8261
8612
8636
9109
8240
8541
8566
8588
9192
8305
8546
9086
8313
8030
9475
8331
8407
7996
9496
8589
8192
7828
8474
8900
8923
8015
8221
8619
8883
8499
9160
9709
8419
8381
8536
8621
7952
9023
8845
8698
9058
8481
8921
8811
9063
8138
8721
8962
9048
9492
8704
8260
7903
7895
8482
8381
7960
8830
8391
8504
8845
8577
8966
9032
8354
8816
8314
8971
8209
8453
8729
8193
8189
9206
8821
8772
8185
7727
8538
9026
8872
8215
9069
9074
8631
8476
8425
9289
8945
7736
9196
8307
9398
8204
9034
8572
8609
8322
8394
8133
8291
8454
8821
8250
8514
8942
8738
9268
8583
8256
8935
8224
8615
7809
8819
8717
8482
8792
7838
8365
8916
7957
8569
8942
8526
9129
9250
8233
9254
7886
8768
7998
8345
8053
8592
8480
8970
8879
8798
8578
8928
8185
8232
8929
8621
8968
9387
9071
8127
8690
8186
9468
8336
8385
8727
9229
9250
9100
8576
8207
8739
8257
8443
8349
8583
8643
8933
8050
8187
8245
8777
9198
8573
8493
8899
8557
9353
8105
8248
7949
8154
8204
8228
9226
8279
8671
9613
8180
8310
8257
8829
8783
8440
9108
8425
9262
7842
8756
8686
8192
9371
8942
8783
8475
8569
8988
8676
8227
8305
9086
8714
8254
9064
8850
8866
8444
8269
8798
8508
8642
8091
8662
8958
8320
9632
8348
8307
8748
9104
8294
8836
9035
8922
9275
8333
8908
8996
8932
9123
9444
8698
8783
8542
9066
8395
9374
8677
8413
8308
8379
7923
9282
8996
8725
8195
8629
9084
8578
8529
8690
8552
8119
9019
8350
8813
8476
8720
8673
9766
8420
8641
8299
9431
8890
8572
9161
8192
9217
8794
8914
8832
8785
9041
8056
8896
8091
8463
8734
8116
8382
9088
8917
8841
9013
8776
9412
8560
9437
8587
8311
9435
8862
8393
8687
8528
8063
9144
8782
9185
9250
8900
8839
9134
8335
9663
9412
8634
9116
8888
9057
8583
9211
8545
8448
8564
8658
8392
9094
8780
9065
8662
9257
8466
8675
8733
9608
9142
8554
9268
9230
8192
9022
9049
8630
8772
8514
9052
8203
9190
8207
9548
8552
9004
9050
7390
8957
8689
9139
9042
8933
8945
8853
9071
8818
8909
8855
8998
8481
9560
8865
8412
9435
8558
9222
9150
8855
9489
8694
8836
8227
8500
9636
9458
9103
8808
8540
8731
8411
8371
8323
8694
9231
9021
8626
8911
9624
8535
9593
8465
8864
9002
9249
8694
8868
8807
8978
9139
9634
9071
8428
8982
9276
9363
8724
9043
8430
8141
8662
9061
8680
8568
8555
8714
9046
8502
8681
8553
9026
8862
8692
8832
8422
9102
9662
8770
9216
9554
8794
9161
8488
9061
8621
9305
8701
9060
9096
8575
8921
9256
9264
8914
8394
8339
9368
8878
8056
9191
8664
9671
9859
8746
9141
8143
8813
9794
9764
8837
9066
9147
8822
9104
9078
8863
8492
8773
8975
8591
9255
8635
9192
9214
8613
8282
8688
8927
8829
8868
9169
8604
9609
8596
8683
9285
8621
8860
9078
9064
9526
8733
9745
9060
8977
9340
8478
9077
9370
9588
8866
9646
8312
9592
9204
9504
9240
8857
8890
8949
9192
9380
9300
8847
8522
9001
8923
9124
8695
8842
9642
9254
9254
9122
8794
9004
9158
9244
8453
9025
8629
10094
8900
9321
8856
9385
9339
8742
9316
9564
9560
9626
9756
9510
8307
9337
9792
9315
8988
9878
9280
9289
8926
8987
8920
8633
9353
9763
8482
9525
9262
9001
8887
9230
9486
8879
9314
9070
9734
9473
9519
9234
8959
9702
9412
9037
9544
8947
9678
9682
9407
9248
8990
8694
9625
8833
9549
9010
9842
10185
8832
9027
9297
9554
9337
9368
9684
9225
9108
9222
9948
9179
9174
9062
9083
8867
9388
9187
9253
9563
8927
9778
9392
9562
8948
9678
9390
9735
9317
9409
9550
9845
9289
8740
9077
8759
10020
9434
9578
8421
8824
9260
9924
9570
9230
9356
9344
8566
8880
9360
9917
10044
9105
9519
9397
9058
9668
9282
9799
8962
9445
9393
9389
9300
9673
9080
8956
9020
9869
9202
9352
9208
9769
9792
9440
9920
10014
9123
9438
9540
10080
10078
10003
9622
9489
9428
9635
9147
9360
9658
10315
10192
9432
9747
9173
10558
9503
9314
9836
10165
9364
9806
9012
9912
9198
9719
8857
10059
9651
9394
9408
9723
9338
9508
9732
9396
9905
9604
9330
9071
10166
10251
9692
9853
9243
9391
10097
9086
9472
9322
10205
10070
10452
10019
9472
10571
9930
9864
9627
10176
9725
10000
9509
9595
9608
9449
9840
9420
9621
9773
9712
10034
10179
9808
9679
9703
9399
9906
9895
9975
10267
10392
9820
10174
9601
9387
9514
10211
10120
9850
9192
10250
9510
10130
9434
8976
10033
9454
9796
9484
10215
10298
9832
10068
10384
9820
10191
9718
9649
10375
10070
10531
10258
9942
10079
10035
10222
9856
9781
9862
9900
9568
10372
10325
10057
9832
10169
10510
9910
10000
9393
9238
9366
9676
9576
9319
9808
10443
9685
10010
9766
9857
10356
10123
10634
10135
10543
10026
10370
9970
9780
10557
10002
9869
9580
10739
9956
9706
10417
10586
10196
10348
10074
10220
9440
10500
9834
9963
10111
9673
10340
9683
10512
10568
10043
10266
10372
10185
9997
10192
10498
10232
9654
9902
9792
9860
9865
10437
10064
10591
9460
10758
10111
10190
10358
10437
10578
10305
10330
11047
10173
10218
10326
9711
10455
10336
10166
10111
10320
9795
11254
10070
9889
10476
10154
10362
10302
10502
10277
9872
9887
10503
10924
9947
9865
10396
10132
10142
11105
10343
9694
9943
10104
10466
10534
9637
9903
10871
10844
9472
10849
10254
11195
10605
10764
10824
10965
10163
10596
10588
10565
10636
10204
10736
10164
11604
10584
10286
10514
10514
10719
10492
10427
10433
10848
10338
10192
10945
10672
10350
11272
10861
10476
10606
9788
10211
10291
10618
10561
10667
10442
11163
11119
11112
10240
10918
10368
10187
11179
10473
10965
10671
11176
10980
10477
10880
10864
10484
10626
11087
10830
10458
10656
10958
10426
10921
10989
10639
10618
10852
10963
10781
11579
10439
10891
10374
10396
10906
11424
10604
11450
11309
10525
11485
10864
10690
11230
11039
10764
10683
11460
10836
10460
10984
11350
11542
10849
11360
11072
11795
10532
10905
11349
11688
11461
11782
11269
10627
10742
10846
10631
11520
11316
10476
11378
11149
11357
12067
11383
11255
11150
11133
10676
11260
10893
11408
11344
11172
10182
10932
11128
11529
11274
10898
11609
11030
11293
11144
11267
10944
10481
11331
11441
11799
11238
11861
10985
11016
11558
10946
11269
11252
11194
11750
11537
11429
10997
12211
11386
11086
11311
11661
11905
11432
11293
11090
11379
11158
11529
10701
11213
10462
11520
10937
11433
11951
11146
11780
11669
11950
11160
11680
12424
11370
11103
11727
11883
11770
11535
11973
11802
11430
12266
11128
10967
11284
11440
11186
12116
11504
11323
11494
11462
11407
11359
11604
12030
12646
11096
12450
11058
11520
11592
11695
12313
12406
11966
12419
12021
11637
12186
11868
12047
12244
12216
11520
12219
11589
11840
12235
11084
12210
12108
12380
12718
12656
12643
11525
11445
12020
11862
12576
11914
12255
12521
11970
11853
11520
12069
12374
12280
12345
12751
11898
11657
11944
12145
12895
12256
12120
12665
11503
12810
11949
12558
12292
11475
12742
13051
12592
11695
12165
12500
12261
12310
12011
12086
12739
12133
12953
12011
13153
12406
12063
12697
11550
12045
12236
12501
11909
13465
12509
12559
12457
12685
13084
12872
12672
12682
11704
12638
12981
12670
12669
12603
12933
12462
12331
12940
13064
12525
12634
12230
12888
12290
12911
12649
13020
12347
12876
13166
13114
13197
12803
13165
12906
12797
12281
12806
12350
12878
12540
12132
13315
13428
13177
12333
12800
12826
13136
13312
12922
12248
13180
13097
13002
13568
13277
13210
12843
13059
12914
13717
12911
13436
12509
13344
12705
12824
12934
13158
13648
13179
12877
14170
13572
12765
13934
13336
13334
13482
13753
13358
13420
13285
13252
13800
13364
13512
13716
13562
13172
13792
13965
13380
13666
13709
13384
14546
13544
13975
13237
14400
14094
14424
13595
13940
13882
14654
14066
13724
14398
14095
13259
13776
14641
13507
15001
13477
13694
13613
14786
15261
13797
14309
13573
14161
14246
14388
13575
13982
14402
14311
13927
13644
14332
13766
13925
13952
14678
14560
14109
14101
14440
14468
15098
14055
14780
14008
14730
14415
14318
14837
14277
14898
13934
14440
13733
14542
15227
15034
14386
14970
14900
14598
14493
14285
14669
14325
14789
15132
14356
14713
14433
14737
15713
14682
14933
14292
15090
14448
15337
15506
14936
14592
14698
16492
15268
15278
14826
14228
15028
14593
14524
14893
14490
15360
14988
15366
15534
15504
15386
15721
15158
15542
15347
15388
15321
15056
14753
15685
14809
15350
15410
15271
14878
15396
15738
15711
16020
15979
14969
15759
15335
15819
15297
15064
15333
15867
15213
15775
15156
15108
16010
15716
15278
15616
16422
16251
16545
16742
15498
15718
15946
15982
16184
16232
15497
16505
15949
16520
15636
14978
16129
16804
16040
16056
16395
16330
16651
16077
16219
15667
16284
16781
16483
16554
16878
16562
16653
16496
16394
16034
16457
15966
16644
16653
16878
16512
16786
15929
16745
15985
16222
15781
16986
16488
16068
16644
16883
16760
16904
16698
16696
17184
15969
16264
17034
16358
16602
17398
15800
17464
15972
16522
16830
17701
16679
16772
16297
17460
17025
17348
17367
17774
17154
17442
17099
17593
16861
17696
17173
18542
17814
17908
17240
17072
17916
17412
16671
17555
17305
17916
17060
18091
17674
17313
17947
17569
17812
18149
18244
17886
17930
18688
17804
17779
17276
17561
17906
17728
18641
17900
17739
17530
18403
18186
17216
18344
17707
18325
17229
17797
18533
18144
17909
18056
17868
18058
18203
17391
18352
18292
18612
18083
18525
18370
18405
18071
18379
18610
19116
18424
18893
19036
18271
18577
19699
18166
19219
19396
18253
18600
18668
18432
18951
18456
19010
19232
18228
17846
18466
17890
18147
19390
19428
19254
19603
19304
19282
19625
18800
18990
19283
19099
19769
19044
20431
20117
19838
18298
19866
19890
19481
19972
20121
20040
20269
20282
20133
20021
20435
20399
19481
21213
20509
19969
19745
20397
20694
19754
19571
20180
20057
21181
20921
21108
20736
20100
20876
19866
21256
20740
20676
20092
20834
20516
21342
20261
20930
20918
20639
20331
20985
21049
20472
20681
20589
21200
21260
20950
21111
21226
21582
21732
22007
22065
21155
22237
22144
21450
22033
22381
21837
22386
21926
21487
21149
22113
21802
22351
22140
21966
22317
22438
21999
21709
22443
22372
22476
23229
22563
22548
22243
22980
22996
23092
22919
23371
23222
22595
23199
22996
22796
23277
23337
23027
23706
23092
23883
23261
23216
24120
24047
23466
23757
23812
23722
24180
23901
24192
23977
23233
24050
24240
24487
24798
24539
24172
24950
25128
24710
24855
24677
24271
24835
24332
24192
24802
25483
24917
25388
25364
25417
25764
25508
25861
25261
27238
26011
26417
26294
25795
26824
26232
27026
26002
26483
26243
26359
27401
27594
27028
26984
26652
27337
27661
26985
27448
26741
27222
26909
27080
26746
27280
27511
27688
27212
27325
27980
28648
28436
27665
27893
28572
28697
28388
29076
29433
28612
29417
29627
28357
28705
29100
29554
29396
29385
29993
28955
29456
29933
29070
29877
29178
30234
29546
30577
30666
30096
30449
30664
31048
31354
30798
31396
31126
31218
32184
32183
32084
31824
31657
32340
32622
32421
32883
32413
32328
32354
32377
32566
32840
33108
33675
33189
33805
33803
34057
33528
33305
34682
33817
33757
34372
34326
34773
34982
34799
34555
34568
35277
35143
34482
35570
36425
35904
36544
36381
35680
36068
36279
36674
36932
36268
37152
36864
36193
37271
38464
37577
38468
38100
37945
37767
38113
38344
38900
38380
38989
38956
39229
39588
38808
39414
39196
40071
40173
39927
41332
40965
40305
40677
41159
41101
41111
41099
41910
41732
42269
41565
42668
42733
42759
41974
42806
42376
42413
43222
43314
44070
42908
43210
44279
44714
44354
44338
44123
45124
45097
45013
45942
46070
45667
46210
46612
47145
46208
46692
46822
47117
46580
47839
47467
46975
48314
47682
47691
47333
47452
47652
48704
49560
48993
48573
48924
49257
49816
49542
49325
50349
51183
49840
50134
50733
51456
51209
51312
50858
51528
51884
51460
52135
52516
52453
52484
53079
53282
52794
54344
53906
53308
54369
55512
55178
54292
54056
54790
54772
54212
55780
54808
55684
56667
55428
55396
55952
56704
56970
56905
56557
57333
57156
56943
58212
57412
58444
57996
57960
58392
59225
58580
59739
58784
59349
59973
59285
60009
59950
60061
60752
60344
59977
61130
61100
61704
61081
61478
62692
62820
61771
62592
62922
62900
62731
63066
63524
63420
62162
63947
64045
63533
64828
63412
64206
64084
65417
65172
64707
64795
65535
65535
65437
65535
65419
65535
65535
65535
65535
65535
65535
65535
65535
65535
65535
65535
65535
65535
65535
65535
65535
65535
65535
65535
65535
65535
65535
65535
65535
65535
65535
65535
65535
65535
65535
65535
65535
65535
65535
65535
65535
65535
65535
65535
65535
65535
65535
65535
65535
65535
65535
65535
65535
65535
65535
65535
65535
65535
65535
65535
65535
65535
65535
65535
65535
65535
65535
65535
65535
65535
65535
65535
65535
65535
65535
65535
65535
65535
65535
65535
65535
65535
65535
65535
65535
65535
65535
65535
65535
65535
65535
65535
65535
65535
65535
65535
65535
65535
65535
65535
65535
65535
65535
65535
65535
65535
65535
65535
65535
65535
65535
65535
65535
65535
65535
65535
65535
65535
65535
65535
65535
65535
65535
65535
65535
65535
65535
65535
65535
65535
65535
65535
65535
65535
65535
65535
65535
65535
65535
65535
65535
65535
65535
65535
65535
65535
65535
65535
65535
65535
65535
65535
65535
65535
65535
65535
65535
65535
65535
65535
65535
65535
65535
65535
65535
65535
65535
65535
65535
65535
65535
65535
65535
65535
65535
65535
65535
65535
65535
65535
65535
65535
65535
65535
65535
65535
65535
65535
65535
65535
65535
65535
65535
65535
65535
65535
65535
65535
65535
65535
65535
65535
65535
65535
65535
65535
65535
65535
65535
65535
65535
65535
65535
65535
65535
65535
65535
65535
65535
65535
65535
65535
65535
65535
65535
65535
65535
65535
65535
65535
65535
65535
65535
65535
65535
65535
65535
65535
65535
65535
65535
65535
65535
65535
65535
65535
65535
65535
65535
65535
65535
65535
65535
65535
65535
65535
65535
65535
65535
65535
65535
65535
65535
65535
65535
65535
65535
65535
65535
65535
65535
65535
65535
65535
65535
65535
65535
65535
65535
65535
65535
65535
65535
65535
65535
65535
65535
65535
65535
65535
65535
65535
65535
65535
65535
65535
65535
65535
65535
65535
65535
65535
65535
65535
65535
65535
65535
65535
65535
65535
65535
65535
65535
65535
65535
65535
65535
65535
65535
65535
65535
65535
65535
65535
65535
65535
65535
65535
65535
65535
65535
65535
65535
65535
65535
65535
65535
65535
65535
65535
65535
65535
65535
65535
65535
65535
65535
65535
65535
65535
65535
65535
65535
65535
65535
65535
65535
65535
65535
65535
65535
65535
65535
65535
65535
65535
65535
65535
65535
65535
65535
65535
65535
65535
65535
65535
65535
65535
65535
65535
65535
65535
65535
65535
65535
65535
65535
65535
65535
65535
65535
65535
65535
65535
65535
65535
65535
65535
65535
65535
65535
65535
65535
65535
65535
65535
65535
65535
65535
65535
65535
65535
65535
65535
65535
65371
65535
65535
64806
65444
64661
65535
65216
64714
64447
63866
64314
64381
63444
62903
63856
63492
62746
63069
62804
63132
62228
61387
61768
61770
61542
61458
61513
60271
61194
60710
59700
60066
59700
59924
60432
59213
59029
58269
59012
59210
58496
59047
57748
57819
57156
57800
57060
56724
57636
57472
56922
57164
56140
57044
56042
55999
55876
54680
54227
54528
54904
54123
53837
54637
52260
53206
53140
53668
52011
52614
52982
52360
52164
52000
51616
50576
51474
51195
49643
49906
48933
49530
49902
50085
48788
49226
49318
48284
49236
49149
48950
48539
47973
47657
46764
44324
43599
43529
43892
44100
44162
45101
45120
44836
46178
44922
44608
44971
44697
44746
44587
43501
42505
42819
43088
42588
42458
42499
41960
42466
41294
41805
41250
41243
40019
39902
40198
40357
39434
40349
39100
39468
38916
39584
38553
38724
38034
37562
36897
38385
36636
36930
36904
36110
36122
36335
35798
35812
34766
34683
34836
34902
35148
33848
33717
35072
34686
33552
33357
33784
32823
32881
32234
31564
31808
32280
31245
30966
31846
31530
30827
30130
30077
31291
29984
30041
29205
29851
28709
29620
29069
28598
28260
28237
28204
27224
27794
27760
27420
27737
27018
27540
25804
25986
26042
25769
26547
26227
26120
26517
24562
24244
24809
24710
24152
24688
24231
24523
24075
24399
23864
23505
23468
24100
22564
22647
23063
23194
21970
23307
22151
21917
21536
22009
22157
21493
20673
20455
21252
21094
20302
20111
21253
20409
20665
20417
19723
20220
19312
19192
18779
19254
20282
19017
19677
18153
18703
18788
18202
18329
18223
18646
18149
17893
17996
17396
17965
17776
17164
18423
16809
17279
16875
16483
16581
16640
15816
16395
16316
16178
16024
17111
16890
15932
15655
15747
16412
16077
15674
14966
15848
15003
14445
14637
15251
15791
15524
15006
14971
14864
15078
14187
15003
14630
14586
14038
14200
13974
14369
13850
13883
14535
13549
14336
13716
14170
13217
14519
13446
13918
12688
13147
13833
14014
12921
13590
12084
13684
13151
13841
13210
13521
12683
13597
12570
12235
12969
12769
12456
11744
12384
13040
12731
12766
12518
12303
12244
12326
13342
11425
12096
12202
12214
10927
11878
11894
12278
11438
11795
11624
12122
11640
11990
11904
11997
11536
11846
