8028
7937
7306
7642
7516
9202
7257
7661
7871
7239
7856
6925
7291
7178
6866
8125
7929
6936
8013
7926
6842
7416
6939
7480
7782
7557
7857
7409
6991
7657
7689
6999
7030
7117
6959
7498
6792
7686
7279
7877
7424
7215
7307
7561
7736
6881
7968
7106
7932
7724
8699
8133
8454
7111
7234
7331
7473
6819
7422
7703
7279
6981
7812
7992
7202
7215
7272
6784
7940
7696
7527
6793
7322
7746
7749
7564
7441
7634
7592
6977
8083
7367
7693
7333
7591
7793
7452
6682
8053
7599
7620
7915
8092
7455
7048
7599
7345
8235
8491
7474
7750
7069
7778
7112
7956
8027
6912
7959
6981
7242
7873
7049
8086
7851
7829
7228
7256
8130
8025
8021
7812
7155
7259
8004
7728
7901
8415
7844
6784
7825
7511
7218
7660
7513
7717
7477
8035
8040
8077
7304
7773
7469
7081
7711
7975
7684
7652
7864
7412
7472
7991
7536
8062
7614
7111
7670
7924
8043
7945
7760
8646
7448
7646
7526
7320
7798
7907
7377
8119
6922
7808
7773
7629
7073
7588
6959
7791
8063
8030
7745
7777
8451
8068
7643
7839
8473
7864
7307
8414
8011
8162
7586
8164
7685
7292
7658
7410
7903
7691
8229
7199
7001
8053
7559
7574
7684
8216
7798
8229
7752
7776
7855
8266
7795
7239
6841
7972
7641
7851
7856
8192
7909
8006
7277
8389
7962
7760
7813
7365
8363
7231
7373
7648
7852
7427
7565
7745
7593
8098
7776
8454
7993
7460
7754
7829
7780
7865
8079
7686
8473
7263
8317
8021
8328
7927
7924
7405
7693
8381
7342
7624
8441
7414
8012
7253
8081
7242
7608
7962
8653
8523
8039
8254
8085
7032
7888
8181
7484
7431
8304
8053
7619
8463
7202
7903
7310
8034
8198
8277
8201
7717
7373
8004
7965
8762
7509
8005
7757
7403
7879
8010
7902
7124
7565
7513
7960
7483
7876
8015
8127
7772
8875
8617
7891
7304
8192
8550
8077
8506
7704
8610
6866
8000
7987
7737
7361
8552
8074
8186
8389
7814
7407
7208
7761
7665
8454
8058
7896
7676
7823
8517
8007
8388
7276
7772
7945
8323
8309
8106
8481
8188
8116
8272
7544
8593
7904
7940
8617
7829
8376
7348
8192
8192
7074
8068
7712
7858
7672
8224
7897
7312
7440
8254
7975
7813
7572
7749
7360
7672
8028
7080
8496
6989
8122
7970
7705
8251
7495
8392
7889
8044
8543
7453
8076
8199
7809
8063
7613
7992
7635
8028
8132
7533
8164
8189
8051
7997
8570
8008
8125
8639
7863
8375
8472
7856
8348
8002
7899
8092
8208
8146
8247
8314
8047
8164
8080
7916
6911
7825
8172
7744
7990
8334
8109
7833
8095
8226
8089
8047
7878
8147
8304
7946
7297
8165
8320
7761
8192
7778
8235
7570
7985
8008
8256
8097
8772
7854
7521
8576
8001
7570
8107
8187
8274
8035
8857
8038
8396
7793
8320
8421
8328
7681
8581
8633
8181
8722
7508
8423
7352
7693
7515
8148
8803
8286
7600
8943
8005
7805
8431
8128
7912
7844
7640
8041
8464
9329
8498
7946
7759
8737
8459
7917
8095
8649
8014
8502
7733
8012
7607
8170
8128
8145
8704
8058
8328
8357
8420
7428
7843
8812
8114
8339
7820
7649
8554
8224
8564
8353
8632
8626
8107
8576
8694
8188
8439
8075
8782
7792
8760
7948
8599
8494
8500
8489
7675
8700
7606
7570
8029
8374
9238
8276
8312
8852
8371
8754
8068
8320
9035
7736
8243
8500
8550
8308
8732
8762
7606
8721
7883
8028
7853
7926
8034
7433
8671
8598
8322
7768
8490
8488
8299
8512
7617
7316
8394
8475
8987
8278
8402
8452
8236
8011
7684
7586
7584
8582
7857
8125
8072
8155
7943
8253
8882
8286
8536
7777
8304
8164
7981
8047
7917
8426
8121
7908
8630
7863
8543
8128
8747
8048
8698
8826
8175
7925
8128
7449
8468
8616
8534
8384
7995
8230
8393
8968
7114
8034
8304
8315
8704
7977
8583
8120
8630
9003
9120
8895
7952
8160
7906
8815
7659
7899
8299
8183
7561
8586
8497
8417
8698
8433
8055
8638
8835
8411
8168
8250
8453
8548
7908
8397
8188
8116
8722
8719
8123
8292
8211
7883
9504
8324
8050
7706
8258
8053
8324
8708
7666
8345
8705
8348
8109
8539
8537
8325
8280
8365
8826
8566
8182
8814
9117
8086
7734
8090
8168
8225
8451
8282
8874
7715
8057
8116
8704
8392
7954
7774
8564
8437
8746
8448
8363
9259
8600
9225
8210
8297
7778
8928
7752
8860
8963
8472
7876
8524
8609
8772
8154
8671
8704
8274
8512
7432
8254
8362
8763
8058
7505
8207
8520
8780
8530
8467
8750
8341
8178
8470
8227
8555
9238
8517
7873
8220
8669
7954
8826
8301
8595
8096
8375
8406
8469
8067
8133
8260
8376
8580
8109
9040
8466
8588
8972
8826
9105
8614
9069
8025
8230
7732
8581
8270
8737
8224
8788
8082
8657
8510
8312
8458
7389
8639
8615
7870
8548
8622
8824
8394
8450
8332
9290
8193
7993
8804
8350
8603
8692
8142
8324
8124
8538
8603
9133
8212
8331
8346
8760
8937
8347
8588
8955
7971
7997
9308
8012
8210
7906
8950
8490
8216
7887
8249
8879
8640
7899
8165
8610
8802
8366
9083
9810
8224
8219
8315
8450
7770
8889
8452
8499
9057
8488
8770
8600
8976
7893
8325
8897
8957
9245
8351
8140
7561
7848
8544
8214
7626
8712
8340
8194
8401
8206
8802
9004
8019
8661
8097
8701
7985
8443
8660
7855
8073
9012
8593
8897
8020
7593
8310
8631
8633
8038
9050
8617
8155
8058
8482
9338
8250
7695
8937
7861
9010
7876
8717
8339
8506
8125
8293
8192
8079
8462
8836
8070
8370
8752
8622
9019
8170
8049
8693
8338
8346
7565
8746
8697
8139
8668
7657
8027
8823
7906
8495
8674
8576
8813
9018
8092
8942
7948
8595
7763
8434
7786
8463
8338
8770
8533
8393
8111
8665
8080
8187
8892
8510
8621
9227
8946
7983
8343
7834
9349
8476
8112
8414
8842
8868
8736
8613
7737
8391
8221
8406
8117
8256
8323
8792
8061
8329
8112
8497
8748
8124
8304
8694
8162
9108
8052
8176
7848
7935
7867
8085
8845
7994
8684
9243
7981
8223
7964
8579
8659
8329
9012
8253
8864
7552
8619
8479
8036
9246
9168
8535
8475
8272
8676
8567
7916
8197
8628
8389
7834
8683
8510
8617
7952
8260
8479
8477
8533
8059
8708
8537
8242
9586
8225
8127
8556
9012
8179
8664
8805
8652
8885
8086
8520
8658
8900
8924
9003
8496
8310
8417
9011
8164
9058
8355
8290
8254
7985
7814
9235
8728
8409
7830
8377
8691
8300
8349
8498
8374
7966
8823
8305
8385
8573
8512
8416
9381
8317
8653
8072
9221
8533
8513
8905
7953
8726
8497
8725
8444
8638
8701
7792
8628
7988
8049
8200
7942
8238
8919
8679
8624
8839
8349
9271
8018
9113
8388
8290
9346
8655
8213
8651
8203
7762
8943
8394
8879
9069
8685
8510
8637
8120
9379
8924
8412
8766
8419
8817
8292
8940
8283
8548
8566
8734
8221
8819
8452
9013
8622
8983
8336
8428
8730
9272
8763
8271
9101
9024
8060
8838
8693
8330
8372
8340
8853
7823
8892
8224
9323
8175
8824
8770
7373
8897
8163
8966
8772
8425
8546
8566
9011
8434
8901
8352
8612
8069
9238
8543
8162
9370
8416
9134
9115
8712
9346
8512
8524
8054
8354
9193
8841
8854
8494
7933
8376
8338
8249
8016
8641
8960
8842
8256
8339
9223
8458
9204
7901
8468
8621
8868
8262
8425
8481
8609
8766
9243
8626
8061
8703
9046
9045
8589
8577
8222
8049
8395
8838
8538
8188
8298
8646
8847
8149
8325
8340
8677
8813
8252
8479
7908
8870
9137
8542
8794
9179
8269
8862
8443
8694
8428
8763
8347
8836
8874
8039
8316
8793
8820
8692
7871
8031
8756
8389
7807
8881
8320
9145
9381
8424
8610
7868
8497
9255
9197
8510
8591
8784
8479
8765
8932
8465
8045
8433
8526
8069
8722
8097
8607
8918
8271
7970
8370
8795
8589
8534
8530
8206
9187
7990
8335
8724
8205
8532
8636
8511
9352
8411
9444
8530
8632
8842
7944
8746
8926
9434
8224
9112
8125
9180
8476
9053
8965
8390
8755
8511
8807
8956
9124
8448
8047
8601
8729
8676
8282
8540
9427
8937
8992
9002
8518
8645
8572
8541
8175
8841
8366
9591
8658
8952
8596
8916
9006
8420
8755
9177
8947
9347
9642
9094
7794
8954
9506
8781
8438
9498
8659
8997
8700
8492
8682
8340
8809
9376
8289
9042
8974
8459
8657
8601
9008
8297
8942
8490
9268
9165
8744
8786
8365
9291
8818
8451
9120
8401
9246
9018
8768
8803
8616
8240
9373
8149
9027
8570
9311
9629
8173
8680
8705
9074
8931
8741
8931
8419
8509
8685
9420
8655
8640
8658
8611
8347
8684
8717
8834
8988
8252
9087
8900
8704
8582
8868
8921
9004
8732
8815
8932
9161
8879
8228
8342
8205
9287
8813
8890
8052
8108
8472
9363
8937
8963
8828
8814
7800
8061
8777
9222
9316
8629
9092
8885
8671
9074
8708
8968
8047
8907
8872
8858
8747
8756
8410
8347
8332
9247
8403
8782
8524
9098
9142
8786
9182
9412
8481
8974
9069
9568
9393
9026
8853
8654
8716
8676
8448
8708
9017
9556
9735
9000
9044
8632
9572
8732
8757
9028
9427
8382
9010
8442
9065
8589
9195
8354
9433
9120
8678
8330
9052
8509
8680
8875
8774
9135
8990
8691
8528
9376
9628
8816
9023
8393
8603
9304
8648
8681
8467
9451
9288
9690
9526
8673
9793
9292
8926
8663
9434
9021
9034
9018
8822
9119
8605
9082
8359
8673
9037
8985
9090
9334
9151
8828
9259
8674
8994
9265
9255
9466
9348
8701
9463
8995
8506
8936
9378
9134
9015
8169
9689
8713
9242
8613
8375
9287
8668
8918
8799
9249
9044
8815
9297
9572
9044
9338
8809
8469
9579
9186
9676
9350
9082
8869
9148
9336
8876
8926
9195
9124
8826
9345
9174
8898
8944
9306
9578
9165
9277
8504
8357
8427
8818
8534
8716
8825
9308
8975
9236
8974
9134
9184
9356
9744
9149
9628
8985
9364
9072
8923
9755
9018
8928
8922
9511
8868
8808
9432
9494
9193
9598
9246
9023
8294
9517
8708
8948
9121
8701
9253
8732
9304
9458
9215
9206
9290
9195
8948
9107
9428
9225
8949
8876
8705
8868
8688
9504
9324
9640
8284
9554
8921
8786
9262
9012
9267
9349
9133
10041
9023
9151
9291
8553
9295
9336
8996
8812
9130
8646
10087
8978
8650
9147
9061
9302
9099
9141
8989
9005
8772
9125
9448
8660
8610
9053
9194
8907
10079
8978
8707
8803
8813
9382
9324
8581
8531
9569
9773
8370
9527
9005
9771
9312
9394
9490
9459
9062
9514
8996
9352
9571
9143
9213
8666
10198
9115
9025
9212
9214
9443
9320
9254
9110
9523
9099
8880
9861
9522
8969
9721
9231
9086
9152
8874
8920
8949
9523
9230
9111
9341
9709
9816
9927
8804
9450
8940
8700
9648
9234
9362
9654
9577
9630
8829
9501
9383
8917
9291
9517
9292
8971
8985
9693
9157
9447
9326
9289
9069
9556
9327
9155
9882
9007
9098
9189
9083
9592
9885
9166
9666
10105
8968
9858
9376
8971
9508
9676
9364
9240
9887
9218
8802
9446
9880
10087
9496
9666
9463
10227
9023
9464
9781
9851
9704
9924
9641
8991
8931
9198
9142
10027
9754
8823
9877
9302
9656
10361
9830
9741
9745
9870
9317
9739
9420
9774
9616
9516
8564
8964
9553
9803
9301
9236
9974
9510
9556
9489
9678
9445
8772
9466
9537
9940
9253
9985
9415
9482
9737
9275
9594
9436
9533
10006
9706
9743
9075
10545
9458
9196
9301
10032
10285
9716
9627
9704
9422
9416
9734
8754
9318
8604
9564
8854
9643
9645
9343
10025
9648
10283
9229
9891
10232
9737
9062
9770
10044
9850
9608
9856
10013
9372
10432
9420
9035
9271
9508
9232
10056
9570
9517
9320
9541
9464
9309
9490
9866
10389
9143
10275
9284
9304
9623
9500
10149
10046
9566
10111
9818
9646
9937
9763
9874
10237
10033
9545
10102
9557
9585
10223
8938
9876
10163
10196
10448
10436
10159
8912
9188
9797
9551
10351
9736
9915
10117
9556
9616
9325
9528
10282
9875
9674
10329
9544
9380
10015
9890
10326
9981
9914
10123
9212
10466
9394
10344
9831
9410
10359
10379
10122
9188
9570
9965
9760
9816
9574
9724
10136
9360
10557
9665
10705
9971
9690
10077
8927
9424
9540
10053
9356
10842
10018
10054
9976
10386
10373
10155
10215
9930
9071
9834
10141
10007
9980
9866
10207
9617
9651
10413
10794
9797
10000
9883
10173
9742
10286
9889
10187
9751
10074
10294
10190
10118
10042
10155
10184
10109
9654
9877
9512
10213
9724
9288
10713
10708
10167
9628
9823
10107
10185
10373
10124
9380
10308
10224
9956
10496
10182
9847
9906
10070
10055
10689
9737
10379
9666
10133
10095
9706
10020
10196
10498
10141
9830
10968
10243
9723
11014
10238
9912
10415
10440
10281
10586
10213
10392
10850
10107
10262
10646
10174
10247
10612
11091
10272
10285
10688
10107
11146
10492
10890
10052
11367
10679
11286
10318
10517
10767
11293
10786
10538
10935
10507
10079
10474
11161
10217
11453
10079
10356
10307
11064
11674
10534
10952
10034
10767
10908
10480
10274
10701
10883
10604
10410
10246
10596
10156
10369
10326
10991
10869
10340
10496
10855
10744
11504
10478
11336
10276
11111
10859
10517
10876
10601
11180
10061
10733
10054
10843
11028
11231
10671
10902
11066
11031
10941
10592
10795
10424
11055
10992
10475
10683
10649
10893
11853
11000
10742
10487
10928
10249
11389
11308
11184
10538
10850
12096
10980
11062
10916
10332
11150
10676
10762
11421
10402
11162
11189
11306
11465
11531
11417
11510
11226
11256
10762
11099
10997
10783
10656
11174
10540
10900
11330
11272
10769
10916
11578
11352
11654
11512
10814
11242
10958
11486
11167
10745
11368
11433
11095
11659
10834
10691
11492
11244
11135
10754
11943
11920
11743
11899
11036
11206
11607
11750
11466
11805
11134
12060
11706
11961
11392
10726
11714
12217
11575
11316
11733
11893
11857
11704
11435
11349
11343
12076
12021
11883
12391
11503
12014
11926
11742
11360
11764
11622
12141
12143
12301
11861
12042
11456
12089
11495
11593
11229
12142
11584
11125
11690
11940
11899
12292
12165
12022
12738
11462
11734
12153
11531
12132
12708
11210
12986
11509
11595
12328
12747
11652
12109
11856
12861
12214
12707
12802
12697
12202
12837
12017
12487
11975
12570
12456
13189
12840
12767
12150
12267
12751
12495
11848
12043
12314
12960
12360
12823
12563
12556
13046
12805
12719
13389
13306
13038
13133
13496
12877
12896
12440
12609
12697
12930
13546
13037
12786
12915
13675
13035
12271
13354
12668
13428
12472
13019
13243
13442
12941
13097
13370
13499
13513
12495
13197
13542
13168
12772
13453
13158
13446
12889
13049
13507
13813
13480
13921
13829
13110
13553
14706
13168
13684
14350
13396
13448
13705
13415
14009
13324
14244
14158
13411
12893
13632
12866
13392
14422
14054
14011
14382
14025
13974
14519
13471
13475
14108
13977
14693
14076
15197
14653
14325
13408
14809
14532
14284
14799
14466
14906
14986
14912
14486
14825
14980
15414
14583
15717
15168
14760
14607
15245
15306
14762
14332
14932
15112
15820
15821
15827
15558
15046
15325
14797
15739
15681
15480
15068
15652
15477
16484
15344
15913
15583
15316
15112
15806
15819
14932
15456
15030
15881
15794
15809
15829
16134
16559
16432
17281
16692
15863
16258
16539
16143
16568
16733
16452
16981
16668
16444
15858
16715
16325
16925
16754
16908
17398
17299
16644
16586
17127
16822
16620
17908
17154
17476
17087
17554
17340
17705
17579
18122
18100
17221
17737
17625
17410
17907
17860
17738
18660
18129
18366
17835
17923
18716
18407
18345
18388
18309
18355
18678
18366
18837
18909
18220
18719
18738
19372
19552
18968
18733
19642
19554
18989
19308
19451
18857
19396
19658
18604
19910
20379
19239
20264
20002
20026
20509
20149
20517
20387
21750
20697
20769
20678
20152
21336
20758
21446
20510
21029
20713
20859
22061
22280
21483
21732
21354
21959
22601
21325
21991
21593
22014
21696
21539
21204
22136
21986
22225
22029
22098
22553
23134
22946
22448
22571
23433
23582
23205
23540
23611
23248
23884
24376
23209
22784
23622
23606
23970
23829
24539
23848
23881
24171
23716
24636
23670
25104
24429
25083
25060
24604
24861
25710
24840
25449
25575
25632
25515
25733
26389
26278
26772
26120
26090
27264
26525
26681
27370
26176
26535
26661
27070
27268
27249
27326
28027
27473
28056
28537
28524
28377
27780
28780
28624
27815
28894
28961
29263
29458
29217
28732
29080
29677
29132
28960
29741
30176
30245
30534
30860
30548
30653
30284
30569
31434
30602
31132
31405
31188
31545
32880
32204
32697
32053
32645
32308
32648
32836
33266
32801
33550
33643
33182
33625
32925
33274
33860
34192
33837
34456
35830
35328
34338
34836
34889
35422
35245
35521
35675
36033
36794
36016
37200
37064
36389
36260
37209
36812
36461
37699
37620
38402
37084
37890
37915
39268
38005
38653
38522
39318
39019
39263
39837
40140
40098
40161
40754
41229
40631
40728
40312
40908
40381
42028
41267
41037
42206
42170
42170
41336
41768
41676
43116
43274
43725
42728
42986
43809
44121
43750
44014
44407
44907
44101
43930
45124
45456
45445
45461
44426
45065
45863
45647
46009
46762
45725
46890
48212
47560
47577
47832
47832
47684
48365
48749
49053
48264
47530
48937
48640
48168
49324
49141
49674
50512
49687
49760
49929
50080
50989
50412
50776
51873
51520
50980
52678
51780
52196
51692
52573
51988
52973
52384
53978
53096
53477
53358
53450
53504
54408
54136
55035
54820
54237
54412
55432
55424
55196
56016
55800
55954
55584
55860
56450
56860
56960
56648
57482
56806
56212
57370
57822
57934
58376
57307
57984
57716
59718
59228
59325
58896
59896
59981
59797
59648
59912
61082
60127
60672
61056
60100
61166
61092
61613
61194
61860
63060
62745
62536
61350
61676
62036
62488
62916
63777
62925
63316
63048
64404
63562
63076
63494
63060
63974
63524
63455
62962
63780
63652
64374
64042
64953
65535
65535
65380
65434
65478
65492
65535
64618
65535
65535
65535
65535
65535
65353
65535
65320
65535
65535
65535
65535
65535
65535
65535
65535
65535
65535
65535
65535
65535
65535
65535
65535
65535
65535
65535
65535
65535
65535
65535
65535
65535
65535
65535
65535
65535
65535
65535
65535
65535
65535
65535
65535
65535
65535
65535
65535
65535
65535
65535
65535
65535
65535
65535
65535
65535
65535
65535
65535
65535
65535
65535
65535
65535
65535
65535
65535
65535
65535
65535
65535
65535
65535
65535
65535
65535
65535
65535
65535
65535
65535
65535
65535
65535
65535
65535
65535
65535
65535
65535
65535
65535
65535
65535
65535
65535
65535
65535
65535
65535
65535
65535
65535
65535
65535
65535
65535
65535
65535
65535
65535
65535
65535
65535
65535
65535
65535
65535
65535
65535
65535
65535
65535
65535
65535
65535
65535
65535
65535
65535
65535
65535
65535
65535
65535
65535
65535
65535
65535
65535
65535
65535
65535
65535
65535
65535
65535
65535
65535
65535
65535
65535
65535
65535
65535
65535
65535
65535
65535
65535
65535
65535
65535
65535
65535
65535
65535
65535
65535
65535
65535
65535
65535
65535
65535
65535
65535
65535
65535
65535
65535
65535
65535
65535
65535
65535
65535
65535
65535
65535
65535
65535
65535
65535
65535
65535
65535
65535
65535
65535
65535
65535
65535
65535
65535
65535
65535
65535
65535
65535
65535
65535
65535
65535
65535
65535
65535
65535
65535
65535
65535
65535
65535
65535
65535
65535
65535
65535
65535
65535
65535
65535
65535
65535
65535
65535
65535
65535
65535
65535
65535
65535
65535
65535
65535
65535
65535
65535
65535
65535
65535
65535
65535
65535
65535
65535
65535
65535
65535
65535
65535
65535
65535
65535
65535
65535
65535
65535
65535
65535
65535
65535
65535
65535
65535
65535
65535
65535
65535
65535
65535
65535
65535
65535
65535
65535
65535
65535
65535
65535
65535
65535
65535
65535
65535
65535
65535
65535
65535
65535
65535
65535
65535
65535
65535
65535
65535
65535
65535
65535
65535
65535
65535
65535
65535
65535
65535
65535
65535
65535
65535
65535
65535
65535
65535
65535
65535
65535
65535
65535
65535
65480
65268
65088
64555
64629
65535
64828
65088
64646
64980
65373
65483
64533
63838
65419
63076
64298
63255
63291
63273
62985
63765
63128
63517
63684
62872
61456
62362
62009
61931
62662
61626
60328
60708
60682
60777
61638
60264
60728
59365
60242
60736
60322
59492
59032
59444
60253
58841
57960
58477
58965
57967
58664
58026
58137
57540
57292
56792
57240
56488
56774
56395
55652
56474
57159
55192
55403
55194
55060
55684
54900
54266
54170
54374
54170
53928
54756
53018
53414
52640
53572
52782
52073
52461
53165
52644
52182
52426
53057
51652
51170
51216
50710
49701
50523
50909
50178
49370
49616
48256
49642
49517
49355
48180
48538
48586
48187
48173
47880
47892
46644
47826
46888
45322
46221
45016
45418
46200
45828
44745
45748
45706
44504
45430
44874
44820
45005
44343
44068
43384
41368
40320
40903
40556
40808
40776
41433
41224
41288
42050
41604
41165
41706
40746
40693
40854
39780
39556
39680
39828
38944
39193
39082
38750
38983
38152
38571
37696
38109
37446
36603
37103
37428
36728
37200
36060
36799
36124
36854
35451
35703
35111
34632
34140
35012
33980
34138
33994
33236
33103
33397
33670
33010
32095
32222
32257
32260
32484
31302
31658
32634
31407
30644
30308
31091
30676
30336
30086
29732
29810
30372
28570
28142
29576
29350
28534
27946
28148
29037
27871
27716
26970
27287
26930
27253
26692
26664
26233
25998
26234
25128
25636
25944
25674
25917
25024
25800
24004
24187
24319
24096
24588
24836
24330
24653
22556
23016
23380
22619
22601
23014
22248
23140
22318
22557
22357
21700
22075
22771
21106
21418
21738
21642
20221
21498
20495
20653
20316
20415
21019
20093
19144
19684
19752
20365
19066
18711
19745
19189
19242
19154
19003
18727
18472
17958
17578
18018
18798
17903
18625
17062
17430
17646
17116
17082
17141
17439
17050
16640
16942
16274
16882
16607
16688
17438
15764
16133
16002
15274
15639
15833
14890
15464
15402
15635
15316
16428
16161
15037
14580
14665
15552
15259
14720
14473
14687
14289
13865
13942
14747
15045
14688
14333
13996
13942
14188
13440
14518
13742
13849
13456
13735
13104
13658
13146
13019
13648
12899
14143
13183
13737
12581
13985
12906
13563
11942
12555
13546
13274
12287
12878
11751
13016
12674
13501
12941
12781
12262
13103
12047
11786
12322
12292
11924
11242
12086
12756
12333
12232
11963
12038
11904
11965
12644
10756
11961
11997
11831
10628
11616
11470
11847
11066
11312
11259
11681
10893
11651
11464
11860
11352
11468
