8096
8143
7341
7871
7605
9222
7334
7768
7949
7477
7953
7083
7402
7303
7084
8457
8224
7317
8214
8121
7030
7597
7097
7739
8040
7544
7951
7487
7104
7920
7786
7146
7189
7163
7341
7717
7309
8004
7562
8154
7690
7683
7490
7659
7911
7131
8095
7211
8212
8121
8949
8484
8616
7460
7468
7696
7691
7013
7545
7883
7266
7247
8184
8155
7473
7545
7706
7007
8178
8057
7731
6826
7491
7848
7910
7877
7416
7767
7635
7310
8227
7507
8018
7687
8000
8162
7680
7006
8210
7950
7930
8248
7940
7509
7228
8014
7659
8578
8577
7634
7956
7276
8073
7270
8052
8018
7078
8376
7166
7753
7994
7424
8434
8068
7995
7253
7501
8308
8121
8309
7957
7537
7405
8373
8022
8329
8314
8076
7117
8023
7843
7513
8074
7689
7720
7722
8448
8415
7983
7513
8257
8011
7508
7961
8479
8092
8017
8088
7864
7832
8361
7825
8282
7859
7545
7856
8320
8131
8221
7816
8780
7704
7800
7797
7558
8092
8316
7674
8235
7225
7716
8045
7952
7303
7914
7209
7818
8483
8198
8107
8031
8819
8256
7857
8069
8688
7976
7512
8596
8422
8634
7861
8297
8018
7507
8120
7835
8422
8022
8617
7426
7299
8382
7681
7748
7929
8225
8192
8422
8166
8131
8175
8445
7877
7716
7162
8272
7904
8300
8049
8734
8127
8263
7674
8696
8271
8007
8038
7557
8453
7341
7556
8119
8190
7675
8013
8084
7875
8092
8173
8540
8133
7722
7886
8285
8014
8058
8350
7833
8722
7443
8624
8388
8383
8047
8146
8008
7806
8663
7802
7648
8528
7880
8463
7653
8312
7813
7825
8094
8996
8508
8340
8488
8453
7525
7985
8510
7720
7624
8538
8142
7950
8586
7826
8310
7660
8258
8566
8434
8295
8047
7826
8288
8268
8880
8069
8219
8224
7646
8155
8232
8468
7588
8054
7718
8261
7899
8337
7989
8349
8317
9233
8648
8138
7838
8254
8646
8145
8798
7818
8662
7131
8263
8402
8004
7925
8895
8220
8387
8618
8193
7673
7547
7819
7918
8642
8532
8184
8002
7862
8765
8119
8631
7526
8194
8260
8430
8425
8519
8739
8294
8427
8319
7848
8570
8284
8055
8832
7934
8669
7734
8563
8712
7268
8610
7915
8152
7823
8655
8146
7636
7785
8594
8324
8079
7971
8057
7772
7876
8273
7470
8329
7532
8310
7992
8154
8509
7703
8625
7952
8270
8906
7740
8442
8690
8069
8277
8004
8449
8142
8567
8649
8298
8529
8421
8281
8379
8998
8176
8412
8890
8433
8720
8780
7930
8870
8398
8437
8565
8451
8281
8433
8454
8627
8329
8106
8448
7354
8237
8595
7765
8309
8344
8287
8181
8339
8717
8587
8516
8224
8267
8728
8355
7589
8539
8498
8342
8560
8372
8594
8107
8474
8246
8549
8244
9113
7959
7706
8823
8178
7961
8287
8193
8517
8162
9128
8501
8669
8197
8574
8682
8856
7915
8731
9182
8695
8926
8061
8786
7559
8043
7929
8625
8961
8705
7935
9219
8140
8259
8472
8304
8426
8102
7842
8445
8772
9641
9013
8176
7924
8614
8959
8252
8442
8889
8431
8570
8063
8417
8000
8255
8473
8902
9085
8722
8651
8961
8730
7835
8318
9096
8484
8484
8207
8074
9009
8677
9032
8727
8714
8773
8486
8904
9010
8396
8918
8247
9000
8192
9328
8440
9017
8853
8793
9136
8170
8970
7942
8156
8445
8806
9502
8548
8661
9155
8512
9046
8713
8705
9369
8320
8373
8805
8955
8633
8808
8955
8045
8830
8568
8428
8395
8514
8249
7961
8918
8906
8836
8228
8967
8627
8524
8980
8183
7737
8869
8738
9243
8801
8726
8795
8528
8370
7982
7956
8081
8837
8111
8321
8263
8320
8271
8562
9378
8567
8773
8196
8464
8664
8200
8376
8624
8722
8477
8484
8933
8164
9087
8285
8885
8308
8663
9188
8559
8189
8695
7799
8892
9046
8872
8773
8384
8517
8799
9505
7535
8373
8642
8791
9044
8417
8798
8290
9194
9404
9709
9359
8383
8492
8325
9167
7980
8051
8919
8783
7988
9090
8483
8496
8886
8667
8658
8916
9099
8603
8427
8609
8874
8876
8253
8957
8463
8354
9203
8964
8412
8818
8749
8361
9850
8921
8518
8122
8373
8305
8800
9140
8024
8534
9071
8809
8410
8969
8906
8618
8921
8698
9110
8941
8714
9160
9466
8564
8251
8418
8381
8857
9104
8663
9165
8252
8528
8691
8928
8984
8397
8142
8996
8820
9015
9059
8633
9202
8745
9738
8308
8749
8079
9352
8204
8959
9261
8830
8226
8845
8925
9227
8900
9090
9180
8859
8989
8068
8761
8844
8968
8520
7866
8546
8741
9087
8692
8999
9187
8606
8492
8824
8892
9081
9466
9197
8325
8902
9021
8195
9257
8773
9155
8522
8725
8697
8819
8616
8548
8852
8838
9159
8744
9505
8756
9086
9420
9169
9657
8987
9528
8598
8709
8202
9042
8578
9089
8836
9422
8528
8887
8783
8588
9005
8008
9308
9099
8419
9013
8879
9463
8697
8870
8975
9696
8584
8350
9302
8845
9156
9295
8589
8913
8691
8849
8846
9590
8639
8614
8742
9137
9396
8591
8976
9248
8565
8376
9781
8473
8982
8251
9396
9037
8707
8391
8880
9077
9031
8164
8727
9028
9220
9033
9509
10154
8766
8638
8827
8888
8117
9330
9108
8805
9493
8777
9090
9293
9260
8307
8916
9806
9403
9605
8809
8399
8259
8293
8983
8730
8393
9273
9005
8668
9092
8661
9251
9495
8460
9024
8594
9455
8590
8889
8911
8480
8644
9476
8989
9267
8536
8188
8697
9090
9260
8531
9487
9249
8996
8551
8843
9662
9134
8157
9653
8513
9520
8161
9217
8796
9096
8731
8855
8665
8713
8913
9333
8700
8893
9176
9043
9408
8820
8606
9288
8730
8745
8137
9181
9229
8884
9050
8183
8713
9241
8438
9031
9401
9114
9389
9640
8652
9562
8380
9026
8527
8780
8459
9105
8851
9275
9132
8837
8656
9040
8620
8854
9472
9181
9166
9764
9518
8569
8920
8502
9531
8900
8499
9053
9388
9600
9452
8916
8297
9065
8822
8869
8805
8951
9010
9328
8559
8681
8702
9284
9444
8730
8958
9262
9078
9590
8680
8697
8066
8674
8355
8558
9432
8675
9133
10011
8434
8815
8577
9344
9341
8750
9628
8707
9614
7995
9077
9119
8663
9738
9341
9309
8877
8864
9534
9075
8541
9051
9292
8942
8480
9433
9156
9168
8772
8683
8947
9118
8908
8257
9047
9331
8674
10253
8970
9050
9253
9571
8782
9159
9574
9164
9688
8966
9350
9419
9516
9535
9737
9120
9122
9110
9569
8732
9885
9032
8821
8724
8674
8349
9783
9431
9290
8667
8954
9420
9052
8867
9239
9078
8523
9346
8869
9111
9028
9252
8993
10343
9025
8950
8735
9742
9229
9023
9868
8776
9589
9216
9558
9144
9194
9393
8472
9132
8652
8803
9113
8434
8652
9403
9373
9178
9345
9155
9756
8858
9764
9120
8822
10110
9163
8962
9203
8941
8459
9651
9237
9760
9748
9345
9098
9570
8796
10280
9926
9263
9623
9099
9510
9227
9901
9138
9078
9175
9365
8805
9451
9187
9770
9155
9509
9045
9166
9354
10308
9555
9105
9748
9820
8801
9371
9674
9056
9249
9206
9785
8709
9751
8944
10044
8970
9664
9508
8262
9497
9194
9656
9417
9575
9375
9405
9913
9163
9517
9165
9206
8512
10053
9232
8946
9890
9115
9618
9972
9517
9956
9410
9354
8921
9210
10126
9688
9804
9420
8999
9160
9179
8976
9053
9359
9628
9354
9123
9264
10018
9165
10180
9050
9417
9444
10002
9124
9496
9382
9383
9506
10107
9700
8790
9458
9908
10061
9396
9328
9016
8864
9132
9820
9391
9221
9124
9448
9711
9176
9421
9082
9742
9642
9453
9404
9087
9581
10014
9275
9763
10190
9292
9812
9260
9640
9162
9738
9176
9674
9828
9099
9544
9827
9909
9592
8974
8959
10000
9283
8859
9903
9399
10045
10418
9515
9700
8972
9550
10387
10334
9564
9499
9957
9437
9817
9940
9648
8987
9368
9417
9072
9740
9151
9835
10215
9541
9286
9293
9684
9615
9700
10129
9425
10229
9152
9276
9981
9298
9645
9829
9814
10515
9736
10553
9730
9784
9845
9244
9999
10059
10481
9732
10398
9194
10525
10119
10128
10130
9461
9416
9854
9990
9919
10277
9542
9418
9900
9922
10075
9466
9628
10486
10081
10264
9868
9751
9805
9870
9871
9252
9827
9478
10811
9877
10145
9813
10077
10294
9717
10178
10503
10380
10514
10732
10564
9131
10230
10645
10137
9864
10948
10042
10148
9823
9710
9965
9814
10318
10708
9655
10312
10385
9896
9957
9988
10354
9788
10311
9858
10615
10350
10092
10061
9813
10573
9960
9817
10512
9963
10477
10389
10376
10173
10008
9491
10824
9688
10404
9897
10900
10985
9536
10112
10186
10544
10402
10282
10452
9898
9849
10311
10915
10153
10240
9970
10285
9866
10464
10089
10133
10605
9872
10735
10164
10424
10272
10641
10284
10560
10162
10468
10619
10874
10520
10071
9995
9975
10865
10532
10379
9254
9650
10100
10880
10501
10438
10547
10185
9417
9677
10675
10816
10876
10152
10744
10426
10123
10578
10312
10765
9844
10704
10625
10397
10558
10556
10416
10132
9890
10689
10149
10507
10460
10871
10845
10594
11234
10863
10167
10553
10952
11240
11098
10968
10820
10466
10446
10458
10395
10952
10847
11587
11589
10776
10726
10238
11453
10760
10392
10996
11437
10256
10936
10093
11190
10677
10999
10111
11195
10827
10852
10307
11134
10582
10435
10781
10357
11132
11014
10760
10388
11525
11768
11058
11133
10671
10613
11388
10358
10710
10625
11430
11144
11776
11481
10724
12006
11318
11258
10688
11562
11325
11239
10792
11040
11314
11070
10980
10451
10765
11073
11040
11426
11571
11085
11012
11317
10778
11341
11566
11611
11417
11580
11124
11432
11092
10774
11086
11507
11611
11200
10653
11793
11275
11733
10902
10721
11392
10963
10965
10967
11490
11529
11251
11396
11953
11487
11746
11416
11178
11723
11885
12284
11825
11648
11532
11734
11820
11383
11556
11691
11462
11369
11750
11538
11630
11569
11788
11799
11652
11980
11197
11137
11292
11087
11346
11078
11545
11938
11743
11921
11601
11558
11998
12038
12312
11757
12296
11725
11805
11486
11532
12517
11868
11749
11700
12482
11739
11734
12288
12599
12079
12207
11950
11968
10732
12584
11740
11805
11912
11750
12170
11820
12130
12512
12043
11933
12072
12137
11709
12075
12387
12074
11712
11880
11932
11820
11664
12325
12194
12484
11576
12698
12253
12078
12328
12453
12461
12589
12285
13098
12106
12416
12188
11925
12317
12476
12152
11951
12561
12080
13395
12388
11762
12458
12551
12760
12528
12697
12368
12337
12091
12692
12742
12177
11890
12574
12640
12412
13285
12822
12128
11976
12338
12862
12820
12141
12244
12988
13096
11721
13016
12627
13345
13037
13290
12740
13229
12969
13170
12682
12956
12782
12500
12760
12417
13978
12857
12930
13002
12726
13405
13029
13011
12762
13318
13093
12573
13380
13433
12898
13668
13211
13037
13219
12585
12760
12737
13400
13175
13057
13241
13678
13790
13860
12910
13536
13144
12856
13690
13114
13641
13445
13953
13424
13005
13835
13613
13049
13312
13928
13786
13100
13294
13672
13141
13777
13630
13371
13187
13534
13821
13547
14111
13269
13537
13374
13075
14040
14267
13398
14124
14506
13298
14386
13750
13774
13838
13985
13957
13779
14396
13919
13492
13908
14340
14673
13755
14490
14041
14752
13411
14159
14176
14609
14216
14730
14346
13617
13750
13856
13634
14796
14606
13367
14373
14384
13997
15199
14569
14381
14290
14305
14288
14835
14000
14541
14476
14506
13304
14186
14581
15049
14533
14130
15006
14632
14528
14533
14720
14357
13757
14482
14779
14928
14468
15122
14426
14502
14960
14308
14942
14654
14573
15454
14937
14722
14334
16089
14700
14404
14668
15279
15434
15137
14774
14783
14978
15149
15104
14319
15073
14155
14920
14423
15156
15498
14782
15780
15132
15962
14909
15593
15909
15075
14574
15217
15776
15481
15478
15482
15733
15145
16165
15309
14947
15170
14948
15101
15933
15460
15318
15340
15277
15324
15310
15533
16170
16436
15033
16276
15534
15492
15735
15475
16260
16374
15888
16034
16397
15651
16197
15832
15959
16238
16315
15674
16418
15766
16017
16618
15570
16432
16477
16647
16758
16865
16939
15570
15473
16384
16292
16930
16197
16484
16587
16575
16045
16036
16294
16450
16681
16674
17088
16467
15933
16489
16490
17132
16562
16815
17306
15972
17568
16384
16921
16654
16151
17385
17416
17249
16002
16446
16946
16816
16772
16408
16418
17266
16333
17512
16752
17702
17086
16803
17136
16028
16594
17382
17257
16644
18173
17306
17584
17541
17440
18028
17565
17565
17622
16527
17192
17818
17615
17844
17776
17664
17473
17418
18173
18221
17802
17957
17613
18173
17162
18230
17642
17818
17359
17821
18121
18420
18388
18043
18122
18199
18167
17686
17937
17898
18370
17600
17632
18783
19076
18617
17736
17992
18459
18500
18844
18621
17788
18530
18466
18472
19230
18969
18981
18516
18688
18537
19329
18528
19064
18419
18922
18592
18526
18689
18857
19228
19048
18743
19797
19244
18836
19764
19117
19124
19620
19494
19175
19600
19556
19409
19858
19519
19217
20129
19510
19340
19947
20356
19829
19824
20041
19406
20632
20084
20165
19620
20504
20036
20788
19934
20283
20218
21176
20488
20396
20647
20613
19854
20068
21046
19940
21048
20169
20586
20305
21066
21609
20982
20978
19859
20728
21107
20665
20117
20598
21202
21051
20601
20642
21008
20696
20746
21018
21465
21400
21230
20908
21517
21348
22314
21061
21613
20747
22118
21544
21044
21976
21525
22155
21111
21568
21124
21830
22078
22069
21568
22032
22538
21898
22032
21366
21771
21524
22054
22170
21549
21838
21752
22221
23086
21868
22034
21632
22476
21771
22696
22597
22519
22109
22594
23869
22792
22697
22557
22077
22836
22659
22374
22900
22233
22997
22878
23119
23341
23236
23168
23060
23018
23377
22860
23057
23225
23071
22883
23355
22920
23277
23544
23419
22798
23072
24346
23220
24049
24102
23068
23840
23364
23750
23700
23113
23622
23821
23641
23853
23350
22790
23768
23844
23813
23436
24862
24689
24469
24897
24057
24266
24083
24208
24189
24682
23896
24805
24657
25018
23792
23352
24271
25154
24208
24436
25057
24968
25177
24810
24762
23866
24632
25455
25286
25271
25581
25157
25533
25428
25078
25082
25428
24788
25263
25460
25497
25073
25373
24696
25588
24868
25282
24795
25739
24953
24950
25543
25418
25951
25856
25696
25430
26148
24998
25109
25880
25142
25581
26201
24980
27025
24964
25142
26153
26584
25261
25783
25708
26391
26185
26348
26414
26264
26299
26632
26000
26361
26124
26604
26475
27092
26800
26938
26337
26302
26975
26383
25778
26617
25978
26826
26514
26642
26356
26479
27138
26880
27008
27368
27354
27499
27131
27904
26948
27062
26409
26296
26483
26651
27930
26744
26330
26858
27482
27354
26562
27020
26880
27202
26400
27194
27332
27597
27264
27172
27377
27069
27516
26375
27405
27579
27654
27109
27260
27709
28129
27497
27664
27812
27929
27811
28360
28176
27332
28129
28678
27222
28654
28749
27583
28058
28134
27650
28229
27132
28093
27798
27302
26845
27110
26796
27501
28442
28496
28529
28949
28212
28639
28906
28229
28094
28336
28036
28837
28438
29557
29154
29112
27685
29268
29252
28482
29279
29394
29048
29163
29333
28969
29059
29509
29364
28945
30188
29381
29066
28700
29718
29406
29369
28997
29750
29321
30472
30000
30324
30315
29337
29753
28932
30552
30130
29598
28808
29608
29148
30260
29387
29845
29746
29507
29032
30151
30132
29258
29962
29509
30196
30685
30226
30493
30630
30924
31139
31069
31540
30324
30699
30670
30317
30904
31163
30784
31466
31000
30170
30336
30516
30500
31152
30579
30861
31382
31643
31141
30568
31000
31180
31099
32384
31276
31419
30906
31813
31501
31757
31735
32733
32365
31500
32000
31714
31226
32053
32068
31593
33109
32214
32554
31930
32136
32544
32360
32084
32306
32233
32636
32826
32443
33201
32671
31830
32490
32816
33266
33416
33132
32900
33678
33300
33773
33044
33267
32900
33134
33245
32580
33718
34040
33035
33596
33300
33634
34164
34170
34233
34240
35812
33928
34380
34357
34252
35012
34844
34840
33624
34898
34217
34468
35837
35547
34964
35298
35090
35426
35728
34761
34696
34902
34912
34728
34372
34171
35080
34934
35348
35124
35627
36187
36305
36318
35949
35918
36416
36613
35973
36353
36660
36404
37541
37376
36416
36524
36660
37013
36992
36804
37782
36864
36977
37355
36712
37625
36708
37668
37274
38107
38217
37768
37625
38727
38116
38344
38266
39104
38674
38636
39545
39168
39456
39346
38889
40278
39627
39174
40192
39257
39186
39581
40010
39855
40077
39831
41032
40953
40673
40504
40906
40459
40413
41159
40875
40747
41333
41330
41654
41455
41862
41198
41992
42296
41933
41912
42180
42132
43112
43085
43705
42496
42758
42628
43149
44128
43392
43568
43751
43067
43609
44598
44708
45172
44445
45015
44202
44196
44548
45444
44647
46394
45486
45716
46077
44907
45792
46276
46372
46377
46673
47993
47076
46492
47237
47122
47546
47498
46932
47940
47846
48491
47720
48815
49316
48502
48555
48885
48856
48468
49172
49416
50326
49184
49720
49956
50514
50264
50790
49706
50780
50453
50927
51355
51632
51632
51982
51946
52670
52585
52282
52840
52524
52361
52896
52541
52102
53674
53677
53570
53008
53508
52950
54122
54709
54710
54528
54630
55328
54933
54940
54808
55628
56476
55272
55480
56101
56585
57140
56438
56100
56248
57104
57012
57526
57732
57278
57640
59108
58000
58137
58912
58890
58417
59545
59992
59860
58944
58813
59503
60328
58852
60628
59764
61142
61568
60710
60816
60886
61413
61836
61524
61452
62140
62070
62188
63453
62229
63156
62900
63018
62522
63433
63193
64568
64301
64320
64666
64442
63700
64712
64692
65468
65445
64372
65448
65535
65535
65535
65535
65535
65535
65535
65535
65535
65535
65535
65535
65535
65535
65535
65535
65535
65535
65535
65535
65535
65535
65535
65535
65535
65535
65535
65535
65535
65535
65535
65535
65535
65535
65535
65535
65535
65535
65535
65535
65535
65535
65535
65535
65535
65535
65535
65535
65535
65535
65535
65535
65535
65535
65535
65535
65535
65535
65535
65535
65535
65535
65535
65535
65535
65535
65535
65535
65535
65535
65535
65535
65535
65535
65535
65535
65535
65535
65535
65535
65535
65535
65535
65535
65535
65535
65535
65535
65535
65535
65535
65535
65535
65535
65535
65535
65535
65535
65535
65535
65535
65535
65535
65535
65535
65535
65535
65535
65535
65535
65535
65535
65535
65535
65535
65535
65535
65535
65535
65535
65535
65535
65535
65535
65535
65535
65535
65535
65535
65535
65535
65535
65535
65535
65535
65535
65535
65535
65535
65535
65535
65535
65535
65535
65535
65535
65535
65535
65535
65535
65535
65535
65535
65535
65535
65535
65535
65535
65535
65535
65535
65535
65535
65535
65535
65535
65535
65535
65535
65535
65535
65535
65535
65535
65535
65535
65535
65535
65535
65535
65535
65535
65535
65535
65535
65535
65535
65535
65535
65535
65535
65535
65535
65535
65535
65535
65535
65535
65535
65535
65535
65535
65535
65535
65535
65535
65535
65535
65535
65535
65535
65535
65535
65535
65535
65535
65535
65535
65535
65535
65535
65535
65535
65535
65535
65535
65535
65535
65535
65535
65535
65535
65535
65535
65535
65535
65535
65535
65535
65535
65535
65535
65535
65535
65535
65535
65535
65535
65535
65535
65535
65535
65535
65535
65535
65535
65535
65535
65535
65535
65535
65535
65535
65535
65535
65535
65535
65535
65535
65535
65535
65535
65535
65535
65535
65535
65535
65535
65535
65535
65535
65535
65535
65535
65535
65535
65535
65535
65535
65535
65535
65535
65535
65535
65535
65535
65535
65535
65535
65535
65535
65535
65535
65535
65535
65535
65535
65535
65535
65535
65535
65535
65535
65535
65535
65535
65535
65535
65535
65535
65535
65535
65535
65535
65535
65535
65535
65535
65535
65535
65535
65535
65535
65535
65535
65535
65535
65535
65535
65535
65535
65535
65535
65535
65535
65535
65535
65535
65535
65535
65535
65535
65535
65535
65535
65535
65535
65535
65535
65535
65535
65535
65535
65535
65535
65535
65535
65535
65535
65535
65535
65535
65535
65535
65535
65535
65535
65535
65535
65535
65535
65535
65535
65535
65535
65535
65535
65535
65535
65535
65535
65535
65535
65535
65535
65535
65535
65535
65535
65535
65535
65535
65535
65535
65535
65535
65535
65535
65535
65535
65535
65535
65535
65535
65535
65535
65535
65535
65535
65535
65535
65535
65535
65535
65535
65535
65535
65535
65535
65535
65535
65535
65535
65535
65535
65535
65535
65535
65535
65535
65535
65535
65535
65535
65535
65535
65535
65535
65535
65424
64779
64436
64853
65324
64517
63578
64621
63786
63104
63572
62798
63499
62632
62394
62123
62864
62070
62264
62074
60804
61740
61622
60570
60500
60113
60781
60526
59924
59540
59257
59290
59350
59242
59030
57908
58313
57949
57924
57732
56972
58042
57808
57740
56704
56589
57260
56198
56298
55948
55222
54278
54628
54884
54573
54278
54884
52548
53818
53866
54328
52536
53079
53432
52790
52480
52608
51702
50607
51526
51380
49542
50320
49188
50244
50432
50066
49620
49509
49666
48939
49625
49483
49386
49282
48048
47828
46668
45357
43976
44588
44338
44234
44692
45674
45012
45232
46676
45378
45110
45964
44730
45056
45073
43146
43372
42842
43672
42884
42298
42385
41882
42918
41995
42061
41281
41548
40802
40366
40183
41096
40164
40646
39828
39905
39413
39625
38482
38976
38244
38110
37284
38508
36795
37226
37002
36268
36435
37304
36059
35758
34923
35637
35008
34643
35436
33730
34171
35332
35106
33638
33941
34304
33785
33074
32657
32091
32157
32794
31180
30869
31862
32045
31522
30742
30738
31594
30478
30472
29706
30421
29852
29957
29336
29383
28692
28882
28405
27921
28427
27880
27727
27884
27272
27560
26508
26402
26278
26309
26738
27050
26440
26920
24804
24996
26138
25112
24402
25492
24564
25220
24584
24704
24200
23750
24117
24682
23254
23096
23925
23250
22476
23340
22510
22411
22580
22589
22708
21828
21271
21238
21802
21840
20764
20429
21200
21056
20914
21084
20385
20420
20045
19751
19010
19352
20652
19420
20312
18944
18880
19229
18460
18784
18885
18884
18786
18476
18504
17900
18659
17480
18093
18749
17156
17397
17369
16476
17088
17101
16095
16872
16546
16482
16137
17229
17218
15893
15834
15856
16804
16134
16015
15220
15976
15731
15040
15030
15911
16001
15588
15341
15284
15242
15233
14363
15464
14854
14817
14141
14686
14054
14808
14380
14228
14888
14005
14900
14170
14786
13563
14715
13881
14406
13242
13186
14419
14148
13276
13891
12704
14040
13382
14412
13665
13941
12995
13798
13100
12427
13442
13242
12829
11920
13001
13521
13291
13053
12873
12932
12460
12694
13594
11705
12572
12340
12568
11330
12121
12403
12284
11741
12282
11877
12364
11390
12308
12021
12410
12073
12082
