8174
7898
7362
7844
7598
9361
7297
7948
7903
7518
7864
7069
7576
7328
6861
8472
7967
7272
8002
8038
6968
7428
6977
7414
7818
7402
7924
7455
7339
7685
7940
7135
7096
7115
7071
7825
7139
7926
7534
8121
7647
7486
7254
7639
7932
7058
8010
7202
8067
8061
8932
8346
8366
7390
7352
7393
7586
6998
7266
7908
7176
7353
7973
7991
7259
7252
7587
7247
8312
8235
7538
6914
7454
7937
7754
7690
7503
7847
7600
7363
8146
7660
7797
7481
7815
7939
7694
6926
8041
7849
7599
8303
8274
7725
7342
7940
7431
8530
8657
7462
8011
7124
8016
7345
8022
7922
7142
8385
7278
7486
7998
7186
8493
8063
7801
7219
7516
8296
8195
8126
7967
7586
7482
7971
8111
8123
8529
7818
7001
7995
7471
7241
7890
7554
7785
7585
8296
8212
8168
7378
7912
7822
7478
7824
8314
7821
7884
7869
7560
7851
8140
7460
8221
8000
7346
7584
8262
8114
8278
7918
8886
7540
7720
7594
7411
8041
8131
7416
8452
7301
7871
7816
7926
6992
7756
7278
7924
8401
8131
7727
7914
8735
8275
7857
7914
8387
7865
7663
8546
8315
8459
7887
8298
8041
7672
7981
7884
8163
7906
8405
7310
7280
8421
7741
7551
7719
8327
7956
8171
7801
7972
7954
8552
7950
7401
7162
8282
7912
8050
8006
8498
8081
8122
7498
8450
8330
7815
8110
7398
8269
7275
7577
8125
8043
7493
7767
8010
7762
8159
8151
8631
8029
7606
7872
8145
8085
8037
8209
7769
8695
7609
8502
8132
8537
7981
8047
7610
7757
8828
7650
7664
8259
7692
8102
7521
8304
7521
7774
8120
8735
8666
8220
8563
8326
7272
7937
8439
7435
7415
8337
8135
7892
8342
7656
8277
7462
7949
8512
8332
8202
7870
7711
7900
8289
8836
7718
8349
8234
7452
8146
8178
8344
7442
7990
7726
7971
7858
8259
8205
8195
8069
9135
8789
8418
7702
8352
8637
8336
8618
7939
8665
7212
7978
8254
7995
7773
8938
8027
8302
8585
8094
7754
7448
8043
7724
8532
8218
7975
7879
7916
8624
8403
8480
7579
8018
8022
8489
8432
8365
8481
8220
8520
8428
8115
8768
8275
8219
8874
7882
8590
7594
8354
8344
7354
8599
7647
8142
7819
8347
8056
7835
7771
8427
8214
8076
7942
7970
7797
7815
8257
7426
8685
7471
8344
8153
7960
8503
7513
8251
8140
8218
8545
7588
8127
8426
7836
8340
7951
8291
7950
8284
8666
7841
8502
8539
8377
8335
8984
8230
8731
8856
8190
8746
8691
8125
8602
8237
8197
8514
8488
8231
8473
8409
8533
8384
7978
8178
7442
8091
8286
7906
8274
8355
8232
8088
8349
8416
8243
8342
8030
8228
8413
8088
7673
8567
8582
8174
8475
8039
8428
8141
8322
8124
8535
8206
9060
8133
7819
8682
8128
7771
8303
8380
8433
8252
9202
8348
8715
8097
8340
8654
8703
8030
8668
9111
8451
8753
8032
8498
7596
8095
7829
8494
9033
8677
7971
9145
8377
8243
8764
8264
8101
7939
7881
8422
8716
9592
8798
8235
8029
8675
8631
8134
8363
8780
8155
8742
7857
8452
7712
8360
8457
8790
9293
8340
8690
8918
8565
7855
8157
8859
8333
8524
8065
7880
9056
8477
8831
8587
8754
8632
8427
8715
8954
8433
8917
8384
9091
8173
9002
8337
8718
8665
8699
9078
7969
8882
8018
8128
8162
8769
9401
8294
8858
9179
8769
8804
8589
8512
9380
8116
8484
8458
8852
8445
9015
8920
7922
9029
8313
8517
8214
8422
8315
7690
8790
8946
8847
8045
8754
8658
8420
8998
7979
7849
8772
8721
9286
8634
8696
8821
8587
8439
8084
8047
7985
8764
8110
8527
8404
8200
8046
8546
9233
8536
8836
7986
8483
8596
8361
8242
8264
8783
8392
8336
8839
8170
9060
8368
8912
8249
8658
9037
8435
8252
8581
7793
8612
9006
9060
8926
8213
8427
8618
9293
7519
8442
8530
8576
9159
8354
8589
8220
9188
9307
9490
9221
8327
8627
8265
8964
8109
8149
8644
8374
8193
8980
8693
8677
9151
8690
8538
8902
8778
8666
8398
8718
8473
8993
8257
8797
8346
8439
9158
9079
8455
8563
8595
8249
9734
8765
8295
8034
8484
8176
8831
8846
8037
8684
9017
8613
8310
8818
8726
8746
8827
8633
9070
8821
8419
8975
9412
8408
8027
8373
8273
8772
9034
8612
9160
8216
8547
8458
9009
8962
8430
8063
9030
8819
9157
8750
8809
9436
9014
9592
8532
8549
8265
9242
8221
9137
9096
8872
8342
8717
8811
9080
8832
8772
9150
8719
8826
7877
8708
8841
9032
8332
8065
8510
8605
9209
8658
8921
9129
8759
8323
8714
8660
9001
9326
8926
8302
8653
8836
8074
9112
8667
9227
8472
8888
8665
8810
8495
8661
8792
8648
8881
8623
9417
8779
9140
9467
9274
9426
8956
9637
8420
8716
8170
8937
8676
9175
8452
9352
8533
8811
8882
8397
8809
8024
9300
8950
8373
8982
8901
9236
8812
8782
8738
9828
8673
8372
9317
8791
9109
9116
8682
8458
8448
9017
8957
9673
8585
8853
8850
9063
9472
8665
8962
9201
8573
8448
9562
8612
8644
8227
9387
8863
8570
8037
8634
9125
9069
8335
8711
8970
9317
8830
9620
10141
8569
8705
8525
8879
8187
9183
9085
8712
9153
8860
9197
9412
9371
8397
8865
9532
9540
9848
9033
8398
8125
8341
8972
8787
8174
9162
8879
8768
8894
8663
9047
9307
8664
9042
8692
9221
8491
8848
8733
8422
8613
9336
8802
9267
8252
7999
8815
9230
9029
8390
9346
9119
9233
8478
8990
9691
8889
8179
9524
8557
9519
8756
9193
8925
8952
8527
8857
8537
8710
8918
9341
8550
8911
9248
8951
9595
8848
8784
9207
8754
8961
8041
9138
8986
8728
8919
8200
8485
9114
8408
8811
9127
9017
9345
9709
8420
9668
8370
8968
8525
9164
8262
9072
8837
9130
9085
8792
8734
9106
8663
8588
9557
9058
9224
9710
9388
8520
8953
8526
9820
8674
8539
9005
9297
9476
9241
8994
8389
8890
8709
8667
8731
8852
8990
9382
8566
8994
8683
9240
9420
8869
8694
9191
9016
9602
8715
8661
8523
8676
8411
8625
9464
8868
9048
9862
8536
8773
8505
8944
9268
8774
9298
8704
9637
8196
9164
9017
8603
9631
9610
9333
9090
8929
9513
9165
8721
8713
9350
8997
8674
9579
9271
9307
8862
8929
9013
8947
9087
8347
9168
9194
8881
10162
9012
9020
9216
9611
8641
9366
9544
9079
9550
8804
9535
9426
9311
9538
9701
9092
9093
9044
9613
8843
9584
9141
8868
8766
8624
8336
9553
9280
9233
8750
9142
9398
8927
8923
9151
8850
8450
9368
8806
9158
8937
8812
9100
10242
8699
9111
8912
9706
9292
9228
9800
8699
9629
9046
9437
9304
9201
9393
8452
9268
8551
8662
8948
8488
8669
9627
9129
9169
9635
9072
9815
8832
9838
9168
8882
10043
9264
8926
9226
9088
8672
9497
9060
9709
9752
9491
9297
9551
9149
10274
9737
9259
9635
9251
9698
9225
9730
8920
8956
9147
9288
9160
9438
9508
9640
9368
9909
8901
9105
9204
10177
9414
9124
9760
9951
8949
9533
9593
9349
9221
9321
9794
8503
9724
8821
9986
8968
9527
9584
8232
9652
9087
9623
9595
9398
9214
9280
9843
9071
9638
9298
9387
8886
10092
9341
8891
10061
9232
9827
9843
9354
10075
9181
9437
8988
9198
10086
9857
9577
9451
8856
9386
9210
9076
9085
9372
9690
9658
9230
9422
10246
9311
10238
9009
9605
9580
9824
9501
9266
9643
9478
9619
10162
9891
8997
9654
9961
10008
9307
9407
9020
8950
9521
9644
9397
9029
9195
9419
9814
9145
9642
9407
9590
9832
9482
9427
9007
9755
9898
9478
9970
10228
9615
9800
9370
9906
9205
9868
9207
9940
9980
9240
9527
9967
9908
9793
9218
9401
9859
9284
8888
9938
9234
10222
10421
9559
9519
9131
9690
10614
10278
9653
9590
9736
9462
9819
10108
9856
8907
9720
9680
9138
10050
9170
9991
10058
9540
9382
9374
9738
9631
9407
9928
9448
10484
9001
9421
9825
9472
9701
9802
9869
10424
9714
10312
9667
9748
9951
9416
9920
10169
10610
9819
10648
9206
10618
9915
10326
10224
9673
9725
9915
10100
9927
10302
9968
9554
9749
10026
10133
9778
9831
10669
10104
10196
10045
9835
9825
10001
9950
9407
9898
9527
10845
9998
10290
9962
10416
10396
9660
10385
10745
10388
10512
10771
10496
9025
10334
10654
10103
9923
10900
10257
10189
9806
9974
10073
9818
10263
10632
9604
10570
10668
10123
10044
10209
10604
9733
10222
10086
10595
10441
10228
10148
9942
10748
10450
10126
10657
9983
10649
10621
10376
10151
10070
9631
10995
9838
10628
10054
10945
11216
9816
10234
10277
10775
10476
10302
10657
10229
10007
10768
10969
10122
10393
10196
10235
10041
10519
10344
10379
10604
9867
10836
10588
10401
10438
10699
10308
10820
10458
10597
10580
10970
10392
10070
10146
10014
11049
10779
10705
9521
9762
10264
11258
10552
10598
10660
10395
9517
10066
10809
10918
10972
10378
10990
10683
10404
10376
10539
10804
10170
10641
10496
10542
10746
10588
10400
10145
10373
11066
10301
10528
10595
11188
11111
10772
11238
11373
10594
10827
10931
11379
11278
11149
10827
10714
10731
10757
10585
10896
11058
11582
11844
10956
10941
10434
11810
10730
10669
11327
11338
10590
11117
10568
11201
10652
11417
10450
11544
11166
11031
10730
11297
10732
10795
11078
10965
11438
11065
10989
10431
11604
11696
10953
11186
10987
10891
11392
10600
10936
10902
11567
11328
11848
11462
10953
12110
11911
11451
11152
11642
11489
11305
11337
11139
11281
11005
11231
10610
10941
11399
11314
11643
11917
11315
11255
11579
10943
11556
11867
11779
11798
12098
11248
11740
11383
11096
11122
11848
11798
11736
10969
12230
11236
11870
11420
10905
11713
11308
11152
11328
11961
12004
11413
11785
12068
11814
11970
11208
11269
12130
11933
12378
11966
11869
11734
11926
12055
11595
11685
11849
11819
11513
12168
12023
11859
11896
11906
12308
11984
12009
11258
11126
11604
11888
11597
11520
11520
12190
11870
12317
11571
11924
12482
12178
12676
12085
12860
12053
12351
12356
11777
12770
11926
11871
12008
12784
11973
11668
12421
12495
12284
12385
11990
12263
11527
12496
12077
12064
12169
12087
12569
12150
12622
12621
12290
12451
12523
12638
12193
12376
12511
12300
12073
11859
11836
12266
11994
12647
12492
12917
11584
12943
12442
12467
13056
12838
12644
12800
12484
13392
12266
12637
12638
12036
13232
12862
12638
12616
13040
12038
13600
12803
12090
12892
12806
12913
13025
12838
12800
12507
12639
13209
13060
12454
12304
13013
12697
12605
13558
12903
12590
12549
12827
13180
13152
12275
12829
13359
13644
12132
13606
13021
13656
13366
13533
13408
13704
13149
13652
12856
13384
13479
12834
13229
12655
14538
13444
13179
13128
13061
13765
13386
13329
13350
13699
13261
13089
13888
13641
13462
14248
13573
13518
13309
12836
13090
12945
13634
13408
13434
13490
14101
14297
14326
13381
13880
13708
13434
14155
13554
13830
14000
14308
14214
13568
14150
13949
13599
13867
14153
14077
13489
13669
14281
13564
14363
14125
14002
13713
14264
14058
13948
14723
13683
13732
13872
13972
14441
14763
14022
14734
14719
13989
14848
14224
13948
14361
14553
14286
14107
14923
14370
13992
14464
14804
15274
14303
14855
14597
15258
13845
14570
14841
15121
14911
15410
14746
14375
14277
14583
14380
15163
15306
14221
14699
14762
15194
15684
15259
15108
15080
14942
14534
15370
14793
14986
15178
15294
14052
14854
15138
15195
15006
14571
15459
15235
15364
15004
15033
14802
14498
15090
15206
15577
15227
15674
14985
15291
15505
15007
15443
15121
15292
15908
15773
15620
15039
16763
15340
15071
15353
15904
16072
15765
15324
15537
15510
15448
15520
14936
15540
14959
15782
15372
15818
16135
15312
16610
16068
16457
15690
16378
16790
15868
15243
16052
16305
15990
16149
16270
16270
15947
16687
15944
15255
15872
15726
15574
16802
16125
16220
16108
16170
16039
15783
16008
16807
17169
15658
16883
15877
16122
16259
16170
16888
16935
16499
17070
16811
16540
17154
16453
16783
17368
17112
16519
17196
16537
16529
17665
16074
17496
16945
17370
17380
17603
17690
16536
16351
17275
16774
17560
17115
17274
17532
16770
16729
16772
16872
17260
17189
17002
17858
17493
16857
17316
17239
18007
17774
17442
17910
16970
18366
16857
17894
17448
16996
18151
18605
18074
16686
17473
17647
17355
17610
17032
17500
18169
17529
18560
17834
18830
17874
17558
17952
17149
17786
17751
17856
17886
19272
18568
18395
18137
18698
18728
18432
18456
18237
17348
18230
18822
18688
18702
18833
18909
18444
18605
19037
19408
18616
18589
18324
18868
18407
19036
18366
18951
18497
18714
19001
19434
19349
18621
19227
19136
19018
18437
19072
18833
19020
19002
18828
19842
19840
19521
18837
19217
19279
19296
19773
19451
18950
19845
19734
19540
20190
19621
20039
19241
19830
19804
20608
19412
20030
19429
20027
19780
19429
19796
20189
20251
19875
19560
20793
20231
19742
20992
20418
19940
20489
20682
20662
20648
20466
20520
20864
20592
20484
20684
20413
20673
21001
21735
20740
21318
21120
20853
21926
21216
21284
20376
21960
21464
22351
20966
21269
21002
22396
21414
21641
22082
21481
20779
21286
22072
21085
22205
21601
21469
21770
22001
23026
21620
22413
21632
22177
22274
21953
21930
21897
22532
22399
21938
21894
22466
21918
21939
22024
22658
23016
22254
22081
22495
22989
23170
22103
22946
22270
23005
22952
22628
23188
22601
23241
22221
22941
22104
23160
23283
23348
22914
23290
23796
23245
23014
22998
23341
22813
23396
23704
23010
23346
23190
23529
24263
23516
23519
23172
23577
23010
24286
24330
23883
23640
23700
25377
23936
23975
24221
23608
24308
24067
23817
24341
23958
24326
24302
24608
25028
24570
24768
24971
24731
24520
24166
24632
24598
24589
24571
25053
24317
24765
25349
25090
24288
24329
25344
25316
25364
25770
24764
25431
25225
25241
24916
25222
25216
25435
24968
25888
25122
24914
25664
25773
25275
25262
26427
26330
26267
26488
25130
25587
26203
25740
25931
25996
25565
26725
26343
26396
25265
24858
25941
26532
25793
26231
26381
26809
26738
26648
26501
26222
26112
26973
26891
26969
27294
26350
26794
27397
26781
26856
26636
26499
26885
27270
27577
26990
27121
26646
27177
26468
26644
26534
27145
27169
26546
27213
27320
27648
27424
27178
27642
27643
26598
27002
27469
26951
27400
27755
26666
28303
27125
27066
27817
28349
27376
28002
27428
28378
27718
27987
28484
27956
28001
28265
28378
28118
27834
28397
28321
29202
28412
28758
28684
28358
29128
28598
27904
28388
28226
28965
28363
28550
28414
28800
28844
28762
28763
29614
29125
28957
29159
30026
29014
28877
27781
28916
28689
28795
29748
28791
28564
28753
29682
28864
28689
29619
28836
29757
28479
28973
29728
29016
28823
28794
29212
28928
29573
28248
29028
29221
29930
29056
29595
29644
29670
29621
30029
29924
30094
30315
30264
30406
29678
30020
30934
29268
30150
30490
29627
30066
29745
29824
30050
29010
30384
29856
29321
28839
29248
29012
29202
30575
30692
30558
30818
30477
30292
30888
30075
30324
30788
30415
31108
30324
31829
31457
31296
29756
31416
31146
30952
31464
31037
31132
31556
31560
31398
31151
31248
31774
30927
32183
31556
31432
30824
31720
31824
31301
31448
31729
31563
32321
32221
32144
32207
31821
32206
31138
32132
31860
31664
30914
31765
31634
32419
31183
31655
31752
31535
31114
32052
32527
31464
31872
31465
32525
32500
32282
32260
32502
32960
32917
33490
33585
32328
33141
33214
32294
32667
33344
32806
33390
33245
32674
32425
32966
33000
33306
32836
32853
33542
33498
32765
32778
33108
32802
33282
34097
33618
33402
32992
33734
33671
33920
33904
34258
33884
33594
33876
33691
33417
34282
33898
33528
34772
34492
34464
33668
33957
34836
34326
33952
34472
34365
34678
34561
34214
35186
34602
34253
34811
34795
35072
35906
35081
34680
35615
35339
35055
34984
35678
34603
35172
35556
34660
35708
36079
35293
35904
35830
35788
36024
36185
36170
36042
37545
36404
36443
36311
36083
36968
36780
36986
36296
36712
36341
36574
37816
37852
37482
37144
37489
37780
37408
36700
36522
36694
36864
36486
36439
36560
37290
37404
37596
37360
37504
38164
38492
37908
37949
38372
38174
38878
38058
38765
39062
38633
39533
39090
38429
38381
38976
38996
38554
39082
39524
38762
39204
39460
38660
39268
38826
39700
38966
39984
40050
39724
39786
40522
39556
40336
40165
41076
40332
41066
41183
41515
41573
41476
40893
41853
41478
41460
42457
41407
41630
41427
41987
42284
41421
42018
43034
42506
42859
42724
43708
42508
42346
43264
42965
42240
43220
43178
43511
43453
43677
43706
44022
44186
43777
43590
44168
44500
44608
45184
45672
44361
45190
44652
45404
45741
44524
45401
45706
44943
45850
46741
46380
46712
46698
46570
46208
46436
46622
47461
46831
47620
47556
47450
48117
46963
47515
48061
48662
48571
48596
49621
49333
48580
49525
49067
49643
49410
48975
49548
50006
50370
49574
50088
50688
50666
50221
50863
50612
50362
51050
51316
52013
51166
51097
51668
52888
51698
52411
51924
52976
52762
53096
53440
53316
54132
53193
54206
54532
54123
54182
54501
54852
54503
54719
55150
54280
55220
55220
55876
55372
55404
54916
55205
56602
56315
56200
56092
56698
57228
56669
56612
57376
57930
56651
57191
57941
58483
58426
58021
57318
58277
58752
58624
59028
59524
59229
59604
60634
60413
59929
61070
61057
60138
61588
61760
61436
61172
60811
61252
61712
60837
62484
61659
63160
63872
62398
62688
62922
63032
62923
63627
63572
64084
63908
64060
65064
63974
65108
64426
64811
64461
65480
64920
65535
65382
65535
65535
65535
65535
65535
65535
65535
65535
65535
65535
65535
65535
65535
65535
65535
65535
65535
65535
65535
65535
65535
65535
65535
65535
65535
65535
65535
65535
65535
65535
65535
65535
65535
65535
65535
65535
65535
65535
65535
65535
65535
65535
65535
65535
65535
65535
65535
65535
65535
65535
65535
65535
65535
65535
65535
65535
65535
65535
65535
65535
65535
65535
65535
65535
65535
65535
65535
65535
65535
65535
65535
65535
65535
65535
65535
65535
65535
65535
65535
65535
65535
65535
65535
65535
65535
65535
65535
65535
65535
65535
65535
65535
65535
65535
65535
65535
65535
65535
65535
65535
65535
65535
65535
65535
65535
65535
65535
65535
65535
65535
65535
65535
65535
65535
65535
65535
65535
65535
65535
65535
65535
65535
65535
65535
65535
65535
65535
65535
65535
65535
65535
65535
65535
65535
65535
65535
65535
65535
65535
65535
65535
65535
65535
65535
65535
65535
65535
65535
65535
65535
65535
65535
65535
65535
65535
65535
65535
65535
65535
65535
65535
65535
65535
65535
65535
65535
65535
65535
65535
65535
65535
65535
65535
65535
65535
65535
65535
65535
65535
65535
65535
65535
65535
65535
65535
65535
65535
65535
65535
65535
65535
65535
65535
65535
65535
65535
65535
65535
65535
65535
65535
65535
65535
65535
65535
65535
65535
65535
65535
65535
65535
65535
65535
65535
65535
65535
65535
65535
65535
65535
65535
65535
65535
65535
65535
65535
65535
65535
65535
65535
65535
65535
65535
65535
65535
65535
65535
65535
65535
65535
65535
65535
65535
65535
65535
65535
65535
65535
65535
65535
65535
65535
65535
65535
65535
65535
65535
65535
65535
65535
65535
65535
65535
65535
65535
65535
65535
65535
65535
65535
65535
65535
65535
65535
65535
65535
65535
65535
65535
65535
65535
65535
65535
65535
65535
65535
65535
65535
65535
65535
65535
65535
65535
65535
65535
65535
65535
65535
65535
65535
65535
65535
65535
65535
65535
65535
65535
65535
65535
65535
65535
65535
65535
65535
65535
65535
65535
65535
65535
65535
65535
65535
65535
65535
65535
65535
65535
65535
65535
65535
65535
65535
65535
65535
65535
65535
65535
65535
65535
65535
65535
65535
65535
65535
65535
65535
65535
65535
65535
65535
65535
65535
65535
65535
65535
65535
65535
65535
65535
65535
65535
65535
65535
65535
65535
65535
65535
65535
65535
65535
65535
65535
65535
65535
65535
65535
65535
65535
65535
65535
65535
65535
65535
65535
65535
65535
65535
65535
65535
65535
65535
65535
65535
65535
65535
65535
65535
65535
65535
65535
65535
65535
65535
65535
65535
65535
65535
65535
65535
65535
65535
65535
65535
65535
65535
65535
65535
65535
65535
65535
65535
65535
65535
65535
65535
65535
65535
65535
65535
65535
65535
65535
65535
65535
65535
65535
65535
65535
65535
65535
65535
65535
65535
65535
65535
65535
65535
65535
65535
65535
65535
65535
65535
65535
65535
65535
65535
65535
65535
65535
65535
65535
65535
65535
65535
65270
65535
65535
65048
65301
64841
65220
63905
63434
63834
64605
63540
63398
63483
62592
63215
63520
62042
62091
62504
61867
61978
61696
60196
60632
60715
60429
60932
61047
60283
60374
59584
59584
59176
58532
59101
59584
58496
58717
58736
59036
57920
58444
57355
57091
56314
56612
56759
56172
55940
56116
54495
55714
55344
55564
54276
54635
55230
53852
54097
53380
53600
52298
53336
52458
51597
52152
50660
51062
51170
51253
50898
50731
51316
50569
50868
50696
50932
50589
49284
49718
48082
46381
45588
45369
46004
45677
45924
46842
46765
46616
47629
46672
46724
46492
46464
46837
46109
44740
45000
43957
45561
43739
43926
43828
43671
44361
43884
42861
42440
42470
42118
41896
41640
41838
41330
41611
40661
40524
40314
40412
40157
40175
39132
39314
38424
39618
38125
38426
38764
36910
37558
38346
37420
37153
36207
36780
36308
35885
36678
35730
35177
36394
36052
35176
34541
34741
34580
34015
33283
32984
33152
33773
32970
31770
33134
33094
32481
31491
31735
32208
31498
31104
30901
30646
30188
30652
30585
30045
29548
29195
29636
28612
29079
28904
28834
28827
28468
28585
27497
26880
27183
27014
27570
27570
27002
27407
25652
25754
25880
25556
25091
25884
25012
25535
25079
25117
24962
24262
24532
25245
23818
23720
24156
24014
22778
24065
22974
23390
22396
22753
22941
22414
21564
21452
22370
22146
21586
20854
21830
21423
21332
21323
20778
20712
20600
19950
19494
19909
20962
20072
20647
19037
19364
19468
18577
19020
18861
19222
19125
18517
18772
18322
18741
18230
17966
18966
17138
17881
17876
17172
17118
17164
16644
17110
16734
16570
16804
17461
17531
16589
16100
16080
16771
16502
16227
15757
16280
15464
15055
15358
15901
16116
15895
15652
15577
15234
15609
14516
15570
15195
15043
14367
15306
14345
15093
14221
14251
15105
14091
15260
14366
14833
13597
15128
14206
14512
13021
13470
14592
14262
13194
13948
12583
14077
13516
14359
13752
13738
13302
14032
12976
12733
13508
13136
12813
12295
13128
13586
13341
13084
12992
12678
12847
12576
13524
11684
12868
12644
12578
11293
12190
12332
12589
11983
12334
12029
12511
12056
12324
12159
12612
12134
12285
