8074
8022
7280
7922
7472
9133
7138
7655
7825
7247
7710
7155
7284
7259
6830
8211
7840
7120
8205
7947
6668
7515
6952
7489
7941
7619
8023
7432
7257
7800
7830
7088
7224
6961
7163
7419
6915
7929
7263
8072
7474
7384
7445
7713
7693
7073
8015
7061
7945
7872
8597
8201
8272
7099
7320
7196
7478
6905
7401
7563
7297
7362
7939
8036
7249
7303
7485
6942
8027
7665
7663
6797
7443
7666
7644
7764
7427
7671
7390
7147
8209
7589
7723
7461
7622
7968
7344
6707
8055
7606
7590
8163
7818
7659
7286
7838
7252
8531
8273
7374
7796
7266
7972
7291
7745
7895
6864
8242
6929
7281
7903
7213
8340
7813
7722
7218
7276
8171
7952
7941
7637
7270
7246
7750
7964
8136
8366
7635
7137
7817
7455
7351
7724
7636
7746
7457
8196
8018
8010
7254
7640
7630
7225
7559
8130
7805
7763
8006
7354
7449
8191
7464
8026
7774
7150
7799
7953
7925
8135
7751
8582
7435
7823
7346
7473
7816
8051
7465
7992
7138
7793
7776
7746
7100
7687
7038
7678
8084
7970
7910
7780
8522
8155
7598
7786
8373
7787
7406
8484
8044
8368
7482
8158
7757
7429
7999
7556
7926
7785
8396
7251
7383
8093
7601
7438
7651
8158
7709
8291
7549
8025
7765
8320
7682
7424
6870
7955
7649
7879
7854
8128
8054
8123
7281
8439
8011
7730
7723
7181
8231
7275
7393
7884
7853
7484
7784
7769
7555
8075
8031
8161
7834
7252
7906
8281
7947
7904
8158
7704
8402
7356
8312
8090
8258
7797
7924
7284
7499
8278
7401
7362
8275
7577
8134
7072
8097
7553
7711
8057
8851
8430
8012
8194
8217
7140
8047
8265
7485
7314
8273
7969
7931
8330
7412
8084
7345
7857
8361
8230
8219
7643
7642
7994
7775
8562
7845
7966
7926
7402
8069
7915
8271
7416
7832
7488
8153
7751
8050
7930
8280
8022
8906
8436
7940
7496
8137
8358
7994
8480
7698
8598
7129
7884
8108
7796
7658
8527
8136
8114
8269
7944
7699
7398
7656
7865
8454
8165
7834
7837
7611
8612
8216
8332
7166
7992
7970
8312
8151
8394
8418
8251
8304
7950
7607
8351
7889
7992
8641
7818
8336
7424
8181
8220
7016
8378
7604
7855
7724
8233
8001
7512
7516
8386
8130
7706
7732
7865
7490
7654
8046
7266
8358
7353
8271
7926
7849
8273
7584
8197
7875
8026
8425
7575
8103
8488
7787
8179
7675
8100
7812
8260
8313
7894
8272
8276
8310
8244
8603
8028
8214
8572
7951
8464
8576
7927
8474
8013
8040
8019
8286
8231
8374
8343
8397
8288
7716
8092
7252
7989
8259
7666
8394
8307
7975
7784
8168
8374
8025
8026
7886
8030
8347
7996
7243
8356
8452
8074
8411
8017
8576
7886
7883
8065
8158
7723
8799
7915
7679
8504
7879
7835
8211
8235
8509
8022
8838
8215
8544
7771
8402
8289
8516
7834
8699
8848
8431
8552
7886
8405
7444
7767
7606
8182
8693
8557
7538
8725
8203
7824
8401
8103
8068
7733
7869
8183
8652
9375
8757
8219
7505
8459
8620
7881
8232
8612
8007
8616
7714
8269
7700
8227
8382
8478
8946
8115
8551
8682
8421
7464
8106
8904
8301
8278
7980
7787
8600
8351
8794
8439
8541
8456
8206
8594
8761
8425
8772
8160
8941
7949
8791
8169
8576
8513
8648
8644
7881
8624
7826
7834
8196
8436
9504
8219
8790
8764
8242
8836
8131
8296
9137
7953
8176
8373
8653
8501
8795
8838
7982
8717
8116
8031
8045
8252
8100
7702
8734
8704
8621
7837
8374
8597
8303
8638
7886
7399
8712
8354
9029
8436
8448
8485
8373
8148
7717
7993
7976
8479
8016
8239
8258
8048
7824
8235
9108
8432
8715
7803
8246
8456
8133
8015
8100
8468
8251
8291
8503
8010
8509
8140
8660
7885
8232
8998
8188
8208
8412
7667
8598
8699
8680
8515
8169
8466
8464
9055
7436
8061
8386
8222
8690
8366
8494
7976
8700
9165
9220
9002
8220
8192
8158
8687
7887
7995
8306
8310
7673
8688
8431
8403
8724
8506
8074
8529
8772
8353
8236
8353
8439
8844
8131
8640
8186
8314
9017
8933
8114
8417
8261
7938
9408
8627
8120
7823
8201
8120
8541
8676
7759
8476
8799
8650
8187
8517
8515
8434
8473
8235
8622
8807
8207
8894
9092
8178
8051
8256
8230
8580
8614
8282
9008
7958
8114
8302
8701
8466
8282
7698
8907
8443
9035
8522
8340
9225
8838
9435
8192
8479
7869
9148
7882
8965
8893
8510
7946
8432
8682
8966
8550
8618
8942
8630
8641
7731
8393
8533
8520
8108
7741
8226
8107
8635
8386
8644
8857
8504
8146
8742
8487
8752
9352
8772
8281
8536
8815
7880
8878
8439
8647
8295
8586
8431
8651
8067
8376
8548
8581
8818
8566
9140
8481
8569
9093
8653
9130
8731
9101
8094
8396
7826
8760
8466
8799
8359
9132
8263
8632
8667
8322
8792
7699
8962
8769
8115
8786
8592
9019
8607
8655
8521
9494
8337
8289
9003
8476
8661
9000
8483
8303
8275
8554
8686
9242
8251
8505
8513
8810
9052
8232
8778
9000
8275
8075
9459
8473
8516
7900
9207
8534
8280
7968
8526
8924
8721
8011
8320
8662
9089
8634
9289
9913
8396
8296
8303
8733
8166
9109
8798
8665
8829
8527
9071
9111
8871
7889
8537
9195
9256
9392
8601
8141
7725
8148
8537
8376
7886
8903
8561
8482
8768
8359
9042
8989
8129
8954
8500
8966
8302
8378
8649
8093
8158
8951
8456
8688
8141
7660
8666
8907
8561
8254
8925
8879
8666
8168
8534
9479
8875
7916
9293
8127
9101
8171
8771
8554
8645
8292
8525
8144
8356
8519
8984
8401
8484
9061
8709
9104
8348
8384
8728
8468
8795
7674
8991
8817
8202
8742
8013
8148
8697
8022
8562
9024
8761
8973
9213
8285
9416
7947
8693
8237
8436
7910
8684
8541
8926
8920
8623
8500
8879
8318
8273
9069
8760
8888
9500
9165
8108
8440
7916
9128
8384
8239
8593
8912
9284
8841
8702
8084
8740
8254
8559
8444
8526
8576
8902
8207
8470
8351
8880
9004
8415
8556
8755
8564
9361
8096
8076
7808
8296
8192
8494
9002
8315
8934
9648
8332
8386
8196
8773
9105
8602
8991
8340
9110
7748
8873
8659
8228
9165
9081
8634
8660
8509
9076
8619
8160
8414
9020
8666
8223
9002
8814
8996
8586
8461
8662
8478
8702
7993
8634
8858
8645
9861
8308
8702
8783
9202
8526
8772
8969
8970
9016
8251
8688
9079
8927
9318
9385
8633
8753
8454
9111
8357
9444
8888
8588
8470
8218
7814
9338
9016
8674
8403
8448
8962
8506
8300
8733
8625
8331
8973
8565
8766
8786
8588
8724
9823
8626
8795
8414
9360
8664
8667
9231
8181
9236
8490
9172
8967
8748
8902
8095
8963
8299
8383
8733
8399
8350
9260
8901
8830
9129
8788
9389
8469
9405
8632
8528
9547
8811
8622
8724
8704
8115
9085
8860
9323
9156
9027
8588
8928
8504
9962
9365
8684
9001
8638
9058
8860
9388
8564
8586
8800
9009
8648
9178
8682
9232
8582
9359
8491
8642
8960
9576
8921
8495
9265
9078
8477
9239
9090
8521
8796
8761
9294
7983
9188
8505
9455
8562
9116
8971
7618
9164
8621
9188
9234
8978
8876
8763
9221
8854
9040
8823
8939
8341
9516
8879
8558
9672
8765
9321
9361
8913
9807
8704
8954
8359
8579
9672
9293
8998
8856
8592
8758
8631
8649
8521
8815
8952
8965
8545
8770
9680
8714
9666
8393
8958
9087
9328
8566
8955
9058
9121
9053
9487
9240
8278
9093
9259
9618
9072
9044
8580
8330
8844
9146
8592
8473
8553
9089
9188
8643
8740
8747
8931
9059
8788
8812
8356
9308
9447
8765
9315
9566
8800
9308
8788
9194
8678
9366
8788
9336
9158
8681
8926
9369
9240
9105
8353
8499
9401
8704
8054
9218
8725
9574
9875
8914
9210
8462
9005
9817
9695
8979
9050
9174
8866
9282
9588
9095
8482
8950
8985
8681
9228
8635
9195
9347
8860
8354
8563
9222
8947
8910
9334
8573
9843
8414
8891
9378
8714
9079
9454
9211
9976
8950
9848
8903
9145
9149
8576
9339
9132
9813
8948
9560
8659
9761
9325
9592
9451
9002
8965
9153
9354
9324
9630
9106
8728
9068
9302
9147
8785
8960
10037
9477
9401
9604
9020
9112
8996
9233
8454
9218
9007
9993
9182
9357
9104
9583
9504
9129
9640
9868
9598
9950
9965
9671
8386
9415
9902
9447
9053
10002
9202
9522
9183
9173
9118
8914
9485
9630
9014
9647
9661
9157
9131
9296
9561
8993
9321
9337
10054
9692
9505
9425
8895
9949
9346
9210
9646
9157
9903
9789
9368
9489
9397
8838
9786
8690
9604
9043
10139
10307
8942
9416
9333
9588
9552
9546
9873
9132
9164
9544
10126
9278
9163
9105
9206
9048
9554
9373
9626
9684
8970
9870
9489
9734
9345
9734
9578
9864
9447
9951
9949
9958
9566
9045
9274
9065
9978
9659
9796
8592
8916
9436
10132
9622
9652
9502
9095
8711
8781
9732
10056
10035
9524
9849
9637
9127
9712
9426
9777
9101
9641
9608
9684
9646
9853
9177
9113
9170
10138
9188
9502
9606
10013
9961
9654
9925
10135
9494
9726
9770
10392
10178
9852
9676
9828
9576
9509
9396
9755
9917
10440
10526
9653
9769
9395
10536
9717
9583
10210
10405
9501
10152
9175
10190
9449
9806
9352
10412
9990
9717
9301
10082
9449
9943
9742
9541
10191
9728
9500
9437
10445
10668
10051
9919
9465
9774
10302
9574
9518
9576
10450
10346
10431
10088
9418
10728
10336
9990
9944
10448
10021
10308
9916
9888
10024
9868
10107
9397
9764
9897
9969
10167
10318
9957
9895
10097
9428
10043
10336
10500
10546
10648
9942
10508
9853
9591
10074
10483
10441
10272
9478
10531
9777
10453
10002
9455
10346
9701
9718
9906
10160
10576
10002
10454
10735
10209
10228
9984
9648
10642
10304
10956
10430
10285
10242
10673
10637
10112
10164
10146
10157
10254
10302
10382
10123
10389
10652
10570
10343
10560
9671
9486
9882
10148
10050
9876
10168
10723
10308
10567
10101
10241
10459
10629
10830
10272
11212
10453
10757
10300
10191
10974
10295
10065
10198
10971
10157
10344
10868
10722
10644
10737
10567
10551
9960
10862
10359
10368
10357
10263
10544
10209
10835
10727
10421
10803
10721
10687
10338
10632
10756
10414
10055
10123
10296
10352
10192
10853
10586
11356
10045
11136
10655
10581
10594
10796
10682
10874
11040
11461
10796
10610
10921
10133
10956
10780
10418
10504
10664
10173
11759
10521
10272
10588
10852
10995
10733
11031
11017
10891
10402
10893
11058
10387
10227
10758
10645
10546
11741
10893
10388
10428
10411
11118
11133
10110
10457
10949
11438
10017
11430
10642
11497
11125
11452
11379
11154
10914
11263
10747
11294
11109
10743
11188
10417
12104
11182
10903
11202
11089
11633
11182
11208
11232
11412
11065
10797
11340
11361
10990
11863
10998
10785
11095
10534
10791
10622
11209
11060
11073
11191
11565
11870
11676
10553
11493
11022
10930
11738
11250
11682
11451
11894
11716
10724
11271
11503
11369
11316
11650
11265
11085
11131
11859
11100
11668
11436
11370
11025
11554
11512
11338
12158
10923
11413
11138
11127
11909
12112
11292
12027
12317
11117
11942
11492
11223
11656
11756
11387
11652
11957
11393
11280
11687
12127
12529
11509
12036
11841
12393
11154
11731
12023
12368
12154
12373
11978
11303
11565
11420
11400
12263
12042
11268
11904
11837
12068
12692
11975
11818
12060
12189
11707
12618
11563
12021
12130
11839
11058
11420
12070
12293
12308
11632
12406
12010
12068
12085
11947
11875
11286
11997
12310
12397
11713
12726
11920
12063
12284
11939
12443
12149
12172
12777
12266
12106
11782
13250
11957
11688
12121
12347
13003
12505
11908
12175
12157
12245
12297
11376
12227
11386
12466
11708
12251
12709
12050
12816
12501
13093
12200
12566
13236
12388
11820
12466
12808
12718
12297
12736
12983
12232
12991
12215
11975
12221
12204
12133
13016
12416
12355
12549
12361
12589
12141
12525
12961
13239
11772
13163
11932
12418
12874
12369
13194
13018
12580
13042
12933
12664
13186
13036
13037
13356
13146
12528
13177
12764
12749
13294
12207
13181
13158
13480
13758
13721
13708
12437
12568
13161
13017
13661
12902
13376
13448
12710
12614
12742
12899
13269
13322
13141
13678
13025
12461
13171
13409
13758
13364
13171
13359
12693
14174
12970
13846
13230
12825
13773
14133
13598
12681
13013
13559
13382
13668
12783
12973
13576
12899
13966
13214
14490
13659
13007
13789
12973
12970
13440
14025
13048
14620
13837
13918
14051
14003
14290
13991
13947
13957
12952
13451
14155
13875
13989
13767
14054
13610
13568
14428
14514
13752
13879
13579
14072
13416
14005
13706
14029
13749
14119
14168
14350
14402
13999
14418
14066
14384
13497
13968
13872
14284
13578
13422
14717
14596
14354
13585
14016
14280
14459
14642
14565
13729
14519
14568
14377
15053
14790
14440
14358
14557
14494
15215
14251
14845
13930
14583
14578
14141
14646
14830
15202
14617
14498
15481
14973
14467
15573
14797
14578
15186
14796
14875
15104
14957
14894
15411
14938
15071
15156
14916
14802
15289
15679
14951
15227
15689
15038
15908
15417
15497
14848
15653
15652
16274
15048
15575
15472
16306
15522
15428
15753
15469
14905
15398
16016
15108
16239
15122
15409
15434
16024
16837
15728
16156
15151
15913
15636
15693
15343
15801
15849
15616
15445
15412
16009
15564
15620
15804
16313
16207
15799
15989
16206
16218
16794
16019
16477
15718
16564
16192
16016
16552
16229
16554
15562
16360
15350
16332
16377
16862
16150
16588
16746
16418
16110
16299
16512
16264
16669
16648
16064
16523
16444
16598
17454
16532
16507
16261
16445
16242
17129
17264
16980
16452
16431
18143
16971
16961
17005
16448
16921
16893
16580
17049
16139
17216
17160
17239
17489
17369
17402
17226
17325
17429
16981
17198
17130
17122
16786
17384
16562
17041
17306
17416
16880
16842
17874
17700
17959
18322
17304
17841
17313
17787
17284
17174
17531
17783
17185
18088
17348
16865
17797
17999
17588
17540
18807
18241
18337
18493
17253
17671
18056
18066
17977
18102
17624
18245
18376
18075
17700
17156
18189
18718
18050
18123
18433
18675
18585
18110
18389
17734
18078
18411
18671
18594
18971
18393
18777
18666
18293
18354
18627
18156
18964
18646
19000
18592
18766
17962
18740
17885
18370
18160
18659
18702
18241
18862
18818
18923
19199
19093
18690
19226
18196
18606
18922
18466
18922
19435
18292
19667
18331
18480
19019
19940
18628
19196
18584
19631
19432
19444
19806
19522
19008
19723
19254
19359
18988
19538
19695
20178
19829
19885
19618
19455
19849
19531
18593
19750
19712
20106
19460
20022
19659
19539
19998
19781
19667
20477
20323
20064
20356
20283
19829
20434
19554
19950
19688
20051
20953
19762
19516
19766
20571
20153
19480
20358
20029
20546
19398
20426
20442
20410
20261
20411
20299
20140
20535
19339
20229
20213
20529
19846
20530
20608
20308
20136
20434
20680
20795
20777
21136
21354
20183
21035
21988
20570
20933
21514
20209
20710
21069
20346
21188
20194
20884
21241
20363
20138
20602
19969
20684
21466
21228
21444
21764
21208
21277
21445
20748
21074
21368
20995
21892
21283
22483
22091
21819
20189
22116
21869
21718
22162
21828
22125
22131
22242
21915
21954
22283
22121
21832
22989
22152
21869
21922
22581
22496
21789
21772
22044
22494
23410
22868
22809
22932
22076
22421
21411
22720
22634
22317
21776
22665
22409
23880
22099
22572
22394
22545
22058
22756
22888
22308
22529
22292
22985
23365
22912
23077
23206
23323
23568
23841
23616
22975
23696
23840
23262
24169
24301
23947
24203
24044
23452
23227
24049
23487
23980
23414
23774
23886
24297
24064
23808
24202
23625
24121
24890
24064
24205
24006
24620
24240
24852
24266
25282
25259
24194
24688
24845
24363
24728
24733
24559
25130
25156
25124
24940
25162
25894
25776
25018
25508
25116
25300
25503
25588
25955
25733
24744
25554
25749
26020
26259
26028
25876
26558
25920
26086
25912
26169
26106
26038
26594
25574
26694
26822
25701
26636
26602
26789
27442
26829
27018
26733
28626
27404
27583
27322
27174
28370
27460
27960
27120
28214
27424
27595
29092
28873
28233
28075
27910
28281
28914
27844
28604
28124
28282
27740
27738
27932
28056
28428
28756
28582
28422
29448
29834
29218
29354
28956
29333
29567
29384
30027
29709
29772
30937
30742
29640
29613
30071
30021
30132
30315
31053
29909
30768
30860
29812
30859
29896
31040
30548
31300
31290
30494
31404
31555
31337
31880
31944
32133
31763
31928
33025
32949
32618
32340
31948
32984
32822
33147
34012
32348
32648
33045
33300
33538
32876
33498
34048
33945
33943
33797
34147
34136
33906
34874
34274
33588
34582
34900
35120
35477
35436
34457
35114
35398
35249
35373
35920
36191
35898
36920
36829
36026
36588
36386
36850
36992
36589
37189
36952
36571
36922
38167
37634
38345
38041
38094
37914
37914
38969
39000
38278
38968
38857
39249
39660
38580
39205
39755
40073
40000
40680
41074
40918
40047
40602
40499
40796
41005
41269
41204
41216
41582
41066
42875
42226
42213
42016
42240
41994
42198
42615
43205
43780
42262
43429
43953
44644
43526
44132
43738
44692
44372
44714
44893
45017
45280
44660
45312
46489
45866
45644
46536
46278
46024
47342
46096
46136
47168
46932
46797
46514
47050
46934
47684
48175
48384
47730
48036
48852
49185
48621
48585
49556
49829
48977
48744
50084
50330
50180
49908
49620
50382
51625
49977
50841
51236
51061
51644
52416
52296
52452
53195
52760
51977
52747
53338
53576
52820
52247
53100
53376
52650
53891
53451
54261
55109
54218
54199
54468
55006
55465
55558
55428
56218
55629
55796
56404
55892
57120
56097
57348
56308
57354
56512
58317
57108
57716
57818
58090
57896
58420
58420
58953
58632
57876
58916
59482
59725
59380
60192
60072
60299
59596
60086
60800
61192
60952
60934
61524
60872
60710
61540
61896
61636
62184
61708
61881
61316
64456
63177
62700
62680
63705
63721
63924
63880
63300
64790
63820
64128
64004
64516
65248
65381
65033
65300
65535
65535
65535
65535
65535
65535
65535
65535
65535
65535
65535
65535
65535
65535
65535
65535
65535
65535
65535
65535
65535
65535
65535
65535
65535
65535
65535
65535
65535
65535
65535
65535
65535
65535
65535
65535
65535
65535
65535
65535
65535
65535
65535
65535
65535
65535
65535
65535
65535
65535
65535
65535
65535
65535
65535
65535
65535
65535
65535
65535
65535
65535
65535
65535
65535
65535
65535
65535
65535
65535
65535
65535
65535
65535
65535
65535
65535
65535
65535
65535
65535
65535
65535
65535
65535
65535
65535
65535
65535
65535
65535
65535
65535
65535
65535
65535
65535
65535
65535
65535
65535
65535
65535
65535
65535
65535
65535
65535
65535
65535
65535
65535
65535
65535
65535
65535
65535
65535
65535
65535
65535
65535
65535
65535
65535
65535
65535
65535
65535
65535
65535
65535
65535
65535
65535
65535
65535
65535
65535
65535
65535
65535
65535
65535
65535
65535
65535
65535
65535
65535
65535
65535
65535
65535
65535
65535
65535
65535
65535
65535
65535
65535
65535
65535
65535
65535
65535
65535
65535
65535
65535
65535
65535
65535
65535
65535
65535
65535
65535
65535
65535
65535
65535
65535
65535
65535
65535
65535
65535
65535
65535
65535
65535
65535
65535
65535
65535
65535
65535
65535
65535
65535
65535
65535
65535
65535
65535
65535
65535
65535
65535
65535
65535
65535
65535
65535
65535
65535
65535
65535
65535
65535
65535
65535
65535
65535
65535
65535
65535
65535
65535
65535
65535
65535
65535
65535
65535
65535
65535
65535
65535
65535
65535
65535
65535
65535
65535
65535
65535
65535
65535
65535
65535
65535
65535
65535
65535
65535
65535
65535
65535
65535
65535
65535
65535
65535
65535
65535
65535
65535
65535
65535
65535
65535
65535
65535
65535
65535
65535
65535
65535
65535
65535
65535
65535
65535
65535
65535
65535
65535
65535
65535
65535
65535
65535
65535
65535
65535
65535
65535
65535
65535
65535
65535
65535
65535
65535
65535
65535
65535
65535
65535
65535
65535
65535
65535
65535
65535
65535
65535
65535
65535
65535
65535
65535
65535
65535
65535
65535
65535
65535
65535
65535
65535
65535
65535
65535
65535
65535
65535
65535
65535
65535
65535
65535
65535
65535
65535
65535
65535
65535
65535
65535
65535
65535
65535
65535
65535
65535
65535
65535
65535
65535
65535
65535
65535
65535
65535
65535
65535
65535
65535
65535
65535
65535
65535
65535
65535
65535
65535
65535
65535
64794
65535
65034
65232
64474
64522
65261
64394
65069
65236
63981
63188
64120
63412
63365
63028
63158
61960
62301
61668
62136
62036
61524
61914
61021
61604
61865
61276
60948
60410
60634
61213
60680
59588
60928
59858
59470
59658
59276
59752
59219
58302
58294
59112
57626
58218
58219
56986
57652
58397
56800
56874
55965
56720
56212
56100
55700
55713
55892
55360
55560
55528
54187
55108
53928
54442
54486
53322
53915
54459
54004
53424
53326
54198
52650
53069
51956
51974
51178
51594
51328
51546
51118
51556
49561
50332
50828
50877
49369
49568
49710
49012
49100
49184
49045
47432
48656
48112
46852
47188
46642
47216
47128
46584
46276
46612
46549
45700
45796
46361
45974
46385
44879
45045
43826
42557
41580
41656
41480
41642
41925
42733
41965
41958
43370
42252
42386
42589
41896
42264
41910
40287
40772
40276
41236
39878
39775
40015
39641
39864
39264
39271
39108
38680
37994
37490
37734
38356
37820
37818
36940
36870
36733
37380
36780
36725
36009
35880
34976
36118
34811
35029
34891
33941
34276
34811
34202
33818
32978
33181
32957
33552
33036
32128
31977
33478
32913
31722
31828
32034
31764
31083
30696
30022
30501
31296
29936
29367
30292
30174
29418
28755
29026
29936
28594
28628
28127
28162
27378
28190
27776
27739
26921
26926
27350
26089
26354
26598
26229
26458
25959
26196
24743
24697
24899
24817
25182
25464
25019
25421
23532
23485
23959
23429
22931
23536
22925
23396
23274
23566
23051
22404
23162
23141
21859
21692
22377
21944
21009
22501
21061
21288
20799
20999
21279
20793
19850
19714
20868
20627
19413
19095
20351
19822
19852
19720
18968
19288
18916
18406
18066
18372
19736
18308
19132
17749
17768
18139
17081
17592
17769
17642
17386
17275
17540
16962
17472
17375
16973
17734
15969
16439
16563
15867
16065
15944
15384
16132
15388
15762
15657
16488
16461
15117
14843
14932
15810
15389
15037
14508
15215
14737
14224
14126
14857
15429
14862
14737
14477
14299
14645
13917
14566
14047
14166
13464
13716
13664
14028
13367
13489
13977
13221
14336
13309
13800
12737
14245
13254
13448
12385
12477
13513
13243
12489
13050
12036
13362
12599
13728
13193
13482
12584
13226
12292
12020
12754
12553
12299
11384
12467
12864
12670
12589
12302
12001
11856
12016
12963
11108
12119
11825
11985
10676
11746
11634
11878
11002
11400
11430
11642
11164
11479
11722
11925
11568
11771
