8069
7841
7188
7652
7283
9029
7087
7525
7880
7058
7542
6869
7357
7051
6776
8132
8079
7024
8018
7890
6752
7173
6801
7458
7848
7389
7879
7133
7290
7562
7706
6993
6944
7095
7103
7380
6803
7844
7388
7832
7568
7082
7376
7391
7585
6873
7842
6842
7933
7857
8766
8052
8356
7040
7110
7385
7340
6699
7319
7613
7115
7182
7819
7954
7378
7158
7351
6753
8044
7882
7520
6584
7404
7559
7542
7608
7499
7581
7309
7053
7757
7469
7558
7448
7711
7780
7535
6563
7981
7613
7414
8090
8018
7513
7054
7772
7385
8235
8368
7440
7818
7141
7924
7189
7680
7935
6966
8044
7031
7203
7725
7073
8298
7638
7965
7298
7240
8082
8049
7906
7579
7346
7082
7687
7812
7838
8165
7625
6781
7828
7367
7065
7704
7362
7654
7451
8086
7960
7928
7174
7841
7759
7205
7543
7871
7508
7585
7624
7516
7382
7963
7340
7972
7573
7119
7570
7987
7965
8036
7707
8530
7325
7453
7265
7183
7838
8050
7277
8029
6980
7676
7736
7715
7119
7466
7038
7644
8019
7764
7648
7672
8484
7876
7334
7582
8448
7618
7194
8434
7972
8201
7644
8202
7729
7291
7751
7469
7963
7680
8040
7184
7150
8000
7346
7444
7552
7860
7800
8100
7591
7900
7804
8100
7718
7354
6906
7933
7636
7853
7703
8226
7962
7978
7496
8412
7761
7737
7995
7342
8120
7142
7402
7854
7682
7401
7551
7817
7537
7821
7861
8272
7931
7275
7508
8044
7654
7860
8097
7517
8339
7263
8214
7868
8127
7708
7759
7285
7529
8434
7208
7454
8176
7296
8049
7169
8182
7514
7599
7835
8512
8415
8036
8239
7896
7140
7767
8321
7343
7248
8181
8097
7585
8122
7248
8108
7206
7805
8028
7970
8126
7749
7470
7904
8009
8607
7668
7953
7749
7508
7840
8055
8104
7154
7389
7272
7952
7525
8046
7821
7995
7892
9053
8416
7938
7349
8077
8553
7791
8472
7583
8461
6889
8005
8033
7803
7709
8713
7878
8022
8180
7891
7462
7288
7645
7542
8415
8132
7764
7756
7612
8456
8096
8452
7445
7736
7841
8257
8212
8012
8232
8100
7978
7952
7591
8361
7858
7922
8288
7733
8150
7493
8149
8149
6971
8359
7579
7879
7582
8195
7941
7338
7275
8153
7944
7634
7646
7806
7373
7488
7859
7279
8078
7154
8046
7736
7747
8238
7371
8253
7836
7926
8333
7290
8074
8370
7773
7894
7654
7951
7618
8045
8292
7496
8169
8288
8084
8074
8477
8021
8187
8563
7780
8415
8456
7739
8392
7808
8047
7937
8096
8148
8159
8145
8168
8142
7715
7949
7008
7625
8076
7662
8183
8175
7984
8031
8070
8261
8094
8026
7810
7896
8118
7980
7223
8220
8146
7942
8232
8035
8354
7580
8116
8065
8073
7733
8696
7574
7496
8303
7783
7665
7977
7894
8220
7926
8678
8061
8580
7878
8265
8428
8389
7549
8295
8785
8139
8457
7663
8221
7270
7663
7647
8325
8695
8484
7515
8803
8062
7929
8299
8001
7694
7633
7667
8028
8244
9184
8625
7986
7760
8483
8562
7662
8072
8591
8061
8382
7684
8185
7508
8127
8206
8617
8697
8139
8366
8596
8472
7438
7893
8796
8116
8192
7722
7549
8688
8074
8657
8237
8496
8434
7994
8488
8465
8167
8603
7961
8710
7905
8842
8150
8747
8576
8224
8469
7809
8993
7684
7560
8072
8330
9380
8337
8471
8573
8105
8558
8187
8408
8957
7721
8193
8323
8690
8256
8496
8648
7616
8501
8000
8005
7902
7876
8007
7453
8556
8417
8386
7635
8608
8368
8313
8492
7658
7613
8565
8293
8918
8461
8330
8267
8430
8005
7583
7562
7760
8514
7821
8109
7893
7945
7664
8118
8901
8373
8516
7790
8168
8196
7865
7982
7956
8558
8085
7962
8551
7852
8651
7853
8438
7956
8221
8891
8160
7739
8164
7424
8407
8791
8656
8224
8120
8229
8565
8795
7300
8000
8298
8379
8785
7870
8225
7933
8724
8891
9146
8872
7765
8173
7905
8765
7688
7766
8205
8167
7677
8351
8435
8472
8580
8395
8343
8393
8623
8289
7912
8194
8477
8705
8006
8393
8098
8210
8779
8639
8072
8271
8198
7833
9205
8329
7992
7692
8232
7798
8422
8372
7838
8344
8821
8482
8081
8478
8510
8172
8428
8318
8619
8406
8071
8711
8920
8202
7662
8112
7820
8441
8537
8169
8690
7667
7998
8167
8635
8513
7814
7736
8505
8532
8853
8604
8210
8958
8488
9127
7985
8368
7701
8820
7888
8681
8755
8444
7737
8308
8386
8571
8423
8342
8890
8335
8294
7526
8496
8386
8389
8093
7424
8257
8207
8662
8299
8477
8729
8267
8191
8590
8410
8377
9177
8786
7818
8519
8362
7885
8493
8237
8535
8269
8196
8063
8441
8148
8215
8422
8265
8516
8307
9092
8157
8516
9031
8692
9021
8506
9101
7941
8151
7543
8596
8102
8537
8075
8749
8000
8533
8333
8165
8430
7472
8824
8454
7815
8356
8619
8892
8344
8409
8334
9293
8265
8116
8844
8359
8653
8609
8082
8268
8252
8442
8482
8986
8282
8284
8405
8671
9073
8266
8318
8873
8159
7867
9300
8148
8175
7911
9085
8437
8134
7749
8235
8744
8486
7837
8048
8495
8769
8298
9034
9732
8204
8231
8077
8491
7618
8920
8651
8409
8838
8535
8710
8734
8821
7821
8333
8843
8956
9062
8372
7798
7528
7850
8372
8345
7805
8387
8381
8348
8301
8297
8531
8915
7934
8546
8027
8734
8128
8191
8291
7950
8025
8971
8552
8682
7856
7690
8192
8754
8666
7723
8895
8774
8384
8059
8360
9162
8448
7768
8939
7973
9023
7924
8588
8202
8564
8286
8389
8138
7960
8291
8519
8054
8305
8777
8443
8924
8034
8338
8631
8089
8450
7506
8730
8578
8178
8599
7800
8128
8593
7660
8325
8682
8687
8715
8960
8116
9062
7802
8415
7844
8182
7808
8377
8324
8795
8421
8333
8301
8524
8004
8110
8932
8552
8673
9196
8896
7869
8402
7755
9306
8112
8030
8499
8843
8921
8754
8321
7726
8372
8199
8222
8113
8389
8441
8749
7903
8265
8199
8528
8935
8186
8327
8661
8146
9135
7824
8198
7859
7912
7976
8253
9061
8092
8313
9235
7852
8195
7885
8524
8463
8076
8761
8079
8914
7505
8480
8413
8086
9240
8969
8477
8271
8221
8849
8338
8065
8106
8636
8328
7976
8856
8374
8502
8146
8181
8460
8230
8414
7941
8455
8513
8211
9341
8261
8148
8502
8876
8064
8456
8825
8469
8879
8139
8723
8671
8707
8880
9122
8336
8427
8216
8786
8070
9005
8349
8127
8077
7953
7646
8820
8698
8414
7864
8250
8538
8164
8215
8569
8327
8174
8829
8004
8310
8329
8294
8492
9596
8258
8325
7899
8927
8558
8284
9016
7931
8825
8481
8817
8630
8475
8597
7783
8613
7821
8292
8010
7890
8004
8942
8541
8595
8739
8441
8833
8198
9185
8558
8144
9330
8478
8138
8338
8086
7677
8823
8431
8839
9135
8695
8381
8724
8035
9525
8973
8373
8772
8309
8839
8403
8888
8384
8363
8151
8540
8171
8686
8277
8866
8137
8980
8149
8398
8388
9600
8704
8249
9060
9035
7951
8755
8807
8157
8441
8296
8774
7545
8820
8120
9103
8204
8725
8633
7261
8747
8194
8833
8469
8487
8344
8473
8937
8434
8653
8260
8500
8087
9157
8595
8139
9134
8270
8948
8954
8443
9366
8398
8508
7802
8093
9270
8799
8726
8452
7882
8344
8340
8250
7926
8240
8528
8570
8142
8167
9152
8191
9154
8074
8490
8337
8796
8254
8412
8477
8525
8617
9055
8725
8008
8652
8868
9042
8422
8534
8022
8026
8256
8903
8347
7962
8337
8436
8609
8046
8341
8313
8817
8319
8196
8263
8038
8715
9124
8326
8935
9001
8304
8843
8233
8656
8229
8736
8298
8663
8829
8186
8349
8884
8997
8462
7832
8059
8925
8331
7501
8784
8107
9136
9298
8422
8456
8033
8319
9357
9203
8509
8613
8709
8374
8949
9002
8357
7830
8322
8478
7901
8807
8024
8687
8662
8436
7890
8213
8657
8422
8297
8815
8077
9256
7901
8204
8647
8137
8641
8862
8532
9273
8554
9244
8442
8628
8888
7949
8992
8789
9215
8260
9104
7910
8791
8692
9105
9049
8417
8388
8324
8835
8756
8884
8537
8188
8505
8656
8675
7976
8522
9293
8777
8879
8881
8479
8813
8389
8609
8039
8683
8266
9314
8691
8863
8395
8799
8894
8410
8747
9274
8855
8974
9424
8882
7700
8730
9120
8830
8492
9518
8780
8906
8463
8594
8388
7952
8763
9130
8357
8949
9010
8548
8488
8610
8925
8144
8644
8558
9082
8964
8700
8689
8412
9184
8566
8654
9227
8410
9184
8975
8720
8703
8490
7993
9318
8002
8773
8464
9221
9576
8273
8534
8534
8968
8723
8787
8891
8459
8417
8627
9133
8478
8704
8436
8550
8328
8602
8387
8683
8824
8182
9027
8606
8808
8505
9019
8810
9006
8770
8897
8852
8824
8677
8265
8160
8330
9393
8837
8824
7621
7979
8514
9382
8987
8964
8765
8733
7653
7984
8850
8866
9290
8280
9009
8785
8198
8876
8692
8806
8449
8845
8787
8683
8586
8792
8431
8335
8376
9231
8284
8664
8611
9104
9243
8854
9135
9286
8415
8793
9210
9116
9138
8946
8793
8570
8672
8653
8609
8662
8950
9532
9429
8817
8872
8479
9676
8852
8602
8992
9264
8415
8930
8196
8892
8723
9173
8266
9380
8997
8658
8404
9013
8427
8810
8792
8666
9236
8773
8294
8272
9317
9477
8889
8939
8450
8734
9055
8290
8662
8694
9361
8904
9323
9172
8495
9595
9354
8964
8801
9280
8849
9058
8909
8812
8825
8548
8760
8277
8659
8671
8793
9087
9169
8838
8580
8986
8235
9116
9286
9186
9276
9172
8613
9069
8564
8548
8805
9350
9198
8954
8245
9467
8900
9172
8652
8192
9022
8459
8607
8614
8867
9097
8675
9107
9380
8950
9158
8665
8520
9596
9310
9627
9113
9077
8945
9147
9346
8717
8822
8961
9055
8751
9275
9267
8773
8884
9121
9313
8985
8985
8284
8155
8536
8659
8526
8284
8630
9320
8999
9047
8585
8733
9084
9041
9588
8850
9665
9117
9032
8906
8724
9445
8902
8704
8859
9523
8794
8606
9450
9498
9042
9146
8882
8982
8188
9477
8776
9074
8945
8851
8810
8726
9247
9307
9037
9056
9221
9087
8820
9042
9244
9176
8610
8716
8762
8682
8674
9346
9156
9412
8329
9470
8879
9045
9354
9102
9146
9165
8793
9817
9036
9113
9352
8569
9343
8978
8905
8670
9190
8496
9859
8845
8332
9059
8972
8979
9003
9061
9123
8719
8766
9280
9446
8683
8551
8951
8978
8809
9740
9263
8549
8525
8867
9224
9366
8414
8645
9325
9783
7967
9501
8839
9498
9288
9412
9201
9625
9008
9408
8913
9276
9135
9063
9070
8613
10034
9116
8827
9194
9169
9400
9108
9178
9028
9489
9074
8722
9613
9374
8950
9868
9142
8872
9152
8395
8644
8663
9168
8896
8904
9356
9462
9675
9484
8535
9413
8855
8543
9441
9019
9382
9180
9815
9576
8696
9099
9160
8987
9027
9323
9490
8876
8961
9302
8910
9467
9309
9031
8883
9290
9300
8966
9778
8704
9257
8930
9038
9345
9854
9072
9732
9971
8932
9752
9276
8796
9318
9518
9065
9019
9611
9327
8761
9279
9739
9837
9008
9639
9102
9991
8554
9205
9482
9748
9656
9810
9600
8890
8658
9136
9054
9738
9640
8651
9465
9317
9474
10107
9640
9537
9300
9459
9023
9868
9085
9626
9359
9455
8010
9208
9485
9460
9284
8966
9839
9217
9096
9197
9473
9125
8510
9428
9788
9786
9069
9868
9002
9444
9676
9100
9538
9252
9327
9751
9557
9367
9030
10254
9386
8950
9355
10047
9853
9436
9338
9357
9355
9151
9446
8724
9316
8413
9371
8883
9292
9771
8935
10024
9338
10077
9192
9730
10154
9549
9202
9576
9807
9552
9348
9856
9813
9121
10188
9121
8694
9142
9243
9195
9829
9199
9260
9293
9166
9094
8867
9332
9874
10293
8706
10040
8989
9275
9350
9099
10022
9913
9355
9724
9721
9495
9892
9532
9698
9773
9643
9228
9894
9120
9518
10012
8842
9918
9717
10198
10277
10211
10037
9101
8935
9565
9422
10119
9399
9913
9973
9260
9298
9001
9465
9813
9941
9532
10162
9544
9055
9646
9713
10351
9514
9480
10215
9028
10210
9220
10017
9489
9239
10082
10404
9858
8948
9455
9848
9601
9562
9109
9282
9789
9052
10046
9390
10461
9908
9558
10088
8910
9320
9490
9768
9183
10660
9587
10020
9647
9897
10213
9860
10104
9777
8917
9537
10056
9714
9645
10080
10062
9515
9401
10089
10345
9717
9831
9201
9902
9384
9788
9220
9694
9258
9561
9981
10099
9868
9693
10052
9981
9895
9292
9615
9387
9747
9400
9180
10328
10045
9854
9327
9355
9700
9849
10194
10153
9344
9935
9882
9671
10514
10058
9957
9608
9821
9914
10377
9453
10120
9148
9897
9725
9421
9561
9946
10243
9901
9777
10518
10392
9440
10381
9677
9689
10137
10119
9974
10093
10100
10292
10741
10019
9785
10057
9868
9964
10161
10754
9896
10255
10396
9480
10867
10101
10148
9682
10709
10394
10826
9920
10421
10368
10985
10336
10151
10533
10284
9496
10169
10688
9870
10690
9991
9970
10035
10792
11577
10192
10662
9716
10249
10475
10181
9930
10456
10663
10395
10280
9858
10225
9930
9874
10050
10550
10656
10328
10263
10757
10633
11169
10167
10628
9690
10730
10202
10314
10685
10372
10797
9610
10477
9857
10511
10603
10905
10205
10792
10972
10407
10442
10179
10323
9798
10517
10775
9935
10167
10427
10698
11439
10350
10380
10168
10399
10100
10919
10804
10719
10256
10517
11757
10618
10696
10629
10082
10708
10514
10075
10735
10077
10793
10753
10840
11371
10911
11240
11174
10758
10838
10420
11036
10712
10752
10418
10778
10274
10732
10934
10923
10190
10218
11251
11026
11364
11536
10506
11184
10721
11024
10634
10569
10985
11190
10406
10953
10600
10353
11101
11117
10740
10629
11725
11363
11438
11833
10653
11000
11426
11229
11126
11412
10981
11794
11349
11822
10795
10390
11193
12000
11253
11002
11228
11663
11649
11394
11363
10797
11063
11750
11509
11610
12164
11329
11811
11608
11306
11277
11699
11186
11690
11668
11853
11425
11690
10951
11732
10769
11177
11168
11813
11403
10901
11504
11496
11800
11960
11808
11581
12220
10954
11193
11899
11432
11728
12434
11033
12484
11044
11369
11867
12436
11525
11764
11303
12362
12041
12184
12188
12258
11846
12299
11720
11955
11964
12220
12191
12956
12529
12895
12298
12137
12497
12316
11314
12115
12219
12618
12096
12549
12251
12125
12709
12341
12323
13050
12776
12612
12429
13032
12300
12676
11698
12278
12300
12281
13410
12501
12166
12468
13323
12757
12098
13118
12611
12942
11958
12709
13181
13209
12736
12669
12825
12837
12996
12042
12744
12858
12970
12438
12828
13152
13258
12657
13024
13227
13411
13314
13612
13330
12877
13210
14585
12850
13620
13992
12805
13088
13692
13496
13859
12812
13842
13506
12997
12677
13108
12678
13193
14166
13661
13881
13974
13906
13849
14221
13512
13201
14049
13730
14240
13719
14993
14488
14364
13012
14347
14581
14188
14481
14518
14236
14839
14605
14497
14533
14742
14829
14491
15529
14875
14228
14508
15137
14967
14362
14196
14635
14968
15839
15533
15526
15569
14802
15374
14592
15706
15668
15362
14869
15686
15451
16279
15203
15813
15413
15364
14788
15664
15816
15047
15364
15216
15966
15789
15678
15593
16154
16695
16424
16752
16582
15778
16192
16577
16042
16715
17026
16131
17000
16725
16220
16016
16699
16486
17000
16701
16541
17324
17442
16421
16901
16972
16954
16980
17920
17260
17163
17288
17886
17411
17768
17495
17999
18114
17590
17754
17620
17431
18237
17693
17979
18612
18318
18488
18057
18511
18853
18607
18600
18651
18344
18724
18540
18518
19364
18937
18369
19011
18948
19563
19911
19525
19139
20036
19673
19187
19645
19688
19182
19678
19544
18977
20106
20548
19417
20591
20218
20300
20832
20758
21063
20508
22106
20676
21149
20928
20955
22010
21382
21840
20965
21530
20973
21398
22642
22625
21836
22004
21620
22520
22710
22242
22663
21965
22704
21945
21673
21675
22160
22225
22596
22331
22661
23156
23811
23595
22996
23428
23797
23981
23674
24095
24162
23844
24715
24838
23728
24040
24413
24861
24555
24832
25302
24312
25110
25069
24380
25177
24334
25211
24987
25884
25823
25685
26182
26366
25702
26393
26566
26586
26472
26956
27469
27486
27691
27049
26755
28117
27529
27684
28232
27332
27333
27639
27994
28388
28140
28199
29384
28928
29249
28826
29749
29337
29174
30080
29565
28770
29661
29933
30408
30394
30417
30069
30571
30650
30411
30285
31208
31496
31622
31835
32256
31240
31767
31570
32379
32746
31943
32692
33008
32548
32682
34075
33592
34084
33572
34200
33605
34304
34368
34740
33851
35366
34956
35038
35172
34616
34827
35517
35894
36416
36458
37376
37075
36361
36668
36506
36665
36960
37332
37460
37514
38584
37644
38411
38630
38125
38225
38809
38767
38436
39084
39828
40378
39628
39334
40428
41412
40179
40667
40276
41624
41188
41476
41894
42123
42430
42206
42521
43168
42989
42740
42784
42836
42776
44020
43972
42834
44475
44178
44137
43689
44234
44323
44907
45076
45586
45568
45871
46252
46250
46237
46324
46725
47434
46433
46182
47532
47844
47913
47516
47050
47675
48682
48388
48666
49381
49037
49886
50105
49774
50029
50488
51034
50604
50701
51396
52052
51192
50340
51156
51635
50628
52087
51955
52600
53674
52740
52405
52800
53290
53894
53744
53440
54601
54552
54218
55124
54817
55267
54980
55314
55472
56046
55370
57037
56164
56697
57548
56495
57082
57512
56808
58276
57494
57180
57962
58529
58697
58550
59359
59282
59428
58908
59566
60237
60023
60270
60314
60552
59880
59563
60961
61802
60948
61700
61444
61512
61403
63716
62797
62484
62459
63818
63405
63908
63245
63364
64853
63706
63796
64476
64619
64836
65514
64472
64968
65535
65535
65535
65535
65535
65535
65535
65535
65535
65535
65535
65535
65535
65535
65535
65535
65535
65535
65535
65535
65535
65535
65535
65535
65535
65535
65535
65535
65535
65535
65535
65535
65535
65535
65535
65535
65535
65535
65535
65535
65535
65535
65535
65535
65535
65535
65535
65535
65535
65535
65535
65535
65535
65535
65535
65535
65535
65535
65535
65535
65535
65535
65535
65535
65535
65535
65535
65535
65535
65535
65535
65535
65535
65535
65535
65535
65535
65535
65535
65535
65535
65535
65535
65535
65535
65535
65535
65535
65535
65535
65535
65535
65535
65535
65535
65535
65535
65535
65535
65535
65535
65535
65535
65535
65535
65535
65535
65535
65535
65535
65535
65535
65535
65535
65535
65535
65535
65535
65535
65535
65535
65535
65535
65535
65535
65535
65535
65535
65535
65535
65535
65535
65535
65535
65535
65535
65535
65535
65535
65535
65535
65535
65535
65535
65535
65535
65535
65535
65535
65535
65535
65535
65535
65535
65535
65535
65535
65535
65535
65535
65535
65535
65535
65535
65535
65535
65535
65535
65535
65535
65535
65535
65535
65535
65535
65535
65535
65535
65535
65535
65535
65535
65535
65535
65535
65535
65535
65535
65535
65535
65535
65535
65535
65535
65535
65535
65535
65535
65535
65535
65535
65535
65535
65535
65535
65535
65535
65535
65535
65535
65535
65535
65535
65535
65535
65535
65535
65535
65535
65535
65535
65535
65535
65535
65535
65535
65535
65535
65535
65535
65535
65535
65535
65535
65535
65535
65535
65535
65535
65535
65535
65535
65535
65535
65535
65535
65535
65535
65535
65535
65535
65535
65535
65535
65535
65535
65535
65535
65535
65535
65535
65535
65535
65535
65535
65535
65535
65535
65535
65535
65535
65535
65535
65535
65535
65535
65535
65535
65535
65535
65535
65535
65535
65535
65535
65535
65535
65535
65535
65535
65535
65535
65535
65535
65535
65535
65535
65535
65535
65535
65535
65535
65535
65535
65535
65535
65535
65535
65535
65535
65535
65535
65535
65535
65535
65535
65535
65535
65535
65535
65535
65535
65535
65535
65535
65535
65535
65535
65535
65535
65535
65535
65535
65535
65535
65535
65535
65535
65535
65535
65535
65535
65535
65535
65535
65535
65535
65535
65535
65535
65535
65535
65535
65535
65535
65535
65535
65535
65535
65535
65535
65535
65535
65535
65535
65535
65535
65535
65535
65535
65535
65535
65535
65535
65535
65535
65535
65535
65535
65535
65535
65535
65535
65535
65535
65535
65535
65535
65535
65535
65535
65535
65535
65535
65535
65535
65535
65535
65535
64509
65482
64341
64394
65239
63946
64468
63924
64714
64269
64148
63757
62906
63449
63803
63252
62616
63240
62592
61869
62330
61028
62528
60996
60500
61020
61572
60282
60893
60872
59760
60173
60356
58885
58904
59210
59306
59049
58445
58283
57798
57620
57556
57658
58708
57300
56797
56276
56690
56742
55461
56776
56434
56857
56106
55942
56158
55165
55332
55067
53655
53526
53760
53562
53787
53140
53298
51962
52711
52864
52713
51172
51960
52107
51686
51109
51234
51222
49268
50476
49796
48960
49220
48344
48488
49408
49062
48063
48724
48792
48329
48356
47957
48554
48029
47060
46932
45717
43800
43464
43350
43348
43740
43781
44844
44182
43974
45221
44536
44292
44653
44052
44013
43821
42788
42449
42618
42732
41656
41765
42250
41216
41780
41391
41010
40453
40450
39940
39456
39240
40324
39150
39356
38518
38400
38365
39168
38064
37746
37644
37217
36157
37837
36111
36290
36644
35037
35272
36244
35423
35073
33985
34610
34578
34370
34633
33234
33192
34380
34230
32505
32801
33196
32562
32506
31794
31176
31341
32036
30942
30404
31279
31090
30646
29876
29862
30820
29522
29748
28770
29389
28497
29246
28933
28104
28205
28036
27640
26939
27733
27297
27136
27034
27073
26753
25695
25750
25489
25450
25801
26240
25716
25972
24201
24398
24629
24181
24171
24608
24165
24543
23649
23816
23425
22627
23064
23879
22544
21989
23004
22982
21594
22948
22016
21793
21456
21921
21994
21330
20693
20504
21428
21042
20213
19814
20768
20298
20491
20538
19798
19677
19339
18691
18596
18964
20139
18973
19424
18571
18164
18496
17561
18162
18125
18321
17826
17264
18043
17186
17870
17504
17277
18026
16628
17041
16716
15986
16149
16023
15658
16221
16179
16139
15748
16604
16662
15552
15428
15506
16232
15567
15504
14894
15211
14909
14643
14429
15204
15462
15447
14759
14994
14570
15040
13793
15182
14305
14420
13626
14225
13481
14052
13724
13358
14298
13624
14427
13642
14055
13132
14341
13321
13835
12593
12784
13812
13860
12748
13183
12068
13322
12833
13661
13323
13511
12606
13478
12345
12031
12818
12764
12008
11392
12354
12973
12922
12490
12067
12245
12105
12054
12846
11362
12346
11967
12255
11045
11777
11670
11906
11338
11695
11648
11887
11027
11649
11499
11904
11515
11598
