8003
7992
7278
7667
7411
9160
7022
7689
7929
7283
7760
6906
7329
7158
6814
8296
7739
7067
8015
7923
6713
7305
6933
7527
7892
7521
7807
7093
7058
7703
7656
6887
6920
6904
6943
7384
6848
7854
7547
7870
7589
7213
7098
7647
7710
6895
7970
6909
7760
7870
8650
8212
8090
7059
7376
7157
7432
6847
7275
7722
7058
7240
8075
7934
7286
7288
7356
6816
7916
7740
7405
6715
7281
7617
7698
7523
7398
7620
7493
7137
7986
7484
7682
7362
7624
8110
7542
6745
8042
7560
7700
7899
7935
7387
7217
7764
7320
8474
8294
7476
7639
7025
7977
7125
7813
7960
7074
8169
7111
7276
7803
7284
8409
7690
7765
7410
7308
8075
7994
7962
7505
7306
7176
7785
7795
8127
8149
7752
6865
7778
7404
7267
7667
7479
7586
7397
8096
8091
7823
7296
7592
7654
7150
7654
8148
7724
7716
8065
7606
7512
8150
7522
7979
7440
7128
7531
8031
7960
7856
7623
8734
7412
7626
7498
7333
8044
8169
7376
8056
7003
7667
7670
7768
6971
7483
7050
7767
8066
7983
7674
7810
8577
8016
7493
7835
8187
7684
7254
8358
7983
8248
7588
8068
7912
7605
7780
7627
7964
7835
8439
7074
7241
8122
7592
7280
7592
8057
7785
8062
7707
7794
7700
8186
7656
7335
6974
8074
7667
7875
7795
8285
7802
8107
7468
8310
7989
7799
7924
7394
8209
7170
7508
7818
7980
7361
7745
7554
7749
7926
7925
8397
7870
7245
7703
7839
7768
7841
7990
7800
8403
7333
8140
7792
8065
7794
7926
7501
7477
8189
7369
7499
8370
7282
8251
7288
8105
7471
7589
7918
8747
8286
8088
8258
8094
7234
7838
8172
7346
7475
8331
7816
7517
8278
7420
8038
7345
7692
8368
8234
7975
7745
7419
7863
8203
8615
7658
8087
7861
7447
8010
8036
8043
7315
7614
7533
7997
7701
8082
7973
8053
7826
8901
8359
7761
7167
8248
8466
8261
8708
7670
8593
7005
7791
8012
7725
7610
8562
7995
8085
8241
7992
7629
7276
7817
7642
8632
8139
7802
7753
7613
8431
8276
8289
7323
7718
7876
8224
8223
8201
8330
8050
8251
8097
7788
8586
8122
7962
8515
7846
8334
7324
7976
8198
7123
8260
7525
7950
7571
8203
7842
7592
7312
8089
8148
7684
7570
7784
7392
7626
7867
7181
8239
7146
8230
7868
7712
8256
7465
8194
7888
7969
8500
7440
8080
8330
7716
8050
7600
8034
7828
8105
8234
7751
8150
8468
8137
7943
8464
7967
8220
8521
7917
8559
8425
7762
8464
8108
7980
7992
8141
8158
8125
8145
8301
8394
7680
7986
7054
7879
8197
7776
8171
8150
8005
7852
8127
8322
7946
8163
7977
8051
8116
7804
7324
8153
8228
7945
8324
7819
8419
7736
7959
7916
8276
7923
8610
7740
7675
8628
7704
7597
8150
8074
8439
8028
8825
8130
8372
7838
8050
8448
8629
7734
8420
8748
8341
8571
7764
8506
7560
7830
7408
8418
8524
8400
7585
8797
8075
7829
8489
7967
7850
7597
7688
8114
8354
9244
8598
7923
7646
8632
8450
7932
8378
8616
8232
8578
7616
8125
7640
8040
8287
8387
8976
8370
8231
8596
8224
7666
8038
8818
8177
8300
7806
7732
8584
8081
8456
8283
8409
8378
8067
8736
8617
8161
8636
7996
8923
7883
8763
8136
8597
8438
8365
8687
7885
8416
7692
7605
8092
8209
9120
8171
8558
8782
8327
8786
8081
8345
9094
7841
8152
8305
8678
8478
8592
8445
7658
8530
7995
8192
7862
8199
8047
7613
8304
8525
8308
7738
8563
8458
8054
8437
7663
7552
8390
8518
9074
8499
8237
8336
8408
8179
7758
7707
7759
8513
7854
7962
8106
7994
7888
8336
8995
8221
8385
7625
8322
8168
7989
8000
7919
8471
7997
8142
8589
7900
8664
7834
8554
7881
8521
8743
8010
8104
8194
7639
8451
8710
8743
8468
8092
8358
8426
9010
7415
8107
8207
8069
8755
8141
8389
8157
8798
9064
9051
9100
8045
8239
7987
8784
7698
8078
8154
8197
7689
8459
8560
8342
8634
8467
8183
8532
8624
8453
8041
8309
8371
8625
8095
8565
7995
8338
8787
8658
8031
8242
8246
7960
9452
8577
8097
7748
8138
7922
8344
8612
7647
8524
8802
8486
8394
8503
8405
8441
8552
8393
8796
8619
8242
8827
9036
8150
7740
8057
7996
8484
8662
8228
8723
7637
8096
8280
8506
8693
8088
7565
8481
8448
8715
8468
8331
9134
8387
9199
8073
8405
7869
9023
7736
8856
8698
8290
7863
8340
8648
8694
8466
8502
8655
8416
8526
7436
8467
8474
8594
8182
7779
8403
8166
8762
8371
8474
8794
8200
7892
8554
8302
8730
8877
8789
7862
8453
8604
8066
8802
8442
8795
8102
8248
8364
8332
8062
8137
8430
8239
8539
8514
8984
8282
8480
8849
8683
9091
8468
9188
8180
8090
7721
8767
8203
8906
8171
8890
8212
8566
8789
8244
8679
7552
8730
8635
7988
8525
8481
8868
8301
8432
8358
9264
8388
8055
8830
8201
8454
8834
8272
8402
8103
8434
8581
9227
8091
8215
8332
8628
8879
8370
8476
8776
8321
8050
9300
8301
8045
7744
8966
8450
8159
7805
8315
8698
8679
7918
8208
8606
8734
8298
9021
9764
8282
8235
8280
8532
7837
9044
8732
8618
9010
8478
8821
8907
8850
7916
8522
9031
8776
9232
8397
7993
7776
8019
8441
8252
7765
8738
8353
8314
8374
8516
8788
9179
8143
8658
8315
9081
8137
8244
8628
7914
7990
8843
8572
8470
8027
7643
8374
9031
8745
7971
9085
9040
8457
8143
8381
9384
8674
7774
9051
8180
9103
8020
8621
8326
8523
8283
8467
8124
7941
8223
8909
8221
8357
8799
8579
8962
8295
8280
8908
8191
8475
7617
8588
8572
8296
8709
7773
8085
8610
7781
8356
8871
8535
8832
8850
8127
9178
7740
8452
7947
8221
7623
8531
8437
8838
8584
8272
7993
8571
8166
8120
8781
8601
8692
9319
8863
8089
8531
7857
9321
8233
8123
8388
8987
9090
8854
8436
7793
8509
8123
8108
8059
8372
8285
8987
8039
8292
8103
8686
8979
8140
8241
8765
8560
9014
8194
8074
7628
7972
7837
7982
8808
8193
8765
9508
7884
8384
8157
8514
8681
8395
8747
8041
9058
7492
8782
8573
8098
9124
8748
8826
8382
8266
9064
8551
8060
8221
8449
8448
7956
8764
8512
8499
8153
8218
8502
8378
8454
7898
8711
8740
8105
9219
8472
8427
8642
8975
8160
8403
8719
8658
8918
8061
8574
8784
8582
9032
9241
8548
8615
8596
9102
8099
9136
8487
8314
8083
8044
7630
9050
8683
8682
8013
8308
8603
8469
8288
8266
8115
8256
9055
8245
8397
8344
8613
8440
9619
8368
8497
8243
9226
8559
8459
8842
7836
8935
8374
8928
8681
8462
8724
7891
8688
7841
8209
8306
7980
8122
9114
8581
8600
8724
8300
9026
8327
9230
8524
8187
9432
8488
8273
8564
8232
7898
8800
8541
8805
9158
8587
8374
8576
8079
9657
9174
8422
8951
8568
8854
8571
9059
8419
8397
8391
8809
8301
8737
8433
8904
8351
8856
8330
8393
8589
9481
8853
8257
9018
9172
7972
8808
8700
8306
8489
8336
8949
8106
8963
8182
9202
8340
8741
8861
7525
8736
8341
8860
8769
8491
8552
8587
8979
8365
8672
8397
8572
8166
9145
8663
8022
9404
8394
8768
8914
8661
9174
8434
8713
8194
8577
9165
8972
8762
8265
8159
8420
8204
8210
7971
8498
8735
8772
8324
8408
9246
8266
9247
7999
8570
8416
9018
8430
8333
8617
8572
8495
9322
8970
7801
8769
8925
9151
8482
8654
8065
7958
8316
8811
8473
8106
8313
8600
8629
7987
8419
8644
8648
8606
8400
8435
8093
8845
9133
8443
8842
9304
8406
9094
8350
8754
8414
8851
8120
8791
8865
8088
8386
9110
8792
8517
7958
7978
8819
8283
7739
8833
8380
8988
9554
8410
8590
7868
8611
9402
9363
8695
8752
8954
8427
8842
9139
8485
7956
8291
8477
8005
8626
8222
8859
9104
8363
7883
8266
8667
8657
8512
8724
8149
9382
7838
8273
8828
8165
8520
8648
8602
9304
8333
9183
8701
8528
8747
8234
8707
8762
9265
8450
9020
8050
9284
8824
9127
8863
8448
8416
8750
8961
8852
8886
8635
8115
8646
8619
8873
8415
8613
9504
8886
8816
8734
8659
8616
8540
8651
7951
8770
8190
9543
8542
9030
8484
8973
8992
8482
8857
9486
9013
9373
9192
9138
7773
8887
9240
8844
8552
9482
8714
8693
8512
8604
8613
8156
8650
9344
8352
8960
8736
8599
8674
8856
9042
8458
8918
8515
9205
9123
8690
8608
8383
9202
8576
8738
9269
8426
9156
9043
8496
8852
8556
8256
9505
8264
9043
8560
9501
9529
8478
8645
8868
9140
8900
8926
9041
8524
8534
8860
9329
8448
8654
8671
8472
8365
8847
8690
8772
8808
8155
9017
8732
8899
8764
9066
8764
8947
8809
8967
9033
9311
8815
8425
8421
8420
9293
8929
9097
7793
8188
8689
9357
8869
9005
9036
8604
7971
8416
8820
9252
9326
8673
9068
8777
8448
8756
8557
9013
8423
8909
8713
8711
8666
8780
8281
8425
8413
9162
8399
8729
8545
9153
9255
8878
9262
9360
8532
8964
9001
9374
9357
9143
8949
8892
8548
8910
8554
8859
9068
9483
9705
8943
8882
8463
9753
8744
8725
9213
9442
8492
9186
8397
9151
8515
9133
8341
9372
9066
8791
8628
9090
8774
8844
8708
8756
9226
8930
8488
8514
9476
9633
8975
8920
8442
8660
9254
8411
8896
8457
9574
9098
9700
9143
8749
9704
9374
9096
8908
9412
9112
9153
8980
8865
8891
8624
8973
8256
8670
9009
8932
9284
9295
8980
8871
9018
8599
9047
9275
9262
9178
9474
8733
9367
8622
8451
8697
9289
9472
9072
8471
9572
8837
9258
8718
8217
9050
8614
8654
8599
9181
9139
8879
8996
9466
9145
9287
8704
8704
9462
9280
9700
9268
9354
9178
9197
9451
8895
8898
9060
8996
8809
9051
9162
9121
8926
9005
9373
9172
9275
8385
8279
8560
8754
8697
8551
8682
9335
9141
9238
8939
8808
9188
9092
9555
8954
9792
9001
9186
9052
8935
9721
9175
8975
8884
9573
8757
8540
9423
9611
9306
9237
9057
9077
8207
9429
8970
9089
9028
8927
9376
9001
9137
9579
9068
9076
9180
9358
8705
9124
9421
9182
8693
8775
8832
8645
8648
9300
9305
9370
8383
9676
8936
9259
9479
9204
9380
9195
9147
9770
8975
9174
9221
8516
9330
9056
9099
8793
9292
8596
10030
8914
8547
9127
8979
9237
9332
9199
9106
8956
8792
9300
9437
8740
8664
9045
9057
8976
9815
9142
8525
8708
9038
9388
9216
8411
8717
9353
9660
8110
9559
9028
9922
9261
9533
9554
9674
9240
9459
8900
9186
9324
8993
9422
8696
10218
9155
9165
9282
9013
9464
9297
9177
9119
9552
9154
8785
9615
9398
9158
10035
9174
8973
9192
8682
8826
8784
9244
9165
9211
9375
9484
9699
9805
8890
9556
8880
8723
9560
9114
9417
9234
9646
9626
8904
9352
9377
9037
9375
9594
9274
9017
9036
9742
9016
9543
9396
9193
8973
9448
9307
9076
9933
8744
9228
9242
9116
9504
9814
9198
9629
10061
9107
9852
9175
8884
9231
9629
9207
9152
9635
9477
8794
9594
9813
10086
9045
9600
9322
10036
8741
9320
9668
9863
9662
10061
9481
8904
8931
9205
9231
9877
9877
8833
9508
9348
9570
10397
9645
9654
9737
9538
9164
9967
9249
9551
9482
9482
8420
9218
9574
9749
9642
9161
9880
9169
9389
9428
9395
9276
8503
9512
9733
9995
9245
9995
9276
9287
9898
8886
9559
9397
9547
9816
9635
9644
9218
10544
9284
9092
9242
9880
10035
9350
9390
9635
9466
9519
9380
8736
9249
8476
9685
8968
9371
9954
9172
10081
9508
9936
9190
9661
10288
9308
8985
9582
9875
9894
9604
10188
9940
9211
10307
9226
8972
9135
9258
9208
10003
9293
9276
9426
9301
9220
9110
9319
9984
10239
9089
10100
8861
9527
9733
9412
10200
10139
9532
10065
9601
9259
9922
9814
9802
9920
10089
9344
10055
9250
9730
10120
8839
9859
9709
10280
10134
10252
10097
8988
9135
9727
9586
10227
9644
10023
9990
9756
9638
9180
9672
9857
9926
9663
10034
9625
9361
9886
9806
10322
10012
9791
10086
9048
10624
9353
10239
9675
9335
10136
10309
10107
9164
9657
9860
9741
9626
9376
9408
10090
9480
10251
9627
10763
9858
9515
10108
9077
9204
9554
9638
9229
10678
9760
10162
9852
10219
10169
9900
10062
9805
8912
9620
10147
9808
9773
10033
10283
9825
9531
10246
10266
9648
9976
9472
10290
9655
10035
9578
10159
9492
9685
10120
10294
10237
9961
10153
10048
9968
9392
9805
9447
9932
9637
8919
10411
10273
10013
9283
9651
9937
10086
10154
10294
9108
10338
10198
10207
10446
10292
10190
9673
10014
9924
10518
9591
10344
9607
10003
9963
9613
10036
9986
10479
9740
9574
10869
10525
9566
10656
10269
10012
10385
10247
9995
10411
10388
10436
10716
9978
10079
10404
9908
10130
10542
10910
10084
10346
10404
9747
11031
10348
10704
10032
10707
10602
10945
10042
10498
10256
11054
10569
10419
10980
10365
9643
10232
10769
9893
11304
9954
10182
10242
10976
11638
10325
10868
9854
10411
10826
10294
9901
10639
10980
10535
10128
10122
10622
9995
10034
10291
10860
10544
10394
10196
10620
10788
11438
10186
11032
9876
11037
10533
10625
10758
10491
10871
9902
10533
10027
10627
11141
11013
10496
11062
11184
10636
10708
10231
10597
10357
10847
10858
10048
10466
10149
10694
11749
10615
10608
10319
10713
10399
11355
11092
10969
10326
10728
12228
10838
10901
10797
10298
10828
10477
10550
10942
10292
11052
10996
11280
11499
11284
11156
11303
11188
11232
10715
10984
10884
10710
10604
11018
10560
10923
11136
10946
10637
10723
11481
11060
11752
11744
10769
11370
10935
11071
11101
10692
10978
11282
10816
11277
10809
10593
11100
11341
10966
10862
11858
11697
11861
12008
10975
11244
11440
11566
11400
11503
11379
11741
11620
11898
10963
10733
11412
12301
11220
11121
11650
11878
11915
11440
11729
10932
11274
12093
11957
11893
12123
11930
12089
11908
11736
11635
11993
11323
11968
12159
12036
11933
11987
11370
11810
11330
11345
11332
11899
11827
10880
11708
11957
12222
12262
12039
11844
12303
11197
11597
12022
11574
12023
12879
11509
12900
11338
11684
12161
12737
11655
12039
11520
12533
12069
12309
12644
12422
11926
12689
12016
12359
12287
12636
12424
13265
12524
12861
12689
12401
12600
12500
11844
12394
12248
13030
12272
12729
12716
12548
13029
12765
12408
13390
13179
12970
12941
13578
13039
13072
12401
12392
12700
12825
13790
13070
12413
12621
13468
13213
12380
13358
12773
13598
12237
13012
13568
13346
13137
13263
13228
13230
13496
12310
13284
13142
13239
12763
13452
13767
13696
12906
13755
13714
13569
13754
13636
13872
13269
13524
14592
13068
13772
14317
13517
13805
13719
13852
14489
13212
14149
14026
13398
13105
13630
13098
13860
14512
14056
14501
14678
14244
14288
14472
13802
13910
14255
14246
14852
14138
15426
15160
14710
13680
14962
15037
14356
15208
15035
15087
15321
15123
15042
15177
15151
15323
14692
15969
15472
14886
14730
15604
15553
14957
14696
15227
15196
16590
15849
16225
16102
15330
15784
14936
16203
16461
16010
15424
16269
15963
16812
15561
16392
16047
15976
15612
16296
16549
15607
16011
15595
16504
16339
16192
16404
16749
16879
17035
17517
17274
16622
17376
17419
16604
17017
17553
17159
17515
17462
16843
16334
17240
17200
17879
17352
17355
17876
17754
17670
17641
17908
17868
17729
18778
18157
17930
17904
18393
18235
18380
18614
18962
18636
18230
18641
18207
18292
18957
18784
18564
19691
18710
19162
18596
18994
19826
19617
19116
19563
19572
19600
19964
19615
20074
19860
18947
19644
19712
20418
20714
20306
19760
20590
20583
20519
21021
20970
20281
20780
20568
20020
21341
21385
20415
20984
21082
21246
21741
21470
22021
21142
23256
22009
22008
22277
21952
22733
22290
22656
22158
22730
21968
22365
23277
23956
23156
23210
23054
23984
24140
23304
23604
23051
23594
23072
23212
23099
23652
23776
23964
23769
23685
24358
25153
24708
24770
24659
24747
25301
24454
25269
25716
25483
26074
26289
25546
25078
25384
26017
25873
26068
26455
25924
26148
26765
25784
27128
26222
26780
26491
27274
27293
27305
27386
27780
27448
28021
27864
27822
28193
28389
29023
29237
28749
28712
28448
29504
29194
29165
30216
29158
29388
29399
30096
30046
29885
30232
31092
31242
30894
30872
31318
30895
30386
31578
31444
31225
31448
31728
32437
32124
32501
31864
32256
32953
32630
32193
33382
33707
33612
34379
34321
33575
33866
33934
34141
34549
34050
34715
34745
34459
35130
36482
35570
36454
35676
36008
35810
36229
36600
37078
36502
37522
37476
37298
37428
37002
37634
37920
38285
38555
39115
40052
39387
38665
39449
39391
39754
39315
39453
40366
40353
41180
40461
41249
40808
40988
41217
41556
41288
40970
42186
41812
42720
41801
42588
43024
43754
42774
43453
42996
44148
44013
44361
44436
44264
45139
44906
45276
46344
45495
45946
45556
46208
45787
46988
46307
45893
47341
46696
47307
46893
47158
47275
47607
48900
48984
48397
48732
49166
49884
49304
49629
50034
50732
49681
50186
51205
51305
51308
50824
50667
51284
51728
51328
51978
52466
52405
52700
53784
53056
53578
54848
54528
53654
54564
55144
55451
54612
54683
55082
55344
54132
56268
55989
56028
57225
56577
56121
56952
56814
57081
57388
57418
58173
57709
58002
59590
58054
59618
58946
59436
59287
59882
59450
60928
60021
60398
61218
61220
61076
61428
61574
62216
61472
61174
62680
62308
62720
62965
63421
63778
63866
62980
64068
64247
64301
64301
65016
64889
64672
64236
65244
65535
65293
65535
65535
65535
65535
65535
65535
65535
65535
65535
65535
65535
65535
65535
65535
65535
65535
65535
65535
65535
65535
65535
65535
65535
65535
65535
65535
65535
65535
65535
65535
65535
65535
65535
65535
65535
65535
65535
65535
65535
65535
65535
65535
65535
65535
65535
65535
65535
65535
65535
65535
65535
65535
65535
65535
65535
65535
65535
65535
65535
65535
65535
65535
65535
65535
65535
65535
65535
65535
65535
65535
65535
65535
65535
65535
65535
65535
65535
65535
65535
65535
65535
65535
65535
65535
65535
65535
65535
65535
65535
65535
65535
65535
65535
65535
65535
65535
65535
65535
65535
65535
65535
65535
65535
65535
65535
65535
65535
65535
65535
65535
65535
65535
65535
65535
65535
65535
65535
65535
65535
65535
65535
65535
65535
65535
65535
65535
65535
65535
65535
65535
65535
65535
65535
65535
65535
65535
65535
65535
65535
65535
65535
65535
65535
65535
65535
65535
65535
65535
65535
65535
65535
65535
65535
65535
65535
65535
65535
65535
65535
65535
65535
65535
65535
65535
65535
65535
65535
65535
65535
65535
65535
65535
65535
65535
65535
65535
65535
65535
65535
65535
65535
65535
65535
65535
65535
65535
65535
65535
65535
65535
65535
65535
65535
65535
65535
65535
65535
65535
65535
65535
65535
65535
65535
65535
65535
65535
65535
65535
65535
65535
65535
65535
65535
65535
65535
65535
65535
65535
65535
65535
65535
65535
65535
65535
65535
65535
65535
65535
65535
65535
65535
65535
65535
65535
65535
65535
65535
65535
65535
65535
65535
65535
65535
65535
65535
65535
65535
65535
65535
65535
65535
65535
65535
65535
65535
65535
65535
65535
65535
65535
65535
65535
65535
65535
65535
65535
65535
65535
65535
65535
65535
65535
65535
65535
65535
65535
65535
65535
65535
65535
65535
65535
65535
65535
65535
65535
65535
65535
65535
65535
65535
65535
65535
65535
65535
65535
65535
65535
65535
65535
65535
65535
65535
65535
65535
65535
65535
65535
65535
65535
65535
65535
65535
65535
65535
65535
65535
65535
65535
65535
65535
65535
65535
65535
65535
65535
65535
65535
65535
65535
65535
65535
65535
65535
65535
65535
65535
65535
65535
65535
65535
65535
65535
65535
65535
65535
65535
65535
65535
65535
65535
65535
65535
65535
65535
65535
65535
65535
65535
65535
65535
65535
65535
65535
65535
65535
65535
65535
65535
65535
65535
65535
65535
65535
65535
65535
65535
65535
65535
65535
65535
65535
65535
65535
65535
65535
65535
65535
65535
65535
65535
65535
65535
65535
65535
65535
65535
65535
65535
65535
65535
65535
65535
65535
65535
65535
65535
65535
65535
65535
65535
65535
65535
65535
65535
65535
65535
65535
65535
65535
65535
65535
65535
65535
65535
65535
65535
65535
65535
65535
65535
65535
65535
65535
65535
65535
65535
65535
65535
65535
65535
65535
65535
65535
65535
65535
65146
65535
64282
65430
65535
63866
64788
65324
63146
63210
63536
63578
63722
63561
62612
62297
62410
61984
62300
62454
61416
61232
60888
60884
61018
60440
60522
61012
60505
61028
59602
60774
59109
59621
58454
58073
57626
57940
57988
57576
57211
57706
56016
56482
57156
56748
55351
55658
55794
55408
55284
55210
55052
53418
54293
53865
52500
53504
51831
52370
53195
52369
52044
51959
52324
51344
51613
51414
51904
51216
50100
50186
49323
47520
46178
47020
46644
46490
46992
48330
47380
47380
48613
48242
47564
47691
47193
47412
47081
45917
45627
44948
45684
45037
44791
44909
44731
44828
43844
44010
43746
43812
42460
42664
42667
43056
42461
42592
41540
41508
41113
41521
40862
40597
39858
39212
38618
40385
38344
39400
39007
38090
38122
38489
37814
37692
36637
37172
37186
36294
36767
35400
35718
36984
36452
34774
35108
35356
35229
34266
33764
33545
33323
33867
33097
32188
33156
33078
33032
32075
32009
33040
32102
31653
30848
30866
31028
30976
30516
30443
29880
29849
29780
28593
28849
29034
28858
29026
28566
29208
27119
27230
27256
27129
27627
27936
27242
27820
26051
25856
26439
25513
25576
25928
25156
25565
25031
25359
25224
24489
24936
25386
23556
23657
24186
24236
22872
24390
23333
22874
22757
22724
23151
22301
21853
21568
22346
22198
21326
20769
21600
21291
21604
21701
20874
20844
20567
19654
19601
19938
20685
19772
20326
19035
19115
19249
18660
18852
19204
19041
18810
18769
18864
18255
18806
18232
17806
19030
17484
17808
17608
17053
17107
17093
16628
17017
16400
16327
16383
17493
17672
16148
16076
16169
16708
16278
15956
15516
16106
15872
14891
15232
15937
16197
16152
15560
15338
15028
15573
14633
15668
14838
15016
14517
14856
14128
14834
14283
14496
14756
13963
15012
14220
14617
13540
14781
13961
14354
13317
13394
14615
14228
13189
13888
12651
13687
13298
14197
13636
13860
13038
13877
13094
12469
13320
13157
12701
11871
12996
13336
13086
13095
12809
12650
12459
12475
13561
11477
12673
12302
12606
11197
12389
11925
12526
11839
12273
11902
12381
11727
12186
12016
12546
11953
11936
