8204
8228
7717
8271
7759
9469
7512
8031
8247
7752
8119
7357
7566
7495
7212
8574
8491
7493
8411
8166
7164
8283
7265
7867
8250
7872
8208
7677
7642
8237
8295
7520
7261
7411
7429
7843
7261
8306
7720
8448
7892
7667
7609
7850
8150
7152
8453
7611
8222
8235
9216
8418
8649
7593
7612
7641
7857
7147
7761
8253
7603
7618
8357
8394
7595
7730
7722
7127
8348
8115
8015
7191
7804
8098
8013
7991
7736
8000
7750
7489
8527
7976
8082
7821
8236
8215
8003
7215
8461
8175
8106
8558
8256
8204
7498
8273
7803
8939
8855
7905
8302
7569
8186
7703
8135
8181
7401
8590
7492
7653
8216
7623
8663
7915
8035
7707
7931
8402
8439
8597
8136
7646
7467
8147
8262
8454
8466
8276
7315
8355
7835
7766
8308
7964
8098
7793
8535
8536
8356
7820
8260
8081
7547
8011
8571
8059
8328
8550
7783
7884
8541
7980
8600
8237
7572
8045
8214
8450
8401
8081
9204
7925
7961
8055
7868
8442
8610
7687
8547
7591
8214
8270
8266
7604
7923
7541
8150
8530
8539
8306
8016
8984
8431
8052
8281
8913
8407
7723
8776
8463
8658
8214
8693
8153
7924
8425
8014
8316
8185
8989
7589
7749
8581
8083
7908
8042
8414
8383
8476
8250
8349
8400
8762
8312
7917
7556
8313
8245
8346
8300
8894
8544
8549
7826
8968
8293
8373
8316
7894
8833
7604
7824
8408
8482
7885
8113
8424
8148
8562
8516
8869
8490
7874
8298
8473
8304
8546
8464
8135
9011
7821
8694
8505
8787
8307
8204
8091
8081
8841
8195
8055
8773
7980
8635
7898
8638
7833
8197
8439
9292
8894
8663
8744
8624
7649
8656
8864
8179
7885
8920
8450
8019
8748
7859
8514
7916
8476
8641
8689
8575
8287
7867
8640
8420
9148
8187
8419
8440
8044
8571
8350
8861
7640
8178
7860
8397
8203
8340
8652
8797
8278
9444
9012
8468
8051
8618
9073
8619
8970
8170
9266
7577
8564
8716
8375
8241
9081
8647
8735
9001
8492
8301
7801
8260
8142
8987
8571
8437
8208
8256
9153
8649
8798
8026
8470
8355
8763
8680
8715
8774
8572
8677
8678
8200
8889
8594
8433
9211
8244
8889
7973
8730
8907
7637
8773
8093
8366
8073
8738
8476
7908
7998
8840
8502
8185
8284
8217
7976
8108
8603
7641
8847
7766
8694
8386
8520
8638
7779
8797
8411
8474
8923
7956
8558
9026
8119
8450
8147
8468
8351
8841
8930
8246
8733
8689
8578
8690
8966
8531
8622
9106
8536
8985
8948
8411
8891
8613
8634
8713
8769
8554
8650
8634
8943
8808
8310
8769
7787
8368
8736
8163
8661
8658
8479
8397
8689
8841
8684
8526
8512
8464
8705
8381
7904
8879
8812
8616
8889
8452
8907
8269
8381
8393
8877
8345
9426
8444
8150
9074
8349
8260
8580
8603
8888
8694
9333
8811
8923
8224
8640
8704
8996
8152
9118
9336
9002
9182
8302
8881
7821
8250
8062
8960
9381
9108
8093
9492
8619
8449
8938
8752
8503
8166
8071
8752
8902
9884
9023
8426
8280
9147
8896
8463
8783
9064
8687
9053
8194
8589
8010
8558
8668
8795
9298
8855
9059
9206
9010
7985
8814
9422
8882
8750
8580
8214
9204
8739
9167
8954
9220
9151
8767
8984
9342
8620
9311
8444
9157
8436
9344
8710
9148
9080
9161
9480
8157
9186
8372
8147
8610
9040
9898
8779
9044
9226
8634
9436
8886
8877
9755
8440
8764
8952
9360
9043
9176
9354
8192
9095
8632
8608
8340
8844
8683
8131
9195
9225
8970
8299
9285
9099
8717
9242
8383
8017
8861
8850
9624
9086
8948
9091
8948
8641
8328
8134
8141
9086
8515
8718
8640
8540
8399
8740
9484
8772
8953
8407
8763
8836
8525
8549
8622
9031
8690
8715
9154
8210
9160
8667
9308
8520
8910
9497
8504
8520
8793
7884
8857
9409
9224
9140
8636
8893
8920
9506
7877
8767
8834
8911
9486
8495
8816
8424
9330
9433
9870
9436
8594
8700
8604
9356
8265
8478
8841
8632
8173
9357
8958
8708
9333
8930
8481
9086
9024
8889
8719
8836
9142
9110
8708
9102
8894
8823
9346
9317
8556
8699
8777
8412
9830
8981
8562
8280
8553
8618
9015
9174
8118
9018
9191
8982
8509
9087
9027
8862
9074
8804
9294
9213
8624
9317
9680
8727
8314
8671
8421
8818
9323
8800
9241
8491
8771
8885
9274
9057
8852
8169
9155
9098
9600
9201
8897
9499
9090
9834
8712
8948
8475
9508
8401
9412
9061
9072
8398
8921
9117
9340
8970
8893
9348
8979
9031
8280
8978
9008
9057
8604
8337
8856
8768
9293
8906
9116
9388
8889
8666
9017
8833
9189
9776
9337
8604
8963
9214
8346
9234
8818
9195
8774
8957
8804
9168
8471
8791
9160
8734
9165
8799
9728
8964
9170
9632
9474
9649
9118
9773
8497
8837
8280
9051
8825
9224
8871
9700
8694
9082
8950
8693
9154
7878
9254
9253
8525
8950
8908
9422
8962
8936
8912
9981
8906
8548
9360
8965
9226
9205
8709
8909
8905
8997
9036
9644
8568
8932
9005
9073
9569
8909
9188
9412
8678
8436
9878
8816
8798
8323
9653
9069
8776
8407
8857
9352
9247
8489
8661
8992
8991
9150
9600
10214
8741
8862
8967
9058
8376
9588
9306
9214
9570
8848
9424
9322
9520
8456
8950
9497
9598
9763
8895
8276
8507
8660
9021
8838
8365
9301
9154
8845
9154
8972
9263
9414
8504
8978
8821
9304
8623
8820
9017
8489
8671
9645
9260
9262
8441
8135
8921
9563
9222
8534
9392
9161
9199
8686
8811
9894
9056
8329
9400
8585
9636
8429
9278
8926
9087
8838
8740
8602
8823
8859
9342
8779
8941
9474
9230
9668
9021
8911
9248
8886
8941
8125
9320
9150
9011
9044
8297
8728
9452
8445
8881
9400
9078
9390
9598
8704
9610
8359
9085
8479
8883
8411
9146
8837
9244
9143
9112
8881
9244
8666
8582
9535
9162
9429
9889
9348
8477
8874
8547
10024
8827
8524
9024
9352
9601
9560
9185
8407
8977
8862
9112
8710
8886
8933
9353
8467
8830
8762
9204
9472
8650
8874
9220
9050
9525
8574
8680
8225
8624
8214
8842
9579
8530
9038
10009
8360
8769
8490
9048
9199
9005
9527
8838
9518
8268
9305
9122
8618
9888
9319
9300
9207
8985
9533
8980
8718
8846
9369
9133
8340
9440
9097
9068
8693
8693
8922
9042
8835
8266
9052
9211
8683
10090
8621
8798
9112
9581
8657
9288
9630
9238
9459
8853
9261
9436
9342
9536
9612
9142
9066
8898
9532
8800
9630
9141
8668
8791
8728
8006
9617
9087
9134
8592
8985
9348
8730
8750
9165
8985
8605
9295
8683
8880
9041
8958
9068
10229
8727
9097
8842
9792
9094
9087
9711
8672
9501
8956
9317
8994
9068
9299
8397
8905
8569
8762
8686
8502
8693
9482
9307
9194
9251
8977
9832
8784
9686
8879
8693
10037
8974
8917
9030
8974
8415
9434
9034
9627
9749
9530
9068
9210
8984
10028
9473
8888
9431
9066
9427
8867
9547
8914
8925
8802
9163
8780
9231
9071
9624
9119
9583
8794
9089
9257
9884
9366
8688
9643
9593
8685
9315
9357
8939
9060
8984
9556
8331
9531
8718
9742
8835
9422
9346
7916
9399
8887
9589
9266
9068
9153
9201
9457
9025
9228
8829
9141
8626
9807
9145
8868
10032
8818
9376
9350
9247
9932
9112
9272
8612
8918
9909
9540
9361
9080
8674
8923
8952
8663
8763
9197
9358
9312
8981
9064
9952
9077
9680
8693
9198
9185
9559
8943
9185
9336
9062
9382
9906
9322
8669
9200
9477
9814
8957
9453
8781
8428
8916
9474
9030
8698
8987
9235
9288
8705
8997
8969
9142
9162
9004
9088
8618
9474
9468
8945
9480
9847
9125
9684
8914
9455
8774
9425
8878
9394
9602
8882
9035
9875
9541
9061
8641
8847
9464
8811
8324
9239
9066
9771
9964
9389
9199
8430
9124
10127
9810
9157
9190
9413
9113
9360
9353
9197
8666
9083
8978
8886
9615
8898
9519
9563
9148
8790
8791
9302
9162
8979
9457
8847
9867
8617
8914
9304
8886
8984
9438
9452
9909
9207
9796
9231
9260
9427
8698
9321
9610
10088
8929
9646
8666
9933
9468
9768
9558
9231
9139
9294
9266
9454
9485
9260
8821
9060
9353
9417
9068
9052
10045
9622
9730
9304
9427
9334
9425
9137
8686
9047
8934
10329
9268
9349
9185
9653
9991
8806
9463
9971
9580
9906
10135
9725
8375
9738
9898
9348
8989
10196
9466
9743
9117
9199
9241
8872
9445
9738
8911
9671
9604
9046
9302
9339
9833
8942
9409
9150
9789
9752
9443
8981
9085
9835
9403
9160
9472
9031
9788
9548
9368
9437
9024
8797
9935
8674
9676
8964
10324
10520
9122
9248
9414
9643
9417
9539
9651
9118
8972
9511
10052
9147
9524
9162
9364
8936
9443
9424
9404
9521
8889
9868
9527
9363
9276
9761
9650
9739
9386
9532
9700
9975
9485
9010
9082
8960
10171
9401
9506
8532
8818
9068
10100
9654
9522
9506
9357
8687
8847
9520
9972
9846
9246
9810
9480
9122
9435
9334
9639
9021
9590
9344
9383
9357
9492
8986
8887
9161
9877
9086
9430
9351
9892
9821
9615
10039
9968
9020
9651
9873
10123
10340
9679
9673
9497
9162
9514
9246
9441
9399
10220
10218
9534
9616
9019
10286
9354
9278
9761
10040
9294
9832
9035
9839
9313
9773
8916
9909
9818
9321
9179
9910
9077
9517
9580
9203
9913
9544
9225
9018
10246
10207
9509
9697
9450
9407
10004
9153
9303
9229
9985
9737
10077
9850
9365
10290
10138
9716
9482
10044
9707
10058
9582
9813
9680
9444
9673
9047
9378
9540
9685
9908
9894
9653
9600
9656
9194
9689
9947
9822
10011
10008
9367
9911
9452
9135
9310
9953
9945
9631
9129
10189
9505
9981
9288
9111
9891
9146
9378
9297
9904
9901
9563
9866
10241
9684
10066
9443
9274
10077
9872
10479
9864
9701
9801
9869
10270
9507
9463
9738
9732
9545
10024
9963
9661
9659
9844
10005
9590
9894
9318
9061
9139
9554
9360
8989
9546
9974
9737
9949
9465
9577
9924
10054
10027
9664
10339
9622
10046
9897
9461
10293
9425
9545
9695
10332
9704
9275
10174
10085
9847
9845
9873
9732
9123
10101
9336
9629
9742
9590
9940
9549
9946
10150
9752
9768
9845
10006
9607
9908
10178
9937
9367
9205
9637
9487
9299
9974
9959
10090
8989
10329
9548
9761
9960
10053
9912
10062
9709
10581
9794
9916
9972
9337
9947
9842
9648
9512
9894
9266
10612
9800
9444
9627
9698
9973
10069
9922
9646
9539
9427
9994
10033
9509
9348
9788
9621
9486
10589
9941
9318
9336
9424
10005
10173
9284
9414
10202
10465
8841
10282
9516
10442
10058
10269
10063
10421
9750
10144
9455
10030
9961
9484
9734
9344
11096
9867
9597
10008
9904
10094
10153
9938
9852
10249
9955
9305
10368
10273
9727
10732
9938
9664
9896
9439
9288
9545
9791
9802
9830
9897
10254
10574
10406
9528
10312
9966
9646
10277
9772
10376
10004
10355
10303
9495
9914
10166
9656
9887
10234
10138
9803
9788
10425
9674
10228
10034
9934
9546
10021
10218
9903
10664
9784
9969
9877
9836
10170
10653
9803
10517
10752
9577
10697
9934
9830
10074
10246
9894
9825
10411
10117
9337
10113
10370
10836
9940
10276
10121
10774
9443
10116
10441
10638
10424
10750
10103
9688
9748
10068
9855
10670
10630
9394
10478
10069
10382
11061
10358
10458
10188
10237
9907
10400
9968
10496
10268
10420
8976
9817
10171
10510
10314
9866
10717
10026
10054
10013
10236
9908
9245
10099
10215
10702
10082
10770
10158
9974
10600
9981
10352
10090
10265
10604
10219
10291
9721
11145
10267
9804
10228
10503
10874
10278
10024
10241
10280
10218
10165
9524
10180
9570
10339
9662
10229
10722
9816
10694
10134
10978
9767
10301
10955
10050
9877
10352
10729
10426
10289
10748
10709
10250
10985
10074
9732
9833
10089
9789
10634
10150
10118
10068
10061
10147
10058
10148
10682
11098
9722
11059
9807
10068
10468
10049
10713
10944
10236
10871
10474
10284
10692
10507
10542
10774
10742
10284
10992
10450
10239
11184
9690
10660
10722
11037
11218
10962
10880
9874
9886
10439
10314
11003
10496
10898
10562
10242
10436
10223
10284
10862
10582
10498
10849
10235
10149
10696
10695
11134
10786
10413
10964
10038
11434
10069
11030
10401
9915
11112
11278
10787
10053
10191
10917
10518
10614
10161
10377
10937
10365
10946
10259
11721
10662
10408
10892
9728
10119
10498
10746
10112
11580
10790
10863
10496
10984
11027
10758
10921
10675
9858
10645
10661
10573
11069
10812
10890
10425
10379
11196
11290
10643
10742
10421
10811
10280
10674
10621
10624
10481
10646
10913
11174
11072
10624
10810
10923
10902
10164
10536
10226
10689
10497
9923
11436
11193
10911
10438
10537
10554
10977
10963
11002
10355
11176
11066
10682
11348
10804
10799
10532
11056
10843
11689
10300
11383
10634
11289
10733
10527
10618
10723
11039
10713
10557
11461
11411
10517
11523
10827
10726
11203
11436
11026
11316
11270
11213
11476
10872
10938
11358
10905
10853
11314
11795
11189
11301
11283
10978
11755
11488
11382
10719
12080
11546
11968
10971
11522
11249
12133
11421
11520
11787
11368
10702
11085
11990
11144
11810
10942
11109
11135
11754
12698
10971
11844
10825
11419
11759
11446
10821
11273
11856
11455
11222
11202
11520
11048
10808
11128
11710
11676
11328
11100
11798
11557
12392
11363
11882
10808
11649
11496
11615
11936
11402
12050
10676
11276
11047
11751
11920
12087
11529
11850
12374
11703
11605
11475
11741
11155
11963
11940
11111
11460
11405
11993
12566
11719
11564
11464
11686
11339
12397
12342
12050
11229
11843
12994
11880
11930
12011
11128
11931
11603
11443
11805
11485
12087
11910
12040
12608
12129
12276
12436
12287
12283
11890
12289
12073
11910
11606
11979
11876
12042
12165
12128
11842
11826
12622
12266
12818
12646
11626
12484
12091
12326
12097
11940
12457
12387
11874
12537
11897
11814
12485
12537
12211
12109
13221
13008
12681
13016
11980
12187
12672
12680
12475
12716
12404
13019
12696
12954
12423
11876
12780
13343
12489
12638
12972
13086
13241
12680
12940
12481
12477
13095
12974
13163
13540
13100
13057
13185
12913
12644
13103
12667
13112
13081
13462
13083
12999
12445
13352
12511
12538
12576
13266
13192
12556
13156
13362
13516
13554
13380
13292
13470
12587
12805
13345
12837
13173
13830
12849
13998
12948
12946
13732
14269
13194
13342
13024
13831
13487
13768
14185
14226
13668
14058
13524
13580
13700
14286
13658
14633
14231
14331
14070
13773
14397
14148
13085
14277
13859
14464
13835
14146
13974
13954
14484
14118
14073
14866
14950
14640
14626
15470
14444
14691
13901
14012
14247
14520
15169
14357
14116
14314
15231
14905
13878
15188
14620
15231
14179
14593
14884
15126
15076
14775
15008
14989
15091
14057
14930
14914
15031
14570
15287
15348
15234
14594
15145
15218
15448
15420
15538
15584
14950
15316
16880
14877
15745
16280
14910
15367
15866
15884
16101
15164
16148
15969
15253
15085
15503
14818
15691
16349
16053
16270
16648
16278
16293
16376
15721
15840
16277
16185
17165
16347
17335
17153
17077
15777
17049
16966
16732
17352
17142
17140
17126
17290
17358
17103
17428
17628
16960
18324
17848
17125
17176
17750
17785
17290
17148
17549
17767
18489
18146
18506
18428
17822
18296
16836
18445
18346
18134
17458
18577
18218
18950
17856
18692
18590
18313
17897
18741
19175
18147
18370
18204
19008
19290
18898
18848
19520
19560
19520
20068
19792
19053
19628
20018
19610
20189
20502
19762
20443
20058
19730
19595
20017
19787
20544
20204
20193
21066
21088
20516
20445
20580
20387
20459
21282
20679
21110
20588
21718
21117
21484
21418
21905
22190
21277
21872
21572
21605
22071
22003
21652
22670
22061
22425
22348
22116
22744
22988
22530
22669
22468
22876
23222
23023
23702
23145
22642
23037
23396
23773
24136
23882
23186
24375
24029
23738
24347
24096
23620
24354
24283
23418
24700
25131
24628
25104
24772
25073
25657
24960
25524
25054
26466
25920
25757
26154
25618
26958
26156
26674
26285
26910
25899
26564
27948
28066
27458
27560
27172
27735
28235
27548
28041
27456
28202
27670
27375
27332
28185
28537
28379
28124
27940
28956
29912
29630
28836
29328
29324
29658
29330
29816
30211
29841
31110
31048
29863
29724
30488
30788
30876
31243
31334
30964
31440
31640
31261
31896
30554
31836
31213
32348
32425
32188
32776
32643
32651
33417
33238
33580
33060
33484
34490
34502
34530
34517
34440
35528
34859
35092
35941
34838
34788
35237
35775
36113
35652
36276
36806
36558
37291
37018
37295
37039
37056
38060
37620
37229
37689
38077
38823
38603
39300
38621
39018
39517
39215
39168
40118
40004
40091
40672
41080
40040
40403
40874
41391
41435
40641
41725
41751
41549
42061
43307
42852
43442
43216
43524
43112
43540
44192
44266
44085
44820
45216
45128
45295
44820
45269
45741
46000
46021
46512
48261
47488
46565
47738
47434
47403
47963
48090
48124
48553
49458
48443
49419
49544
50004
49424
50269
50468
49756
51034
51348
52009
50984
51642
51818
52916
51861
52457
52567
53432
53136
53412
54048
54148
54154
54187
55099
55641
55162
55178
55688
56052
55705
56960
56709
56278
57450
57325
57641
57380
57321
57118
58400
58605
59348
59415
59260
60534
60367
60570
60232
61009
61744
60460
60388
61704
62338
62528
62520
61542
62080
62666
62856
63780
64000
63923
64317
65535
64649
65293
65535
65535
65252
65535
65535
65535
65535
65535
65535
65535
65535
65535
65535
65535
65535
65535
65535
65535
65535
65535
65535
65535
65535
65535
65535
65535
65535
65535
65535
65535
65535
65535
65535
65535
65535
65535
65535
65535
65535
65535
65535
65535
65535
65535
65535
65535
65535
65535
65535
65535
65535
65535
65535
65535
65535
65535
65535
65535
65535
65535
65535
65535
65535
65535
65535
65535
65535
65535
65535
65535
65535
65535
65535
65535
65535
65535
65535
65535
65535
65535
65535
65535
65535
65535
65535
65535
65535
65535
65535
65535
65535
65535
65535
65535
65535
65535
65535
65535
65535
65535
65535
65535
65535
65535
65535
65535
65535
65535
65535
65535
65535
65535
65535
65535
65535
65535
65535
65535
65535
65535
65535
65535
65535
65535
65535
65535
65535
65535
65535
65535
65535
65535
65535
65535
65535
65535
65535
65535
65535
65535
65535
65535
65535
65535
65535
65535
65535
65535
65535
65535
65535
65535
65535
65535
65535
65535
65535
65535
65535
65535
65535
65535
65535
65535
65535
65535
65535
65535
65535
65535
65535
65535
65535
65535
65535
65535
65535
65535
65535
65535
65535
65535
65535
65535
65535
65535
65535
65535
65535
65535
65535
65535
65535
65535
65535
65535
65535
65535
65535
65535
65535
65535
65535
65535
65535
65535
65535
65535
65535
65535
65535
65535
65535
65535
65535
65535
65535
65535
65535
65535
65535
65535
65535
65535
65535
65535
65535
65535
65535
65535
65535
65535
65535
65535
65535
65535
65535
65535
65535
65535
65535
65535
65535
65535
65535
65535
65535
65535
65535
65535
65535
65535
65535
65535
65535
65535
65535
65535
65535
65535
65535
65535
65535
65535
65535
65535
65535
65535
65535
65535
65535
65535
65535
65535
65535
65535
65535
65535
65535
65535
65535
65535
65535
65535
65535
65535
65535
65535
65535
65535
65535
65535
65535
65535
65535
65535
65535
65535
65535
65535
65535
65535
65535
65535
65535
65535
65535
65535
65535
65535
65535
65535
65535
65535
65535
65535
65535
65535
65535
65535
65535
65535
65535
65535
65535
65535
65535
65535
65535
65535
65535
65535
65535
65535
65535
65535
65535
65535
65535
65535
65535
65535
65535
65535
65535
65535
65535
65535
65535
65535
65535
65535
65535
65535
65535
65535
65535
65535
65535
65535
65535
65535
65535
65535
65535
65535
65535
65535
65535
65535
65535
65535
65535
65535
65535
65535
65535
65535
65535
65535
65535
65535
65535
65535
65535
65535
65535
65535
65535
65535
65535
65535
65535
65535
65535
65535
65535
65535
65535
65535
65535
65535
65535
65535
65535
65535
65535
65535
65535
65535
65535
65535
65535
65535
65535
65535
65535
65535
65535
65535
65535
65535
65535
65535
65535
65535
65535
65535
65535
65535
65535
65535
65535
65535
65535
65535
65535
65535
65535
65535
65535
65535
65535
65535
65535
65535
65535
65535
65535
65535
65535
65535
65535
65535
65535
65535
65535
65535
65535
65535
65535
65535
65535
65535
65535
65535
65535
65535
65535
65535
65535
65535
65535
65535
65535
65535
65535
65535
65535
65535
65535
65535
65535
65535
65535
65535
65535
65535
65535
65535
65535
65535
65535
65535
65535
65535
65535
65535
65535
65535
65535
65535
65535
65535
65535
65535
65535
65535
65535
65535
65535
65535
65535
65535
65535
65535
65535
65535
65535
65535
65535
65535
65535
65535
65535
65535
65535
65535
65535
65535
65535
65535
65535
65535
65535
65535
65535
65535
65535
65535
65535
65535
65535
65535
65535
65535
65535
65535
65535
65535
65535
65535
65535
65535
65535
65535
65535
65535
65535
65535
65535
65535
65416
65535
65535
64261
64957
63012
64262
64768
64537
62922
63648
63552
62447
63168
62676
63444
63012
61302
61492
60358
58532
56473
56490
56534
56784
57316
57920
58069
57864
58596
57677
57736
57732
57376
57113
57082
55668
55352
54552
55005
54445
53739
54136
54043
54380
53285
52956
53028
52688
51978
51640
51492
51717
50688
51130
49892
50285
50228
50306
49485
49055
48138
47780
46781
48093
47100
47130
46666
45803
45878
46523
45293
45124
44375
44827
44404
44229
44013
43706
43128
44871
43243
42216
42380
42260
41753
41492
40923
39756
39764
40525
39373
38996
40357
39475
38772
38308
38321
38825
37779
37986
37204
37428
36864
37083
36290
36011
36123
35528
35831
34490
34860
34517
34122
34370
33615
34034
32870
32896
32806
32307
32756
33159
32692
32876
30732
30368
30942
30494
30543
30414
30136
30388
29770
29955
29642
28718
28829
29753
28209
28061
28504
28430
27081
27972
27398
27276
26942
26752
27349
26277
25652
25733
25905
25877
25331
24545
25621
25114
25182
25147
24278
24341
23844
23597
23040
23282
24456
22918
23820
22382
22717
22656
21674
22314
22381
22361
22300
21786
21738
21049
21774
21384
21046
21838
20420
20582
20296
19575
19750
19664
19035
19817
19360
19335
19316
20188
20024
18644
18801
18870
19656
18752
18455
17890
18762
18351
17467
17692
17980
18405
18361
17998
17549
17648
18028
16651
17894
17044
17486
16788
17071
16282
16750
16349
16446
16850
15977
17147
16568
16947
15688
16710
15984
16299
15130
15170
16054
16311
15151
15723
14388
15764
15189
15910
15645
15500
15066
15646
14524
14459
14900
15003
14382
13894
14443
15355
15172
14884
14482
14390
14372
14518
15137
13386
14474
13933
14213
12844
13829
13983
14065
13180
13573
13326
13742
13213
13702
13705
13878
13581
13538
