8940
8858
8212
8577
8282
9991
8180
8704
8721
8253
8538
7765
8348
7995
7777
9091
9004
8057
8822
9002
7682
8541
7728
8324
9144
8474
8799
8261
8106
8658
8685
7813
7978
7854
7914
8508
8093
8649
8305
8954
8659
8328
8206
8672
8780
7982
9205
8109
8707
8737
9753
9078
8957
7978
8173
8296
8449
7723
8270
8808
7986
8145
9043
9069
8179
8165
8283
7735
9000
8825
8563
7791
8298
8522
8853
8709
8274
8487
8415
8269
8923
8412
8670
8331
8625
8746
8539
7898
9028
8501
8722
9342
9023
8584
8117
8833
8485
9402
9354
8512
9041
8272
9028
8331
8739
8974
8193
9193
8285
8448
8620
8225
9458
8634
8861
8216
8479
9203
9204
9044
8909
8485
8303
9107
8969
9125
9318
9060
8121
8951
8563
8234
9043
8598
8932
8617
9397
9186
9042
8485
8858
8727
8332
8753
9229
8820
8790
8956
8730
8537
9243
8523
9298
8761
8032
8792
9154
9111
9197
8948
9821
8762
8748
8819
8637
9020
9119
8593
9077
8167
8879
8898
8890
8248
8717
8095
9090
9250
9235
9000
8754
9757
9351
8927
8878
9494
9103
8603
9428
9410
9711
8757
9272
8883
8716
8941
8728
9038
9011
9448
8288
8334
9374
8594
8565
8577
9286
9328
9307
9078
9042
8972
9466
8803
8598
8171
9364
9037
9062
9138
9649
9133
9102
8760
9574
9255
8957
8900
8513
9296
8531
8709
9143
9136
8669
8977
9052
8815
9372
9140
9439
9207
8774
8956
9202
9014
9055
9424
8814
9499
8626
9593
9109
9423
8992
9071
8812
8970
9710
8820
8713
9594
8827
9387
8611
9460
8746
9086
9120
9874
9770
9270
9594
9377
8430
9048
9482
8644
8620
9622
9333
8805
9580
8807
9339
8754
9149
9660
9352
9215
8973
8921
9269
9438
9971
8863
9328
9018
8757
9175
9273
9402
8418
8984
8762
9074
9022
9308
9138
9460
9416
10399
9877
9358
8854
9395
9693
9330
9809
9084
9934
8643
9127
9296
8939
9014
10061
9448
9441
9614
9408
8945
8679
8993
9007
9846
9416
9148
9144
9258
9695
9620
9572
8646
9128
9323
9504
9594
9545
9893
9358
9393
9437
9085
9592
9332
9346
9765
8990
9705
8718
9468
9549
8395
9459
8891
9280
9005
9776
9465
8911
8684
9604
9387
8893
8990
9127
8723
8938
9388
8388
9750
8460
9597
9344
9331
9761
8744
9812
9094
9109
9993
8653
9274
9741
8878
9395
8996
9493
9013
9481
9582
9253
9398
9736
9650
9537
9823
9293
9600
9996
9300
9785
9900
9128
9724
9366
9626
9423
9644
9472
9666
9561
9709
9554
9109
9485
8576
9218
9539
9156
9615
9404
9425
9557
9455
9733
9600
9422
9253
9322
9643
9192
8961
9520
9605
9240
9906
9258
9564
8998
9462
9248
9362
9357
10076
9066
8843
10006
9371
9068
9455
9441
10006
9372
10433
9466
9695
9104
9504
9570
9826
9140
9863
10256
9644
10056
9124
9712
8766
9336
8764
9720
10240
9787
9032
10136
9432
9219
9713
9526
9256
9211
8876
9422
9798
10721
9926
9419
9138
9691
9653
9353
9676
9972
9344
9981
8951
9519
8947
9493
9485
9595
10239
9593
9937
9989
9850
8845
9404
10334
9438
9458
9252
8888
10158
9557
9929
9843
9978
10009
9541
9972
9922
9418
10091
9518
10192
9036
10138
9312
10010
9668
9865
9954
9049
9825
9011
8971
9543
9676
10745
9361
9840
10075
9499
10090
9655
9581
10440
9109
9541
9686
10064
9681
10181
10064
9200
9752
9362
9251
9364
9362
9337
8812
10074
9943
9914
9101
9791
9981
9434
9868
9210
8920
9841
9793
10332
9849
9787
9866
9648
9299
9192
8923
9063
9624
9149
9291
9459
9185
9095
9503
10349
9650
9910
9199
9403
9720
9478
9323
9552
9767
9343
9366
10096
9228
10109
9405
9851
9322
9650
10361
9352
9142
9773
9008
9804
10048
9973
9997
9484
9674
9682
10393
8640
9477
9748
9521
10027
9300
9906
9093
10125
10074
10506
10230
9348
9476
9353
10342
9165
9128
9497
9541
8982
10025
9664
9622
9836
9774
9682
9996
9897
9747
9233
9524
9522
9837
9376
9981
9453
9527
10294
9918
9321
9479
9823
9512
10854
9780
9515
8747
9330
9400
9606
9964
9024
9796
10081
9771
9267
9867
9971
9852
9614
9711
10030
9953
9281
10043
10626
9186
9193
9437
9147
9856
10076
9596
9890
9036
9307
9498
9965
9747
9525
9210
10106
9912
10292
9743
9780
10456
9558
10550
9153
9651
8930
10468
9191
10126
10102
9809
9151
9766
9812
9897
9561
9739
10116
9807
9894
8816
9745
9604
10062
9329
8774
9669
9639
10169
9593
9866
10198
9556
9557
9782
9753
9899
10501
10159
9251
9554
9882
9089
10103
9365
9917
9500
9732
9425
9688
9400
9466
9805
9500
10020
9549
10403
9919
9706
10420
10063
10181
9806
10359
9391
9661
9116
9879
9554
10091
9604
10230
9430
9864
9843
9458
9714
8579
9949
9946
9144
9645
9772
10132
9613
9770
9657
10676
9564
9172
10315
9705
10049
10304
9501
9643
9534
9809
9868
10363
9356
9517
9661
9838
10227
9480
9931
10170
9490
9193
10884
9366
9548
9078
10252
9826
9610
9054
9611
9953
10037
9172
9628
9810
10164
9713
10343
11008
9452
9565
9341
9754
8908
10268
9853
9690
10383
9652
10250
10118
10252
8975
9674
10356
10273
10405
9760
9084
8922
9258
9803
9753
8967
9840
9796
9613
9743
9865
10026
10266
9403
9995
9548
10015
9473
9708
9784
9005
9222
9985
9798
9970
9202
8862
9768
10433
9902
9442
10231
10020
9797
9218
9811
10639
9819
9061
10387
9220
10289
9261
10099
9669
9900
9466
9663
9265
9765
9685
10061
9529
9603
10139
9940
10414
9491
9416
9897
9534
9584
8849
10212
9940
9344
9885
9028
9447
9980
9034
9578
10131
9611
10014
10306
9255
10324
9265
9449
9201
9757
9258
9601
9686
9805
9912
9769
9405
9893
9661
9347
10134
9897
10128
10451
9992
9090
9510
8955
10386
9405
9306
9777
10114
9984
9879
9761
9138
9734
9539
9689
9534
9520
9509
10070
9073
9627
9364
10030
10152
9312
9614
9797
9661
10267
9321
9461
8855
9375
8987
9231
9995
9271
9612
10848
9281
9383
9171
9785
9980
9437
10139
9318
10194
8952
9949
9775
9322
10471
10129
9909
9843
9447
10295
9767
9344
9360
9908
9605
9275
10051
9716
9898
9705
9560
9773
9832
9593
9064
9618
9882
9265
10603
9370
9431
9725
10259
9283
9677
10240
10209
10120
9495
9799
9986
10001
10077
10381
9823
9712
9505
10231
9210
10349
9686
9620
9450
9536
8965
10157
9904
9847
9320
9519
9885
9673
9537
9749
9576
9220
10004
9273
9693
9512
9804
9736
10724
9566
9609
9274
10460
9754
9714
10338
9204
10250
9876
9975
9945
9808
9918
8991
9912
9026
9282
9475
9273
9558
10149
10009
9701
10072
9885
10364
9571
10521
9898
9413
10674
9891
9459
9761
9520
8999
10068
9726
10097
10662
10194
9737
10028
9588
10890
10328
9640
9987
9738
10001
9772
10294
9555
9557
9811
10093
9660
10075
9737
10216
9882
9990
9530
9843
9858
10766
10013
9450
10279
10402
9438
10111
9957
9482
9762
9644
10191
9081
9969
9327
10516
9634
9756
9897
8765
9984
9495
10084
9922
9773
9582
9890
10142
9732
10054
9378
9892
9256
10641
9809
9336
10441
9369
10108
10270
9776
10746
9805
9839
9386
9563
10570
10173
10238
9618
9252
9369
9816
9489
9132
9910
9986
9980
9172
9623
10493
9590
10616
9464
9846
9761
10111
9393
9521
9842
9711
9895
10459
10048
9135
10094
10393
10446
9899
10144
9476
9122
9427
10165
9254
9562
9397
9792
10026
9291
9540
9573
10013
10030
9830
9832
9396
10098
10349
9618
9974
10690
9645
10333
9694
9931
9537
10111
9561
10352
10130
9373
9725
10150
10228
10063
9105
9280
10255
9554
8983
10161
9552
10549
10613
9692
10007
9234
9968
10795
10534
9846
9711
10010
9847
9958
10464
9824
9239
9671
9744
9338
9935
9551
9912
10206
9691
9325
9381
9923
9790
9642
10218
9218
10434
9300
9741
10069
9395
9721
10022
9930
10442
9713
10569
9806
9829
10164
9220
10107
10090
10698
9822
10298
9240
10548
10082
10393
10125
9617
9559
9677
10139
10086
10189
9805
9314
9895
10075
9818
9508
9788
10753
10468
10152
10098
9923
9774
9901
10002
9212
9844
9615
10680
9972
10116
9714
10186
10418
9603
10046
10696
10379
10512
10704
10260
9058
10251
10837
10179
9730
10766
10157
10188
9965
9764
9941
9700
10041
10676
9664
10187
10320
9916
9885
10103
10259
9712
10304
9748
10395
10388
10105
9740
9764
10630
9947
9979
10318
9825
10760
10325
9998
10088
9896
9476
10552
9556
10307
9882
10740
10918
9476
9812
9972
10220
10145
10140
10111
9692
9830
10061
10586
9957
9878
9895
9879
9504
9975
9936
10019
10407
9475
10545
10157
10392
9872
10508
10054
10245
9877
10198
10402
10512
10008
9494
9766
9595
10694
10146
10025
9022
9418
9998
10676
10090
10110
10230
9901
9168
9381
10129
10449
10460
9688
10341
10108
9498
10234
9954
10348
9491
10344
9937
9970
9863
10153
9846
9751
9663
10469
9521
10191
10086
10413
10549
10205
10481
10616
9764
10206
10463
10634
10746
10322
10143
10198
10045
10152
9744
9988
10046
10663
11052
10210
10429
9686
10840
10084
9960
10346
10791
9808
10612
9680
10515
9880
10320
9573
10696
10056
10050
9974
10408
9989
9862
9977
9936
10548
10185
9935
9783
10606
10993
10020
10237
9817
9988
10629
9915
9949
9883
10810
10706
11055
10674
10095
11243
10531
10204
10025
10575
10497
10368
10218
10260
10242
9965
10032
9491
9967
10324
10295
10333
10516
10252
10225
10368
10079
10265
10535
10564
10616
10534
9965
10641
10286
9872
9894
10654
10432
10283
9764
10948
9946
10686
10059
9615
10636
9965
9752
10033
10388
10474
10192
10230
10776
10306
10536
10000
9887
10784
10607
11171
10437
10542
10562
10472
10741
10189
10085
10252
10402
10232
10692
10405
10144
10353
10487
10831
10259
10509
9688
9619
9923
10221
9867
9579
10178
10606
10108
10634
10185
10214
10675
10423
11048
10519
10956
10461
10491
10361
10166
10890
10279
10093
9880
10794
10000
10087
10763
10789
10428
10464
10244
10548
9632
10665
10148
10179
10553
10094
10554
9966
10672
10624
10548
10405
10406
10631
10238
10334
10455
10383
10053
10109
10141
10043
9858
10681
10416
10754
9663
10864
10402
10299
10624
10380
10524
10850
10542
10957
10352
10372
10334
9918
10770
10453
10288
10185
10378
9927
11180
10479
10000
10280
10378
10395
10615
10370
10396
10138
10024
10589
10747
10040
9788
10368
10524
10296
11165
10610
9736
10108
10107
10654
10854
9830
10024
10687
10935
9517
10912
10147
10820
10710
10726
10649
10899
10445
10667
10422
10760
10610
10126
10661
9980
11407
10286
10124
10713
10554
10823
10490
10337
10533
10693
10434
10185
10943
10682
10483
11121
10573
10245
10584
9772
10006
10013
10656
10269
10374
10516
10784
11149
10914
10036
10619
10441
10109
11051
10407
10902
10656
10982
10940
10136
10544
10688
10489
10380
10852
10829
10307
10124
10899
10194
10758
10643
10341
10307
10789
10681
10617
10967
10235
10284
10385
10212
10906
11105
10560
11066
11471
10304
11204
10610
10348
10980
10592
10408
10340
11193
10740
10076
10498
11270
11622
10468
11065
10658
11325
10217
10895
10958
11309
11006
10980
11008
10389
10220
10362
10443
11179
11209
9936
10788
10490
10833
11658
10811
11028
10760
10767
10244
11132
10448
10996
10898
10644
9708
10305
10915
10985
10692
10350
11491
10859
10772
10599
10556
10491
9973
10709
10763
11037
10449
11298
10599
10788
11066
10554
10868
10686
10829
11216
10814
10989
10448
11980
10576
10463
10979
11242
11553
10895
10741
10598
10849
10804
10858
9927
10906
9931
10957
10166
10846
11163
10528
11312
10818
11368
10706
11048
11674
10652
10385
11103
11100
10952
11045
11315
11217
10347
11482
10554
10274
10474
10540
10512
11392
10595
10582
10770
10711
10766
10602
10555
11293
11403
10092
11694
10460
10661
11300
10733
11486
11544
10744
11253
11116
10846
11300
11080
11177
11369
11377
10930
11304
10884
10940
11568
10459
11317
11089
11752
11776
11590
11506
10528
10463
11060
11030
11590
10993
11500
11459
11082
10825
10617
10956
11188
11227
10980
11554
10853
10436
10899
11038
11970
11258
11140
11693
10575
11876
10840
11607
11120
10805
11653
11782
11316
10413
10836
11317
11165
11249
10786
10951
11612
10598
11913
11005
12158
11273
10893
11301
10149
10792
11092
11302
10520
12213
11414
11500
11152
11579
11874
11406
11598
11419
10476
11028
11436
11298
11247
11214
11550
11308
11131
11786
11576
11061
11062
10890
11333
11004
11393
11100
11534
11028
11180
11392
11537
11393
10950
11515
11505
11185
10764
11248
10739
11305
10846
10780
11737
12134
11487
10933
10832
11204
11533
11803
11371
10902
11478
11491
11376
11871
11633
11338
11175
11530
11304
12170
11037
11865
11006
11280
11104
11003
11246
11438
11790
11468
11348
12186
11888
10815
12125
11205
11419
11732
11668
11503
11644
11478
11576
12044
11373
11546
12027
11344
11294
11971
12254
11527
12033
11756
11402
12253
12004
11953
11301
12318
12016
12723
11400
11908
11864
12562
12250
11856
12360
12055
11188
11658
12518
11520
12374
11469
11630
11625
12175
13257
11938
12095
11309
12052
12051
11926
11510
11869
12228
11876
11514
11708
11948
11412
11780
11722
12247
12475
12058
11794
12364
12243
12790
11686
12464
11579
12499
11949
12037
12165
12219
12506
11490
12124
11195
12258
12441
12500
11906
12416
12848
12217
12038
12034
12230
11962
12344
12469
11630
12094
12024
12172
12761
12178
12482
12035
12200
11690
12923
12754
12267
11885
12420
13557
12338
12320
12404
11834
12345
12259
12207
12844
11965
12621
12370
12783
12841
12638
13006
12757
12618
12800
12421
12505
12346
12260
11919
12775
11988
12594
12687
12732
12094
12276
13306
12749
13110
13488
12200
12809
12405
12633
12601
12285
12782
12971
12445
12975
12441
12173
12717
12793
12462
12699
13684
13270
13277
13674
12588
12639
13033
13207
13194
13350
12701
13611
13287
13556
12697
12230
13134
13696
13252
12986
13258
13577
13637
13241
13436
12800
13211
13849
13662
13408
13994
13316
13657
13794
13448
13243
13442
13181
13773
13595
13864
13646
13920
12949
13408
13173
13193
12775
13427
13484
12924
13597
13427
13963
13883
13810
13592
14210
13020
13387
13985
13210
13772
14213
13270
14569
13386
13348
13677
14581
13467
13933
13316
14432
13983
14162
14548
14549
14021
14611
14101
14084
14134
14565
14282
15155
14713
14925
14351
13977
14540
14345
13588
14536
14093
14675
14418
14577
14401
14368
14994
14580
14599
14937
15227
14919
14861
15464
14549
14926
14300
14653
14634
14681
15680
15089
14648
14520
15488
15250
14549
15773
14837
15633
14598
14699
15529
15456
15116
15042
15370
15104
15538
14298
15244
15240
15243
14667
15609
15476
15582
15286
15603
15565
16005
15854
16140
16230
15476
15738
17110
15386
16244
16629
15195
15988
16125
15985
16502
15787
16374
16202
15607
15305
15819
15561
15646
16527
16212
16240
16964
16579
16486
16956
16046
16263
16701
16637
17230
16568
17734
17341
17406
15816
17476
17210
16829
17609
17326
17096
17682
17749
17467
17444
17675
17976
17233
18641
17909
17362
17265
18071
17787
17665
17477
17969
17864
18982
18747
18520
18594
18185
18292
17697
18776
18454
18328
17758
18471
18529
19611
18120
19021
18788
18618
18057
18859
19186
18264
18725
18093
19198
19200
19081
19058
19815
19749
19813
20359
19991
19344
19786
20282
19470
19943
20664
20047
20586
20342
19876
19601
20116
19822
20630
20518
20556
20860
20713
20397
20699
20736
20633
20573
21572
21019
21078
20700
21741
21032
21834
21322
22173
21952
21453
21697
21859
21623
22232
21832
21960
22896
22259
22733
22171
22199
22985
23164
22461
22652
22740
22770
23226
22714
23550
23121
22814
23218
23382
23903
24192
23837
23209
24539
24162
24017
23953
24249
23493
24237
24188
23448
24473
24939
24399
24891
24982
25037
25668
24901
25796
25179
27143
25856
26045
25858
25465
26498
25799
26742
25790
26555
26017
26532
27743
27674
27465
27382
27328
27624
28006
27306
27684
27321
27739
27610
27291
27053
27959
27957
28338
27892
28175
28732
29440
29151
28848
28760
29268
29606
29081
29716
29392
29613
30791
30705
29620
29576
30703
30556
30742
30676
30976
30301
31084
31626
31012
31305
30093
31716
31112
32293
32596
31840
32440
32943
32292
32808
32896
33513
32996
33130
33884
34336
34472
33710
33506
34964
34616
34388
35254
34486
34568
34372
35520
35158
35072
35349
36203
35820
36443
36416
36852
36504
36352
37544
37269
37010
37528
37925
38164
38020
37794
37821
38328
38506
38548
38603
39293
39645
39563
40472
39863
39674
40430
40525
40512
41108
40426
41335
41474
40740
41476
42711
42090
42806
41987
43170
42025
42888
43339
43828
43042
43741
44068
43940
44362
43754
44440
44906
45312
45762
45700
46909
46521
45832
46601
46632
46767
46570
46872
47652
47412
48591
47698
48888
48324
48635
48569
49261
49500
48868
49524
49860
50884
50450
50338
50725
51540
50788
51769
50924
52352
52112
52624
52826
53508
53354
53407
53970
54945
54430
54300
54325
54602
54833
55534
55275
55124
55992
56011
56212
56252
55557
56324
56630
57436
57305
57616
57978
58756
58516
58596
59230
58973
60032
59572
59304
59932
61172
60672
60251
60568
60906
61496
61166
61701
62410
62052
63040
64044
63205
63958
64454
64555
63486
64580
65236
65444
65375
64474
65535
65535
64919
65535
65535
65535
65535
65535
65535
65535
65535
65535
65535
65535
65535
65535
65535
65535
65535
65535
65535
65535
65535
65535
65535
65535
65535
65535
65535
65535
65535
65535
65535
65535
65535
65535
65535
65535
65535
65535
65535
65535
65535
65535
65535
65535
65535
65535
65535
65535
65535
65535
65535
65535
65535
65535
65535
65535
65535
65535
65535
65535
65535
65535
65535
65535
65535
65535
65535
65535
65535
65535
65535
65535
65535
65535
65535
65535
65535
65535
65535
65535
65535
65535
65535
65535
65535
65535
65535
65535
65535
65535
65535
65535
65535
65535
65535
65535
65535
65535
65535
65535
65535
65535
65535
65535
65535
65535
65535
65535
65535
65535
65535
65535
65535
65535
65535
65535
65535
65535
65535
65535
65535
65535
65535
65535
65535
65535
65535
65535
65535
65535
65535
65535
65535
65535
65535
65535
65535
65535
65535
65535
65535
65535
65535
65535
65535
65535
65535
65535
65535
65535
65535
65535
65535
65535
65535
65535
65535
65535
65535
65535
65535
65535
65535
65535
65535
65535
65535
65535
65535
65535
65535
65535
65535
65535
65535
65535
65535
65535
65535
65535
65535
65535
65535
65535
65535
65535
65535
65535
65535
65535
65535
65535
65535
65535
65535
65535
65535
65535
65535
65535
65535
65535
65535
65535
65535
65535
65535
65535
65535
65535
65535
65535
65535
65535
65535
65535
65535
65535
65535
65535
65535
65535
65535
65535
65535
65535
65535
65535
65535
65535
65535
65535
65535
65535
65535
65535
65535
65535
65535
65535
65535
65535
65535
65535
65535
65535
65535
65535
65535
65535
65535
65535
65535
65535
65535
65535
65535
65535
65535
65535
65535
65535
65535
65535
65535
65535
65535
65535
65535
65535
65535
65535
65535
65535
65535
65535
65535
65535
65535
65535
65535
65535
65535
65535
65535
65535
65535
65535
65535
65535
65535
65535
65535
65535
65535
65535
65535
65535
65535
65535
65535
65535
65535
65535
65535
65535
65535
65535
65535
65535
65535
65535
65535
65535
65535
65535
65535
65535
65535
65535
65535
65535
65535
65535
65535
65535
65535
65535
65535
65535
65535
65535
65535
65535
65535
65535
65535
65535
65535
65535
65535
65535
65535
65535
65535
65535
65535
65535
65535
65535
65535
65535
65535
65535
65535
65535
65535
65535
65535
65535
65535
65535
65535
65535
65535
65535
65535
65535
65535
65535
65535
65535
65535
65535
65535
65535
65535
65535
65535
65535
65535
65535
65535
65535
65535
65535
65535
65535
65535
65535
65535
65535
65535
65535
65535
65535
65535
65535
65535
65535
65535
65535
65535
65535
65535
65535
65535
65535
65535
65535
65535
65535
65535
65535
65535
65535
65535
65535
65535
65535
65535
65535
65535
65535
65535
65535
65535
65535
65535
65535
65535
65535
65535
65535
65535
65535
65535
65535
65535
65535
65535
65535
65535
65535
65535
65535
65535
65535
65535
65535
65535
65535
65535
65535
65535
65535
65535
65535
65535
65535
65535
65535
65535
65535
65535
65535
65535
65535
65535
65535
65535
65535
65535
65535
65535
65535
65535
65535
65535
65535
65535
65535
65535
65535
65535
65535
65535
65535
65535
65535
65535
65535
65535
65535
65535
65535
65535
65535
65535
65535
65535
65535
65535
65535
65535
65535
65535
65535
65535
65535
65535
65535
65535
65535
65535
65535
65535
65535
65535
65535
65535
65535
65535
65535
65535
65535
65535
65535
65535
65535
65535
65535
65535
65535
65535
65535
65535
65535
65535
65535
65535
65535
65535
65535
65535
65535
65535
65535
65535
65535
65004
65535
63150
64788
64070
62698
62816
61448
62135
62756
62148
61642
61720
61992
60944
61504
61568
61228
61094
59836
59380
58496
56346
55497
54954
54984
55305
55412
56157
55668
56416
57372
56621
56239
56294
55876
55994
55653
53908
53997
53654
54370
52726
53133
53256
52461
52970
51840
51752
51261
51632
50793
50005
49962
50654
49728
49668
48829
49408
48680
49388
48052
48030
47478
47232
45912
47440
45432
46287
46152
45028
45256
45396
44618
44125
43624
44181
43072
42843
43688
41990
42252
43160
43086
41765
41581
41610
41110
40725
40116
39761
39384
39917
39380
37940
39428
38844
38420
37808
37712
38696
37300
37046
36712
36578
35904
36653
36016
35546
35182
35220
34828
33898
34561
34260
34022
34350
33650
34017
32651
31982
32298
32184
32229
32650
32054
32501
30738
30459
30628
30373
30546
30544
29924
30164
29894
29386
29876
28651
29100
29413
27780
27516
28306
28633
27008
28205
27573
27502
26756
26543
27688
26084
25362
25300
26326
25656
25147
24555
25252
24857
25077
24820
24420
23980
23936
23752
22861
23067
24678
23155
23867
22485
22411
22786
22011
22406
22426
22350
22261
21706
21899
21213
21632
21381
21350
21984
20648
20877
20329
19767
19785
20058
19314
19655
19554
19603
19396
20000
20453
18764
18856
18700
19773
19004
18818
18314
18802
18376
17620
17899
18446
18832
18254
18086
17858
17765
18074
16939
18206
17333
17323
16939
17322
17010
17150
16811
16668
16954
16480
17466
16394
17004
15819
17168
16255
16500
15550
15542
16936
16454
15350
16068
14792
16171
15496
16491
15861
15891
15640
15865
15044
14786
15232
15441
14710
14313
14880
15430
15326
15016
14870
14782
14469
14546
15525
13736
14728
14419
14598
13252
14445
13851
14739
13819
13977
13798
13975
13745
14133
13886
14266
13828
14120
