8168
8018
7500
8009
7508
9204
7148
7815
7994
7516
7803
7157
7533
7318
6885
8325
8085
7147
7929
7944
6829
7714
6828
7680
7927
7588
7824
7279
7175
7721
7957
7162
7106
7051
7252
7680
6944
7808
7705
8063
7714
7406
7339
7494
7797
7093
7996
7161
7975
7865
8754
8220
8306
7131
7460
7483
7523
6804
7254
7746
7182
7029
8336
8018
7482
7489
7529
6939
8185
7874
7803
6849
7406
7711
7672
7823
7343
7778
7462
7275
8064
7652
7773
7418
7942
7973
7669
7004
8221
7773
7750
8268
8054
7459
7208
7897
7394
8366
8516
7574
7828
7218
7955
7293
7819
8039
7201
8193
7028
7326
8018
7147
8354
7771
7816
7311
7214
8280
8157
7904
7713
7447
7312
8049
7961
8025
8429
7857
7120
7976
7542
7271
7860
7504
7386
7607
8260
8083
7959
7474
7862
7870
7397
7902
8213
7860
7871
7944
7387
7526
8107
7661
8066
7720
7032
7771
8055
8015
8163
7804
8799
7500
7832
7655
7503
7943
8200
7380
8111
7137
7725
7748
7862
7133
7547
7194
7887
8194
8080
7999
7877
8786
8443
7598
7969
8476
7822
7329
8469
8006
8578
7712
8179
7973
7381
7955
7747
8234
7956
8442
7220
7108
8270
7575
7620
7720
8150
7814
8230
7694
7794
7897
8402
7882
7501
7090
8062
7758
7967
8029
8367
7871
8029
7359
8379
8165
7998
7896
7533
8324
7532
7534
7994
8006
7480
7850
7829
7593
8050
8022
8543
8065
7532
7758
8169
7971
8027
8238
7654
8518
7601
8357
8022
8148
7810
7988
7701
7444
8352
7433
7649
8596
7687
8122
7389
8109
7595
7626
8209
8835
8673
8236
8483
8228
7312
8015
8241
7645
7481
8477
8070
7815
8438
7296
8196
7506
7855
8389
8154
8088
7814
7646
7979
8162
8665
7903
7903
8106
7472
8159
8249
8114
7213
7891
7538
8004
7819
8067
8070
8181
7961
9023
8543
8093
7572
8448
8479
7986
8465
7762
8618
7102
8129
8474
7974
7870
8718
8074
8188
8433
8221
7832
7518
7746
7720
8492
8317
8043
7908
7644
8486
8224
8312
7292
7976
8272
8340
8378
8379
8373
8080
8155
8203
7898
8488
8119
8109
8539
7940
8495
7484
8264
8514
7109
8541
7765
8038
7752
8448
8128
7654
7617
8398
8284
7902
7838
7933
7482
7788
8208
7455
8194
7334
8380
7822
7812
8374
7478
8323
7766
8109
8683
7416
8012
8430
7921
8269
7756
8109
7907
8206
8381
7649
8357
8596
8150
8324
8450
8137
8320
8797
8206
8635
8719
7867
8609
8088
8151
8277
8359
8180
8552
8365
8396
8207
7861
8110
7247
8102
8372
7833
8292
8196
8279
8031
8250
8320
8189
8074
8002
8028
8441
8049
7508
8462
8326
8122
8605
8018
8342
8010
8294
8209
8389
7871
8809
7970
7673
8685
7895
7891
8266
8279
8425
8145
8896
8281
8420
7946
8290
8733
8571
7820
8783
8980
8335
8711
7804
8478
7543
8001
7668
8431
8914
8357
7778
8820
8233
7962
8479
8181
8095
7838
7693
8263
8444
9325
8923
8160
7878
8744
8540
8166
8250
8612
8343
8778
7768
8237
7710
8299
8256
8555
8951
8241
8448
8890
8453
7499
8172
8934
8410
8230
8222
7748
8739
8505
8815
8454
8450
8591
8192
8590
8905
8236
8856
8127
8778
7932
9105
8115
8841
8840
8436
8747
7956
8698
7755
7780
8367
8443
9548
8476
8636
8857
8394
8847
8355
8571
9292
8066
8294
8473
8739
8542
8605
8680
7782
8742
8114
8084
8056
8340
8075
7641
8512
8660
8525
7834
8772
8342
8457
8719
8050
7678
8606
8437
9207
8607
8576
8404
8534
8164
7868
7917
7789
8644
8027
8180
8344
8368
7916
8453
9099
8442
8598
7952
8428
8570
8230
8113
8200
8590
8292
8133
8758
8066
8869
8091
8843
8182
8493
9030
8232
8188
8467
7738
8453
8930
8854
8622
8116
8574
8556
9330
7307
8284
8376
8332
8942
8141
8493
8157
8866
9074
9380
9100
8229
8353
8240
8834
7953
8187
8453
8379
7992
8866
8424
8232
8596
8652
8419
8487
8871
8465
8217
8428
8507
8742
8200
8606
8165
8500
8865
8821
8077
8393
8534
8102
9628
8404
8165
7905
8206
8139
8471
8668
7604
8421
8989
8541
8038
8630
8554
8575
8623
8421
8805
8849
8268
8972
9407
8302
8214
8276
8139
8612
9009
8218
9050
7940
8157
8358
8842
8729
8292
8068
8698
8551
9020
8750
8399
9081
8542
9561
8134
8420
7827
8996
8067
8972
9122
8613
7977
8544
8740
8743
8578
8678
9049
8648
8534
7796
8634
8710
8752
8220
7817
8286
8196
8947
8399
8877
8776
8585
8327
8704
8398
8861
9155
8679
8288
8557
8651
8155
8877
8403
8757
8450
8663
8548
8662
8269
8356
8721
8517
8952
8335
9108
8457
8683
8961
8888
8990
8810
9156
8177
8311
7796
8804
8355
8944
8330
9228
8299
8741
8814
8267
8605
7618
8920
8746
7978
8820
8588
9065
8493
8654
8639
9403
8308
8203
8906
8687
8738
8852
8220
8520
8126
8735
8557
9280
8122
8700
8597
8615
9197
8649
8843
9003
8240
8146
9389
8422
8402
8088
9168
8694
8317
8003
8519
9011
8906
8074
8377
8716
9074
8573
9177
9910
8386
8517
8443
8628
7973
9078
8820
8824
8997
8461
8987
8920
9001
8048
8632
9125
9297
9384
8803
8111
7809
8220
8698
8425
7949
8845
8700
8363
8864
8709
8929
8973
8209
8753
8244
9081
8343
8509
8521
8004
8277
9188
8714
8863
8042
7912
8439
8997
8926
8352
9070
9044
8550
8222
8715
9483
8669
7841
9179
8295
9356
8199
8824
8469
8779
8402
8635
8256
8366
8456
8859
8373
8542
8919
8776
9035
8550
8303
8834
8388
8452
7648
8712
8872
8418
8652
8024
8297
9124
7950
8474
9186
8629
8943
9096
8160
9218
7942
8551
8150
8285
8037
8858
8384
8873
8761
8623
8451
8677
8477
8402
8991
8757
9044
9299
9177
8165
8557
8117
9402
8379
8205
8691
9122
9194
9044
8621
8069
8654
8299
8482
8355
8510
8529
9026
8209
8479
8453
8922
9215
8228
8428
8959
8589
9277
7981
8345
8057
8263
8176
8411
9053
8427
8577
9452
8195
8393
8061
8742
9044
8541
9140
8331
9161
7991
8706
8598
8273
9465
9162
8824
8533
8538
9154
8763
8088
8234
8870
8521
8324
9033
8628
8849
8550
8483
8539
8653
8568
8061
8600
9016
8381
9711
8529
8363
8534
9063
8413
8542
9166
8714
9112
8318
8832
9095
8968
9032
9359
8835
8813
8614
9223
8515
9124
8654
8449
8313
8073
7908
9309
8813
8527
8024
8661
8993
8520
8454
8696
8389
8268
9128
8518
8737
8661
8633
8690
9732
8490
8856
8435
9353
8704
8661
9218
8278
9018
8753
9184
8970
8582
9097
8136
8704
8169
8283
8620
8053
8353
9131
8775
8906
9193
8720
9225
8360
9462
8620
8467
9463
8706
8425
8676
8431
8006
8930
8496
9232
9306
8952
8733
9007
8292
9744
9140
8712
9240
8629
8997
8562
9129
8503
8592
8602
8985
8540
8947
8552
9310
8776
9054
8536
8666
8861
9461
9154
8521
9369
9170
8448
9086
8824
8657
8730
8580
9254
7916
9262
8205
9612
8557
8980
9186
7703
9110
8558
9008
8950
8828
8891
8869
9289
8562
9099
8877
8981
8320
9417
8852
8413
9484
8570
9120
9321
9028
9515
8456
9077
8232
8668
9464
9154
9111
8700
8263
8537
8538
8240
8364
8891
9028
8812
8531
8671
9536
8633
9364
8509
8828
8776
9238
8481
8788
8989
9053
9007
9609
8923
8376
8932
9029
9332
8877
9006
8427
8209
8557
9050
8707
8378
8453
9079
8994
8386
8843
8540
8924
8971
8864
8827
8154
9223
9218
8620
9181
9325
8780
9295
8514
9076
8484
9140
8537
9040
9247
8574
8782
9365
9026
8755
8264
8107
9239
8624
8171
9183
8709
9502
9802
8748
9098
8216
8807
9577
9335
9094
8964
9058
8775
9025
9318
8872
8170
8668
8546
8376
9122
8330
9349
9234
8701
8239
8611
9028
8920
8693
9245
8417
9651
8207
8506
9145
8471
9030
9100
8971
9445
8885
9691
8711
8801
9259
8356
9139
9128
9741
8688
9504
8237
9574
9121
9492
9364
8834
8754
8728
9197
9160
9477
8895
8510
9007
9060
9135
8530
9080
9658
9309
9170
9248
9005
8968
8836
9120
8382
8921
8547
9732
8941
9274
8984
9360
9379
8631
9142
9499
9286
9451
9802
9231
7807
9326
9854
9257
8900
9746
9148
9204
9100
8952
9021
8612
9188
9564
8726
9312
9364
8974
8939
9101
9415
8590
9284
8871
9458
9291
8953
9023
8740
9522
9143
9002
9455
8818
9400
9157
9027
9121
9130
8553
9481
8457
9546
9105
9886
10050
8597
8936
9282
9729
9364
9307
9370
8606
8810
9359
9763
8804
9186
9003
9092
8715
9369
8868
9069
9350
8778
9560
9146
9181
8973
9229
9232
9320
8921
9458
9291
9520
9197
8692
8836
8665
9581
9206
9178
8060
8567
8905
9793
9438
9340
9324
8966
8271
8726
9260
9604
9538
8704
9417
9090
8737
9441
9110
9364
8728
9317
9249
9154
8932
9389
8858
8868
8590
9652
8935
9205
8833
9668
9537
9269
9609
9802
9005
9229
9499
9745
9953
9564
9270
9193
8949
9048
8973
9259
9517
9986
9946
9108
9374
8716
10146
9206
9228
9458
10005
9076
9732
9059
9680
8884
9524
8632
9805
9296
9196
9001
9695
8948
9093
9171
9060
9617
9427
8886
9050
9944
9961
9333
9410
8957
9094
9523
8906
9010
9083
9805
9517
10002
9821
9272
10353
9809
9638
9114
9741
9671
9662
9179
9203
9538
9256
9393
8908
9280
9309
9288
9562
9737
9483
9264
9560
9093
9687
9743
9580
9892
9764
9318
9551
9292
9028
9215
9681
9871
9362
8658
10035
9079
9866
9093
8735
9652
9153
9173
9259
9774
9933
9317
9660
10115
9832
9787
9398
9341
10008
9674
10251
9642
9664
9666
9690
9982
9272
9629
9424
9217
9397
9794
9824
9454
9605
9715
9842
9526
9969
8942
8832
9027
9313
9226
8875
9494
9789
9656
9769
9338
9549
9797
9725
10205
9344
10164
9531
9981
9523
9482
9999
9525
9448
9455
10103
9495
9184
9941
9930
9710
9782
9697
9651
9179
9920
9504
9564
9862
9234
9873
9625
10028
9876
9611
9593
9760
9826
9441
9653
9965
9723
9187
9265
9552
9349
9374
9958
9702
10284
8946
10186
9587
9670
9977
9913
9628
9935
9828
10631
9861
9914
9830
9137
10104
9886
9511
9495
9828
9405
10848
9775
9481
9838
9589
9779
9775
9949
9860
9485
9565
9854
9856
9582
9176
9728
9389
9417
10385
9725
9360
9288
9472
10025
10068
9170
9565
10117
10417
8725
10138
9584
10260
10056
10026
10093
10492
9718
10250
9843
10030
9893
9600
10074
9518
10841
9936
9600
10054
9694
10122
9981
9845
10178
10258
9837
9338
10588
9968
9717
10747
9881
9611
10146
9323
9499
9838
9763
9925
9913
9955
10433
10376
10312
9483
10152
9674
9714
10491
9893
10277
9950
10496
10225
9781
10307
10240
9901
9999
10328
10104
9780
9737
10590
9694
10407
10352
10022
9902
10277
10141
9656
10825
9705
10001
9932
9954
10349
10742
9928
10752
10877
9764
10502
10052
9842
10236
10498
9930
9926
10701
10114
9501
10328
10650
10888
10058
10368
10230
10873
9769
10324
10532
10711
10677
10931
10445
9707
9908
10013
9882
10841
10633
9709
10576
10405
10362
11227
10428
10272
10414
10503
10234
10768
9872
10513
10465
10345
9412
10192
10549
10660
10481
10175
10712
10257
10376
10110
10343
10189
9655
10240
10491
10902
10302
10706
10221
10187
10516
9968
10544
10158
10637
10909
10490
10601
10325
11405
10196
9868
10341
10876
10935
10657
10405
10417
10538
10536
10684
9735
10425
9743
10596
10172
10515
10867
10186
10884
10467
11067
10283
11017
11178
10557
10182
10470
10797
10742
10517
11110
11097
10277
11372
10223
10155
10121
10392
10257
10914
10441
10174
10429
10631
10484
10161
10523
11082
11398
9890
11283
10184
10417
10786
10402
11231
11129
10700
10980
10951
10594
11139
10795
10724
11414
11003
10727
11308
10668
10687
11289
10121
10972
11081
11101
11536
11426
11062
10313
10281
10852
10887
11592
10786
11210
11118
10539
10589
10570
10746
11105
11086
10725
11170
10710
10609
11070
11085
11564
10868
10936
11147
10519
11699
10368
11293
10984
10452
11572
11710
11396
10083
10780
11152
10870
11065
10378
10625
11324
10517
11609
10874
11979
11151
10852
11373
10157
10748
10927
11046
10461
12027
10964
11302
11476
11278
11698
11106
11511
11355
10508
10934
11261
11324
11171
11036
11314
11053
10837
11728
11842
11016
11241
10628
11343
10929
11365
11038
11456
11083
11290
11520
11568
11499
11329
11351
11311
11434
10880
11100
10849
11537
11005
10739
11801
11995
11652
10888
11118
11266
11480
11746
11645
10756
11668
11684
11626
12194
11377
11565
11241
11410
11563
12322
11173
11764
11136
11446
11314
10776
11309
11459
11892
11400
11153
12409
11980
11290
12060
11400
11640
11844
11776
11621
11955
11730
11676
12517
11653
11708
11919
11674
11631
11960
12456
11547
11916
12297
11672
12868
11940
12125
11482
12655
12286
12665
11781
11918
12072
12730
12238
12021
12572
12074
11492
11976
12788
11887
13325
11898
12007
11876
12597
13424
12017
12576
11697
12253
12202
12353
11595
12234
12498
12148
12004
11925
12059
11680
12101
12183
12535
12664
12337
12316
12650
12475
13290
12048
12862
11798
12616
12398
12381
12574
12262
12880
11814
12503
11698
12421
12683
13015
12326
12974
13003
12812
12508
12306
12324
12195
12936
12776
12021
12530
12338
12928
13717
12439
12702
11993
12589
12322
13284
13180
12790
12446
12789
13829
12741
13105
12611
12341
13014
12812
12568
13082
12284
13113
13151
13367
13416
13238
13101
13293
13006
13106
12597
12991
12858
13014
12742
13097
12521
13110
13156
13284
12520
12779
13437
13436
13542
13681
12606
13502
13018
13469
13122
12970
13247
13684
13041
13448
13049
12706
13657
13268
13320
13121
14168
13883
13800
14210
12968
13456
13715
13627
13513
13976
13491
14470
13802
13988
13175
12781
13697
14466
13748
13336
14072
13984
14456
13812
13834
13328
13906
14299
14186
14468
14523
14008
13979
14297
13989
13767
14232
13594
14312
14377
14333
14291
14371
13820
14234
13665
13824
13396
14447
14181
13590
14031
14413
14790
14773
14292
14190
14750
13646
13964
14604
14384
14340
14850
13697
15351
14148
14032
14449
15266
13991
14648
14057
15211
14796
14965
15192
15295
15054
15087
14626
14782
14882
15361
15197
15819
15155
15506
14916
15220
15176
15216
13971
15085
14824
15432
14660
15295
14837
15271
15702
15246
15228
15948
15832
15919
15820
16061
15512
15688
14779
14948
15263
15513
16210
15610
15254
15552
16019
15834
15034
15949
15308
16103
15135
15780
16157
16237
15943
15642
15956
15742
16235
14994
15817
15847
16121
15727
16037
16139
16427
15546
16187
16378
16576
16362
16649
16733
15931
16228
17252
15896
16852
17298
15962
16232
16674
16472
17062
16260
16834
17172
16260
16187
16319
15846
16141
17353
17076
16993
17250
17157
17096
17656
16604
16793
17208
16932
17936
17170
18218
17920
17702
16472
17729
17698
17402
18464
17844
17828
17872
18586
17976
18032
18306
18413
17635
18926
18560
17805
17808
18427
18379
17783
17592
18249
18271
19298
18918
19157
18825
18615
18801
17929
19106
19272
18876
18372
19078
18772
19535
18578
19278
19053
18550
18476
19246
19412
18870
18843
18577
19475
19464
19466
19728
19859
20046
19840
20672
20196
19524
20289
20259
19852
20390
20624
20330
20910
20618
20040
19492
20310
20256
20919
20261
20502
20970
20980
20858
20879
20858
20638
20852
21724
21004
21017
21079
21625
21186
21698
21488
22265
21973
21316
22000
21782
21574
21989
21955
21809
22859
22229
22349
22098
22057
22970
23041
22674
22812
22358
22295
23120
22858
23601
23074
22619
22738
23065
23891
23917
23748
22956
24361
24007
23828
24023
23821
23670
24229
24226
23428
24423
24640
23948
24682
24857
24817
25510
25408
25231
25352
26453
25289
25385
25458
25064
26290
25590
26428
25664
26385
25627
25824
27392
27274
26598
26933
26348
27136
27413
26740
27300
26469
27308
26846
26717
26899
27357
27495
27622
27280
27404
28216
28553
28054
28184
28244
28560
29174
28533
28966
29588
29047
29912
29670
29200
29378
29306
29656
30173
29788
30260
29668
30090
30522
29952
30481
29558
30856
30305
31062
31117
31274
31141
31721
31158
31661
31968
32036
31770
31862
32997
33212
32594
33069
32470
33552
33069
33368
34330
33391
33600
33487
34139
34049
33824
34337
35504
34701
35027
34948
35796
34988
35080
36084
35876
35109
35332
36447
36330
36540
36722
36250
36397
36795
36701
36480
37579
37764
38107
38217
38356
37941
37741
38420
38588
38836
38444
39188
39193
39229
39402
40538
40681
40740
39897
40762
40544
40846
41454
41428
40816
41300
41820
42122
42216
41705
42116
42651
43049
42774
43413
44988
45010
43377
43600
44469
44297
44634
44469
45003
45318
45588
44751
46394
45849
45685
45805
46252
46362
46376
46973
47364
48364
47601
47488
47988
48485
48072
49016
48534
49642
49291
49320
50328
50443
50509
50646
51020
51997
50996
51549
51003
51412
51576
53016
52155
51816
52650
52884
52848
52427
52512
52583
53380
53805
54528
54206
54565
54874
55095
55552
55105
56048
56226
55720
55562
56589
56776
57773
57254
56394
56760
57732
57433
57984
58472
58880
58670
59386
59364
59418
60915
61018
59972
60768
61544
61449
60978
60636
61876
61321
60740
61642
62362
62600
63760
63126
62634
63252
63388
64532
64485
64160
64812
64672
64576
65535
65244
65535
65460
65535
65535
65535
65535
65535
65535
65535
65535
65535
65535
65535
65535
65535
65535
65535
65535
65535
65535
65535
65535
65535
65535
65535
65535
65535
65535
65535
65535
65535
65535
65535
65535
65535
65535
65535
65535
65535
65535
65535
65535
65535
65535
65535
65535
65535
65535
65535
65535
65535
65535
65535
65535
65535
65535
65535
65535
65535
65535
65535
65535
65535
65535
65535
65535
65535
65535
65535
65535
65535
65535
65535
65535
65535
65535
65535
65535
65535
65535
65535
65535
65535
65535
65535
65535
65535
65535
65535
65535
65535
65535
65535
65535
65535
65535
65535
65535
65535
65535
65535
65535
65535
65535
65535
65535
65535
65535
65535
65535
65535
65535
65535
65535
65535
65535
65535
65535
65535
65535
65535
65535
65535
65535
65535
65535
65535
65535
65535
65535
65535
65535
65535
65535
65535
65535
65535
65535
65535
65535
65535
65535
65535
65535
65535
65535
65535
65535
65535
65535
65535
65535
65535
65535
65535
65535
65535
65535
65535
65535
65535
65535
65535
65535
65535
65535
65535
65535
65535
65535
65535
65535
65535
65535
65535
65535
65535
65535
65535
65535
65535
65535
65535
65535
65535
65535
65535
65535
65535
65535
65535
65535
65535
65535
65535
65535
65535
65535
65535
65535
65535
65535
65535
65535
65535
65535
65535
65535
65535
65535
65535
65535
65535
65535
65535
65535
65535
65535
65535
65535
65535
65535
65535
65535
65535
65535
65535
65535
65535
65535
65535
65535
65535
65535
65535
65535
65535
65535
65535
65535
65535
65535
65535
65535
65535
65535
65535
65535
65535
65535
65535
65535
65535
65535
65535
65535
65535
65535
65535
65535
65535
65535
65535
65535
65535
65535
65535
65535
65535
65535
65535
65535
65535
65535
65535
65535
65535
65535
65535
65535
65535
65535
65535
65535
65535
65535
65535
65535
65535
65535
65535
65535
65535
65535
65535
65535
65535
65535
65535
65535
65535
65535
65535
65535
65535
65535
65535
65535
65535
65535
65535
65535
65535
65535
65535
65535
65535
65535
65535
65535
65535
65535
65535
65535
65535
65535
65535
65535
65535
65535
65535
65535
65535
65535
65535
65535
65535
65535
65535
65535
65535
65535
65535
65535
65535
65535
65535
65535
65535
65535
65535
65535
65535
65535
65535
65535
65535
65535
65535
65535
65535
65535
65535
65535
65535
65535
65535
65535
65535
65535
65535
65535
65535
65535
65535
65535
65535
65535
65535
65535
65535
65535
65535
65535
65535
65535
65535
65535
65535
65535
65535
65535
65535
65535
65535
65535
65535
65535
65535
65535
65535
65535
65535
65535
65535
65535
65535
65535
65535
65535
65535
65535
65535
65535
65535
65535
65535
65535
65535
65535
65535
65535
65535
65535
65535
65535
65535
65535
65535
65535
65535
65535
65535
65535
65535
65535
65535
65535
65535
65535
65535
65535
65535
65535
65535
65535
65535
65535
65535
65535
65535
65535
65535
65535
65535
65535
65535
65535
65535
65535
65535
65535
65535
65535
65535
65535
65535
65535
65535
65535
65535
65535
65535
65535
65535
65535
65535
65535
65535
65535
65535
65535
65535
65535
65535
65535
65535
65535
65535
65535
65535
65535
65535
65535
65535
65535
65535
65535
65535
65535
65535
65535
65535
65535
65535
65535
65535
65535
65535
65535
65535
65535
65318
65535
65453
64776
64438
63755
63380
63196
63564
63616
62530
62861
61195
62006
62647
62409
60868
61322
60968
60672
60740
59793
59947
58358
59412
59231
57536
58048
56749
57625
57098
57624
56536
57317
57368
56448
56588
56772
56804
56520
55115
55348
53231
51817
51177
50948
51341
50732
51472
52420
51724
51864
53129
52238
51332
52157
51584
51380
51501
50043
49566
49344
50504
48516
49042
49032
48314
49034
48245
47928
47204
47244
46852
46237
45956
46506
46084
46044
44959
45396
45080
45250
44164
44198
43684
42886
42092
43520
41983
42406
42362
41226
41576
42026
41172
40458
39604
40554
39862
39450
40341
39195
38517
39838
39466
38128
38580
38594
37828
37227
36782
36135
36234
36922
35850
35383
36420
36110
35342
34584
34580
35658
34538
34554
33631
34052
33325
33202
33227
33044
32001
32174
31944
31161
31522
31236
31300
31450
31024
30977
29443
29691
29335
29248
30064
29755
29615
30052
28146
27825
28064
27608
27421
27867
27020
27574
27549
27460
27068
26160
26469
27231
25485
25277
26340
26049
24685
25882
24854
24476
24144
24884
24832
24199
23517
22960
24036
23867
23109
22398
23645
22859
23035
23182
22404
22356
21716
21319
20942
21607
22317
21334
21931
21062
20495
20946
20008
20052
20388
20356
20081
19874
20128
19304
19823
19732
19267
20048
18708
18973
18736
18021
18168
17954
17469
18170
17560
17814
17653
18656
18564
17176
16988
16780
18110
17334
17126
16473
17285
16393
15787
16168
16914
17119
16685
16270
16245
16134
16521
15016
16321
15846
15818
15321
15711
15231
15512
15076
15002
15595
14804
15672
15148
15262
14144
15709
15045
15104
13844
14068
15310
14915
13995
14696
13422
14521
14106
14839
14679
14428
13734
14269
13660
13353
13928
14076
13481
12912
13596
14028
13917
13597
13416
13148
13114
13060
14290
12298
13037
12890
13216
11956
12964
12765
12915
12397
12638
12219
12923
12535
12653
12518
12882
12718
12675
