8103
7975
7271
8025
7452
9167
7193
7746
8026
7280
7677
6792
7313
7076
6784
8174
8046
7090
8047
8052
6899
7611
6794
7505
8096
7353
7897
7284
7052
7769
7846
7044
7016
7173
7108
7674
7044
7923
7293
7988
7567
7436
7325
7493
7782
7024
8176
7255
8079
7868
8658
8216
8359
7087
7201
7205
7442
6742
7472
7832
7057
7281
7924
7938
7406
7249
7435
6860
8180
7966
7566
7030
7353
7659
7846
7727
7388
7815
7428
7129
8157
7650
7766
7505
7755
7914
7574
6778
7911
7723
7799
8031
7722
7693
7266
7928
7358
8612
8428
7563
8004
7300
7968
7245
7842
7964
7174
8180
7069
7441
7821
7123
8353
7471
7758
7298
7339
8144
8146
7998
7759
7406
7328
7972
8031
8064
8465
7894
6889
8003
7591
7082
7869
7573
7805
7562
8182
8322
7845
7243
7780
7822
7190
7780
8127
7906
7842
8077
7629
7616
8285
7594
8123
7613
7215
7901
8248
7974
8132
7796
8743
7388
7761
7696
7470
8070
8008
7468
8131
7243
7696
7732
7737
7142
7520
7119
7667
7996
8194
7861
7949
8577
8309
7663
7850
8285
7835
7584
8414
7982
8561
7718
8067
7817
7516
7802
7618
7992
7993
8460
7218
7127
8105
7746
7515
7645
8032
7805
8282
7805
7769
7711
8364
7636
7374
7351
8141
7951
8016
8028
8476
8028
8287
7412
8666
8114
7652
7783
7370
8306
7378
7675
7951
8020
7433
7836
7871
7669
7905
7866
8514
8090
7432
7602
7940
7891
8032
8191
7787
8455
7433
8384
8115
8240
7832
8058
7591
7640
8437
7407
7759
8395
7488
8375
7206
8077
7592
7752
8148
8716
8493
8267
8415
8070
7422
8036
8346
7540
7597
8453
7909
7627
8434
7437
8184
7355
7947
8448
8409
8259
7913
7680
8043
8252
8768
7724
7983
8006
7635
8087
8040
8175
7243
7799
7459
7979
7765
8007
7913
8102
8186
9045
8403
8102
7601
8300
8750
8061
8518
7413
8794
7100
8092
8300
7853
7836
8827
8189
8274
8443
8063
7615
7357
7672
7724
8659
8298
7871
7781
7684
8494
8171
8322
7449
7989
8114
8310
8375
8267
8437
8085
8437
8173
7697
8382
7966
8027
8522
7746
8280
7428
8136
8297
7216
8368
7706
8000
7652
8340
7883
7580
7496
8390
8045
8008
7643
7898
7658
7877
8100
7446
8356
7383
8292
7706
8059
8356
7650
8467
7961
8070
8595
7581
8086
8400
7833
8000
7842
8117
7860
8178
8379
7818
8365
8271
8046
8174
8603
8084
8239
8655
8165
8571
8477
7777
8728
8139
8238
8010
8361
8264
8225
8401
8621
8343
7765
8247
7214
8119
8373
7778
8051
8245
8038
8076
8104
8440
8342
8161
7983
7951
8320
8017
7588
8387
8275
7916
8360
7978
8482
7643
8164
8252
8289
7810
8766
8062
7698
8654
7976
7817
8178
8091
8533
8205
8824
8285
8530
7911
8100
8505
8637
7911
8624
8971
8280
8773
7933
8291
7444
7931
7723
8528
8963
8544
7650
8947
8157
7986
8417
8195
7905
7916
7586
8109
8359
9314
8699
8052
8013
8508
8515
7926
8308
8782
8221
8707
7933
8040
7665
8251
8426
8645
8982
8253
8582
8832
8585
7518
8170
9111
8300
8227
8124
7826
8704
8346
8689
8420
8663
8410
8348
8610
8716
8269
8700
8218
8800
7893
8901
8114
8748
8518
8550
8740
7879
8708
7865
7928
8134
8463
9378
8244
8610
8783
8310
8842
8225
8395
9099
7869
8442
8582
8740
8411
8918
8739
7781
8685
8260
8013
8005
8216
8115
7454
8818
8648
8706
7855
8847
8576
8291
8636
7890
7686
8862
8459
8954
8481
8484
8547
8309
8192
7840
7738
7810
8600
8035
8264
8336
8100
8032
8274
9127
8396
8631
7965
8485
8526
8105
8050
8020
8704
8237
8198
8766
8125
8779
8080
8604
8094
8454
8898
8189
7810
8280
7617
8582
8873
8815
8715
8215
8476
8543
9192
7500
8175
8359
8175
8898
8196
8475
8122
8897
9342
9344
9012
8129
8442
8300
8997
8069
8108
8526
8230
7815
8688
8287
8507
8757
8479
8311
8565
8788
8331
8073
8286
8616
8651
8080
8704
8472
8507
9126
8909
8132
8316
8492
7971
9889
8584
7941
7811
8377
8162
8459
8876
7940
8530
8979
8477
8360
8768
8752
8421
8611
8465
8912
8682
8123
8824
9036
8331
7945
8179
7898
8573
8719
8328
9037
8052
8356
8275
8754
8546
8238
7819
8550
8534
9066
8681
8496
9105
8517
9413
8091
8375
7810
9216
7987
8979
8781
8571
8129
8678
8606
8909
8483
8707
8992
8434
8652
7386
8411
8404
8947
8260
7694
8046
8215
8912
8643
8448
8856
8308
8393
8705
8537
8809
9145
8779
8133
8577
8638
7898
8835
8412
8919
8280
8540
8453
8637
8162
8372
8726
8414
8896
8300
9152
8417
8615
9083
8873
9179
8763
9254
8268
8433
7947
8484
8496
8757
8428
9003
8348
8795
8657
8282
8590
7767
8868
8872
8038
8604
8580
9308
8569
8678
8523
9353
8277
8326
9117
8300
8610
8741
8532
8313
8229
8650
8507
9439
8185
8621
8413
8552
9201
8456
8654
9100
8282
7948
9595
8334
8469
8029
9195
8667
8407
7834
8371
8603
8697
7910
8248
8704
9090
8672
9090
9886
8143
8266
8161
8550
7812
9125
8755
8613
9037
8596
8783
8917
8922
7922
8504
9141
9091
9234
8414
7892
7852
8099
8661
8514
7801
8598
8513
8500
8529
8305
8881
9098
8140
8614
8226
8898
8109
8203
8802
7997
8237
8868
8630
8716
8060
7904
8489
9077
8687
8271
9243
8982
8896
8103
8286
9332
8826
7694
8919
8237
9397
8134
8865
8510
8680
8461
8581
8109
8269
8534
8632
8389
8547
9030
8621
9116
8479
8510
8796
8382
8628
7798
8964
8591
8333
8829
7780
8296
8890
7901
8435
8890
8699
8705
8676
8218
9165
7912
8623
7967
8304
7926
8626
8417
8841
8648
8591
8296
8527
8325
8197
8916
8583
9064
9445
8972
7993
8598
7978
9209
8510
8101
8744
9225
9025
8932
8517
7923
8559
8215
8437
8167
8312
8578
8802
8167
8212
8304
8711
8907
8217
8571
8796
8705
9206
8004
8212
7777
8054
8109
8296
8983
8341
8563
9494
8146
8225
8171
8679
8923
8654
9013
8250
8968
7656
8712
8654
8167
9196
8896
8646
8780
8342
9019
8575
8366
8140
8805
8554
8066
8976
8548
8797
8430
8271
8388
8636
8515
8138
8491
8874
8234
9440
8246
8189
8661
9129
8194
8576
8859
8866
9034
8448
8640
8937
8880
9046
9344
8456
8590
8442
9140
8282
9252
8456
8365
8292
8102
7981
9179
8870
8681
8124
8512
8956
8364
8249
8890
8399
8029
9090
8371
8532
8592
8698
8579
9738
8534
8466
8229
9232
8685
8545
9110
8191
9048
8326
8922
8760
8729
8945
8053
8597
8033
8442
8581
8108
8253
9067
8896
8818
8764
8392
9116
8317
9230
8296
8220
9412
8735
8356
8615
8356
7877
8964
8763
9207
9344
8562
8687
8952
8190
9443
9024
8645
8882
8506
9033
8607
9166
8433
8505
8577
8762
8322
8691
8411
9059
8510
8901
8313
8589
8801
9512
9044
8271
9086
9042
8192
8766
8854
8475
8640
8457
9077
7789
8816
8236
9319
8413
8820
8904
7380
9160
8260
8729
8651
8491
8772
8708
9015
8501
9053
8285
8811
8290
9333
8676
8255
9367
8551
8965
9141
8357
9505
8408
8786
8142
8297
9634
8987
8686
8625
8313
8331
8461
8314
8232
8598
8632
8734
8454
8462
9180
8538
9311
8010
8595
8680
9087
8491
8476
8789
8646
8892
9322
8882
8019
8601
8815
9207
8475
8919
8420
8194
8420
9199
8571
8389
8462
8626
8929
8226
8577
8584
8845
8929
8619
8449
8196
9102
9135
8637
8973
9472
8382
9288
8557
8842
8380
8849
8103
8943
8868
8260
8449
9030
9093
8770
7887
8125
9106
8454
7993
9218
8470
9410
9285
8648
8561
8199
8668
9586
9309
8565
8917
9167
8731
8837
9062
8766
8100
8593
8360
8476
8752
8180
8887
9032
8648
7988
8453
8920
8671
8756
8888
8310
9335
8190
8418
8863
8328
8776
8714
8580
9298
8507
9589
8756
8734
8980
8293
8695
9170
9337
8522
9591
8235
9401
9011
9096
8846
8609
8527
8652
8926
9035
9138
8708
8429
8750
9005
8958
8261
8735
9614
9000
9115
9060
8655
8705
8849
8991
8164
8889
8334
9673
8730
8998
8312
9044
9186
8326
9048
9541
9127
9229
9617
9027
7919
9153
9466
8909
8687
9582
9041
9016
8661
8603
8706
8379
8879
9385
8399
9127
9051
8859
8616
8814
9176
8607
9095
8657
9305
9163
8823
8940
8555
9331
8841
8857
9259
8521
9066
9194
8827
9054
8859
8173
9333
8248
9200
8756
9496
9718
8189
8692
8820
9042
8795
8935
9087
8464
8603
8837
9451
8663
8802
8615
8721
8548
8869
8677
8908
9100
8253
9376
8862
9147
8698
9040
8933
9187
8882
9087
9131
9476
8920
8469
8596
8475
9299
8770
9117
7905
8236
8580
9469
8982
8896
9003
8756
8008
8251
8712
9456
9404
8532
9048
8994
8536
9019
8886
9183
8412
9010
8836
8892
8861
9143
8501
8470
8394
9283
8443
8858
8626
9442
9112
8869
9551
9296
8410
8947
9389
9460
9565
9053
8951
8749
8586
8868
8797
8796
9126
9598
9831
9130
8938
8648
9641
9110
8665
9197
9636
8477
9351
8451
9248
8569
9156
8281
9439
9105
8828
8616
9288
8817
8958
8881
8737
9335
8964
8773
8461
9585
9702
8740
9169
8474
8837
9394
8472
8916
8683
9401
9387
9884
9306
8860
9710
9387
8981
8859
9521
9213
9132
9058
9260
9019
8797
9187
8486
8699
8870
8974
9175
9549
9158
9061
8997
8503
9304
9522
9234
9655
9475
8678
9432
9184
8552
8933
9696
9256
9286
8389
9457
8903
9388
8666
8343
9423
8666
8761
8941
9321
9240
9021
9217
9625
9057
9445
8713
8748
9738
9279
9795
9348
9099
9214
9419
9701
9049
8990
8898
9260
8996
9368
9320
9025
9005
9366
9472
9067
9311
8504
8453
9038
9058
8858
8379
9003
9315
8980
9420
8796
8996
9405
9241
9769
8798
9672
9057
9398
9236
8848
9858
9341
9046
9111
9697
9128
8718
9528
9496
9441
9417
9018
9283
8353
9585
8892
9109
9273
8997
9480
9074
9568
9477
9145
9292
9098
9161
8852
9388
9441
9276
9001
8953
8943
8904
8768
9613
9217
9760
8584
9617
9179
9121
9459
9277
9274
9321
9262
10021
9288
9053
9160
8669
9611
9384
9168
8996
9208
8786
10244
9103
8693
9246
9264
9237
9217
9296
9137
8918
8972
9370
9552
8768
8615
9233
9278
9077
9804
9108
8524
8947
9061
9455
9355
8797
8853
9378
9636
8354
9911
8988
9813
9476
9749
9657
9664
9144
9635
9256
9452
9265
9057
9421
8860
10255
9295
9072
9491
9237
9532
9430
9177
9190
9448
9220
9075
9648
9529
9107
9979
9376
9101
9288
8667
8905
8856
9409
9233
9195
9446
9533
9886
9835
9057
9574
8929
8949
9899
9378
9705
9645
9543
9696
8912
9364
9586
9158
9362
9662
9478
9078
9098
9718
9124
9537
9373
9113
9171
9572
9562
9091
10049
8985
9253
8914
9096
9497
9913
9345
9827
10091
9014
10060
9450
8880
9496
9565
9319
9119
9767
9339
8924
9546
10133
10002
9269
9868
9429
10074
8704
9523
9697
9971
9825
10044
9669
9066
8984
9158
8995
9997
9931
8860
9601
9448
9697
10324
9578
9563
9561
9812
9282
9950
9325
9691
9894
9324
8413
9137
9491
9852
9410
9230
9868
9220
9667
9338
9463
9610
8807
9592
9563
10205
9457
10037
9414
9508
9574
9211
9741
9579
9602
9850
9764
9702
9335
10588
9271
9285
9403
10063
10218
9606
9433
9359
9682
9677
9688
8891
9612
8576
9683
9000
9356
9967
9124
10226
9494
10192
9203
9947
10344
9750
9234
9544
9873
9984
9672
9930
9796
9258
10539
9121
9123
9212
9585
9289
10014
9374
9498
9456
9357
9477
9286
9711
10120
10270
8917
10225
9139
9334
9556
9584
10083
10019
9592
9988
9741
9579
9992
9645
9882
10035
10042
9359
9967
9316
9377
10384
8966
9958
9839
10384
10511
10407
10450
9125
9307
9977
9589
10267
9753
10006
10182
9593
9572
9386
9715
10121
9940
9803
10317
9670
9173
9828
9700
10327
10058
9817
10186
9290
10546
9538
10548
10000
9301
10369
10408
10212
9133
9552
9999
9973
9770
9414
9642
9933
9584
10341
9496
10684
9852
9460
9996
8879
9455
9778
9906
9196
10687
10000
10153
9972
10173
10170
9884
10109
9828
9099
9695
10253
10146
10201
9956
10171
9877
9684
10403
10237
9754
9996
9517
10004
9959
9999
9678
10018
9546
9896
10201
10229
10108
9997
10267
10115
10154
9372
9769
9395
9995
9652
9220
10531
10177
10137
9556
9592
9874
10191
10493
10215
9493
10178
10128
10216
10656
10066
9924
9887
9869
9793
10628
9704
10196
9474
10089
9604
9521
9858
9930
10436
10134
9621
10832
10516
9552
10548
9936
10013
10428
10455
10175
10130
10147
10294
10703
10047
10181
10427
9984
10061
10510
10632
10209
10079
10538
9967
10845
10351
10470
9728
11059
10541
11174
10220
10496
10453
11293
10571
10448
10901
10295
9844
10162
11040
10263
11560
10005
10122
10165
10740
11624
10437
10865
9800
10294
10948
10384
10029
10417
10744
10531
10107
10291
10351
9954
10342
10383
10851
10878
10418
10292
10743
10802
11307
10546
11049
9932
10918
10484
10424
10935
10374
11208
10193
10537
10108
10701
10884
10734
10528
10771
11165
10998
10721
10370
10550
10250
10897
10969
10064
10598
10400
10802
11627
10855
10754
10452
10821
10170
11316
11415
11197
10442
10588
11930
10698
10937
10820
10171
11048
10634
10497
10861
10269
11124
11079
11238
11577
11244
11262
11229
10956
11188
10822
11195
10877
10841
10603
10815
10452
10823
11151
10980
10620
10727
11587
11081
11517
11768
10469
11366
10902
11180
10986
10757
11082
11382
10544
11376
10763
10361
11336
11209
10970
10738
11722
11692
11802
11898
10610
11097
11365
11316
11315
11751
11174
11704
11623
11702
11082
10528
11554
12072
11424
11493
11508
11819
11769
11603
11568
11122
11463
11916
11850
11847
12232
11497
11911
12120
11579
11476
11996
11238
12259
11706
12269
11787
11977
11132
11949
11098
11386
11307
12001
11781
11036
11914
11749
11796
12264
11882
11780
12370
11221
11494
12075
11527
11673
12559
11552
12709
11412
11554
12121
12635
11556
11963
11624
12669
12084
12228
12392
12382
12002
12448
11894
12109
12268
12488
12462
13247
12637
12815
12509
12206
12909
12656
11224
12531
12297
12950
12237
12912
12600
12217
12928
12664
12617
13207
13106
12938
12702
13542
12645
12934
12225
12417
12530
12776
13481
12786
12502
12551
13533
13241
12274
13203
12602
13488
12328
12850
13202
13268
12908
12925
13150
13189
13212
12354
12985
13022
13144
12713
13166
13140
13256
12963
13474
13539
13818
13444
13840
13952
13062
13349
14594
13156
13778
14249
13021
13365
13828
13770
14041
13022
14106
13962
13369
13048
13704
12909
13748
14586
13963
14085
14436
14142
13919
14395
13440
13714
13856
13940
14792
13986
15094
14948
14317
13317
14574
14657
14228
14930
14653
14820
14787
15005
14614
14860
15149
14890
14499
15682
15135
14909
14381
15579
15261
14564
14660
15157
15124
16221
15847
16319
15501
15195
15765
14788
15962
15865
15771
14967
15744
15520
16325
15516
16049
15940
15564
15354
16013
15989
15583
15424
15055
15928
16308
16026
16040
16292
16751
16628
17007
17107
16107
16744
16928
16021
16585
17130
16785
17618
17133
16603
16334
16928
16690
17342
16870
17069
17571
17648
17140
17248
17391
17297
17345
18062
17333
17629
17577
18036
17566
17931
18066
18692
18344
17922
18235
18039
17857
18461
18344
17867
18867
18668
18858
18604
18925
18870
19102
18682
19094
18596
18700
19198
18998
19665
19065
18661
19100
19327
19776
20624
19724
19369
20334
20102
19933
20344
20460
19556
20261
20214
19383
20533
20817
20008
20533
20709
20603
21088
20780
21398
21178
22399
21460
21178
21455
21000
22258
21675
22124
21524
21736
21389
21671
22786
23140
22784
22680
22149
23144
23141
22478
22886
22648
23015
22776
22491
22470
22701
22702
23350
23208
22870
23616
24417
24357
23704
23578
24215
24553
24031
24105
24660
24380
25396
25372
24441
24527
25020
25258
25516
25549
25718
24764
25669
25770
25245
26134
25037
26072
25446
26506
26330
26240
26400
26880
26586
26949
26880
27700
27011
27352
28043
28148
28322
27799
27607
28617
27959
28317
29412
28505
28597
28604
28997
28892
28976
28966
30140
29622
29973
29885
30072
30324
29460
30658
30412
29850
30429
30613
31121
31076
31056
30887
31376
31384
31456
31201
32064
32484
32548
32676
32972
32505
32397
32726
33234
33512
32845
33254
33541
33142
33703
34780
34561
35096
34646
34650
34715
34772
35600
35800
35372
36177
35971
35954
36104
35515
36052
36504
37339
37065
37626
38212
38300
37292
38305
37389
38382
38490
38316
38540
38572
39092
38572
39883
39771
39488
39266
40093
39860
39984
40554
40667
41588
40866
40695
41722
41752
41428
42442
41364
42288
42610
42616
43944
43016
43784
42963
43915
44692
43703
43981
44430
44629
44322
45450
45228
44373
45659
45372
45338
44814
45312
45546
46394
46781
47129
46808
47122
46975
47250
48004
48146
48396
49142
47905
47722
49543
49654
49280
49608
48850
49238
49916
50304
50069
50643
50286
50900
51994
51678
52378
52627
52885
51963
53032
53251
53172
52760
52589
53076
53574
52653
53860
53867
54660
55240
54596
54666
54816
55161
55988
55592
55648
56722
56026
56640
57368
56576
57486
56326
57290
57433
58109
57872
59362
58708
58582
59148
59149
58850
59220
58982
60324
59380
59096
59958
60812
61142
61080
61472
61279
61898
61486
61766
63097
62453
61914
63486
63104
62949
62100
63104
63430
63477
64010
63268
64328
64356
65182
65246
65035
64916
65535
65535
65535
65535
65405
65535
65535
65535
65535
65535
65535
65535
65535
65535
65535
65535
65535
65535
65535
65535
65535
65535
65535
65535
65535
65535
65535
65535
65535
65535
65535
65535
65535
65535
65535
65535
65535
65535
65535
65535
65535
65535
65535
65535
65535
65535
65535
65535
65535
65535
65535
65535
65535
65535
65535
65535
65535
65535
65535
65535
65535
65535
65535
65535
65535
65535
65535
65535
65535
65535
65535
65535
65535
65535
65535
65535
65535
65535
65535
65535
65535
65535
65535
65535
65535
65535
65535
65535
65535
65535
65535
65535
65535
65535
65535
65535
65535
65535
65535
65535
65535
65535
65535
65535
65535
65535
65535
65535
65535
65535
65535
65535
65535
65535
65535
65535
65535
65535
65535
65535
65535
65535
65535
65535
65535
65535
65535
65535
65535
65535
65535
65535
65535
65535
65535
65535
65535
65535
65535
65535
65535
65535
65535
65535
65535
65535
65535
65535
65535
65535
65535
65535
65535
65535
65535
65535
65535
65535
65535
65535
65535
65535
65535
65535
65535
65535
65535
65535
65535
65535
65535
65535
65535
65535
65535
65535
65535
65535
65535
65535
65535
65535
65535
65535
65535
65535
65535
65535
65535
65535
65535
65535
65535
65535
65535
65535
65535
65535
65535
65535
65535
65535
65535
65535
65535
65535
65535
65535
65535
65535
65535
65535
65535
65535
65535
65535
65535
65535
65535
65535
65535
65535
65535
65535
65535
65535
65535
65535
65535
65535
65535
65535
65535
65535
65535
65535
65535
65535
65535
65535
65535
65535
65535
65535
65535
65535
65535
65535
65535
65535
65535
65535
65535
65535
65535
65535
65535
65535
65535
65535
65535
65535
65535
65535
65535
65535
65535
65535
65535
65535
65535
65535
65535
65535
65535
65535
65535
65535
65535
65535
65535
65535
65535
65535
65535
65535
65535
65535
65535
65535
65535
65535
65535
65535
65535
65535
65535
65535
65535
65535
65535
65535
65535
65535
65535
65535
65535
65535
65535
65535
65535
65535
65535
65535
65535
65535
65535
65535
65535
65535
65535
65535
65535
65535
65535
65535
65535
65535
65535
65535
65535
65535
65535
65535
65535
65535
65535
65535
65535
65535
65535
65535
65535
65535
65535
65535
65535
65535
65535
65535
65535
65535
65535
65535
65535
65535
65535
65535
65535
65535
65535
65535
65535
65535
65535
65535
65535
65535
65535
65535
65535
65535
65535
65535
65535
65535
65535
65535
65535
65535
65535
65535
65535
65535
65535
65535
65535
65535
65535
65535
65535
65535
65535
65535
65535
65535
65535
65535
65535
65535
65535
65535
65535
65535
65535
65535
65535
65535
65535
65535
65535
65535
65535
65535
65535
65535
65535
65535
65535
65535
65535
65535
65535
65535
65535
65448
65535
65535
65535
64182
65535
64748
64441
64564
63934
64437
63291
62894
63387
63636
62564
63136
63325
61768
62884
62509
61220
61652
61450
61181
61675
60901
60166
59729
60228
60152
60069
59904
59012
58732
58880
58924
58186
57664
58464
58292
58004
58365
57204
58136
56810
57546
56628
55629
55449
55520
55976
55360
54432
55436
53748
54954
54898
54614
53046
53668
53812
52897
53039
53340
53117
51328
52138
52004
50312
51101
49602
50541
50959
50380
50188
49962
49964
49408
50041
49837
49972
49206
48750
48173
47272
45674
44756
44941
44409
44796
44548
45369
45704
45654
46865
46025
45542
45834
45369
45083
45082
43600
43467
43533
44324
43060
43084
43081
42440
43189
42598
42368
42148
41418
41252
40630
40592
41244
40628
40352
39628
39591
39060
40374
38902
39040
38537
38196
37162
38521
37038
37801
37476
36430
36258
36984
36456
36352
35029
35781
35260
35147
35389
34331
34263
35652
34740
33348
33305
33953
33503
33146
32665
32341
32260
32598
31396
30996
31804
31857
31260
30149
30978
31832
30438
30568
29876
29899
29273
30110
28836
29323
28600
28714
28625
27490
28097
27908
27307
27751
27442
27656
26250
26525
26184
25941
26425
26718
26317
26788
25130
24640
25140
24781
24570
25103
24535
24781
24410
24601
23974
23349
23841
24312
23104
22791
23545
23330
22152
23291
22630
22191
22379
21917
22459
21764
20764
20792
21544
21543
20672
20633
21382
20742
21052
20596
20378
19906
19869
19618
18944
19350
20639
19430
19932
18862
18642
19046
18011
18206
18525
18526
18183
17852
18049
17588
18230
17967
17524
18562
16986
17447
17353
16308
16713
16813
16344
16760
16467
16324
16293
17122
17353
15729
15708
15607
16535
16071
15990
15176
15816
15465
14605
14747
15524
15862
15384
15304
14969
15005
15036
14042
15172
14533
14772
14163
14682
13816
14592
14119
13816
14302
13551
14672
14021
14507
13455
14852
13953
14081
12938
13100
14363
13966
12955
13554
12222
13546
13412
14091
13369
13522
13089
13548
12683
12460
13067
12919
12610
12134
12769
13506
13149
13006
12743
12544
12444
12286
13426
11880
12441
12307
12511
11224
12022
11941
12494
11460
11882
11790
12016
11498
12210
11725
12207
11979
11940
