8235
8396
7735
8180
7893
9466
7563
7987
8269
7480
7996
7177
7726
7525
7322
8578
8499
7517
8317
8454
7106
7732
7163
8105
8310
7884
8281
7671
7575
8018
8222
7306
7346
7571
7437
8071
7318
8243
7817
8415
7814
7802
7757
8002
8135
7429
8617
7370
8285
8344
9196
8399
8855
7633
7630
7646
7833
7346
7759
8251
7578
7608
8359
8346
7667
7624
7845
7317
8554
8347
7965
7155
7809
7972
7942
8092
7749
7985
7951
7582
8508
7869
8092
7959
8331
8068
7984
7224
8422
7936
8025
8640
8415
7882
7446
8127
7816
8935
8819
7952
8212
7510
8225
7572
8246
8258
7464
8552
7406
7949
8300
7626
8922
8181
8212
7677
7765
8637
8429
8487
8086
7839
7587
8180
8227
8496
8749
8210
7483
8257
8020
7723
8347
8026
8086
7954
8714
8619
8362
7670
8247
7928
7636
8162
8305
8202
8194
8340
7947
8012
8675
8013
8570
8050
7642
8194
8427
8342
8518
8203
9097
8023
8106
7997
8042
8413
8605
7883
8628
7552
8158
8128
8205
7613
7929
7460
8136
8659
8384
8220
8271
9044
8644
7989
8392
8939
8348
7917
8844
8278
8561
8310
8686
8385
7774
8342
8026
8529
8225
8733
7703
7835
8735
7993
7906
7979
8467
8197
8896
8245
8413
8250
8997
8412
7959
7318
8581
8193
8430
8387
8900
8410
8500
7919
8999
8605
8284
8311
7889
8910
7550
8072
8233
8424
7693
7997
8314
7933
8564
8437
8824
8260
7888
8163
8618
8473
8352
8544
8117
8987
7906
8690
8416
8640
8269
8260
7846
8017
8930
7817
8145
8763
7833
8748
8022
8528
8008
8237
8549
9011
8895
8572
8804
8755
7497
8450
8826
8052
7917
8676
8359
7972
8883
7815
8557
7866
8384
8818
8598
8385
8256
7993
8193
8628
9182
8169
8362
8332
8132
8516
8684
8646
7962
8210
7997
8453
8217
8600
8452
8695
8248
9438
8900
8420
8034
8805
9076
8464
8821
8194
9314
7355
8596
8745
8301
8157
9331
8294
8580
8933
8451
8021
7883
8257
8097
9062
8595
8472
8456
8303
9065
8588
9060
7915
8416
8370
8811
8876
8814
8964
8455
8731
8630
8320
8865
8478
8499
9125
8247
8851
8012
8773
8870
7598
8738
8220
8296
8132
8789
8279
8008
7833
8875
8693
8321
8048
8475
8062
8063
8414
7724
8870
7744
8769
8359
8352
8739
7880
8768
8259
8298
8762
7966
8601
8858
8282
8513
8269
8725
8306
8580
8730
8312
8647
8914
8456
8875
9135
8396
8712
9043
8390
9104
9004
8276
9093
8621
8596
8634
8874
8612
8668
8872
8911
8569
8363
8753
7793
8331
8882
8176
8624
8771
8589
8532
8659
8788
8737
8655
8396
8574
8874
8221
7964
8710
8833
8484
8930
8254
8869
8216
8728
8553
8848
8524
9364
8228
8085
9079
8432
8149
8568
8522
8986
8449
9538
8718
9047
8435
8736
8986
9000
8212
9112
9170
8841
9206
8160
8966
7984
8212
7985
8900
9307
8973
8232
9455
8486
8436
8884
8744
8546
8208
8019
8733
9024
9884
9122
8639
8348
8902
8993
8603
8790
9078
8779
9353
8347
8698
8379
8740
8752
9003
9393
8645
8893
9058
9043
8104
8534
9636
8852
8669
8576
8232
9448
8971
9137
8718
9144
9074
8858
9157
9128
8619
9198
8559
9254
8476
9197
8604
9261
9051
8902
9123
8410
9225
8294
8190
8581
8846
9943
8919
8996
9394
8812
9290
9129
9054
9535
8524
8888
8789
9142
8997
9226
9225
8289
9045
8593
8403
8461
8672
8530
8070
9137
9294
9101
8351
9233
8870
8742
9220
8378
8181
9032
8964
9387
9150
8882
9086
9052
8557
8326
8344
8092
9078
8423
8543
8680
8693
8424
8776
9679
8752
9291
8299
8716
8810
8621
8495
8596
9006
8768
8813
9113
8408
9217
8650
9309
8492
8854
9729
8744
8593
8942
8096
9036
9237
9252
8854
8605
8959
8935
9650
7927
8798
8962
8879
9385
8449
9099
8609
9385
9536
9835
9523
8762
8660
8463
9460
8298
8671
8930
8731
8377
9129
9016
8718
9307
8992
8812
9221
9217
8939
8768
8857
8957
9168
8404
9232
8891
8882
9199
9082
8659
8912
8752
8698
9956
9115
8612
8121
8756
8490
9017
9220
8534
9041
9227
8884
8712
9242
9028
8942
9020
8774
9298
9349
8615
9252
9734
8925
8414
8542
8543
9260
9366
8759
9360
8401
8605
8797
9231
9095
8750
8309
9332
9319
9439
9048
9056
9665
9003
9801
8438
8993
8391
9551
8290
9498
9271
9160
8558
9108
9224
9326
9008
8995
9285
9016
9101
8249
8884
9000
9171
8649
8111
8733
8769
9397
8863
8966
9437
9029
8587
8958
9079
9122
9773
9321
8426
8892
9187
8441
9240
8839
9289
8698
8874
8774
8927
8782
8829
9170
8988
9124
8972
9352
8918
9025
9554
9368
9617
9198
9865
8879
8834
8443
9140
8647
9259
8875
9606
8612
9245
9350
8880
9166
7977
9265
9367
8402
9280
9038
9576
8965
9045
8990
9876
8974
8849
9348
9115
9346
9434
8979
9058
8948
9109
9176
9680
8651
8962
8714
9188
9622
8765
9320
9598
8682
8529
9968
8695
8912
8289
9724
9214
8795
8229
8761
9405
9218
8341
8872
9021
9571
8937
9700
10155
8923
8865
8736
9124
8420
9622
9348
9213
9574
8948
9332
9532
9345
8550
8888
9634
9619
9938
9059
8376
8117
8728
9057
9029
8470
9144
9082
8855
9219
8820
9439
9722
8695
9279
8687
9445
8485
8882
9124
8452
8638
9556
9088
9256
8576
8195
9064
9434
9295
8444
9658
9544
9252
8830
8958
9901
9094
8423
9646
8509
9860
8563
9397
8953
9123
8676
8779
8728
8843
8732
9521
8877
9126
9449
9319
9608
8848
8819
9228
8750
8936
8078
9306
9164
8989
9290
8362
8785
9366
8660
8932
9438
9133
9519
9754
8541
9807
8448
9114
8527
9064
8278
9080
9066
9359
9231
9001
8905
9240
8735
8874
9532
9041
9463
9781
9533
8620
8988
8440
9799
8892
8708
8998
9605
9652
9430
9098
8452
9039
8967
8935
8764
9143
9143
9444
8630
8826
8750
9397
9460
8772
9093
9345
8978
9718
8596
8632
8410
8756
8192
8782
9440
8635
9329
10141
8674
8812
8571
9138
9313
9113
9496
8721
9696
8361
9023
9316
8757
9713
9316
9107
9222
9004
9492
9102
8691
8859
9380
9185
8641
9555
9227
9286
8961
8978
9144
8987
9030
8312
9174
9439
8839
10106
8881
8883
9377
9599
8749
9120
9532
9167
9537
8801
9091
9339
9481
9579
9758
9064
9300
8956
9658
8630
9693
9258
8890
8736
8738
8263
9472
9095
9070
8489
8941
9549
8870
8897
9065
9110
8791
9384
8783
9012
8979
9154
9194
10027
8835
9099
8643
9885
9236
9209
9693
8573
9378
8904
9318
9310
9092
9368
8482
9078
8533
8938
9112
8388
8542
9592
9472
9178
9571
9435
9546
8974
10044
9138
9020
10224
9316
8788
9156
8978
8307
9453
9216
9542
9536
9316
9233
9388
8804
10169
9542
8943
9369
9218
9558
9123
9738
9093
9263
9088
9316
8790
9375
9075
9550
8916
9429
8824
8898
9196
9970
9481
8965
9898
9719
8982
9348
9318
9082
9114
9056
9458
8186
9556
8616
9810
8852
9455
9448
8065
9384
8938
9496
9094
9107
9306
9173
9572
8961
9245
9044
9265
8768
9739
9222
8773
9904
9085
9370
9412
9349
10078
9135
9360
8678
8810
9853
9522
9467
9151
8717
8991
8881
8826
8522
9321
9373
9345
8984
8995
9698
8898
9898
8761
9245
9247
9500
9116
9116
9229
9340
9093
9947
9601
8656
9300
9502
9742
9168
9232
8848
8636
9001
9510
8772
8827
8834
9192
9511
8821
9124
9077
9253
9370
9269
9000
8736
9318
9896
9016
9405
10156
9192
9582
9183
9246
8975
9409
8801
9365
9569
8897
9058
9631
9473
9384
8802
8723
9459
9053
8368
9534
9077
9992
10098
9078
9175
8666
9067
9981
10133
9156
9388
9462
8983
9393
9618
9277
8614
9055
9290
8720
9568
8580
9630
9673
9020
8750
8978
9341
9367
9136
9215
9063
9798
8630
9141
9627
8865
9181
9337
9438
9763
9328
9965
9016
9226
9594
9010
9463
9389
9868
9231
10075
8856
9972
9409
9914
9592
9094
9050
9162
9417
9462
9645
9127
8529
9289
9238
9475
9060
9166
10067
9747
9625
9562
8992
9437
9216
9364
8747
9416
8936
10036
9420
9752
9412
9430
9629
9076
9607
10051
9781
9822
10129
9783
8572
9518
9826
9562
9068
10154
9567
9658
9392
9173
9538
8799
9523
9805
9178
9749
9484
9133
9251
9412
9745
8946
9612
9347
9893
9742
9504
9445
8934
9919
9280
9077
9876
9076
9770
9687
9496
9354
9194
9044
10043
8907
9856
9058
9901
10313
8981
9043
9495
9608
9572
9487
9756
9255
9260
9508
9891
9265
9418
9356
9382
8904
9611
9370
9604
9426
9012
9922
9492
9609
9102
9617
9576
9599
9703
9454
9536
10004
9549
8980
9292
8999
9973
9384
9629
8339
8832
9120
10229
9627
9550
9604
9180
8692
8736
9702
10096
10027
9318
9748
9586
9225
9616
9395
9667
8834
9672
9449
9605
9382
9539
9102
9069
9143
9776
9025
9513
9350
9952
9788
9646
9979
10074
9234
9759
9870
10124
10063
9814
9620
9528
9116
9501
9293
9604
9515
10383
10674
9638
9695
9100
10407
9497
9364
9846
10165
9216
9722
8910
9695
9416
9837
8890
10213
9700
9539
9182
9873
9300
9484
9587
9109
10148
9686
9344
9108
10353
10376
9617
9657
9242
9404
9881
9168
9683
9401
10199
10104
10454
10032
9402
10466
10148
9549
9402
10187
9781
9651
9600
9672
9629
9385
9820
8901
9417
9828
9630
9978
10160
9670
9534
10077
9058
9616
10065
10060
10081
9835
9288
10034
9597
9416
9705
10244
10174
9915
9188
10412
9280
10196
9339
9055
9862
9397
9305
9263
9950
9794
9609
9935
10308
9821
10248
9640
9428
10156
9977
10489
9944
9709
9891
9901
10045
9536
9359
9890
9923
9693
9953
9939
9728
9756
10089
9964
9813
10141
9304
9087
9368
9654
9381
8979
9556
10191
9767
9717
9628
9812
9796
9869
10648
9608
10394
9856
10125
9737
9691
10384
9742
9612
9451
10401
9534
9414
10091
10135
9980
10036
9746
10024
9071
10226
9633
9661
9970
9589
9932
9700
10004
10384
9949
9877
9837
9923
9620
10091
10189
9819
9578
9674
9605
9510
9421
10222
9854
10249
9164
10357
9891
9701
9969
9885
9977
10099
9950
10475
9884
9974
9819
9273
10101
9897
9797
9594
9766
9454
10943
9799
9487
9908
9933
10018
9869
9981
9732
9691
9543
10052
10305
9631
9555
9866
9891
9540
10379
9899
9313
9508
9844
10139
10004
9291
9707
10129
10668
9090
10340
9818
10448
10176
10361
9986
10381
9861
10330
9855
10147
9989
9500
9869
9546
11148
9869
9755
10214
9768
10148
10066
9857
10201
10402
10062
9557
10356
10254
9634
10908
10000
9904
9924
9382
9905
9664
10326
9896
10011
10085
10364
10628
10637
9888
10105
10011
9640
10557
9685
10479
10076
10532
10360
9612
10300
10519
9875
9837
10533
10200
9709
9648
10474
9706
10344
10266
10024
9702
10109
10074
9918
10595
9754
10212
9916
9821
10203
10653
9996
10449
10827
9908
10814
10173
9877
10204
10399
10051
10108
10763
10203
9528
10343
10693
10924
9919
10714
10310
10880
9610
10264
10537
10802
10551
10916
10378
10006
9996
10010
10020
10417
10710
9653
10426
10324
10453
11162
10480
10241
10156
10516
9923
10726
9847
10572
10277
10390
9254
10090
10335
10630
10351
10186
10857
10012
10179
10312
10326
10212
9500
10399
10547
10743
10086
10986
10116
10435
10712
10110
10743
10493
10105
10772
10649
10451
9988
11434
10121
10075
10406
10894
10744
10345
10218
10463
10510
10502
10605
9721
10296
9576
10337
9874
10203
10960
9852
10962
10210
11092
9873
10661
11349
10191
10134
10472
10870
10576
10471
10638
10952
10133
11105
10281
9842
10352
10165
10157
10764
10332
10249
10192
10235
10079
10195
10256
10823
11329
9974
11059
9803
10275
10550
10400
10825
10738
10448
10824
10643
10550
11145
10544
10628
10923
11214
10237
11010
10189
10443
11183
9945
10778
10717
11162
11305
11346
11143
10047
10141
10696
10423
11145
10752
10939
11113
10477
10518
10098
10454
10992
10709
10773
11453
10839
10087
10630
10725
11393
10893
10638
11179
9951
11454
10368
11176
10784
10309
11154
11385
10944
9977
10415
10870
10592
10984
10467
10588
11117
10427
11545
10428
12000
10933
10572
10967
10009
10718
10389
10833
10389
11771
10752
10873
10840
11030
11203
11273
10978
11141
10135
10648
11122
10892
11050
10745
11318
10624
10529
11429
11534
10697
10808
10347
11006
10579
10964
10740
11078
10517
10919
11151
11481
11256
11013
11089
11267
11199
10480
10914
10496
10737
10663
10120
11469
11307
10918
10489
10736
11132
11235
11380
11309
10375
11013
11154
11149
11560
11261
11154
10698
11147
10993
11676
10769
11310
10689
11050
10996
10837
10968
11080
11380
11074
10897
11864
11684
10290
11705
11130
10809
11384
11420
11192
11394
11230
11213
11665
11142
11185
11422
11112
11213
11573
11728
11510
11436
11476
11017
12018
11443
11689
10811
11925
11409
12139
11197
11656
11664
12091
11617
11467
12045
11510
10958
11300
12121
11092
12453
11124
11434
11236
11836
12896
11414
11924
11018
11602
11993
11370
10981
11638
11892
11818
11402
11362
11594
11165
11378
11531
12004
11702
11577
11438
12044
11828
12362
11418
12120
11210
11992
11693
11473
12018
11641
12207
11237
11859
11061
12008
12308
12147
11456
11970
12410
11967
11989
11702
11531
11652
11897
12084
11439
11693
11362
12020
12820
11997
11901
11594
11810
11513
12634
12207
12199
11890
11942
13101
12285
12257
12185
11723
11872
12127
11798
12386
11439
12393
12127
12488
12645
12627
12617
12453
12210
12457
12020
12363
12181
12157
11711
12459
11762
12063
12362
12345
11741
12083
12610
12571
12893
12973
12083
12657
12212
12546
12189
12182
12460
12682
12109
12793
12034
11967
12544
12722
12608
12237
13347
13069
13103
13433
12751
12444
13105
12980
12754
12841
12481
13360
13012
13220
12355
12332
12877
13450
12689
12772
13173
13461
13556
12786
13118
12652
12854
13238
13480
13392
13715
13211
13306
13458
13188
13117
13382
12766
13608
13403
13726
13261
13652
12681
13302
12761
12863
12875
13494
13307
12672
13332
13360
13921
13732
13508
13404
13895
12708
13369
13664
13205
13613
13902
12992
14488
12928
13168
13759
14348
13168
13768
13221
14460
13626
14072
14266
14205
13915
14253
13644
14008
13820
14341
14153
15111
14495
14613
14434
14014
14493
14378
13313
14515
14276
14582
14009
14346
14286
14313
14828
14509
14669
15310
15074
14736
14780
15250
14559
14636
13934
14249
14600
14691
15649
14756
14428
14442
15515
14991
14061
15245
14468
15309
14180
14932
15284
15325
15097
15261
15014
15159
15264
14373
14983
15230
14798
14893
15331
15496
15788
15162
15186
15411
15734
15749
15816
15872
15557
15700
16845
15310
16247
16628
15520
15656
16014
15830
16308
15665
16449
16544
15318
15289
15847
15190
15806
16522
16434
16387
16679
16397
16561
16907
15818
16138
16415
16424
17408
16754
17352
17175
17126
15984
17426
17158
16788
17517
17276
17358
17629
17530
17352
17389
17882
17600
17037
18531
17819
17483
17154
17992
18056
17486
17118
17601
17862
19298
18569
18910
18660
17933
18501
17722
18572
18821
18330
18029
18669
18459
19530
18153
18837
18802
18713
18148
18982
19118
18344
18522
18390
19368
19677
19268
19509
19464
19808
19899
20349
20062
19587
19799
20159
19676
20079
20669
20224
20634
20564
20228
19557
20404
20124
21032
20657
20236
21012
21133
20736
20408
20986
20684
20640
21730
21092
21354
21178
21744
21702
21736
21578
22533
22255
21592
21862
21973
21946
22358
22140
21857
23061
22563
22709
22122
22957
23465
23040
22717
23012
22884
23185
23174
23113
23899
23433
22730
23341
23378
23988
24344
23868
23769
24675
24626
24092
24356
24822
24192
25005
24632
23949
25047
25456
24832
25252
25675
25275
26168
25750
25962
25786
27273
26002
26282
26292
25963
27111
26573
27027
26776
26950
26122
27148
28254
28321
27686
27957
27722
28024
28601
27460
28051
27965
27976
27849
27570
27789
28156
28253
28516
28433
28536
28936
30010
29501
29620
29370
29962
30228
29466
29972
30464
30084
31371
31301
30490
30310
31007
31184
31514
31560
31778
30978
31513
31910
31284
32229
31082
32662
31780
32699
32680
32660
32557
33469
33025
33217
33572
34205
34158
33838
34869
34885
35190
34933
34505
35544
35532
35360
36018
35178
35706
35413
36389
36164
36588
36752
37449
37051
37345
37316
37908
38126
37591
38537
37901
37408
38171
38468
38912
39089
39195
38956
39247
39597
39412
39636
40406
40358
40348
41197
41794
41064
40738
40544
42176
42176
41256
42410
42682
42010
42240
43684
43096
44340
43620
43737
43540
43899
44196
45046
44025
45748
45168
45266
45524
44964
45459
46312
46586
46612
46807
48570
48404
47746
47957
47760
48588
48484
48974
48841
49023
49472
48820
49833
49860
50623
50220
50436
50752
50379
51676
51469
52905
51548
52037
52200
53325
52331
53162
53021
53700
53573
53770
54473
54080
55684
55453
55940
56333
55705
56378
55901
56283
56261
57204
57710
57044
57974
57293
57757
57562
58228
57750
58820
59410
58884
59887
59529
59613
61151
60610
60413
61367
61700
60720
61242
62267
63044
62886
62557
62224
62720
63499
63454
64436
64362
64404
65121
65535
65372
65535
65535
65535
65535
65535
65535
65535
65535
65535
65535
65535
65535
65535
65535
65535
65535
65535
65535
65535
65535
65535
65535
65535
65535
65535
65535
65535
65535
65535
65535
65535
65535
65535
65535
65535
65535
65535
65535
65535
65535
65535
65535
65535
65535
65535
65535
65535
65535
65535
65535
65535
65535
65535
65535
65535
65535
65535
65535
65535
65535
65535
65535
65535
65535
65535
65535
65535
65535
65535
65535
65535
65535
65535
65535
65535
65535
65535
65535
65535
65535
65535
65535
65535
65535
65535
65535
65535
65535
65535
65535
65535
65535
65535
65535
65535
65535
65535
65535
65535
65535
65535
65535
65535
65535
65535
65535
65535
65535
65535
65535
65535
65535
65535
65535
65535
65535
65535
65535
65535
65535
65535
65535
65535
65535
65535
65535
65535
65535
65535
65535
65535
65535
65535
65535
65535
65535
65535
65535
65535
65535
65535
65535
65535
65535
65535
65535
65535
65535
65535
65535
65535
65535
65535
65535
65535
65535
65535
65535
65535
65535
65535
65535
65535
65535
65535
65535
65535
65535
65535
65535
65535
65535
65535
65535
65535
65535
65535
65535
65535
65535
65535
65535
65535
65535
65535
65535
65535
65535
65535
65535
65535
65535
65535
65535
65535
65535
65535
65535
65535
65535
65535
65535
65535
65535
65535
65535
65535
65535
65535
65535
65535
65535
65535
65535
65535
65535
65535
65535
65535
65535
65535
65535
65535
65535
65535
65535
65535
65535
65535
65535
65535
65535
65535
65535
65535
65535
65535
65535
65535
65535
65535
65535
65535
65535
65535
65535
65535
65535
65535
65535
65535
65535
65535
65535
65535
65535
65535
65535
65535
65535
65535
65535
65535
65535
65535
65535
65535
65535
65535
65535
65535
65535
65535
65535
65535
65535
65535
65535
65535
65535
65535
65535
65535
65535
65535
65535
65535
65535
65535
65535
65535
65535
65535
65535
65535
65535
65535
65535
65535
65535
65535
65535
65535
65535
65535
65535
65535
65535
65535
65535
65535
65535
65535
65535
65535
65535
65535
65535
65535
65535
65535
65535
65535
65535
65535
65535
65535
65535
65535
65535
65535
65535
65535
65535
65535
65535
65535
65535
65535
65535
65535
65535
65535
65535
65535
65535
65535
65535
65535
65535
65535
65535
65535
65535
65535
65535
65535
65535
65535
65535
65535
65535
65535
65535
65535
65535
65535
65535
65535
65535
65535
65535
65535
65535
65535
65535
65535
65535
65535
65535
65535
65535
65535
65535
65535
65535
65535
65535
65535
65535
65535
65535
65535
65535
65535
65535
65535
65535
65535
65535
65535
65535
65535
65535
65535
65535
65535
65535
65535
65535
65535
65535
65535
65535
65535
65535
65535
65535
65535
65535
65535
65535
65535
65535
65535
65535
65535
65535
65535
65535
65535
65535
65535
65535
65535
65535
65535
65535
65535
65535
65535
65535
65535
65535
65535
65535
65535
65535
65535
65535
65535
65535
65535
65535
65535
65535
65535
65535
65535
65535
65535
65535
65535
65535
65535
65535
65535
65535
65535
65535
65535
65535
65535
65535
65535
65535
65535
65535
65535
65535
65535
65535
65535
65535
65535
65535
65535
65535
65535
65535
65535
65535
65535
65535
65535
65535
65535
65535
65535
65535
65535
65535
65535
65535
65535
65535
65535
65535
65535
65535
65535
65535
65535
65535
65535
65535
65535
65535
65535
65535
65535
65535
65535
65535
65535
65535
65535
65535
65535
65535
65535
65535
65535
65535
65535
65535
65535
65535
65535
65535
65535
65535
65535
65535
65535
65535
65535
65535
65535
65535
65535
65535
65535
65535
65535
65535
65535
65535
65535
65535
65535
65535
65535
65535
65535
65535
64592
64959
63982
64261
64447
63772
63815
63867
63912
62489
63533
62536
63453
62816
62058
61498
59994
57848
56968
56313
56642
56645
57176
57723
58018
57798
58822
58186
58189
57600
57517
57117
56960
55636
55917
54612
55668
54596
54528
54102
53899
53816
53826
53067
52838
52459
51850
50609
51284
51275
51034
51404
50592
50386
49629
50024
49716
49435
48500
47472
47162
48212
46411
47174
47004
45643
45615
46465
45601
45527
44489
44580
44516
44116
44235
43145
42898
44068
43872
42102
42029
42180
41476
41216
40860
40234
40290
41352
39406
38781
39837
39722
38968
38236
38544
39225
37448
37933
37144
37358
36250
37142
36943
36130
35339
35407
35506
34666
35156
34880
34756
34408
34056
33966
32709
32788
32549
32034
32443
32986
32053
32683
30772
30634
31232
30596
30178
30642
29788
30421
30212
29993
30067
28833
29073
29346
28114
28072
28232
28666
26956
28426
27552
27332
26798
26889
27305
26728
25450
25396
26182
25729
25271
24745
25731
25036
25348
25206
24476
24526
23949
23242
22736
23282
24679
23099
23942
22494
22724
22820
21978
22369
22302
22221
21913
21575
21785
21544
21466
21447
21051
21940
20111
20556
20242
19314
19602
19878
19212
19474
19158
19424
19407
19947
20324
18792
18696
18666
19563
19076
18544
17908
18571
18253
17494
17903
18589
18591
17951
17963
17688
17749
18048
16801
17817
17064
17327
16868
16890
16431
17068
16516
16378
17060
16033
17242
16298
17116
15432
16812
16080
16452
15240
15432
16320
16132
15107
15884
14454
15729
15501
16110
15488
15457
15014
15886
14889
14362
15084
14970
14202
14122
14571
14920
14824
14738
14504
14558
14201
14200
15214
13332
14325
13948
14252
12703
13723
13930
14190
13430
13876
13314
13889
13339
13867
13648
13754
13702
13577
