8761
8694
8012
8467
8236
10006
7851
8470
8712
7974
8431
7758
8046
7828
7514
9079
8634
7912
8592
8592
7182
8211
7553
8242
8585
8113
8662
8024
7710
8521
8503
7895
7823
7796
7864
8356
7689
8650
8192
9090
8335
8045
7893
8282
8647
7677
8819
7965
8752
8654
9518
8842
9149
7944
8042
8077
8113
7630
8180
8561
7876
7976
8838
8780
8061
8042
8290
7687
8826
8601
8434
7602
8328
8568
8575
8388
8236
8428
8321
7805
8630
8155
8404
8233
8538
8804
8390
7604
8810
8481
8499
9013
8743
8377
7911
8738
8299
9203
9247
8331
8669
8132
8820
8010
8582
8550
7676
9015
7989
8207
8583
7997
9076
8642
8455
8030
8209
8871
9030
8814
8594
8311
8047
8753
8801
8842
9051
8959
7671
8618
8439
7938
8680
8351
8592
8231
9125
8989
8773
8378
8649
8525
8119
8579
8841
8594
8674
8900
8483
8489
9031
8346
8997
8567
7845
8526
9059
8866
8839
8482
9508
8428
8498
8593
8226
8835
8776
8290
9208
8100
8669
8779
8735
8125
8516
8067
8675
8962
8839
8684
8577
9512
9083
8533
8891
9307
8632
8329
9483
9169
9472
8437
9236
8976
8225
8596
8486
8948
8666
9373
8186
8088
9170
8533
8380
8560
8978
8765
9108
8762
8721
8702
9258
8704
8450
7974
8990
8772
8916
8781
9238
8801
9096
8396
9198
9083
8704
9015
8509
9203
8245
8423
8738
9030
8337
8729
8632
8902
8981
8838
9407
8999
8444
8701
9118
8841
8973
9167
8637
9230
8317
9158
9040
9097
8737
8896
8547
8599
9547
8537
8651
9514
8529
8939
8228
9238
8501
8505
8826
9673
9180
8991
9378
9163
8185
8861
9376
8458
8419
9410
9287
8685
9351
8351
9190
8432
8919
9313
9253
9110
8843
8553
8773
9168
9715
8693
8916
8801
8641
9018
8952
9178
8349
8692
8459
8888
8805
8949
9099
9270
8918
10037
9606
9027
8246
9300
9487
9068
9463
8681
9612
7879
8989
8967
8934
8506
9695
9012
9328
9360
8920
8739
8379
8864
8637
9648
9166
8692
8937
8733
9482
9206
9391
8547
8935
9150
9113
9432
9303
9488
9095
9285
9205
8704
9720
9140
8939
9650
8733
9478
8541
9122
9286
8170
9288
8595
8933
8637
9245
8823
8472
8526
9410
9094
8805
8731
8801
8520
8563
9069
8449
9387
8367
9386
8822
9092
9557
8400
9420
8923
9115
9632
8413
9085
9328
8692
9278
8788
9109
8873
9032
9408
8689
9124
9344
9179
9121
9664
8968
9374
9721
8963
9525
9384
9047
9551
9113
9079
9322
9428
9152
9308
9327
9333
9375
8765
9101
8312
9059
9288
8739
9236
9361
9043
9222
9256
9436
9274
9006
8820
8948
9371
9156
8541
9430
9266
9083
9437
8961
9495
8693
9428
9213
9439
9032
9859
8846
8833
9820
8883
8712
9024
9173
9318
9317
10013
9357
9452
9057
9200
9603
9424
8620
9631
10112
9333
9721
8917
9376
8461
8779
8509
9543
9777
9743
8650
9845
9300
9165
9465
9128
8984
8844
8550
9097
9307
10176
9451
9118
8761
9624
9631
8930
9455
9783
9035
9616
8883
9243
8744
9090
9206
9514
9946
9268
9290
9788
9592
8635
8869
10163
9314
9325
9114
8740
9748
9334
9623
9463
9498
9522
9166
9318
9890
9104
9848
9006
9945
8842
10038
9302
9769
9412
9550
9705
8918
9808
8585
8580
9155
9354
10474
9465
9536
9812
9285
9780
9220
9453
10134
9034
9311
9355
9798
9404
9833
9516
8900
9536
9197
9018
9046
9162
8971
8604
9656
9749
9556
9017
9748
9591
9254
9522
8780
8580
9690
9556
10125
9619
9463
9411
9499
9021
8746
8930
8580
9585
8987
9125
9249
9013
9003
9446
10205
9494
9714
8892
9192
9429
8978
9060
9070
9383
9084
9225
9627
8994
9787
9094
9849
9081
9501
9924
9313
8905
9331
8647
9526
9897
9516
9606
9134
9230
9406
10278
8264
9066
9610
9506
9687
9140
9488
8920
9762
9959
10366
10020
8961
9313
9157
9698
8489
9050
9318
9464
8716
9674
9502
9280
9814
9405
9141
9542
9535
9581
9168
9254
9411
9669
9121
9777
9321
9400
9845
9677
8886
9360
9307
8925
10521
9446
8932
8650
9277
9161
9438
9684
8875
9477
9773
9529
9121
9573
9723
9273
9431
9526
9837
9732
8998
9857
10044
9215
8842
9103
9130
9545
9986
9532
9966
8741
9044
9562
9794
9592
9121
8690
9521
9560
10023
9520
9243
9912
9494
10383
9135
9416
8823
10054
8718
9969
9762
9700
9107
9526
9454
9684
9499
9566
9860
9578
9634
8651
9466
9644
9738
9206
8880
9361
9160
9849
9322
9598
9869
9241
9375
9670
9547
9785
10120
9727
9026
9534
9745
8882
9704
9182
9808
9253
9415
9364
9661
8983
9317
9652
9284
9684
9346
9979
9440
9494
9963
9805
10123
9606
10309
9100
9458
8896
9890
9287
9767
9394
10051
9200
9423
9308
9272
9482
8648
9934
9574
8979
9511
9697
10046
9279
9659
9685
10313
9427
9176
10098
9117
9556
9901
9169
9342
9338
9460
9462
10282
9238
9428
9378
9696
10218
9429
9572
9815
9056
8892
10572
9157
9329
9070
10236
9603
9305
8809
9292
9800
9849
9145
9173
9534
9890
9570
10197
10762
9358
9214
9135
9550
8889
10037
9616
9549
9932
9542
9908
9789
9866
8938
9449
10027
10140
10474
9524
9169
8732
9006
9507
9370
8800
9671
9695
9368
9602
9488
10102
9898
8917
9708
9314
10039
9228
9431
9376
8971
9353
10058
9560
9899
8941
8805
9586
9886
9656
9086
10078
9989
9584
9102
9527
10241
9718
8852
10227
8994
10131
8990
9842
9490
9546
9569
9417
9158
9286
9405
9727
9490
9528
9757
9499
10057
9614
9339
9828
9296
9592
8403
9872
9467
9209
9548
8701
9116
10068
8978
9389
10156
9694
9878
9990
9361
10064
8935
9651
8959
9291
8858
9673
9336
9565
9629
9557
9374
9630
9232
9413
10054
9728
9716
10387
9980
9083
9630
8851
10216
9271
9301
9474
10216
10123
9913
9629
8883
9493
9177
9314
9356
9298
9534
9759
9220
9280
9061
9795
10103
9071
9468
9711
9380
10170
9067
9188
8849
9100
9138
9140
10029
9092
9611
10591
9064
9447
9359
9617
9814
9336
9958
9141
9926
8680
9558
9588
9179
10314
9978
9506
9390
9232
9823
9481
9079
9098
9760
9516
9021
10004
9657
9799
9452
9331
9518
9551
9363
9049
9534
9604
9377
10585
9198
9270
9622
9927
9107
9478
10013
9776
9961
9130
9670
9884
9918
10197
10273
9357
9524
9516
9880
9339
10050
9515
9427
9199
8996
8727
10152
9738
9723
8955
9569
9881
9453
9376
9732
9424
8931
9899
9266
9659
9639
9561
9453
10497
9511
9392
9086
10296
9617
9398
10259
9098
9811
9520
10009
9567
9826
9820
8937
9696
9152
9431
9572
8954
9418
10204
9841
9843
9821
9410
10223
9206
10202
9508
9247
10222
9462
9286
9680
9073
9027
9909
9546
10039
10157
9826
9567
9813
9117
10512
10033
9386
9833
9578
9844
9425
10020
9461
9357
9602
9992
9306
9581
9552
10124
9614
10096
9068
9508
9730
10370
9706
9246
10001
10072
9228
9886
10019
9286
9438
9525
10122
8805
9876
9046
10356
9212
9819
10016
8408
9902
9304
9932
9874
9654
9723
9597
10263
9670
9817
9571
9643
9062
10335
9511
9161
10580
9444
9838
10109
9713
10381
9649
9717
9154
9268
10296
10132
9836
9300
9018
9508
9268
9252
9180
9761
9961
9835
9509
9593
10421
9633
10305
9221
9465
9738
10000
9644
9427
9654
9615
9875
10420
9874
9150
9690
10273
10392
9639
9736
9190
9002
9725
9800
9407
9109
9474
9713
9871
9226
9766
9527
9881
9721
9410
9466
9205
9819
10164
9530
9594
10465
9460
9940
9308
9937
9500
9927
9267
10144
10069
9332
9540
9894
9960
9622
9038
9156
9986
9366
9012
9972
9426
10415
10543
9807
9937
9133
9689
10487
10285
9546
9712
9893
9473
10024
9948
9658
9027
9484
9555
9364
9775
9241
10134
9963
9647
9210
9316
9639
9695
9500
9934
9187
10402
8956
9485
9766
9254
9576
9856
9454
10347
9551
10440
9954
9738
9899
9260
9902
10000
10454
9524
10360
9063
10256
9960
10292
9990
9591
9586
9613
9922
9760
10084
9745
9245
9764
9973
10002
9291
9468
10405
10021
10101
9805
9611
9932
9767
9761
9223
10008
9460
10831
9809
10019
9472
10064
10321
9372
9803
10336
10061
10314
10474
10109
8740
10183
10304
10178
9495
10550
9908
10173
9736
9622
9768
9514
9837
10320
9380
10136
10223
9660
9360
9856
10076
9477
10039
9515
10328
10170
9902
9771
9395
10399
9768
9565
10459
9397
10318
10200
10049
9968
9645
9220
10462
9112
10239
9623
10490
10823
9041
9930
9807
10046
9941
9982
10231
9766
9578
9962
10226
9675
9785
9688
9851
9482
9975
9933
9775
10082
9345
10205
9961
10104
9732
10138
10009
10344
9586
9846
10085
10281
9888
9329
9564
9575
10622
10068
10045
8853
9295
9703
10464
10094
9981
10013
9838
9038
9417
10136
10440
10490
9472
10234
10114
9513
9941
9893
10058
9402
10123
9746
9967
9861
9990
9669
9531
9437
10474
9666
9827
9809
10322
10276
9951
10197
10476
9484
9946
10194
10662
10581
10388
10018
9837
9798
9796
9760
9955
10145
10612
10680
9939
10168
9529
11026
9993
9843
10121
10584
9703
10252
9640
10178
9515
10199
9332
10546
10086
9967
9530
10342
9760
10100
10128
9734
10453
10052
9849
9531
10705
10972
10011
10024
9763
9723
10507
9582
9818
10022
10400
10282
10836
10402
9974
10935
10484
10172
10013
10610
10164
10348
9856
10090
9913
9666
9952
9411
9607
10316
9880
10276
10435
10228
10076
10208
9849
10284
10548
10119
10480
10332
10058
10575
10013
9688
9965
10470
10488
10370
9402
10750
9950
10527
9897
9581
10529
9949
10043
9830
10516
10406
10118
10389
10670
10333
10412
9948
9930
10611
10538
11107
10335
10379
10200
10441
10675
10086
9950
10199
10328
9896
10532
10406
10154
10052
10508
10525
10330
10622
9745
9566
9717
10162
9861
9601
10094
10496
10356
10345
9897
9833
10224
10392
10866
10109
10683
10348
10534
10349
9769
10970
10001
10048
10092
10682
10106
9977
10667
10458
10436
10628
10199
10489
9405
10776
10080
10002
10568
9924
10415
10033
10390
10602
10327
10282
10453
10408
10146
10338
10731
10249
9872
9996
9810
10122
9903
10601
10591
10694
9766
10719
10080
10373
10573
10432
10194
10684
10408
10939
10352
10357
10454
9660
10454
10420
10372
9951
10402
9919
11154
10583
9849
10375
10332
10580
10600
10403
10397
10013
9733
10695
10481
9741
9809
10218
10358
10071
11166
10426
9872
10170
10180
10432
10610
9787
10252
10710
10789
9379
10901
10227
10902
10430
10756
10807
10857
10196
10789
10304
10682
10496
10211
10670
9864
11473
10252
10243
10347
10386
10735
10442
10368
10484
10813
10461
9981
10897
10482
10519
10904
10581
10316
10500
9845
10151
10132
10674
10422
10402
10484
10732
11044
10811
10033
10645
9916
10124
10864
10379
10710
10635
10927
10904
9970
10468
10676
10078
10693
10929
10772
10202
10316
10745
10228
10819
10641
10538
10287
10835
10810
10425
11044
10199
10546
10223
10383
10744
11250
10228
11093
11105
10213
11349
10566
10168
10848
10624
10508
10512
11024
10580
10028
10704
11223
11354
10452
10888
10609
11151
10043
10661
10887
11214
11053
11422
10902
10325
10238
10471
10195
11103
10793
10106
10730
10788
10778
11573
10954
10832
10901
10840
10500
11288
10331
10741
10938
10791
9437
10431
10580
11245
10799
10561
11216
10677
10779
10738
10655
10473
10074
10976
10700
11237
10411
11505
10600
10512
10887
10441
10585
10743
10827
11325
10745
10767
10330
11644
10602
10411
10709
11280
11176
10982
10736
10808
10667
10814
10802
10240
10724
9912
10893
10430
10713
11493
10385
11392
10927
11427
10376
11149
11634
10669
10551
11047
11237
10836
10724
11199
11366
10759
11660
10602
10353
10799
10708
10341
11353
10738
10777
10795
10793
10781
10612
10773
11304
11644
10346
11242
10474
10637
11148
10822
11276
11462
10874
11590
11133
10930
11457
11128
11180
11446
11208
10694
11443
10534
11214
11694
10234
11022
11242
11631
11581
11561
11521
10453
10744
11253
10911
11877
10967
11364
11483
10797
10956
10573
10969
11444
11063
11000
11663
11201
10625
11058
11215
11701
11131
11062
11656
10528
11833
10861
11584
11226
10636
11535
11858
11475
10336
10986
11376
11345
11122
10559
11003
11590
10666
11716
10752
11984
11298
10949
11225
10258
10965
11135
11255
10808
12139
10976
11336
11511
11672
11784
11498
11589
11450
10368
10970
11381
11386
11311
11482
11246
10975
11018
11843
12082
11277
11241
10970
11469
11050
11469
10788
11307
10867
11347
11743
11662
11490
11424
11576
11515
11395
10612
11180
11188
11539
11020
10621
11919
11838
11392
10907
10874
11381
11588
11719
11505
11051
11467
11624
11356
11734
11736
11669
11122
11320
11186
12126
11120
11678
10866
11266
11260
11187
11378
11470
11718
11590
11214
12233
11962
11098
11962
11593
11252
11645
11742
11505
11704
11710
11642
11961
11465
11565
11745
11590
11513
11812
12445
12031
11876
11948
11594
12424
11869
12058
11374
12486
12134
12603
11670
12018
12067
12646
12318
12036
12505
12008
11383
11636
12483
11574
12402
11613
11632
11659
12556
13226
11928
12275
11423
11908
12288
12052
11520
11792
12312
11860
11835
11725
12247
11549
11804
11990
12331
12547
11964
11911
12528
12084
12790
11751
12644
11636
12406
12137
12007
12458
11953
12592
11794
12425
11773
12677
12497
12760
12045
12389
12748
12429
12379
12012
12345
12004
12521
12690
11919
12021
12203
12236
13284
12344
12219
12061
12234
11835
13142
12812
12481
12347
12172
13568
12566
12642
12251
12055
12757
12293
12166
12714
11812
12570
12747
12696
13066
12696
12968
12828
12436
13159
12393
12800
12596
12698
12238
12573
12127
12380
12932
12760
12111
12353
13303
12872
13310
13428
12408
12960
12485
13083
12365
12744
12781
13189
12729
12871
12492
12049
13071
13145
12810
12653
13716
13468
13462
13680
12684
12941
13130
13108
13367
13565
12933
13758
13773
13546
12642
12285
13246
14025
13082
13252
13644
13597
13585
13368
13721
13212
13284
13674
13433
13891
14038
13524
13696
13958
13448
13469
13550
13304
13655
13832
14094
13653
13969
13295
13765
13181
13114
13174
14025
13721
13442
13698
13952
14079
14085
13977
13946
14271
13124
13594
14033
13599
13959
14528
13416
14957
13504
13626
13922
14813
13765
13864
13430
14857
14034
14390
14736
14439
14176
14799
14049
14498
14292
15030
14569
15460
14592
14834
14543
14373
15009
14694
13782
14666
14450
15050
14326
14994
14498
14738
15286
14964
14980
15643
15428
15089
15211
15588
15117
15124
14596
14586
14962
14950
15837
15372
14722
14940
15543
15314
14486
15624
15039
15606
14574
15086
15740
15589
15353
15400
15440
15437
15833
14724
15333
15532
15579
15130
15709
15732
15616
15304
15760
15924
15892
16040
16339
16349
15748
15990
17332
15431
16171
16908
15652
16092
16210
15777
16564
15780
16614
16747
16128
15546
15892
15447
16333
16937
16797
16699
17100
16853
16816
16817
16282
16184
16884
16644
17361
17079
17895
17449
16996
16207
17781
17210
17103
17862
17406
17700
17582
17802
17645
17757
17985
18098
17508
18625
18316
17960
17572
18106
18200
17845
18004
18117
18249
19236
18865
19264
18900
18267
18577
17973
19060
19451
18790
18275
19388
18468
19994
18590
19091
19115
18969
18287
19099
19514
18848
18949
18676
19472
19620
19144
19436
19619
20047
20040
20873
20568
19716
20551
20421
19763
20432
20724
20125
20578
20869
19947
19974
20580
20242
20773
20509
20519
21369
21424
21134
20808
21225
21250
20914
22172
21514
21518
21400
21788
21733
22064
21760
22472
22553
21879
22213
22065
22190
22836
22442
22165
23072
22603
23140
22453
23041
23006
23415
23040
23161
23176
23126
23526
23430
23886
23879
23370
23734
23833
24396
24774
24203
23766
24996
24832
24170
24647
24888
24167
24954
24679
24053
25007
25684
24634
25512
25741
25573
26069
25782
26008
25906
27384
26056
26460
26504
26309
27339
26853
27322
26691
26861
26805
26642
28020
28477
27746
27668
27603
28483
28468
27958
28394
28039
28651
27835
27784
27904
28275
28638
28677
28511
28758
29663
30362
29924
29637
29545
30095
30072
29381
30214
30804
30498
31922
31491
30162
30651
31321
31396
31188
31656
32208
31277
31566
32355
31748
32310
31133
32270
31846
32989
33240
32960
33472
33818
33156
33514
33563
34114
34084
34032
34792
35223
34944
34730
34503
35556
35021
35508
36059
34880
35607
35545
36148
36298
36677
36502
37650
37346
37662
37466
37793
37745
37229
38042
37930
37636
38176
38488
39460
39096
39376
38666
39005
39909
39654
39638
40488
40829
40800
40916
41216
40714
41024
41148
41492
42009
40904
42197
42105
41646
42452
43786
43994
44022
43421
44230
44100
44116
44484
44817
44816
45109
45140
45284
45962
44634
45446
45998
46696
46369
47304
48758
47941
47444
47928
47748
47845
48564
48662
48828
48756
49300
49060
50326
49960
49808
49956
50604
50293
50432
51564
51338
52709
51380
52039
52057
53381
52548
53100
52121
53221
53561
53703
55035
54784
55380
54938
55576
56576
55780
56336
56372
56500
56057
57224
56968
56388
57786
57549
57730
57401
57716
57934
58847
58968
59348
59066
59076
60316
60596
60564
60341
60777
61568
60932
60941
62285
62692
62502
62346
61373
62874
63641
63014
63872
63941
64132
65012
65535
65381
65535
65535
65535
65535
65535
65535
65535
65535
65535
65535
65535
65535
65535
65535
65535
65535
65535
65535
65535
65535
65535
65535
65535
65535
65535
65535
65535
65535
65535
65535
65535
65535
65535
65535
65535
65535
65535
65535
65535
65535
65535
65535
65535
65535
65535
65535
65535
65535
65535
65535
65535
65535
65535
65535
65535
65535
65535
65535
65535
65535
65535
65535
65535
65535
65535
65535
65535
65535
65535
65535
65535
65535
65535
65535
65535
65535
65535
65535
65535
65535
65535
65535
65535
65535
65535
65535
65535
65535
65535
65535
65535
65535
65535
65535
65535
65535
65535
65535
65535
65535
65535
65535
65535
65535
65535
65535
65535
65535
65535
65535
65535
65535
65535
65535
65535
65535
65535
65535
65535
65535
65535
65535
65535
65535
65535
65535
65535
65535
65535
65535
65535
65535
65535
65535
65535
65535
65535
65535
65535
65535
65535
65535
65535
65535
65535
65535
65535
65535
65535
65535
65535
65535
65535
65535
65535
65535
65535
65535
65535
65535
65535
65535
65535
65535
65535
65535
65535
65535
65535
65535
65535
65535
65535
65535
65535
65535
65535
65535
65535
65535
65535
65535
65535
65535
65535
65535
65535
65535
65535
65535
65535
65535
65535
65535
65535
65535
65535
65535
65535
65535
65535
65535
65535
65535
65535
65535
65535
65535
65535
65535
65535
65535
65535
65535
65535
65535
65535
65535
65535
65535
65535
65535
65535
65535
65535
65535
65535
65535
65535
65535
65535
65535
65535
65535
65535
65535
65535
65535
65535
65535
65535
65535
65535
65535
65535
65535
65535
65535
65535
65535
65535
65535
65535
65535
65535
65535
65535
65535
65535
65535
65535
65535
65535
65535
65535
65535
65535
65535
65535
65535
65535
65535
65535
65535
65535
65535
65535
65535
65535
65535
65535
65535
65535
65535
65535
65535
65535
65535
65535
65535
65535
65535
65535
65535
65535
65535
65535
65535
65535
65535
65535
65535
65535
65535
65535
65535
65535
65535
65535
65535
65535
65535
65535
65535
65535
65535
65535
65535
65535
65535
65535
65535
65535
65535
65535
65535
65535
65535
65535
65535
65535
65535
65535
65535
65535
65535
65535
65535
65535
65535
65535
65535
65535
65535
65535
65535
65535
65535
65535
65535
65535
65535
65535
65535
65535
65535
65535
65535
65535
65535
65535
65535
65535
65535
65535
65535
65535
65535
65535
65535
65535
65535
65535
65535
65535
65535
65535
65535
65535
65535
65535
65535
65535
65535
65535
65535
65535
65535
65535
65535
65535
65535
65535
65535
65535
65535
65535
65535
65535
65535
65535
65535
65535
65535
65535
65535
65535
65535
65535
65535
65535
65535
65535
65535
65535
65535
65535
65535
65535
65535
65535
65535
65535
65535
65535
65535
65535
65535
65535
65535
65535
65535
65535
65535
65535
65535
65535
65535
65535
65535
65535
65535
65535
65535
65535
65535
65535
65535
65535
65535
65535
65535
65535
65535
65535
65535
65535
65535
65535
65535
65535
65535
65535
65535
65535
65535
65535
65535
65535
65535
65535
65535
65535
65535
65535
65535
65535
65535
65535
65535
65535
65535
65535
65535
65535
65535
65535
65535
65535
65535
65535
65535
65535
65535
65535
65535
65535
65535
65535
65535
65535
65535
65535
65535
65535
65535
65535
65535
65535
65535
65535
65535
65535
65535
65535
65535
65535
65535
65535
65535
65535
65535
65535
65535
65535
65535
65535
65535
65535
65535
65535
65535
65535
65535
65535
65535
65535
65535
65535
65535
65535
65535
65535
65535
65535
65535
65535
65535
65535
65535
65535
65535
65535
65535
65535
65535
65535
65535
65535
65535
65535
65535
65535
65480
65535
65435
63892
64452
62924
63710
64056
63757
62696
62936
62882
62541
62548
62966
62860
62080
61229
61099
59840
57513
56845
56328
56072
56345
56200
57672
57736
57272
59014
57608
57219
58000
56898
57122
56904
55105
54854
54751
55156
53824
53979
53921
53504
53750
52941
53108
52300
52248
51459
50986
50872
51866
50858
51206
50084
50002
49886
49860
49216
48992
48125
48026
46752
48525
46504
47338
46534
45691
45608
46354
45410
44744
44160
44077
44374
44153
44376
42957
42807
43682
43684
41978
42052
42349
41792
41460
40838
40036
40193
40608
39424
38772
39786
39564
39426
38548
38488
39096
38150
37690
37056
37308
36500
36812
36568
36065
35453
35661
35458
34404
34681
34594
34602
34748
33962
34426
32731
32971
32411
32550
33024
32788
32344
32695
31365
30814
31066
30506
30525
30590
30187
30953
30059
29762
29833
29158
29380
29829
28543
28090
28550
28296
27261
28448
27418
27330
26881
26922
27242
26477
25876
25557
26282
26268
25428
24810
25910
25172
25181
25100
24569
24429
24280
24205
22917
23590
24437
23576
24221
22836
22728
23488
22100
22551
22466
22250
22364
21920
22314
21588
22158
21519
21318
22221
20564
21070
20836
20143
19936
20098
19447
19787
19502
19370
19342
20566
20351
19215
18820
18884
19544
19248
19017
18230
18944
18429
17802
17864
18496
18829
18662
18208
17694
17938
17948
17343
18281
17402
17332
17009
17128
16713
17304
16802
16640
17145
16088
17512
16788
17226
16053
17314
16396
16994
15620
15255
16836
16470
15253
15934
14684
16055
15506
16475
16116
16066
15429
15767
15008
14731
15355
15220
14705
14049
15014
15620
15405
15332
14731
14666
14548
14713
15559
13770
14744
14479
14789
13319
14186
13972
14264
13724
13934
13857
14326
13707
14380
14127
14367
14205
14031
