8559
8405
7659
8197
7882
9637
7397
8051
8299
7524
8094
7244
7757
7431
7214
8549
8382
7636
8361
8398
7220
7549
7141
7910
8230
7890
8200
7728
7566
8030
8124
7273
7555
7305
7414
8014
7216
8242
7882
8490
8043
7665
7552
7957
8203
7258
8497
7548
8365
8387
9139
8396
8764
7573
7884
7658
7950
7346
7649
8216
7760
7568
8355
8530
7782
7787
7911
7257
8471
8170
7970
7158
7822
8084
8157
7956
7881
8117
7903
7678
8532
7833
8037
7875
8162
8469
7817
7198
8356
8036
8160
8317
8320
8047
7531
8305
7774
8989
8920
7826
8337
7537
8514
7623
8208
8280
7440
8619
7534
7734
8176
7585
8926
8265
8218
7674
7826
8587
8477
8277
8169
7987
7668
8371
8325
8520
8634
8377
7459
8206
8051
7547
8316
7965
8323
8030
8557
8717
8344
7928
8137
8147
7692
8195
8608
8191
8285
8669
8105
8111
8638
7908
8572
8063
7558
8226
8555
8494
8505
8244
9186
8024
8229
8137
7931
8405
8616
7879
8801
7586
8177
8423
8223
7648
7843
7609
8198
8623
8485
8494
8237
9243
8617
8064
8392
8817
8268
8011
9024
8824
8894
8333
8626
8207
7984
8362
8064
8462
8409
8999
7667
7761
8809
8120
7902
8135
8560
8397
8780
8227
8489
8360
8872
8305
7927
7590
8710
8266
8415
8479
8964
8606
8628
7943
9020
8785
8242
8338
7874
8938
7772
7926
8483
8436
8061
8349
8353
8062
8490
8268
8978
8444
7834
8470
8523
8524
8559
8663
8404
9087
8002
8862
8250
8608
8394
8391
7993
8082
8928
8005
8236
8946
8241
8692
8052
8832
8230
8147
8512
9339
9078
8763
8951
8587
7811
8365
8981
8088
7924
8903
8671
8268
8993
7874
8613
8108
8563
8957
8997
8503
8354
8124
8477
8620
9417
8228
8603
8373
8345
8709
8608
8916
7856
8382
8195
8551
8277
8717
8894
8695
8690
9609
9063
8665
7928
8765
8988
8590
9215
8128
9123
7679
8628
8814
8502
8248
9259
8639
8623
9082
8585
8236
7844
8377
8428
9189
8796
8524
8393
8314
9290
8920
9042
7930
8356
8389
8753
9098
8789
9061
8541
8903
8955
8456
8972
8496
8732
9177
8547
9116
8021
8583
8849
7862
8844
8313
8454
8289
8818
8754
8076
8042
8881
8543
8241
8452
8436
8125
8378
8538
7868
9018
7835
8805
8536
8525
8880
8016
8821
8551
8546
9059
8131
8741
9068
8186
8829
8628
8657
8474
8872
8994
8314
8972
9092
8724
8866
9363
8662
8896
9486
8518
9097
9277
8633
9050
8670
8753
8904
8792
8682
8713
8941
8961
8978
8459
8539
7839
8736
9012
8297
8888
8842
8749
8571
8686
9109
8833
8599
8657
8544
8888
8468
8095
8960
8935
8815
9127
8636
8921
8390
8848
8695
8790
8755
9447
8671
8204
9164
8627
8467
8641
8980
9070
8732
9573
8557
9130
8587
8705
9382
9209
8512
9150
9467
8937
9150
8286
9191
7903
8394
8305
9072
9575
9130
8463
9452
8906
8699
9232
8801
8893
8500
8314
8611
9079
9943
9383
8731
8370
9276
9337
8696
8955
9194
8734
9322
8344
8776
8273
8776
8799
9167
9485
8901
9189
9369
9063
8044
8720
9604
8871
8868
8661
8381
9257
8951
9322
9157
9338
9151
8740
9097
9454
8853
9106
8704
9233
8499
9318
8690
9477
9149
9056
9290
8372
9300
8452
8435
8770
9056
9884
8893
9211
9502
8981
9330
8974
8957
9828
8745
8907
9076
9556
9117
9353
9381
8646
9124
8670
8487
8708
8680
8695
8086
9430
9283
9067
8419
9269
9309
9034
9360
8342
8401
9207
9209
9964
9158
9064
9221
9089
8757
8315
8145
8450
9346
8524
8951
8848
8809
8492
8830
9447
8934
9241
8488
8988
9001
8656
8594
8648
9090
8718
8786
9323
8411
9585
8704
9412
8805
9042
9616
8769
8775
9005
8260
9131
9567
9359
9185
8814
8965
9208
9723
7995
8844
8924
9045
9412
8667
9263
8646
9659
9761
9766
9591
8933
8791
8634
9396
8504
8612
8895
8944
8437
9313
9270
8949
9381
9183
8981
9301
9298
9198
8882
9156
9188
9256
8677
9247
8861
8834
9201
9476
8751
9221
8701
8667
10142
9295
8715
8404
8955
8656
9058
9480
8425
9238
9448
9033
9000
9161
9319
9114
9176
9071
9542
9403
8995
9477
9696
8795
8553
8833
8743
9150
9425
8730
9668
8418
8847
8914
9581
9231
9018
8511
9241
9315
9567
9338
9105
9967
9180
10010
8695
9062
8586
9759
8462
9467
9444
9350
8708
9229
9434
9462
9016
9479
9633
8969
9326
8357
9099
9066
9508
8939
8182
8930
9081
9513
9249
9290
9628
9255
9050
9294
9113
9548
9919
9386
8926
9366
9346
8719
9531
8800
9536
8958
9170
9178
9378
8908
8950
9314
9050
9410
8941
9396
9070
9426
9660
9781
9853
9439
10060
8941
9154
8656
9615
9163
9385
9100
9683
8900
9429
9472
9052
9359
8251
9778
9412
8758
9281
9049
9860
9223
9302
9288
9772
9166
8701
9624
9322
9568
9519
9081
9068
8960
9135
9454
9737
9006
9085
9060
9440
9979
9265
9244
9722
9159
8897
9956
9034
9129
8647
9862
9291
8941
8462
9248
9760
9401
8840
8950
9551
9583
9211
9773
10579
9333
9043
9070
9408
8624
9775
9300
9555
9775
9236
9384
9940
9692
8827
9253
9702
9872
10206
9330
8895
8728
8882
9252
9273
8647
9547
9277
9060
9398
9306
9814
9633
9155
9492
9260
9651
9044
9232
9395
8839
8987
9962
9328
9865
8744
8708
9270
9762
9379
9158
9832
9653
9377
9094
9314
10324
9463
8687
9971
8800
9959
9034
9608
9294
9325
9249
9272
9205
9232
9110
9490
9173
9265
9707
9371
10143
9416
9117
9533
9163
9190
8373
9622
9539
8964
9631
8749
9161
9501
8939
9332
9904
9432
9866
9907
9098
10024
8687
9375
9074
9241
8817
9597
9396
9592
9516
9296
9125
9499
9169
9161
9663
9594
9644
10163
9887
9000
9192
8969
10145
9177
8960
9733
10024
9946
9607
9329
8724
9320
9292
9165
9363
9396
9285
9639
9062
9186
9030
9572
9934
9355
9373
9723
9473
10121
9032
9162
8519
8809
8879
9199
9792
9055
9492
10524
9057
9206
9098
9672
9811
9354
10006
9172
10123
8533
9618
9587
9281
10313
9883
9646
9282
9383
9912
9498
9064
9014
9771
9450
9159
9809
9594
9855
9122
9194
9563
9558
9434
8942
9588
9891
9385
10476
9263
9186
9645
10119
9197
9617
10000
9857
10104
9035
9624
10016
9915
9950
10348
9460
9746
9674
10088
9288
10232
9533
9361
9146
9221
9018
9866
9877
9485
9065
9574
9710
9421
9318
9684
9542
9173
10130
9442
9741
9525
9716
9747
10596
9362
9631
9516
10614
9794
9536
10177
9241
10176
9636
10034
9739
9533
9890
9002
9764
9164
9145
9510
8897
9107
10010
9745
9782
9944
9501
10241
9622
10459
9685
9371
10525
9989
9292
9762
9603
9046
10157
9820
10279
10227
9903
9817
9993
9410
10644
10309
9632
10019
9692
10018
9540
10101
9604
9752
9658
10138
9446
10040
9618
10211
9812
10364
9412
9524
10077
10830
10057
9661
10274
10203
9577
9967
10138
9524
9986
9728
10236
9025
10267
9605
10615
9549
10131
10379
8780
10268
9518
10295
9789
9904
9825
9960
10176
9812
10115
9690
9921
9374
10444
9856
9642
10582
9748
10356
10340
9929
10650
9588
9771
9409
9798
10768
10558
10206
9848
9536
9863
9703
9379
9504
9779
10001
10224
9630
9915
10864
9808
10865
9618
9933
10233
10370
9856
9939
10127
10375
10215
10724
10050
9365
10235
10443
10424
10037
9962
9720
9570
9963
10483
10046
9702
9703
10240
10485
9901
10240
9880
10252
10214
10137
10078
9625
10454
10504
10048
10473
10922
10140
10456
9770
10252
9911
10329
9666
10496
10411
9924
10073
10816
10655
10448
9676
9822
10679
10091
9505
10504
10034
10861
10976
10085
10169
9661
10359
11220
10902
10328
10342
10452
10164
10424
10600
10363
9716
10225
10185
10032
10490
9981
10596
10592
10201
9760
10001
10543
10261
10348
10579
10027
11149
9841
10212
10732
9881
10302
10562
10612
11008
10246
11235
10474
10356
10600
9800
10705
10809
11006
10363
11082
10041
11016
10701
11121
10883
10486
10229
10485
10648
10565
11146
10424
9964
10539
10621
10872
10117
10347
11233
10618
10960
10649
10550
10678
10629
10653
10044
10876
10222
11978
10570
10993
10396
11052
10988
10312
10682
11374
10988
11263
11457
11156
9821
11063
11301
10947
10586
11538
10828
11004
10657
10607
10533
10468
10862
11652
10609
11183
11274
10850
10662
11000
11241
10604
11049
10682
11556
11352
11094
10937
10648
11326
11045
10678
11230
10542
11563
11539
10889
11084
10946
10238
11621
10408
11109
10860
11800
11930
10590
10945
11119
11294
11210
11040
11479
11080
10710
11232
11948
10919
11015
11003
11091
10719
11310
11185
11160
11238
10593
11536
11322
11456
11010
11482
11234
11644
11209
11499
11362
11984
11091
10847
10953
10858
11776
11598
11237
10249
10740
11156
11931
11541
11290
11525
11274
10716
10712
11334
11617
11963
11193
11875
11468
11117
11511
11603
11477
11221
11445
11419
11440
11448
11645
10963
10927
11171
12011
11314
11590
11523
12137
12092
11820
12016
11950
11576
11641
11908
12500
12472
12172
11809
11508
11525
11490
11436
11701
11650
12285
12355
11614
12043
11345
12473
11626
11737
11971
12574
11709
12385
11284
11966
11721
12366
11304
12354
12045
11691
11680
12522
11627
11947
11981
11676
12167
12226
11701
11373
12805
12755
12196
12273
11947
11828
12460
11633
11948
11965
12870
12420
12983
12349
12017
13017
12596
12272
11908
12759
12390
12326
12411
12226
12394
12259
12493
12011
12114
12455
12264
12630
12613
12249
12372
12376
11885
12486
12718
12731
12837
12782
12303
12882
12354
12187
12662
12792
13129
12720
11916
13161
12506
13014
12463
12091
12888
12475
12294
12382
12964
12839
12735
13032
13207
12838
12937
12577
12511
13301
13010
13507
13179
12991
12841
13336
13267
12668
12811
12732
12966
12761
13331
13243
13030
13088
13289
13446
13070
13347
12494
12388
12501
13161
12507
12720
13154
13578
13049
13348
12810
12998
13609
13486
13754
13186
13847
13106
13451
13353
13041
14170
13220
13078
13249
13601
13209
13391
13826
13772
13600
13898
13306
13553
12688
14050
13476
13374
13562
13211
13989
13671
13683
13770
13625
13853
13647
13608
13530
13692
14143
13634
13279
13188
13518
13343
13334
14143
13707
14278
13156
14445
13866
13960
14198
13914
14161
14070
13918
14802
14095
14098
14002
13668
14274
14197
14017
13720
14402
13661
14963
14132
13600
14135
14309
14703
14340
14479
14507
14044
14014
14687
14754
13865
13724
14454
14379
14164
15299
14579
13764
13781
14546
14404
14912
14013
14308
15008
14997
13505
14980
14932
15235
14923
15161
15102
15028
14651
15197
14666
15028
15092
14488
14776
14149
16068
14837
14722
15277
15193
15500
15250
15123
15158
15387
14905
14565
15400
15139
15042
15699
15326
14994
15082
14450
14905
14699
15319
15290
15144
15293
15712
15949
15846
14962
15773
15223
15118
15916
15211
15841
15578
15941
15781
15139
15526
15925
15717
15584
16141
16011
15425
15390
16028
15316
16056
15699
15657
15714
15975
15930
15698
16338
15572
15933
15828
15648
16477
16676
16074
16202
16763
15888
16805
16242
15744
16293
16418
15975
15883
16797
16366
15892
16385
16757
17091
16255
16678
16494
17566
15917
16790
16843
17143
16980
17494
17028
16236
16114
16449
16162
17348
17130
15892
16848
16820
17134
17590
17160
17219
17031
17232
16708
17512
17126
17222
16936
17080
15997
16859
17316
17476
17105
16928
17888
17244
17385
17370
17576
16925
16465
17277
17546
17796
17282
18025
17100
17320
17834
17096
17566
17289
17625
17886
17494
17617
17357
18826
17417
17245
17826
18148
18588
18014
17602
17509
17800
17799
18045
17076
18060
17081
18190
17523
18094
18247
17637
18854
18257
18912
17772
18646
18902
17974
18077
18351
18859
18506
18541
18774
18868
17978
19174
18130
18030
18330
18109
18285
19192
18454
18445
18536
18528
18702
18555
18865
19306
19781
18024
19508
18026
18458
19212
18787
19474
19431
19271
19482
19545
18876
19429
19242
19228
19525
19694
19028
19951
19325
19563
20036
18903
19968
19748
20186
20188
20353
19902
19152
18978
19513
19690
20153
19926
20172
20391
19674
19645
19403
19722
20017
20034
20092
20394
20012
19562
20257
20285
21029
20394
20061
20854
19761
21124
19791
20708
20162
19995
20914
21085
20705
19950
20143
20512
20292
20183
20086
20452
20699
20446
21063
20302
21826
21070
20171
21249
19954
20599
20701
21386
20744
22106
21137
21548
21586
21584
21996
21718
21924
21476
20811
21469
21765
21738
21929
21652
21846
21573
21416
22396
22389
21754
22161
21428
22170
21620
21973
21664
22013
21804
22242
22613
22478
21965
22334
22445
22605
22601
21743
22177
22463
22554
22171
22228
23401
23242
22841
22226
22388
22821
22488
22923
22778
22116
23124
23019
23056
23610
23132
23289
22900
23006
22964
24118
22609
23485
22757
23617
23181
23001
23600
23373
23800
23684
23142
24528
24180
23206
24450
23854
23364
24445
24198
24076
24357
24242
24550
25050
24072
23946
24750
24287
24292
24453
25018
24460
24468
25137
24250
25842
25064
25176
24724
25552
25169
25856
24765
25242
25405
26308
25327
25133
25687
25466
24931
25155
26329
25126
26939
25146
25581
25380
26150
27073
25414
26432
25412
26205
26142
25864
25482
26274
26246
26203
26025
25928
26278
25616
26074
26276
26793
27090
26342
26106
26985
26820
27489
26588
27419
26452
27309
27097
27094
27355
27212
27332
26380
27080
26358
27270
27778
27904
27108
27540
27968
27311
27378
27402
27499
27453
27988
27866
27024
27403
27375
28233
29057
28141
28066
27370
28341
27704
28772
28813
28662
28070
28253
29914
28476
28928
28833
27963
28484
28205
28522
28996
28424
28844
28990
29197
29581
29118
29080
29578
29300
29078
28874
29532
29668
28810
28788
29417
29184
29454
29708
29977
29597
29347
29871
29901
30216
30208
29541
30281
30068
30011
29466
29564
29952
30502
29853
30484
30026
29558
30240
30020
30162
30252
31384
30997
31060
31547
30239
30811
30914
30701
30848
31194
30321
31232
31442
31194
30361
30118
30644
31470
30650
30786
31578
31850
31749
31163
31595
30868
31540
31892
32070
32150
32224
31832
31840
32058
31702
31232
32074
31634
32490
32357
32548
32064
32107
31428
31886
31747
32211
31725
32360
32224
31832
32490
32210
32996
32548
32650
32314
33301
31674
32231
32996
32249
32586
33113
31930
33684
32365
32532
32642
33501
32536
33152
32333
33621
33217
33444
33432
33595
33101
33768
33068
33384
33672
33743
33691
34510
34113
33843
33999
33412
33785
33696
32698
33890
33350
34021
33876
34206
33997
34155
34248
34120
33954
34544
34832
34629
34510
34912
33964
34421
33600
33462
33985
34052
34986
34240
33694
33610
34714
34463
33610
34965
33833
35286
33701
33841
34244
34749
34085
34040
34358
34227
34805
33581
34150
34790
34841
34333
35102
35165
35056
34777
34922
35535
35760
35124
35456
35546
34908
35298
36635
34828
35386
36074
35032
35174
34948
34960
35286
34253
35659
35086
34514
33428
34228
33771
34521
35445
35582
35748
36299
35892
35992
36365
35525
35171
35908
35821
36346
35766
36902
36775
35906
35141
36267
36508
36132
36334
36084
36481
36748
36734
36329
36310
35968
36308
36336
37716
36372
36506
36523
36868
36619
36269
36372
36453
36292
37814
37453
37506
37483
36726
37188
35496
37152
36964
36648
35835
36622
35608
36992
35339
36491
36160
36016
36032
37097
37186
36644
37034
36366
37823
37478
36589
37261
37233
37736
37890
38505
38200
37030
37549
37723
37158
37759
38276
37386
38344
37796
37279
36430
37668
37090
37385
37576
37338
37634
37483
37398
37138
37610
37572
37804
38370
37851
38016
37355
38400
37884
38004
38506
38934
38645
37867
38440
38278
38036
38483
38297
37944
38619
39067
38381
38233
38688
39186
39021
38551
38986
38615
38560
39188
38419
39408
38431
38132
38788
38118
39202
39456
38738
38283
39638
38779
38991
39200
39149
38154
39209
39098
38144
39122
39692
38313
39543
39748
39668
39805
39941
39994
39351
41206
40256
39765
39962
39645
40192
39997
40506
39692
39992
39787
40018
41600
41312
40710
40456
40798
40622
40997
40223
40426
39653
39901
39377
39510
39304
39960
40452
40757
40621
40625
40960
41627
41099
40733
41101
40960
41156
40909
41066
41300
41492
41640
42337
41035
41121
41385
41170
41682
41924
41786
41256
41395
41926
41318
41508
40804
41926
41236
42568
41993
41408
41878
42280
42004
42305
42488
42805
42488
42551
43485
43670
43364
43220
42648
43727
42778
43328
43948
43144
42918
42765
43349
43612
43506
43689
44108
43780
44298
44137
44489
44072
43506
44794
44313
43821
44224
44361
45122
44682
45394
44528
44820
45095
44292
44666
45093
45867
45503
45972
46132
44906
45252
45231
45972
46120
45604
45900
46496
46013
46029
47035
46510
47444
46592
46756
46276
46628
47136
47245
47122
47471
47636
47780
48325
46872
47542
48402
48495
48299
48256
49254
49165
48384
48714
48839
48772
49014
49116
49126
49049
49996
49237
49664
50102
49386
49514
50026
50212
49530
50200
50586
50935
50143
50752
50715
51740
50501
51309
50706
51194
51892
51504
52356
52157
52484
52562
52829
53476
51915
52692
52864
53092
52008
53396
52981
52804
53844
53608
53319
52874
53144
53888
53894
54714
54788
53808
54062
54656
54552
54308
54664
54972
55568
54905
54699
55368
56021
56576
55892
55104
55552
56120
55680
56836
56877
56412
56832
58287
56794
57628
58624
57984
57722
58276
58450
58464
57692
57782
58410
58112
57878
58708
59103
58601
59584
59040
59480
59433
59584
59881
59956
60184
60240
60184
59983
61326
60376
61398
60460
61148
60414
61304
61333
62788
61156
61673
62018
62212
61909
62221
62452
62888
62764
61701
62692
62964
63305
63147
63781
63642
63477
63460
63894
64381
64308
64328
64461
64214
64249
63901
64377
65535
64945
65204
65146
65088
64918
65535
65535
65535
65206
65535
65535
65535
65535
65535
65535
65535
65535
65535
65535
65535
65535
65535
65535
65535
65535
65535
65535
65535
65535
65535
65535
65535
65535
65535
65535
65535
65535
65535
65535
65535
65535
65535
65535
65535
65535
65535
65535
65535
65535
65535
65535
65535
65535
65535
65535
65535
65535
65535
65535
65535
65535
65535
65535
65535
65535
65535
65535
65535
65535
65535
65535
65535
65535
65535
65535
65535
65535
65535
65535
65535
65535
65535
65535
65535
65535
65535
65535
65535
65535
65535
65535
65535
65535
65535
65535
65535
65535
65535
65535
65535
65535
65535
65535
65535
65535
65535
65535
65535
65535
65535
65535
65535
65535
65535
65535
65535
65535
65535
65535
65535
65535
65535
65535
65535
65535
65535
65535
65535
65535
65535
65535
65535
65535
65535
65535
65535
65535
65535
65535
65535
65535
65535
65535
65535
65535
65535
65535
65535
65535
65535
65535
65535
65535
65535
65535
65535
65535
65535
65535
65535
65535
65535
65535
65535
65535
65535
65535
65535
65535
65535
65535
65535
65535
65535
65535
65535
65535
65535
65535
65535
65535
65535
65535
65535
65535
65535
65535
65535
65535
65535
65535
65535
65535
65535
65535
65535
65535
65535
65535
65535
65535
65535
65535
65535
65535
65535
65535
65535
65535
65535
65535
65535
65535
65535
65535
65535
65535
65535
65535
65535
65535
65535
65535
65535
65535
65535
65535
65535
65535
65535
65535
65535
65535
65535
65535
65535
65535
65535
65535
65535
65535
65535
65535
65535
65535
65535
65535
65535
65535
65535
65535
65535
65535
65535
65535
65535
65535
65535
65535
65535
65535
65535
65535
65535
65535
65535
65535
65535
65535
65535
65535
65535
65535
65535
65535
65535
65535
65535
65535
65535
65535
65535
65535
65535
65535
65535
65535
65535
65535
65535
65535
65535
65535
65535
65535
65535
65535
65535
65535
65535
65535
65535
65535
65535
65535
65535
65535
65535
65535
65535
65535
65535
65535
65535
65535
65535
65535
65535
65535
65535
65535
65535
65535
65535
65535
65535
65535
65535
65535
65535
65535
65535
65535
65535
65535
65535
65535
65535
65535
65535
65535
65535
65535
65535
65535
65535
65535
65535
65535
65535
65535
65535
65535
65535
65535
65535
65535
65535
65535
65535
65535
65535
65535
65535
65535
65535
65535
65535
65535
65535
65535
65535
65535
65535
65535
65535
65535
65535
65535
65535
65535
65535
65535
65535
65535
65535
65535
65535
65535
65322
65242
65439
65240
64717
64382
65381
64446
64848
64984
64788
65011
65535
64517
64060
64403
63410
64282
63308
63809
63000
63012
64383
63592
62938
63034
61936
61210
62538
61899
61622
62333
61906
60308
61160
59981
60852
61020
60214
60603
59863
60808
60544
60107
59156
58728
58902
60219
58765
58333
58565
57626
57763
58441
57189
58016
57729
57333
56376
56713
56170
56812
56436
55913
56515
56360
54980
55224
54880
54988
55552
54561
54004
53934
54158
54262
54446
54122
53215
53776
52412
52480
53153
52205
52978
52782
52074
52425
51858
52968
51354
51776
50987
50342
49728
50009
49712
49996
49508
50002
48237
49323
49408
49104
47289
48650
48468
47972
47720
47456
47524
45836
47450
46952
45199
46765
44656
45663
45883
45910
44937
45334
45469
44345
45604
44802
45046
44877
43805
43834
42660
40949
40548
40264
40204
40621
40562
41723
40838
40706
42328
41589
40960
41509
40823
41216
40628
39282
39493
39208
40246
38970
38684
39416
38620
38580
38100
38598
37734
37755
37108
36548
36594
37376
36666
36525
35790
36075
35811
36808
35584
35802
34781
34596
33628
35361
33577
34345
34020
32868
33088
33550
32953
32599
31941
32227
32016
32282
32896
31482
31211
32506
31588
30936
30662
31236
30329
30464
30021
29675
29494
30155
29062
28588
29251
29161
28832
28268
27968
29232
28260
27932
27466
27213
27396
27149
27069
26826
26568
26148
26092
25550
25659
25748
25442
25949
25400
25718
24211
24285
24473
24220
24800
25217
24320
24825
22974
23364
23441
23273
22912
23364
22829
23229
22735
22705
22617
21483
22201
22987
21452
21172
22297
22073
20872
21926
20852
20554
20584
20788
21275
20310
19451
19664
20119
20290
19525
19162
20133
19666
20004
19485
19119
18995
18677
18302
17973
18229
19413
18351
18905
17422
17624
18302
17565
17584
17837
17986
17608
17138
17542
17050
17477
17298
16900
17812
16181
16519
16488
16076
16163
16495
15384
16377
15829
15593
15433
16345
16628
15024
14980
15259
16043
15632
15126
14581
15410
15081
14035
14444
15040
15382
15274
14467
14666
14706
14744
13955
14714
14445
14212
13943
14238
13820
14181
13848
13913
14356
13627
14427
13766
14248
13156
14583
13648
14081
12734
12965
13876
13824
12552
13440
12344
13279
12880
13983
13323
13470
12933
13420
12545
12084
12885
13041
12577
11590
12532
13138
12747
12651
12828
12298
12166
12424
13318
11316
12534
12221
12169
11293
12062
11950
12473
11447
11772
11676
12276
11317
11979
11895
12261
11989
11949
