8380
8463
7797
8195
7897
9548
7665
8141
8327
7540
7951
7370
7836
7660
7404
8773
8390
7577
8427
8500
7098
7816
7109
7771
8270
7790
8288
7765
7515
8185
8168
7431
7224
7570
7619
7939
7406
8379
7878
8480
8143
7823
7511
8127
8221
7308
8365
7728
8421
8233
9096
8624
8970
7476
7688
7893
7741
7356
7933
8153
7697
7411
8245
8382
7761
7788
7858
7147
8516
8268
7868
7307
8031
8027
8148
8168
7894
8058
7881
7672
8387
8149
8077
7884
8277
8535
8113
7334
8541
8073
8034
8333
8428
7769
7545
8099
7869
8686
8943
7823
8474
7657
8480
7676
8335
8169
7482
8526
7577
7968
8437
7803
8748
8162
8150
7678
7863
8817
8612
8554
8233
8005
7797
8329
8400
8523
8800
8439
7454
8452
7960
7741
8228
8051
8200
7958
8751
8773
8502
8023
8295
8244
7808
8292
8566
8098
8396
8368
8062
7930
8636
8270
8657
8196
7905
8153
8637
8555
8562
8269
9071
8165
8440
8202
7853
8521
8394
7985
8537
7576
8222
8352
8209
7688
8054
7668
8179
8480
8568
8327
8308
8909
8464
8168
8487
9108
8499
7832
9064
8595
8913
8369
8882
8477
7981
8459
8203
8625
8450
8874
7602
7772
8854
8173
8074
8129
8672
8183
8738
8360
8477
8442
8842
8078
8036
7655
8590
8402
8383
8596
8888
8631
8680
8030
9085
8633
8268
8500
8002
8928
7830
8040
8576
8604
7853
8463
8406
8165
8687
8515
9130
8572
7998
8429
8649
8470
8410
8656
8424
8908
8149
8960
8516
8690
8574
8491
8001
8108
9072
8100
8276
8860
8063
8961
7951
8893
8000
8185
8527
9465
9219
8882
9117
8814
7967
8508
8688
8085
8158
9005
8665
8289
8951
8022
8707
7942
8433
8885
8841
8706
8362
8249
8508
8633
9308
8223
8642
8753
7970
8601
8760
8797
7967
8374
8000
8589
8201
8674
8523
8680
8667
9602
9050
8699
8106
8763
9115
8759
9021
8421
9068
7612
8509
8618
8420
8114
9140
8667
8879
9063
8725
8280
8045
8476
8242
9178
8847
8544
8692
8360
9243
8489
8869
7909
8542
8620
8769
9007
8838
9008
8718
8986
8912
8511
9073
8534
8556
9113
8418
8845
7878
8943
8953
7637
8857
8359
8430
8390
9100
8617
8309
8075
9036
8678
8286
8238
8534
8089
8283
8658
7951
8880
7973
8943
8472
8611
9026
8085
9167
8420
8612
9099
8075
8797
9117
8292
8775
8576
8637
8398
8865
8945
8390
8896
9096
8734
8810
9066
8705
8876
9336
8730
9282
9259
8648
9017
8556
8515
8849
8724
8965
9014
9018
9159
8898
8435
8736
7575
8722
8885
8332
8749
8927
8696
8557
9071
9164
8711
8839
8674
8431
8803
8805
8069
8866
9011
8532
8851
8771
8903
8591
8965
8756
9183
8590
9525
8565
8382
9205
8841
8449
8799
8802
9071
8812
9643
8673
9152
8559
8960
9055
9261
8386
9401
9652
9012
9147
8274
8995
8175
8535
8272
9058
9463
9093
8440
9425
8814
8609
9270
8742
8719
8324
8446
8857
9016
9881
9319
8524
8459
9330
9280
8560
9001
9228
8671
9207
8318
8923
8323
8970
9017
9041
9370
9053
9101
9309
9278
8302
8768
9734
8882
8746
8782
8426
9349
9050
9365
9163
9395
9235
9001
9323
9376
9092
9359
8543
9544
8578
9629
8923
9398
9181
9129
9434
8612
9310
8485
8472
8683
9048
10167
9161
9322
9410
9031
9321
8946
9157
9771
8609
8891
9112
9644
8924
9472
9350
8356
9310
8801
8905
8510
8908
8657
8117
9598
9517
9086
8411
9446
9190
9071
9438
8493
8236
9422
9169
9804
9322
9011
9122
8956
8882
8543
8470
8578
9247
8599
8793
8997
8905
8654
8979
9629
9166
9328
8582
9064
9146
8779
8644
8872
9264
8924
9006
9280
8637
9439
9106
9580
8784
9073
9572
8790
8548
9077
8347
9090
9486
9341
9255
8906
9116
9253
9678
8205
8824
9044
9061
9654
8832
9276
8883
9585
9675
9897
9769
8904
8985
8747
9502
8636
8631
9151
9190
8453
9492
9266
9004
9483
9322
8966
9170
9528
9157
8813
9053
9254
9317
8890
9424
9051
9189
9636
9588
8808
9142
8907
8870
10362
9074
8851
8450
8847
8640
9041
9583
8577
9523
9627
9291
9044
9288
9253
9224
9348
9130
9473
9347
8979
9563
9749
8950
8616
8623
8739
9190
9455
9014
9698
8646
9025
9139
9643
9362
8921
8720
9519
9417
9682
9340
9103
9804
9414
9861
8840
9386
8605
9825
8495
9694
9346
9349
8704
9318
9559
9624
9224
9447
9706
9225
9423
8596
9154
9324
9326
9003
8328
9142
8986
9577
9168
9159
9634
8961
9228
9415
9295
9665
10178
9782
8911
9355
9589
8843
9576
9022
9709
8927
9249
9333
9445
8996
8884
9386
9097
9472
9280
9651
9199
9524
9734
9640
9907
9474
10123
9070
9129
8654
9441
9300
9625
9005
10080
9039
9628
9268
9011
9469
8444
9533
9584
8615
9357
9275
9760
9263
9255
9436
10300
9161
9163
9769
9252
9545
9700
9090
9259
9269
9334
9477
10025
8910
9067
9517
9574
9882
9089
9576
9679
9136
8690
10409
9098
9223
8703
9905
9461
8916
8872
9272
9696
9368
8811
8963
9358
9597
9433
10165
10719
9055
9325
9184
9416
8650
9761
9492
9505
9817
9270
9817
9666
9633
8613
9273
9963
10184
10096
9366
8918
8641
8891
9458
9218
8806
9369
9472
9218
9371
9405
9716
9965
9216
9576
9143
9832
9007
9154
9703
8927
9012
10045
9490
9807
9182
8486
9557
9710
9522
9095
9913
9754
9350
9069
9731
10181
9493
8709
9998
9223
10222
8946
9837
9508
9519
9292
9430
9189
9248
9402
9691
9447
9352
10001
9644
9914
9283
9081
9538
9579
9293
8593
9682
9536
9264
9778
8651
9199
9983
8887
9288
9828
9654
9994
9849
9096
10289
9023
9534
9162
9259
8722
9669
9590
9526
9690
9438
9243
9672
9117
9350
9833
9794
9845
10374
10179
9145
9525
8880
10302
9321
9261
9704
9982
10054
9968
9819
8874
9517
9147
9496
9322
9548
9406
9785
9014
9536
9243
9762
9932
9237
9358
9892
9564
10308
9069
9170
8973
9018
8786
9292
9828
9332
9610
10696
9137
9410
9173
9826
9850
9391
10101
9196
10026
8767
9893
9634
9214
10323
10058
9488
9579
9442
10072
9748
9201
9352
9817
9460
8974
10076
9566
9748
9313
9289
9731
9416
9557
8902
9806
9962
9515
10536
9427
9516
9759
10152
9394
9737
9958
9928
10077
9425
9653
10073
10102
10388
10263
9692
9691
9614
10311
9282
10542
9812
9446
9312
9292
8832
10151
9796
9713
9275
9474
10201
9656
9405
9661
9756
9371
10114
9337
9524
9498
9859
9894
10822
9352
9832
9485
10477
9749
9833
10283
9379
10124
9897
10000
10114
9605
10007
8897
9658
8916
9458
9601
8971
9420
10012
9830
9748
9937
9916
10588
9665
10524
9871
9608
10762
10114
9402
10031
9515
9003
10025
10041
10142
10392
10192
10051
9997
9529
10790
10449
9985
10172
9894
10020
9787
10352
9654
9926
9897
10097
9639
10068
9762
10542
9945
10340
9607
9770
10293
11008
10252
9690
10496
10400
9304
10219
10014
9591
9945
9685
10315
9299
10696
9715
10719
9681
10157
10262
8848
10209
9775
10445
10298
10248
10157
10114
10346
10027
10306
9855
10128
9593
10786
10036
9591
10768
9790
10501
10401
10086
10946
10016
9936
9410
9753
10938
10534
10484
9960
9825
10121
9837
9836
9673
10072
10057
10283
9983
10048
10858
9982
10964
9550
10080
10292
10585
10003
10019
10316
10378
10353
10872
10480
9626
10400
10721
10807
10166
10460
9705
9690
10060
10480
10026
9959
10000
10221
10543
9975
10271
9987
10424
10422
10408
10153
9877
10341
10792
10094
10719
11024
10085
10619
10160
10455
9846
10630
9899
10820
10597
10043
10349
10699
10711
10517
9659
10007
10581
10057
9523
10651
10174
11138
11418
10272
10316
9760
10581
11286
11158
10363
10582
10790
10315
10581
10842
10510
9899
10163
10288
9954
10749
10034
10680
11042
10584
10090
10211
10662
10535
10466
10704
9893
11193
9954
10361
10874
10180
10518
10769
10517
11275
10368
11441
10558
10778
11129
10441
10813
10856
11531
10524
11370
10032
11483
10855
11225
11026
10530
10732
10888
10770
10847
11220
10618
10197
10650
10876
10886
10428
10570
11463
11040
11130
11079
10617
10948
10772
10740
10307
10990
10394
11978
10899
11052
10609
11108
11368
10478
11000
11371
11231
11281
11728
11386
10138
11119
11676
11101
10813
11600
11091
11316
10797
10743
10885
10718
10970
11642
10653
11386
11565
10825
10840
10877
11338
10765
11482
11072
11695
11626
11112
11171
10778
11655
11243
11079
11525
10646
11580
11665
11304
11204
11058
10656
11629
10333
11342
11069
11977
12373
10870
11199
11292
11698
11599
11121
11556
11055
11018
11331
12089
11228
11343
11300
11100
10932
11510
11493
11378
11528
11253
11660
11370
11643
11512
11698
11549
11685
11501
11694
11622
12079
11555
11129
11158
11125
12075
11714
11574
10541
10934
11493
12308
11752
11666
11555
11539
10955
11061
11511
11967
12173
11345
12142
11568
11231
11814
11452
11668
11322
11668
11691
11668
11789
11871
11372
11032
11267
12448
11424
11746
11439
12146
12179
12005
12329
12472
11572
12148
12027
12274
12452
12071
11897
11913
11453
11745
11673
12067
11971
12501
12744
11958
12111
11777
12785
12168
11912
12397
12666
11590
12522
11680
12314
11682
12539
11612
12701
12315
12437
11836
12506
11780
12114
12469
11690
12601
12154
11920
11786
12886
13168
12345
12645
12038
12301
12717
11846
12406
12209
12651
12635
13137
12798
12378
13312
12967
12553
12424
12998
12836
12500
12500
12389
12540
12237
12696
11956
12362
12653
12445
12999
12935
12616
12721
12866
12338
12688
12962
13023
13285
13346
12389
13063
12642
12511
12571
13124
13370
12955
12175
13604
12672
13209
12506
12132
13326
12724
12719
12693
13307
13348
12995
13334
13657
13089
13487
12907
12872
13482
13252
14037
13458
13449
13423
13453
13584
13373
12906
13320
13499
13105
13370
13507
13149
13159
13414
13829
13165
13274
12636
12726
13046
12987
13078
12818
13369
13806
13488
13462
13334
13183
13770
13618
14376
13568
14367
13623
13728
13469
13325
14472
13547
13293
13434
14124
13415
13406
14522
14243
14119
14141
13732
13781
12933
14144
13805
14040
13730
13792
14115
13546
14043
14517
14207
14170
14116
14061
13749
14202
14354
13948
13882
13607
13684
13924
13677
14732
14440
14648
13398
14969
14172
14248
14534
14467
14644
14730
14482
15026
14228
14494
14753
13674
14656
14584
14352
14135
14528
14139
15639
14472
14007
14719
14251
14901
14557
14661
14568
14668
14096
14857
15098
14408
14148
14761
14566
14470
15221
15076
14204
14470
14648
15254
15198
14380
14693
15371
15319
14018
15440
14840
15679
15373
15592
15221
15596
14870
15610
14995
15256
15142
14904
15410
14869
16381
15322
15104
15530
15434
15796
15159
15283
15428
15881
15453
15250
15693
15876
15332
16088
15807
15341
15413
14955
15117
15062
15838
15464
15392
15816
16249
16414
16276
15418
15936
15272
15484
16110
15874
16085
16093
16410
16324
15661
16056
15896
15892
16347
16632
15972
15967
15920
16468
15890
16356
16255
16204
15908
16469
16340
16421
17104
16076
16304
16065
16432
16681
17306
16187
16844
17224
16322
17071
16587
16321
16808
16896
16681
16741
17208
17000
16205
16927
17356
17506
16645
17099
16864
18132
16487
16956
17271
17825
17511
17805
17497
16897
16902
17032
16981
17684
17784
16836
17620
17236
17568
18207
17717
17756
17372
17712
17220
18110
17154
17871
17627
17653
16424
17476
17712
17791
17601
17637
18279
17712
17925
17664
17828
17837
16988
17869
18166
18149
17958
18592
17812
17842
18410
17609
18061
17942
18010
18442
18294
18277
17694
19291
18073
17770
18761
18801
18901
18718
18215
18232
18612
18224
18396
17536
18309
17605
18617
17863
18882
19115
18337
19179
18483
19288
18776
18965
19684
18962
18457
18733
19524
19004
19090
19469
19736
18676
19612
18754
18602
18722
18676
18605
19652
18892
19413
19473
19260
19152
18957
19484
19882
20178
18816
20034
18885
19618
19549
19442
20027
20128
19931
20388
20206
19972
20104
19762
20137
20419
20234
19658
20264
19740
20180
20404
19260
20271
20261
20635
21081
20695
20830
19819
19628
20426
20263
20655
20257
20997
20609
20348
20491
20224
20507
20867
21082
20616
21256
20822
20107
20608
20901
21696
20909
20995
21784
20534
21782
20646
21654
21159
20324
21325
21764
21373
20502
20674
21274
20949
21238
20830
20894
21682
20964
21981
21173
22204
21811
21060
21814
20879
21208
21323
21772
21375
23539
22218
22187
22086
22423
22678
22277
22111
22068
21387
22048
22764
22216
22482
22278
22825
22690
22226
23114
23163
22438
22784
22308
22903
22002
22999
22317
23095
22246
23021
23209
23428
23198
23204
23181
23228
23138
22622
23528
22701
23642
23116
22555
24157
24101
23620
22894
22793
23148
23567
24264
23483
23154
23895
23723
23638
24601
24196
24203
23612
24102
23863
25088
23968
24612
23771
24601
23998
23828
24046
24148
24740
24490
23861
25216
25024
24445
25452
24910
24646
25079
24904
24650
25046
25052
25354
25801
25106
25228
25332
24981
25062
25564
25818
25708
25557
25796
25313
26660
25558
26017
25247
26634
26177
26384
25951
26260
25892
27200
26212
26186
26583
26359
26223
26094
26614
26037
27328
26407
26152
26535
26944
27969
27013
27164
26612
27008
27728
26930
26466
27224
27712
27429
26797
26967
27168
26991
27069
26981
28203
27896
27446
27721
28043
27714
28893
27212
28644
27017
28528
28503
27991
28492
28215
28607
27610
28315
27647
28386
28328
28736
28277
28980
28874
28816
28704
27988
28233
28587
29032
29032
28278
28818
28589
29208
29977
29117
29133
28742
29354
28982
30053
29894
29986
29250
29702
30709
29556
30109
29732
29482
29760
29494
29618
30496
29469
30340
29984
30458
30722
30935
30712
30653
30319
30436
30437
30804
30482
30425
30424
30825
30356
30810
31290
30886
30556
30510
31892
31018
31398
31534
30837
31424
30921
31684
31490
30890
31305
31597
31082
32266
31144
31006
31956
32141
31819
31524
32680
32476
32535
33161
31738
31979
32539
32580
32188
32035
31985
32784
32580
32312
31834
31468
31837
33049
32461
32384
32921
32969
33531
32794
32922
32500
32773
33291
33510
33429
34268
33362
33824
33399
33364
33355
33972
33184
33595
34170
34134
33230
34049
33045
34122
32797
33092
33196
33863
33775
33083
33990
34056
34110
34341
33944
33753
34500
33383
33620
34080
33678
34421
35017
33893
35314
33792
33677
34621
35181
34116
34214
34392
35264
34916
35115
35313
35228
35122
35409
34944
35329
35214
35296
35332
35941
35811
35750
35636
35252
35564
35634
34774
35837
35460
36121
35152
35713
35994
35968
36246
35821
36043
36864
36875
36140
36130
36653
36166
36326
35272
35871
35808
35652
36928
36154
35508
35453
36594
36253
35273
36472
36188
36744
35565
36114
36504
36588
36248
36180
35968
36373
36578
35549
36683
36857
36888
36340
37028
36956
37156
36964
36790
37126
37742
37317
37753
37181
36873
36781
38696
37199
37656
38043
36382
37012
37291
37124
37476
36865
37277
37429
36619
35968
36108
35622
36985
37652
37765
37730
38652
37992
38175
38388
37664
37876
38036
37650
38626
37789
39411
38946
38619
37190
38758
38604
38114
38578
39052
39260
38761
38874
38872
38422
39021
39066
38437
39988
39080
38692
38429
38992
39248
38485
38218
38779
39101
40159
39890
39845
39688
39092
38836
38452
39787
39628
39268
38311
39062
38114
39397
38084
39022
38766
38932
38312
39528
39561
38972
39606
39116
39837
39868
39659
39506
39572
40565
40729
41148
40859
40020
40658
40559
40070
40549
41016
40196
41116
40530
40212
39531
40504
39944
40770
40342
39738
40841
40405
40277
39957
40756
40525
40485
41492
40840
40658
40802
41074
40484
41301
41612
41447
41693
41413
41512
41233
40960
41586
41379
41197
42080
41768
41746
41088
41685
42276
42304
41884
41600
41716
41796
42120
41270
42794
42036
41472
42090
41837
42300
43228
42228
41945
43160
42358
42269
42679
42689
41984
42660
42304
41975
42943
43312
42375
43060
42914
42826
43693
42696
43394
42849
44612
43450
43718
43584
43707
44160
43982
44426
43860
43734
43269
43508
45288
45128
44733
44535
44113
44632
44549
43663
44322
43055
43916
43240
43533
43756
43962
44486
44522
44245
44455
44726
45172
45240
45198
44866
45556
45837
44562
45296
45806
45445
46632
46490
44932
44875
46448
46244
45706
46166
46509
45048
45690
46413
45384
46381
45151
46852
45772
46644
46678
46664
47248
47469
46633
47097
47936
47332
47393
47479
48192
48266
48135
47866
47666
48303
47780
48140
49094
48258
48172
47898
49131
48798
48860
49284
49618
48836
49316
49802
49802
49417
48682
49990
50008
49016
49598
50113
50334
50304
50620
50388
50224
50946
50560
50085
51286
51684
51236
51697
52228
51101
50906
51524
51988
52445
51790
52283
51944
51658
52061
53490
53284
53594
53092
53585
52429
52761
53434
54124
52941
54282
54125
54444
54315
53240
54458
54636
55514
55129
55252
56172
56680
55160
55749
55828
56133
56004
55883
56648
56250
56696
56548
57268
57197
56886
56904
57232
57197
57003
57549
57690
58582
57604
57796
58714
59205
58509
58814
58537
59064
59336
59717
59828
60100
60253
60398
60630
60875
61029
60601
60808
61085
61366
61596
60980
61305
62036
61972
61952
61444
61704
61625
62836
62980
62842
62922
62909
62829
64269
63206
63165
63820
64642
63642
63781
64458
64820
64936
64821
64312
64836
65535
65405
65535
65535
65508
65535
65535
65535
65535
65535
65535
65535
65535
65535
65535
65535
65535
65535
65535
65535
65535
65535
65535
65535
65535
65535
65535
65535
65535
65535
65535
65535
65535
65535
65535
65535
65535
65535
65535
65535
65535
65535
65535
65535
65535
65535
65535
65535
65535
65535
65535
65535
65535
65535
65535
65535
65535
65535
65535
65535
65535
65535
65535
65535
65535
65535
65535
65535
65535
65535
65535
65535
65535
65535
65535
65535
65535
65535
65535
65535
65535
65535
65535
65535
65535
65535
65535
65535
65535
65535
65535
65535
65535
65535
65535
65535
65535
65535
65535
65535
65535
65535
65535
65535
65535
65535
65535
65535
65535
65535
65535
65535
65535
65535
65535
65535
65535
65535
65535
65535
65535
65535
65535
65535
65535
65535
65535
65535
65535
65535
65535
65535
65535
65535
65535
65535
65535
65535
65535
65535
65535
65535
65535
65535
65535
65535
65535
65535
65535
65535
65535
65535
65535
65535
65535
65535
65535
65535
65535
65535
65535
65535
65535
65535
65535
65535
65535
65535
65535
65535
65535
65535
65535
65535
65535
65535
65535
65535
65535
65535
65535
65535
65535
65535
65535
65535
65535
65535
65535
65535
65535
65535
65535
65535
65535
65535
65535
65535
65535
65535
65535
65535
65535
65535
65535
65535
65535
65535
65535
65535
65535
65535
65535
65535
65535
65535
65535
65535
65535
65535
65535
65535
65535
65535
65535
65535
65535
65535
65535
65535
65535
65535
65535
65535
65535
65535
65535
65535
65535
65535
65535
65535
65535
65535
65535
65535
65535
65535
65535
65535
65535
65535
65535
65535
65535
65535
65535
65535
65535
65535
65535
65535
65535
65535
65535
65535
65535
65535
65535
65535
65535
65535
65535
65535
65535
65535
65535
65535
65535
65535
65535
65535
65535
65535
65535
65535
65535
65535
65535
65535
65535
65535
65535
65535
65535
65535
65535
65535
65535
65535
65535
65535
65535
65535
65535
65535
65535
65535
65535
65535
65535
65535
65535
65535
65535
65535
65535
65535
65535
65535
65535
65535
65535
65535
65535
65535
65535
65535
65535
65535
65535
65535
65535
65535
65535
65535
65535
65535
65535
65535
65535
65535
65535
65535
65535
65535
65535
65535
65535
65535
65535
65535
65535
65535
65535
65535
65535
65535
65535
65535
65535
65535
65535
65535
65535
65535
65535
65535
65535
65535
65535
65535
65535
65535
65535
65535
65535
65535
65535
65535
65535
65535
65535
65535
65535
65535
65535
65535
65535
65535
65535
65535
65535
65535
65535
65535
65535
65535
65535
65535
65535
65535
65535
65535
65535
65535
65535
65535
65535
65535
65535
65535
65535
65535
65535
65535
65535
65535
65535
65535
65535
65535
65535
65535
65535
65535
65535
65535
65535
65535
65535
65535
65535
65535
65535
65535
65535
65535
65535
65535
65535
65535
65535
65535
65535
65535
65535
65535
65535
65535
65535
65535
65535
65535
65535
65535
65535
65535
65535
65535
65535
65535
65535
65535
65535
65535
65535
65535
65535
65535
65535
65535
65535
65535
65535
65535
65535
65535
65535
65535
65535
65535
65535
65535
65535
65535
65535
65535
65535
65535
65535
65535
65535
65535
65535
65535
65535
65535
65535
65535
65535
65535
65535
65535
65535
65535
65535
65535
65535
65535
65535
65535
65535
65535
65535
65535
65535
65535
65535
65535
65535
65535
65535
65535
65535
65535
65535
65535
65535
65535
65535
65535
64922
64936
65229
65124
65228
64980
64475
64182
63082
63652
63300
62596
63386
63300
63062
62884
62219
62997
62087
62361
61483
60461
59882
59930
60453
59837
60051
60098
58432
58930
59400
59106
57704
58328
58388
57515
57690
57037
57067
55652
56268
56640
54168
55746
54507
54733
54567
54564
54320
54337
54400
53462
54304
53465
53638
53760
53037
52426
51165
49301
48420
47999
48228
48104
48737
49755
49236
49256
50202
49508
48768
49614
49309
48763
48694
47274
47561
46932
47599
46380
46720
46669
46237
46393
45604
45764
44682
45048
44254
43796
44106
44168
43991
43848
43176
43467
42745
43040
42723
42118
41684
41389
40468
42312
39705
40529
40407
39242
39618
40411
39515
38948
37613
38282
37704
37687
38908
37203
37189
38613
37816
36550
36212
36696
36361
35924
35348
34660
35242
35336
34093
33924
34854
34538
34098
33200
33092
33834
32884
33113
32272
32987
31981
32096
31803
31962
30848
30956
30990
29828
30152
30255
29961
30204
30053
29724
28504
28261
28248
28363
28836
28773
28536
28852
26891
26688
27021
26810
26921
27196
26521
27117
26516
26581
26182
25513
25963
26475
24715
24241
25254
25065
24183
25005
24202
24315
23966
24102
24336
23286
23002
22376
23397
23342
22159
22109
22978
22634
22587
22436
21935
21949
21460
20645
20308
20805
21915
20956
21227
20283
20299
20356
19682
20113
20101
20114
20019
19498
19942
19348
19977
19100
19063
19915
18560
18657
18509
18016
17853
18052
17466
17897
17817
17668
17464
18452
18298
17300
17230
16969
18099
17291
16996
16437
16960
16654
16157
16129
16707
16970
16731
16624
16085
16272
16360
15258
16340
15618
15997
15288
15583
15226
15872
15412
15339
15626
15071
16144
15269
15568
14500
16106
14948
15349
14452
14167
15269
15149
13961
14640
13418
14811
14336
15000
14618
14701
14157
14877
13719
13403
14211
13987
13431
12778
13884
14386
14096
13673
13581
13158
13360
13593
14502
12324
13525
13448
13328
12357
13094
12989
13549
12490
12827
12659
13172
12540
13200
12833
13404
13124
13153
