7973
7973
7320
7945
7539
9300
7092
7888
7975
7301
7823
7024
7574
7043
6863
8332
8174
7101
8023
7916
6889
7428
6917
7625
8034
7471
7876
7573
7275
7834
8001
7258
7044
6987
7291
7748
7095
7809
7457
8060
7682
7506
7331
7577
7837
7020
8148
7233
8192
7835
8751
8434
8468
7360
7546
7425
7322
6989
7247
7987
7317
7213
7932
8136
7431
7140
7368
6988
8176
7914
7720
6947
7641
7519
7748
7812
7576
7800
7667
7373
8289
7722
7681
7532
7819
8052
7656
6837
8110
7527
7711
8131
8195
7610
7160
7965
7440
8482
8564
7524
7941
7296
7996
7309
8079
7956
7123
8176
7182
7490
7892
7330
8557
7910
7883
7322
7468
8119
8137
8020
7842
7493
7376
7897
8093
8131
8408
8056
6897
7663
7528
7222
7911
7576
7817
7654
8308
8393
8010
7362
7822
7648
7303
7847
8097
7952
7842
8071
7602
7572
8304
7643
8381
7818
7278
7628
8192
8112
8155
7798
8762
7561
7664
7717
7615
7881
8198
7663
8340
7479
7761
7965
7889
7278
7680
7146
7864
8265
8044
7800
7676
8658
8240
7510
7938
8492
7717
7561
8591
8140
8336
7699
8076
7913
7352
8025
7657
8134
7713
8437
7449
7115
8311
7647
7520
7736
8243
7989
8373
7846
7903
7948
8506
7897
7378
7152
8028
7909
7817
7885
8477
8128
8264
7539
8593
8196
7888
7979
7459
8405
7317
7598
8084
8122
7576
7828
7917
7792
8181
8186
8552
8092
7643
7772
8218
8009
8031
8222
7850
8559
7571
8548
7916
8216
7847
8063
7566
7660
8762
7389
7722
8408
7516
8219
7326
8203
7567
7790
8201
8818
8475
8295
8305
8388
7356
8098
8448
7642
7668
8321
8136
7654
8388
7447
8253
7326
8035
8434
8345
8179
7860
7639
8024
8166
8935
7719
8220
7946
7666
8121
8271
8266
7183
7896
7410
7895
7922
8150
8137
8354
8023
9078
8663
8042
7555
8122
8527
8088
8665
7837
8564
6990
8070
8329
7973
7568
8708
8196
8329
8523
8153
7705
7290
7825
7732
8488
8416
7772
7761
7776
8736
8332
8451
7591
7957
8225
8358
8506
8142
8549
8084
8294
8195
7899
8483
8226
8087
8528
7837
8540
7557
8169
8542
7071
8525
7751
7984
7752
8358
8038
7759
7524
8231
8246
7903
7646
7933
7764
7838
8087
7130
8574
7262
8365
8056
8069
8344
7508
8358
7848
8160
8628
7509
8082
8423
7687
8106
7860
8144
7877
8443
8253
7894
8082
8480
8187
8363
8715
8084
8308
8711
7965
8713
8699
8141
8270
8332
8101
8461
8224
8158
8354
8420
8491
8393
7964
8125
7153
8089
8317
7823
8254
8399
8249
8154
8110
8589
8187
8178
7866
8111
8299
8076
7521
8362
8406
8204
8393
8067
8423
7912
8124
8230
8450
8033
8953
8061
7811
8661
7948
7917
8109
8287
8578
8146
8975
8249
8676
7862
8461
8584
8637
8038
8660
8979
8331
8742
7879
8458
7433
7790
7662
8634
8953
8642
7734
8925
8226
8074
8455
8132
8177
7828
7744
8481
8539
9466
8712
8214
7749
8574
8597
8077
8436
8637
8239
8553
7928
8324
7803
8393
8443
8671
9058
8522
8624
8750
8626
7646
8098
9105
8242
8217
8012
7700
8805
8374
8546
8525
8458
8658
8326
8606
8886
8370
8896
8365
9066
8098
9104
8229
8934
8660
8622
8774
7930
8960
7976
8172
8265
8582
9573
8449
8969
8878
8414
8973
8588
8596
9295
8019
8376
8500
8614
8707
8927
8823
7826
8777
8226
8195
8406
8378
8265
7871
8910
8917
8634
8029
8712
8678
8348
8899
7758
7714
8627
8740
9024
8749
8571
8675
8553
8370
7813
7896
7878
8624
8123
8321
8373
8234
7968
8320
9028
8528
8575
7988
8533
8560
8389
8141
8171
8630
8412
8263
8665
8000
9007
8379
8596
8074
8361
9219
8219
8132
8367
7725
8918
8874
8932
8671
8140
8445
8871
9291
7426
8213
8697
8740
8845
8034
8561
8081
8864
9074
9617
9380
8261
8563
8049
8986
8116
8146
8462
8360
7930
8901
8658
8530
8792
8634
8559
8869
8686
8545
8320
8426
8512
8868
8231
8819
8337
8459
8845
8799
8316
8627
8474
7998
9860
8683
8136
7862
8410
8163
8562
8696
7910
8627
8956
8689
8504
8700
8892
8690
8684
8493
8984
8760
8306
9137
9349
8340
7849
8249
8146
8786
9151
8379
8857
7972
8273
8393
8992
8798
8374
8011
8832
8807
9161
8917
8653
9395
8778
9549
8398
8615
8042
9299
8150
9065
8972
8782
8006
8711
8946
8994
8696
8633
8964
8784
8591
7741
8797
8537
8905
8207
7816
8483
8533
9065
8494
8673
9090
8479
8293
8645
8800
8944
9310
9027
8305
8768
8875
8220
9056
8581
8998
8377
8811
8595
8523
8332
8514
8672
8621
8710
8448
9051
8513
8918
9168
9053
9439
8837
9459
8351
8660
8167
8884
8535
9010
8506
9361
8280
9043
8724
8272
8937
8008
8963
8938
8184
8780
8751
9282
8632
8590
8841
9505
8353
8504
8977
8413
8791
9070
8645
8720
8481
8880
8831
9462
8467
8712
8617
8795
9304
8501
8757
9157
8320
8192
9712
8438
8887
8045
9468
8745
8298
7964
8591
9111
8849
8366
8504
8671
8997
8808
9372
10067
8569
8332
8491
8761
8164
9162
8753
8903
9186
8661
9238
9183
9195
8102
8654
9363
9282
9614
8646
8320
7931
8225
8709
8617
8077
8892
8738
8732
8791
8793
9079
9073
8593
8973
8630
9186
8239
8424
8778
8275
8289
9240
8812
8942
8239
7957
8724
8997
8989
8390
9227
9140
8899
8353
8737
9640
8902
7995
9265
8308
9388
8274
9153
8647
8870
8682
8542
8513
8700
8650
9058
8499
8841
9132
8862
9410
8650
8443
8924
8538
8712
7849
9137
8893
8424
9094
8084
8360
9356
8323
8730
9163
8821
9395
9376
8432
9656
8113
8761
8338
8552
8076
8934
8858
8901
9014
8936
8673
8871
8570
8659
9306
9025
9120
9689
9221
8273
8484
8221
9549
8777
8356
8837
9252
9174
9338
9022
8310
8770
8458
8775
8693
8589
8858
8912
8162
8522
8409
9010
9131
8499
8616
9282
8840
9383
8521
8551
8317
8362
8118
8518
9265
8532
9198
9674
8408
8311
8258
9019
9093
8785
9589
8657
9374
7892
8896
8878
8448
9572
9189
9072
8762
8882
9164
8926
8652
8649
8986
8725
8285
9477
9021
8942
8744
8768
9005
8791
8760
8216
9026
9006
8509
9781
8649
8551
9089
9264
8427
9058
9303
8966
9419
8663
8946
9206
9162
9493
9616
8912
8915
8762
9448
8603
9689
8743
8521
8577
8488
7915
9577
8917
8955
8365
8878
9182
8842
8623
8968
8964
8534
9396
8731
8935
8910
8806
8930
9962
8871
8874
8626
9605
9016
8738
9519
8532
9472
9042
9273
9133
8938
9144
8182
9233
8216
8570
8658
8307
8571
9401
9241
8802
9337
9034
9513
8642
9933
9056
8530
9868
9103
8680
9024
8713
8423
9283
9058
9627
9572
9321
9028
9332
8699
10029
9764
9018
9327
8953
9343
8840
9452
8977
8862
9117
9293
8683
9315
9076
9546
8973
9572
8974
9113
9186
10301
9327
8761
9418
9535
8838
9279
9261
8662
9015
8899
9493
8217
9550
8865
9809
8909
9417
9277
7994
9433
8826
9531
9263
8963
9067
9062
9633
9028
9230
8912
9030
8628
9806
8970
8694
9924
8980
9348
9598
9193
9816
8893
9236
8569
8864
9946
9492
9480
8957
8637
8745
8994
8598
8507
9029
9186
9123
8921
8834
9764
8940
9766
8824
9282
9203
9728
8932
9101
9226
9126
9334
9891
9354
8600
9178
9590
9907
9183
9291
8931
8526
8978
9457
8964
8857
8860
9415
9444
8801
9178
9097
9334
9420
9231
9166
8695
9533
9591
8852
9565
10163
9169
9739
8881
9461
8966
9684
8963
9565
9835
9055
9084
9670
9772
9087
8763
8708
9672
8711
8416
9631
9051
9928
10244
9292
9362
8476
9368
10167
9907
9352
9263
9647
9176
9649
9589
9417
8516
9303
9254
9085
9295
8894
9538
9715
9153
8927
9108
9575
9394
9317
9502
8924
9936
8749
9165
9375
9157
9376
9544
9380
10064
9053
10083
9199
9317
9497
8762
9522
10028
9992
9342
10095
8819
9949
9616
9778
9871
9377
9228
9093
9689
9814
9940
9433
9013
9534
9592
9636
9197
9454
10195
9947
9900
9681
9428
9446
9655
9656
8873
9412
9012
10390
9416
9746
9373
9952
9919
9307
9844
10131
10023
10025
10392
9865
8644
9754
10064
9864
9740
10404
9883
9871
9449
9306
9602
9146
9535
10266
9335
10041
10173
9554
9588
9626
10040
9279
9885
9416
10093
9948
9751
9741
9415
10230
9664
9714
10262
9348
10164
9957
9844
9658
9470
9314
10293
9318
9906
9606
10553
10606
9332
9619
9769
10194
9985
9695
10056
9512
9422
9866
10378
9626
9741
9534
9538
9291
9928
9588
9819
10150
9317
10253
9973
9770
9798
10320
9881
10141
9960
10120
9895
10323
9914
9467
9677
9483
10573
10279
9982
8741
9330
9577
10877
10241
9999
10040
9736
9080
9229
9839
10463
10470
9660
10467
10199
9800
10201
9926
9960
9454
10031
9820
10149
9973
10310
9380
9539
9749
10314
9807
10172
10026
10460
10472
10069
10564
10732
9845
10126
10275
10884
10836
10355
10357
10113
9692
9908
9918
10387
10128
10982
11140
10341
10290
9785
10850
10240
9981
10509
10618
9854
10499
9704
10436
10195
10594
9666
10916
10392
10181
9832
10616
9906
10317
10311
10119
10719
10581
9989
10010
10859
11225
10537
10731
10214
10066
10937
10081
10381
10275
10972
11054
11295
10934
10248
11295
10872
10768
10294
10838
10626
10466
10562
10428
10456
10129
10394
9956
10378
10574
10357
10688
11178
10531
10206
10674
9964
10530
10953
10851
10968
11012
10215
11087
10481
10206
10567
11105
11116
10790
10166
11396
10253
10849
10618
10038
10884
10216
10266
10355
10909
10859
10821
10741
11234
10863
11243
10427
10465
11478
11019
11470
10922
10959
10916
10998
11136
10782
10729
10748
10968
10559
11016
11046
10874
10850
11006
11285
10782
11180
10426
10095
10662
10740
10410
10402
10849
11046
10706
10994
10633
10959
11204
11275
11549
10936
11478
11170
11348
11139
10726
11570
11018
11079
10838
11607
10730
10926
11572
11541
11156
11504
11074
10917
10506
11509
10980
11058
11212
10935
11410
10922
11132
11450
11420
11170
11415
11220
11227
11112
11503
11286
11030
10704
10683
10870
11125
11576
11181
11581
10782
11701
11065
11467
11513
11408
11437
11569
11205
12122
11545
11355
11418
10906
11963
11577
11251
11208
11574
11001
12348
11525
10953
11663
11538
11529
11551
11520
11366
11219
11109
11659
11895
11434
10954
11550
11542
11102
12398
11709
11237
11432
11402
11746
11912
10908
11509
11965
12514
10717
12216
11572
12442
11946
12093
12026
12116
11599
11785
11555
11777
11863
11514
11915
11490
12933
12086
11698
11972
11768
12413
12021
11784
11941
12175
11695
11476
12372
12193
11904
12884
12171
11837
12022
11266
11872
11573
12116
11875
12036
12040
12309
12690
12693
11782
12417
12072
11765
12568
11987
12508
12201
12580
12608
11699
12334
12477
12180
12258
12699
12506
12002
12251
12574
12031
12702
12587
12197
12175
12544
12509
12078
13085
12204
12079
11975
12285
12785
13099
12302
13090
13230
12174
13028
12512
12230
12480
12519
12719
12571
13060
12783
12015
12669
13271
13213
12534
13278
12641
13502
12040
12810
13006
13391
13192
13526
12990
12384
12155
12417
12478
13412
13470
12093
13191
12982
12958
13667
13031
12974
13007
13242
12714
13550
12665
12980
13104
12823
11932
12550
13156
13461
13038
12855
13657
12958
13037
13026
13291
13076
12405
13157
13208
13876
13111
13813
12859
12996
13332
12756
13501
12960
13448
13741
13199
13462
12928
14171
13217
13048
13341
14082
13975
13500
13305
13463
13388
13437
13638
12841
13622
12565
13584
13103
13529
14142
13130
13917
13315
14302
13533
13974
14257
13536
13049
13632
14068
13902
13666
14002
14222
13392
14320
13517
13435
13519
13104
13479
14145
13705
13708
13660
13638
13472
13609
13786
14348
14760
13422
14550
13512
13803
14205
13598
14502
14414
14096
14653
14349
13925
14607
13988
14648
14815
14430
13978
14585
14128
14028
14917
13302
14642
14531
15219
14882
15081
14782
13731
13652
14509
14550
14994
14467
14691
14930
14455
14200
14117
14478
14906
14717
14603
14960
14487
14119
14820
14724
15200
14838
14726
15223
14118
15656
14287
15304
14864
14346
15246
15629
14942
13924
14434
14930
14649
14888
14394
14410
15192
14435
15292
14844
16058
15179
14848
15227
14018
14941
15089
15326
14684
15888
15332
15275
15149
15716
15502
15533
15806
15492
14669
15036
15488
15572
15537
15492
15768
15214
15354
15947
16282
15597
15392
15038
15784
15371
15814
15242
15782
15348
15830
15886
16043
16180
15557
15962
15842
16048
15544
15913
15252
16129
15452
14948
16521
16539
16009
15447
15477
16066
16640
16329
16159
15553
16330
16172
16138
16782
16289
16394
15976
16363
16142
17011
15883
16764
16255
16402
16144
16004
16400
16532
16836
16252
16287
17382
16772
15825
17190
16861
16118
17056
16902
16717
16989
16771
16797
17468
16506
17012
16901
16490
16598
17401
17751
17370
17359
17339
16615
17959
17259
17380
16776
18174
17301
17996
16770
17803
17651
18155
17822
17670
17886
17635
16962
17694
18275
17145
18409
17148
17457
17742
18308
18924
17441
17931
17355
18022
18241
17784
17298
18013
18236
17849
17476
17562
17858
17741
17533
18100
18338
18319
17970
17922
18210
18108
19351
18283
18792
17992
18989
18188
18513
18809
18537
18917
17906
18413
17813
18496
18924
18836
18502
18898
19247
18756
18717
18444
18489
18601
18850
19098
18527
18707
18379
19113
19748
19099
18967
18797
18897
18713
19739
19673
19554
18991
19204
20614
19326
19357
19000
18688
19285
19086
18889
19544
19008
19386
19349
19678
19791
19673
19750
19803
19892
20029
19790
19940
19817
19570
19287
19774
19535
19783
20297
19898
19386
19386
20540
20325
20578
20622
19348
20346
19964
20148
19830
19977
20330
20256
19824
20488
20232
19656
20496
20504
20564
20260
21334
21145
21096
21290
19968
20613
20657
20928
20764
21103
20699
21278
21023
20924
20532
19712
21048
21740
20983
20827
21298
21434
21628
21281
21077
20409
20844
21497
21472
21423
21782
21192
21862
21989
21184
21442
21860
21026
21582
21728
22244
21644
21760
21012
21802
21231
21056
21144
21778
21533
21220
21450
22050
21869
22126
21973
21736
22344
21330
21525
21824
21284
22012
22349
21172
22657
21750
21375
22089
23189
21853
22039
21420
22682
22358
22442
22888
22812
22294
22724
22512
22369
22356
22664
22754
23476
22866
22996
22764
22676
23221
22728
21867
22713
23044
23273
22772
22887
22722
22766
23403
22965
23090
23851
23377
23211
23051
23601
22859
23224
22438
22721
22752
22964
23732
23370
22849
22866
23720
23444
22552
23901
23276
23744
22854
23269
23640
23644
23310
23483
23939
23366
23712
22763
23832
23657
23800
23306
24020
24207
23892
23370
23796
24249
24246
24102
24166
24106
23787
24036
25357
23962
24487
25130
23760
23914
24328
24180
24426
23650
24578
24165
23432
23263
23492
22971
24076
24758
24567
24684
25205
24933
24874
25132
24393
24462
24686
24645
25393
24890
25934
25280
25322
23750
25716
25380
24840
25696
25062
25457
25531
25592
25477
25811
25562
25514
25300
26505
26093
25305
25221
25788
26022
25378
24754
25616
25604
27008
26501
27288
26741
25632
26373
25070
26741
26444
26141
25188
26412
25792
26912
25546
25921
26194
25862
26033
26138
26649
26198
26566
26240
26846
26914
26622
26520
27052
27446
27206
27661
27608
26650
27129
27558
26903
27770
27844
27245
27818
27510
26677
26838
27155
27156
27912
27669
27519
27904
27907
27399
27178
27758
27661
27405
28865
27944
28061
28329
28238
27880
28830
28017
29121
28946
28405
28362
28616
28306
28776
28145
28396
29544
28578
29209
28539
28596
29765
29132
29132
29192
29162
29305
29576
29254
30161
29535
28696
29335
29265
30060
30055
29989
29462
30376
30340
29711
30197
30270
29706
30568
30452
29598
30386
31116
30308
31108
30889
30541
31222
30829
31024
30905
32722
31224
31627
31497
30914
32054
31492
32156
31510
31700
30880
31564
32868
33177
32709
32718
32215
32587
33088
31954
32276
31824
32360
31822
31748
31672
32682
32639
32960
32724
32410
33672
33657
33720
33452
33064
33496
34011
33098
34330
34420
34312
34662
34628
33575
33810
34354
34281
34806
34829
35250
33980
34550
34830
34304
35221
33834
35467
34773
35104
35720
35466
35679
36269
35547
36334
36024
36596
36381
36443
37220
37416
37408
37083
36826
37557
36861
37556
38248
37144
37620
37434
38028
38257
37801
38325
38758
38109
38748
38656
39189
38170
38440
39266
39208
38528
39255
39370
39702
39782
40068
39752
39753
40340
40178
40078
40426
41322
41158
41229
42084
40715
41354
41216
41788
41901
41226
41946
42166
41197
42084
43412
42650
43469
42772
43221
42512
42656
43380
44161
43632
44386
44560
44121
44570
43306
44726
44650
45243
45324
44944
47077
46004
45507
45685
46226
45961
46518
46540
46775
46643
46891
46631
47736
47765
47663
46938
48384
47946
47730
48584
48648
49288
48228
48404
48891
49514
49001
49913
49316
50520
50147
50361
50768
51119
50843
50866
51570
52136
51540
51712
51960
52093
51648
52756
52680
51874
52554
52914
53357
52326
52461
52442
53506
53908
54656
53858
54056
54125
54919
54350
54718
55210
56271
54626
55048
56233
56427
56396
56056
55686
56621
56724
56234
57293
57168
57460
58050
58765
57786
58724
59086
59173
59051
59546
59450
60004
59604
59208
59141
59880
58725
60932
60059
60813
61342
61435
61061
61093
61914
62237
61617
62556
63108
62470
62776
63226
62633
63576
63197
63466
63034
64392
63536
64886
64539
64872
65080
65336
65152
65535
65356
65535
65535
64777
65535
65535
65535
65535
65535
65535
65535
65535
65535
65535
65535
65535
65535
65535
65535
65535
65535
65535
65535
65535
65535
65535
65535
65535
65535
65535
65535
65535
65535
65535
65535
65535
65535
65535
65535
65535
65535
65535
65535
65535
65535
65535
65535
65535
65535
65535
65535
65535
65535
65535
65535
65535
65535
65535
65535
65535
65535
65535
65535
65535
65535
65535
65535
65535
65535
65535
65535
65535
65535
65535
65535
65535
65535
65535
65535
65535
65535
65535
65535
65535
65535
65535
65535
65535
65535
65535
65535
65535
65535
65535
65535
65535
65535
65535
65535
65535
65535
65535
65535
65535
65535
65535
65535
65535
65535
65535
65535
65535
65535
65535
65535
65535
65535
65535
65535
65535
65535
65535
65535
65535
65535
65535
65535
65535
65535
65535
65535
65535
65535
65535
65535
65535
65535
65535
65535
65535
65535
65535
65535
65535
65535
65535
65535
65535
65535
65535
65535
65535
65535
65535
65535
65535
65535
65535
65535
65535
65535
65535
65535
65535
65535
65535
65535
65535
65535
65535
65535
65535
65535
65535
65535
65535
65535
65535
65535
65535
65535
65535
65535
65535
65535
65535
65535
65535
65535
65535
65535
65535
65535
65535
65535
65535
65535
65535
65535
65535
65535
65535
65535
65535
65535
65535
65535
65535
65535
65535
65535
65535
65535
65535
65535
65535
65535
65535
65535
65535
65535
65535
65535
65535
65535
65535
65535
65535
65535
65535
65535
65535
65535
65535
65535
65535
65535
65535
65535
65535
65535
65535
65535
65535
65535
65535
65535
65535
65535
65535
65535
65535
65535
65535
65535
65535
65535
65535
65535
65535
65535
65535
65535
65535
65535
65535
65535
65535
65535
65535
65535
65535
65535
65535
65535
65535
65535
65535
65535
65535
65535
65535
65535
65535
65535
65535
65535
65535
65535
65535
65535
65535
65535
65535
65535
65535
65535
65535
65535
65535
65535
65535
65535
65535
65535
65535
65535
65535
65535
65535
65535
65535
65535
65535
65535
65535
65535
65535
65535
65535
65535
65535
65535
65535
65535
65535
65535
65535
65535
65535
65535
65535
65535
65535
65535
65535
65535
65535
65535
65535
65535
65535
65535
65535
65535
65535
65535
65535
65535
65535
65535
65535
65535
65535
65535
65535
65535
65535
65535
65535
65535
65535
65535
65535
65535
65535
65535
65535
65535
65535
65535
65535
65535
65535
65535
65535
65535
65535
65535
65535
65535
65535
65535
65535
65535
65535
65535
65535
65535
65535
65535
65535
65535
65535
65535
65535
65535
65535
65535
65535
65535
65535
65535
65535
65535
65535
65535
65535
65535
65535
65535
65535
65535
65535
65535
65535
65535
65535
65535
65535
65535
65535
65535
65535
65535
65535
65535
65535
65535
65535
65535
65535
65535
65535
65535
65535
65535
65535
65535
65535
65535
65535
65535
65535
65535
65535
65535
65535
65535
65535
65535
65535
65535
65535
65535
65535
65535
65535
65535
65535
65535
65535
65535
65535
65535
65380
65535
64564
64930
64954
64793
63816
64457
64724
62859
64170
64310
62917
62824
62592
63258
63250
62228
61764
61064
61844
61494
61980
62486
60822
60626
60372
60240
60055
59372
59880
60469
59860
60184
58896
59834
58838
58709
58084
57620
56765
56412
57003
56795
56437
56960
55636
55735
56314
55796
54682
54874
55163
54528
54756
54002
54634
52940
53436
53234
51889
52667
51314
51929
52159
51940
51364
52090
51990
50614
51280
50797
51144
50888
49828
49792
48804
47012
46030
45814
46212
46136
45908
47317
47256
46298
47956
46853
46768
47249
46639
46106
46373
44715
45140
44330
45399
44288
44301
44188
43812
44340
43447
43573
42902
43402
42496
41558
41997
42219
41544
42184
40632
41097
40864
41509
40373
40173
39498
39133
38166
39488
38266
38778
38216
37120
37422
38203
38144
37094
36355
36735
36546
36404
37133
35468
35432
36632
35791
35037
34795
35266
34564
34213
33336
32954
33280
33890
32866
32272
33236
32930
32516
31679
31635
32534
31533
31370
30701
31258
30392
30818
30200
30159
29780
29581
29280
28765
28877
28639
28678
28772
28438
28599
27218
27192
27099
27006
27702
27883
27069
27535
25629
25659
26073
25432
25809
25741
25535
25896
25115
25782
25229
24519
24629
25261
23564
23753
24267
24339
22900
24157
23213
22951
22765
22682
22994
22538
21792
21891
22221
22306
21178
20968
21649
21732
21508
21445
20760
20632
20356
19815
19547
20113
21236
19785
20388
19115
19501
19414
18710
19072
19228
19156
18835
18250
18663
18395
18888
18184
18039
19045
17440
17946
17686
16949
17279
17302
16546
17063
16720
17082
16600
17469
17424
16301
16170
16226
16976
16452
16152
15483
16316
15812
14976
15064
15918
16241
16058
15800
15290
15371
15494
14378
15509
14902
15062
14540
14553
14138
14938
14482
14420
14935
14151
15021
14370
15101
13946
14842
14123
14258
13031
13370
14754
14531
13344
14061
12452
13664
13519
14197
13661
14228
13239
13815
13177
12821
13198
13221
12954
12198
12940
13650
13240
13017
12652
13006
12789
12834
13681
11703
12760
12584
12881
11485
12246
12271
12675
12016
12078
12018
12483
12003
12290
11782
12420
11957
12221
