8158
8231
7300
7951
7476
9294
7020
7882
7765
7202
7773
6931
7355
7148
6846
8326
8038
7074
8183
8013
6805
7447
6871
7582
7974
7500
7907
7322
7197
7872
7848
7094
7023
6980
7077
7459
7185
7911
7497
8086
7541
7366
7315
7485
7618
7012
8079
7284
8095
8009
8666
8540
8464
7157
7308
7273
7660
6693
7501
7776
7180
7275
8035
7928
7350
7441
7472
6870
8064
7983
7636
6965
7640
7668
7764
7692
7447
7543
7516
7225
8138
7441
7698
7513
7828
8041
7360
6916
8116
7542
7872
8308
7948
7529
7139
7858
7557
8561
8625
7389
7927
7187
8164
7149
7867
8009
7179
8198
7062
7427
8052
7270
8427
7865
7739
7368
7452
8074
8018
7910
7751
7387
7154
8031
7906
7995
8329
7826
6914
7971
7477
6976
8010
7437
7619
7592
8210
8204
7919
7454
8087
7787
7054
7705
8166
7858
7788
8088
7416
7616
8050
7613
8157
7677
7156
7687
8186
7965
8237
7725
8609
7699
7621
7548
7358
7808
8104
7582
8067
7211
7911
7858
7844
7238
7648
6985
7799
8102
7843
7751
7738
8542
8072
7355
7961
8436
7735
7589
8522
8135
8426
7768
8334
7949
7563
7792
7683
7995
8024
8471
7092
7320
8361
7703
7496
7837
8325
7937
8300
7864
7800
7864
8509
7963
7482
7085
8126
7746
8061
8031
8460
8008
8184
7354
8360
8071
8027
7972
7426
8361
7162
7417
8009
7932
7467
7792
7782
7735
8164
7899
8464
7911
7557
7739
8066
7911
8063
8046
7641
8480
7327
8343
8007
8176
8020
7894
7380
7546
8568
7572
7709
8354
7640
8172
7637
7999
7511
7776
8006
8788
8434
8278
8277
8150
7324
8052
8273
7412
7515
8381
8074
7795
8090
7319
8263
7244
7876
8216
8214
8168
7793
7627
7982
8088
8738
7664
8141
7965
7764
7995
7870
8192
7476
7587
7652
8050
7730
8149
8047
8320
7837
8974
8448
8133
7484
8342
8464
8167
8317
7768
8707
7020
7912
8172
7906
7591
8668
8235
8165
8492
8046
7647
7498
7738
7787
8388
8330
7890
8064
7880
8578
8077
8532
7517
7968
7949
8468
8229
8288
8618
7945
8330
8283
7870
8571
8030
8154
8611
7794
8508
7325
8267
8468
7122
8238
7744
7888
7767
8405
7953
7617
7464
8178
8070
7850
7593
7866
7463
7695
8068
7179
8628
7312
8332
7956
7974
8385
7548
8248
7895
8000
8717
7630
8138
8353
7663
8121
7694
8078
7794
8253
8362
7745
8330
8211
8221
8091
8727
7889
8143
8553
8034
8599
8510
7949
8593
8241
8226
8473
8246
8320
8263
8101
8254
8303
7972
8213
7228
8161
8452
7641
8331
8288
7969
7959
8164
8429
8231
8128
7919
8021
8218
8011
7420
8279
8436
8227
8410
7828
8448
7849
8111
7965
8356
8042
8857
7808
7660
8581
7964
7789
7985
8265
8618
8164
9035
8326
8594
8054
8252
8385
8488
7932
8640
8827
8368
8664
7855
8612
7437
8040
7475
8570
8852
8633
7895
8923
8294
7999
8397
8213
8001
7694
7728
8266
8370
9480
8554
8031
7808
8607
8610
8108
8450
8682
8378
8441
7843
8223
7836
8217
8351
8514
8887
8378
8518
8768
8587
7499
8150
9000
8419
8338
7989
7924
8733
8556
8603
8407
8759
8554
8266
8649
8882
8367
8509
7989
8903
8057
8870
7997
8645
8533
8259
8763
7944
8918
7886
7884
8214
8355
9396
8189
8465
8938
8250
8698
8435
8559
9145
7880
8207
8521
8572
8481
8743
8649
7766
8552
8189
8070
8148
8257
8156
7516
8664
8795
8384
7996
8736
8623
8300
8708
7899
7677
8585
8689
9149
8612
8405
8665
8519
8152
7783
7892
7898
8613
8143
8170
8134
7991
7924
8535
9014
8323
8800
7930
8207
8425
8293
8120
8200
8721
8230
8135
8705
7973
8759
8231
8754
8203
8418
9076
8159
8030
8427
7695
8510
8852
8760
8805
8246
8583
8553
8990
7424
8233
8479
8308
8948
8248
8465
8099
8797
9115
9198
8990
8250
8332
7948
8687
7790
8061
8351
8424
7989
8922
8465
8388
8790
8381
8224
8690
8849
8677
8284
8289
8388
8529
8100
8684
8249
8328
8949
8927
8346
8576
8360
8144
9587
8418
8274
7688
8288
7931
8483
8888
7885
8630
8816
8570
8311
8700
8591
8533
8631
8687
8719
8712
8260
8964
8933
8317
7873
8230
8100
8768
8982
8228
8793
7917
8346
8262
8846
8778
8196
8042
8786
8604
9010
8649
8558
9110
8738
9378
8328
8722
8109
9253
7916
8806
8939
8542
7914
8581
8665
8811
8424
8609
8957
8538
8696
7756
8583
8586
8843
8127
7945
8412
8380
8886
8521
8647
8990
8382
8345
8683
8564
8882
9463
8864
8113
8463
8773
8223
8924
8356
8707
8358
8493
8470
8662
8074
8291
8621
8515
8930
8328
9022
8752
8644
9277
8875
9172
8758
9129
8250
8507
8018
8603
8260
8683
8377
9189
8367
8771
8680
8081
8507
7650
8750
8704
8095
8730
8510
9033
8458
8543
8610
9430
8597
8302
8979
8472
8629
8953
8362
8411
8186
8557
8714
9146
8125
8453
8243
8725
9213
8468
8662
8955
8170
8060
9392
8341
8597
7790
9245
8667
8213
8100
8684
8938
8738
8104
8353
8784
8974
8578
9090
9740
8580
8342
8288
8523
7891
9188
8839
8845
9297
8565
9250
9216
9116
7935
8782
8924
9045
9440
8390
8073
7972
8069
8661
8541
7967
8777
8719
8412
8762
8459
8932
9186
8323
8786
8250
9228
8132
8350
8660
8073
8200
9194
8756
8832
8045
7779
8678
9007
8787
8185
8992
8991
8822
8063
8426
9346
8826
7779
9221
8156
9321
7897
8918
8606
8660
8473
8374
8234
8393
8349
9056
8324
8514
9006
8876
9089
8440
8145
8933
8374
8617
7841
9053
8722
8326
8823
8036
8272
8986
7922
8416
8929
8636
8994
9205
8192
9285
7985
8372
8292
8516
8054
8852
8660
8739
8953
8492
8320
8612
8265
8333
9308
8825
9045
9423
9190
8171
8618
7895
9238
8438
7957
8656
9156
9244
9037
8654
7885
8454
8396
8377
8305
8470
8486
8799
8235
8286
8357
8856
9172
8276
8449
8802
8612
9190
8452
8270
8088
8123
7990
8367
9065
8305
8630
9576
8182
8360
8409
8811
8982
8551
9070
8205
9018
7688
8934
8712
8242
9350
9141
8675
8693
8563
9053
8824
8396
8370
8872
8644
8299
9001
8656
8723
8376
8429
8612
8607
8556
7933
8660
8913
8453
9476
8481
8394
8673
9101
8155
8746
9093
8876
8879
8225
8807
8891
8999
9140
9492
8596
8750
8635
9158
8405
9300
8621
8356
8241
8298
7846
9164
8726
8742
8246
8479
8936
8512
8296
8758
8694
8137
8979
8491
8682
8635
8687
8662
9648
8388
8519
8550
9332
8798
8861
9316
8068
8916
8756
9082
8789
8532
8837
7913
8723
8111
8189
8548
8159
8094
9151
8913
8765
9014
8751
9413
8516
9122
8502
8453
9595
8714
8461
8825
8491
8193
9065
8713
9217
9151
8775
8804
8962
8324
9742
9094
8626
9202
8791
9118
8776
9234
8732
8828
8774
9012
8495
8938
8791
9070
8700
9165
8499
8567
8765
9552
8966
8438
9232
9257
8314
8991
8873
8637
8591
8711
9107
7965
8947
8482
9366
8553
9027
9026
7595
8852
8641
9170
8890
8718
8817
8796
9146
8638
8873
8660
8728
8302
9396
8566
8277
9416
8590
9146
9152
8855
9399
8542
8694
8316
8536
9419
9166
9097
8495
8346
8508
8491
8579
8244
8747
8946
8886
8634
8574
9290
8672
9584
8367
8742
8870
9254
8630
8623
8804
8930
9124
9442
9029
8199
8930
9228
9421
8564
8940
8350
8141
8590
9042
8427
8430
8340
8663
8959
8349
8740
8522
8898
8818
8492
8645
8468
9378
9096
8559
8995
9359
8669
9301
8534
8834
8577
9012
8534
9128
9274
8489
8630
9322
8964
8940
8284
7995
9074
8832
8089
9065
8484
9468
9606
8440
8943
8232
8944
9724
9456
8872
8781
9221
8740
8889
9168
8735
8263
8768
8808
8469
9018
8390
9100
9146
8604
8499
8536
8962
8773
8765
9074
8443
9594
8157
8825
8888
8590
8801
9035
9162
9560
8747
9836
8986
8962
9248
8326
9129
9271
9656
8609
9538
8453
9428
8952
9437
9322
8768
8530
8785
9131
9080
9234
8861
8247
8960
8923
8984
8539
8697
9754
9297
9138
9133
8719
9007
8982
9080
8485
9074
8328
9901
8799
9337
8832
9112
9389
8733
9176
9660
9202
9497
9732
9262
8075
9325
9694
9194
8929
9816
8935
9109
8882
8672
8864
8480
9048
9569
8644
9223
9281
9005
8811
9003
9356
8662
9272
8858
9608
9179
9125
9062
8641
9614
8868
8892
9486
8842
9397
9531
8932
8981
8908
8506
9829
8470
9214
8907
9737
9918
8602
8972
9051
9472
9380
9232
9240
9013
8955
9302
9859
8884
9026
8921
8775
8654
9172
8886
9172
9371
8699
9364
9170
9373
8904
9357
9062
9511
9059
9323
9369
9385
9117
8527
8793
8782
9533
9112
9278
7947
8602
8993
9737
9304
9162
9140
9141
8387
8710
9302
9302
9708
8864
9457
9295
8590
9168
9060
9386
8860
9437
9178
9068
9263
9165
9039
8826
8605
9577
8713
8875
8972
9433
9590
9250
9731
9608
8960
9432
9377
9798
9736
9402
9180
9166
8996
8954
8904
9318
9434
9901
10044
9245
9484
8724
9949
9322
9026
9422
9842
8826
9628
8859
9673
9064
9650
8737
9780
9334
9233
9062
9797
9063
9204
9299
9274
9843
9275
9290
8882
10003
9956
9323
9551
9196
9115
9840
8902
9284
9028
9941
9609
9903
9729
9087
10327
9879
9588
9193
9808
9705
9492
9364
9304
9369
9074
9436
8779
9180
9230
9251
9717
9603
9450
9151
9344
8975
9472
9748
9705
9912
9809
8993
9679
9212
9024
9398
9665
9946
9677
8925
9996
9106
9844
9155
8742
9938
9080
9250
9208
9785
9765
9416
9752
9816
9577
9777
9243
9272
9963
9772
10119
9613
9541
9486
9635
10060
9221
9449
9649
9532
9323
9676
9561
9509
9519
9610
9923
9792
9903
9031
8851
9104
9245
9071
8965
9410
9817
9557
9715
9472
9326
9941
9525
9982
9468
10169
9775
9890
9548
9232
10223
9500
9522
9538
10029
9414
9218
10006
10077
9760
9836
9759
9522
8810
9995
9584
9566
9740
9271
9891
9654
9775
9932
9765
9787
9745
9578
9436
9661
9856
9626
9567
9384
9284
9399
9340
10045
9850
9963
8725
10286
9608
9610
9814
9801
9936
9967
9735
10606
9653
9851
9640
9078
10023
9801
9591
9370
9835
9349
10609
9927
9314
9691
9618
9874
9827
9948
9821
9540
9389
9886
10149
9281
9235
9592
9694
9472
10527
9921
9248
9425
9641
10032
10057
9075
9569
10246
10404
8980
10141
9699
10171
9934
10223
10244
10212
9952
10147
9612
9797
9907
9632
9923
9445
10853
9857
9642
10005
9974
10099
10029
9881
9955
10300
9900
9409
10062
10122
9926
10734
9944
9741
9908
9333
9686
9552
9916
9921
9766
9786
10312
10436
10513
9524
10039
9608
9565
10223
9903
10337
10170
10259
10246
9628
10130
10126
9929
10144
10500
10236
9778
9837
10402
9698
10452
10146
9959
9851
10397
10240
9785
11008
9634
10161
9786
9676
10329
10650
9852
10669
10886
9948
10836
10139
9926
10187
10327
9852
9981
10578
10147
9846
10271
10675
10946
9988
10479
10481
10881
9581
10169
10391
10805
10644
10533
10562
9970
9678
9727
9890
10746
10677
9540
10555
10422
10317
11090
10466
10603
10461
10605
10094
10810
10006
10414
10429
10312
9313
10127
10411
10362
10445
10125
10764
10203
10452
10143
10378
10092
9794
10260
10404
10754
10164
10862
10191
10239
10660
10264
10442
10431
10475
10866
10379
10612
10170
11522
10360
9947
10272
10776
10806
10745
10390
10438
10393
10511
10704
9756
10410
9500
10436
10035
10342
10898
10164
11085
10528
11080
10082
10727
11188
10643
9889
10518
10958
10807
10566
10866
10891
10245
11153
10210
10067
10195
10394
10191
10956
10312
10261
10387
10160
10549
10145
10480
10842
11311
10168
11093
10045
10198
10720
10527
11064
11092
10702
11110
10894
10498
11060
10874
10888
11131
11185
10649
10945
10252
10678
11407
10026
10977
11008
11319
11709
11435
11328
10004
10204
10691
10995
11355
10744
11098
11145
10601
10458
10360
10747
11004
10880
10849
11125
10827
10444
10874
10979
11636
11080
10880
11091
10349
11865
10621
11515
10869
10344
11466
11885
11336
9991
10861
11208
10971
11015
10464
10554
11378
10560
11392
10742
11732
10953
10774
11269
10092
10759
10788
11102
10610
12017
11264
11388
11045
11354
11757
11296
11447
11148
10187
10717
11269
11061
11435
11161
11272
10892
10853
11741
11678
11092
11241
10766
11097
10903
11218
10829
11392
10794
11225
11510
11424
11596
11243
11387
11666
11280
10835
11307
10573
11417
11146
10455
11888
11720
11423
11048
11046
11232
11542
11629
11448
10692
11367
11381
11329
12124
11122
11562
10988
11476
11417
12033
10907
11742
11149
11745
11332
11208
11364
11304
11514
11483
11118
12339
11694
11038
12051
11530
11077
11764
11840
11594
11766
11770
11894
12100
11363
11653
11940
11452
11483
12090
12375
12209
11944
11880
11468
12276
11878
12017
11498
12570
12288
12676
11747
12138
12023
12982
12080
12038
12226
11736
11287
11989
12373
11466
12701
11792
11900
12112
12599
13417
11841
12380
11556
12209
12510
11994
11776
12197
12322
12170
11831
11787
12381
11575
11785
12059
12391
12574
12013
12359
12511
12416
12915
11768
12767
11594
12536
12189
12107
12568
12190
12842
11581
12851
11588
12497
12714
12689
12184
12536
12899
12769
12206
11892
12439
12111
12802
12986
11957
12344
12165
12643
13484
12564
12416
12266
12362
12127
13219
13204
12685
12244
12369
13988
12876
12714
12761
12170
12725
12408
12544
12900
12343
12908
12856
13156
13312
13175
13218
13117
12850
13085
12616
12923
12818
12481
12565
12987
12472
12858
13002
12891
12655
12685
13337
13141
13768
13790
12535
13272
12704
13278
13070
12772
13064
13316
12862
13485
12636
12503
13227
13340
13202
12814
14125
13825
13685
14097
13130
13333
13704
13561
13495
13638
13172
13716
13615
14018
13083
12599
13688
13998
13549
13426
13766
13924
14107
13832
13781
13252
13625
14046
13999
13737
14579
13888
13940
14213
13703
13854
13908
13630
13978
14170
14511
13904
14368
13512
14097
13493
13491
13560
14161
14124
13341
14216
14085
14422
14549
14376
13974
14635
13445
13671
14301
13785
14011
15008
13765
15105
13919
14112
14170
15088
14182
14370
14006
14970
14460
14618
14892
14768
14640
14858
14518
14584
14612
15043
14677
15436
15226
15115
14696
14632
15593
14869
13962
14803
14721
15260
14626
14878
14724
14780
15534
15153
14930
15650
15598
15294
15642
15793
15216
15143
14904
14629
15049
15108
15904
15308
14817
14908
15766
15739
14837
15784
15191
15800
14674
15557
15878
15886
15431
15563
15630
15712
15708
15022
15542
15731
15557
15275
15752
15867
15825
15353
15963
15833
16089
16435
16564
16373
15892
16152
17442
15718
16333
16789
15502
16024
16417
16267
16640
16029
16542
16390
16012
15608
16186
15584
16050
17092
16532
16674
17117
16646
16522
17283
16096
16168
16719
16791
17245
16792
18060
17420
17442
15915
17666
17257
17157
17514
17363
17653
17456
17736
17442
17564
17538
18118
17477
18670
17858
17536
17520
17994
18316
17937
17434
17679
17934
18813
18319
18796
18561
17898
18532
17174
18648
18742
18649
17672
18623
18362
19156
17984
18838
18058
18456
17773
18705
19040
18382
18667
18246
18962
19147
18914
19062
19237
19414
19593
20046
20004
19172
19723
20086
18984
20012
20210
19853
20366
19960
19542
19307
20036
19892
20498
19836
20314
20534
20869
19938
20264
20346
20408
20321
21146
20508
20919
20643
21074
20498
21421
20937
21789
21570
20962
21175
21240
21411
21258
21703
21267
22204
21639
22068
21465
21570
22582
22572
22007
22456
21905
22373
22484
22330
22978
22890
22082
22571
22482
23026
23531
23074
22769
23462
23187
23013
23541
23586
22711
23259
23261
22857
23752
24389
23413
24153
23844
24069
24399
24514
24650
24420
26074
24715
24941
25069
24680
25509
25290
25896
24660
25426
24960
25092
26659
26968
26075
26599
25923
26415
26716
25901
26801
26006
26406
26001
25856
25684
26546
26331
26802
26461
26525
27672
28033
27696
27530
27660
27944
27976
27757
28160
28470
28669
29250
28761
28073
28061
28877
28900
28938
29609
29548
29039
29423
29540
28541
30008
29029
30241
29588
30386
30525
30005
30472
30794
30430
30913
31285
30698
31156
31315
31890
32356
32313
31924
31743
32782
32117
32623
33133
32302
32357
32602
33331
33261
32714
33284
34068
34093
34411
34360
34553
34237
34236
35522
34825
33865
35127
35509
35380
35844
35566
35446
35754
36125
35968
35441
36601
36773
36705
37696
37514
36779
37189
37248
37830
38196
37350
38236
37945
38023
38465
39672
39385
39981
39557
39674
39172
39544
39936
40528
40544
41028
40538
40963
41050
40747
40901
41476
42429
42218
42276
43348
43410
42373
42756
42766
43189
43400
43498
43628
43743
44574
44106
44975
45350
44398
44109
44968
45172
45114
46052
45781
46893
45640
46890
47087
47604
46746
47332
46813
48004
47930
48226
48690
48890
48934
49269
49514
50304
49354
49529
49896
49834
49974
50966
50872
50438
51293
51630
51972
50885
51418
51264
51354
53044
53434
52558
52808
52932
53778
53668
54254
54538
54555
54137
53998
55469
55490
55378
55160
55060
55428
56603
55675
56476
56897
56745
57934
58560
57928
58600
59207
59044
58260
58932
59508
59704
59368
58629
59989
59508
58572
59942
60318
60756
61658
60780
61281
61327
62110
62532
62008
62676
63023
62752
63313
63956
63252
64042
63542
64794
64020
64693
64246
65535
64815
65449
65535
65535
65535
65535
65535
65535
65535
65535
65535
65535
65535
65535
65535
65535
65535
65535
65535
65535
65535
65535
65535
65535
65535
65535
65535
65535
65535
65535
65535
65535
65535
65535
65535
65535
65535
65535
65535
65535
65535
65535
65535
65535
65535
65535
65535
65535
65535
65535
65535
65535
65535
65535
65535
65535
65535
65535
65535
65535
65535
65535
65535
65535
65535
65535
65535
65535
65535
65535
65535
65535
65535
65535
65535
65535
65535
65535
65535
65535
65535
65535
65535
65535
65535
65535
65535
65535
65535
65535
65535
65535
65535
65535
65535
65535
65535
65535
65535
65535
65535
65535
65535
65535
65535
65535
65535
65535
65535
65535
65535
65535
65535
65535
65535
65535
65535
65535
65535
65535
65535
65535
65535
65535
65535
65535
65535
65535
65535
65535
65535
65535
65535
65535
65535
65535
65535
65535
65535
65535
65535
65535
65535
65535
65535
65535
65535
65535
65535
65535
65535
65535
65535
65535
65535
65535
65535
65535
65535
65535
65535
65535
65535
65535
65535
65535
65535
65535
65535
65535
65535
65535
65535
65535
65535
65535
65535
65535
65535
65535
65535
65535
65535
65535
65535
65535
65535
65535
65535
65535
65535
65535
65535
65535
65535
65535
65535
65535
65535
65535
65535
65535
65535
65535
65535
65535
65535
65535
65535
65535
65535
65535
65535
65535
65535
65535
65535
65535
65535
65535
65535
65535
65535
65535
65535
65535
65535
65535
65535
65535
65535
65535
65535
65535
65535
65535
65535
65535
65535
65535
65535
65535
65535
65535
65535
65535
65535
65535
65535
65535
65535
65535
65535
65535
65535
65535
65535
65535
65535
65535
65535
65535
65535
65535
65535
65535
65535
65535
65535
65535
65535
65535
65535
65535
65535
65535
65535
65535
65535
65535
65535
65535
65535
65535
65535
65535
65535
65535
65535
65535
65535
65535
65535
65535
65535
65535
65535
65535
65535
65535
65535
65535
65535
65535
65535
65535
65535
65535
65535
65535
65535
65535
65535
65535
65535
65535
65535
65535
65535
65535
65535
65535
65535
65535
65535
65535
65535
65535
65535
65535
65535
65535
65535
65535
65535
65535
65535
65535
65535
65535
65535
65535
65535
65535
65535
65535
65535
65535
65535
65535
65535
65535
65535
65535
65535
65535
65535
65535
65535
65535
65535
65535
65535
65535
65535
65535
65535
65535
65535
65535
65535
65535
65535
65535
65535
65535
65535
65535
65535
65535
65535
65535
65535
65535
65535
65535
65535
65535
65535
65535
65535
65535
65535
65535
65535
65535
65535
65535
65535
65535
65535
65535
65535
65535
65535
65535
65535
65535
65535
65535
65535
65535
65535
65535
65535
65535
65535
65535
65535
65535
65535
65535
65535
65535
65535
65535
65535
65535
65535
65535
65535
65535
65535
65535
65535
65535
65535
65535
65535
65535
65535
65535
65535
65535
65535
65535
65535
65535
65535
65535
65535
65535
65535
65535
65535
65535
65535
65535
65535
65535
65535
65535
65535
65535
65535
65535
65535
65535
65535
65535
65535
65535
65535
65535
65535
65535
65535
65535
65535
65535
65535
65535
65535
65535
65535
65535
65535
65535
65535
65535
65535
65535
65535
65535
65535
64564
64724
64117
64614
64357
63236
64372
64232
63705
63885
62777
64203
62324
62955
61828
61792
60738
60310
61186
61024
60442
60090
58724
59302
59991
60008
58724
59292
58810
58731
57984
57881
57739
56180
57284
56536
55396
55188
54945
55444
55661
55734
54669
55082
54622
54040
55172
54265
54564
54168
53312
52821
51883
49913
49018
48898
49004
49408
49372
50292
50044
49684
50842
49900
49480
49997
50200
49677
49366
47999
47864
47392
47998
47237
46992
47540
46536
46768
46036
46171
45402
45213
45088
44644
44084
44544
43985
44585
43280
43570
43041
43448
42763
42028
41588
41632
40960
41422
40704
40808
40868
39893
39574
40689
39684
39456
38370
39025
38644
38422
38884
37363
37378
38760
37948
36765
36533
36826
36766
36308
35354
35223
35021
35259
34452
33931
34852
34797
34264
33097
33499
34411
32971
33138
32061
33026
31792
32463
32053
31221
30853
31338
31305
30088
30320
30687
29854
30237
29556
29940
28739
28497
28875
28567
28803
29056
28510
28619
26796
26780
27285
26707
26667
27082
26831
27010
26344
26440
25913
25551
25792
26481
24788
24564
24970
25108
24010
25352
24166
24175
23978
23856
24296
23105
22405
22738
23437
23305
22441
21930
22826
22101
22494
22431
21689
21734
21317
20880
20467
21027
21784
20959
21154
20037
20357
20513
19544
19734
19821
19679
19550
19160
19667
18729
19272
19096
18936
19791
18032
19032
18205
17690
17442
17865
17196
17738
17411
17301
17411
18191
18471
16892
16487
16924
17411
17241
16757
16254
16765
16092
15605
15704
16486
16932
16327
16074
15989
15757
15892
15304
16338
15316
15637
15067
15256
15010
15397
14972
14662
15533
14372
15469
14868
15133
14363
15606
14639
15247
13634
13742
14956
14885
13555
14325
13101
14412
13878
14335
14201
14505
13644
14429
13250
13005
13673
13826
13068
12324
13273
13971
13572
13425
13453
12991
12948
13096
13898
12060
13260
12932
13023
11726
12699
12569
12945
12008
12430
12129
12562
12141
12651
12639
12948
12158
12533
