7965
7996
7419
7870
7247
9207
7068
7871
7759
7117
7674
7011
7339
7160
6843
8378
8077
6965
8070
7925
6747
7353
6734
7526
7973
7502
7789
7387
6996
7752
7823
7021
7099
7053
7228
7585
6806
7640
7322
8049
7326
7330
7139
7493
7745
7149
8099
7000
7850
7694
8693
8222
8265
7213
7443
7329
7376
6860
7368
7717
7207
7138
8081
8008
7348
7399
7368
6847
7910
7889
7622
6708
7531
7372
7764
7811
7380
7711
7322
7299
7980
7424
7767
7296
7721
7935
7435
6922
8050
7625
7580
8022
7927
7538
7216
7801
7378
8389
8330
7471
7967
7135
8244
7168
7931
7820
7013
8132
7049
7400
7775
7139
8367
7869
7702
7218
7405
7977
7984
7986
7699
7153
7143
8024
7866
7913
8334
7833
6920
7765
7418
7204
7724
7338
7595
7588
8247
8085
7702
7381
7770
7693
7255
7650
8048
7747
7885
7860
7386
7541
7936
7418
8301
7714
7053
7662
8016
8074
8170
7662
8669
7350
7580
7602
7348
8006
8270
7266
8159
7144
7892
7790
7878
6982
7702
7071
7748
8237
7917
7889
7716
8546
8050
7664
7882
8337
7908
7435
8586
7939
8463
7804
8233
7845
7428
7828
7752
8146
7892
8448
7046
7299
8102
7416
7534
7677
7980
7691
8034
7604
7945
7872
8255
7794
7547
7117
8069
7553
7996
7885
8284
7982
8065
7535
8483
8085
7742
7978
7309
8175
7189
7425
7857
7851
7335
7664
7654
7546
8010
7874
8396
7932
7613
7699
7965
7791
8133
8064
7645
8521
7239
8326
8059
8164
7670
7910
7523
7586
8316
7326
7613
8242
7601
8089
7318
7994
7676
7635
8141
8724
8538
8059
8372
8078
7248
8073
8298
7411
7434
8344
8078
7512
8260
7296
8160
7277
7894
8489
8198
8010
7790
7546
7795
8197
8606
7730
8033
7814
7600
8081
8198
8037
7242
7565
7605
7911
7663
8031
7952
8067
8031
8841
8301
8109
7601
8217
8551
7940
8500
7554
8500
7022
7871
8060
7788
7474
8621
8207
8032
8420
7896
7529
7126
7546
7620
8666
8145
8006
7827
7672
8751
8192
8484
7388
7828
7865
8280
8420
8082
8495
8041
8291
8134
7907
8482
8210
7954
8650
7637
8347
7445
8122
8201
7110
8422
7842
7859
7663
8378
8018
7490
7620
8268
7936
7765
7629
7912
7482
7463
8073
7179
8352
7426
8317
7900
7947
8525
7424
8258
7826
7918
8579
7296
7968
8326
7730
8078
7717
8178
7770
8182
8356
7676
8339
8406
8156
8067
8543
8156
8214
8547
8065
8518
8451
7845
8403
7932
7983
8260
8210
7948
8232
8357
8441
8188
7882
8042
7005
7930
8211
7565
8166
8072
7964
7862
8140
8350
8141
8183
8065
8003
8054
8065
7379
8323
8074
8136
8389
7965
8468
7917
8039
8024
8260
8175
8687
7945
7629
8725
7690
7562
8014
8171
8309
7796
8814
8263
8698
7687
8335
8362
8474
7747
8482
8841
8321
8754
7775
8418
7455
7793
7630
8436
8821
8390
7802
8528
8129
7824
8431
8081
7873
7788
7597
8156
8334
9076
8605
8100
7758
8467
8502
8007
8189
8564
8118
8571
7689
8061
7574
8262
8202
8633
8900
8303
8402
8729
8536
7580
7944
8902
8304
7960
7835
7557
8674
8267
8545
8210
8651
8526
8198
8674
8625
8393
8836
8165
8857
8029
8774
7986
8508
8503
8434
8696
7788
8758
7833
7863
8057
8442
9379
8224
8397
8721
8312
8871
8429
8493
9109
7831
8149
8440
8706
8576
8694
8699
7669
8466
8027
8164
7828
8234
7990
7704
8720
8796
8466
7880
8537
8524
8233
8606
7779
7612
8487
8494
8880
8484
8219
8415
8432
8262
7897
7816
7694
8615
7803
8126
8257
7936
8034
8355
8996
8413
8612
7893
8236
8476
8085
7963
7980
8504
8171
8214
8610
7972
8800
8260
8712
7982
8398
9036
8266
7992
8359
7233
8372
8795
8565
8673
8322
8266
8188
8985
7222
8148
8269
8351
8911
7899
8533
7990
8618
9028
9221
8984
8150
8138
8224
8929
7816
8039
8304
8211
7815
8592
8515
8356
8650
8576
8164
8583
8770
8422
8355
8216
8340
8601
7862
8565
8352
8236
8992
8641
8262
8525
8349
8031
9373
8491
7950
7784
8182
8001
8493
8613
7896
8596
8840
8408
8248
8575
8645
8483
8386
8606
8736
8631
8100
9089
9114
8102
7894
7981
8043
8479
8768
8400
8753
7813
8121
8314
8688
8478
8515
7763
8734
8679
8917
8453
8454
9207
8569
9389
8009
8419
7935
9070
8045
8703
8896
8438
8085
8582
8559
8863
8473
8628
9146
8557
8598
7496
8376
8613
8622
8091
7522
8287
8198
8889
8400
8814
8872
8304
8303
8765
8365
8637
9174
8822
8067
8381
8727
7997
8951
8400
8882
8350
8726
8294
8479
8302
8240
8556
8266
8786
8442
9017
8651
8647
8822
8841
9012
8604
9172
8123
8347
7785
8691
8277
8811
8276
9055
8148
8523
8653
8187
8607
7604
8757
8732
8072
8675
8772
8788
8343
8608
8439
9378
8246
8035
8793
8202
8562
8670
8136
8322
8393
8686
8448
9312
8221
8428
8504
8662
8994
8450
8353
8841
8266
7988
9619
8429
8397
7984
9192
8573
8219
7795
8493
9082
8649
7879
8038
8546
8819
8422
9217
9865
8350
8148
8405
8534
7686
8929
8766
8792
8944
8484
8852
8972
9044
8129
8261
8974
9029
9077
8291
7982
7803
8003
8556
8477
7919
8541
8460
8332
8812
8477
8987
9046
8259
8468
8404
8860
8241
8090
8541
8024
8345
9172
8727
8806
8038
7808
8469
8860
8714
8065
8964
8767
8531
8141
8594
9175
8790
7913
9058
8098
9243
7986
8860
8358
8605
8406
8275
8167
8416
8512
8900
8141
8435
8985
8627
9072
8324
8283
8813
8477
8314
7700
8757
8601
8286
8866
7771
8056
8799
7991
8281
8881
8591
8856
8948
8045
9235
7744
8607
8042
8547
7868
8794
8349
8933
8652
8412
8360
8756
8084
8288
8902
8788
8677
9194
8956
8017
8450
7835
9258
8443
8070
8599
8875
8827
8948
8440
8077
8591
8224
8329
8358
8372
8389
8751
8078
8194
8186
8636
8885
8204
8248
8749
8428
9108
8148
8020
7927
8061
8082
8217
8818
8260
8833
9492
8244
8354
8046
8478
8810
8482
8902
8340
8919
7574
8489
8477
8247
9323
8892
8759
8646
8405
8866
8766
8240
8540
8604
8489
7982
9021
8429
8599
8374
8246
8450
8438
8341
7915
8667
8774
8363
9790
8325
8088
8697
9069
8124
8603
8927
8631
8774
8325
8724
8863
8815
8834
9319
8672
8547
8378
9132
8309
9090
8500
8136
8117
8265
7728
8992
8711
8662
8111
8345
8731
8471
8226
8602
8276
8026
8850
8340
8550
8444
8537
8586
9648
8327
8504
8296
9277
8489
8484
9101
7910
9006
8619
8815
8619
8485
8867
7913
8723
8027
8412
8458
7924
8122
9099
8832
8637
8656
8551
9204
8260
9327
8509
8229
9334
8574
8257
8664
8255
7970
8730
8510
8900
9097
8903
8576
8607
8218
9572
8984
8504
8754
8410
8749
8633
9098
8492
8506
8666
8678
8134
8680
8386
8868
8217
8902
8295
8372
8735
9356
8998
8451
9194
9206
8361
8768
9001
8409
8634
8336
9101
7803
8895
8224
9500
8409
8873
8678
7561
8726
8312
9043
8722
8735
8759
8467
9004
8425
8739
8476
8822
8098
9171
8704
8117
9232
8376
8878
9138
8589
9472
8576
8682
8176
8389
9317
9166
8812
8613
8043
8253
8444
8155
8172
8649
8742
8753
8338
8366
9242
8429
9305
8305
8654
8920
8949
8438
8616
8814
8690
8927
9170
8890
8040
8869
8917
9059
8614
8716
8353
7957
8301
9021
8492
8264
8328
8772
8832
8228
8668
8620
8961
8813
8469
8427
8237
8905
9174
8517
9084
9360
8395
9022
8294
8655
8416
8986
8410
9019
9055
8335
8798
9005
8972
8634
8109
8286
9070
8425
7671
9032
8544
9344
9542
8635
8867
8108
8634
9609
9303
8480
8411
8931
8497
8885
8994
8676
8071
8388
8482
8311
9001
8214
8952
9113
8646
8232
8272
8850
8833
8781
9039
8188
9319
8081
8494
8974
8571
8676
8901
8688
9462
8417
9312
8559
8842
8993
8082
8826
9163
9319
8615
9306
8018
9436
9031
9216
9227
8663
8518
8440
8920
9148
9063
8744
8297
8726
8907
9034
8553
8545
9411
8924
8865
9067
8558
8841
8576
8503
8253
8749
8226
9674
8637
8978
8837
9078
9333
8450
9050
9520
8980
9218
9564
9161
7826
9079
9394
8908
8711
9626
8961
8923
8876
8754
8529
8290
8877
9520
8538
9170
9043
8580
8563
8729
8970
8413
8843
8537
9186
8977
8815
8650
8522
9272
8768
8646
9149
8514
9124
9053
8835
8958
8656
8320
9280
8267
9129
8448
9588
9694
8340
8714
8839
9100
9025
8777
9081
8604
8596
8957
9111
8623
8920
8666
8739
8346
8924
8736
8971
9244
8484
9253
8825
8960
8788
9108
9071
9002
8868
9244
9167
9230
8957
8309
8687
8461
9705
9037
9007
7912
8401
8659
9414
9132
8946
8951
8827
7896
8065
9095
9226
9604
8634
9034
8783
8461
9047
8739
9205
8577
8995
8642
9012
8858
8881
8514
8159
8401
9220
8310
8907
8549
9312
9389
8895
9463
9453
8556
9000
9090
9479
9653
9178
8955
8849
8583
8962
8728
8882
8964
9652
9571
8852
8850
8405
9705
8834
8875
9201
9734
8719
9358
8574
9141
8711
9399
8638
9461
8916
8861
8726
9281
8859
8795
9050
8549
9272
8996
8737
8500
9867
9776
9034
9029
8768
8841
9378
8522
8853
8789
9515
9172
9718
9414
8760
10047
9453
9150
8960
9283
9170
9258
8882
9009
9011
8915
9046
8398
8708
9130
8970
9415
9407
9101
8863
9284
8621
9125
9399
9132
9618
9500
8876
9572
8806
8811
9003
9515
9440
9056
8258
9691
8598
9434
8866
8299
9437
8663
8695
8893
9167
9340
9198
9264
9660
9210
9636
8776
8784
9539
9525
9820
9676
9301
8977
9423
9546
8769
9054
9110
9238
8894
9502
9320
9210
9068
9220
9624
9210
9284
8456
8343
8718
8834
8774
8550
8784
9438
9010
9308
8853
9072
9336
9256
9816
9066
9858
9233
9522
9082
9128
9605
8981
9081
8927
9754
9033
8797
9605
9504
9300
9336
9218
9455
8562
9565
9210
9001
9234
9036
9317
8950
9261
9442
9283
9208
9459
9337
9093
9257
9618
9429
8955
8984
8980
8860
8874
9459
9101
9668
8409
9938
8983
9167
9324
9538
9481
9625
9492
10010
9327
9276
9302
8637
9453
9468
9060
8842
9191
8566
10256
9246
8742
9453
9285
9541
9200
9213
9078
9034
8760
9485
9525
8989
8744
9213
9212
8941
9968
9554
8923
8925
8821
9498
9305
8853
9064
9634
9908
8256
9738
9114
9678
9480
9512
9533
9874
9075
9670
9134
9378
9187
9102
9419
8835
10351
9459
9195
9465
9333
9615
9397
9098
9388
9714
9303
9098
9804
9695
9194
10116
9194
9374
9351
8649
9158
8973
9330
9128
9181
9360
9767
9769
9914
9017
9480
9018
8876
9882
9380
9533
9365
9821
9709
8986
9337
9566
9122
9344
9809
9408
9154
9076
9830
8905
9610
9612
9329
9189
9603
9386
9211
10185
9108
9437
9101
9358
10007
10084
9338
10028
10100
9095
10146
9480
9113
9604
9604
9313
9062
9991
9273
9151
9641
9948
10476
9228
9797
9464
10159
8965
9750
9687
9845
9911
10180
9579
9074
8968
9191
9180
10151
9881
8751
9689
9610
9749
10417
9602
9754
9557
9740
9411
9989
9439
9776
9676
9709
8683
9218
9753
9736
9717
9330
9993
9577
9680
9743
9562
9296
8860
9513
9830
9922
9524
10312
9280
9463
10023
9263
9813
9710
9608
10137
9543
9805
9294
10749
9430
9307
9592
10105
10245
9755
9618
9616
9840
9675
9845
9034
9401
8622
9620
9252
9380
10006
9099
10277
9774
10144
9443
9884
10391
9604
9231
9618
10190
9947
9671
10018
10014
9252
10355
9530
9016
9138
9577
9202
10064
9554
9559
9361
9494
9650
9433
9383
10127
10475
9098
10500
9060
9392
9856
9710
10149
10249
9618
10292
9945
9732
10233
9823
10075
10345
10170
9521
10148
9377
9866
10359
9096
10027
9981
10258
10473
10661
10233
9168
9338
10020
10035
10314
9664
10124
10284
9682
9721
9690
9955
9885
10047
9884
10148
9736
9556
9854
9927
10779
10102
9670
10322
9296
10632
9517
10359
9941
9499
10448
10624
10332
9353
9695
10181
9699
10133
9484
9562
10253
9462
10644
9597
10911
9918
9842
10421
9137
9496
9868
10130
9332
10842
9777
10388
9988
10165
10452
10147
10354
10206
9140
9977
10290
10298
10220
10136
10477
9829
9899
10429
10835
9819
10131
9500
10254
9686
10257
9783
9996
9778
9968
10172
10486
10228
9892
10458
10148
10143
9814
10051
9786
10281
9709
9460
10576
10778
10164
9597
9876
10047
10117
10512
10340
9495
10480
10187
10254
10697
10284
10327
10062
10218
9972
10827
10134
10424
9903
10218
10085
9719
10087
10329
10521
10232
9640
11032
10644
9834
10934
10347
9907
10399
10523
10337
10709
10377
10358
10863
10278
10565
10592
10267
10107
10877
10894
10612
10417
10563
10242
11262
10530
10718
10280
11107
10496
11389
10322
10431
10574
11479
10752
10530
11177
10496
9858
10456
11328
10397
11560
10299
10473
10400
11005
11826
10747
11084
10210
10766
10987
10640
10132
10445
11045
10634
10442
10292
10747
10369
10261
10603
10988
11006
10542
10650
10752
10916
11628
10461
11151
10139
11158
10709
10778
11182
10779
11256
10075
10926
10217
11090
11149
11355
10686
11226
11478
10975
10780
10591
10861
10548
11122
11150
10444
10682
10753
11025
11895
10687
10832
10636
11034
10597
11380
11453
11130
10471
10812
12182
11226
11227
11088
10514
10952
11054
10651
11212
10546
11295
11326
11315
11596
11444
11344
11322
11130
11562
10927
11396
11250
11083
10676
11461
10834
11231
11454
11296
10788
11032
11952
11419
11867
11789
11097
11592
11082
11556
10843
10905
11431
11779
11173
11514
11055
10851
11364
11539
11253
11040
12073
12005
11978
12416
10906
11493
11858
11818
11614
11835
11370
12010
11942
12189
11221
10918
11806
12378
11728
11803
12093
11987
12324
11945
12032
11443
11643
12230
12106
12240
12623
12082
12186
12496
12033
11799
12131
11459
12132
12450
12712
12074
12263
11408
12314
11610
11730
11750
12252
11958
11244
12245
12105
12509
12509
12293
12191
12970
11657
11976
12584
11905
12353
12854
11791
13051
11789
11652
12164
13149
12116
12346
11994
12786
12552
12766
12917
13043
12717
13117
12390
12697
12692
12997
12850
13366
12973
13259
12633
12700
13136
12826
11993
12991
12825
13232
12790
13189
12704
12896
13416
12973
12967
13666
13467
13270
13659
13752
13044
13297
12634
12873
12845
13053
13971
13285
12963
13168
13778
13520
12782
13962
12991
13730
12823
13451
13840
13700
13474
13720
13689
13761
13982
12553
13509
13696
13416
13265
13715
13857
13904
13488
13926
13974
14318
14058
14269
14232
13435
14030
15136
13780
14553
14797
13609
13949
14309
14191
14649
13922
14901
14585
13762
13508
14173
13557
13989
14836
14623
14688
14959
14493
14556
14835
14091
14178
14517
14702
15546
14779
16042
15270
15197
13987
15461
15328
14944
15661
15389
15449
15825
15769
15106
15284
15590
15707
15616
16502
15845
15382
15172
15894
16045
15502
15137
15821
15990
16740
16733
17061
16576
15976
16271
15445
16629
16701
16584
15716
16733
16393
17257
16166
16569
16469
16195
15972
16681
16722
16014
16416
15994
17073
17089
16826
17058
17003
17248
17388
17998
17732
16966
17520
17837
17304
17746
18074
17642
18470
17992
17449
17258
17885
17365
18153
18087
18228
18810
18506
18279
18261
18001
18213
18232
19346
18589
18945
18701
18994
18657
19221
18962
19817
19617
19106
18884
18877
19365
19593
19589
19107
20262
19751
19821
19547
19928
20329
20293
19643
19917
19691
20324
20495
20040
20422
20522
19608
20396
20596
20940
21264
20805
20685
21624
21238
21234
21056
21261
20841
21254
21410
20760
21958
22360
21375
21965
22263
22123
22316
22426
22860
22238
23819
22461
22988
22619
22579
23561
23098
23620
22603
23544
23001
23043
24650
24616
24055
23998
23643
24484
24928
24077
24492
24128
24386
24113
23897
24088
24401
24742
24644
24599
24678
25414
26084
25446
25088
25728
25872
26062
25112
25798
26439
26095
26930
26880
26229
26384
26164
26514
26583
27241
27506
26736
27382
27480
26854
27766
26288
27869
27138
28438
28064
27684
28498
28832
28174
28773
29029
29225
28838
29452
29632
29908
29740
29960
29188
30774
30388
30462
31143
30124
30516
30653
31237
31014
31083
31104
32376
31790
32132
31901
32713
31857
31970
32762
32269
32181
32685
33112
33177
33816
33588
32816
33466
34036
33589
33654
34336
35076
34444
35534
35380
34905
34999
35499
35780
35949
35202
35908
36164
35560
36374
37316
36890
37316
37335
37891
36846
37532
38053
38264
37509
38810
38941
38628
38674
38084
38438
39142
39637
40053
40549
40933
41124
40037
41076
40746
41113
41062
40782
41474
41708
42240
41578
42555
43002
42562
42482
43312
42874
42390
43972
43981
44790
43797
44201
44170
45252
44633
45124
44196
45799
45444
45608
46266
46580
46594
46986
47990
48212
46927
47488
47604
47860
47657
48626
48356
47583
49124
48714
48904
48513
48857
49042
49541
50176
50795
50452
50091
50554
51284
51823
51272
51592
52458
51749
51700
52777
53368
52992
53046
52652
53008
53941
53052
54290
54701
54282
55165
56346
55532
55258
56554
56744
55983
56558
57376
56967
57240
56280
57014
57245
56221
57696
57732
58295
59178
58384
58380
59592
59798
59904
59904
59673
60826
60378
60498
60532
60830
61720
60840
61844
61548
62393
62150
64000
62756
62893
63876
63504
63229
63724
62692
64733
64117
63821
64292
64745
65407
65099
65435
65535
65535
65535
65535
65535
65535
65535
65535
65535
65535
65535
65535
65535
65535
65535
65535
65535
65535
65535
65535
65535
65535
65535
65535
65535
65535
65535
65535
65535
65535
65535
65535
65535
65535
65535
65535
65535
65535
65535
65535
65535
65535
65535
65535
65535
65535
65535
65535
65535
65535
65535
65535
65535
65535
65535
65535
65535
65535
65535
65535
65535
65535
65535
65535
65535
65535
65535
65535
65535
65535
65535
65535
65535
65535
65535
65535
65535
65535
65535
65535
65535
65535
65535
65535
65535
65535
65535
65535
65535
65535
65535
65535
65535
65535
65535
65535
65535
65535
65535
65535
65535
65535
65535
65535
65535
65535
65535
65535
65535
65535
65535
65535
65535
65535
65535
65535
65535
65535
65535
65535
65535
65535
65535
65535
65535
65535
65535
65535
65535
65535
65535
65535
65535
65535
65535
65535
65535
65535
65535
65535
65535
65535
65535
65535
65535
65535
65535
65535
65535
65535
65535
65535
65535
65535
65535
65535
65535
65535
65535
65535
65535
65535
65535
65535
65535
65535
65535
65535
65535
65535
65535
65535
65535
65535
65535
65535
65535
65535
65535
65535
65535
65535
65535
65535
65535
65535
65535
65535
65535
65535
65535
65535
65535
65535
65535
65535
65535
65535
65535
65535
65535
65535
65535
65535
65535
65535
65535
65535
65535
65535
65535
65535
65535
65535
65535
65535
65535
65535
65535
65535
65535
65535
65535
65535
65535
65535
65535
65535
65535
65535
65535
65535
65535
65535
65535
65535
65535
65535
65535
65535
65535
65535
65535
65535
65535
65535
65535
65535
65535
65535
65535
65535
65535
65535
65535
65535
65535
65535
65535
65535
65535
65535
65535
65535
65535
65535
65535
65535
65535
65535
65535
65535
65535
65535
65535
65535
65535
65535
65535
65535
65535
65535
65535
65535
65535
65535
65535
65535
65535
65535
65535
65535
65535
65535
65535
65535
65535
65535
65535
65535
65535
65535
65535
65535
65535
65535
65535
65535
65535
65535
65535
65535
65535
65535
65535
65535
65535
65535
65535
65535
65535
65535
65535
65535
65535
65535
65535
65535
65535
65535
65535
65535
65535
65535
65535
65535
65535
65535
65535
65535
65535
65535
65535
65535
65535
65535
65535
65535
65535
65535
65535
65535
65535
65535
65535
65535
65535
65535
65535
65535
65535
65535
65535
65535
65535
65535
65535
65535
65535
65535
65535
65535
65535
65535
65535
65535
65535
65535
65535
65535
65535
65535
65535
65535
65535
65535
65535
65535
65535
65535
65535
65535
65535
65535
65535
65535
65535
65535
65535
65535
65535
65535
65535
65535
65535
65535
65535
65535
65535
65535
65535
65535
65535
65535
65535
65535
65535
65535
65535
65535
65535
65535
65535
65535
65535
65535
65535
65535
65535
65535
65535
65535
65535
65535
65535
65535
65535
65535
65535
65535
65535
65535
65535
65535
65535
65535
65535
65535
65535
65535
65535
65535
65535
65535
65535
65535
65535
65535
65535
65535
65535
65535
65535
65535
65535
65535
65535
65535
65142
65526
64916
65535
65535
64495
63908
64288
63928
64190
63771
64432
63256
63112
62592
62952
62720
61696
61956
62987
61642
62365
61448
62352
60970
61637
60812
60556
59562
58850
59405
59136
58688
59046
57928
58158
58410
58701
56864
58012
57706
57172
56772
56664
56608
55198
56295
55104
54378
54528
53013
54336
54192
54086
53410
53719
53724
52736
53640
53030
53339
53130
52305
51698
50764
48755
48085
47802
48181
47716
47970
49280
48562
48932
50092
48933
48492
49096
48554
48301
48331
46956
46948
45989
47106
45668
46116
46308
45736
46106
45165
45173
45056
45140
43852
43498
42921
44028
43268
43522
42609
42276
42160
42704
41718
41576
40977
40720
39796
41262
39547
40132
39850
38993
39228
39876
39041
38508
37860
37965
37556
37924
37866
36821
36500
37577
37524
36086
36032
36321
35612
35544
34757
33824
34670
34722
33808
32813
33866
34183
33602
32730
32642
33872
32566
32614
32070
31914
31244
31820
30893
31002
30220
30449
30194
29594
29700
30080
29999
29746
29305
29361
28364
28022
27989
27541
28471
28722
28187
28314
26692
26394
26940
26457
26030
26378
26156
26356
25612
26132
25956
24878
25412
26074
24103
24308
24926
24644
23247
24750
23700
23374
23052
23461
23663
22546
22443
22221
22981
22770
21696
21490
22125
21828
22029
22144
21204
21297
20948
20376
20036
20166
21801
20360
20667
19828
19707
19961
18936
19286
19476
19369
19374
18844
19316
18633
19133
18698
18434
19323
17928
18426
18044
17098
17276
17289
16800
17289
16906
17024
16994
17857
17744
16692
16385
16078
17024
16640
16525
15735
16448
15872
15283
15353
16139
16437
15781
15813
15489
15512
15820
14801
15856
15199
15273
14639
15092
14356
15157
14486
14370
15135
14217
15408
14520
15115
13906
15295
14122
14740
13687
13726
14752
14556
13300
14066
12625
14240
13705
14632
13934
13940
13383
14151
13335
12786
13377
13253
12912
12360
13183
13877
13640
13313
12768
12856
12773
12938
13901
11852
12988
12795
12920
11520
12466
12296
12867
12001
12061
12124
12429
12096
12267
12289
12479
12112
12413
