8029
8006
7277
7874
7553
9256
7272
7812
7888
7433
7930
7067
7332
7204
6955
8241
8023
7170
7855
7950
6842
7411
6982
7502
7834
7435
7897
7408
7142
7656
7767
6968
7100
7076
7188
7529
6710
7805
7481
8030
7631
7447
7339
7493
7841
6873
8246
7119
7943
7867
8621
8118
8480
7201
7503
7315
7425
6876
7355
7755
7152
7276
8063
7993
7457
7192
7428
6756
8262
7862
7652
6867
7446
7416
7609
7601
7362
7789
7514
7253
8227
7538
7847
7345
7660
7864
7676
6820
8077
7675
7613
8109
8089
7612
7207
8078
7442
8325
8617
7330
7739
7169
8115
7271
7881
7982
7154
8338
7143
7534
7964
7171
8276
7767
8049
7312
7358
8236
8137
8028
7806
7409
7400
7848
7860
8184
8296
7723
6978
7820
7581
7189
7775
7679
7717
7563
8192
8061
7853
7337
7897
7784
7239
7837
8177
7657
7748
7993
7572
7545
8084
7555
8278
7552
7227
7738
7998
8154
7892
7844
8646
7554
7801
7608
7259
8104
8265
7602
8274
7117
7856
7808
7849
7039
7626
7080
7723
8296
8178
7808
7787
8582
8256
7827
7772
8280
7761
7365
8491
7960
8412
7795
8237
7835
7448
7823
7515
8164
7982
8473
7229
7118
8055
7583
7508
7502
8114
7757
8253
7921
7980
7815
8566
8055
7545
7021
7986
7741
7910
7965
8329
8032
8032
7464
8462
8248
7889
7857
7370
8338
7314
7496
7978
7916
7397
7765
7786
7646
7856
7762
8385
7864
7440
7689
8160
7838
8162
8123
7727
8521
7606
8427
8081
8176
7873
7744
7420
7729
8381
7607
7688
8268
7684
8215
7365
8089
7550
7754
7992
8935
8502
8231
8340
8206
7288
7920
8368
7526
7493
8339
7908
7680
8162
7342
8180
7396
8030
8373
8147
7945
7840
7758
7918
8075
8750
7809
7940
7903
7469
8131
8217
8308
7234
7843
7582
7966
7703
7950
8061
8156
7976
8996
8468
7953
7505
8392
8701
8030
8566
7901
8468
7052
8116
8110
7929
7621
8756
7944
8157
8720
8103
7565
7303
7883
7685
8623
8249
7853
7943
7855
8536
8291
8554
7451
7958
8007
8350
8345
8264
8480
8061
8342
8241
7881
8684
8325
7945
8444
7833
8329
7375
8084
8485
7147
8301
7627
7957
7678
8448
8027
7589
7577
8488
7994
7790
7780
7945
7464
7753
8009
7212
8450
7382
8355
7966
7874
8317
7597
8391
7882
7970
8484
7557
8192
8289
7777
8133
7771
8180
7963
8262
8340
7756
8399
8186
8189
8079
8715
7833
8190
8640
8194
8596
8820
7867
8406
8162
8150
8097
8177
8242
8261
8402
8174
8161
7763
8011
7037
8038
8036
7688
8394
8309
8076
8002
8075
8284
8161
8234
7982
7985
8272
8020
7518
8320
8405
7993
8155
8323
8386
7861
8108
8193
8397
7869
8894
7958
7790
8658
8027
7672
7994
8218
8227
8139
8962
8158
8411
7848
8435
8271
8711
7745
8525
8890
8404
8694
7808
8555
7510
7870
7597
8441
8716
8550
7883
8917
8214
8011
8617
8134
8111
7930
7789
8279
8499
9373
8739
8062
7949
8470
8532
8199
8047
8497
8165
8715
7880
7954
7706
8332
8480
8363
9057
8378
8377
8780
8436
7484
7988
8899
8267
8355
7985
7791
8915
8249
8677
8306
8553
8626
8121
8737
8773
8292
8717
8108
8882
7942
8834
8180
8888
8551
8449
8903
7703
8649
7819
7776
8282
8512
9368
8385
8436
8864
8411
9098
8331
8622
9335
8038
8364
8514
8776
8698
8644
8874
8039
8531
8007
8272
7917
8170
8135
7652
8675
8700
8688
7796
8790
8644
8281
8603
7929
7617
8537
8508
9051
8489
8297
8582
8397
8022
7709
7715
7812
8582
8012
8264
8532
8194
7971
8331
9254
8354
8627
7888
8378
8193
8229
7989
8165
8694
8315
8303
8610
8159
8806
8071
8697
8138
8503
9209
8159
7871
8219
7740
8629
8822
8816
8532
8226
8506
8337
9367
7403
8252
8494
8384
9036
8012
8472
7996
8852
9181
9325
9065
8248
8391
8322
8722
7905
7916
8233
7967
7841
8727
8650
8442
8669
8606
8142
8512
8801
8479
8102
8222
8460
8607
8140
8629
8148
8431
8792
8981
8125
8514
8335
7835
9677
8561
8082
7763
8294
8187
8480
8840
7895
8680
8680
8454
8256
8766
8678
8545
8496
8292
8727
8674
8052
8704
9211
8278
7924
8407
8142
8495
8783
8296
9037
8026
8197
8405
8916
8667
8124
7927
8625
8539
8949
8407
8557
9387
8574
9708
8203
8698
7919
9065
8151
8927
8831
8617
7924
8471
8564
8856
8378
8712
9140
8508
8700
7765
8602
8709
8736
8221
7542
8266
8258
8812
8530
8671
8930
8411
8194
8532
8465
8876
9408
8755
8288
8443
8730
7902
8832
8305
8897
8159
8651
8281
8531
8188
8321
8575
8296
8716
8236
8925
8709
8737
9084
9151
9162
9064
9236
8242
8312
8043
8830
8304
8806
8393
9081
8364
8570
8642
8217
8682
7617
9006
8765
8095
8708
8623
8937
8073
8470
8523
9368
8260
8187
9059
8655
8618
8876
8397
8570
8213
8623
8687
9256
8252
8538
8508
8695
9161
8517
8800
8918
8276
8101
9549
8268
8352
7925
9205
8783
8388
7834
8346
8982
8684
8130
8208
8718
9117
8715
9173
9600
8306
8233
8392
8545
8020
8930
8698
8458
9022
8549
9126
8894
8927
8015
8372
9086
9266
9359
8604
8233
7773
7901
8638
8418
7943
8824
8545
8416
8685
8576
8921
9019
8334
8683
8562
8856
8125
8326
8633
8164
8151
9092
8649
8894
8187
7742
8399
9092
8749
8255
8951
8776
8601
8134
8589
9364
8796
7977
8950
8142
9327
7896
8942
8491
8638
8474
8354
8152
8285
8558
9026
8385
8537
9188
8622
9115
8359
8250
8937
8626
8581
7571
8788
8773
8501
8746
7941
7963
9079
8096
8491
9037
8746
9130
9137
8263
9172
8168
8630
8036
8504
7927
8821
8471
8880
8736
8635
8238
8544
8247
8278
9106
8973
8763
9390
9214
7973
8602
8069
9437
8380
8204
8761
9035
9092
8911
8393
8011
8741
8442
8512
8391
8617
8638
8909
8131
8373
8495
8706
8979
8260
8181
8786
8518
9163
8217
8253
8003
8138
7833
8234
9066
8333
8750
9472
8138
8170
8371
8485
8969
8623
9141
8184
9140
7778
8845
8627
8434
9375
8842
8580
8661
8593
9017
8435
8199
8165
8753
8495
8084
9128
8722
8523
8434
8389
8536
8362
8374
8060
8699
8812
8381
9731
8392
8464
8916
8935
8175
8611
8943
8932
9083
8235
8685
8996
9016
9131
9214
8539
8674
8589
9049
8234
9126
8502
8352
8297
8258
7830
9170
8725
8646
8062
8398
9115
8431
8290
8695
8585
8276
8970
8440
8496
8512
8722
8564
9666
8434
8666
8230
9263
8637
8646
9224
8074
8778
8609
8821
8948
8615
8952
7963
8745
8077
8282
8578
8075
8309
9159
8756
8787
9083
8605
9272
8216
9643
8499
8410
9474
8799
8412
8697
8331
8027
9049
8660
9101
9290
8766
8669
8893
8322
9633
8992
8573
8792
8424
8912
8526
9156
8436
8790
8307
9046
8560
8783
8471
9151
8749
8936
8384
8709
8891
9527
9163
8283
9192
9191
8365
9069
8796
8397
8632
8384
9013
7816
9096
8347
9295
8481
8858
8932
7566
9106
8483
9117
8929
8797
8917
8772
9277
8796
9069
8709
8731
8290
9299
8685
8256
9281
8444
9014
9184
8736
9554
8633
8610
8067
8598
9723
9117
9033
8732
8513
8596
8462
8037
8204
8589
8804
8993
8526
8469
9537
8584
9538
8162
8730
8876
9003
8475
8539
8841
8916
8742
9417
8985
8146
8979
9226
9357
8618
8898
8407
8074
8472
9071
8506
8475
8567
8660
8964
8479
8616
8478
8817
8988
8722
8335
8303
9014
9278
8312
9124
9385
8573
9179
8551
9043
8514
8986
8516
8952
9240
8578
8805
9133
8918
8800
8196
8433
9138
8344
7796
8933
8547
9444
9561
8768
9213
8182
8747
9701
9359
8852
8576
9103
8611
8824
9328
8938
8327
8564
8806
8373
8996
8425
9000
9028
8668
8254
8600
8735
9022
8793
9078
8565
9493
8344
8490
9111
8354
8852
9104
8643
9593
8733
9633
8827
8711
9006
8301
9069
9242
9521
8697
9402
8286
9354
8866
9392
9115
8535
8530
8666
9222
8990
9166
8573
8343
8589
8895
9013
8558
8824
9791
9178
9099
9125
8768
8868
8970
8922
8194
8899
8600
9640
8945
9131
8878
9017
9343
8738
8872
9507
9120
9549
9779
9116
8132
9166
9367
9204
8763
9581
8930
9192
8849
8541
8776
8495
9077
9541
8650
9344
9391
8580
8875
9054
9152
8477
9118
8637
9598
9299
9122
8852
8754
9403
8839
8757
9369
8642
9480
9097
8971
9156
8904
8284
9555
8227
9248
8695
9546
10008
8535
8942
8972
9268
9038
8848
9156
8818
8812
8856
9422
8763
9110
8794
8618
8536
8989
8834
9155
9227
8518
9594
9229
9019
8862
9161
9085
9384
8957
8998
9190
9582
8958
8504
8622
8552
9480
9037
9216
8042
8505
8626
9609
9348
9142
8902
8884
8010
8440
9087
9296
9415
8821
9354
9199
8625
9206
8931
9170
8555
9162
8875
9011
9135
9177
8784
8719
8510
9368
8663
9080
8786
9410
9302
9031
9238
9644
8888
9227
9188
9746
9777
9380
9185
8854
8965
8956
8916
9280
9223
9784
9796
9044
9129
8664
9977
8968
8939
9349
9719
8698
9642
8515
9434
8805
9245
8401
9732
9070
9175
8911
9320
8784
8892
8911
8838
9359
9338
8778
8776
9791
9860
9156
9283
8585
8802
9545
8632
8941
8822
9593
9447
10045
9714
8946
9999
9652
9459
9255
9703
9344
9289
9113
9212
9334
8702
8993
8545
8822
9269
9118
9395
9543
9256
9249
9207
8721
9408
9472
9489
9631
9630
8880
9462
8890
8642
9124
9663
9540
9314
8708
9883
8990
9571
8861
8346
9448
8875
9310
9050
9212
9465
9158
9417
9826
9429
9693
9156
8756
9736
9528
9889
9613
9281
9340
9499
9626
9044
9158
9242
9175
9108
9565
9659
9222
8922
9465
9586
9445
9494
8680
8537
8858
9154
8964
8745
8953
9649
9067
9540
9150
9117
9473
9509
9963
9256
9790
9184
9575
9393
9013
9892
9178
9272
8982
9730
9103
9167
9845
9753
9590
9492
9317
9448
8422
9776
9296
9198
9321
9112
9464
9031
9410
9573
9465
9483
9458
9420
9205
9479
9608
9409
8939
9058
9026
9032
8906
9526
9537
9730
8749
9899
9115
9421
9428
9427
9309
9641
9390
10044
9494
9320
9593
8642
9595
9428
9174
8878
9570
8827
10170
9324
8916
9467
9512
9668
9281
9500
9331
9209
9057
9544
9876
8843
8838
9391
9115
9206
10235
9522
9069
9069
9226
9578
9623
8895
9109
9468
9864
8531
9886
9354
9698
9545
9951
9767
9846
9365
9813
9348
9535
9478
9301
9515
8988
10524
9605
9347
9481
9281
9814
9544
9533
9668
9754
9690
9353
9895
9799
9500
10215
9459
9173
9581
8840
9255
9059
9397
9400
9724
9543
9775
9889
10110
9105
9598
9207
9109
10034
9447
9525
9819
9883
9718
9202
9614
9628
9400
9589
10017
9585
9340
9300
9966
9041
9838
9828
9344
9422
9807
9813
9501
10137
9178
9453
9179
9328
9958
10174
9334
10105
10327
9398
10243
9567
9319
9624
10096
9413
9681
10169
9616
9047
9779
10356
10414
9588
9935
9977
10373
9020
9504
9869
10402
10160
10229
9952
9350
9275
9393
9639
9975
10113
9008
9981
9792
9968
10588
10019
9806
9856
10013
9372
10101
9318
10166
9893
9764
8553
9238
9708
10097
9694
9517
10141
9953
9600
9902
9768
9477
8892
9937
10035
10262
9472
10298
9485
9701
10085
9314
9980
9823
9970
10354
9848
9786
9247
10852
9534
9489
9824
10220
10617
10050
9795
9936
9844
9796
10050
9156
9547
8856
9810
9494
9796
10129
9458
10424
9750
10366
9395
10306
10714
9700
9409
10011
10151
10190
9876
10298
10340
9691
10651
9693
9282
9724
9512
9611
10461
9802
9700
9625
9648
9956
9650
9862
10161
10640
9320
10498
9391
9535
10052
9639
10304
10475
9846
10515
10293
9828
10248
9905
10223
10486
10258
10032
10344
9837
9904
10681
9226
10282
10211
10701
10833
10686
10686
9446
9476
10148
10011
10810
9944
10631
10615
9998
9748
9844
10041
10527
10253
10312
10668
9958
9780
10100
10115
10726
10407
10094
10511
9646
10837
9921
10517
10162
9620
10633
10906
10445
9393
9906
10174
10141
10215
9725
9658
10347
9906
10710
9964
11309
10140
9851
10388
9217
9584
9969
10109
9805
10966
10364
10621
10289
10660
10508
10519
10676
10222
9087
9909
10671
10390
10681
10240
10236
10170
9960
11024
10784
10244
10237
9736
10331
10187
10291
9916
10307
9969
10342
10563
10537
10689
10372
10588
10315
10457
9934
10125
9868
10588
10086
9760
10866
10762
10528
9978
10053
10329
10664
10668
10508
9752
10607
10508
10265
11017
10553
10619
10161
10540
10290
11342
10079
10860
10137
10728
10586
9916
10288
10408
10775
10420
10123
11364
10901
10053
10942
10512
10233
11122
10898
10708
10887
10432
10658
11237
10498
10543
10995
10634
10482
11014
11365
11072
10941
10845
10424
11356
10904
11035
10470
11321
11197
11458
10552
10959
10957
11489
11128
10975
11282
10903
10172
10774
11578
10497
11436
10496
10600
10646
11316
12172
10962
11057
10322
11028
11227
10983
10496
11007
11184
10908
10744
10717
11090
10348
10820
10752
11276
11344
10994
10914
11190
11164
11807
10799
11395
10369
11516
11049
11059
11186
11001
11392
10413
11327
10284
11367
11466
11533
11172
11598
11755
11350
11107
10787
10970
10801
11414
11499
10684
11168
10867
11344
12444
11123
11154
10845
11185
10818
11804
11874
11624
11072
11355
12479
11304
11650
11135
11048
11305
11252
11118
11605
10619
11368
11380
11838
11979
11654
11453
11853
11314
11650
11097
11544
11745
11428
11160
11687
11196
11670
11814
11558
11283
11322
12010
11846
11972
12140
11130
12014
11512
11504
11621
11380
11835
12091
11421
11944
11444
11296
11877
11931
11721
11584
12611
12484
12284
12590
11542
11812
12082
12164
11940
12346
11736
12285
12170
12433
11552
11329
12299
12829
12059
12054
12249
12564
12699
12236
12406
11811
11913
12574
12734
12503
13077
12453
12502
12596
12127
12247
12751
12213
12595
12897
13054
12638
12624
11796
12855
11912
12050
11985
12615
12406
11771
12752
12432
12973
13083
13088
12590
13280
11956
12316
12697
12445
12733
13178
12236
13440
12156
12391
12848
13593
12591
12698
12514
13443
13177
13214
13265
13355
12845
13582
12864
13372
13023
13564
13158
13854
13643
13764
13588
13073
13862
13360
12315
13320
13182
13802
13038
13568
13316
13481
13848
13504
13326
14199
14151
13934
14030
14342
13607
13829
12936
13129
13440
13574
14419
13860
13441
13601
14489
14147
13309
14232
13733
14470
13315
14184
14264
14432
13927
14064
14120
14155
14444
13171
14207
14320
14244
13713
14128
14544
14673
13881
14491
14564
14704
14659
14831
14776
14286
14767
15713
14326
15030
15413
14297
14657
14805
14681
15310
14355
15166
15224
14707
14249
14642
13994
14553
15363
15250
15524
15570
15471
15396
15841
14746
15138
15474
14891
16020
15221
16664
16327
15901
14624
16308
15879
15556
16320
15833
16154
16181
16456
16150
16330
16571
16547
16175
17194
16482
16412
16076
16707
16812
16326
16367
16544
16622
17394
17290
17430
17177
16762
17184
16025
17414
17221
17122
16644
17082
17217
18298
16760
17485
17466
17213
16769
17504
17398
17243
16982
16951
17826
17953
17796
17880
17984
18393
18513
18878
18965
17990
18639
18615
18010
18694
18921
18500
19230
18811
18525
17991
18513
18624
19158
18842
19038
19374
19252
19085
18773
19246
19318
19094
20318
19612
19963
19476
20090
19745
20155
19817
20826
20702
20293
20354
20582
20412
20312
20504
20086
21145
21098
21285
20406
20878
21336
21403
20916
21312
20940
21464
21682
21566
21762
21565
21094
21613
22007
22523
22600
22186
21745
22677
22548
22287
22572
22587
22213
22747
22841
21894
23092
23542
22682
23419
23320
23149
24311
23553
23781
23744
25232
23936
24256
24248
23978
24772
24564
24929
23990
24938
24202
24666
25567
26215
25731
25354
25078
25535
26068
25508
26424
25540
25743
25485
25942
25477
26050
26405
26473
26493
26091
26959
27524
27310
27058
26990
27435
27945
27345
27641
28138
27994
28778
28719
27757
27562
28156
28680
28828
28944
29505
28680
29056
29156
29046
29728
28704
29463
29453
30244
30392
29512
30700
30760
30175
30489
30680
31286
31462
31448
32006
32322
32074
32234
31904
33067
32569
32569
32976
32267
32924
32730
33060
33396
33329
33558
34750
33943
34280
34422
34752
34686
34264
35038
35122
34459
34968
35492
35604
36021
35932
35620
35931
36522
35666
36101
36896
37242
37511
37814
37986
37421
37691
37860
38388
38378
37685
38948
38992
38552
38902
40518
39666
40244
39952
40482
39885
40468
40697
41537
41188
41864
41410
41400
41816
41287
41867
42116
42890
43252
43240
44014
43449
43594
43729
43960
44587
44428
44696
45173
44925
45415
45120
45771
46208
45754
45741
46535
47002
46395
46890
46737
48384
47418
47616
48230
49352
48268
49047
48180
48821
49244
49172
50219
50453
50328
50572
50724
51657
51338
51115
51749
51434
51536
52866
51732
51666
53001
53058
53004
52939
52836
52692
53661
54470
54784
54574
54580
54400
55286
55448
56152
56120
56420
55553
55738
56995
57600
57988
57636
56880
57616
58165
57656
58498
59716
59126
59887
60599
59968
60490
61079
61661
59969
61367
61620
62164
61256
60858
61956
62516
61060
63058
62248
63061
63860
63796
63330
64520
64405
64933
64447
65535
65535
65535
65535
65535
65535
65535
65535
65535
65535
65535
65535
65535
65535
65535
65535
65535
65535
65535
65535
65535
65535
65535
65535
65535
65535
65535
65535
65535
65535
65535
65535
65535
65535
65535
65535
65535
65535
65535
65535
65535
65535
65535
65535
65535
65535
65535
65535
65535
65535
65535
65535
65535
65535
65535
65535
65535
65535
65535
65535
65535
65535
65535
65535
65535
65535
65535
65535
65535
65535
65535
65535
65535
65535
65535
65535
65535
65535
65535
65535
65535
65535
65535
65535
65535
65535
65535
65535
65535
65535
65535
65535
65535
65535
65535
65535
65535
65535
65535
65535
65535
65535
65535
65535
65535
65535
65535
65535
65535
65535
65535
65535
65535
65535
65535
65535
65535
65535
65535
65535
65535
65535
65535
65535
65535
65535
65535
65535
65535
65535
65535
65535
65535
65535
65535
65535
65535
65535
65535
65535
65535
65535
65535
65535
65535
65535
65535
65535
65535
65535
65535
65535
65535
65535
65535
65535
65535
65535
65535
65535
65535
65535
65535
65535
65535
65535
65535
65535
65535
65535
65535
65535
65535
65535
65535
65535
65535
65535
65535
65535
65535
65535
65535
65535
65535
65535
65535
65535
65535
65535
65535
65535
65535
65535
65535
65535
65535
65535
65535
65535
65535
65535
65535
65535
65535
65535
65535
65535
65535
65535
65535
65535
65535
65535
65535
65535
65535
65535
65535
65535
65535
65535
65535
65535
65535
65535
65535
65535
65535
65535
65535
65535
65535
65535
65535
65535
65535
65535
65535
65535
65535
65535
65535
65535
65535
65535
65535
65535
65535
65535
65535
65535
65535
65535
65535
65535
65535
65535
65535
65535
65535
65535
65535
65535
65535
65535
65535
65535
65535
65535
65535
65535
65535
65535
65535
65535
65535
65535
65535
65535
65535
65535
65535
65535
65535
65535
65535
65535
65535
65535
65535
65535
65535
65535
65535
65535
65535
65535
65535
65535
65535
65535
65535
65535
65535
65535
65535
65535
65535
65535
65535
65535
65535
65535
65535
65535
65535
65535
65535
65535
65535
65535
65535
65535
65535
65535
65535
65535
65535
65535
65535
65535
65535
65535
65535
65535
65535
65535
65535
65535
65535
65535
65535
65535
65535
65535
65535
65535
65535
65535
65535
65535
65535
65535
65535
65535
65535
65535
65535
65535
65535
65535
65535
65535
65535
65535
65535
65535
65535
65535
65535
65535
65535
65535
65535
65535
65535
65535
65535
65535
65535
65535
65535
65535
65535
65535
65535
65535
65535
65535
65535
65535
65535
65535
65535
65535
65535
65535
65535
65535
65535
65535
65535
65535
65535
65535
65535
65535
65535
65535
65535
65535
65535
65535
65535
65535
65535
65535
65535
65535
65535
65535
65535
65535
65535
65535
65535
65535
65535
65535
65535
65535
65535
65535
65535
65535
65535
65535
65535
65535
65535
65535
65535
65535
65535
65535
65535
65535
65535
65535
65535
65535
65535
65535
65535
65535
65535
65535
65535
65535
65535
65535
65535
65535
65535
65535
65535
65535
65535
65535
65535
65535
65535
65535
65535
65535
65535
65535
65535
65535
65535
65535
65535
65535
65535
65535
65535
65535
65535
65535
65535
65535
65535
65535
65535
65535
65535
65535
65535
65535
65535
65535
65535
65535
65535
65535
65535
65535
65535
65535
65535
65535
65535
65535
65535
65535
65535
65535
65535
65535
65535
65535
65535
64502
63830
64008
64836
63768
64280
63860
62299
62804
62805
63554
62212
62297
62364
61784
61014
60778
61270
59322
60872
59769
58650
58795
57496
58568
58500
58666
57496
57952
58063
56880
57878
57600
57898
57012
56058
55837
54793
53172
51898
52021
51592
51812
52138
53044
52256
52932
54007
52245
52118
52971
52331
52125
52151
50778
50714
50170
50522
49938
49796
49818
49063
49300
48974
48660
48058
47930
47554
47264
46474
47549
47098
46440
46171
46103
45332
45658
45128
45004
44084
43812
43269
44244
42783
43089
42900
41912
42072
42372
42026
41138
40548
40936
40781
40292
40358
39382
39148
40637
40140
38230
38560
38644
38411
38190
37396
36834
37093
37141
36552
35725
36938
36280
36098
35178
35096
35709
34706
34692
34409
34280
33981
34120
33476
33370
32648
32836
32289
31796
32283
32020
31435
31659
31149
31576
29893
30376
29610
29659
30032
30553
29577
29985
28060
28005
28779
27960
28132
27915
27485
27933
27917
27518
27666
26628
27083
27344
26257
25714
26530
26410
24685
25874
25136
25120
24733
24730
25146
24372
23744
23569
24533
23808
23243
22808
23819
23092
23403
23222
22644
22374
22184
21772
21094
21623
22768
21388
22011
20508
21068
21398
20150
20442
20477
20770
20463
19725
20349
19759
20164
19620
19419
20459
18968
19145
18906
18120
18022
18135
17634
18259
17985
17721
17984
19049
18884
17198
17161
17422
18138
17706
17270
16734
17480
16765
16152
16052
17116
17316
16836
16683
16539
16156
16254
15717
16733
16040
16005
15389
15396
15184
15804
15168
15149
15634
15026
16134
15443
15449
14486
15787
15012
15141
13975
14161
15008
14973
13883
14482
13352
14716
14073
15087
14443
14970
14005
14736
13809
13279
14051
13840
13205
12770
13405
14196
14086
13832
13468
13256
13110
13347
14138
12601
13200
13123
13346
11964
12889
13004
13015
12698
12761
12506
13022
12276
12912
12695
13028
12529
12927
