8376
8463
7652
8298
7798
9569
7549
8012
8314
7647
8149
7366
7676
7464
7263
8521
8285
7402
8431
8431
7215
7810
7226
8003
8318
7886
8117
7637
7617
8072
8251
7330
7397
7418
7588
7925
7428
8095
7762
8502
7874
7827
7534
7948
8063
7313
8775
7495
8363
8401
9179
8795
8869
7382
7724
7725
8056
7231
7887
8384
7522
7650
8613
8563
7717
7563
7848
7324
8506
8238
8034
7407
7940
8125
8181
8218
7844
8189
8127
7627
8545
8094
8215
7902
8297
8281
8086
7372
8585
8074
7983
8424
8383
7770
7596
8404
8094
8942
8882
7980
8216
7844
8590
7652
8396
8330
7645
8702
7538
7844
8351
7934
8923
8306
8281
7840
7739
8693
8521
8546
8214
8114
7789
8253
8442
8595
8733
8357
7488
8380
8062
7722
8337
8062
8270
8075
8742
8698
8389
7945
8377
8232
7707
8402
8731
8320
8303
8579
7969
8053
8777
8130
8648
8234
7580
8340
8383
8640
8570
8324
9339
8104
8208
8090
8039
8559
8697
7976
8907
7605
8092
8471
8261
7844
8131
7674
8346
8831
8762
8440
8408
9079
8588
8123
8407
9028
8513
8070
9186
8650
8825
8230
8651
8392
8031
8503
8087
8613
8374
8946
7717
7902
9015
8001
8023
8150
8678
8454
8806
8533
8598
8376
9075
8458
8033
7494
8587
8345
8635
8545
9066
8779
8821
8172
9015
8747
8300
8535
8018
9058
7760
8235
8644
8549
8148
8390
8473
8123
8747
8508
9099
8640
8041
8419
8621
8616
8590
8749
8350
9126
7928
9029
8708
8836
8493
8541
8360
8219
9024
8303
8338
8896
8133
8885
7962
8969
8019
8376
8612
9485
9000
8730
8808
8762
7747
8535
8935
8334
8255
9069
8682
8281
9000
8138
8660
7956
8773
9180
9007
8727
8401
8257
8564
8706
9305
8256
8672
8778
8308
8687
8695
9102
7985
8426
8201
8702
8379
8575
8705
8872
8552
9667
9079
8678
8258
8680
9229
8728
8982
8489
9327
7768
8813
8911
8384
8182
9295
8651
8891
8906
8580
8365
8158
8460
8413
9229
8965
8576
8500
8295
9256
8779
9381
8268
8504
8853
9076
9128
9012
9223
8719
9117
9034
8577
9208
8741
8615
9226
8522
8876
8239
8860
9012
7690
8938
8364
8619
8542
8951
8676
8244
8228
8975
8744
8365
8388
8309
8307
8359
8604
8045
8998
7894
8995
8452
8425
9168
8165
8869
8505
8612
9080
8058
8772
9078
8466
8838
8228
8955
8342
8835
8925
8314
8852
8846
8754
8768
9299
8609
8677
9286
8750
9252
8992
8452
9110
8652
8704
8816
8879
8895
8953
8873
9042
8897
8482
8521
7780
8548
8861
8553
8869
8727
8860
8512
8761
9148
8844
8596
8556
8724
8822
8313
8177
8795
8922
8689
8931
8960
8826
8329
8671
8654
8822
8827
9302
8554
8257
9101
8564
8466
8771
8812
9010
8537
9420
8795
9057
8468
8937
9224
9083
8579
9146
9551
8879
9277
8156
9114
8005
8368
8075
9037
9358
9138
8181
9468
8744
8639
8968
8630
8432
8256
8290
8824
9127
10020
9295
8812
8392
9065
9269
8556
8966
9311
8717
9193
8268
8539
8367
8612
8728
9132
9566
8688
9222
9302
8912
8172
8726
9532
8741
8979
8531
8156
9268
8751
9348
8941
9250
9120
8799
9118
9255
8755
9308
8593
9432
8228
9466
8603
9430
9005
9017
9440
8323
9304
8421
8412
8647
9053
10128
8831
8998
9268
8876
9317
8798
8933
9478
8563
8728
9085
9189
9021
9289
9248
8283
9093
8632
8584
8443
8653
8433
8088
9117
9158
9102
8407
9305
8911
8860
9254
8453
8070
8975
9176
9242
9034
8852
9113
9011
8644
8242
8401
8408
9188
8354
8626
8737
8696
8419
8736
9440
9018
9050
8426
8892
8681
8630
8451
8555
9146
8517
8602
9167
8436
9071
8443
9202
8524
8762
9689
8762
8300
8999
8091
9063
9214
9371
8911
8686
9014
9133
9746
7815
8591
8782
8904
9276
8449
8883
8406
9339
9632
9676
9588
8670
8767
8381
9238
8523
8303
8886
8992
8329
9288
8935
8836
9210
8923
8923
8970
9201
8911
8509
8779
8952
9308
8586
9008
8606
8784
9276
9383
8714
8755
8774
8611
9750
8925
8538
8145
8731
8370
8937
9297
8189
8868
9260
9139
8642
9174
9155
8822
8923
8909
9133
9276
8799
9303
9714
8526
8354
8495
8482
8944
9208
8729
9254
8167
8612
8753
9355
9275
8469
8205
9175
9079
9447
8932
8730
9625
8939
9772
8634
8954
8223
9472
8289
9551
9259
9104
8325
8943
9042
9339
8984
8968
9569
8860
8974
8026
8992
8966
9053
8671
7990
8798
8687
9115
8704
9019
9351
8791
8584
8879
9027
9132
9757
9125
8424
8799
9078
8306
9406
8757
9053
8763
8922
8749
8799
8810
8777
8838
8969
9154
9177
9482
8915
9058
9513
9312
9505
9290
9544
8526
8859
8349
9257
8953
9195
9029
9541
8656
9194
8902
8671
8913
7950
9193
9121
8196
9018
9097
9476
8820
8982
9063
9809
8733
8649
9414
8755
9224
9209
8800
8813
8554
8858
8998
9458
8685
8785
8708
9119
9625
8689
9074
9360
8544
8340
9741
8833
8686
8263
9524
9135
8700
8179
8623
9278
8887
8226
8441
9101
9105
8791
9446
10133
8638
8658
8746
9065
8203
9408
9094
9114
9326
8789
9286
9337
9176
8452
8830
9346
9466
9531
8837
8509
8146
8409
8921
8951
8123
9156
8866
8796
9101
8738
9113
9398
8410
9151
8545
9297
8642
8760
8906
8520
8566
9493
9017
9176
8333
8124
8868
9273
9167
8604
9465
9244
9046
8637
8777
9802
9189
8101
9296
8332
9746
8432
9161
8800
8839
8668
8723
8498
8576
8680
9220
8643
8936
9386
9161
9549
8633
8557
9042
8781
8842
7994
9070
8910
8726
9023
8272
8386
9247
8497
8768
9398
8909
9159
9371
8551
9600
8388
8880
8441
8622
8037
8876
8814
8890
9098
8942
8825
9067
8762
8491
9387
9069
9082
9644
9428
8380
8939
8327
9643
8623
8428
8759
9309
9550
9333
8840
8164
8965
8645
8673
8674
8898
8757
9115
8455
8676
8515
9018
9405
8476
8713
8940
8758
9402
8489
8556
8123
8516
8366
8541
9347
8564
9010
9856
8213
8451
8262
9000
9091
8637
9444
8481
9269
7971
9014
8740
8493
9402
9300
9048
8887
8752
9165
8969
8586
8640
9122
8704
8314
9421
9108
9072
8811
8735
8836
8747
8856
8335
8822
9167
8597
9784
8490
8793
9049
9253
8480
9055
9274
9068
9435
8315
8933
9245
9082
9330
9713
8963
9058
8684
9324
8450
9590
8796
8434
8555
8449
7962
9550
9044
8802
8349
8841
9296
8608
8634
9011
8677
8618
9206
8637
8985
8906
9026
8711
9978
8726
8857
8643
9483
8916
8756
9526
8572
9377
9006
9182
9150
8902
9160
8308
8978
8256
8532
8904
8339
8379
9384
9055
8977
9233
8980
9484
8482
9553
8724
8606
9838
8852
8534
8985
8638
8144
9288
8880
9380
9367
9062
8943
9141
8382
9908
9379
8825
9197
8877
9175
8815
9288
8528
8699
8780
8926
8548
9052
8980
9258
8911
9245
8696
8644
8972
9844
9125
8745
9313
9462
8491
8970
9186
8749
8676
8666
9466
8169
9302
8589
9565
8677
8961
9218
7702
9093
8763
9423
9053
8845
8960
9027
9291
8992
9158
8889
9037
8293
9548
8785
8534
9575
8874
9152
9411
8743
9728
8820
8800
8539
8757
9710
9364
9128
8958
8249
8770
8684
8718
8534
8963
9011
9044
8613
8746
9540
8634
9500
8682
8878
8862
9381
8742
8808
8914
9191
8942
9635
9093
8173
8989
9496
9371
8953
9053
8360
8173
8800
9261
8608
8401
8658
9021
9187
8399
8797
8675
9080
8839
8799
8635
8430
9347
9371
8672
9270
9453
8878
9390
8894
9172
8608
9280
8811
9274
9256
8661
8756
9318
9355
8964
8292
8461
9203
8607
8000
9256
8497
9387
9786
8837
8957
8302
8953
9614
9623
8895
9058
9256
8746
9064
9102
8988
8451
8859
8891
8588
9239
8610
8943
9255
8707
8418
8391
8899
9093
8688
8998
8518
9621
8244
8695
9111
8482
9087
9255
9030
9724
8924
9853
8809
8982
9142
8268
8983
9199
9627
8720
9455
8455
9526
9202
9497
9517
9027
8704
8862
9304
9199
9122
8950
8489
8837
8940
9181
8568
8968
9656
9214
9296
9318
8919
8999
8989
9035
8546
8984
8630
9934
9018
9082
9004
9256
9254
8686
9335
9706
9341
9615
9795
9320
8246
9429
9820
9205
8850
9881
9207
9277
8979
8998
8915
8649
8972
9786
8576
9312
9334
9013
8738
8988
9537
8563
9185
8868
9683
9337
8974
8887
8655
9502
9147
8939
9438
8910
9566
9317
9219
9348
9061
8340
9506
8588
9371
8894
9801
9938
8570
8970
9012
9306
9197
9133
9317
8763
8924
9132
9568
8858
9332
8814
8668
8618
9200
9028
9158
9302
8450
9443
8936
9022
8969
9206
9055
9257
9099
9365
9451
9442
8895
8462
8832
8456
9604
9172
9161
8076
8534
8966
9769
9263
9075
9102
8997
8141
8426
9046
9508
9657
8718
9328
9126
8745
9196
9095
9097
8745
9226
9163
8875
9135
9295
8629
8613
8825
9427
8648
9081
8948
9432
9477
9252
9529
9767
8984
9099
9336
9554
9697
9394
9314
8931
8881
8957
8899
9042
9245
9933
10097
9199
9145
8783
9904
9143
8879
9245
9694
8776
9406
8675
9412
8976
9712
8728
9662
9308
8953
8665
9312
8901
9001
8994
8830
9752
9139
9014
9017
9850
10041
9384
9414
9032
8862
9430
8568
8990
8933
9665
9442
9898
9852
9149
9979
9640
9308
8994
9660
9284
9581
9160
9033
9632
8805
9053
8537
9022
9151
9201
9491
9666
9322
9122
9512
8643
9389
9430
9757
9482
9598
9044
9466
9091
8609
8987
9555
9701
9343
8496
9883
9119
9370
9083
8699
9382
8891
8981
9034
9423
9433
9364
9382
9601
9308
9713
9053
8829
9668
9453
10161
9649
9194
9244
9492
9475
9121
9409
9304
9345
9101
9530
9303
9230
8990
9153
9666
9339
9546
8635
8475
8792
9080
8608
8807
9303
9556
9351
9266
9153
9414
9449
9538
9757
9061
9894
9313
9586
9391
8903
9817
9233
8937
9104
9856
9064
8932
9682
9504
9332
9439
9119
9472
8386
9684
9098
9237
9364
9137
9382
9296
9387
9631
9324
9278
9345
9454
9038
9472
9499
9416
9041
9009
9035
8988
8848
9517
9193
9755
8875
9650
9313
9259
9498
9427
9505
9566
9385
10039
9235
9326
9297
8829
9288
9308
9090
8931
9477
8879
9914
9181
8810
9280
9412
9495
9393
9350
9312
8985
8993
9542
9711
9065
8803
9144
9227
9072
10167
9333
8772
8836
8992
9462
9743
8745
9085
9714
9709
8444
9755
9181
9905
9648
9663
9621
9866
9248
9657
9266
9261
9319
9003
9643
8994
10210
9499
9014
9408
9400
9539
9389
9235
9495
9709
9289
9041
9812
9712
9348
10095
9250
9164
9323
8741
8966
8993
9438
9221
9339
9275
9792
10004
9665
9036
9790
9139
8812
9742
9227
9588
9472
9967
9604
9236
9419
9570
9081
9257
9942
9482
9152
9258
9885
9171
9739
9627
9339
9022
9476
9635
9140
9963
8862
9446
9114
9069
9831
9960
9073
9766
10044
9151
10132
9589
9217
9589
9731
9212
9338
10095
9569
8870
9594
9864
10353
9319
9613
9734
10212
8971
9438
9811
10159
10061
10042
9657
9220
8854
9399
9332
9992
9844
8715
9623
9600
9630
10497
9908
9677
9810
9763
9066
9894
9340
9603
9807
9628
8272
9230
9504
10000
9597
9079
10074
9380
9543
9493
9507
9375
8534
9390
9860
9738
9480
9974
9363
9539
9977
9128
9864
9428
9574
10006
9645
9524
9033
10444
9386
9069
9537
9799
10218
9610
9323
9417
9517
9555
9522
8885
9116
8551
9527
8960
9611
9705
9050
10016
9348
10360
9132
9473
10086
9418
9089
9470
9716
9684
9501
9969
9720
9269
10222
9172
8970
9287
9251
8910
9997
9509
9449
9431
9342
9550
9111
9284
10056
10130
8864
10066
9080
9193
9486
9128
10196
9957
9453
10020
9664
9694
9931
9781
9663
9963
9941
9249
9857
9205
9562
10140
8890
9867
9978
10266
10296
10370
10049
9063
9079
9721
9596
10082
9586
9916
10249
9681
9264
9335
9521
9745
9362
9668
10080
9536
9197
9568
9854
10251
9706
9632
10132
9106
10338
9252
10079
9411
9326
10061
10338
9939
8870
9396
9950
9800
9882
9317
9479
9865
9093
10293
9327
10658
9629
9632
9894
8608
9240
9422
9722
9324
10560
9852
9904
9825
10131
10027
10083
9911
9766
8758
9567
9821
9803
9958
9739
9969
9575
9643
10101
10402
9707
9718
9580
9788
9511
9890
9472
9655
9458
9805
9874
10025
9970
9528
9848
9828
9743
9191
9413
9368
9786
9560
8909
10180
10302
9692
9374
9437
9760
9785
10021
9934
9310
9919
9839
9655
10427
9786
9872
9311
9918
9728
10528
9490
10182
9394
9912
9716
9254
9542
9570
10141
9690
9331
10629
10410
9239
10345
9729
9732
9885
10076
9847
10003
10065
10071
10427
9640
10056
10014
9673
9714
10306
10355
9919
10029
10272
9652
10735
10086
10276
9479
10462
10049
10614
9983
10255
10051
10889
10212
10005
10496
9964
9483
9896
10365
9768
10785
9536
9845
9647
10381
11338
9862
10280
9710
10121
10127
9961
9520
10068
10317
10128
9750
9709
10215
9572
9784
9988
10326
10570
10049
9801
10121
10190
10908
9777
10555
9590
10371
10174
10246
10378
9991
10369
9375
10107
9450
10318
10685
10282
9907
10560
10922
10135
10157
9910
10080
9847
10198
10244
9651
9888
9992
10117
11255
9856
10183
9742
10149
9579
10904
10585
10525
9848
9970
11440
10487
10164
10028
9699
10339
10079
10084
10513
9790
10278
10279
10514
10933
10536
10427
10587
10155
10453
10095
10648
10589
10018
9989
10382
9785
10357
10529
10483
9887
10110
10849
10397
10840
10838
9972
10610
10074
10690
10326
9945
10079
10573
9923
10780
9910
9656
10188
10298
10400
10028
11123
10939
10750
11110
10179
10257
10680
10732
10569
10827
10220
11140
11026
11276
10198
9750
10849
11384
10673
10341
10860
11055
11135
10863
10762
10297
10516
10954
10850
10906
11395
10922
10892
11097
10609
10623
10898
10507
10888
11099
10940
10946
11042
10628
10755
10231
10351
10300
11010
10813
10141
10887
10989
11223
11065
10961
10853
11498
10172
10549
11028
10457
10652
11526
10207
11532
10327
10538
10932
11700
10618
10980
10525
11525
10952
11289
11276
11546
10875
11360
10702
11003
11065
11428
11219
11865
11359
11757
11328
11258
11625
11235
10400
11252
11248
11622
11178
11295
11362
11129
11661
11112
11169
11995
11798
11662
11397
12049
11332
11594
10854
11114
11432
11559
12193
11714
10981
11065
11946
11802
11043
11892
11425
12039
10889
11404
11889
11776
11730
11759
11940
11594
11668
10933
11740
11778
11496
11104
11808
11558
11745
11451
11816
11878
12039
12010
11787
11854
11466
12017
12943
11464
12075
12449
11441
11791
11981
11928
12301
11410
12348
12372
11752
11191
11755
11080
11743
12498
12245
12274
12613
12361
12194
12618
11830
11618
12369
12092
12769
12170
13183
12938
12497
11480
12714
12663
12060
12942
12493
12841
13157
12948
12716
12754
12605
13122
12487
13692
13228
12521
12360
13344
12949
12482
12312
12930
12767
13881
13427
13814
13611
12699
13221
12399
13625
13529
12966
12716
13574
13046
14091
12798
13315
13385
13051
12854
13533
13716
13108
12985
12692
13513
13300
13508
13694
13753
14098
14081
14516
14153
13404
13889
14352
13335
14018
14630
13918
14382
14341
13741
13494
13908
13809
14507
14110
14194
14615
14776
14068
14281
14097
14387
14155
14805
14434
14424
14352
15098
14345
15040
14540
15538
15238
14458
14958
14803
14563
15211
15220
14623
15407
14982
15138
14781
15081
15780
15382
15158
15549
14849
15178
15596
15126
15886
15280
14835
15421
15246
16296
16283
15710
15371
16333
16235
15925
16209
16015
15327
15956
16116
15213
16144
16363
15678
16645
16524
16258
16825
16812
17021
16750
18089
16664
16840
16685
16607
17410
16924
17537
16705
17002
16440
16619
17976
18070
17765
17433
17077
18116
18492
17608
17803
17270
17890
17204
17232
17482
17928
18163
18276
17928
17732
18492
19087
18105
18136
18282
18293
18832
18232
18720
19012
18698
19472
19346
18236
18320
18930
19135
19140
19355
19539
18829
19536
19241
18918
19817
18762
19774
19335
20061
19961
19871
20234
20344
20246
20311
20104
20439
20409
20192
21094
21357
21254
20772
20303
21600
21090
20968
21533
20821
20879
20767
21367
21198
21509
21311
22182
21982
22320
21818
22474
22132
21778
22326
22100
21753
22291
22854
22933
22596
22868
22477
22772
23348
22890
23012
23675
23636
23666
23837
24484
23495
23808
23633
24044
24433
23937
23921
24294
23470
24334
25557
24870
25494
24445
25198
25014
25592
25636
26060
25169
25882
25643
25866
26457
25165
26143
26249
26859
26517
26628
27421
27460
26357
26756
26735
27147
27364
27501
27079
27639
28152
27404
28169
28244
28008
27592
28500
27996
27620
28380
28694
29166
28314
29141
29498
30040
29010
29368
28770
29915
30084
29942
30599
30063
30429
30638
30997
31452
30884
30760
31094
30889
30575
31652
31428
30873
32308
31875
31637
31596
31548
31982
32712
32829
32992
32570
32635
33130
33224
32930
33692
33589
34001
32868
33110
34449
34537
35027
34228
33408
33929
34932
34628
34634
35537
34585
35285
36388
35792
35702
36920
36324
35604
36516
36746
37264
36170
36116
36613
36746
35688
36724
36981
37476
38548
37359
37693
37800
37755
37984
38284
37842
38518
38948
38677
39979
38633
39567
39212
39992
39212
40024
39552
40776
39806
40239
40980
40622
40454
40776
40346
41675
41080
40681
41141
41472
41917
41385
42296
42570
42512
41684
42059
42586
42836
42971
42924
43826
43136
42708
43639
43769
43522
44336
43669
43959
43842
45397
44763
44125
44569
45524
45204
45082
44999
44796
45999
45524
45549
45533
45708
46696
46283
46281
45885
46468
47988
46952
47289
46210
46870
46968
47482
47191
48084
47316
48189
48094
49540
48272
47450
47876
47158
48461
47577
47950
47729
48196
48256
48838
48475
49213
49647
49986
49022
49188
49755
49460
49505
49128
50215
50328
50538
50443
49924
49286
49290
49130
49708
50139
50466
50058
50956
50333
51462
51493
52068
52617
51765
52123
52020
52441
52370
52370
52123
53818
52890
52095
52852
53081
53092
53520
53034
53113
54267
53140
53892
53972
53720
54199
53636
54732
53900
53707
54616
54678
55030
54848
53992
54566
55284
54203
55245
54756
55087
55104
55096
54837
55499
55883
55403
55768
55572
56472
56298
56522
56614
56388
56501
55444
55833
56109
56605
55707
54804
54996
54718
55672
54916
55424
56188
56468
57077
56584
57075
56545
56849
57386
57181
56912
55876
56102
56186
56528
57804
56881
58122
58207
57804
57538
57348
57012
57600
57472
58553
57686
57832
59231
57904
58532
58201
58409
57908
58660
58692
57862
58715
58283
58504
57780
59156
58776
58432
58774
58458
58868
57864
59035
57676
58498
58828
59002
58176
58138
58276
59016
58234
59072
58496
59468
58806
59298
60125
58782
59924
59656
59684
59690
58945
59588
60110
59744
60042
59464
59375
58860
58916
59741
59252
59259
58760
58772
59494
59359
59499
59124
59052
60120
58070
58888
58968
58921
59676
59771
59552
59226
59648
58468
59222
59648
59584
59273
58776
58508
59149
58964
58814
58764
58730
58311
58948
58920
58389
58789
57084
57992
57739
57403
58299
57450
57704
57402
57899
59556
58059
58902
58802
59272
59154
59196
59780
57898
58361
59060
58218
58859
58692
58554
58377
58120
58185
58573
59368
58507
57944
57752
57994
58408
57976
57540
57908
57938
58413
57582
57700
58270
57144
57241
58296
57386
57924
58624
58106
56522
57476
57385
57984
56583
56896
57460
57307
56714
56676
56525
55684
57984
57040
56964
56714
55826
55986
56180
56576
56026
55613
55364
56468
56212
55650
55254
55377
55290
56331
55916
55138
54249
55188
55317
54237
54660
54690
53896
54552
54868
54385
54889
54500
54042
54468
53920
53776
53242
53584
53674
53723
52418
53354
54025
53466
53241
53692
52093
51947
52907
53588
52886
52455
52446
52800
52441
51544
52196
52032
52173
51608
51597
52995
50916
51125
51156
50810
51310
51208
50224
50395
50845
51604
50360
50327
50512
50116
49530
49016
48922
48868
48256
48571
49226
48180
48821
48879
48936
49578
49268
49127
48041
48826
47291
48112
47687
47580
47384
47220
47946
47360
47273
47750
46994
46276
47099
46290
46244
46916
46240
45340
46112
44792
45480
46094
45004
45645
44288
45512
45133
45016
44710
43940
44338
45243
44556
43596
44317
44523
43097
43780
42852
44041
42910
42149
42418
43212
42345
42343
42483
41455
42216
42378
41274
41252
40842
41275
41744
40872
40634
40116
40506
40552
40524
40436
39316
39968
39373
39385
39636
38741
39322
39708
38968
39049
38692
39734
38613
39120
38080
37348
36845
37812
37632
37229
36644
37349
35866
36708
37204
37034
35620
36581
36604
35837
35980
35441
35634
34474
35424
35143
33584
33994
33472
33988
34053
34103
33641
33997
33642
33332
33828
33445
33807
33360
32584
33076
32054
31005
30642
30651
30356
30452
30249
31065
30631
30715
32408
31172
30572
31218
30551
30394
30524
29605
29597
29246
29993
29921
29261
29288
29032
29645
29006
28432
28437
28682
28016
27433
27670
28229
27860
27872
27195
27496
27090
28078
26626
26772
26475
25897
25388
26752
25389
25960
26062
24989
25040
25884
24944
24780
24098
24585
24272
24492
25096
23550
23444
25065
24397
23450
23623
23636
23268
23206
22804
22309
22442
23052
22142
22089
22980
22720
21957
21350
21289
22562
21431
21586
20984
21124
21064
21530
21111
20682
20290
20311
20562
19675
20111
20415
19844
20301
19798
20018
18598
18557
19077
18820
19444
19492
19004
19850
18027
18034
18470
18181
18090
18534
17821
18261
17887
18351
18121
17185
17636
18598
17039
16958
17598
17701
16068
17640
16544
16775
16314
16674
16937
16404
15716
15866
16715
16210
15428
15266
16596
15823
15924
16154
15480
15552
15017
14573
14393
15021
16138
14844
15305
14468
14564
14699
14025
14378
14409
14494
14387
14140
14739
13908
14473
14158
13925
14839
13210
13857
13813
13144
13624
13771
12857
13548
13083
12972
13129
14108
14173
12780
12467
12673
13539
13012
13041
12450
12779
12568
11901
12107
12535
13130
12672
12489
12501
12367
12435
11668
12762
12395
12337
12059
12100
11644
12131
11780
11685
12267
11561
12436
11613
12364
11114
12675
11689
12192
10954
11097
12508
11926
10999
11813
10681
11873
11245
12154
11656
11921
11110
11767
10866
10708
11317
11139
10800
10085
11048
11531
11277
11309
11066
10855
10523
10852
11699
10011
10957
10811
10856
9671
10554
10537
10921
10301
10539
10261
10933
10232
10842
10539
11098
10520
10690
