8686
8572
7934
8546
8100
9773
7764
8192
8479
7867
8442
7478
7965
7836
7569
8704
8669
7765
8724
8793
7559
7885
7445
8195
8512
8151
8581
7868
7759
8293
8381
7709
7740
7824
7781
8178
7568
8441
8107
8767
8321
7985
7806
8194
8484
7650
8898
7750
8728
8514
9441
8996
9054
7966
8029
7943
8111
7759
8089
8410
7976
8137
8834
8766
8074
7979
8192
7704
8867
8676
8393
7553
8215
8238
8449
8418
8077
8405
8051
7921
8812
8317
8373
8358
8493
8621
8454
7629
8692
8238
8433
8872
8756
8265
7959
8589
8177
9018
9314
8338
8820
7812
8912
8103
8826
8843
7876
8827
7927
8262
8671
7980
9234
8612
8396
7812
8333
8802
8957
8952
8637
8434
8053
8875
8727
8915
9217
8520
7695
8811
8144
7963
8821
8344
8448
8274
9049
9092
8845
8192
8665
8662
8049
8580
8946
8763
8619
8723
8406
8388
8875
8300
9170
8605
7969
8540
8974
8952
8909
8765
9596
8354
8551
8536
8287
9093
9192
8331
9173
7920
8554
8721
8428
7947
8430
8159
8778
9124
8928
8848
8559
9482
9032
8455
8832
9443
8768
8385
9341
8900
9250
8629
9032
9024
8394
8684
8559
8883
8762
9272
8019
8351
9048
8450
8392
8756
8941
8820
9197
8673
8637
8608
9408
8853
8407
8062
8917
8783
8946
8950
9324
8811
9046
8270
9253
9162
8549
8694
8269
9224
8241
8469
9021
8878
8315
8776
8908
8569
9072
8878
9351
8917
8289
8763
9049
8956
9023
9080
8712
9515
8200
9288
8925
9222
8936
8936
8515
8370
9436
8516
8482
9399
8755
9162
8324
9148
8475
8593
9031
9706
9544
9244
9495
9038
8224
8945
9280
8716
8479
9484
9123
8635
9228
8406
9127
8469
8782
9343
9348
9292
8846
8559
8802
9028
9610
8520
8909
8800
8680
9289
9032
9482
8062
8953
8451
9011
8514
9082
8905
9157
9180
10047
9557
9391
8560
9126
9658
9081
9562
8610
9382
8024
8832
9246
8595
8479
9809
9154
9166
9486
8874
8864
8228
8525
8626
9529
8995
8913
8658
8862
9579
9232
9451
8403
8897
8950
9378
9264
9482
9426
8954
9376
9318
8709
9362
8955
9092
9713
8739
9538
8384
9334
9444
8058
9379
8766
9030
8632
9410
9076
8439
8569
9413
9174
8808
8498
8902
8571
8728
8989
8284
9520
8404
9188
8877
8803
9400
8464
9423
8968
8955
9265
8492
9027
9261
8747
9126
8745
9141
8690
9231
9300
8700
9082
9334
9118
8941
9722
9062
9226
9720
9070
9562
9644
8794
9359
8997
9068
9254
9277
9013
9391
9274
9416
9283
8892
9015
8394
8961
9215
8564
9212
9024
8891
8817
9106
9677
9281
9028
8769
8857
9093
8974
8384
9267
9419
8953
9309
8932
9235
8698
8920
9014
9238
9034
9828
8869
8626
9706
8836
8731
9059
9271
9252
9103
10028
9120
9540
8966
9242
9298
9541
8794
9412
9871
9388
9606
8634
9280
8306
8709
8473
9444
9587
9610
8589
9821
9257
8915
9273
9134
8685
8671
8676
9090
9522
10386
9514
8957
8758
9409
9511
8907
9189
9481
9037
9558
8472
9053
8578
9040
9258
9373
9785
9350
9552
9634
9355
8487
9028
9763
9162
9297
8893
8640
9541
8925
9618
9305
9513
9313
9292
9303
9536
9297
9536
8729
9791
8909
9859
9018
9507
9509
9165
9690
8788
9580
8682
8564
9033
9167
10151
8949
9274
9543
9490
9657
9231
9223
9872
8778
9029
9389
9432
9388
9574
9468
8635
9386
8834
8792
8879
8958
8884
8288
9536
9439
9402
8658
9513
9372
9029
9509
8677
8448
9396
9472
10026
9389
9145
9220
9083
9090
8559
8541
8566
9269
8720
9049
9139
9068
8769
9115
9992
9264
9501
8643
9079
9295
9101
8769
8805
9419
9125
9060
9522
8819
9695
8927
9616
8922
9397
9829
9065
8733
9287
8462
9429
9457
9476
9213
9101
9045
9192
9943
8034
8945
9119
9299
9519
8812
9223
8809
9725
9896
9968
10013
9026
9159
9018
9689
8645
8851
9250
9178
8506
9533
9230
9313
9510
9565
9123
9301
9651
9589
9037
9045
9132
9427
8924
9567
9226
9117
9653
9596
8963
9201
9064
8683
10299
9353
9076
8480
8870
8936
9487
9561
8400
9359
9893
9369
8902
9439
9459
9060
9094
9126
9784
9485
8963
9679
9891
8900
8749
8872
8765
9352
9372
9066
9605
8720
9013
9075
9534
9464
9104
8901
9523
9429
9720
9325
9158
9771
9338
9994
9006
9038
8713
9851
8744
9767
9641
9380
8780
9398
9421
9704
9161
9344
9710
9202
9431
8296
9122
9244
9327
8938
8441
9146
9052
9445
9419
9302
9620
8995
9155
9297
9316
9538
10040
9576
8715
9269
9373
8789
9464
9072
9574
9128
9298
9247
9149
8901
9067
9421
9096
9485
9349
9613
9232
9519
9704
9566
10037
9515
10083
8984
9245
8610
9314
8964
9428
9162
9766
9064
9397
9455
8987
9427
8146
9590
9363
8694
9327
9381
9834
9146
9302
9335
10127
9133
8831
9696
9165
9277
9561
8855
9071
9116
9223
9685
9788
8975
9194
9194
9443
9769
9080
9312
9796
8906
8709
10142
9033
9074
8788
9934
9367
8907
8646
9179
9442
9501
8724
8931
9209
9756
9416
9826
10413
9081
8967
8948
9244
8510
9744
9395
9295
9806
9283
9725
9521
9676
8382
9159
9780
9801
9897
9171
8692
8523
8784
9214
9009
8720
9484
9212
9073
9335
9072
9718
9924
8687
9580
9057
9845
8960
9160
9382
8857
8926
9681
9140
9480
8892
8407
9167
9541
9420
8976
9778
9614
9265
8682
9080
9960
9282
8449
9766
8816
9949
8505
9598
9195
9334
9081
9164
8856
8961
9055
9348
9130
9286
9698
9450
9650
9067
8957
9553
9019
9030
8533
9334
9377
9044
9171
8607
8920
9544
8363
9208
9715
9337
9582
9699
8876
10028
8730
9280
8794
9082
8658
9354
9160
9378
9261
9206
9179
9442
8749
8888
9900
9555
9762
9879
9718
8844
8883
8602
9942
8940
8794
9133
9801
9834
9647
9266
8473
9413
9065
8963
9065
9197
9091
9441
8733
9204
8946
9339
9578
9051
9197
9338
9100
9897
8828
8953
8599
8502
8619
8800
9739
8855
9466
10157
8838
9055
8835
9488
9574
9032
9817
8610
9689
8473
9364
8992
8897
9765
9484
9308
9157
8870
9447
9280
8850
8864
9465
9130
8764
9549
9130
9315
8966
8833
9309
9218
8930
8779
9225
9464
9029
10092
9099
9182
9386
9704
8884
9321
9529
9290
9369
8866
9353
9339
9409
9743
10158
9180
9327
9045
9614
8939
9949
9162
9153
8959
8614
8356
9669
9289
9122
8740
9067
9445
9028
8666
9213
9148
8844
9613
8756
9278
9174
9251
9231
10319
8989
9409
8826
9768
9211
9099
9850
8623
9508
9192
9542
9380
9266
9537
8682
9485
8679
8795
9164
8552
8888
9554
9391
9388
9578
9302
9888
8996
9826
8895
8803
10078
9375
8826
9410
8832
8506
9443
8980
9715
9931
9604
9114
9517
8957
10322
9830
9013
9540
9276
9353
9008
9696
9243
8993
8852
9267
8857
9562
9055
9732
9032
9494
8978
9012
9063
10277
9576
8619
9874
9622
8762
9458
9562
8710
9145
9179
9465
8470
9588
8893
9926
8981
9320
9506
8291
9373
8986
9715
9397
9220
9329
9350
9463
9132
9355
9080
9085
8799
9814
9158
8807
10024
9096
9518
9716
9024
9953
9050
9192
8713
8893
9876
9835
9672
9185
8590
9020
8888
8749
8502
9344
9453
9477
8922
8942
9834
9014
9798
8745
9246
9176
9473
9120
8940
9280
9352
9401
9779
9626
8748
9398
9602
9784
9303
9456
8978
8648
9096
9594
8895
8782
8853
9253
9328
8763
9117
9142
9255
9325
9148
9030
8634
9558
9645
8918
9604
9923
9264
9522
9202
9425
8815
9483
8952
9607
9628
8971
9380
9746
9633
9384
8465
8865
9653
8883
8283
9621
9068
9758
10089
9053
9276
8486
9144
9880
9934
9440
9197
9730
9230
9441
9529
9008
8646
9060
8986
8582
9372
8750
9340
9559
9134
8665
9005
9428
9354
9088
9531
8970
9956
8665
9007
9276
9017
9234
9556
9318
9902
9118
9946
9167
9071
9540
8676
9614
9486
9910
9042
9917
8776
10025
9318
10050
9675
9292
9003
9201
9490
9445
9548
9258
8731
9157
9412
9218
8909
9070
10005
9447
9405
9372
9243
9317
9284
9461
8718
9370
8909
10277
9515
9641
9440
9668
9632
9084
9375
9996
9667
9672
9954
9637
8582
9457
10124
9578
9196
10146
9493
9801
9371
9145
9309
8913
9524
9736
8895
9626
9559
9277
9053
9223
9470
8995
9608
9161
9865
9573
9073
9418
8939
9842
9341
9210
9652
9015
9768
9625
9353
9738
9107
8892
9936
8797
9713
9116
10135
10196
8982
9148
9308
9623
9673
9634
9783
9172
8824
9338
10024
9032
9466
9222
9415
8969
9437
9389
9604
9642
8948
9672
9391
9523
9091
9530
9441
9450
9304
9794
9672
10019
9447
8989
9032
8979
10196
9532
9736
8460
8834
9141
10053
9613
9463
9682
9293
8349
8789
9320
9964
9878
8873
9748
9576
9172
9398
9477
9722
9128
9540
9400
9415
9339
9520
9101
9023
9022
9937
9173
9359
9333
9675
9762
9510
9908
9997
8964
9377
9707
10223
10150
9809
9357
9453
9220
9319
9311
9526
9626
10148
10267
9559
9493
9165
10278
9419
9142
9686
9981
9095
9810
8914
9837
9151
9688
8753
9929
9657
9423
9151
9706
9201
9186
9336
9071
9989
9489
9220
8922
10241
10406
9551
9733
9330
9242
9900
8933
9304
9332
10152
9837
10172
9678
9209
10300
9768
9757
9386
9989
9613
9480
9347
9590
9710
9313
9545
8742
9116
9497
9453
9764
9965
9558
9394
9369
8955
9530
9758
10002
9945
9776
9306
9905
9344
9135
9408
9657
9875
9414
8886
10181
9262
9915
9149
8797
9945
9094
9338
9002
9767
9931
9425
9646
10124
9658
9897
9290
9265
9892
9846
10344
9857
9521
9628
9745
9824
9497
9408
9556
9586
9243
9839
9822
9340
9280
9675
10024
9598
9906
8904
8884
9021
9337
9274
9195
9330
9693
9406
9798
9504
9516
9806
9599
10196
9427
10296
9668
9958
9760
9503
10140
9386
9370
9369
10059
9409
9148
10100
9792
9558
9862
9630
9965
8991
10134
9339
9374
9628
9412
9753
9465
9748
9777
9570
9748
9708
9685
9510
9706
9905
9671
9103
9382
9472
9188
9022
9968
9447
10017
9063
10110
9529
9700
9722
9738
9617
9860
9710
10241
9633
9612
9810
8980
10016
9755
9569
9258
9881
9000
10778
9634
9237
9681
9629
9693
9646
9724
9653
9281
9360
9738
9766
9236
8957
9496
9399
9364
10323
9806
9085
9122
9242
9780
9827
9110
9113
9988
10130
8701
10127
9451
10058
9778
10107
9773
9941
9533
9994
9336
9748
9768
9356
9856
9310
10786
9620
9430
9736
9568
10018
9850
9617
9436
9970
9525
9297
9968
9929
9323
10345
9725
9464
9617
9076
9462
9273
9843
9630
9465
9689
10043
10102
10188
9491
9923
9328
9256
10234
9687
10005
9811
10273
10086
9566
9724
9812
9450
9717
10108
9850
9458
9564
10174
9426
9968
9809
9477
9495
9970
9714
9702
10265
9389
9560
9197
9527
9977
10222
9522
10057
10537
9462
10426
9789
9411
9920
10029
9664
9472
10301
9737
9388
9866
10451
10449
9667
10007
9927
10484
9156
9768
9992
10362
9989
10620
9834
9395
9618
9634
9396
10135
10062
8812
10031
9755
9958
10789
9944
10120
9806
10124
9523
10277
9695
10016
9893
9657
8653
9587
10028
10093
9892
9427
10229
9761
9803
9771
9754
9604
9124
9835
9838
10312
9760
10313
9454
9903
10224
9563
9892
9709
9800
10278
9963
9781
9484
10800
9576
9335
9982
10276
10450
9869
9734
9930
9879
9766
9766
9119
9682
8970
9778
9428
9738
10094
9372
10511
9812
10349
9289
10119
10600
9730
9499
9839
10161
10222
9753
10233
10190
9528
10576
9689
9379
9630
9591
9348
10137
9710
9620
9628
9678
9629
9444
9815
10308
10553
9282
10587
9267
9545
9812
9713
10361
10452
9900
10202
10099
9730
10190
10095
9914
10175
10207
9783
10372
9518
9754
10650
9244
10244
10100
10648
10570
10698
10350
9317
9416
9960
9910
10515
9932
10191
10206
9938
9602
9752
9862
10206
9971
10175
10554
9999
9429
10021
10046
10576
10143
9812
10283
9485
10785
9525
10418
9803
9674
10344
10713
10256
9288
9837
10185
9887
10142
9911
9761
10325
9660
10498
9813
11181
9967
9709
10276
9161
9629
9682
10016
9502
10962
9832
10214
9903
10390
10490
10380
10466
10030
9323
9785
10266
10136
10081
9841
10162
9885
9772
10665
10624
10045
10052
9642
10060
10001
10310
9891
10080
9568
9954
10213
10257
10455
9850
10097
10205
10193
9538
9814
9551
10128
9702
9313
10680
10741
10362
9735
9711
10030
10228
10506
10017
9492
10319
10225
10083
10606
10354
10516
9835
10278
10027
10854
9700
10415
9666
10207
9826
9768
9848
10213
10527
9959
9632
11096
10541
9804
10843
10074
9978
10231
10176
10207
10206
10212
10269
10715
10236
10237
10610
9903
10011
10525
10902
10328
10299
10588
9934
10971
10477
10644
10002
11096
10661
10932
10133
10566
10375
11151
10626
10370
10716
10564
10068
10315
11084
10099
10956
9928
10305
10201
10742
11783
10352
10967
9976
10724
10690
10477
9899
10509
10905
10532
10289
10191
10472
10215
10288
10415
10822
10808
10183
10292
10747
10566
11244
9972
10827
9812
10868
10682
10626
10592
10465
10989
9924
10740
9994
10677
10853
10823
10388
10755
11050
10719
10697
10507
10376
10304
10681
10857
10117
10391
10490
10529
11452
10361
10586
10384
10728
10137
11247
11019
10771
10252
10515
11840
10628
10905
10710
10008
10598
10660
10349
10880
10138
10875
10871
11028
11290
10974
11121
10871
10838
11018
10593
10900
10982
10744
10331
10832
10170
10770
10726
10796
10518
10594
11327
11017
11520
11689
10442
11105
10721
10831
10784
10632
10877
11005
10605
10933
10511
10401
10982
10996
10875
10525
11661
11763
11433
11728
10578
10937
11302
11269
11050
11236
10880
11598
11289
11692
10702
10338
11202
11939
11119
11124
11361
11485
11776
11194
11149
10809
11149
11477
11564
11517
11887
11418
11540
11506
11085
10869
11363
11098
11446
11636
11790
11400
11833
10828
11544
10791
11022
10592
11492
11328
10630
11360
11484
11676
11897
11535
11346
11967
10783
11188
11933
11226
11504
12122
11116
12464
11208
10972
11512
12250
11308
11250
11174
12066
11577
12096
11880
12065
11584
12320
11541
11745
11776
12157
12011
12652
12235
12293
11912
11578
12213
11976
11163
11996
11722
12429
11812
12175
12054
11925
12601
12039
12232
12762
12403
12532
12635
12755
12195
12134
11630
11840
11991
11982
13019
12192
12048
12125
13005
12473
11517
12908
12217
12864
11917
12149
12548
12743
12365
12739
12530
12384
12834
11734
12412
12491
12271
12118
12353
12454
12513
12383
12847
12865
12943
12749
12695
12917
12385
12656
13878
12388
13021
13682
12170
12816
12917
13074
13403
12518
13395
13183
12587
12365
12804
12089
12627
13538
13425
13391
13626
13310
13281
13547
12674
12727
13176
13018
13853
13337
14203
13646
13828
12476
13888
13959
13210
14258
13675
13882
14185
14278
13757
14027
13862
14160
13588
14776
14424
13477
13538
14080
14346
14023
13579
13805
13936
15094
14872
14959
14579
14250
14512
13798
14853
14676
14322
13892
14683
14223
15300
13890
15039
14800
14457
14004
14720
15096
14548
14250
14070
14966
14980
14973
14944
15080
15717
15440
15851
15618
14824
15628
15721
15067
15515
15652
15314
16174
15496
15090
15058
15433
15421
15886
15609
15655
15941
16006
15424
15736
15842
15893
15588
16569
15942
16274
16221
16244
16064
16554
16184
17207
17053
16361
16680
16405
16341
16693
16853
16714
17744
16890
17160
16667
16948
17355
17388
16988
17210
16825
17306
17556
17033
17649
17493
16868
17723
17362
17925
18430
17824
17242
18187
18012
17660
17979
18161
17800
18118
18018
17292
18301
18712
17864
18630
18599
18532
19272
18749
19017
19184
19993
19384
19275
19268
18892
20180
19418
19760
18957
19738
18872
19132
20636
20769
20484
19964
19894
20352
20609
19866
20692
20241
20329
20000
19450
19632
20202
20517
20709
20194
20310
21008
21660
21180
20746
21109
21312
21568
20985
21486
21697
21365
22520
21940
21264
21453
21711
22197
22167
22270
22900
22037
22628
22241
21785
22567
21725
22987
22071
23200
23104
22685
22826
23808
23345
23487
23651
24038
23483
23341
24233
24821
24322
24220
24064
24865
24066
24750
25355
24361
24325
24614
25064
25074
24866
25045
25675
25290
25714
25670
25850
25656
25152
26146
25665
25418
25952
26787
26780
26370
26746
26829
26490
27479
27097
26599
27465
27744
27661
27970
28578
27807
27688
27592
28576
28314
27725
28788
28876
28407
28736
29468
29319
29922
29217
29595
29195
29812
29756
30556
29519
30469
30685
30461
30938
30284
30314
30890
31281
31375
31476
33052
32095
31801
32152
32041
32075
32231
32277
32586
32732
32682
32411
33340
33470
33288
33213
33222
33658
33060
33946
33952
35021
34066
34666
34944
35225
34442
35205
34587
35767
35560
35609
36388
35968
36496
36446
36290
37684
36918
36868
37068
37146
36745
38043
37748
36759
38455
37828
38006
37466
37410
37597
39060
38564
39092
38852
39061
39194
39988
39493
39552
39926
40702
39739
39894
40807
41472
41386
40829
40084
41134
41678
40909
41753
42368
42005
42105
43179
42580
42829
43772
43453
42698
43311
43601
44180
43252
42836
43897
44596
43220
44288
44053
44747
45492
45229
44672
44779
45828
45586
45620
45812
46516
46442
45758
47046
46394
47512
46697
46965
47316
47700
47168
48275
47696
48353
48155
48582
48296
48398
48570
49636
49007
47862
49506
49508
50184
49709
50232
50381
50075
49850
50154
50480
51210
51403
50841
51501
51610
50568
51221
51717
51842
52106
51906
51928
51716
53322
52744
52948
52665
53752
53702
53288
53113
53458
54376
53620
53692
54580
54262
55034
55522
54564
55052
55512
56576
55700
55815
55565
55488
55532
55776
55658
56681
56317
56692
56516
58781
56584
56413
56924
56508
56576
56874
56614
56788
57142
57130
58022
57652
58122
58173
58529
58295
58278
58661
58303
58452
58344
59237
58884
59327
59374
59082
58316
58115
58479
59197
59584
59776
59162
59680
59700
60715
60084
61955
62004
61556
61007
61194
61645
61760
61764
61760
63386
63048
61423
62253
62872
62440
63432
62866
62633
63405
63060
63150
63259
63220
63629
63624
64042
63461
63642
64360
64223
64365
64856
63445
64868
65188
64592
65044
64314
65131
64800
65300
65007
65338
65535
65535
65268
65527
65535
65535
65535
65535
65535
65535
65535
65535
65535
65535
65480
64953
65535
65144
65535
65300
65535
65535
65535
65535
65535
65535
65535
65535
65535
65535
65535
65535
65535
65535
65535
65535
65535
65535
65535
65535
65535
65535
65535
65535
65535
65535
65535
65535
65535
65535
65535
65535
65535
65535
65535
65535
65535
65535
65535
65535
65535
65535
65535
65535
65535
65535
65535
65535
65535
65535
65535
65535
65535
65535
65535
65535
65535
65535
65535
65535
65535
65535
65535
65535
65535
65535
65535
65535
65535
65535
65535
65535
65535
65535
65535
65535
65535
65535
65535
65535
65535
65535
65535
65535
65535
65535
65535
65535
65535
65535
65535
65535
65535
65535
65535
65535
65535
65535
65535
65535
65535
65535
65535
65535
65535
65535
65535
65535
65535
65535
65535
65535
65535
65535
65535
65535
65535
65535
65535
65535
65535
65535
65535
65535
65535
65535
65535
65535
65535
65535
65535
65535
65535
65535
65535
65535
65535
65535
65535
65535
65535
65535
65535
65535
65535
65535
65535
65535
65535
65535
65535
65535
65535
65535
65535
65535
65535
65535
65535
65535
65535
65535
65535
65535
65535
65535
65535
65535
65535
65535
65535
65535
65535
65535
65535
65535
65535
65535
65535
65535
65535
65535
65535
65535
65535
65535
65535
65535
65535
65535
65535
65535
65535
65535
65535
65374
64916
65480
65160
64888
65013
64789
64892
65332
65535
64813
65535
64884
64507
64582
64712
64505
63082
63744
64205
63837
62794
63842
64526
63518
63493
63812
62481
62644
63241
63242
63076
62960
62326
62820
62452
62080
61802
62212
62212
61624
62036
62765
61032
61568
61508
60852
61942
61140
60298
60224
61400
61474
60864
60210
60520
60344
59365
59300
58854
58889
58788
58725
58925
58636
58949
58132
58980
58997
59136
58261
57278
58966
57316
58101
57485
57188
57122
56813
57912
56740
57293
57549
56484
55720
56281
55861
56124
56168
55755
54692
55034
54562
55176
54952
54100
54892
53760
54672
54406
54296
53698
53177
53800
54178
53674
53029
52966
52792
52490
52990
52079
52502
52133
51677
51956
52365
51174
51574
51842
50669
51542
50898
50330
50312
49992
50368
50347
50039
49609
48986
49414
49209
49293
49728
48297
49160
47961
48138
48119
47125
47931
48692
47989
48076
47369
48461
47366
47488
46460
45724
45674
46266
46569
45908
45507
46036
44269
45324
45190
44757
43819
44138
44650
43972
43689
43901
43964
42372
43002
42530
41660
42004
41536
42217
42373
42753
41380
41426
42120
40802
41428
41316
41706
41330
40532
40256
39476
37805
37063
37380
38212
37930
37537
38350
38084
38104
39172
38359
38009
38676
37914
37730
37782
36634
36962
36265
36809
35956
35533
35992
35608
36929
35584
35732
35240
35378
34840
34452
34438
35226
34295
34633
33775
33868
33076
33903
32922
32916
32738
32588
31566
32860
31543
32140
31606
30435
30679
31636
30784
30704
30061
30509
30118
29992
30424
29396
29071
30640
29779
28727
28966
29204
28731
28594
27965
27546
27785
28329
27411
26745
27684
27753
26905
26086
26209
27730
26427
26334
26208
25825
25265
25817
25866
25332
24980
25124
24788
23629
24378
24258
24072
24496
23892
24410
22824
23017
23092
22890
23473
23417
23204
23762
21584
21976
22203
21806
21760
22135
21179
22138
21549
21576
21532
20596
20992
21522
20360
19970
20796
20897
19379
20542
19728
19697
19403
19716
19760
19104
18610
18539
19338
19229
18362
18220
19152
18669
18971
18468
18154
18024
17944
17121
17009
17192
18421
17252
18043
16763
17021
17186
16629
16685
16765
16889
16712
16430
16581
16337
16846
16212
16140
17245
15281
15924
15657
15155
15402
15610
14994
15741
14822
15110
15016
15966
15559
14509
14130
14510
15230
14655
14660
14132
14474
14336
13436
13940
14429
14660
14596
14380
13928
13911
14169
13258
14220
13795
13610
13332
13635
12910
13876
12973
13108
13604
12920
13568
13111
13646
12700
13862
12973
13504
12140
12401
13431
13485
12130
13099
11986
13154
12330
13285
12835
13060
12409
12852
12222
12059
12364
12416
11746
11194
11821
12686
12417
12417
12123
11972
11948
11783
12953
10655
11836
11945
12155
10635
11537
11497
11908
11082
11380
11360
11762
11352
11692
11555
12109
11222
11645
