8162
8313
7574
8121
7671
9295
7556
7924
7949
7500
7909
7221
7787
7484
7165
8489
8279
7338
8226
8238
7142
7638
7069
7829
8176
7601
8088
7510
7225
7968
8109
7348
7264
7086
7243
7744
7356
8040
7658
8421
7846
7632
7605
7816
7983
7333
8487
7382
8197
8129
9069
8435
8670
7390
7552
7538
7645
7143
7576
8170
7461
7510
8331
8472
7599
7589
7716
7217
8476
7981
7819
7053
7809
7987
7980
8072
7822
7915
7736
7616
8396
7816
8126
7855
8074
8264
7889
7017
8477
7925
8020
8420
8448
7631
7399
8100
7721
8939
8894
7888
8136
7512
8234
7270
8203
8162
7427
8597
7306
7756
8192
7758
8725
8075
8028
7705
7737
8496
8429
8401
8101
7697
7580
8208
8161
8606
8760
8149
7346
8212
7785
7469
8324
7757
7979
7931
8604
8292
8291
7699
8033
8069
7600
8103
8387
8123
8145
8296
7989
7862
8278
8058
8605
7996
7539
8132
8597
8466
8505
8035
9048
7996
8091
7932
7846
8449
8582
7801
8368
7372
8252
8012
8228
7424
7903
7473
8166
8486
8380
8224
8166
8890
8552
8046
8220
8830
8246
7779
8870
8456
8836
8073
8565
8358
7889
8401
7912
8422
8253
8858
7796
7545
8747
7988
7946
7948
8353
8397
8535
7975
8456
8214
8891
8152
7721
7496
8355
8212
8334
8356
8690
8557
8469
7933
8896
8611
8271
8491
7866
8716
7601
7958
8285
8345
8041
8176
8301
8186
8465
8253
8872
8458
7832
8297
8364
8425
8436
8535
8117
8937
7832
8900
8368
8638
8439
8477
7936
8177
8801
7883
8091
8674
7901
8431
7936
8633
8032
8263
8377
9279
8789
8585
8811
8573
7608
8492
8993
7855
7900
8748
8594
8116
8725
7565
8671
7780
8464
8988
8601
8608
8243
8242
8582
8538
9012
8155
8593
8354
8096
8506
8741
8765
7809
8152
7948
8382
8222
8302
8541
8595
8488
9403
9001
8518
7814
8743
8922
8489
9036
8181
9250
7431
8457
8692
8161
8059
9180
8467
8571
8998
8590
8306
7924
8389
8157
9067
8639
8458
8271
8412
8880
8745
8936
7858
8448
8564
8766
8838
8686
9056
8669
8843
8703
8278
8987
8474
8522
8955
8039
8768
7885
8852
8912
7518
8646
8203
8369
8225
8758
8409
8117
7827
8829
8460
8321
8174
8229
7851
8100
8435
7653
8914
7774
8692
8440
8304
8899
7963
8844
8194
8427
8802
8038
8391
8787
8148
8510
8448
8465
8361
8850
8869
8179
8450
8647
8655
8645
8950
8535
8941
8938
8458
8860
9062
8252
8920
8473
8462
8733
8704
8512
8844
8595
8746
8567
8171
8527
7486
8553
8788
8102
8482
8687
8722
8301
8543
8744
8635
8664
8309
8381
8730
8266
7731
8854
8735
8423
8769
8511
8768
8111
8659
8514
8739
8352
9348
8322
8063
9019
8244
8288
8475
8760
8664
8373
9366
8597
8946
8301
8786
8986
8901
8242
9016
9336
8916
9045
8171
8893
8020
8302
7971
8774
9229
9116
8118
9244
8642
8361
8659
8608
8390
8318
8023
8666
8520
9732
9108
8375
8214
8981
9005
8185
8595
9129
8411
9056
8196
8465
8089
8668
8740
8955
9249
8549
8837
9038
8878
7999
8624
9196
8632
8555
8424
8107
9163
8595
9099
8920
8965
8946
8573
8991
8990
8581
9192
8366
9188
8292
9144
8550
9004
8809
8730
9186
8226
9130
8210
8075
8493
8613
9592
8809
8881
9207
8624
9081
8603
8640
9432
8337
8730
8706
9172
8932
9062
9022
8045
8804
8343
8397
8341
8547
8201
7846
9045
8918
8927
8277
9063
8816
8390
8976
8252
7984
8650
8868
9197
8938
8708
8867
8850
8445
8100
8216
8088
8928
8115
8634
8365
8340
8263
8572
9334
8705
8968
8044
8636
8540
8513
8125
8267
8777
8471
8524
8953
8188
9053
8408
9296
8370
8747
9283
8680
8350
8512
7920
8806
9211
9040
8633
8486
8566
8837
9513
7661
8545
8752
8751
9161
8443
8710
8330
9066
9304
9706
9265
8346
8443
8418
9229
8041
8232
8732
8870
8220
9016
8833
8633
8981
8846
8652
8762
9218
8791
8256
8478
8594
8930
8376
8739
8513
8546
9176
9244
8479
8760
8637
8410
9843
8832
8253
8037
8422
8217
8796
8999
8165
8869
9077
8809
8540
8956
8875
8867
8915
8694
9007
8958
8635
9170
9687
8570
8051
8449
8126
8661
8879
8454
9125
8103
8296
8678
9111
8773
8569
7897
8850
9106
9329
8774
8901
9250
8795
9824
8218
8888
8143
9309
8208
9229
9014
8805
8306
8922
8992
9216
8655
8903
9265
8697
8770
7774
8795
8733
9000
8310
7883
8617
8611
9060
8726
8718
9182
8598
8548
8883
8817
8882
9472
9033
8293
8634
9016
8005
9060
8604
9068
8517
8632
8526
8937
8369
8344
8719
8920
9010
8638
9075
8776
8728
9230
9042
9314
8950
9374
8538
8578
7957
8852
8480
9085
8535
9162
8321
8727
8994
8417
8907
7718
9118
8980
8116
8704
8624
9177
8651
8787
8949
9582
8614
8545
9297
8692
8875
8994
8557
8669
8365
8822
8836
9304
8389
8769
8718
8840
9405
8644
8921
9127
8449
8379
9908
8666
8585
8176
9512
9073
8554
7981
8490
9080
8949
8054
8410
9019
9021
8868
9194
9916
8441
8552
8412
8599
8313
9203
8948
8643
9316
8599
9056
9245
9106
8251
8542
9317
9330
9527
8655
8348
7992
8066
8834
8778
8011
8916
8667
8412
9008
8677
9121
9321
8353
8955
8392
9176
8215
8829
8918
8067
8492
9257
8770
9029
8328
7898
8685
9104
9026
8285
9225
9051
8804
8416
8744
9541
8950
8099
9231
8238
9344
8160
9021
8489
8779
8588
8505
8221
8256
8467
9085
8395
8774
9156
8848
9337
8545
8539
9106
8589
8681
7925
9025
8828
8590
8810
7868
8448
9100
8121
8387
9163
8876
9174
9277
8186
9362
8118
8775
8177
8542
8079
8754
8572
8959
8934
8563
8435
8865
8285
8528
9354
8888
8973
9515
9257
8070
8800
8287
9495
8633
8365
8980
8967
9203
9217
8782
8111
8669
8530
8363
8519
8691
8546
8905
8305
8692
8140
9205
9101
8431
8585
8946
8744
9347
8283
8441
7930
8342
8230
8311
9244
8150
8829
9695
8265
8435
8150
8813
8970
8498
9358
8445
9259
7639
8852
8706
8354
9433
9172
8707
9014
8624
9109
8840
8316
8466
9076
8636
8167
9302
8681
8784
8524
8704
8758
8461
8518
7974
8994
8872
8372
9702
8701
8606
8829
9370
8552
8663
9022
8938
9303
8484
8919
9030
9091
9284
9442
8714
8824
8612
9273
8456
9518
8667
8343
8367
8238
7851
9257
8888
8565
8063
8671
9020
8528
8540
8865
8595
8248
9070
8468
8690
8895
8739
8784
9522
8727
8741
8564
9580
8674
8791
9322
8334
9204
8647
9246
8959
8781
9046
8223
8945
8356
8540
8512
8222
8493
9341
9035
8792
9167
8751
9216
8525
9423
8565
8269
9764
8930
8318
9056
8456
8031
8982
8842
9206
9235
9150
8762
8945
8258
9696
9172
8619
9143
8453
8986
8606
9283
8493
8544
8521
8820
8486
8798
8593
9257
8834
9251
8451
8795
8807
9653
9110
8616
9290
9329
8284
9064
8890
8621
8681
8704
9016
7892
9185
8466
9624
8701
9094
9113
7589
9209
8347
9139
9008
8850
8973
8658
9421
8757
9200
8472
8943
8179
9623
8686
8379
9580
8677
8674
9151
8934
9467
8576
8742
8224
8648
9534
9333
9161
8801
8378
8633
8619
8476
8547
8738
9023
9156
8624
8641
9585
8555
9447
8321
8853
8871
9245
8767
8585
8932
9016
8812
9627
9133
8463
8893
8990
9299
8823
8990
8398
8177
8557
9090
8532
8422
8550
8891
9004
8302
8720
8601
8987
8874
8713
8804
8224
9291
9371
8564
9122
9354
8557
9316
8612
8952
8644
9181
8399
9114
8924
8367
8822
9422
9027
8731
8294
8424
9097
8376
8005
9128
8636
9339
9663
8845
8997
8186
8806
9538
9484
8742
8730
8990
8774
9054
9165
8698
8232
8709
8660
8546
8867
8385
9076
9340
8611
8242
8650
9060
8836
8635
8935
8316
9517
8159
8695
9118
8546
8838
9097
8919
9487
8650
9483
8788
9016
9138
8315
9060
9162
9638
8655
9337
8411
9478
9095
9335
9082
8756
8698
8767
9043
9212
9216
8839
8409
8889
9126
9209
8690
8772
9810
9302
9338
9268
8629
9109
8804
8986
8470
9061
8529
9989
8998
9183
8873
9220
9531
8490
9166
9667
9053
9472
9823
9359
8302
9156
9677
9107
8823
9777
9207
9398
8964
8705
8887
8629
9112
9682
8430
9348
9147
8862
8704
9132
9251
8842
9354
8903
9428
9368
9161
9081
8680
9426
8944
8901
9422
8729
9380
9276
9059
8939
8905
8445
9756
8662
9328
8728
9931
9933
8522
8844
8908
9427
9200
9286
9097
8558
8633
9153
9573
8888
9322
8858
8906
8700
9238
8837
9088
9288
8505
9495
9174
9118
8944
9260
9025
9348
8991
9126
9173
9443
9052
8595
8816
8732
9624
9178
9151
8099
8571
9066
9906
9222
9104
9115
8923
8135
8510
9156
9712
9630
8723
9225
9190
8814
9214
9045
9364
8764
9562
9083
8868
9013
9256
8861
8886
8766
9544
8675
9117
8939
9485
9665
9196
9564
9644
8802
9236
9533
9696
9834
9289
9186
9112
9008
9021
9183
9250
9275
9722
10033
9337
9275
8761
9997
9221
9024
9417
10029
8716
9385
8770
9291
9014
9677
8612
9835
9424
8968
8867
9537
9013
8989
9061
8696
9609
9398
8932
8964
9883
10044
9378
9517
8961
9081
9511
8889
9058
9127
9659
9721
10111
9697
9026
10195
9616
9493
9249
9758
9349
9423
9169
9349
9548
9005
9316
8842
8988
9151
9416
9629
9768
9448
9254
9518
9132
9477
9777
9615
9677
9771
9128
9525
9451
9048
9229
9617
9647
9344
8802
10136
9210
9623
9039
8804
9562
9206
9344
9276
9671
9519
9261
9509
9992
9700
9890
9125
9114
9841
9800
10094
9793
9536
9479
9688
9978
9190
9359
9396
9614
9219
9688
9789
9403
9421
9825
9919
9516
9698
8945
8747
8954
9274
9178
8937
9423
9797
9536
9593
9127
9199
9520
9639
9965
9593
10182
9405
9809
9554
9185
10195
9645
9033
9349
9789
9474
9140
9948
9985
9588
9979
9645
9666
8791
10020
9167
9443
9618
9591
9765
9433
9837
9915
9577
9631
9703
9550
9517
9724
9958
9572
9229
9230
9502
9217
9048
9784
9745
9931
8988
10107
9322
9684
9925
9924
9731
10082
9592
10511
9818
9708
9721
9171
9791
9748
9305
9406
9773
9141
10708
9420
9076
9732
9642
10010
9822
9630
9793
9390
9272
9969
9901
9249
9222
9623
9473
9481
10435
9700
9336
9093
9366
9837
10172
9265
9364
10076
10266
8689
10186
9787
10365
9821
10089
9969
10377
9649
10155
9718
9924
9678
9446
9943
9334
11104
9769
9480
9902
9715
10120
9786
9878
9756
10265
9790
9563
10273
9992
9683
10605
9947
9645
9829
9402
9359
9325
9905
9964
10058
9842
10225
10259
10496
9270
9936
9525
9389
10390
9975
10229
10139
10332
10310
9655
9961
10272
9777
9739
10196
9782
9779
9768
10298
9542
10163
10040
9780
9873
10043
10048
9986
10433
9572
10052
9700
9752
10162
10742
9687
10518
10768
9643
10673
9952
9574
10213
10268
9853
9837
10540
9972
9589
10360
10516
10637
9911
10282
10172
10778
9419
10210
10365
10790
10329
10637
10482
9730
9716
9939
9768
10564
10532
9530
10368
10175
10445
11175
10398
10165
10505
10477
9874
10609
9887
10520
10308
10435
9223
9745
10159
10521
10438
9841
10395
9996
10256
10101
10221
10159
9545
10213
10263
10702
10024
10563
9829
10316
10477
9856
10302
10220
10170
10802
10436
10431
9860
11348
10215
9835
10551
10808
10944
10564
10146
10444
10367
10120
10562
9623
10250
9404
10454
9980
10126
10714
9918
10879
10378
10888
9894
10637
11189
10276
9744
10621
10912
10752
10506
10861
10583
10038
11072
9967
9806
10109
10244
9967
10785
10359
10398
10173
10215
10408
10310
10514
10994
11277
9956
11024
10037
10331
10548
10252
10924
11204
10411
10952
10747
10348
10706
10362
10615
10825
10803
10383
10968
10352
10392
11050
9901
10912
10898
11016
11210
11046
11022
10111
10051
10525
10706
11267
10500
10938
11144
10499
10485
10285
10474
10820
10665
10644
11152
10545
10312
10786
10529
11457
10988
10601
11253
10076
11680
10341
11420
10702
10304
10959
11536
11095
10174
10440
11024
10777
10851
10386
10306
11022
10401
11495
10607
11698
10745
10616
11219
9954
10459
10675
10811
10220
11786
11020
10918
10860
11322
11342
11087
10981
11125
10035
10655
11189
10841
11024
11103
11122
10788
10384
11420
11590
10821
10960
10471
11075
10584
11262
10769
11197
10764
11034
11159
11343
11238
10886
11259
11162
10998
10612
10931
10636
11158
10856
10428
11680
11748
11171
10743
10643
11175
11166
11585
11282
10503
11142
11458
11083
11713
11218
11563
11035
11129
11135
11830
10809
11402
10626
11247
11205
10898
10832
11018
11674
11441
10953
11895
11393
10979
11928
11297
10952
11345
11580
11126
11636
11521
11529
11851
11256
11264
11581
11158
11325
11605
11938
11214
11583
11880
11448
12194
11812
11864
11096
12244
11981
12416
11470
11793
11579
12645
11828
11804
12082
11737
11029
11644
12431
11335
12326
11368
11408
11537
12496
13223
11684
12036
11282
11889
12078
11682
11142
11788
12063
11664
11449
11484
12004
11325
11374
11872
12150
12301
11627
11694
12084
12215
12788
11509
12363
11331
12318
11900
11860
12301
11806
12640
11366
12122
11326
12212
12237
12469
11958
12198
12727
12277
12081
11935
11975
11894
12264
12205
11621
12020
12003
12118
13156
12008
12115
11828
12201
11625
12746
12587
12388
11840
12006
13495
12276
12388
12398
11449
12173
12313
11908
12569
11577
12497
12381
12509
12841
12748
12570
12530
12321
12663
12356
12593
12412
12385
12134
12555
11982
12170
12628
12480
12099
12284
12946
12667
13103
13074
11998
12680
12234
12658
12427
12477
12528
12841
12186
12939
12254
12182
12584
12756
12347
12162
13251
13221
13243
13432
12335
12564
12793
12801
12971
12844
12560
13514
12771
13350
12682
12048
12988
13661
12492
12850
13088
13128
13463
13113
12963
12488
12778
13155
13344
13273
13968
13096
13408
13627
12767
12748
13164
12854
13453
13456
13854
13195
13391
12489
13252
12512
12908
12573
13408
12995
12552
13444
13206
13702
13774
13342
13333
13781
12472
13047
13629
13045
12946
13767
12857
14073
12727
12909
13245
14096
13048
13319
13011
13825
13423
13700
13943
13892
13410
13737
13161
13502
13416
14004
13584
14565
14080
14081
13759
13602
14210
13834
12708
13524
13445
14436
13391
13899
13941
13672
14134
13796
13808
14482
14472
13987
14269
14706
13957
13891
13462
13488
13509
13961
14601
13869
13414
13604
14347
14136
13446
14416
13962
14484
13288
13892
14288
14505
14105
13923
13937
13940
14405
13453
14210
14188
14104
13522
14216
14345
14352
13748
14509
14317
14578
14345
14554
14441
13955
14241
15533
13914
14484
15005
13584
14124
14378
14321
14645
14102
14722
14989
14024
13578
14524
13544
14101
15309
14747
15034
14998
14723
14572
14973
14361
14149
14544
14372
15205
14605
15556
15346
14957
13916
15204
15110
14902
15339
15131
15126
15226
15322
15232
15351
15510
15319
15070
16152
15402
15131
14793
15461
15199
14943
14750
15052
15373
16296
16115
16156
15836
15025
15696
14666
15953
15716
15616
15057
15590
15475
16425
15313
15626
15646
15435
15076
16023
15974
15378
15365
15032
15927
15646
15673
15594
16244
16225
16458
16716
16628
15617
16576
16484
15797
16458
16629
16257
16706
16161
15744
15618
16206
15798
16466
16057
16414
16832
16898
16260
16579
16426
16427
16534
17139
16620
16828
16635
16894
16500
17007
16564
17180
17263
16600
16572
16658
16762
17146
16754
16632
17410
17131
17259
16935
16970
17941
17577
17240
17390
17292
17188
17509
17062
17787
17410
16826
17291
17188
17754
17996
17789
17348
18145
17828
17384
17809
17679
17031
17629
17924
17387
18208
18619
17515
18198
18225
18138
18532
18057
18654
18213
19489
18511
18465
18475
18505
19259
18522
19008
18398
19085
18614
18859
19532
19679
19010
19445
18822
19597
19654
19373
19565
18680
19055
18692
18592
18259
19285
19226
19477
19622
19188
19872
20204
19880
19315
19539
19742
20275
19833
20279
20142
20128
20810
20716
19504
19817
20184
20169
20365
20399
20790
20105
20621
20638
19819
20350
20048
20834
20170
20979
21046
20976
21069
21645
20706
21036
21307
21748
20984
21325
22118
22351
21980
21713
21413
22301
22098
21769
22454
21755
21824
22109
21998
22245
22165
22144
23089
22356
22808
22820
23040
22846
22670
23258
22748
22726
23073
23434
23696
23218
23733
23288
23457
24070
23060
23024
23812
24172
24165
24567
24834
23695
23780
23745
24196
24926
23972
24555
24534
24239
24526
25567
25196
26255
25140
25419
24661
25346
25760
25978
25142
25746
25932
26036
25933
25090
25672
26456
27012
26620
26778
28101
27339
26403
26895
26537
26985
27032
27000
27295
27478
27781
27094
28011
27892
27832
27434
28081
27402
27444
28224
28413
28757
28052
28480
29035
29658
28514
29385
28781
29532
29275
29362
29772
29869
30158
29801
30409
31394
29744
30132
30408
30400
30016
31028
30612
30211
30900
30769
31172
30502
31086
30933
31274
31718
31932
31693
31530
31944
32445
32269
32205
32576
33435
32005
32061
33243
33613
33206
32957
32772
33284
33898
33146
33450
34089
33934
34508
34966
34324
34392
35090
35386
34253
35222
35817
35635
35193
34007
35787
35528
34456
35636
35252
36426
36650
36252
35968
36073
36292
36628
37016
36978
37548
37163
37253
38228
37122
37748
37685
37844
37495
38002
37215
39511
37723
38701
38818
38617
38744
39144
38637
39798
39333
38496
39012
39650
40476
39581
40176
40630
40893
39659
40466
40644
41196
40704
40813
41541
40891
40150
41780
41629
41668
42180
41486
41606
41848
43547
42356
42481
41947
43168
43310
43230
43247
42853
43252
43290
43240
43558
43788
43997
44186
43769
43764
44215
45300
44864
45121
44060
44426
44854
44638
45147
45868
45376
45921
44910
46970
45581
45350
45010
44862
45416
45210
45753
45700
45898
45910
46036
45978
46352
47450
47432
46852
46852
46900
46778
46912
46878
47721
47691
47650
47998
47240
46821
46822
46984
47264
47396
47992
47493
47697
47760
48876
48041
49208
50320
49132
49332
49076
49579
49550
50024
49802
51093
50213
49252
49812
50433
50127
51348
50468
50024
51465
50186
51332
51236
50971
50889
51157
51764
51098
50964
52312
51592
51714
51890
50869
51995
52393
51006
51892
52219
52234
52310
51974
51938
52738
52685
53376
52518
52724
53196
52900
53750
53760
53012
53262
52337
52817
53252
53157
52707
52132
52710
51770
52496
51962
52633
52738
53162
54250
53516
54202
53301
53792
53693
54245
53893
53076
52761
53318
53209
54474
54058
54548
55096
54120
54328
54230
54059
54888
54968
55432
54123
54400
55384
55434
55048
54341
55572
54848
55394
55396
54197
55512
54756
54886
54342
55577
55361
55764
55496
55552
55498
54862
55861
54628
55368
55396
55856
55179
54528
54697
55700
55436
55808
55289
56056
55708
55112
56724
55398
56596
56102
55746
55722
55624
56308
57076
55611
56770
56268
56294
55162
55691
56068
55704
55722
55319
55054
55874
56042
55894
55400
55524
56448
54788
55476
55600
55444
55882
56694
55598
55301
55710
55220
55657
55872
55796
55460
55848
54900
55816
55160
54948
55348
54679
54617
55424
55797
55112
55077
53860
54554
53910
54059
54917
53632
54164
53872
55022
55981
54745
55424
55277
55890
56085
55894
55663
55044
54920
55017
55313
55300
55257
55110
54528
55147
55261
54694
55674
54864
54970
54528
54250
55196
54280
55050
54980
54632
54596
54054
54345
54490
54356
54549
55156
54456
54498
55322
54308
53320
53999
54216
54725
53484
53657
54178
53928
53544
53188
53861
52608
54143
53832
53547
52831
52580
53060
53211
53412
52728
52736
51994
52802
53101
52188
52138
52260
51819
52678
52788
51094
51188
52011
51158
51416
51145
51364
50724
51028
51865
51188
52132
51244
51300
51143
51354
51163
49706
50468
50111
50472
48990
50548
51355
50232
49963
50068
49518
48651
49653
49944
49186
49860
48588
49700
49133
48384
48715
48652
48724
48063
48832
48961
47656
48352
47458
47240
48111
47669
46884
47258
47988
48404
47480
46855
47581
46925
45960
46053
46036
46145
45100
45236
45856
44789
45622
45472
45659
45992
46144
45360
43998
45510
44380
44964
44507
44390
44160
44320
45066
43999
44781
44672
43608
42843
43850
43624
43402
43732
43222
42370
42939
41636
42312
42603
42137
42497
41361
42010
42308
41501
41000
40973
41306
41880
41188
40141
41171
40460
40168
40576
39977
40580
39678
39552
39645
40448
39268
39542
39346
38672
39643
39733
38144
38545
38180
38408
38783
38157
37560
37493
37120
37417
37416
37586
36881
36964
36228
36464
36796
36068
36663
37044
36629
36271
35674
37162
35764
35892
35252
34998
34052
34649
34822
34804
34270
34589
33555
33937
34404
34418
33115
33878
33821
33158
33220
32527
33064
31850
32784
32276
31282
31894
30797
31319
31767
31809
30654
31306
31342
31002
31336
31058
31418
31013
29999
30500
29841
28781
28084
28643
28655
28318
28214
28819
28234
28743
29620
29117
28671
28653
28566
28493
28493
27530
27346
27334
27803
27224
26772
27098
26948
27384
26957
26858
26436
26666
25728
25341
25326
26604
25617
25925
25110
25757
24849
25915
25053
24973
24640
24218
23487
25382
23738
24333
24360
23185
23616
23762
23549
23204
22385
22812
22700
22619
23220
21901
21662
23076
22887
21857
21562
22346
21778
21592
21306
20875
21399
21775
21050
20070
20923
20894
20682
19786
20170
21117
20072
20445
19462
19926
19458
19828
19440
19371
19032
19088
19302
18525
18314
19037
18609
18664
18476
19037
17552
17488
17896
17600
18301
18534
17863
18723
16984
17095
17339
17242
17028
17172
16797
17275
17167
17098
17134
16388
16568
17572
15927
15829
16785
16590
15160
16720
15734
15718
15566
15616
16166
15501
14656
14708
15651
15837
14654
14519
15287
15517
15252
14879
14887
14794
14386
14018
13625
14068
15323
14069
14924
13774
13735
14261
13518
13740
13773
13836
13866
13820
13782
13200
13931
13437
13538
14162
12914
13235
13017
12702
12921
13101
12368
12975
12590
12885
12644
13577
13278
12203
11981
12206
13091
12592
12269
11657
12429
12010
11256
11642
12356
12741
12387
12056
12092
12089
12077
11063
12413
11639
11832
11450
11861
11106
11705
11479
11429
11796
11145
12167
11407
11479
10772
12027
11625
11753
10370
10577
11716
11491
10569
11378
10087
11456
10931
11809
11204
11548
11034
11302
10408
10323
10907
10836
10584
9538
10630
11199
11156
10818
10560
10571
10368
10454
11346
9489
10571
10724
10587
9501
10171
10284
10715
10045
10344
10036
10556
9952
10506
10118
10473
10509
10279
