8100
8058
7333
7764
7523
9087
7068
7690
7782
7252
7671
6925
7269
7001
6837
8224
8056
7051
8017
7909
6613
7341
6859
7652
7901
7579
7941
7139
6823
7652
7787
6936
7097
7133
6963
7544
6770
7783
7352
7798
7412
7358
7286
7612
7724
6861
8016
6974
8054
7889
8592
8274
8271
7149
7307
7167
7167
6771
7216
7883
7150
7187
7881
7770
7505
7173
7551
6621
8139
7808
7689
6701
7491
7506
7589
7658
7453
7569
7454
7182
8137
7453
7644
7432
7586
7690
7575
6763
8121
7692
7676
8093
8038
7514
7253
7930
7540
8687
8470
7241
7913
7122
7885
7212
7760
7917
7083
8310
7263
7409
7705
7218
8517
7693
7913
7378
7440
8104
8079
8032
7647
7476
7345
7698
7969
8205
8306
7902
6922
7773
7579
7409
7891
7370
7769
7519
8324
8192
8066
7547
7919
7768
7225
7635
8053
7876
7639
7978
7621
7591
8182
7697
8185
7694
7244
7709
8052
8154
8101
7754
8646
7532
7558
7389
7320
8011
8177
7460
8288
7158
7746
7738
7748
7246
7632
7161
7973
8201
7999
7712
7866
8537
8117
7483
7956
8574
7854
7490
8583
8164
8429
7945
8260
7960
7624
7885
7624
8041
7874
8489
7299
7206
8257
7537
7755
7583
8192
7989
8139
7840
8198
7840
8368
7782
7384
6917
8045
7903
7923
8050
8262
7959
8054
7650
8459
8144
7823
7969
7411
8467
7382
7633
8130
7963
7536
7924
7764
7648
8252
8021
8431
8072
7426
7795
8083
7766
7999
8116
7736
8659
7179
8237
8058
8110
7839
7920
7487
7861
8627
7543
7688
8371
7511
8284
7541
8089
7526
7628
7919
8702
8531
8024
8309
8122
7205
8059
8552
7624
7747
8506
7892
7412
8299
7396
8119
7375
7882
8430
8332
8044
7900
7629
8054
8197
8822
7631
7940
7951
7600
8019
7988
8425
7298
7745
7468
8097
7745
8108
8103
8040
8102
9016
8583
8052
7720
8102
8590
8175
8444
7710
8612
7075
7899
8246
7657
7615
8775
8217
8247
8453
8093
7636
7515
7785
7843
8682
8169
7965
7945
7611
8764
8311
8389
7546
7855
8060
8414
8377
8342
8501
7930
8372
8217
7741
8647
8290
7951
8761
7732
8268
7321
8327
8460
7232
8175
7717
7805
7712
8230
7976
7639
7508
8393
7931
7744
7675
7795
7391
7601
7971
7247
8337
7182
8064
7849
7921
8396
7450
8349
7787
8004
8434
7401
8015
8341
7719
8039
7673
8333
7769
8153
8361
7694
8331
8408
8013
8181
8806
8051
8269
8728
7926
8605
8524
7903
8384
8055
8197
8239
8382
8198
8189
8133
8242
8077
7967
8155
7016
7775
8250
7540
8073
8082
8077
8047
8072
8329
8196
8099
8002
7963
8238
7901
7373
8274
8452
7903
8475
8088
8406
7668
7925
8090
8289
8068
8727
7890
7794
8549
7896
7772
8012
7735
8411
8093
8772
8183
8450
7757
8040
8265
8572
7752
8267
8666
8407
8575
7621
8232
7463
7922
7496
8365
8744
8414
7670
8786
8070
7860
8391
7864
7981
7632
7687
8166
8442
9487
8675
8016
7817
8595
8456
7917
8149
8602
8178
8583
7654
8175
7610
8214
8180
8581
8764
8376
8429
8718
8349
7456
7972
8715
8170
8298
7819
7707
8571
8234
8505
8326
8530
8192
8228
8694
8549
8411
8594
7950
8650
7668
8998
8142
8706
8420
8382
8637
7847
8532
7794
7675
8199
8475
9286
8194
8433
8927
8378
8843
8291
8515
8998
7739
8202
8416
8678
8410
8745
8575
7626
8618
7889
7924
8097
7998
8076
7529
8616
8530
8547
7960
8772
8409
8041
8559
7627
7450
8401
8402
8914
8250
8503
8360
8341
8021
7700
7755
7749
8458
8043
8120
8108
8247
7816
8228
8811
8487
8473
7828
8185
8329
8086
7780
7979
8266
8193
8052
8387
7874
8704
7900
8407
7860
8378
8911
8116
7889
8325
7691
8476
8716
8540
8366
8003
8306
8412
9011
7155
8192
8383
8356
8828
7967
8342
7962
8810
9060
9187
9069
8219
8070
7849
8717
7707
7935
8281
8266
7654
8503
8327
8425
8661
8370
8347
8420
8721
8329
8006
8398
8310
8418
7917
8533
8107
8224
8774
8591
7953
8320
8217
8037
9523
8279
7904
7709
7992
7957
8476
8631
7687
8390
8702
8196
8091
8513
8599
8298
8357
8228
8697
8476
8022
8696
8984
8244
7766
7996
8000
8364
8717
8310
8617
7789
8003
8165
8455
8454
8111
7524
8687
8625
8762
8312
8320
8959
8542
9231
8056
8261
7837
8958
7799
8770
8807
8465
7654
8421
8408
8746
8391
8484
8925
8406
8370
7453
8378
8435
8342
8058
7718
8190
8305
8555
8141
8345
8824
8372
8088
8505
8537
8589
8986
8482
8030
8296
8611
7790
8665
8245
8687
8204
8296
8426
8372
8031
8270
8351
8368
8633
8358
8952
8414
8494
8852
8711
8989
8495
9020
7980
8114
7696
8567
8100
8764
7948
8753
8122
8436
8528
8183
8541
7432
8781
8679
7666
8490
8418
8841
8235
8363
8257
9154
8021
8058
8801
8284
8737
8752
8292
8329
8123
8566
8448
9174
8093
8329
8296
8380
9043
8038
8540
8716
7963
7803
9217
8289
8246
7668
9012
8548
7961
7682
8340
8605
8638
8041
8122
8325
8816
8306
9097
9664
8102
8269
8038
8306
7879
8851
8442
8410
8865
8309
8807
8737
8770
7803
8315
8937
8939
9370
8221
7954
7668
7759
8433
8168
7730
8617
8509
8366
8623
8359
8746
8823
8046
8491
7936
8872
8035
8223
8594
7949
8024
8951
8584
8699
7858
7514
8328
8875
8468
8008
8887
8795
8252
7974
8518
9354
8434
7553
8851
7999
9247
8000
8877
8370
8460
8283
8295
8139
8143
8243
8798
8165
8324
8916
8474
8996
8182
7963
8501
8162
8408
7440
8634
8371
8123
8706
7864
8020
8601
8012
8323
8847
8459
8830
8949
8205
8985
7642
8416
7951
8261
7855
8541
8173
8563
8473
8386
8232
8508
8044
8033
8866
8530
8527
9085
8973
8071
8318
7885
9221
8153
8025
8427
8876
8972
8770
8234
7700
8449
8299
8294
8131
8246
8268
8712
7931
8192
8063
8638
8930
8136
8251
8522
8377
8869
7822
8170
7695
7993
7625
8230
8914
7928
8428
9111
8021
8025
7839
8600
8780
8127
8925
8160
8891
7416
8532
8300
8219
9054
8764
8573
8464
8205
8875
8470
8028
8020
8546
8600
7956
9026
8368
8465
8292
8283
8244
8232
8229
7687
8411
8616
8232
9368
8040
8170
8298
8858
7912
8545
8686
8740
8914
8139
8599
8584
8663
8842
9188
8358
8388
8233
8948
8116
9221
8364
7974
8076
8081
7602
8947
8586
8642
7741
8223
8737
8313
8107
8402
7965
8030
8823
8324
8379
8564
8442
8390
9444
8268
8435
8085
9139
8460
8322
8913
8028
8859
8536
8738
8710
8491
8792
7880
8701
8050
8127
8113
7875
8106
8824
8705
8508
8798
8438
9114
8174
9293
8365
8195
9243
8611
8236
8539
8194
7927
8626
8400
9034
9079
8610
8388
8617
8027
9377
9012
8437
8814
8473
8947
8570
8984
8256
8254
8357
8804
8058
8592
8450
8980
8642
8769
8294
8372
8652
9164
8791
8085
8983
8886
8164
8906
8861
8187
8384
8353
9135
7873
8892
8087
9250
8403
8717
8621
7271
8614
8293
8814
8532
8470
8452
8576
9092
8398
8732
8518
8512
8101
9148
8570
8152
9257
8294
8705
8999
8510
9044
8174
8533
8192
8232
9492
9146
8719
8420
8091
8356
8334
8191
8048
8335
8535
8800
8357
8377
9290
8246
9023
8038
8608
8731
8903
8565
8515
8633
8690
8822
9229
8948
8162
8538
8926
9109
8120
8658
8211
7928
8393
8810
8539
8242
8333
8795
8705
8189
8493
8427
8801
8569
8484
8464
8103
8781
9200
8404
8680
9185
8366
8909
8291
8770
8222
8966
8448
9197
8980
8396
8502
8886
8778
8712
7818
8068
8934
8346
7623
8749
8400
9178
9501
8676
8826
7934
8527
9426
9443
8486
8873
8872
8532
8770
8896
8372
7955
8283
8565
8233
8952
8118
9141
9178
8509
8164
8280
8789
8602
8671
8776
8206
9248
7933
8395
8907
8334
8428
8738
8955
9077
8558
9597
8593
8560
8819
8188
8840
8877
9352
8587
9258
7978
9144
8819
9059
9051
8502
8599
8629
8836
9233
8999
8666
8077
8588
8776
8788
8519
8596
9199
9060
8873
8988
8546
8750
8655
8777
8228
8723
8390
9632
8756
9197
8535
8983
9199
8644
9073
9491
8908
9118
9526
9091
7911
8887
9498
9023
8581
9572
8920
8819
8816
8596
8838
8342
8938
9463
8322
9182
9143
8587
8618
8742
9019
8487
9098
8548
9326
9147
8704
8875
8675
9371
8777
8683
9216
8621
9219
9037
9071
9037
8928
8411
9381
8265
9051
8612
9675
9725
8259
8804
8879
9140
9123
9097
9227
8635
8744
8990
9450
8534
8936
8633
8801
8283
9088
8730
8929
8968
8358
9171
8857
9092
8815
9131
8905
9216
8785
9395
9158
9192
8878
8521
8741
8485
9375
8954
9275
7858
8419
8827
9612
9037
9045
9051
8779
8173
8430
9024
9372
9527
8718
9400
9023
8757
9256
8872
9068
8408
9128
9138
9138
8850
9025
8691
8570
8757
9424
8820
8954
8876
9368
9415
9060
9595
9463
8772
9256
9156
9751
9494
9298
8888
8989
8882
9054
8849
9158
9274
9700
9956
9186
9126
8673
9899
9030
8862
9377
9696
8663
9429
8694
9280
8814
9409
8561
9735
9323
8908
8888
9194
8755
8973
9168
8828
9618
9444
8892
8777
9721
10050
9232
9344
9046
9003
9664
8660
8960
9160
9914
9403
9976
9704
9040
10046
9522
9402
9122
9669
9458
9355
9252
9191
9453
8854
9207
8617
9057
9191
9143
9461
9690
9358
9098
9298
8896
9422
9569
9507
9684
9765
9076
9501
9250
8956
9076
9465
9657
9258
8801
9894
9154
9665
8966
8645
9569
9236
8932
9029
9758
9655
9450
9559
9910
9541
9743
9208
9128
9732
9644
10152
9636
9466
9429
9627
9578
9228
9223
9543
9464
9280
9652
9649
9476
9301
9609
9980
9581
9504
8977
8666
9067
9178
9338
8800
9305
9803
9292
9699
9144
9252
9609
9738
9958
9434
10025
9418
9857
9483
9233
10003
9500
9287
9290
10109
9463
9176
9878
9933
9646
9735
9391
9728
8712
10212
9379
9409
9562
9253
9658
9248
9778
9953
9639
9698
9853
9887
9553
9823
9851
9668
9380
9287
9512
9347
9174
10116
9820
10108
9199
10198
9581
9748
9739
9927
9719
10093
9721
10244
9741
9665
10006
9304
9926
9844
9368
9562
9792
9026
10541
9599
9256
9761
9979
9920
9714
9746
9612
9598
9383
9793
10141
9117
9455
9684
9725
9612
10411
9859
9237
9509
9563
9868
9860
9201
9465
9934
10289
8887
10116
9667
10341
9954
10271
9916
10379
9633
10139
9836
10012
9946
9712
9880
9241
10908
9963
9548
10052
9759
10136
9911
9809
9889
10352
9764
9507
10191
10158
9710
10679
9865
9792
9837
9449
9481
9556
10259
10030
9865
10015
10502
10463
10439
9583
10274
9604
9560
10526
9838
10374
10304
10546
10330
9715
10066
10438
9753
9849
10415
10247
9752
9681
10323
9760
10313
10146
10113
9931
10262
10466
9884
10722
9646
10155
9570
9799
10234
10655
10222
10589
10845
9834
10911
10214
9806
10218
10308
10249
10132
10801
10240
9732
10628
10926
10953
10218
10571
10302
10862
9773
10477
10714
10936
10765
11068
10370
10180
10024
10065
9807
10838
10711
9615
10630
10363
10551
11371
10629
10539
10404
10681
10113
10818
10422
10753
10551
10250
9256
10184
10565
10716
10490
10143
11041
10377
10719
10457
10543
10406
9768
10208
10749
10950
10169
11119
10141
10605
10878
10088
10752
10452
10613
11160
10614
10706
10040
11621
10312
10088
10683
10983
11133
10660
10426
10671
10648
10611
10829
9978
10617
9668
10762
10123
10699
10916
10348
11089
10574
11117
10402
10975
11395
10818
10090
10733
11113
10788
10857
11191
11090
10659
11366
10598
10274
10265
10585
10378
11221
10693
10598
10712
10397
10712
10597
10669
11345
11406
10116
11357
10324
10467
10971
10719
11241
11540
10956
11259
11279
10803
11314
10927
11083
11345
11515
10844
11455
10758
10818
11769
10340
11233
11146
11738
11750
11688
11565
10235
10557
11384
11064
11623
11067
11522
11394
11000
10892
10925
10970
11360
11069
11158
11694
11025
10691
11066
11306
12077
11361
11268
11621
10698
11977
10717
11597
11493
10842
11814
11938
11520
10627
10980
11354
11042
11535
10838
10845
11565
10826
11880
11196
12476
11382
11070
11579
10443
11005
11050
11559
10895
12489
11511
11757
11469
11643
11711
11722
11748
11389
10699
11158
11648
11738
11654
11581
12036
11365
11374
12256
12038
11484
11456
11160
11842
11010
11781
11220
11679
11225
11754
12041
12131
11786
11356
11822
11995
11792
11017
11478
11284
11799
11420
11067
12452
12244
11753
11247
11325
11629
11755
12156
11913
11008
12091
11742
11832
12276
11840
11924
11467
11783
11877
12590
11584
12202
11553
12318
11690
11364
11606
11706
12367
12102
11624
12685
12122
11449
12476
11941
11931
12207
12239
12001
12354
12092
12110
12655
11770
12192
12288
12084
12001
12486
12992
12016
12559
12339
11913
13071
12317
12603
11786
13002
12664
13045
12040
12484
12599
13426
12632
12511
12796
12508
12036
12468
12960
12365
13211
12138
12360
12337
13064
13790
12443
13076
12100
12534
12946
12592
12129
12680
12878
12721
12349
12316
12732
12174
12504
12594
13178
12914
12634
12597
13101
13036
13608
12342
13242
12429
12998
12764
13046
13314
12698
13338
12392
12928
12286
12891
13190
13387
12810
13402
13498
12945
12880
12965
13066
12768
13163
13234
12667
13006
12923
13023
14154
12924
13143
12993
13183
12690
13858
13661
13442
12746
13126
14608
13177
13304
13034
12929
13482
13136
12812
13486
12756
13303
13056
13717
13867
13591
13698
13987
13198
13593
13137
13246
13470
13444
13070
13791
12944
13241
13689
13482
12968
13377
13996
13538
14228
14253
13297
13952
13445
13679
13221
13316
13526
14250
13384
13910
13347
13002
13748
14010
13326
13568
14451
14322
14614
14600
13463
13615
14153
13869
14140
14166
13868
14517
14070
14368
13425
13050
14135
14808
13849
14002
14175
14515
14394
13980
14169
13705
13880
14393
14630
14333
14872
14171
14569
14490
14094
14071
14440
13908
14481
14644
14757
14435
14684
13899
14452
13771
14056
13661
14349
14500
13485
14476
14271
14749
14665
14572
14546
14888
14102
14307
14497
13960
14368
15162
13917
15060
14235
14088
14480
15439
14258
14470
14280
15245
14541
14837
14992
15008
14661
15128
14628
14914
14518
15129
14897
15506
15260
15148
14884
14541
15326
14914
13982
15001
14912
15306
14608
15053
14864
14996
15215
14812
14750
15727
15588
15168
15244
15841
15083
15265
14423
14669
14959
15109
15490
15285
14719
14991
15542
15384
14511
15894
15126
15585
14464
15001
15362
15306
15355
15368
15184
15307
15450
14821
15432
15489
15342
14912
15413
15327
15491
15083
15497
15611
15768
15638
15831
15671
15330
15386
16794
15163
15940
16348
14738
15452
15625
15709
16121
15415
16000
15697
14824
14968
15306
14612
15570
16390
15628
15835
16262
15944
15781
15994
15069
15327
16021
15576
16020
15800
16676
16522
16238
14774
16258
16060
15972
16648
16073
16397
16450
16553
16308
16564
16413
16461
15893
17137
16534
15892
15863
16761
16623
15846
16014
16531
16175
17484
16712
17178
16840
16480
16501
15598
17060
16961
16357
15812
16640
16313
17419
16012
16750
16517
16292
15937
17006
17098
16235
16457
15959
16747
16695
16545
16789
16990
17140
17332
17544
17376
16861
17339
17516
16674
17101
17564
17034
17619
17669
16788
16378
17082
16812
17213
16953
17343
17357
17698
17086
16863
17371
17043
17126
18140
17444
17540
17318
17984
17257
17800
17502
18268
17832
17640
17499
17536
17521
17671
17898
17752
18653
17992
18160
17832
17720
18511
18490
18042
18182
17911
18070
18245
17869
18266
18633
17510
18154
18172
18747
18926
18178
18242
18762
18790
18246
18365
18127
18187
18696
18265
17461
18816
18949
18244
18877
19069
18725
19037
19042
19161
18853
20372
19182
19115
19417
19074
19810
18972
19584
18944
19381
18985
19213
20278
20437
19520
19738
19624
19751
20225
19325
20007
19515
19712
19151
18981
19092
19519
19796
20067
19853
20032
20400
20808
20176
19963
19613
20347
20453
20171
20575
20601
20142
21197
20850
20206
20260
20437
20522
20520
20829
21164
20190
20834
21238
20411
21211
19786
20992
20406
21362
21312
21040
21026
21619
20914
21345
21588
21696
21357
21547
22399
22240
22132
21835
21760
22521
21952
21894
22652
21851
21833
21861
22626
22224
22277
22208
22815
22495
22866
22394
22989
22788
22249
23200
22397
22187
22808
23208
23884
23124
23176
23105
23092
23288
23413
23176
23415
24099
23792
24121
24251
23288
23411
23501
24246
24143
23540
24049
24436
23548
24068
25094
24532
25254
24482
25083
24705
24458
25311
25444
25065
25412
25388
25280
25976
24731
25656
25899
26041
25915
25833
27488
26789
25614
26258
26168
26522
26628
26335
26629
26673
27252
26548
27141
27224
26916
26760
26976
27048
26338
27048
27556
28146
27168
27448
28089
28527
27412
28306
27370
28543
28205
28516
28885
28740
28836
28996
29002
29828
29060
29407
29348
28977
28468
29541
29340
28940
30150
29274
29275
29338
29306
29664
30194
30476
30788
30437
30185
30922
30906
30730
30682
31215
31768
30479
30570
31780
31928
31622
31492
30680
31455
31852
31345
31936
32328
31644
32539
33453
32452
32386
33692
32938
32607
33637
33524
33674
33012
32565
33178
33201
32525
33621
33000
33725
34586
34177
33706
33511
34258
34606
34324
34230
35020
34563
34765
35531
34432
35421
35084
35272
35012
35743
35124
36666
35416
36042
36037
36121
36065
36265
35934
36877
36042
36125
36480
36918
37210
36858
37460
37789
37529
36678
37120
38176
37804
37541
37684
38418
37801
37060
38426
38477
38437
38756
38155
38317
37929
39883
39353
38564
38488
39626
39899
39517
39476
39492
40325
39352
39666
39802
39662
40173
40168
40173
40000
40778
41224
40770
40970
40264
40962
40740
41092
41114
42092
41097
41316
41394
43320
41504
40932
41425
40972
41437
41223
41344
41360
41772
41965
42244
41678
42408
42868
42898
42260
41972
42266
42133
42485
42394
43222
42858
42993
43182
42818
42201
42700
42114
42546
43046
43705
42708
42902
43648
44313
43565
44611
44948
44236
44722
44182
44621
44212
44598
44706
45821
45316
44238
44890
45058
45286
45647
45328
45162
45807
45194
45456
45814
45556
45816
45749
46491
45614
46172
45924
45714
46672
46412
45347
46346
47405
45578
46669
46116
46921
46838
46294
46344
46750
47289
47532
46825
46930
47348
46985
47720
47616
47341
47716
46453
47469
46916
47316
46500
46548
46857
46223
46794
46063
46864
47380
47140
47860
47338
47979
47144
47726
47449
47546
48168
46808
46612
47464
47478
48282
48056
48116
48539
48384
48488
47983
47796
47853
48293
48859
48169
48123
49352
48292
48854
48232
48833
48883
49414
49133
48148
48831
48302
48320
47995
49193
49371
48932
49078
48963
48921
48710
48980
48196
48677
48920
49316
48749
48341
48640
49435
48346
49032
49529
49458
48919
49348
50022
48644
50264
49940
48967
49531
49145
49694
49732
48841
50217
49254
49820
48404
48768
49722
49230
49251
48768
48628
49060
49928
49668
49034
49101
49620
48138
48813
48680
48753
48888
49458
49564
49322
49684
48628
48872
49477
49473
48829
48684
48582
48823
48867
48919
48828
48114
48560
48778
48986
49165
48068
47094
48310
48534
47726
48487
47528
47865
47668
47942
49261
48516
48821
49128
49816
48878
49528
49056
48084
48294
48794
48914
49005
48696
48040
47978
48450
48797
48742
49083
48525
48483
48175
47316
48822
47883
48054
48203
48405
48185
47657
47530
48144
47956
47909
48616
47764
48712
48717
48656
47307
47964
47416
48384
47365
47541
48341
47244
47170
47219
47424
45910
48301
47660
47326
46954
46296
46580
46638
46970
47051
46524
45824
46892
46829
46454
45958
45860
45910
46586
46540
45376
45328
46144
45620
45190
45336
45531
45424
45324
45834
45476
46196
45592
45354
45616
45234
45262
44313
45264
45066
44676
43988
44165
45275
45018
44618
44794
43703
43072
44621
45010
43732
44391
43881
44372
43586
43828
43812
43610
43049
42628
42948
44416
42612
42624
43286
42664
42895
42795
41916
42176
42596
43672
42486
42420
42486
42712
41578
41581
40831
41230
40973
40922
40976
40413
41142
40857
41562
41738
41257
41226
39645
41216
39581
40951
40114
40200
40300
39629
40356
39926
40414
40527
39414
38864
39716
39348
38650
39684
39032
37864
38738
38148
38304
38863
38123
38628
37634
38306
38340
38445
37481
37120
37338
38212
37968
37051
38116
37216
36980
37238
36772
37316
36356
36106
36097
36628
35895
36226
36174
34976
35656
36480
34733
35034
34768
35096
35717
35184
34603
34007
34548
34629
34527
35030
33458
34052
32896
33782
33979
32708
33710
33904
33165
33744
33110
34029
32869
33884
32653
32077
31710
31933
31940
32143
31884
32152
30760
31737
31482
31654
30616
31048
31180
30741
30666
30620
30730
29146
30520
29716
29216
29451
28443
29280
29509
29634
28900
29296
29362
28553
29419
28904
29125
28932
28379
28456
27659
26534
26148
26388
26565
26594
26200
26912
26465
26852
27836
26740
26652
27227
26432
26712
26550
25386
25243
25546
25921
25230
25141
25226
25419
25717
24880
25325
24866
24808
24222
23943
23900
24749
24409
24480
23486
24067
23487
24153
23326
23240
22742
23104
22245
23459
22095
22976
22701
21748
22277
22484
21956
21592
21194
21535
21491
21524
21536
20562
20750
22208
21658
20894
20392
21069
20658
20378
19922
19560
19894
20462
19511
19334
20431
20013
19578
18880
18792
19880
19081
19066
18378
18379
18299
18932
18715
18320
18043
17955
18145
17460
17756
17674
17594
17829
17686
17926
16543
16723
16940
16549
17293
17740
17284
17488
15898
15744
16431
16095
15724
16362
15832
16318
16272
16384
16153
15291
15645
16456
15095
15165
15632
15659
14330
15852
14914
14794
14714
14876
15271
14524
13878
13967
14885
14592
13693
13695
14515
14127
14164
14140
13845
14019
13510
13034
12661
13279
14242
13209
14222
12877
12906
13473
12603
12925
13228
13212
12782
12699
12810
12452
12964
12885
12368
13469
11730
12689
12494
11909
12213
12683
11901
12267
12061
12073
11878
12733
12672
11408
11267
11578
12345
11840
11624
11034
11528
11484
10741
10975
11498
11914
11666
11231
11404
11239
11372
10639
11706
10918
11140
10619
11058
10281
10885
10758
10533
11187
10527
11623
10711
11116
10150
11363
10537
10960
9891
9896
11261
10931
9871
10505
9455
10828
10267
11186
10798
10842
10233
10820
9845
9673
10318
10304
9809
9283
10074
10685
10609
10542
10014
9835
9838
9851
10797
8909
9967
9879
10079
8917
9592
9764
10119
9250
9708
9300
9858
9295
9818
9636
10038
9739
9709
