7775
7845
7122
7652
7274
8912
6950
7429
7641
7219
7438
7051
7238
6974
6598
8081
7975
7012
7746
7572
6741
7163
6590
7332
7886
7309
7890
7170
7020
7568
7729
6887
6830
7117
7024
7368
6796
7633
7233
7740
7338
7112
7041
7303
7625
6828
7885
6995
7897
7626
8727
8082
8236
7025
7185
7218
7377
6687
7201
7632
6988
6971
7673
7774
7171
7261
7252
6788
7955
7738
7428
6642
7276
7548
7573
7705
7258
7478
7222
6903
7807
7405
7471
7352
7621
7748
7282
6539
7864
7574
7444
7958
7866
7459
7170
7636
7419
8177
8203
7405
7712
7092
7752
7041
7652
7835
7188
8091
7132
7318
7735
7119
8192
7515
7663
6969
7214
7854
7980
7755
7400
7314
7040
7783
7763
7884
8270
7898
6697
7600
7412
7234
7649
7316
7635
7325
8034
7797
7781
7188
7695
7514
7094
7540
7981
7683
7504
7864
7290
7605
8083
7372
8030
7471
7081
7378
8021
7624
8090
7647
8543
7473
7627
7489
7450
7746
7986
7384
8165
6837
7500
7690
7510
6981
7458
6873
7377
8013
8041
7680
7593
8365
8083
7426
7884
8133
7741
7385
8404
7829
8355
7677
8020
7788
7389
7726
7506
8025
7712
8345
7166
7130
7977
7481
7463
7614
8014
7898
8001
7667
7838
7565
8395
7497
7386
7068
7932
7737
7894
7682
8340
7831
8022
7274
8304
7962
7793
7817
7364
8295
7089
7245
7672
7797
7332
7670
7573
7492
7888
7685
8330
7886
7303
7439
8094
7889
7759
7985
7585
8433
7141
8138
7823
7995
7757
7683
7333
7582
8250
7382
7561
8218
7416
8078
7185
7917
7356
7836
7904
8557
8247
8050
8212
7961
7317
7868
8138
7282
7426
8155
7808
7504
8267
7250
7850
7328
7836
8095
8015
7948
7870
7441
7826
7959
8596
7693
7852
7844
7578
8012
8003
8300
7210
7699
7398
7886
7604
7816
7814
8037
7713
8852
8442
8042
7406
7874
8513
8050
8189
7473
8564
6926
7735
8023
7488
7450
8622
7925
8142
8271
8108
7659
7252
7700
7567
8360
8180
7604
7572
7642
8389
8099
8114
7324
7777
7975
8062
8152
8232
8269
8039
8135
7996
7653
8226
7670
7948
8610
7591
8199
7258
7882
8086
7114
8120
7665
7716
7577
8220
7788
7620
7494
8192
8094
7484
7674
7690
7482
7559
7802
6952
8313
7097
7942
7720
7791
8138
7340
8212
7620
7740
8484
7055
7932
8342
7505
7891
7767
7997
7595
8090
8095
7584
8036
8200
7912
8020
8513
7700
8023
8429
7788
8369
8287
7739
8134
8020
7852
7902
7871
7912
8155
8055
8187
8218
7810
7974
7188
7907
8234
7744
8030
8104
7836
7631
8145
7968
7991
7827
7782
7845
8050
7877
7344
8096
8354
7812
8128
7758
8200
7429
8126
7921
8249
7753
8669
7664
7461
8388
7702
7448
8121
7978
8083
7872
8672
7973
8349
7688
8070
8113
8273
7371
8452
8594
8045
8292
7689
8019
7267
7511
7600
8202
8463
8376
7563
8708
8033
7746
8264
7779
7781
7604
7722
7863
8149
9236
8336
7759
7475
8232
8415
7800
8177
8365
7852
8255
7513
7903
7342
7969
7912
8157
8787
8098
8267
8617
8154
7170
7913
8581
8036
7997
7776
7646
8626
8109
8267
8022
8609
8123
7814
8434
8428
8038
8354
7862
8475
7719
8694
7833
8556
8068
8154
8295
7663
8435
7385
7505
8022
8230
9217
8176
8262
8549
7768
8706
8072
8201
8838
7619
8204
8076
8399
8134
8556
8479
7468
8352
7767
7846
7816
7816
7740
7072
8431
8455
8278
7689
8522
8259
8103
8542
7488
7556
8433
8244
8771
8172
8092
8202
7951
7796
7392
7554
7477
8171
7604
7937
7875
7849
7664
7997
8751
8172
8512
7585
7871
8092
7709
7696
7722
8246
7840
8028
8464
7670
8359
7844
8444
7866
8143
8726
7804
7686
8044
7272
8542
8590
8410
7905
7781
7981
8269
8815
7226
7908
8159
8014
8555
7709
8231
7763
8551
8680
8812
8737
7871
8143
8014
8538
7508
7826
8016
8130
7443
8364
8173
7962
8387
8330
7976
8315
8541
8141
7982
7796
8226
8305
7713
8170
7921
7928
8454
8584
7948
7944
7975
7750
9274
8422
7593
7411
8032
7710
8120
8458
7587
8319
8542
8096
7897
8253
8198
8142
8225
7929
8767
8389
7947
8698
8983
7993
7691
7761
7750
8169
8370
7941
8506
7511
7916
8021
8536
8461
7837
7461
8203
8216
8587
8379
8231
8969
8448
8987
7860
8194
7652
8781
7712
8468
8457
8262
7565
8289
8090
8574
8165
8328
8667
8249
8317
7407
8359
8162
8344
7903
7360
8001
8180
8529
8025
8256
8626
7960
7940
8246
8100
8517
9007
8381
7793
8113
8342
7567
8576
8089
8319
8125
8028
8129
8332
7860
7873
8218
8041
8364
8335
8682
8216
8243
8722
8482
8778
8332
9000
7961
8045
7421
8319
8075
8538
7871
8768
7902
8299
8328
7797
8204
7150
8555
8472
7773
8235
8456
8748
8145
8294
8155
9098
7979
7969
8420
7995
8475
8524
8107
8214
7970
8228
8260
8748
7833
8014
8224
8252
8992
7916
8488
8479
7927
7915
9161
8054
8002
7473
8734
8315
7858
7630
8139
8544
8409
7622
7860
8336
8804
8373
8825
9466
7940
8088
7964
8329
7569
8677
8250
8146
8434
8070
8711
8683
8660
7625
8190
8839
8782
9047
8163
7690
7722
7765
8180
8076
7431
8369
8441
8165
8209
8310
8584
8787
7901
8322
7856
8581
7864
7908
8223
7866
7763
8775
8308
8480
7775
7588
8230
8667
8411
7830
9013
8642
8374
7837
8211
9138
8232
7476
8891
7819
9037
7511
8596
7959
8472
7985
8001
7974
7966
8149
8582
7884
8181
8670
8467
8758
7992
8069
8368
8150
8103
7229
8413
8188
7929
8555
7404
7911
8462
7561
8135
8740
8327
8518
8904
7766
8918
7636
8525
7687
7893
7646
8338
8073
8360
8348
8245
7930
8394
7917
7872
8662
8286
8369
9086
8691
7781
8208
7630
9052
8030
7914
8238
8736
8722
8648
8450
7752
8315
8098
8222
7874
8119
8269
8450
7685
7908
7879
8263
8476
7938
8145
8218
8464
8737
7892
7859
7600
7747
7758
7837
8504
7882
8292
9252
7691
8119
7784
8283
8630
7902
8638
7938
8941
7544
8358
8387
7935
9043
8604
8371
8221
8095
8718
7992
7790
8092
8311
8110
7750
8717
8372
8405
8196
7737
8091
8103
8161
7652
8348
8386
8112
9218
8066
8024
8290
8605
7814
8266
8668
8562
8831
7921
8456
8453
8430
8789
8990
8332
8288
8154
8657
8013
8790
8251
7971
7930
8075
7469
8906
8552
8391
7773
8100
8593
8173
8003
8201
8051
7693
8448
7904
8374
8232
8164
8420
9213
8205
8336
8075
8968
8468
8315
8776
7749
8619
8304
8592
8462
8363
8556
7659
8393
7732
8087
8164
7725
7798
8850
8474
8407
8676
8387
8863
7940
8984
8341
8091
9091
8425
7752
8376
7989
7640
8619
8392
8734
8927
8621
8129
8399
7841
9206
8940
8248
8669
8155
8532
8248
8832
8244
8192
8140
8674
7960
8621
8223
8657
8272
8627
8015
8331
8420
9421
8600
8019
8861
8852
7951
8576
8546
8163
8261
8026
8684
7510
8853
7811
9086
8025
8682
8654
7426
8484
8061
8686
8509
8132
8416
8476
8936
8295
8720
8202
8456
7790
9140
8407
7876
8812
8090
8559
8774
8345
9012
8013
8278
7746
8003
9066
8736
8639
8271
7919
8287
7944
8034
7947
8292
8557
8523
8161
8102
9073
8011
8924
7659
8228
8258
8739
8265
8189
8542
8717
8612
8960
8609
7800
8596
8716
8833
8371
8443
8138
7813
8230
8594
8257
7902
7989
8342
8654
8015
8333
7991
8471
8714
8282
8116
7920
8763
8797
8057
8528
9135
8470
8785
8332
8778
8268
8828
8220
8786
8771
8061
8278
8724
8588
8533
7781
7964
8822
8010
7640
8569
8131
8952
9232
8292
8470
7788
8441
9299
9140
8531
8289
8559
8229
8673
8762
8247
7886
8175
8277
8004
8346
7860
8646
8680
8129
8002
8113
8563
8492
8392
8788
8032
9160
7904
8200
8705
7955
8361
8685
8379
8998
8268
9224
8427
8399
8588
7916
8687
8728
9266
8317
8927
7999
9151
8795
8997
8903
8431
8320
8405
8595
8953
8752
8448
7885
8277
8804
8600
8060
8292
9241
8586
8820
8854
8342
8564
8423
8602
7929
8539
7972
9389
8428
8658
8536
8906
8877
8354
8666
9230
8688
9158
9316
9064
7784
8942
9272
8736
8468
9273
8781
8856
8548
8408
8394
8146
8639
9212
8408
8957
8805
8526
8331
8642
8866
8441
8825
8394
9037
8953
8629
8694
8306
9151
8644
8438
8937
8117
9110
8825
8771
8678
8417
8244
9019
8090
9139
8426
9308
9465
8108
8533
8738
8939
8617
8742
8769
8481
8508
8791
9240
8466
8675
8439
8696
8106
8936
8790
8708
8873
8219
8990
8814
8684
8548
8978
8749
8972
8568
8823
8804
9175
8872
8167
8322
8087
9245
8746
8834
7633
7983
8676
9577
8941
8754
8786
8736
7993
8163
8840
9016
9125
8470
8904
8740
8607
8901
8716
8938
8396
8788
8706
8818
8762
8633
8256
8405
8403
9047
8354
8519
8539
9167
9396
8805
9285
9338
8401
9044
8869
9482
9464
8915
8833
8869
8771
8965
8556
8939
9112
9484
9490
8930
9064
8461
9619
8849
8662
9378
9435
8484
9220
8273
9054
8256
9036
8090
9631
9050
8796
8508
9052
8693
8870
8780
8503
9312
9062
8651
8426
9472
9718
9003
9160
8413
8565
9358
8376
8705
8950
9364
9316
9457
9365
8527
9895
9350
9149
8948
9272
9188
9063
8852
9087
9033
8645
8896
8388
8724
9014
8940
9313
9370
9113
8618
9119
8295
9363
9481
9354
9325
9596
8830
9508
8800
8845
8844
9570
9392
9119
8398
9714
8781
9115
8712
8510
9369
8911
8654
8601
9448
9190
8828
9289
9453
9179
9335
8930
8899
9445
9264
9954
9433
9165
9193
9287
9561
8923
8968
9040
9395
8784
9359
9285
9293
8814
9288
9549
8984
9340
8630
8339
8784
9085
8837
8617
9044
9483
9229
9284
8940
9147
9594
9439
9817
9018
9671
9216
9499
9162
9089
9971
9209
8895
9033
9863
9017
8808
9538
9450
9187
9429
9141
9273
8376
9772
8868
9249
9246
8933
9425
9126
9460
9634
9226
9247
9335
9189
8958
9340
9369
9430
8981
8778
9015
8978
8832
9623
9272
9865
8828
9797
9369
9523
9578
9270
9375
9536
9209
10088
9139
9446
9489
8742
9581
9362
9204
9013
9127
8804
10246
9287
8991
9540
9346
9564
9391
9378
9466
9250
8949
9491
9687
9077
8804
9167
9274
9048
10305
9368
8963
8902
9101
9652
9741
8582
9116
9709
10016
8902
9756
9466
9864
9638
9708
9792
9951
9413
9842
9345
9600
9609
9179
9580
9062
10404
9414
9658
9594
9329
9938
9392
9580
9643
10008
9540
9192
9858
9935
9418
10238
9524
9522
9566
8834
9304
9175
9592
9444
9408
9600
9860
10114
10077
9005
9929
9198
9186
9851
9332
9961
9652
10392
9873
9211
9654
9920
9274
9537
9825
9861
9438
9658
9940
9341
10027
9664
9577
9383
9811
9850
9513
10525
9422
9587
9411
9480
9783
10278
9682
10154
10397
9326
10342
9769
9217
9700
9995
9657
9744
10209
9857
9317
9806
10504
10472
9713
9986
9936
10624
9282
9850
10203
10098
10228
10545
10120
9488
9469
9620
9445
10299
10191
9332
10097
10027
10157
10820
10150
10091
10093
10063
9653
10234
9723
10070
9947
10082
8731
9698
9843
10117
10019
9671
10411
10022
10054
9886
10006
9864
9204
9982
10158
10267
9876
10630
9850
9837
10148
9724
10243
9957
9755
10277
10082
10032
9602
11092
9938
9668
9992
10490
10666
10009
9997
10272
9830
10198
10192
9598
10019
9106
10202
9893
10115
10610
9774
10580
10002
10544
9800
10278
10624
10144
9737
10095
10511
10498
10249
10556
10434
9935
11205
9966
9631
9992
9687
9765
10683
9992
9822
10175
9888
9907
9798
10189
10481
11048
9631
10857
9932
9928
10250
10161
10549
10941
10305
10922
10297
10269
10641
10349
10513
10613
10678
10084
10752
10034
10247
11021
9610
10508
10347
10702
11070
11013
10731
9801
9706
10409
10334
11068
10347
10819
10755
10343
10341
9974
10432
10719
10629
10600
10824
10324
9944
10408
10450
11315
10694
10390
10965
9688
11459
10186
10943
10562
10090
10912
11284
10981
9837
10372
10732
10765
10725
10267
10160
10849
10141
11243
10382
11466
10884
10439
10733
9745
10162
10509
10736
10167
11685
10679
10927
10579
10991
10977
10870
11096
10842
10015
10300
11093
11077
11019
10735
11140
10615
10378
11488
11306
10896
10794
10275
10910
10465
10772
10527
10913
10531
10770
10968
11163
11275
10998
11057
11066
11069
10177
10769
10490
11236
10777
10310
11441
11387
11081
10456
10797
11028
11074
11428
11112
10215
11153
11135
10931
11632
11024
10924
10915
10974
10968
11772
10589
11313
10552
11037
10688
10586
10790
10983
11536
10928
10861
11921
11401
10749
11732
11161
11162
11380
11386
10983
11351
11262
11244
11790
10896
10954
11492
10984
11108
11675
11991
11223
11499
11669
11145
11872
11545
11630
11041
12177
11574
12142
11100
11295
11564
12336
11765
11684
11884
11748
10978
11450
12237
11214
12276
11157
11245
11440
12038
12977
11634
11842
11214
11524
11801
11564
10910
11550
12113
11609
11588
11525
11728
11291
11497
11403
11740
12161
11563
11523
11815
11896
12822
11384
12091
11176
12133
11866
11944
12055
11769
12115
11299
12043
11013
12135
12474
12262
11541
12072
12280
12050
12010
11676
12081
11457
11953
12241
11558
11888
11972
12195
13114
11983
11819
11656
12178
11720
12617
12557
12347
11716
12005
13415
12198
12332
12280
11432
12104
11917
11945
12309
11649
12255
12003
12515
13050
12589
12694
12653
12602
12212
12070
12286
12523
12208
11840
12511
11619
12237
12609
12420
12088
11990
12828
12563
12920
12794
11793
12786
12253
12716
12632
12176
12514
12697
12022
12561
12230
11786
12589
12535
12394
12221
13151
13167
13143
13099
12240
12459
12969
12984
12709
12852
12436
12930
12594
13176
12416
11979
12776
13476
12596
12598
13079
13129
13214
12844
12932
12386
12764
13497
13228
13345
13750
12896
13519
13244
13172
12989
13130
12726
13189
13189
13525
13240
13065
12494
13148
12676
12697
12503
13218
13110
12186
12971
13263
13513
13275
13057
13216
13575
12452
12766
13417
12769
12980
13678
12531
14122
12690
12859
13436
14084
13007
13307
12786
13925
13221
13661
13738
13729
13608
13996
13250
13252
13368
13741
13675
14371
14047
13997
13627
13309
14101
13620
12811
13601
13340
13978
13423
13781
13404
13670
13878
13837
13638
14346
14070
14094
13934
14368
13605
13861
13082
13528
13457
13877
14310
13673
13786
13315
14446
13749
13330
14445
13380
14369
13160
13812
13984
14261
13858
13892
13974
14172
14132
13372
13741
13941
13739
13492
14057
13964
14096
13595
13900
14178
14422
14460
14536
14658
13952
14292
15291
13752
14373
14785
13487
14270
14497
14089
14549
13598
14440
14368
13896
13267
14141
13581
14044
14728
14594
14667
15052
14544
14387
14539
14156
13703
14266
14269
15028
14523
15286
14957
14747
13596
14898
15005
14438
15064
14801
15185
15212
15158
14943
14896
15140
15218
14676
15893
15027
14733
14494
15402
15165
14630
14599
14877
15001
15941
15405
16058
15488
15003
15442
14554
15511
15391
15102
14715
15297
15045
16166
14793
15459
15133
15085
14760
15556
15665
14825
15228
14730
15316
15518
15172
15549
15712
16085
15860
16264
16294
15437
15701
15880
15709
16328
16487
15842
16480
16035
15629
15304
15978
15522
16196
15425
15752
16539
16350
16040
15662
15865
15930
15924
17067
16239
16258
15866
16513
16287
16635
16520
16950
16864
16056
16468
16469
16185
16516
16436
16360
16974
16486
17108
16226
16677
17168
16957
16860
16702
16626
16936
17019
16731
17204
17046
16472
16745
16834
17087
17566
17006
16668
17515
17476
16811
17110
17512
16876
17456
17162
16801
17251
17947
16935
17594
17539
17436
18201
17448
17748
17506
19105
17833
18157
18519
17824
18556
17953
18643
17733
17874
17368
17856
19004
18944
18277
18598
18030
18504
18954
18116
18714
18108
18763
18056
17657
18158
18399
18605
19315
18875
18452
19261
19444
19066
18740
18815
18918
19294
18791
19215
19508
19070
20032
19864
18812
18920
19281
19300
19390
19556
19951
19194
19596
19849
19272
19771
18905
20133
19415
20393
19989
19922
20620
20257
19636
20132
20091
20582
20186
20399
21032
21186
20809
20524
20500
21150
20573
20997
21428
20749
20988
20804
21396
21045
21060
21169
21778
21180
22013
21442
22178
21679
21389
22121
21406
21030
21446
22040
22251
21941
22205
22199
22237
22532
22290
21668
22200
22741
22794
23278
23485
22522
22749
22598
22839
23313
22596
23431
23124
22709
22937
24587
23780
23848
23782
24132
23494
23739
24086
24353
23658
24589
24210
24517
24635
23617
24205
24706
25054
24852
25044
26161
25678
24980
25145
24897
25541
25289
25152
25829
25554
26214
25516
26105
26256
25910
25310
26253
26052
25108
26342
26680
26940
26339
26222
27174
27617
26506
27253
26455
27777
27368
27337
27889
28047
28250
27864
27992
29086
27940
28183
27990
27972
27992
29116
28502
27791
29081
28755
28849
28090
28388
28327
29149
29824
30067
29147
29553
29577
30071
29611
30044
30190
30580
29340
29774
30341
30810
30884
30520
29960
30509
30942
30626
30797
31531
30531
31033
32631
31911
31828
32556
32404
31698
32669
32470
32712
32070
31636
32537
32541
31341
33005
32132
32840
33517
33236
32921
33257
33129
33576
33751
33523
34169
33687
33899
34972
33435
34717
34480
34139
34086
35259
34248
36010
34880
35189
35556
35559
35400
35258
35364
36042
35867
35259
35848
35802
36406
36296
36655
37076
36500
36066
36725
37069
37357
37243
37018
37739
37106
36285
36958
37805
37348
37592
37131
37896
37006
39565
38683
37764
38068
39050
38926
38536
38701
38542
39555
38741
39279
39849
39380
39824
39844
39217
39765
40077
40901
40362
40666
39672
39908
39957
40346
40077
41410
40980
41135
40745
42652
40882
40430
40084
40109
40749
40852
40692
40332
41093
40802
41088
40963
42152
42118
42324
41530
41577
41992
41874
42140
41608
42552
42297
42393
42596
42282
41732
41796
41473
41882
42424
42372
42354
42600
42714
43463
43124
43752
44651
43851
44038
44024
43998
43795
44170
44437
45240
44886
43428
44196
44410
44698
45356
44296
44516
45459
44461
45318
45045
44782
45039
45312
45776
44918
45453
46104
45800
46148
46014
44763
45836
46390
45466
46122
45496
46536
46282
46059
46210
46316
46794
47172
46225
46565
46830
46858
46901
47219
46744
47066
46138
46523
47127
46808
46436
45612
46428
45488
46884
45708
46444
46762
46336
47704
47464
47561
47096
47680
47752
47112
47179
46648
46772
46967
46624
47737
47306
47544
48586
47165
47718
47494
46998
47978
47209
48681
47966
47540
48855
48186
48718
47162
48603
48550
48442
48666
48149
48139
47850
47945
47708
48945
48651
48441
48553
48916
48312
48074
49110
47513
48022
48810
49151
48658
47888
47928
48760
48220
48294
48228
49200
48297
48468
49067
48525
49337
49588
48686
48788
48458
49220
49856
49453
49847
48666
49096
48045
48292
49344
48834
48361
48501
48141
49419
48682
48964
48744
49087
49182
48165
48525
48138
48605
48468
48863
48720
49034
49344
48345
48722
49344
48596
48717
48312
48044
48676
47958
48292
48202
47762
47777
48038
48713
48316
48045
46639
48009
47802
47336
48340
47334
47156
47396
47942
48970
47256
48198
48413
48634
48843
49216
48708
47978
47946
48612
48298
48340
48098
47855
47529
47863
48265
48061
48304
47690
48372
47427
47668
48324
47360
47234
47578
47633
48037
47416
47158
47590
47194
47258
48132
47516
47819
48160
47360
46868
47362
47526
47762
46874
47122
47733
46934
46916
46213
47034
46132
47924
47360
46336
47099
45912
46212
46676
46425
46518
45925
46040
45813
46306
46004
45272
45620
44812
46282
46058
45026
44652
45869
45362
45100
44493
44968
45030
45268
45515
44180
45580
45044
44942
45092
45472
44240
43272
44025
44244
44050
43245
44413
44479
43916
44075
44561
43342
42900
43964
43864
43522
43304
42923
43800
42804
42571
42827
43526
43076
41882
42656
43136
42268
42306
42244
42389
42160
42630
41560
41974
42513
42877
42100
41802
42124
41687
41412
40516
40927
40685
39973
40101
40648
39679
40569
39871
40946
40533
40848
40740
39348
40274
39260
40374
39358
39396
39336
38976
40052
39280
40068
39684
38393
37924
38733
38388
38313
38977
38507
37171
38116
37037
37973
37559
37218
37741
36719
37548
37750
37561
37019
36537
36772
37444
37234
36007
37048
36458
36200
36610
35538
36404
35748
35333
35277
35768
35268
35268
35650
34501
35288
35457
34168
33972
33925
34395
34946
34285
33600
33174
33193
33698
33604
34349
32970
33323
32773
32989
33138
32181
33220
33268
32583
32596
32016
33403
32282
32485
31915
31493
30817
31354
31599
31013
31115
31090
29952
30861
30719
31216
29720
29927
30627
29805
29714
29652
29709
28916
30050
29300
28308
29005
27620
28612
28971
28913
28128
28396
28818
27904
28768
28194
28332
28490
27604
28040
27304
26032
25799
25934
25907
25730
25551
26364
25738
25741
26775
26240
26078
26383
26037
25470
25893
25057
25269
24881
25294
24823
24558
24641
24706
25224
24387
24397
24064
24148
23624
23247
23405
24040
23598
23643
23157
23388
22831
23532
22744
22762
22205
22066
21453
22926
21346
22028
22052
20972
21198
21950
21318
21260
20250
20724
20608
20506
21213
20081
20082
21455
20824
19732
19972
20422
20048
19984
19340
19353
19193
20014
18795
18312
19373
19658
18976
18355
18740
19366
18262
18469
18036
18205
17706
18273
17875
17812
17606
17641
17332
17030
17290
16948
17180
17207
17029
17424
15892
16067
16108
15940
16682
17102
16498
17129
15273
15560
15844
15544
15436
16031
15468
15909
15460
15505
15729
14955
15104
16254
14756
14267
15440
15410
13969
15325
14676
14620
14170
14362
14977
14176
13562
13658
14209
14228
13412
13388
14126
13877
13993
13659
13274
13433
13290
12940
12728
12916
14024
12956
13640
12627
12891
12990
12342
12436
12791
12932
12725
12497
12893
12036
12868
12483
12301
13127
11626
12604
12361
11521
11984
11892
11682
12079
11561
11651
11613
12483
12458
11135
11206
11284
11900
11610
11402
10888
11609
11318
10369
10760
11190
11610
11468
11073
10990
10963
11421
10489
11235
10744
11070
10624
10875
10185
10798
10426
10648
10846
10053
11231
10283
10843
9828
11109
10329
10797
9703
9877
11067
10822
9701
10420
9286
10558
10192
10988
10540
10663
9924
10646
9928
9547
10156
10004
9606
9134
9954
10450
10280
9825
9495
9718
9726
9534
10594
8811
9851
9762
9836
8734
9624
9644
9729
9051
9567
9356
9703
9054
9627
9590
9883
9434
9445
