7876
7791
7129
7684
7278
9079
6995
7296
7568
6990
7469
6753
6995
7037
6710
8023
7696
6827
7713
7820
6702
7073
6622
7355
7804
7287
7716
7142
6897
7553
7525
6895
6727
6710
7113
7424
6534
7561
7310
7760
7312
7185
7083
7386
7553
6584
7850
6879
7814
7751
8640
7979
8247
6831
7168
7110
7344
6589
7344
7663
6957
7079
7824
7827
7198
6991
7153
6833
8006
7635
7399
6554
7137
7382
7530
7542
7203
7457
7084
7006
7800
7191
7696
7373
7451
7705
7233
6549
7821
7625
7422
7895
7994
7227
6748
7668
7140
8252
8301
7374
7534
7003
7904
6950
7654
7880
6839
8090
6883
7082
7804
7095
8182
7719
7614
6960
7216
7946
7888
7853
7588
7140
7010
7739
7706
8005
8257
7769
6827
7755
7188
7234
7587
7377
7513
7425
7999
7918
7797
7355
7728
7559
7106
7627
8022
7595
7494
7787
7364
7449
8074
7395
8060
7579
6957
7503
7890
7769
7842
7488
8516
7482
7357
7402
7272
7849
7997
7101
8020
6950
7548
7559
7556
6885
7355
6882
7421
8067
7715
7654
7342
8453
7921
7418
7701
8181
7611
7232
8165
7998
8246
7455
8002
7680
7224
7512
7329
7938
7593
8241
7260
7054
8193
7353
7242
7482
7884
7590
7941
7757
7699
7623
8180
7697
7322
6826
7940
7388
7822
7733
8418
7859
7989
7310
8235
8070
7539
7769
7042
8225
6983
7470
7905
7923
7214
7376
7654
7403
7774
7804
8266
7688
7180
7596
7839
7768
7965
7975
7419
8258
7069
8226
7817
8014
7485
7553
7391
7470
8312
7220
7544
8005
7330
7941
7180
8127
7266
7467
7805
8525
8320
7861
8269
8005
6988
7560
8092
7428
7401
8238
8004
7590
7916
7234
7973
7228
7795
8169
7946
7944
7595
7379
7808
8171
8504
7636
7903
7844
7304
7902
7784
8266
7138
7459
7265
7834
7462
7878
7774
7914
7654
8946
8314
7800
7133
8100
8244
7865
8338
7310
8394
6884
7796
7999
7466
7513
8417
7988
7989
8324
7805
7491
7238
7500
7698
8353
7904
7843
7622
7599
8454
8118
8271
7196
7787
7743
7909
8112
8292
8234
7885
8152
7952
7693
8350
7881
7652
8445
7504
8205
7358
7962
8044
6943
8143
7574
7884
7591
7994
7781
7462
7250
8210
7860
7669
7454
7598
7240
7354
7944
6913
8195
7092
8044
7749
7967
7931
7119
7905
7613
7916
8297
7237
7741
8109
7560
7925
7606
7809
7553
7999
8048
7784
7999
8269
7898
8066
8205
7991
8215
8207
7774
8143
8326
7726
8344
7758
7770
8018
7989
7865
8018
8060
8033
7965
7736
7949
6721
7795
8109
7530
7816
8043
7898
7798
7884
8140
7808
7832
7714
7751
7779
7747
7085
8072
8071
7782
8055
7658
8057
7446
7745
7870
7985
7783
8553
7652
7273
8261
7821
7459
7956
7900
8133
7875
8614
8018
8141
7758
7901
8210
8164
7505
8231
8486
8213
8572
7196
8109
7134
7487
7254
7953
8372
8100
7336
8475
8060
7772
8134
7951
7583
7473
7290
7985
8287
8871
8349
7853
7530
8179
8381
7668
8004
8210
7754
8407
7421
7779
7234
7857
7849
8233
8508
7990
8342
8421
8174
7211
7612
8603
7928
8006
7916
7294
8399
7963
8225
8101
8085
8226
7946
8394
8415
7836
8357
7752
8458
7570
8595
7761
8358
8212
8116
8374
7530
8260
7501
7435
7781
8183
9147
7912
8344
8535
8024
8489
7922
8143
8662
7681
7940
8113
8153
7880
8276
8400
7468
8235
7660
7778
7519
7778
7784
7212
8291
8423
8308
7725
8192
8202
7979
8227
7592
7180
8123
8280
8471
8121
8139
7964
8165
7686
7517
7542
7568
8362
7674
7805
7933
7856
7434
7935
8680
8115
8431
7603
7927
8037
7854
7701
7668
8269
7840
7916
8335
7559
8357
7761
8413
7574
8197
8420
7830
7718
8030
7220
8266
8334
8404
8122
7869
7982
8157
8632
7026
7783
8050
8115
8452
7704
7975
7791
8339
8824
8720
8695
7688
7900
7644
8370
7485
7653
8172
8047
7443
8454
8145
8086
8303
8120
7895
8258
8400
8031
7755
7921
8016
8069
7668
8159
7760
7923
8408
8474
7663
7950
8171
7702
9225
8288
7801
7299
7841
7621
8220
8235
7506
8133
8461
8239
7696
8096
8173
8044
8088
8169
8381
8334
7887
8470
8621
7672
7503
7765
7630
8086
8313
7860
8468
7484
7810
8030
8520
8129
7771
7274
8266
8134
8656
8183
7960
8730
8216
9055
7785
7988
7392
8779
7662
8454
8534
8196
7620
8143
8118
8539
8238
8154
8522
8076
8061
7407
8208
8256
8218
7596
7404
7898
8198
8388
7914
8175
8409
7850
7572
8184
8204
8425
8930
8346
7685
7935
8330
7506
8571
7883
8287
7861
8404
8091
8165
7858
7706
8090
8104
8160
8028
8216
8134
8212
8680
8411
8766
8396
8759
7862
7903
7483
8135
8013
8272
7957
8429
7832
8169
8273
7804
8005
7253
8555
8356
7624
8377
8263
8767
8118
8241
8226
9014
7956
7873
8516
7958
8367
8436
8018
7835
7794
8205
8154
8862
7787
7905
8189
8430
8657
7831
8102
8529
7917
7721
8902
7834
7955
7667
8650
8127
7927
7413
8008
8453
8305
7651
7885
8199
8553
8025
8593
9357
8048
7958
7946
8012
7410
8590
8203
8012
8776
8172
8404
8476
8647
7488
7864
8735
8726
8941
7925
7626
7329
7609
8140
8112
7498
8392
8248
7865
8280
8010
8415
8580
7709
8351
7769
8462
7762
7977
8188
7701
7713
8584
8070
8235
7553
7341
8097
8372
8230
7587
8528
8259
8063
7874
8102
8665
8162
7366
8637
7774
8775
7506
8254
8102
8005
7855
8043
7662
7611
8084
8229
7895
8037
8379
8180
8789
7915
8060
8448
7793
7920
7019
8406
8164
7922
8264
7261
7723
8369
7576
7933
8408
8218
8498
8841
7634
8708
7402
8052
7720
7936
7684
8191
8134
8140
8297
8180
7996
8365
7762
7786
8526
8213
8293
8763
8498
7925
8065
7447
9055
8102
7838
8126
8469
8597
8635
8181
7457
7927
7795
7846
7882
8043
8071
8477
7674
8046
7811
8437
8389
7746
8059
8393
7904
8683
7505
7848
7438
7768
7506
8020
8595
7738
8181
9069
7741
7693
7696
8248
8343
8036
8586
7776
8559
7205
8232
8044
7533
8626
8500
8150
8073
7950
8443
8090
7612
7853
8202
8227
7636
8631
8109
8320
7637
7757
7923
8047
7969
7259
8088
8320
8092
9048
7882
7901
8332
8760
7811
8071
8564
8413
8750
7798
8177
8494
8593
8629
8704
8155
8181
8046
8690
7869
8704
8162
7824
7669
7595
7214
8824
8234
8330
7574
7945
8464
8163
7818
8045
8115
7592
8345
7733
8031
8158
8161
8185
9268
7829
8177
7761
8702
8236
8011
8621
7587
8339
8119
8496
8154
8103
8360
7618
8378
7593
7921
7890
7618
7725
8650
8251
8014
8407
7880
8609
7786
8834
8050
7725
8858
8143
7719
8241
7899
7379
8432
8017
8567
8662
8206
8188
8413
7813
9217
8583
7982
8395
8041
8471
8002
8698
8146
8078
8076
8153
7927
8450
8139
8649
8119
8448
7902
8082
8119
9280
8503
7984
8684
8441
7840
8566
8430
8056
8238
7892
8295
7314
8483
7670
8855
7952
8310
8477
7021
8422
7801
8553
8344
8190
8082
8305
8586
7905
8301
8068
8082
7583
8858
8087
7623
8856
8063
8513
8662
8190
8839
7947
8192
7512
8084
8930
8571
8499
8091
7640
8000
7755
7873
7567
8086
8232
8266
8059
7972
8639
7988
8839
7526
8269
8297
8458
7907
8054
8116
7986
8305
8826
8482
7529
8454
8468
8880
8073
8204
7652
7302
8108
8541
8040
7909
7747
8225
8293
7910
8090
7877
8328
8335
8041
8085
7702
8377
8578
8004
8578
8928
8157
8497
7836
8334
7966
8648
7951
8498
8529
7867
8179
8428
8454
8326
7577
7710
8812
7883
7557
8364
7741
8698
8973
8077
8292
7461
8213
8956
8584
8043
8362
8463
7956
8381
8592
8076
7440
8132
8147
7670
8367
7926
8497
8545
8004
7662
7797
8250
8292
7944
8342
7667
8754
7481
7668
8320
7812
8077
8371
8116
8912
7874
8965
8145
8261
8403
7738
8363
8521
8783
8141
8684
7760
8769
8290
8580
8443
8024
8017
8062
8435
8411
8607
8231
7675
8301
8238
8431
7952
8032
8945
8425
8503
8668
8122
8280
8111
8486
7649
8196
7936
9186
8293
8526
8119
8618
8578
7844
8474
8750
8423
8681
9048
8544
7526
8602
8948
8532
8037
8976
8344
8371
8159
8059
8049
7852
8361
9076
7906
8608
8462
8104
8118
8182
8660
8097
8457
8205
8941
8823
8111
8211
7981
8692
8287
8260
8633
8140
8714
8756
8314
8434
8194
7758
8701
7722
8701
8052
9055
9421
7742
8384
8430
8678
8440
8450
8905
8043
7837
8382
9019
8048
8287
8146
8195
7812
8390
8197
8304
8612
7772
8780
8380
8616
8242
8609
8330
8578
8234
8439
8706
8794
8288
7837
7986
7856
8768
8398
8463
7390
7568
8342
9016
8427
8306
8449
8187
7592
7744
8464
8744
8925
8131
8724
8424
7890
8401
8139
8649
7823
8284
8341
8248
8259
8413
7913
7970
8074
8747
7990
8302
8343
8741
8659
8346
8868
8859
8018
8368
8580
8923
8894
8596
8334
8356
8064
8432
7854
8454
8443
9142
9300
8385
8680
8044
9258
8259
8180
8704
8990
7926
8658
7786
8685
8192
8640
7783
8937
8548
8363
8265
8533
8044
8077
8462
8070
8820
8299
7930
8029
8887
9261
8472
8588
8068
8206
8689
7924
8153
8300
8955
8672
9130
8688
7989
9401
8884
8426
8163
8825
8742
8605
8523
8392
8541
8175
8579
7797
8301
8525
8434
8756
8722
8461
8314
8449
8034
8554
8728
8989
8886
8724
8078
8945
8287
8031
8464
8772
8870
8511
7923
9122
8292
8675
8244
7878
8624
8214
8347
8230
8630
8916
8424
8630
8790
8741
8691
8296
7954
8872
8660
9123
8716
8529
8692
8955
8759
8329
8300
8216
8505
8348
8692
8674
8517
8243
8624
9084
8441
8802
7963
7636
8093
8401
8051
8025
8343
8889
8516
8763
8168
8461
8796
8696
9079
8510
9074
8539
8683
8512
8355
9014
8386
8428
8228
9063
8154
8242
8874
8792
8704
8928
8268
8570
7941
8869
8333
8368
8479
8449
8751
8093
8794
8933
8522
8598
8650
8396
8280
8508
8814
8595
8232
8317
8341
8095
8047
8600
8659
9177
8090
8942
8518
8508
8758
8745
8573
8901
8654
9238
8471
8706
8692
7897
8614
8558
8443
8177
8592
8086
9633
8538
8040
8573
8283
8862
8694
8783
8435
8287
8186
8687
8748
8209
8085
8398
8430
8421
9210
8475
7963
8272
8253
8824
8804
7752
8281
8910
8995
7530
8948
8553
9065
8550
8932
8923
9248
8561
8876
8539
8448
8666
8266
8671
8223
9627
8518
8389
8948
8634
8947
8611
8747
8872
9198
8443
8196
8909
8817
8601
9391
8642
8282
8481
7914
8242
8103
8756
8515
8382
8547
8899
9178
9142
8056
8808
8152
8217
9075
8486
9005
8704
9173
8944
8393
8565
8818
8324
8600
8901
8679
8162
8526
8997
8448
9001
8778
8303
8345
8795
8728
8717
9222
8407
8660
8223
8381
8903
9207
8312
8941
9323
8360
9339
8580
8552
8784
8919
8529
8522
9090
8903
8181
8778
9096
9416
8467
9150
8850
9426
8338
8720
8963
9281
9041
9197
8883
8418
8214
8391
8256
9265
8879
8141
8737
8742
8948
9497
8896
8854
8954
8959
8303
9149
8512
9041
8584
8696
7626
8475
8761
9004
8754
8278
9221
8622
8684
8754
8666
8564
7910
8561
8719
9230
8722
9074
8437
8518
8968
8282
8929
8829
8585
9154
8873
8727
8187
9792
8670
8416
8752
9284
9284
8875
8683
8578
8781
8891
8901
8043
8670
7874
8716
8224
8716
9254
8219
9430
8782
9394
8600
9063
9491
8661
8375
8770
9142
8861
8927
9188
9021
8434
9378
8302
8350
8277
8387
8253
9294
8671
8645
8709
8348
8549
8334
8678
9192
9385
8118
9460
8037
8568
8977
8493
9323
9498
8825
9325
9190
8697
9107
8923
8824
9308
9307
8651
9185
8404
8666
9372
8170
9229
9118
9439
9613
9390
9206
8285
8464
8988
8712
9604
8948
9201
9246
8873
8657
8448
8834
9126
8853
8926
9344
8696
8264
9005
8942
9568
9099
8780
9196
8475
9577
8357
9348
8853
8757
9473
9644
9128
8167
8570
9249
8714
9050
8531
8491
9132
8448
9564
8612
9849
9154
8537
9163
8040
8448
8633
8932
8376
9754
8967
9113
8783
9249
9365
8998
9311
8936
8186
8741
9227
9114
8998
8698
9087
8820
8658
9275
9540
8864
8944
8706
8948
8595
9014
8612
8928
8572
9024
9023
9171
9108
8869
9170
9228
9024
8481
8854
8584
9072
8707
8300
9317
9539
9117
8395
8675
8922
9014
9312
9087
8159
9135
9038
8977
9381
9138
8980
8636
9026
9187
9655
8652
9094
8729
9048
8971
8610
8930
8990
9273
8987
8617
9747
9197
8445
9528
9021
8942
9262
9362
9112
9206
8930
9158
9511
9001
9315
9267
8963
8954
9225
9772
8941
9310
9162
8783
9896
9354
9456
8626
9805
9312
10087
8861
9356
9180
10077
9377
9348
9748
9166
8670
9006
9705
9102
9874
8873
8975
9102
9813
10504
9209
9510
8574
9256
9695
9212
8691
9349
9495
9372
8704
9030
9221
8661
8864
8947
9618
9650
9217
9130
9393
9421
10078
9059
9828
8642
9462
9265
9173
9500
9230
9867
8596
9257
8714
9542
9705
9649
9171
9444
9903
9468
9252
8942
9272
9127
9567
9543
8876
9126
9030
9408
10261
9288
9324
8901
9498
8923
9931
9845
9280
9024
9365
10479
9383
9632
9475
8851
9352
9208
9143
9546
8874
9541
9542
9647
10019
9722
9298
9858
9490
9721
9178
9472
9586
9470
9226
9511
9152
9265
9577
9445
8969
9224
9960
9935
10158
10155
8901
9768
9349
9735
9296
9036
9692
9908
9285
9839
9145
8972
9769
9616
9491
9283
10182
9920
10199
10260
9190
9562
9741
9707
9816
9942
9701
10084
10185
10137
9258
9031
9869
10536
9758
9808
10256
10049
10114
9883
9815
9334
9465
10127
10126
10273
10491
9995
9924
10116
9940
9686
9906
9392
9998
10171
10186
10140
10117
9273
9941
9250
9258
9163
9940
9728
9296
9878
10020
10304
10281
10041
10065
10438
9329
9668
9946
9676
9888
10400
9230
10605
9400
9360
10063
10657
9607
9889
9549
10366
9969
10282
10262
10672
10395
10727
9926
10054
10008
10628
10240
11112
10470
10614
10262
10282
10648
10317
9451
10346
10068
10725
9866
10587
10188
10297
10661
10308
10368
11051
11050
10515
10645
11013
10445
10576
9922
10079
10168
10298
10914
10694
10054
10243
11093
10493
9998
10832
10317
10829
9855
10380
10897
10921
10667
10627
10634
10628
10870
9705
10486
10621
10677
10131
10641
10567
10790
10131
10655
10677
11109
10986
11146
11114
10317
10782
11883
10511
11014
11600
10201
10543
10856
10702
11325
10622
11288
10904
10436
9919
10709
9960
10753
11292
11480
11350
11342
11001
11015
11418
10536
10496
10966
10773
11693
10929
12110
11507
11491
10392
11815
11789
10900
11867
11348
11596
11490
11954
11492
11549
11657
11827
11346
12452
11798
11264
11360
11954
11822
11187
11234
11445
11757
12690
12193
12296
12215
11585
12077
11024
12259
12296
11853
11258
12297
11832
12756
11658
12334
12098
11908
11719
12316
12345
11634
11821
11501
12169
12236
12138
11832
12434
12547
12596
12986
12834
12107
12594
12940
12472
12805
12939
12567
13056
12636
12391
11982
12728
12594
13167
12635
12616
12988
13203
12749
12712
12717
12644
12682
13387
12973
12971
12827
13553
12931
13559
13066
13786
13736
13097
13344
13222
13099
13682
13429
13076
14201
13620
13562
13213
13570
14012
13973
13725
13801
13538
13880
14020
13768
14271
13917
13551
13811
14034
14026
14539
14054
13747
14676
14198
13939
14275
14464
13740
14207
14235
13407
14518
14545
14102
14361
14708
14667
15410
14862
15044
14555
16327
14712
14851
15053
14747
15814
15225
15620
14841
15270
14778
15168
16212
16356
15761
15891
15378
16046
16363
15428
15974
15298
15667
15391
15078
15244
15856
15908
16046
16060
15742
16428
16779
16382
16133
16091
16417
16708
16401
16564
16710
16629
17356
17192
16397
16307
16581
16681
16688
16911
17607
16980
17277
17129
16619
17150
16430
17297
16790
17770
17627
17676
17625
17860
17230
17997
17971
18403
17772
17979
18852
18944
18827
18578
18173
18925
18591
18523
19247
18282
18569
18630
18950
19154
18652
19012
19618
19416
19597
19416
19476
19398
19324
20229
19795
19198
19768
20178
20019
19983
20206
20024
19795
20412
20151
19530
20270
20669
20430
21364
21407
20393
20609
20722
21083
21460
20791
21048
21337
20629
21288
22597
21822
22212
21950
21972
21614
22146
22594
22887
21788
22848
22628
22948
23222
22152
22614
23213
23444
23594
23242
24508
23668
22881
23252
23349
23684
23851
23535
24077
24045
24452
23963
24452
24720
24386
24350
24709
24408
24025
25099
24948
25565
24732
25060
25348
26506
25192
26066
25306
26119
26024
25962
26799
26596
27356
26678
27082
27583
26605
26944
26741
27035
26568
27904
27428
26873
27834
27862
27824
27355
27682
26900
28033
28585
28638
28404
28204
28930
28546
28836
28836
29369
29762
28660
28473
29977
30228
30396
29590
29193
29434
30446
30041
30016
30755
29737
30950
31931
31097
31016
32044
31781
30948
31609
31928
32660
31648
31398
31816
31970
30857
31973
31731
32669
32877
32538
32240
32326
33396
32840
32843
33204
33509
33490
33493
34314
33892
34726
33758
34340
33782
34641
34154
35387
34414
34945
35578
34748
34875
35301
35023
36334
35415
34921
35577
35992
36317
35974
36576
36532
36749
36375
36450
37338
37099
36984
36825
38168
37044
36693
37485
37504
37823
38404
37758
37544
37556
38960
38478
38304
37938
38922
39355
38667
38589
39424
39943
38933
39248
39697
39467
39929
39806
39616
39813
40134
41247
40668
40902
39846
40683
40543
40938
41184
42089
41108
41508
41098
42860
42075
40740
41252
40633
41376
41186
41324
41405
41989
41288
41664
41654
42282
42779
42598
42332
42575
42189
42280
42964
42541
43528
42898
42868
43835
42841
42350
42792
42556
43160
43607
43511
42842
43604
43620
43881
44364
44838
45590
44679
44709
44320
44644
44564
45084
44778
46420
45589
45254
44990
46250
45853
46536
45581
45802
46747
45722
46088
46784
45997
46286
46639
47296
46308
46645
47010
47016
47101
46939
45930
47360
47536
46148
47204
46763
47625
47212
47426
47341
47188
48101
48046
47316
47480
48180
48586
48474
48105
48269
48667
47801
47983
48147
48682
47802
47820
47990
46885
47588
47492
47881
48394
48986
49364
48756
48908
48164
48640
48587
49044
49103
47616
47606
48345
48256
49530
49045
49696
50489
49099
49188
49172
49165
49263
49722
50129
49325
49364
50507
49706
50157
49444
50308
50091
50378
49988
49258
50640
49595
49364
49762
50850
49656
50708
50280
50520
50436
49966
50605
49524
50009
50432
50710
50155
49572
50075
50170
49990
50340
49828
50916
50013
50935
50496
50349
51656
51401
50485
50628
50570
51301
51833
51244
51992
51167
51005
50241
50629
51002
50198
50397
50491
50276
50848
50864
50792
50692
50619
51232
50077
49936
50308
50188
50568
51372
50676
50552
51070
49965
50416
50844
50888
50910
50404
49876
50772
50316
50490
50374
50315
49620
50109
50740
50304
50132
48841
49284
49728
49053
50276
49005
49364
49116
49382
50980
50022
50443
50576
50698
50613
51190
50694
49901
49722
50752
50251
50828
50404
50117
49716
50047
50349
50324
51328
49811
50141
49280
49284
50240
49994
49503
49914
49988
49552
49054
48980
49610
48836
48752
50011
49771
49542
50184
49967
48553
50052
49449
49588
48652
48906
49255
49200
48712
48846
49050
47695
49410
49069
48872
48957
47844
48525
48216
49071
48168
47829
47158
48384
48281
48049
47154
47670
47142
48152
47976
46940
47021
47498
46706
46720
46916
46902
46876
47163
47131
46481
47541
46605
46476
47021
46712
46416
45419
45850
46144
46022
44796
45682
46783
45977
45684
45677
45100
44164
45284
45988
45098
45096
44653
45142
44763
44417
44446
44486
44424
44004
44058
45529
43740
43928
43967
43195
43881
43804
43066
43447
44100
43979
43434
43625
43702
43672
42914
42040
41851
42181
41556
41413
42390
41640
41912
41897
42157
42190
43400
42140
40798
42170
40474
41492
41103
40885
40893
41001
41690
40827
41512
41300
40218
39322
40332
40376
39883
40586
39814
38522
39370
38892
39249
39492
38874
39494
38554
39256
39242
38966
38422
38095
38008
38804
38638
36984
38265
37722
37188
38036
36810
37784
37051
36948
36900
37145
36463
37164
36889
36386
36203
36588
35256
35236
34989
35689
35932
35834
35250
34914
34760
35076
35194
35284
34505
34423
33976
34420
34180
33476
34148
34633
34368
34212
33440
34541
33282
33846
33067
32719
32213
32492
32914
32330
31825
32174
31005
31812
32363
31976
30719
31590
31747
31080
30976
31176
30938
29659
30603
30808
29604
29902
28688
29532
30027
29630
28950
29901
29614
28811
29434
28930
29464
29293
28140
28616
28127
26973
26599
26526
26900
26377
26364
27136
26429
26712
27621
26826
26978
27139
26860
26448
26837
25573
25703
25438
26345
25230
25378
25421
25114
26038
24869
25531
24788
24893
24632
23846
24054
24753
24615
24404
23659
23838
23547
24197
23494
23539
22786
22488
22084
23671
22146
22529
22685
21641
21704
22566
22133
21588
21075
21343
21527
21133
21813
20812
20736
21726
21289
20534
20206
20963
20563
20244
20052
19850
19726
20420
19592
18773
19720
19836
19333
18798
19083
20094
18748
19128
18303
18654
18219
18624
18320
18132
17755
17933
18088
17285
18056
17526
17472
17740
17275
17724
16580
16720
16512
16089
17168
17613
16883
17569
16187
15814
16336
15991
15885
16160
15926
16275
15718
16292
15778
15023
15356
16280
14924
14826
15490
15660
14356
15556
15032
14722
14546
14679
14997
14387
13965
13718
14845
14710
13728
13474
14380
13918
14032
14185
13827
13807
13426
12965
12836
13112
14380
13323
13924
12821
12886
13238
12506
12778
13067
13084
12923
12352
12950
12231
13046
12597
12600
13356
11958
12595
12247
11599
12199
12004
11665
12184
11572
11850
11679
12655
12673
11700
11216
11342
12127
11695
11321
11040
11525
11394
10553
10769
11350
12015
11438
11285
10916
10972
11236
10519
11554
10915
11136
10310
10591
10377
10978
10472
10557
11153
10201
11081
10462
10913
9937
11427
10524
10846
9883
9847
11204
10881
9831
10459
9340
10566
10111
10997
10531
10736
9946
10585
9793
9544
10011
10123
9757
8952
9868
10571
10382
10240
9803
9797
9744
9853
10699
8729
9962
9685
9682
8712
9366
9503
9871
9295
9553
9353
9708
9197
9755
9633
9998
9461
9603
