8016
7907
7317
7684
7393
9212
7064
7628
7855
7349
7677
7099
7060
7163
6730
8256
8017
6891
8133
7951
6750
7320
6703
7659
7839
7318
7816
7245
6931
7647
7826
6938
6833
6943
6984
7530
6847
7882
7201
7997
7418
7284
7152
7748
7542
6993
8012
7083
7859
7861
8561
8265
8256
7168
7325
7281
7518
6801
7230
7910
7153
7197
7965
8013
7611
7416
7256
6944
8165
7876
7658
6816
7473
7743
7737
7724
7341
7685
7394
7077
8060
7492
7826
7383
7818
7799
7526
6653
8000
7843
7686
8166
7769
7386
7356
7718
7562
8469
8443
7510
7754
7310
8018
7290
7784
7936
7012
7992
7053
7397
7900
7197
8254
7771
7976
7215
7397
8136
8010
8159
7760
7354
7177
7853
7896
8077
8261
7688
6860
7865
7647
7194
7825
7510
7613
7520
8223
8088
7780
7278
7796
7699
7322
7526
8006
7762
7795
8084
7548
7567
8364
7438
8071
7617
7010
7660
8179
8121
7972
7784
8680
7404
7567
7676
7452
8109
8066
7441
8057
7173
7701
7652
7594
7102
7584
7023
7579
8122
7930
7857
7611
8543
8066
7577
7808
8472
7826
7655
8592
8010
8408
7663
8299
8008
7475
7937
7612
8022
7812
8501
7221
7108
7984
7545
7437
7792
8356
7808
8273
7832
7899
7951
8219
7646
7375
7072
7973
7878
8043
7973
8448
7826
8153
7552
8449
8051
7919
7967
7428
8319
7305
7511
7828
7931
7366
7828
7734
7701
7983
7978
8518
7903
7530
7727
8110
7942
8195
8158
7779
8330
7401
8262
7969
8077
7834
7958
7547
7629
8472
7482
7625
8332
7626
7998
7389
8221
7533
7870
8029
8776
8504
8065
8384
8144
7213
7897
8052
7446
7509
8310
8034
7595
8313
7398
8021
7536
7994
8405
8228
8140
7731
7605
8008
8018
8451
7732
7836
7949
7651
8096
7983
8111
7250
7628
7512
8006
7684
8159
7936
8098
7878
8914
8500
8138
7479
8328
8490
8213
8356
7760
8637
7296
8140
8335
7731
7698
8679
8180
8162
8314
8086
7613
7298
7795
7704
8475
8205
7828
7720
7733
8586
8281
8401
7389
7772
7982
8243
8361
8098
8454
7941
8258
8232
7599
8530
8172
8072
8526
7761
8603
7378
8230
8330
7039
8414
7713
8028
7680
8268
7890
7676
7339
8198
8072
7594
7691
7593
7387
7609
8188
7139
8074
7205
8437
7878
7949
8211
7541
8243
7651
7893
8631
7263
8033
8483
7835
8119
7727
8152
7809
8196
8352
7822
8053
8449
8173
7905
8491
7961
8290
8621
7948
8646
8515
7904
8483
8122
8125
8374
8352
8026
8164
8141
8206
8174
7696
8039
7113
7947
8166
7592
8270
8212
7954
7837
8075
8394
8073
8187
7919
7700
8202
7918
7243
8184
8221
7926
8298
8047
8471
7822
8116
8115
8393
7967
8733
7992
7479
8463
7820
7756
7965
7974
8102
8146
8684
8040
8472
7689
8259
8426
8594
7863
8647
8664
8224
8380
7728
8371
7268
7661
7645
8292
8582
8240
7651
8852
7895
7764
8338
7888
7923
7706
7648
8207
8350
9158
8608
7917
7772
8517
8496
7692
8182
8522
8171
8444
7525
8107
7435
8057
8163
8564
8820
8179
8693
8615
8419
7384
8010
8734
8278
8269
7901
7678
8632
8034
8515
8339
8528
8459
8080
8464
8701
8175
8522
8003
8840
7798
8804
8159
8595
8427
8436
8633
7693
8522
7554
7661
7947
8354
9309
8226
8335
8714
8286
8430
8288
8176
9006
7753
8174
8543
8577
8326
8523
8589
7589
8544
7828
7847
7675
8023
7775
7329
8488
8577
8418
7681
8539
8520
8216
8377
7736
7473
8216
8424
8716
8142
8218
8320
8072
7976
7536
7668
7742
8537
7793
7976
8158
8043
7830
8331
8864
8274
8468
7786
8319
8178
8036
7832
8113
8367
7886
7986
8643
7699
8500
8073
8490
7875
8081
8745
7988
7879
8197
7380
8424
8530
8560
8489
7989
8258
8439
8907
7124
7885
7989
8215
8693
7977
8318
8022
8664
8820
9033
8754
7768
7983
8052
8646
7527
7781
8317
8357
7708
8651
8440
8148
8567
8375
8038
8377
8508
8212
8140
8201
8300
8484
7850
8667
8212
7996
8631
8650
8052
8179
8103
7967
9399
8317
7731
7556
7866
8073
8355
8503
7644
8385
8663
8267
8017
8308
8448
8313
8282
8211
8534
8543
8039
8564
9081
8019
7921
7954
7879
8295
8376
8096
8796
7681
8168
8014
8577
8305
7829
7714
8449
8404
8810
8591
8433
8788
8260
9116
7923
8166
7725
8651
7789
8747
8666
8119
7657
8365
8495
8809
8127
8622
9007
8251
8522
7314
8328
8309
8448
7910
7367
8075
8185
8656
8050
8367
8752
8241
8158
8699
8281
8539
9030
8537
7864
8293
8604
7796
8465
8163
8652
8058
8421
8185
8170
7869
7881
8146
8101
8441
8252
8970
8493
8389
8802
8512
8842
8556
8997
8070
8118
7752
8512
8118
8604
8218
8886
8205
8573
8547
8056
8346
7390
8753
8564
7804
8364
8378
8751
8282
8355
8202
8981
8197
7901
8672
8237
8241
8627
8311
8190
8200
8442
8537
9080
8089
8135
8282
8530
8607
8173
8625
8830
8072
7876
9070
8046
8103
7855
8881
8337
7880
7671
8169
8549
8547
7654
8018
8384
8642
8401
8748
9720
8242
8237
8047
8524
7639
8670
8618
8378
8969
8292
8795
8555
8686
7715
8162
8674
9030
9000
8194
7874
7546
7785
8113
8224
7490
8416
8314
8120
8440
8268
8684
8771
8055
8418
8168
8847
7880
8175
8514
7628
7846
8719
8584
8591
8005
7636
8227
8693
8784
8060
8966
8660
8550
7874
8516
9161
8459
7535
8949
8015
8772
7768
8707
8376
8440
8081
8049
8019
8087
8384
8716
8127
8220
8674
8508
8820
8117
8072
8664
8157
8076
7298
8634
8680
8175
8511
7557
8009
8656
7839
8368
8894
8497
8628
8852
7971
9005
7700
8490
7732
8058
7658
8407
8520
8600
8549
8275
8100
8429
7985
8051
8686
8648
8639
9068
8795
7880
8294
7763
9193
8209
7957
8384
8896
9003
8786
8436
7967
8268
8207
7994
8286
8246
8107
8660
8005
7999
7930
8421
8618
8183
8139
8489
8423
8833
7943
7948
7649
7727
7970
7901
8844
8063
8369
9079
7885
8063
7827
8253
8652
8310
8875
8021
9073
7484
8586
8373
7949
9048
8749
8527
8436
8213
8872
8335
7930
8115
8597
8328
7842
8956
8512
8512
7978
8072
8474
8290
8315
7830
8671
8578
8120
9371
8262
8276
8417
8844
8132
8402
8772
8328
8832
8251
8500
8802
8576
8970
9087
8436
8509
8311
8780
8017
9225
8208
7946
8043
7915
7610
8952
8442
8579
7800
8378
8722
8289
8120
8536
8136
7817
8761
8141
8421
8438
8533
8408
9271
8062
8269
8103
9105
8243
8346
9072
7785
8660
8367
8699
8377
8504
8826
7614
8642
8065
8186
8339
7918
8192
8838
8502
8429
8800
8490
8921
8133
8932
8392
7921
9141
8522
8020
8479
8196
7726
8637
8492
8898
9007
8724
8393
8773
8142
9354
8954
8501
8731
8382
8707
8265
9013
8100
8425
8256
8588
8148
8459
8220
8909
8411
8830
8056
8270
8562
9199
8707
8151
8980
9066
7938
8701
8580
8139
8372
8113
8993
7826
8989
7924
9397
8360
8568
8906
7293
8651
8192
9013
8589
8368
8304
8643
8817
8418
8617
8227
8484
7990
9169
8402
7976
9178
8325
8933
8938
8320
9198
8241
8349
8051
8267
9071
8778
8604
8329
8210
8244
8040
8171
8125
8464
8644
8587
8253
8333
9194
8166
9028
7867
8472
8564
8912
8188
8286
8626
8601
8765
9087
8816
8041
8566
8890
9142
8434
8846
7768
7727
8181
8799
8416
8046
8240
8460
8989
7857
8221
8323
8599
8798
8423
8236
7977
8659
8907
8276
8766
9416
8370
8723
8283
8630
8301
8793
8163
8914
8798
8094
8496
8942
8669
8725
7993
8159
8803
8162
7692
8715
8320
9216
9354
8360
8561
7924
8571
9366
9090
8249
8514
8780
8551
8635
8928
8454
7981
8647
8528
8127
8919
8059
8754
8878
8537
7946
8241
8638
8550
8384
8631
7967
9259
7943
8191
8687
8228
8306
8741
8450
9191
8444
9384
8506
8570
8750
8107
8769
8920
9161
8560
9204
7984
9273
8517
8991
8888
8333
8422
8530
8836
8966
9022
8592
8210
8508
8746
8783
8216
8451
9421
8749
8863
9022
8505
8478
8776
8776
8043
8733
8322
9592
8845
8689
8554
8953
9162
8452
8907
9162
8976
9308
9419
9002
7888
8993
9333
8964
8704
9479
8810
9039
8610
8604
8448
8046
8728
9165
8357
9067
8953
8588
8539
8776
8971
8471
8761
8658
9039
8985
8841
8749
8234
9211
8796
8464
9108
8504
8902
9105
8713
8920
8548
8312
9344
8258
9267
8413
9513
9622
8192
8564
8881
9277
8862
8666
9018
8522
8488
8844
9165
8758
8807
8545
8599
8531
8907
8650
8815
9077
8281
9370
8768
9132
8645
9054
8904
9096
8785
8856
8990
9317
8946
8321
8623
8400
9324
8895
8908
7946
8180
8780
9483
8893
8836
8974
8670
8138
8059
8987
9198
9529
8556
9084
8842
8610
9018
8858
9030
8581
8819
8822
8728
8968
8845
8542
8553
8580
9506
8487
8768
8852
9240
9513
8992
9357
9525
8594
9058
9130
9579
9525
8915
9000
8666
8502
8986
8462
8940
9166
9544
9827
8932
9233
8570
9878
8787
8909
9454
9618
8602
9117
8464
9129
8724
9407
8547
9593
9036
8906
8956
9175
8711
8977
9205
8882
9469
8904
8596
8414
9630
9908
9130
9132
8727
8856
9549
8513
8981
8877
9658
9397
9560
9370
8667
9993
9510
9255
9050
9500
9119
9172
8894
9050
9371
8891
9140
8436
8980
9185
8980
9285
9347
9352
9015
9229
9033
9254
9641
9485
9546
9691
9012
9573
9071
8840
9171
9467
9613
9420
8728
9635
8890
9395
9085
8530
9664
8761
8952
8825
9420
9449
9261
9479
9746
9497
9565
9075
8823
9727
9492
9978
9476
9415
9179
9414
9578
9015
9197
9276
9472
8971
9549
9371
9207
9134
9509
9758
9256
9454
8786
8385
8824
8951
8954
8670
9079
9613
9408
9642
9145
9260
9514
9515
9952
9362
9948
9326
9564
9190
9156
9811
9376
9095
9062
9846
9104
9209
9822
9739
9422
9506
9328
9418
8637
9804
9074
9507
9246
8979
9555
9161
9699
9607
9667
9409
9462
9574
8845
9489
9633
9349
9210
9114
9024
9046
8942
9987
9412
9954
8790
9892
9212
9453
9583
9630
9673
9736
9481
10324
9580
9346
9627
8855
9590
9467
9329
9021
9464
8928
10477
9341
9008
9340
9498
9677
9540
9473
9375
9219
9111
9553
9809
9154
8926
9485
9294
9420
10309
9600
9106
9018
9341
9825
9890
9083
9388
9866
10090
8664
10159
9302
10013
9636
9923
9867
10157
9468
9721
9701
9817
9720
9306
9692
9280
10768
9563
9454
9874
9566
10132
9973
9542
9835
9834
9637
9262
10238
10047
9629
10507
9878
9529
9759
9255
9347
9278
9901
9486
9482
9837
10147
10341
10201
9262
9986
9427
9324
10214
9598
10140
10046
10221
10148
9472
9895
10016
9548
9942
10257
10037
9387
9564
10047
9491
10251
9922
9845
9703
10005
9989
9709
10458
9461
9811
9605
9626
10116
10420
9780
10505
10555
9736
10568
10062
9370
10132
10080
9980
9883
10458
10082
9445
10074
10525
10866
9925
10380
10040
10882
9423
10039
10537
10434
10506
10748
10180
9741
9712
9794
9642
10690
10389
9420
10504
9972
10377
11023
10529
10190
10244
10366
9820
10457
10008
10449
10017
10076
9106
9962
10347
10461
10172
9978
10672
10174
10198
10220
10235
10012
9380
10231
10219
10636
10067
10715
10055
10079
10365
9861
10386
10202
10305
10644
10352
10257
9646
11349
10047
9928
10248
10767
10785
10393
10305
10411
10317
10532
10556
9607
10157
9475
10299
9801
10458
11011
9844
10820
10238
10859
9842
10624
11258
10273
10048
10614
10827
10346
10622
10872
10701
10317
11227
9936
9822
9930
10136
10154
10854
10322
10141
10265
10312
10282
10129
10513
10749
11323
10010
10947
10077
10320
10465
10469
11064
11123
10370
11099
10824
10316
10871
10702
10604
10911
10972
10458
10901
10412
10817
11018
9888
11076
10646
11177
11243
11354
11042
10118
9931
10533
10568
11430
10620
11072
11044
10613
10571
10447
10673
11198
10776
10872
11380
10617
10318
10906
11042
11482
11081
10907
11115
10317
11730
10461
11221
10804
10400
11441
11516
11104
10262
10626
11176
10745
10654
10402
10648
11044
10536
11540
10778
12014
11114
10664
11237
9962
10545
10676
10825
10513
11862
10772
11335
10826
11017
11429
11256
11302
11084
10562
10928
11303
11109
10967
11076
11431
10898
10909
11427
11721
11093
11184
10679
11251
10676
11379
11128
11162
10657
11399
11357
11450
11305
11085
11598
11532
11428
10487
11016
10700
11228
10995
10751
11693
11711
11506
10954
10940
11233
11586
11662
11426
10780
11414
11385
11523
11827
11680
11498
11148
11351
11403
11976
11081
11565
11076
11346
11412
10904
11201
11334
11468
11301
10979
12183
11687
10819
12240
11643
11371
11686
11737
11526
11798
11754
11727
12268
11576
11700
12050
11565
11645
11902
12442
11557
11802
11978
11652
12596
12061
12130
11525
12562
12198
12770
11896
12044
11899
12912
12271
11949
12459
12049
11446
12124
12449
11883
13150
11716
11933
11910
12503
13320
11929
12507
11523
12197
12412
12281
11501
12119
12474
12229
11955
11796
12312
11464
11955
11880
12598
12585
12005
12116
12605
12420
13130
12007
12844
11757
12670
12356
12345
12698
12268
12665
11645
12666
11722
12553
12633
12931
12268
12420
12943
12448
12498
12168
12516
12234
12680
12726
12109
12304
12382
12751
13580
12482
12220
12292
12298
12053
13328
12998
12955
12217
12497
13877
12544
12893
12709
12174
12765
12539
12530
12851
12230
13007
12834
13161
13307
13197
12984
13048
13014
12992
12629
12909
12939
12857
12378
12938
12445
12981
13320
13134
12593
12685
13456
12974
13648
13544
12590
13138
12922
13090
13016
12740
13136
13435
12986
13262
12655
12472
12932
13096
13104
12856
13747
13696
13882
13861
12932
13076
13387
13475
13217
13595
13045
13814
13463
13653
12935
12608
13247
13986
13145
13266
13568
13781
13949
13197
13467
12898
13309
13918
13842
13883
14370
13796
14028
14245
13582
13504
13499
13266
13831
14047
14075
13707
13932
13179
13926
13159
13298
13102
14166
13619
12960
13524
13992
14303
13901
14032
13772
14394
13226
13453
14052
13624
13866
14410
13435
14781
13348
13504
13977
14570
13823
13833
13592
14542
14103
14362
14389
14586
13881
14622
14025
14120
13919
14229
14337
15147
14661
14815
14236
14045
14733
14226
13325
14347
14341
14936
14132
14368
14055
14286
15039
14428
14308
15224
14865
14453
14752
15022
14581
14587
13877
14069
14313
14609
15341
14683
14234
14602
15063
14704
14098
15015
14610
15161
14155
14506
15076
14642
14916
14841
14685
14554
15028
13978
14592
14739
14843
14330
15079
14993
14895
14730
14777
15044
15355
15192
15428
15284
14777
15008
15922
14793
15517
16007
14462
14794
15146
14833
15556
14610
14970
15314
14628
14283
14923
14107
14898
15696
15549
15353
15642
15233
15092
15597
14973
14868
15096
15279
15724
15343
16370
16085
15724
14599
15756
15602
15485
16250
15698
15948
15973
16014
15846
15656
16101
16261
15744
16742
16150
15545
15414
16117
16208
15626
15384
15610
15878
16861
16614
16843
16788
16169
16116
15259
16424
16245
16132
15734
16324
16011
16887
16043
16271
16250
16322
15626
16693
16794
15933
16121
15773
16800
16537
16347
16403
16539
16936
16395
17374
17386
16410
16994
17240
16677
16960
17395
16645
17508
17002
16778
16234
17099
16868
17333
16905
17032
17497
17370
16990
16756
17064
17129
17050
17795
17550
17481
16866
17916
17448
17680
17402
18090
18008
17092
17714
17516
17290
18011
17476
17051
18050
17536
17873
17452
17739
18085
18221
17788
18290
17908
18019
18118
17917
18583
18314
17435
18056
18262
18699
19103
18450
18133
19090
18500
18354
18432
18634
18188
18674
18688
17769
18697
19584
18436
19072
18882
18732
19238
18751
19253
19068
20584
19254
19480
19490
19439
19863
19344
19993
19180
19491
18780
19144
20426
20705
19920
19926
19657
20128
20273
19410
20387
19467
19773
19288
19229
19429
19956
20149
20381
20280
19906
20634
21261
20660
20318
20189
20846
21142
20545
20812
21274
20413
21468
21467
20512
20547
21009
21092
21468
21215
21713
20867
21111
21309
20709
21313
20464
21828
21028
21846
22023
21720
22016
22581
21764
22100
22284
22469
21805
22249
22826
22932
23098
22743
22212
23107
22793
22537
23290
22604
22436
22754
23005
22948
23140
22892
23637
23174
23812
23516
23922
23549
23083
24250
23773
23296
24013
24064
24568
24015
23882
23912
24236
24725
24413
24010
24778
25098
24867
25339
25333
24964
24795
24524
25802
25515
24629
25256
25640
25038
25414
26276
25876
26342
25729
26184
25476
25775
26374
27018
25944
26752
26650
27018
27137
26667
26728
26994
27416
27373
27840
28399
28035
27414
27999
27478
28337
28171
27904
28210
28032
28766
28154
28901
28928
28406
28423
28866
28781
28346
29236
29092
29910
28846
29512
29971
30136
29221
29860
29253
30350
30504
30360
30942
30912
30848
31156
31220
32107
31055
31209
31179
31330
31122
32069
31356
30923
32000
31656
32026
31194
31620
31864
32709
32460
32886
32757
32660
33076
33206
32954
33316
33775
34025
32897
32858
34093
33940
34489
33670
33257
33802
34389
34107
34476
34960
34073
34880
35762
35396
35330
36244
35433
35252
35662
36309
36410
35922
35207
36022
36340
35156
36563
36404
36607
37661
36482
36620
37289
37049
37384
37844
37152
38033
38128
38086
38745
37913
38362
38198
37998
38254
38984
38148
39908
38472
39433
39141
39458
39048
39855
39224
40582
39866
39425
39352
40448
40309
40144
41008
40984
40840
40457
40715
41464
41557
40676
41225
41817
41600
40925
41484
41819
41536
41984
41773
41644
41695
43886
42605
42500
41792
43620
43243
42949
43245
43462
43998
43229
43648
44106
43735
44740
44122
43853
44067
44308
45644
44805
45144
44160
44697
44464
45314
44991
46137
45274
45746
45127
46900
45604
45453
45248
45412
45749
45272
45147
45256
46237
46296
46281
46018
46962
46938
47256
46843
46522
47004
46106
47070
46804
46906
47221
47360
47824
46724
46356
47136
46212
46955
47236
47770
47093
47862
47627
48731
48237
48815
49408
49532
49042
48653
49257
48676
49142
49432
50584
49880
49125
49604
50026
50226
51119
50118
50456
51016
49789
50420
50176
49802
50551
50266
50613
50694
50756
50809
50968
51584
51520
50133
51247
52221
51094
51462
50935
51780
51354
51636
51338
51216
52763
52525
51729
52064
52757
52409
53009
52571
52744
53095
51946
51848
52410
52824
51980
51392
51720
51209
52056
51019
51884
51704
52619
53220
52460
52717
52805
53146
53076
52934
53768
52215
52026
52740
52608
53611
53296
54176
55130
53504
53868
53786
53029
53862
53728
54206
53553
53146
54680
53974
54560
53016
54601
54196
54664
54510
53804
54784
53693
53908
54368
54793
54286
54948
54708
54601
54404
54021
55013
54020
54101
54861
54925
54100
54142
54070
54912
54739
54308
54360
55121
54484
54912
55665
54827
55812
55412
54966
55554
54572
55083
55762
55221
55468
55332
55310
54268
55101
55450
54757
54884
54531
54118
55048
55380
54820
54912
54528
55668
54381
54728
54912
54426
54669
55360
55199
54632
55636
54484
54490
55287
55003
54914
54340
54444
55785
54542
54390
54437
54474
54249
54631
55157
54464
53970
53149
54152
54068
53636
54732
53050
53527
53274
53636
54580
54661
54932
54299
55014
55353
54987
55364
54216
55012
54536
54582
55032
54218
53834
54234
54469
54536
54770
55018
54536
54278
53514
53652
54200
53613
54118
53544
54016
54189
53480
53964
54202
53512
53926
54764
53860
54497
54336
54400
52555
53504
53733
54162
53098
53461
53979
53015
53320
52672
53558
51780
54234
53204
53384
53192
52436
53012
52141
53355
53076
52373
51834
52826
52299
52106
51796
51550
51720
52567
52710
51332
51064
51728
51373
50948
50856
51328
50654
50804
51456
50692
52016
51573
50304
51544
50868
50682
49488
50168
50763
50089
48859
50012
50905
50232
49794
50092
49736
49209
49866
50276
49754
49572
48806
49740
48941
48980
49386
49591
49146
48068
48906
49316
47898
48228
48094
47881
48356
48084
47360
47756
48284
48704
47828
47693
47898
47776
46766
46577
45610
46388
45357
45993
46468
46004
46198
45771
46532
46393
46726
46212
44710
46128
44485
46042
45336
45535
44733
45146
45746
44918
45147
45616
44785
43604
44532
44176
43948
45033
43860
43098
44029
43010
43062
43437
43034
43268
42292
43228
43408
43190
42760
41722
42228
43472
42692
41034
42368
41578
41876
41996
41080
41403
40892
40612
40580
41352
40646
40626
40490
40072
40430
40941
39488
39328
39538
39629
39942
39435
38484
38646
38641
38652
38985
39264
38124
38586
37972
37956
38375
37192
38073
38263
37766
37852
37226
38144
36957
37553
36912
36132
35709
36372
36022
36020
35627
36244
34900
35549
35385
36204
34836
35072
35147
34711
34634
33837
34477
33132
33709
33862
32668
33512
32049
33007
33362
33232
32703
32692
33114
32197
32967
32659
32628
32918
31406
32004
31078
29824
29369
29243
29712
29124
29524
29976
29761
29692
30934
30025
29900
30300
29805
30114
29896
28694
28380
28893
29312
28565
28266
28493
28443
29152
28379
28244
27785
27438
27176
26897
26974
27706
26895
27355
26190
26674
26469
27041
26356
26308
25821
25367
24822
26260
24628
25081
25292
24123
24686
25101
24684
24029
23377
24314
23794
23736
24416
23099
23053
24368
23851
22859
22468
23129
22729
22721
22274
22058
22056
22442
22077
21155
22314
21981
21483
20791
21056
21792
20975
21082
20672
20879
20423
20762
19986
20245
19750
19786
19619
18843
19307
19449
19418
19419
19467
19712
18196
18423
18352
18321
18918
19240
18494
18867
17302
17611
17656
17397
17787
17818
17532
17921
17271
17760
17521
16618
16612
17910
16324
16330
17062
16982
15711
17060
16135
16123
16179
16240
16655
15708
15047
15246
15976
15778
15192
15039
15763
15156
15176
15320
14913
14834
14763
14083
13743
14187
15532
14085
15245
13766
13976
14300
13391
13872
13928
14061
13969
13624
14044
13298
13830
13381
13334
14437
12697
13434
13444
12427
12794
13039
12573
12975
12287
12928
12609
13432
13578
12352
12049
12271
12914
12536
12391
11752
12459
11894
11310
11596
12157
12594
12484
11766
11570
11786
12004
11140
12160
11482
11541
11095
11464
10909
11377
11210
11122
11593
11004
11910
11206
11810
10672
11900
11021
11220
10208
10452
11816
11387
10436
11366
9818
11124
10790
11631
11109
11358
10535
11121
10428
10202
10765
10737
10171
9534
10457
11077
10810
10453
10189
10403
10207
10220
11304
9513
10464
10403
10284
9104
9995
9961
10371
9626
10106
9648
10192
9708
10119
9896
10285
9985
9951
