7990
8019
7247
7604
7273
8956
7111
7443
7736
7044
7558
6836
7097
7088
6587
8166
7971
7102
7948
7724
6474
7371
6710
7437
7718
7294
7667
7111
7030
7556
7834
6983
6755
7022
6870
7214
6711
7586
7409
8074
7346
7241
7204
7362
7626
6766
8004
7068
7761
7778
8578
7961
8009
7065
7069
7154
7396
6831
7281
7747
7088
7058
7786
7875
7175
7198
7250
6784
8110
7979
7592
6629
7211
7392
7572
7594
7372
7490
7254
7102
8035
7338
7547
7416
7694
7600
7546
6545
7989
7476
7590
7950
7895
7553
7193
7708
7629
8267
8367
7217
7818
7038
7857
6998
7617
7800
6866
8050
7087
7224
7545
7110
8177
7763
7692
7149
7289
8066
8098
7793
7441
7206
7173
7757
7757
8088
8053
7675
6998
7826
7416
7092
7818
7314
7506
7569
8144
8117
7784
7207
7407
7537
7030
7684
7976
7545
7709
7894
7526
7546
8059
7717
8114
7589
6970
7687
7826
7797
8013
7589
8653
7269
7628
7586
7281
7948
8018
7303
7946
7273
7679
7786
7728
7047
7532
6851
7794
8009
7843
7509
7613
8334
8127
7565
7839
8317
7854
7307
8422
7822
8356
7693
7930
7797
7217
7758
7512
7796
7794
8440
7065
7008
7992
7530
7273
7585
7957
7788
8148
7931
7812
7657
8220
7612
7275
6925
7901
7534
7889
7762
8073
7789
7965
7177
8360
8154
7712
7858
7384
8284
7107
7214
8004
7801
7274
7594
7774
7366
8048
7843
8285
7906
7396
7647
8038
7917
7758
8004
7631
8415
7247
7993
7914
8124
7869
7822
7403
7321
8577
7292
7507
8258
7457
8055
7095
8010
7408
7566
7836
8558
8308
7858
8289
8084
7042
7874
8303
7455
7206
8073
7886
7438
8113
7207
8106
7396
7787
8285
8130
8162
7752
7492
7722
7998
8667
7620
7862
8070
7458
7959
7938
7808
7047
7599
7460
7695
7670
8032
7982
8011
7988
8915
8363
7952
7416
7930
8373
7970
8459
7671
8412
7001
7765
8139
7577
7505
8534
7877
7920
8327
7985
7596
7350
7848
7530
8278
7915
7892
7559
7550
8325
8171
8349
7146
7706
7778
8200
8274
8192
8434
7967
8074
8045
7706
8328
7801
7848
8391
7680
8386
7291
8069
8268
6955
8143
7572
7731
7530
8116
7860
7648
7281
8267
8012
7748
7596
7506
7273
7630
7913
7088
8243
7305
7923
7680
7783
8228
7347
8115
7656
7999
8462
7342
7840
8261
7463
8059
7675
8200
7582
7951
8093
7545
7846
8271
7942
8040
8502
7860
8236
8413
7968
8321
8202
7644
8248
7769
7819
8018
8197
8010
8148
8271
8136
8024
7754
7913
7108
7985
8086
7658
7970
8151
7740
7826
8016
8250
8117
8010
7749
7803
8141
7854
7253
8058
8127
7884
8244
7842
8255
7579
7890
8035
8147
7928
8570
7847
7624
8561
7672
7377
7981
7893
8133
7913
8839
7894
8082
7520
8094
8454
8482
7661
8422
8795
8225
8491
7588
8077
7229
7570
7260
8210
8538
8266
7602
8822
7983
7900
8420
8100
7786
7504
7600
8053
8256
9063
8422
7711
7695
8213
8069
7809
8050
8321
7926
8480
7565
7907
7504
8004
8187
8444
8641
8107
8268
8401
8088
7324
7820
8531
8015
8055
7796
7562
8550
8130
8422
8192
8380
8249
8003
8290
8360
7808
8475
7939
8663
7595
8830
7924
8481
8190
8296
8488
7625
8634
7564
7685
8103
8117
9079
8308
8110
8558
8217
8642
8065
8238
8828
7601
8114
8159
8362
8310
8332
8582
7520
8219
7811
7971
7644
7773
7870
7374
8580
8181
8280
7596
8532
8246
7984
8453
7557
7446
8350
8166
8623
8231
8288
8179
8097
7995
7298
7581
7598
8323
7673
8063
7734
7812
7568
7963
8827
8267
8408
7595
8024
8068
7752
7687
7842
8237
7815
7828
8303
7759
8482
7784
8350
7738
8124
8707
7812
7680
8114
7544
8334
8612
8415
8587
7908
8299
8356
9053
7099
7896
7954
8175
8674
8034
8047
7933
8384
8648
8890
8674
7901
8044
7810
8506
7838
7626
8013
8244
7455
8457
8325
7911
8450
8235
7912
8296
8397
8158
8007
8194
8299
8478
7666
8203
8020
8160
8526
8543
7890
8025
7935
7715
9220
8219
7736
7557
7995
7818
8215
8272
7509
8278
8465
8331
7870
8322
8422
8126
8355
8189
8605
8474
8004
8551
8887
8001
7575
7673
7854
8206
8495
7883
8476
7570
7871
7770
8339
8379
7752
7575
8506
8250
8540
8221
8197
8763
8398
9070
7844
8103
7778
8823
7675
8448
8541
8313
7650
8206
8292
8376
8123
8518
8694
8247
8198
7381
8102
8164
8324
7932
7318
8197
8007
8532
8083
8232
8580
8107
7981
8225
8298
8476
8854
8439
7866
8248
8292
7803
8555
7935
8481
8004
7955
8141
8320
7735
7823
8246
7852
8436
8138
8851
8121
8348
8693
8719
8857
8412
8806
7871
8036
7513
8330
7984
8567
7876
8822
8141
8256
8206
7979
8072
7258
8654
8457
7892
8266
8251
8602
8032
8196
8031
9064
7985
8022
8580
8175
8412
8720
8068
7862
7994
8370
8333
8978
8038
8087
8228
8317
8552
8012
8412
8576
8094
7809
8933
8123
8115
7671
8985
8248
8085
7472
8226
8573
8359
7788
7838
8374
8594
8257
8870
9285
7991
8008
7980
8256
7419
8762
8409
8443
8672
8232
8613
8468
8864
7755
8311
8808
8786
9108
8186
7836
7364
7655
8179
8108
7786
8524
8407
8201
8410
8139
8536
8541
8030
8525
8184
8729
7978
8239
8325
7787
7989
8843
8360
8622
7821
7430
7976
8684
8352
7878
8731
8509
8361
7905
8297
8946
8468
7693
8697
7747
8841
7648
8559
8086
8304
7990
8188
7984
8100
8283
8383
8022
8302
8813
8238
8768
7816
7951
8440
8003
7944
7313
8492
8644
8017
8448
7572
7848
8486
7631
8045
8532
8061
8558
8715
7974
8891
7575
8219
7635
8165
7547
8413
8410
8469
8314
8312
8045
8502
8068
7913
8748
8413
8690
8898
8677
7896
8121
7547
8988
8063
7992
8404
8758
8917
8779
8315
7724
8358
7898
8066
8034
8260
8332
8646
7679
8051
7888
8493
8597
7911
7885
8527
8185
8971
7857
8080
7600
7639
7770
7856
8733
7778
8370
9079
8027
7787
7889
8557
8370
8258
8582
7819
8741
7516
8302
8248
7808
8819
8587
8303
8372
8011
8688
8272
7925
7867
8543
8294
7754
8781
8192
8406
8118
8127
8293
8291
8129
7663
8297
8489
7938
9385
7919
8110
8384
8737
7930
8211
8626
8363
8727
7671
8230
8538
8772
8649
9031
8321
8191
8118
8709
8063
9084
8203
7979
7972
7880
7503
8794
8344
8392
7672
8067
8709
8153
7987
8179
8174
7810
8840
8103
8342
8363
8166
8231
9333
8019
8393
7828
8898
8420
8254
8993
7949
8723
8381
8679
8387
8473
8619
7771
8462
7690
8010
8026
7703
7842
8885
8453
8357
8810
8167
8916
7801
8969
8215
8018
9040
8218
8076
8493
8053
7781
8596
8471
8709
8952
8683
8333
8369
7941
9188
8925
8267
8603
8304
8368
8362
8842
8209
8270
8386
8463
7919
8495
8117
8778
8393
8796
8130
8301
8572
9285
8570
7986
9009
8776
7889
8734
8741
8101
8320
8143
8679
7571
8763
7900
9115
8111
8627
8814
7371
8594
8148
8803
8456
8612
8294
8588
8643
8158
8401
8426
8640
7890
8929
8156
8075
9188
8206
8676
8926
8286
9305
8233
8443
7974
8109
9218
8909
8655
8214
7987
8124
8154
8177
7863
8277
8621
8671
8130
8157
9271
8184
9053
8078
8370
8500
8773
8230
8283
8470
8548
8439
9049
8454
7912
8477
8794
8910
8288
8514
8084
7813
8157
8422
8038
8085
7978
8416
8729
7974
8207
8287
8459
8564
8402
8226
8044
8583
8923
8397
8704
8801
8282
8734
8357
8700
8192
8740
8308
8820
8916
8228
8241
8801
8697
8524
7774
7861
8785
8233
7774
8676
8171
8840
9103
8485
8460
7970
8639
9287
9196
8280
8583
8755
8359
8711
9019
8395
7903
8484
8332
7944
8760
8100
8704
8807
8408
7900
8155
8735
8624
8360
8745
8130
9030
7786
8101
8797
7976
8674
8485
8513
9309
8308
9122
8485
8433
8860
8102
8805
8745
9183
8468
9189
7941
8984
8648
8936
8923
8428
8285
8506
8584
8981
9036
8497
7966
8517
8595
8677
8264
8322
9105
8945
8788
8785
8618
8415
8521
8545
8062
8806
8256
9562
8594
8794
8640
9039
8898
8227
8841
9225
8746
9051
9330
9055
7670
8957
9273
8736
8549
9315
8514
8744
8478
8588
8503
8037
8589
9080
8259
8891
8933
8597
8557
8649
8990
8465
8807
8404
8996
9021
8599
8760
8510
9099
8745
8655
9085
8366
9233
8951
8667
8795
8721
8247
9101
8244
9232
8505
9466
9652
8243
8632
8824
9065
8749
8772
9023
8440
8275
8718
9263
8504
8712
8665
8859
8221
8837
8747
8714
9060
8347
9211
8857
8776
8812
9032
8805
9086
8779
8955
9068
9459
8843
8341
8547
8454
9211
8957
8873
7695
8162
8644
9361
9012
8893
8818
8494
7868
8210
8930
9431
9481
8378
9213
8790
8622
9036
8716
9105
8208
8781
8913
8932
8828
8892
8555
8214
8367
9393
8623
8941
8666
9011
9047
8793
9290
9353
8633
9067
8960
9394
9189
9293
8948
8840
8585
8908
8538
8865
8905
9695
9738
9122
9194
8430
9595
8969
8738
9117
9453
8567
9215
8271
9188
8733
9311
8566
9538
9065
8806
8701
9273
8577
8836
9001
8678
9376
9177
8671
8476
9711
9745
9395
9183
8734
8890
9557
8449
8891
8899
9571
9311
9647
9490
8866
10031
9294
9147
8822
9410
9151
9114
8970
8975
9375
8811
9337
8597
8746
9132
9104
9472
9550
9371
9077
9263
8894
9386
9484
9364
9403
9568
8759
9425
9006
8862
9083
9301
9439
9230
8629
9691
8909
9392
8890
8426
9437
8976
8915
8821
9356
9404
8899
9309
9696
9334
9560
9078
8685
9634
9552
9951
9603
9328
9413
9427
9739
9211
9112
9136
9362
9234
9352
9346
9247
9074
9301
9715
9268
9667
8573
8581
8833
8884
8869
8384
8992
9649
9140
9590
9064
9106
9718
9517
9834
9296
9958
9327
9427
9396
8927
9883
9196
9220
9005
9918
9160
9203
9860
9645
9589
9552
9311
9537
8737
9816
9114
9359
9378
9224
9809
9405
9752
9941
9463
9556
9326
9473
9114
9567
9741
9450
9022
9091
9236
9138
9002
9661
9618
9962
8674
9839
9494
9620
9586
9666
9582
9868
9618
10365
9561
9478
9520
9012
9699
9700
9156
9149
9416
9074
10633
9391
9057
9500
9565
9627
9600
9794
9570
9348
9099
9787
9869
9281
9068
9624
9432
9461
10233
9790
9151
9325
9220
9920
9794
8948
9369
10089
10200
8788
10217
9501
10322
9757
9999
10097
9958
9673
10096
9583
9716
9790
9231
9658
9220
10813
9673
9424
9977
9673
10094
9637
9560
9845
10235
9781
9464
10039
9866
9733
10601
9885
9407
9701
9164
9525
9429
9896
9588
9853
9595
10134
10356
10427
9484
10156
9590
9490
10157
9880
10120
10018
10464
10191
9610
9938
9830
9680
9652
10264
10027
9560
9728
10280
9500
10070
9958
9765
9686
10199
10172
9758
10496
9559
9787
9703
9737
10378
10436
9738
10427
10936
9901
10605
9907
9637
10232
10332
9767
9976
10572
10025
9629
10107
10690
10784
9936
10411
10071
10944
9540
10132
10509
10708
10482
10746
10410
10032
9633
9691
9746
10525
10609
9535
10513
10377
10298
11016
10334
10247
10251
10376
10052
10797
9977
10328
10334
10336
9159
9947
10276
10618
10330
10147
10966
10168
10285
10358
10229
10285
9507
10304
10333
10584
10199
10880
9947
10381
10705
10044
10631
10071
10444
10831
10551
10333
10102
11490
10281
10110
10471
10857
10998
10514
10399
10331
10504
10621
10667
9534
10137
9655
10544
10042
10468
11005
9989
11087
10294
11057
10154
10781
11194
10448
9881
10524
11082
10584
10645
10983
10869
10262
11378
10169
10038
10420
10343
10229
10938
10317
10524
10514
10229
10586
10144
10539
10932
11429
10159
11366
10068
10412
10865
10637
11118
11226
10619
11090
10928
10585
11130
10985
11110
11287
10948
10687
11093
10498
10851
11420
10245
11005
10875
11577
11531
11452
11474
10255
10437
11060
10874
11535
11019
11258
11331
10946
10786
10600
11017
11202
11074
10900
11622
10874
10375
11011
10954
11576
11077
10949
11197
10280
11776
10541
11636
11056
10616
11690
11915
11341
10273
10693
11405
11017
11024
10649
10816
11351
10563
11785
11018
11966
11010
10910
11502
10133
10729
11116
11173
10619
12182
11029
11553
11208
11457
11645
11501
11570
11247
10517
11101
11586
11526
11324
11418
11582
10964
10733
12036
11825
11196
11544
10923
11409
10814
11389
11152
11478
11176
11428
11648
11812
11877
11208
11729
11628
11280
11064
11412
11120
11559
11215
10837
11905
12172
11490
11155
11028
11535
11610
11874
11624
10792
11894
11752
11450
12285
11844
11842
11437
11824
11610
12466
11148
11896
11375
11558
11457
11388
11540
11631
12271
11578
11388
12589
12121
11221
12484
11738
11758
11934
12032
11905
11929
11865
11838
12477
11811
11921
12123
11776
11721
12239
12914
12095
12306
12405
11769
12856
12233
12185
11949
13083
12546
13141
11752
12229
12217
12778
12714
12596
12757
12197
11546
12185
13002
11993
12921
11860
12345
12135
12810
13831
12219
13013
11729
12634
12576
12476
11905
12470
12713
12645
11977
12275
12553
12065
12138
12440
12649
12789
12701
12420
12613
12823
13602
12483
13085
11938
13054
12708
12744
12893
12586
13176
12093
12716
12141
12860
12907
13012
12647
13039
13240
13117
12751
12592
12788
12280
13037
12865
12365
12576
12568
13062
14015
12803
12827
12640
13003
12461
13548
13316
13213
12754
12804
14171
13218
13054
12957
12708
12970
12904
12758
13320
12634
13302
13281
13382
13648
13473
13741
13536
13214
13546
12890
13358
13340
13087
12690
13344
12724
13200
13220
13484
12952
13050
14078
13557
13849
14077
12954
13530
13323
13509
13498
13078
13368
13653
13240
13698
13181
13113
13443
13782
13244
13299
14219
13934
14113
14397
13256
13764
13741
13924
13952
13865
13620
14071
14148
14267
13618
12820
13875
14879
13608
13752
14198
14268
14540
14103
14157
13463
13807
14216
14283
14246
14740
14303
14331
14028
13784
13803
14054
13863
14374
14212
14688
14452
14344
13586
14061
13877
13988
13742
14531
14183
13470
13842
14297
14394
14592
14548
14384
14972
13661
13881
14515
13845
14349
14912
13449
15104
13612
13801
14160
14993
13978
14379
13824
15068
14697
14743
14859
14992
14736
15043
14426
14706
14251
15208
14703
15589
14876
15078
14746
14496
15248
14627
13977
14771
14493
15316
14546
14939
14616
14810
15264
14769
14944
15590
15380
15165
15291
15616
14662
15064
14197
14834
14804
14716
15594
14948
14678
14861
15394
15380
14387
15412
14862
15540
14482
14963
15576
15355
15161
15187
15154
15054
15245
14587
15336
15247
15373
14698
15498
15611
15369
14978
15650
15585
15471
15588
15639
15773
15023
15420
16410
14983
15616
16206
14928
15296
15629
15428
16075
14874
15752
15874
14940
14699
15179
14810
15536
16250
15806
16074
16187
15765
15820
16017
15245
15243
15901
15919
16268
15671
16712
16293
16092
14784
16328
16308
16180
16569
16190
16141
16720
16578
16271
16536
16490
16468
15989
17450
16493
16230
15577
16497
16609
16180
15589
16280
16571
17417
16957
17340
17132
16230
16545
15807
17211
16836
16673
16073
16850
16445
17160
15958
16764
16901
16462
16323
16928
16932
16388
16411
16043
16982
16770
16676
16794
17034
17394
17318
17820
17389
16814
17677
17763
16751
17282
17653
17228
17972
17747
17201
16848
17078
17158
17720
17204
17186
17528
17624
17436
17144
17481
17326
17634
18525
17813
17472
17592
18310
17389
18060
17848
18534
18237
17858
17850
17653
17643
18331
17892
17676
18502
17842
18457
17619
18206
18717
18267
18416
18192
18312
18371
18598
18260
18614
18792
17866
18404
18384
18629
18902
18671
18788
19025
19035
18670
18998
19055
18350
18964
19028
18043
19058
19137
18472
19034
19423
19196
19570
19548
19658
19240
20812
19524
19512
19533
19327
20409
19824
20190
19477
19946
19478
19788
20492
20989
20149
20255
20118
20488
20738
19894
20556
19721
20240
19734
19517
19828
19834
20516
20573
20382
19940
20683
20901
20809
20234
20488
20833
21323
20545
21113
21416
20819
22046
21844
20538
20901
20856
21336
21396
21493
21998
20948
21462
21562
20754
21930
20619
21941
21016
22038
21867
21767
22018
22148
21578
22249
22481
22469
21880
22342
22754
23081
22745
22662
22474
23506
22777
22814
23417
22509
22775
22836
23308
23476
23236
23136
23741
23451
23421
23648
24004
23898
23220
24229
23702
23192
24192
24209
24586
24204
24684
24205
23996
24626
24305
24248
24213
24925
24413
24914
25386
24516
24759
24897
25220
25476
24750
25362
25017
25076
25292
26480
25985
26437
26037
26292
25530
26266
26437
26614
25984
26493
26826
26821
26889
26376
26640
27026
27342
27261
27540
28317
28196
27090
27424
27309
28142
27893
27990
28036
27796
28356
27764
28825
28800
28519
28301
28918
28784
27892
29021
29184
29706
28641
28994
29631
30148
29338
29849
29264
30011
30096
29896
30512
30360
31033
30852
30884
31420
30804
30873
30676
30979
30459
31605
31248
31026
31898
31854
31661
31067
31447
31360
31964
32506
32181
32346
32333
32712
32944
32685
32308
32758
33572
32286
32300
33764
33928
34008
33456
32505
33564
34125
33522
34048
34569
34424
34156
35290
34619
34872
35674
35234
34781
35457
36408
35920
35203
34597
35234
35336
34555
35728
35636
36269
36831
36011
36016
36468
36340
36484
36598
37029
37610
37622
37209
38144
37430
37820
37451
38060
37348
38188
37801
39492
38187
38132
39013
38866
38693
39082
38325
39726
38964
38747
39384
39610
39735
39623
40100
39826
40252
39412
39885
40520
40568
40505
40484
41188
40730
39798
40821
41301
40990
41312
40741
41584
41242
42498
42489
41804
41822
42551
42312
42589
42349
42508
43236
42900
42788
43082
42852
43228
43588
43154
43088
43351
44644
43592
44644
43430
44033
43944
44241
44205
44852
44420
44692
44296
46154
44673
43918
44136
43883
44763
44128
44472
44193
44909
45036
45002
45440
45770
46256
46039
45850
45781
46208
45088
46176
45666
46810
46325
46425
46722
46088
45354
46020
45124
45868
46047
46624
46180
46554
46453
47095
47124
48196
48704
47520
48237
47648
48114
47797
47981
47620
49645
49094
47980
48116
49196
48840
49476
48653
48486
49568
48557
49562
49460
49260
49196
49294
50004
49608
49668
49973
49896
49666
50180
49444
50309
50308
49524
50572
49542
50907
50059
50026
50230
50217
51053
51188
50288
50395
51306
50989
51816
51422
51464
51392
50845
50792
51028
51275
50353
50388
50778
49646
50601
50078
50688
50906
51108
51944
51413
51770
50500
51812
51780
51305
51578
51066
51082
50970
51564
52466
51928
52172
53103
52700
52202
51878
51768
52170
52200
52911
52445
52054
53338
52531
52524
51689
53066
53112
53300
52936
52269
53352
52012
52584
52571
53069
53119
53239
53045
52868
52772
52550
53181
51906
52696
53003
53787
52958
52741
52389
53380
52765
53229
53316
53306
53060
53350
53800
53034
54052
53800
53312
53816
53108
53858
54698
53684
54324
53409
53544
52768
52852
54190
53481
53325
53256
52896
53894
53492
53749
53224
53685
53516
52667
53125
53578
52906
53486
54171
53459
53764
53428
53085
53312
53867
53597
53032
52652
52876
53445
52788
52782
52842
53378
52788
53030
53426
53256
52858
51908
51832
52404
52502
52701
51749
52053
51714
52257
53613
52354
53284
53778
53434
53809
53760
53462
52774
52710
53213
53466
53128
53074
52857
52328
52648
52845
53174
53857
52698
53044
52810
52376
52980
52219
52523
52788
52778
52905
51926
51988
52649
52352
52288
53384
52210
52317
52978
52780
51625
52450
52352
52370
51764
51693
52548
52158
51386
51791
51754
50409
52709
51556
51597
51993
51069
51093
51134
51945
50877
51149
50456
51268
51548
51053
50272
50500
50057
51396
51356
49932
50078
50544
50341
49852
49485
49720
49728
50087
50135
49098
50692
49606
49700
49904
49993
49878
48301
49001
49192
48986
47784
48968
49944
49308
49045
48909
48202
47610
48823
48782
48106
48288
48240
48162
48022
47753
47682
48105
48308
47270
47417
48664
47017
47324
46696
46581
47781
47100
46057
46426
47302
47482
46888
46666
46621
46665
45284
45390
45568
45017
44649
44746
45819
44980
45546
44709
45578
45899
45909
44935
44836
45612
44069
44958
44096
44015
43951
44064
44544
44245
44479
44438
43752
42788
43524
42730
43446
43757
42735
42040
42719
41573
42018
42469
41784
42766
41942
42116
42188
42311
41398
40918
41546
42012
41828
40550
41498
40684
40492
40565
40212
41232
40166
40140
40234
40552
39435
39847
40104
39131
39917
40218
38629
39194
38322
38760
38666
38761
38122
37764
37955
37964
37909
38482
37492
37666
36975
37321
37085
36175
37204
37400
37301
36564
36651
37485
36448
36444
35693
35367
34817
35482
35872
35284
34562
35844
33779
34901
35026
35427
33654
34708
34724
33860
33906
34098
33930
32720
33536
33171
31929
32932
31514
32145
32538
32564
31502
32012
32379
31457
32429
31764
32290
31864
31028
31277
30461
29125
28905
29232
29734
28933
28493
29650
28886
29188
30348
29483
29451
29858
29560
29144
29540
28171
28290
27674
28941
27826
27956
27932
27589
28004
27508
27613
27214
27200
26894
26201
26596
27288
26580
26539
25994
26538
25782
26622
25867
25658
25578
24896
24129
25580
24334
24715
24907
23738
23709
24604
23818
24006
23129
23672
23355
23374
23671
22553
22664
23972
23452
22229
22413
22882
22244
22349
21908
21594
21852
22283
21401
20870
21897
21576
21313
20363
20500
21684
20548
20837
20298
20604
19595
20360
19850
19826
19499
19481
19366
18404
19053
19012
18876
19382
18969
19033
17959
18021
17881
17998
18612
18780
18348
18952
17094
17262
17578
17094
17202
17900
17169
17707
17375
17346
17005
16253
16628
17257
16162
15944
16587
16756
15697
16688
15966
15881
15442
15943
16074
15432
14955
14754
15797
15498
14762
14349
15343
14771
15261
15030
14519
14748
14303
14073
13696
14207
15032
14091
14769
13589
13791
13997
13348
13632
13831
13974
13758
13403
13982
13285
13835
13380
13316
13860
12315
13106
13089
12363
12832
12690
12358
12735
12632
12309
12132
13252
13478
12008
12086
11979
12832
12328
12150
11636
12302
11740
10942
11467
11861
12268
12359
11885
11731
11444
11758
10897
12075
11324
11706
10988
11453
10774
11527
10960
10862
11528
10735
11724
11036
11672
10444
11729
10950
11392
10085
10044
11273
11317
10246
10794
9781
11127
10456
11319
10882
10996
10570
11341
10206
9918
10545
10613
9838
9377
10420
10797
10316
10503
10067
10125
10036
10157
11188
9248
10258
9957
10249
8948
9832
9882
10113
9578
9594
9737
10001
9501
9857
9937
10069
9786
9900
