7692
7773
7258
7595
7247
9036
7015
7380
7626
7115
7302
6761
7185
7044
6723
8006
7628
6944
8001
7794
6634
7300
6756
7232
7702
7151
7842
7215
7117
7721
7425
7053
6797
6886
7066
7354
6661
7704
7206
7828
7384
7241
7116
7284
7643
6762
7962
6962
7652
7739
8372
8129
7977
6971
7155
7142
7190
6904
7261
7585
7033
6898
7861
7933
7101
7027
7288
6674
7956
7665
7637
6618
7257
7351
7694
7509
7193
7461
7241
6930
7932
7258
7582
7281
7635
7597
7383
6639
7757
7469
7590
7905
7765
7229
6844
7723
7384
8308
8274
7368
7755
6873
7771
7192
7688
7868
6819
8095
7042
7109
7642
6929
8298
7638
7720
7020
7164
7869
7720
7908
7643
7268
7218
7580
7564
7811
8140
7887
6721
7532
7366
7009
7685
7386
7540
7495
8091
7919
7876
7229
7695
7466
7022
7550
8069
7646
7521
7887
7437
7503
7962
7279
8031
7508
7048
7566
8038
7920
7763
7605
8387
7534
7315
7375
7236
7734
7834
7106
7892
7028
7692
7528
7623
7104
7419
7012
7634
7930
8092
7689
7572
8393
8088
7556
7689
8189
7627
7289
8287
7921
8155
7670
8074
7676
7289
7901
7613
7962
7857
8339
7076
6941
8224
7582
7129
7429
7893
7844
8035
7694
7629
7680
8321
7753
7304
6884
7976
7585
7640
7875
8207
8000
7848
7331
8128
7948
7644
7910
7277
8337
7128
7270
7833
7700
7346
7692
7648
7553
7752
7731
8311
7705
7171
7850
7924
7796
7789
7874
7427
8315
7434
8050
7895
8055
7665
7669
7178
7445
8104
7345
7426
8142
7246
7916
7224
7980
7387
7458
7892
8540
8241
8000
8057
7907
7025
7666
8237
7247
7170
8177
7860
7518
8334
7073
7950
7241
7681
7983
8088
8026
7531
7472
7904
8049
8525
7438
7740
7732
7495
7842
7843
8002
7003
7704
7348
7726
7648
7892
7864
7995
7892
8769
8351
8092
7326
7903
8399
7985
8334
7453
8408
6806
7770
7899
7427
7389
8408
7844
7873
8159
7852
7513
7275
7738
7490
8462
7965
7700
7641
7428
8338
8011
8182
7274
7610
7633
8055
8039
8128
8335
8029
8076
8020
7468
8395
7834
7854
8168
7651
8256
7121
7812
8048
6818
7988
7421
7805
7507
8073
7643
7483
7299
8104
7966
7555
7544
7577
7290
7445
7938
6972
8249
7121
8026
7643
7638
8093
7313
7960
7613
7852
8393
7208
7834
8063
7517
8028
7572
7929
7760
8047
8210
7499
8127
8261
7845
7884
8505
7814
7942
8413
7849
8105
8251
7725
8328
7866
7840
7819
7979
7924
8092
8014
8053
7995
7639
7792
6948
7653
8048
7431
7990
8168
7777
7803
7859
8021
7865
7756
7694
7835
7954
7648
7098
8097
8013
7863
8084
7828
8022
7569
7860
7992
7979
7654
8584
7854
7493
8393
7651
7537
7976
7944
8188
7890
8612
8113
8210
7594
8065
8044
8200
7609
8238
8521
7990
8085
7566
8237
7271
7553
7443
8251
8463
8240
7468
8236
7759
7582
8147
7835
7578
7507
7381
7705
8086
9022
8456
7666
7569
8242
8167
7831
7993
8282
8074
8431
7588
7861
7420
7885
8023
8299
8475
7815
8100
8464
8237
7151
7953
8514
8062
7933
7433
7503
8494
8204
8313
8148
8330
8032
7872
8357
8343
8054
8558
7866
8690
7507
8582
7720
8466
8221
8130
8448
7515
8406
7585
7310
7616
8088
8909
7867
8350
8428
7942
8460
7860
8192
8893
7576
7884
8064
8532
8086
8407
8381
7413
8235
7705
7749
7511
7778
7618
7172
8381
8421
8192
7535
8394
8251
8120
8203
7553
7177
8080
8152
8632
8267
8017
8155
8201
7805
7444
7407
7527
8246
7851
7953
7736
7784
7750
7816
8676
8075
8367
7365
7951
7810
7658
7587
7919
8273
7870
7968
8390
7636
8434
7731
8376
7615
8045
8734
7816
7658
8059
7251
8224
8381
8456
8108
7968
8252
8110
8734
6883
7916
8080
7926
8543
7664
8098
7814
8523
8552
8948
8660
7940
8006
7766
8383
7444
7752
8109
7910
7455
8335
8181
8086
8413
8248
7957
8372
8537
7931
7757
7959
8088
8336
7531
8351
8058
8004
8475
8509
7948
7920
7781
7844
9107
8084
7849
7458
7889
7633
8214
8274
7424
8139
8647
8109
7941
8186
8359
8073
8192
8125
8471
8457
7917
8490
8790
7940
7680
7855
7615
8178
8354
8110
8270
7586
7931
8077
8382
8281
7769
7485
8417
8214
8772
8139
8086
8870
8244
9056
7530
7876
7471
8705
7730
8660
8400
8124
7654
8385
8208
8634
8024
8507
8611
8032
8270
7384
8236
8151
8357
7757
7373
7841
8013
8438
8193
8308
8507
7919
7906
8165
8283
8508
8733
8421
7821
8194
8335
7405
8320
7861
8409
7783
8155
8205
8232
7728
7864
8288
7833
8103
7864
8670
7969
8186
8651
8409
8861
8259
8818
7940
8112
7592
8392
8171
8375
7837
8708
7875
8265
8334
7890
8164
7372
8373
8523
7851
8304
8395
8685
8149
8229
8153
8863
7813
7683
8306
8037
8192
8385
7861
7970
7735
8153
8358
8958
7938
8130
8133
8301
8740
8113
8444
8571
8017
7640
9176
7726
7882
7501
8852
8394
8040
7498
8273
8513
8278
7712
7806
8313
8600
8305
8760
9601
7882
8010
7915
8193
7458
8553
8204
8184
8658
8179
8583
8603
8784
7691
8164
8599
8906
8890
7916
7693
7642
7783
8167
7791
7452
8429
8420
7898
8053
8145
8549
8726
7812
8355
7953
8528
7731
8010
8286
7790
8015
8595
8405
8471
7711
7546
8163
8461
8445
7660
8858
8478
8163
7688
8011
8940
8166
7403
8670
7766
8925
7438
8615
8036
8206
8038
7964
7742
7987
8044
8556
7669
8204
8730
8149
8687
8016
7855
8367
8071
7980
7193
8520
8277
7924
8306
7356
7797
8730
7467
8181
8658
8316
8631
8921
7881
8758
7591
8314
7721
7911
7379
8277
8155
8430
8481
8276
8018
8353
8154
8037
8712
8385
8529
8851
8573
7639
8081
7490
8830
7897
7716
8251
8682
8677
8502
8174
7557
8141
7910
8157
7819
8167
8057
8386
7563
8008
7723
8309
8442
7868
7940
8336
8068
8647
7771
7830
7569
7733
7681
7870
8645
7694
8283
9344
7735
7871
7818
8397
8537
7989
8681
7764
8732
7413
8415
8140
7719
8801
8427
8311
8159
8137
8546
8209
7905
8037
8584
8063
7430
8549
8231
8277
8026
7766
8097
8195
8022
7539
8075
8514
8009
9119
7862
7937
8390
8674
7899
8227
8781
8164
8603
7592
8336
8316
8362
8752
8681
8232
8395
8339
8714
7892
8762
8186
7936
7949
7768
7523
8755
8192
8255
7623
8189
8807
8066
7936
8154
8012
8122
8748
7833
8309
8152
8242
8475
9114
8244
8120
7771
8869
8252
8292
8834
7859
8605
8379
8662
8561
8532
8693
7710
8576
7644
7908
8199
7636
7815
8801
8410
8175
8528
8386
8776
7928
8971
8364
7910
9052
8536
7985
8408
7860
7605
8550
8163
8661
8965
8204
8192
8396
8216
9378
8751
8234
8745
8120
8749
8214
8818
8233
8201
8260
8502
7927
8709
8217
8568
8412
8678
7898
8355
8422
9108
8678
8060
8719
8781
8026
8454
8261
8015
8234
8152
8800
7482
8872
7856
8830
8142
8560
8589
7174
8626
8014
8617
8555
8531
8118
8438
8695
8190
8682
8197
8241
8017
8895
8168
8017
8832
8131
8405
8623
8287
9071
8268
8228
7994
8212
9123
8906
8684
7987
7799
8154
8133
7946
7763
8117
8644
8485
7926
8168
8944
8134
9002
7722
8372
8485
8644
8171
8276
8437
8220
8583
9053
8565
7742
8320
8744
8960
8362
8634
7963
7728
8189
8609
8151
7851
7965
8365
8561
7687
8140
8266
8513
8597
8182
8167
7741
8560
8933
8320
8644
9142
8370
8765
8415
8706
8185
8481
8043
8892
8636
7942
8129
8997
8442
8391
7826
7936
8879
8229
7790
8682
8150
8994
9223
8294
8364
7885
8356
9212
9099
8295
8420
8721
8023
8704
8639
8394
7707
8168
8382
7908
8616
7940
8678
8766
8238
8004
8043
8646
8354
8268
8586
7794
9091
7796
8144
8686
7887
8427
8531
8359
9033
8406
9186
8487
8517
8658
7838
8754
8777
9014
8110
8999
8057
9215
8385
8888
8715
8163
8207
8678
8790
8801
8839
8473
7769
8459
8717
8738
8192
8232
9179
8874
9026
8763
8507
8492
8671
8635
7997
8530
7971
9457
8468
8815
8400
8774
8862
8411
8749
9210
8781
9082
9422
8887
7722
8858
9115
8671
8357
9389
8742
8704
8330
8332
8350
8097
8704
9226
8108
8936
8884
8430
8484
8471
8698
8172
8768
8438
8886
9009
8495
8680
8077
9304
8634
8641
8992
8227
8828
9205
8628
8677
8442
7975
9363
8066
8890
8590
9330
9660
8247
8509
8745
9053
8796
8836
8893
8271
8377
8704
9156
8415
8568
8477
8381
8282
8724
8512
8749
8953
8245
9174
8842
8792
8609
9150
8712
9089
8499
8918
8826
9247
8848
8189
8437
8331
9208
8662
8843
7690
8183
8547
9361
8784
8690
8688
8568
7986
8235
8723
9195
9267
8401
9092
8686
8520
8978
8699
8892
8283
8807
8642
8656
8675
8783
8443
8340
8500
9135
8440
8749
8725
9082
9222
8681
9094
9377
8402
9045
9044
9462
9468
9097
8804
8544
8608
8742
8510
8902
8945
9445
9693
9009
9028
8439
9607
8634
8659
9160
9453
8404
9132
8223
9116
8566
9098
8310
9294
9105
8802
8453
9076
8745
8513
8989
8716
9294
9029
8448
8298
9392
9848
8848
9148
8879
8925
9258
8556
8891
8637
9550
9337
9706
9244
8771
9775
9314
9049
8952
9385
9350
9050
9015
8949
9414
8771
9008
8182
8738
8980
8926
9394
9587
9081
9074
9183
8508
9181
9394
9139
9403
9473
8797
9369
8915
8775
9131
9387
9311
9156
8526
9595
8918
9309
8618
8377
9278
8699
8847
8849
9122
9462
9114
9109
9562
9222
9499
9110
8857
9392
9300
9889
9580
9131
9331
9504
9578
8969
9193
9029
9242
8954
9580
9123
9200
9156
9429
9860
9240
9335
8648
8468
8791
8997
8834
8746
9006
9497
9338
9338
8920
9032
9636
9542
9629
9180
9905
9236
9368
9138
9257
9730
9314
9124
8918
9702
9058
9142
9608
9602
9357
9592
9183
9271
8514
9709
9099
9009
9233
9106
9416
9155
9437
9750
9468
9444
9366
9300
9183
9419
9638
9370
9125
9093
9020
9008
8868
9986
9538
9897
8772
9868
9333
9399
9631
9439
9505
9555
9472
10155
9547
9451
9544
8766
9558
9544
9252
9079
9690
9000
10261
9332
8785
9365
9468
9586
9482
9435
9382
9300
8872
9575
9792
8893
8974
9441
9463
9401
10251
9561
9041
9155
9348
9681
9695
8922
9114
9957
10024
8510
9995
9413
9975
9821
10048
9782
10121
9664
9946
9494
9656
9699
9215
9708
9083
10561
9617
9544
9903
9447
9911
9662
9630
9521
9965
9636
9310
10048
9815
9505
10228
9636
9502
9716
9191
9379
9139
9928
9641
9617
9855
10012
10349
10081
9275
9912
9638
9361
10054
9563
10014
9956
10194
9955
9299
9824
9882
9542
9821
10124
10099
9452
9580
10180
9387
10228
9899
9788
9511
10029
9973
9676
10567
9431
9810
9588
9482
10373
10543
9692
10380
10731
9756
10580
9770
9632
9978
10114
9617
9716
10314
9886
9308
10156
10468
10715
9722
10241
9929
10791
9396
10059
10386
10421
10298
10630
10338
9978
9713
9782
9876
10452
10432
9295
10302
9893
10455
10874
10442
10338
10361
10135
9760
10591
10060
10380
10222
10005
9325
9893
10244
10428
10162
9821
10629
10175
10386
10045
9965
9962
9268
10137
10488
10663
10187
10837
10019
10156
10575
10063
10472
10031
10158
10530
10525
10300
9944
11140
10061
9896
10197
10741
10913
10556
10182
10340
10221
10283
10535
9779
10304
9375
10500
9713
10406
10867
9659
11037
10465
10923
10139
10764
11063
10218
9893
10699
10769
10613
10728
10880
10839
10173
11126
10327
9807
10028
10214
9945
10904
10188
10278
10164
10189
10491
9974
10537
10882
11328
10059
11131
9794
10282
10653
10304
11026
11003
10440
11089
10906
10581
10868
10577
10666
11153
10822
10670
11035
10260
10728
11406
9715
10920
10983
11207
11611
11192
10936
10021
10135
10923
10795
11230
10627
10854
11049
10621
10580
10471
10720
10977
10837
10932
11488
10665
10505
11009
10868
11520
10711
10753
11498
10311
11451
10513
11400
10677
10696
11403
11598
11237
9976
10849
10970
10754
11066
10320
10704
11119
10745
11699
10772
11802
11040
10605
11451
9930
10690
10846
10960
10666
12186
10982
11049
11068
11426
11524
11305
11381
11048
10322
10845
11520
11010
11148
11333
11398
10935
10870
11779
11904
11184
11274
10935
11361
10822
11159
10717
11404
10982
11205
11735
11656
11556
11172
11482
11478
11509
10837
11172
10828
11436
11076
10599
11751
11892
11370
10584
11098
11276
11359
11762
11665
11017
11601
11590
11370
12033
11450
11365
11323
11808
11397
12309
11194
11818
10875
11566
11260
11110
11338
11496
11830
11188
11218
12348
11757
10958
12358
11564
11288
11794
12052
11400
12168
11848
11691
12499
11544
11709
12062
11581
11597
12163
12546
11597
11970
12026
11870
12839
12082
12081
11308
12567
12396
12672
11874
12532
12118
12884
12251
12082
12519
12071
11511
11764
12957
11705
13312
11905
12103
12174
12786
13529
12089
12411
11757
12205
12344
12400
11650
12125
12527
12315
12148
11872
12255
11648
11928
12243
12673
12722
12330
12424
12749
12656
13186
11960
12974
11999
12808
12278
12521
12910
12148
12783
11554
12452
11916
12760
12834
12714
12197
12870
13092
12869
12629
12232
12262
12324
12730
12986
12331
12536
12490
12614
13581
12500
12722
12223
12670
12440
13271
13324
13200
12532
12741
13906
12749
13010
12821
12357
12866
12669
12396
13023
12553
13053
12788
13225
13337
13338
13300
13230
12856
13247
12892
13083
13046
12800
12710
13043
12466
12805
13115
13035
12555
12589
13469
13247
13689
13760
12652
13497
12978
13222
13008
13030
13197
13380
12651
13389
12985
12637
13226
13165
13103
12969
14032
13669
13938
14025
12860
13135
13366
13648
13527
13704
13255
13866
13947
13924
13134
12800
13634
14267
13537
13316
14175
13903
14200
13862
14002
13291
13410
14117
14010
13781
14229
13518
14006
14102
13750
13781
13976
13556
13952
14168
14106
13950
14098
13455
13876
13266
13455
13101
14409
14028
13174
13918
14072
14228
14110
14235
14223
14627
13309
13772
14133
13654
13889
14587
13404
14970
13434
13433
14406
14596
13806
14017
13657
14499
14213
14275
14537
14716
14361
14853
14259
14454
14380
14565
14505
15228
14754
14698
14624
14290
15058
14365
13603
14268
14165
14699
14080
14779
14394
14486
14891
14609
14404
15254
14990
14879
14948
15143
14798
14507
13958
14419
14370
14568
15376
14616
14185
14464
15170
14829
14117
15344
14746
15101
14161
14566
15012
15117
14657
14783
14882
15043
14948
14207
14712
14946
15013
14716
14740
14886
14939
14482
14862
15064
15292
14840
15292
15338
14797
15019
16289
14863
15420
15650
14546
15165
15456
15062
15433
14570
15380
15290
14578
14292
14892
14074
14852
15554
15448
15499
15734
15160
15354
15532
14784
14928
15411
15268
15759
15430
16261
15996
15694
14504
15872
15790
15424
16172
15855
15810
15947
15993
15858
15652
15991
15937
15613
17032
16219
15419
15362
16063
16006
15779
15469
16007
16024
16907
16395
16718
16213
15990
16294
15282
16249
16354
16120
15691
16565
16293
16792
15458
16337
15840
16288
15565
16335
16676
15606
16104
15646
16620
16323
16036
16232
16750
16876
16815
17506
17062
16137
16858
16837
16402
16821
17053
17032
17516
17083
16164
16189
16550
16391
17097
16724
16755
16975
17027
16806
17014
17191
16998
17053
18061
17107
17162
16924
17421
17010
17343
17259
17881
17756
17046
17322
17346
17256
17685
17523
17470
17995
17322
17693
17179
17476
17892
17742
17464
17753
17186
17701
17876
17951
18098
17354
16987
17709
17715
18055
18454
17854
17664
18503
18009
18132
17934
18026
17723
18087
18176
17172
18443
18863
17988
18250
18248
18480
18704
18436
18678
18574
19945
18830
18961
18744
18418
19830
18962
19552
18296
18968
18568
18691
19853
19876
19506
19311
19060
19787
19794
19187
19204
19117
19140
18688
18880
18801
19347
19468
19743
19300
19533
19906
20402
19702
19578
19542
19864
20096
19784
20286
20561
19950
20650
20510
19798
19841
20212
20314
20623
20502
20904
19933
20297
20628
19656
20706
19668
20736
20145
20765
21097
20577
21062
21112
20400
21084
21226
21558
20885
21387
21659
22289
22115
21320
21172
22089
21613
21710
22121
21274
21691
21788
21978
22007
21941
21977
22712
22084
22644
22592
22858
22296
22004
23158
22704
22116
22633
22949
23383
22885
23212
22684
22722
23421
22989
23014
23400
23659
23652
24097
23769
22971
23564
23204
23659
24164
23420
24084
23918
23390
23908
25208
24074
25103
24628
24608
24409
24600
24749
25304
24471
25312
25364
25166
25693
24632
25140
25401
26091
25664
25821
27143
26504
25519
26351
25857
26334
26158
26128
26577
26505
26887
26168
27285
27106
27144
26509
26869
27044
26381
27435
26944
27940
26671
27268
28262
28044
27101
27732
26938
28356
28096
27986
28809
28348
29184
28689
28928
29524
28777
28826
28954
28969
28985
29564
29357
28632
30112
29172
29663
28906
29292
29441
29670
30040
30450
29913
30253
29922
30506
30385
30364
30967
31232
30413
30586
31088
31669
31874
31340
30804
31208
31872
30729
31527
32179
31629
32289
32988
32424
32802
33211
32820
32162
33113
33188
33380
32698
32462
33398
33292
32294
33430
33313
33704
34580
33746
33252
33320
33924
33978
33617
33908
34669
34748
34555
35471
34344
35328
34649
34816
35048
35640
34852
36191
35008
35572
35784
35858
35460
36538
35796
36891
36150
35781
35938
36377
36888
36406
36845
37288
36847
36482
37178
37850
37570
37440
37597
37864
37703
36573
37926
37867
38144
38541
38146
37700
37912
39339
38455
38394
38573
39364
39271
39592
38888
38698
39649
39285
39424
39828
39365
40026
39952
39922
39626
40108
41049
40429
40836
39581
39869
40476
40992
40970
41677
41078
41216
40840
42794
41284
40549
40740
40268
41060
40565
40772
40660
41540
41282
41661
41298
42541
42540
42508
42240
41659
42036
41370
42548
41433
42660
42308
42747
43030
42420
41452
42048
41876
42438
42558
42863
41984
42887
42565
43702
43564
43821
44401
43533
43803
43564
44358
43723
44100
43962
45590
44432
43805
44224
44571
45094
45534
44345
44246
45464
44582
45172
45325
44784
45284
45400
46116
45312
45482
46031
45627
46082
45924
44965
46346
46724
45316
45540
45173
45981
46708
45753
46104
45914
46964
46725
46060
45948
46586
46852
47208
46890
46936
47000
45925
46116
46756
47032
46336
46404
46358
45552
46057
45960
46218
46550
46950
47432
47069
47412
46801
47392
47101
47508
47098
45814
46410
46912
46964
47830
47168
47598
48804
47565
47728
47348
47162
47402
47240
48557
47826
47289
48873
47547
48388
47468
48441
48293
47808
48405
47570
48244
48217
47821
47748
48825
48358
48932
48900
48292
48501
48173
48580
47649
48574
48539
48877
48260
47556
47722
48719
48440
48810
48361
48828
48139
48299
49307
48838
49482
48984
49107
48788
48725
48731
49917
48939
49762
49466
49496
48268
48505
49301
48834
48916
48398
47908
49030
48920
48266
48617
48618
49316
48427
48226
48413
48691
48672
49288
48682
48512
49620
48292
48648
49284
48753
48918
48617
48204
49055
48468
49149
48537
48014
48028
48356
48342
48428
48228
46744
47836
47598
47673
48472
47048
47550
47340
47895
49149
48091
48628
48384
48788
48573
48916
48714
47936
47915
48772
48890
48443
48133
47929
47802
48553
48198
48712
49365
47933
47925
47973
47360
48708
47565
47688
47848
47776
48133
47560
47478
47708
48009
47517
48141
47104
48184
48734
47864
47303
47560
47547
47645
46923
47488
47446
47012
46761
46496
47480
46038
48292
47525
47244
46656
46353
46837
46477
47471
46603
46628
46013
46646
46706
45964
45756
46059
45764
46991
46884
45762
45480
45780
45890
45312
45312
45314
45389
45229
46066
45200
46212
45620
45643
45354
45008
44884
44268
44722
45349
44772
43528
44484
45184
44394
44262
44725
43818
43264
44084
45068
44253
43770
43332
43978
43611
43648
43112
43308
43838
42836
43382
43963
42873
42612
42949
43098
43104
42752
41609
42596
43072
43354
42112
42676
42518
42489
41718
41126
41142
41026
40460
40763
41524
40539
41364
40782
41181
41690
41722
41133
40092
41294
40140
41000
40166
40044
39850
39988
40982
40233
40756
40808
39577
38875
39516
39104
39589
39880
39287
38234
39176
38036
38852
39298
38792
38555
37922
38194
38635
38266
37947
37229
37972
39092
37945
37066
38118
37368
37010
37156
36646
37425
36666
35959
36710
37249
36138
36852
36582
35392
36717
36378
34824
35546
35344
35588
35762
35140
34649
34699
34597
34751
34845
35764
34253
34380
33476
34124
34276
33126
33832
34292
33450
33986
33382
34646
33309
33722
32836
32492
31882
32761
32714
32092
31846
32431
31002
32170
32194
32261
30989
31573
31650
31272
31272
31453
31402
29610
30996
30946
29373
29815
29303
30000
30136
30420
29312
29344
29740
28864
29888
29306
29513
29579
28530
28872
28493
26891
26693
27000
26884
26932
26773
27482
26784
26831
28517
27264
26920
27604
27220
27161
27614
26174
26170
25820
26669
25969
25560
26359
26293
26551
25426
25960
25160
25284
24885
24282
24760
25285
24653
24669
24410
24452
23913
24823
23752
24059
23493
23568
22764
24274
22634
22765
23163
22331
22277
23140
22386
22326
21411
22088
21892
21665
22212
21211
21032
22463
22089
20920
21034
21264
20752
20950
20338
20293
20384
20838
19904
19389
20581
20540
20171
19053
19430
20067
19100
19317
18862
19017
18513
19265
18871
18883
18485
18520
18105
17177
17852
18234
18002
17981
17846
18312
16928
16816
17168
17048
17426
17574
17205
17831
16346
16509
16831
16249
16195
16682
16146
16768
16022
16461
16405
15468
15867
16576
15440
14948
15851
15953
14859
15836
15045
15117
15000
15130
15610
14769
13986
14035
14885
14927
13905
13882
14944
14341
14549
14309
13901
14033
13589
13296
12859
13378
14499
13474
13998
12699
13022
13571
12448
12714
13136
12957
13085
12651
13123
12539
13039
12796
12538
13450
11732
12374
12533
11960
12297
12521
11866
12355
12011
12123
11726
12743
13056
11392
11383
11370
12298
11738
11464
11082
11818
11400
10469
10957
11565
11780
11758
11508
11332
11146
11374
10540
11468
10933
11350
10576
10927
10384
11060
10662
10415
11306
10116
11444
10596
11152
9936
11328
10588
10857
9610
9911
11055
10920
9942
10558
9426
10534
10178
11277
10642
10889
10100
10811
9728
9536
10365
10079
9796
9085
9948
10581
10473
10276
9775
9867
9736
9795
10698
8791
10002
9642
9954
8539
9615
9573
9809
9170
9217
9112
9891
9206
9818
9545
9901
9450
9720
