7873
7755
7004
7667
7191
9017
6804
7635
7597
7101
7631
6770
7132
7148
6826
8181
7928
7143
7917
7894
6708
7365
6790
7287
7831
7301
7669
6992
7004
7569
7672
6819
6897
6960
6971
7381
6718
7595
7176
8024
7370
7222
7214
7362
7735
6680
7855
7024
7808
7832
8640
8023
8185
7177
7059
7099
7406
6709
7320
7700
7026
6989
8147
8000
7265
7274
7286
6745
8022
7650
7459
6752
7216
7391
7579
7467
7241
7393
7436
7021
8032
7254
7829
7460
7593
7848
7554
6647
7891
7507
7469
7921
7890
7365
7073
7769
7377
8329
8521
7454
7636
7111
7963
7077
7597
7961
7057
7911
6884
7238
7716
7324
8305
7804
7624
7029
7030
8128
7973
7909
7642
7297
7013
7836
7798
8155
7989
7879
6703
7842
7400
6973
7829
7485
7683
7542
8134
7934
7724
7200
7688
7618
7014
7653
8066
7677
7573
7846
7475
7381
7982
7481
8112
7769
7090
7689
8077
7798
7964
7653
8677
7403
7588
7406
7414
7926
8265
7214
8089
6999
7672
7697
7723
6980
7502
6952
7736
8122
7906
7686
7548
8426
8094
7477
7665
8423
7836
7284
8284
7937
8200
7447
7928
7680
7324
7656
7551
7976
7820
8392
6891
7237
7949
7249
7470
7613
8018
7645
8207
7535
7789
7841
8209
7714
7424
7077
7995
7693
7717
7886
8286
7829
8117
7352
8351
7971
7828
7956
7283
8221
7064
7344
7836
7844
7316
7781
7609
7548
8066
7591
8421
7909
7264
7852
8060
7529
7883
7983
7546
8342
7357
8167
7880
8078
7726
7718
7370
7476
8319
7216
7379
8196
7316
8071
7287
7904
7415
7441
7881
8688
8443
8048
8357
8078
7212
8036
8198
7228
7416
8206
7884
7545
8164
7287
8154
7204
7696
8115
8020
8251
7750
7608
7780
7874
8742
7549
8010
7883
7350
8004
7902
8165
7092
7616
7485
7923
7499
7795
8016
7951
8001
8778
8299
7834
7467
7942
8403
7930
8341
7465
8511
6758
7684
7989
7705
7455
8560
7836
8049
8150
7929
7473
7391
7823
7668
8602
8082
7712
7477
7622
8300
8165
8216
7152
7702
7840
8016
8077
8060
8339
7963
8196
8126
7714
8320
7811
7896
8394
7450
8381
7278
8119
8239
6937
8068
7607
7837
7700
8306
7863
7546
7209
8168
7915
7614
7564
7811
7288
7604
8043
7117
8271
7086
7976
7704
7683
8200
7358
8134
7575
7808
8474
7352
7977
8358
7491
7906
7635
7944
7812
8113
8218
7688
7953
8300
8017
7887
8446
7977
8234
8581
7669
8494
8253
7856
8367
7895
7945
7872
8165
7979
8213
8173
8305
8165
7772
7794
7092
7986
8128
7486
8013
7994
7913
7841
8004
8137
8037
8039
7876
7952
8266
7886
7205
8245
8108
7837
8250
7863
8000
7553
8017
7823
8235
7915
8553
7902
7542
8502
7790
7653
7986
8137
8177
7947
8759
7973
8172
7712
7908
8196
8279
7514
8303
8651
8130
8502
7611
8293
6999
7601
7309
8262
8612
8371
7514
8600
8098
7880
8192
7925
7853
7728
7567
7736
8134
8978
8413
7879
7718
8185
8506
7785
8096
8425
7764
8287
7493
8012
7477
7974
8011
8296
8622
8125
8330
8410
8230
7420
7861
8744
8068
8057
7802
7445
8504
7997
8475
8396
8356
8345
7934
8192
8474
8180
8600
7691
8389
7601
8636
8158
8697
8252
8184
8404
7778
8500
7493
7307
8085
8066
8912
8054
8346
8598
8138
8502
8231
8179
8839
7725
7915
8172
8565
8216
8405
8517
7466
8367
7899
7713
7846
8020
7602
7248
8397
8389
8231
7569
8413
8269
8015
8280
7615
7359
8421
8223
8590
8217
8175
8204
8161
7790
7544
7620
7534
8240
7664
8121
8110
7951
7656
8145
8733
8141
8330
7488
7998
8192
7874
7601
7912
8344
7938
8014
8460
7644
8564
7922
8413
7603
8293
8639
7927
7810
8177
7321
8299
8411
8493
7907
7832
8102
8298
8924
7334
7966
8217
8148
8607
7611
8206
7837
8644
8851
9041
8875
7948
7856
7740
8426
7762
7681
8234
7954
7561
8405
8250
8232
8580
8419
8033
8254
8470
8139
7937
8198
8219
8178
7782
8532
8035
8241
8656
8524
8138
8158
8086
7863
9304
8272
7877
7468
7933
7801
8161
8491
7631
8263
8499
8248
7918
8185
8295
8205
8200
8162
8457
8414
7997
8448
8762
8110
7734
7907
7549
8034
8256
7987
8437
7543
7897
8108
8637
8472
7892
7526
8362
8313
8626
8224
8001
8769
8268
8900
7820
8153
7640
8837
7682
8646
8580
8320
7527
8317
8416
8354
8118
8469
8645
8108
8361
7428
8232
8245
8420
7910
7173
8005
8053
8448
8141
8310
8657
8229
8001
8275
8391
8633
9035
8355
7588
8323
8384
7590
8497
7963
8504
7724
8233
7868
8209
7722
7905
8167
7958
8481
8063
8825
8426
8262
8628
8513
8766
8650
9019
7742
8190
7593
8353
7819
8480
7990
8877
7771
8463
8282
7865
8251
7361
8568
8372
7709
8343
8368
8874
8270
8348
8193
9094
7919
7967
8564
8011
8339
8541
7994
7982
7936
8411
8284
8982
8033
8127
8063
8437
8986
8187
8252
8648
8054
7800
9096
7867
8247
7488
8722
8346
7912
7527
8132
8480
8438
7632
7785
8411
8581
8212
8857
9478
7938
7895
7944
8331
7438
8685
8527
8512
8873
8142
8640
8494
8595
7690
8233
8720
8545
8994
7982
7669
7499
7582
8111
8141
7518
8367
8250
8036
8480
8278
8369
8542
7865
8322
7984
8696
7742
8174
8160
7709
7948
8555
8344
8522
7696
7385
8203
8765
8271
7890
8671
8572
8180
7819
7992
8990
8194
7495
8658
7859
8873
7762
8432
7943
8442
7988
8140
7777
8087
8147
8631
7880
8117
8667
8218
8791
8164
7917
8448
7941
8299
7553
8570
8398
7974
8359
7545
7816
8422
7609
8129
8761
8363
8630
8988
7965
9060
7447
8183
7797
8089
7438
8411
8159
8429
8279
8281
7819
8343
7895
7884
8549
8320
8596
8862
8743
7792
8193
7594
9069
7989
7895
8457
8665
8636
8638
8421
7550
8285
8093
8204
7975
8081
8224
8588
7670
7940
7996
8468
8731
7961
8153
8323
8359
8826
7712
7892
7524
7711
7711
7854
8545
8018
8214
9181
7919
7994
8004
8382
8709
8066
8885
7940
8734
7297
8520
8486
7929
9103
8610
8459
8286
8056
8674
8233
7702
8053
8442
8237
7677
8671
8269
8442
7953
7878
8238
8112
8216
7603
8246
8460
8025
9260
8052
8162
8440
8844
7875
8386
8613
8591
8513
7845
8476
8618
8522
8584
9111
8361
8393
8006
8789
8159
8877
8210
8066
8005
7759
7442
8750
8226
8433
7826
8229
8551
7982
7912
8308
8243
8078
8372
8116
8293
8348
8354
8286
9070
8215
8199
7744
8890
8420
8192
8784
7798
8776
8235
8633
8557
8576
8764
7689
8286
7836
7953
8077
7668
8042
8769
8521
8388
8574
8260
8950
7950
8994
8301
7985
9075
8441
7985
8220
8025
7700
8644
8137
8886
9078
8449
8521
8639
7795
9368
8898
8158
8614
8296
8552
8192
8908
8313
8086
8244
8594
8036
8311
8253
8610
8254
8689
8144
8262
8277
9068
8653
7885
8806
8909
7801
8495
8730
8051
8238
8159
8718
7488
8646
7894
9033
8161
8661
8601
7104
8512
8215
8693
8407
8439
8410
8308
8647
8266
8484
8203
8278
7896
8834
8475
7874
9093
8299
8590
8978
8340
9105
8116
8390
7920
8092
9328
9030
8561
8149
7807
8104
8226
7765
7798
8556
8434
8411
7893
7958
9151
8147
9013
7951
8210
8500
8776
8271
8371
8472
8671
8597
9003
8488
7862
8527
8665
8882
8163
8433
7965
7658
7882
8568
8112
7906
8179
8522
8757
8008
8240
8175
8605
8642
8448
8202
7780
8536
8849
8090
8607
8926
8056
8738
8201
8420
8228
8609
8168
8687
8539
8054
8399
8934
8651
8358
7886
7904
8679
7893
7634
8609
8212
8971
9331
8224
8450
7662
8334
8975
8868
8460
8547
8874
8360
8535
8915
8205
7768
8024
8519
7927
8480
7885
8614
8744
8279
7887
7995
8657
8592
8231
8481
7796
8934
7963
8314
8602
7994
8370
8711
8451
9074
8292
9066
8294
8334
8512
7837
8552
8769
9125
8118
9057
8080
9183
8452
8919
8848
8275
8288
8428
8542
8519
8937
8466
7748
8334
8551
8733
8234
8065
9127
8900
8680
8737
8342
8552
8444
8685
7972
8589
8029
9349
8482
8815
8363
8723
8983
8127
8693
8834
8657
8913
9231
8770
7579
8819
9300
8752
8524
9358
8638
8653
8370
8222
8344
8200
8676
9074
7989
8916
8743
8441
8423
8444
8869
8079
8548
8220
9139
9050
8538
8570
8381
9041
8590
8580
8798
8271
8934
8881
8469
8639
8381
7999
9181
7913
8738
8132
9440
9478
8123
8393
8549
8733
8753
8633
8946
8302
8203
8670
9258
8360
8364
8350
8408
8011
8673
8528
8781
8982
8125
9095
8717
8634
8343
8943
8800
8780
8629
8640
8891
9090
8520
8210
8437
8284
9111
8657
8749
7483
7865
8459
9306
8800
8695
8770
8614
7952
8027
8836
9029
9079
8470
8966
8660
8334
8883
8450
8664
7929
8648
8600
8712
8426
8936
8157
8161
8324
9037
8305
8589
8577
9124
9057
8884
9335
9076
8205
8797
8808
9378
9385
9029
8884
8612
8534
8715
8336
8678
8632
9322
9332
8694
8814
8278
9370
8759
8543
8875
9270
8217
9038
8097
9046
8719
9088
8172
9340
8911
8617
8317
8946
8534
8536
8676
8426
9139
8918
8307
8309
9453
9652
8846
9052
8498
8603
9029
8392
8740
8717
9262
9088
9449
9022
8543
9605
9310
8697
8896
9217
8937
9057
8906
8932
9142
8594
8766
8242
8589
8884
8909
9024
9179
8810
8708
8952
8308
8964
9064
9029
9263
9293
8521
9280
8922
8349
8647
9107
9198
9011
8192
9528
8448
9428
8765
8013
9118
8434
8774
8728
9213
9158
8802
9079
9447
8919
9057
8741
8371
9262
9127
9472
9196
9088
8988
9315
9274
8699
8723
8932
9172
8824
9203
9265
8771
8939
9047
9237
8950
9038
8349
8202
8586
8688
8785
8345
8982
9082
8955
9164
8940
8709
9120
9170
9456
8954
9550
8923
9216
8992
8823
9693
8868
8927
8828
9475
8693
8642
9511
9268
9157
9216
8916
8993
8239
9481
8738
8940
8846
8696
9230
8966
9255
9452
8996
9065
8948
9048
8801
9157
9302
9064
8709
8802
8712
8727
8523
9307
9051
9401
8442
9629
8893
9068
9272
9114
9235
9184
9166
9754
8966
9111
9211
8473
9372
9242
8880
8915
9267
8695
9858
9018
8538
8998
9117
9316
9286
9121
8924
9048
8672
9268
9380
8692
8466
9128
9055
8935
9931
9195
8509
8878
8741
9404
9364
8661
8854
9492
9597
8334
9611
8943
9692
9408
9551
9306
9690
9065
9752
8990
9376
9192
8924
9236
8658
10214
9229
8868
9188
9288
9348
9387
9105
9396
9422
9368
8804
9659
9574
9062
10122
9290
9073
9092
8611
8907
8924
9181
9099
9308
9342
9741
9620
9807
8810
9272
8932
8815
9616
9083
9657
9069
9704
9622
8872
9284
9613
9091
9367
9701
9597
9137
9076
9686
9032
9683
9390
9260
9140
9382
9500
9029
9883
9122
9419
9008
9051
9428
9919
9323
9781
10032
9059
10310
9392
8960
9344
9477
9254
9049
9972
9671
8916
9483
10080
10258
9256
9829
9666
10086
8652
9451
9783
10122
9925
10009
9775
9035
8821
9221
9108
10117
9942
8996
9967
9768
9810
10336
9800
9577
9616
9712
9254
9779
9189
9652
9483
9583
8565
9436
9389
10070
9650
9238
10230
9452
9451
9427
9552
9400
8732
9550
9709
10084
9555
9959
9395
9413
9972
9378
9788
9475
9426
10104
9714
9641
9238
10829
9539
9401
9442
10139
10234
9730
9615
9713
9704
9704
9844
8971
9490
8577
9791
9232
9510
9954
9050
10168
9492
10232
9347
9902
10283
9632
9256
9788
10157
10153
9630
10139
10258
9568
10497
9558
9317
9344
9424
9526
10058
9775
9555
9847
9356
9590
9433
9747
10144
10606
9317
10368
9356
9462
9794
9602
10183
10334
9918
10250
10028
9881
10141
10084
10119
10462
10060
9838
10216
9640
9620
10450
9233
10170
10182
10422
10536
10288
10175
9345
9285
9978
9884
10736
9877
10331
10350
9742
9567
9476
9895
10292
10094
10125
10505
9866
9393
10012
9954
10674
10100
9765
10333
9562
11049
9693
10455
9964
9678
10467
10706
10305
9320
9736
10036
9984
10183
9626
9604
10159
9617
10347
9668
10970
10126
9647
10299
9151
9788
10016
10266
9688
10843
10269
10416
10299
10400
10653
10376
10260
10360
9226
9866
10375
9905
10201
10278
10357
10096
9935
10665
10765
9971
10435
9851
10140
9664
10203
9941
10233
9832
10160
10585
10488
10509
10255
10396
10580
10348
9711
9823
9944
10393
9834
9562
10924
10960
10356
9885
9889
10357
10483
10819
10644
9816
10571
10465
10229
10974
10426
10676
10120
10277
10292
11093
10068
10900
10156
10442
10133
9856
10300
10299
10896
10175
10188
11226
10760
10040
11096
10516
10437
10901
10734
10350
10421
10364
10854
10944
10304
10695
10996
10410
10490
11020
11206
10498
10641
10867
10400
11397
10786
10938
10344
11464
11012
11450
10469
10707
10808
11484
11085
10761
11287
10843
10122
10704
11421
10286
11277
10522
10601
10797
11373
12080
10667
11200
10530
11081
11406
11012
10440
10964
11167
10855
10803
10640
10920
10575
10540
10949
11304
11468
10946
10995
11436
11164
11853
10584
11694
10415
11319
11062
10787
11132
10859
11378
10352
10870
10329
11184
11374
11561
10798
11378
11708
11238
11001
10912
11045
10618
11396
11379
10594
11074
10878
11236
12338
11121
11092
10824
11224
10818
11733
11520
11336
10957
11204
12530
11128
11250
11394
10903
11059
10996
10971
11448
10746
11483
11272
11579
11809
11643
11613
11829
11435
11634
11147
11485
11679
11229
10917
11577
10765
11364
11584
11496
11152
11138
12283
11586
12005
12257
11098
11759
11444
11592
11424
11200
11463
11942
11133
11783
11190
11009
11477
11684
11534
11234
12340
12062
12348
12357
11267
11402
11937
11939
11736
12027
11586
12348
12189
12008
11639
11059
11795
12783
11910
11813
12181
12173
12372
11945
11763
11465
11955
12221
12218
12338
12870
11991
12393
12477
11946
11944
12074
11668
12173
12445
12493
12324
12407
11657
12244
11614
11608
11483
12506
12141
11284
12168
12343
12389
12673
12229
12264
12589
11752
12129
12568
11964
12087
12760
11345
12964
11641
11844
12650
13122
11954
12040
11757
13058
12272
12512
12840
12857
12255
12719
12218
12624
12269
12551
12642
13175
12708
12908
12504
12427
13035
12695
11470
12706
12181
13177
12358
12569
12610
12649
13030
12645
12789
13398
13063
13002
13307
13480
13110
12990
12376
12521
12602
12779
13496
13030
12237
12603
13395
13181
12352
13149
12726
13305
12166
12763
13452
13192
13020
12864
13088
13019
12942
12280
12889
12987
12756
12456
13330
13078
13436
12687
13199
13182
13391
13223
13650
13709
12891
13374
14260
12778
13380
14035
12648
13153
13261
13149
13730
12981
13635
13741
12863
12403
13054
12596
12914
14220
13961
13688
14080
13636
13534
13864
12987
12960
13647
13328
14212
13204
14601
14306
14076
12842
13975
14067
13522
14484
14029
14244
14133
14470
14212
14166
14250
14383
14037
15061
14279
14015
13864
14270
14561
14041
13704
14345
14416
15276
14951
14962
14776
13986
14402
13786
14895
14780
14712
13966
14438
14731
15162
14412
14764
14676
14536
14076
14842
15001
14403
14641
13938
14788
14814
14510
14720
14658
15396
15288
15796
15638
14805
15333
15172
14701
15155
15786
14865
15934
15322
14922
14604
15195
14955
15529
15013
15000
15856
15674
15070
15305
15531
15456
15536
16133
15648
15764
15248
16152
15419
16030
15886
16401
16104
15717
15752
15761
15891
16107
16234
15560
16819
16149
16238
15856
16104
16452
16530
16311
16405
16118
16114
16656
16354
17065
16499
15848
16386
16650
16865
17189
16729
16521
17337
17058
16736
16916
17112
16592
16910
16920
16335
17141
17789
16836
17335
17573
17611
17746
17423
17546
17089
18782
17394
17552
17736
17481
18436
17656
18436
17539
17873
17478
17807
18957
18897
18469
18452
18280
18589
19013
18142
18591
17847
18475
17776
17828
17863
18304
18869
18920
18619
18506
19325
19540
19391
18705
18856
19389
19539
18800
19280
19580
19420
19890
19961
18720
19531
19463
19534
19754
19716
20383
19205
19914
19776
19532
20141
19069
20332
19722
20356
20528
20229
20372
20873
20336
20389
20798
20940
20629
20638
21360
21589
21368
21101
20876
21698
21292
21283
21936
21202
21158
21108
21558
21614
21675
21564
22253
22136
22261
22192
22584
22194
21834
22998
22036
22205
22519
23228
22888
22789
22805
22798
22816
22869
22925
22791
23053
23517
23594
23963
24366
23114
23366
23436
24453
24369
23340
24252
24109
23636
24260
25450
24698
25218
24577
24832
24293
25040
25102
25677
24823
25856
25707
25894
26032
25019
25760
26010
26440
26220
26564
27668
26941
25826
26197
26604
26763
26788
27051
27304
27047
27261
26589
27653
27395
27692
26816
27826
27462
27152
28136
28066
28928
27762
28428
28393
29086
28148
28777
28552
29455
28791
29284
29538
29435
30034
29702
29952
30630
30081
29722
29991
30355
29581
31000
30495
29636
30772
30601
31210
30356
30216
30330
31115
31656
31457
31020
31426
31313
32182
32000
32080
32397
33024
31808
31679
33081
33146
32789
32664
32028
32786
33184
32792
33485
34068
33204
33805
34902
33994
34284
34861
34900
34064
35140
35488
35112
34652
33972
34996
35012
34036
35314
35456
35289
36001
36041
35515
35780
36284
36297
36077
36044
37073
36638
36836
37474
36939
37994
36676
37353
37269
38172
37261
38370
37552
38117
38412
38155
38476
38364
38416
39176
38179
37963
38426
39332
39666
39296
39716
39749
39780
39355
39390
40250
40356
40448
40537
40248
40652
39236
40809
41067
40845
41260
40721
41196
40651
42349
42036
41529
41353
42228
42184
42049
42374
42240
42934
42284
42413
42784
42908
43403
43554
43108
43042
43501
45006
44128
44766
43220
43674
43610
44214
44506
45069
43980
44505
44251
45996
44807
44272
44516
43860
44887
44416
44531
44410
44500
44608
44975
44500
45993
46581
46283
45732
45689
45825
46011
46412
45530
46249
46442
46966
46932
46282
45542
45957
45277
46096
46025
47232
46360
46297
46777
47348
47066
47660
48698
48073
48256
47821
48645
48407
48264
48408
49836
48770
48164
48080
48674
48658
50006
48488
49034
49380
48983
50002
49184
49300
49408
49629
50661
49556
49765
50188
49708
50134
50488
49732
50432
50834
50090
49792
50745
50706
50118
50900
50662
51004
51318
51546
50810
50824
51300
51572
51338
51993
51588
51948
50825
50955
51062
51796
51224
50472
51042
50156
51416
50619
51176
51362
51848
52314
51935
52384
51607
51962
52122
52680
52417
51410
51394
52052
51613
52889
52116
52555
53604
52888
52736
52736
52464
52572
52932
53782
52005
52149
53542
53428
53288
52090
53956
53485
54136
53181
52781
53677
52548
53632
52872
53646
53282
54133
53805
53632
53339
52992
53960
52635
53018
53545
54235
53981
53227
53034
54345
53944
54166
53702
54309
53858
54150
54682
54008
55397
54852
54493
54234
54100
54994
55035
54125
55246
54472
54306
53376
53434
54213
53948
53908
54028
53430
54025
54560
54516
53772
54320
54528
53824
54070
53464
53721
54234
54622
53618
54247
54872
53304
54363
54529
54466
53800
53480
52584
53833
53466
53668
53627
53953
52954
53828
54075
53828
53426
52248
52652
53124
52590
54021
52548
52810
52908
52378
54356
53061
53892
54004
54312
54536
54440
54365
53163
53691
53268
54133
54100
53460
53842
53412
53977
53382
53685
54280
53714
53768
53432
53108
53658
53173
53043
53304
53412
53604
53076
53064
53118
52556
52650
53530
52872
53384
53588
53106
52057
53090
53114
53316
52043
52642
52868
53252
52682
52270
52708
51388
53026
52380
52418
52152
51316
52148
51776
52228
52022
51814
50872
51982
51904
51345
50554
50846
50421
51546
51760
50292
50388
51294
50448
50454
50200
50157
49691
50948
50965
50092
50989
50356
50111
50517
50486
50449
48717
49753
49488
49672
48370
49802
50054
49478
49352
48884
48522
48256
49083
49162
48603
49428
48623
49225
48365
48424
48160
48298
48431
47744
48090
49082
47524
48106
47140
47049
47796
47296
46909
47124
47672
48219
47480
47080
47179
47583
45682
46008
45732
45318
45556
45433
45856
45316
45717
45524
45620
45770
46842
46096
44640
45446
43948
45627
44629
44634
44026
44204
44955
44466
44743
44452
43704
42964
43910
43302
43264
43967
43304
42619
42820
41998
42378
43192
42276
42866
42288
42606
42468
42352
41919
41786
41514
42428
41666
40625
41714
41216
40861
41985
40740
41202
40789
40056
40388
40751
39765
40333
40180
39604
40372
40216
38619
39082
39188
38902
39812
38842
38372
37900
38401
37968
38541
38854
37532
37624
37400
37468
37689
36734
37561
37748
37440
37049
36598
37678
36480
36956
36052
35666
35410
36002
35612
35593
35477
35564
34216
35116
35522
35192
33927
34477
34612
34517
34093
33956
33663
32653
33666
33988
32224
32646
31815
32557
32908
32738
31990
32424
32886
31959
32668
32185
32798
32084
31672
31326
30769
29606
29142
29145
29505
29229
28877
30326
29402
29417
30764
29746
29586
29894
29906
29211
29686
28244
28351
28218
29160
28296
27928
28536
27722
28985
27956
28026
27556
27581
26917
26487
26662
27492
26973
26830
26307
26352
26154
26855
25801
25712
25386
24948
24550
26172
24545
24853
24891
23732
24552
24730
24012
23988
23352
23885
23603
23508
24036
22675
22683
24356
23826
22507
22730
23386
22566
22983
21948
21838
22152
22466
21421
20698
22032
21752
21485
20728
20645
21498
20821
20776
20228
20722
20140
20457
20133
20075
19853
19685
19749
18836
19584
19468
19140
19285
19274
19453
17925
18314
18146
18119
18636
18809
18597
19194
17279
17101
17408
17460
17083
17725
17091
17486
17284
17548
17380
16548
16880
17666
15873
16148
16875
17074
15542
16856
16028
15908
15825
15770
16464
15890
14996
14896
16019
15448
15001
14679
15397
15008
15244
15030
14749
14749
14459
14125
13696
14097
15098
14164
14806
13715
13816
14016
13486
13812
13690
13780
13786
13476
13673
13156
13711
13435
13279
14184
12330
13231
13035
12512
12705
12896
12532
13096
12464
12459
12527
13346
13493
12086
11947
12210
12821
12339
12060
11466
12264
11622
10845
11404
12053
12416
12116
11869
11987
11752
11705
10978
12015
11417
11562
11026
11525
10766
11475
10973
11157
11741
10816
11809
11189
11397
10496
11852
11124
11253
10086
10295
11708
11281
10088
10860
9883
11161
10664
11525
10936
11034
10290
10872
10285
10005
10728
10374
10251
9483
10567
11054
10810
10487
10204
9988
10008
10105
11055
9352
10326
10206
10058
9051
9762
9833
10430
9446
9787
9689
10326
9367
10024
9865
10084
9717
9666
