7876
7973
7286
7965
7437
9262
7326
7750
7737
7325
7808
7179
7302
7401
6909
8186
7958
7031
8068
7931
6734
7485
6902
7738
7930
7559
7989
7442
7157
7688
7845
7029
6995
7041
7208
7533
7121
7798
7614
8181
7864
7341
7219
7591
7695
7015
8106
7458
7978
8021
8857
8484
8416
7317
7333
7517
7466
6850
7311
7891
7333
7212
8127
8126
7441
7269
7553
7093
8320
7925
7680
6857
7377
7673
7816
7993
7523
7778
7545
7239
8205
7764
7784
7583
7693
8178
7548
6825
8226
7714
7841
8114
8191
7531
7189
8158
7564
8618
8624
7395
7937
7356
7966
7102
7949
8110
7133
8237
7437
7460
7926
7259
8610
7884
7953
7307
7533
8314
8099
8315
7766
7551
7513
7925
7861
8197
8476
8123
7157
7866
7717
7372
7928
7781
7830
7558
8378
8414
8206
7440
8002
7830
7498
7560
8401
7947
7936
8071
7568
7557
8339
7613
8385
7804
7306
7805
8289
8150
8153
7703
8674
7836
7873
7595
7586
8088
8252
7456
8302
7341
7837
7938
7979
7260
7480
7300
7919
8193
8135
7777
7797
8597
8220
7592
7919
8558
7891
7676
8799
8168
8552
7941
8287
8062
7685
8202
7766
8269
8020
8648
7217
7113
8229
7649
7306
7758
8143
8152
8374
7960
8012
7981
8685
7866
7443
7147
8042
7948
7962
8017
8521
8225
8047
7407
8502
8243
8028
8170
7609
8425
7666
7404
8152
8105
7297
7963
7855
7800
8057
7926
8672
8182
7568
7894
8217
8064
8203
8334
7960
8606
7652
8517
8104
8384
7884
8020
7638
7996
8411
7611
7708
8625
7801
8135
7387
8355
7716
7802
8215
8973
8698
8340
8572
8284
7371
7999
8377
7626
7490
8509
8165
7746
8394
7490
8344
7616
7958
8578
8348
8443
7879
7758
8028
8524
8751
7997
8262
8134
7826
8228
8183
8351
7519
7875
7793
8119
7812
8181
8173
8276
7962
9326
8614
8216
7660
8431
8801
8149
8579
7986
8792
7318
8234
8337
7962
7963
8770
8345
8279
8438
8064
7804
7442
7773
7945
8640
8146
8057
8001
7807
8754
8214
8499
7613
8022
8185
8309
8450
8397
8700
8180
8307
8347
7797
8610
8338
8285
8894
8013
8851
7541
8283
8561
7430
8482
7810
8144
7817
8578
8051
7739
7551
8356
8204
7963
7796
7973
7586
7959
8188
7454
8533
7419
8352
8119
8002
8365
7523
8281
7934
8061
8533
7416
8306
8630
7881
8106
8025
8255
7860
8340
8349
7680
8305
8644
8160
8258
8783
7994
8331
8895
8420
8744
8553
8002
8565
8336
8244
8187
8425
8402
8303
8309
8554
8513
7950
8015
7106
8108
8346
7689
8357
8354
7939
7998
8234
8700
8347
8194
8041
8095
8314
8076
7543
8352
8466
7864
8465
8155
8366
7828
8193
8373
8525
8301
9011
8025
7808
8624
7909
7707
8246
8206
8618
8087
8958
8184
8636
7969
8448
8532
8697
7925
8718
9018
8451
8634
7719
8389
7519
7913
7548
8436
8912
8670
7705
8963
8348
8158
8304
8158
8137
7819
7746
8370
8478
9522
8700
8331
7893
8602
8619
8145
8495
8659
8189
8721
7657
8217
7651
8294
8494
8686
9022
8248
8443
8642
8509
7467
8131
8772
8354
8453
7892
7769
8879
8627
8964
8450
8541
8723
8435
8531
8656
8381
8557
8112
8770
7917
9071
8145
8795
8454
8481
8614
7767
8926
7798
7629
8222
8443
9510
8214
8580
8811
8285
8732
8385
8480
9112
7930
8500
8656
8918
8373
8725
8871
7892
8508
8121
8027
7940
8082
8172
7602
8629
8753
8284
7805
8639
8424
8412
8693
7643
7673
8680
8373
9160
8388
8548
8589
8409
8094
7734
7750
7961
8495
8047
8207
8281
8124
8014
8383
9106
8468
8683
7901
8370
8510
8132
7813
8169
8230
8271
8171
8610
8030
8846
8156
8520
8094
8511
8948
8252
7892
8463
7582
8347
8950
8578
8293
8105
8341
8464
9131
7278
8212
8372
8449
8950
8007
8443
8173
9085
9145
9232
9108
8135
8356
8022
8827
8021
8060
8408
8182
7879
8783
8424
8515
8744
8347
8424
8699
8662
8504
8257
8260
8421
8644
8080
8390
8281
8320
8818
8815
8316
8370
8187
8069
9453
8509
8120
7711
8165
7793
8410
8691
7907
8610
8760
8550
8250
8580
8567
8456
8593
8181
8866
8716
8315
8964
9120
8175
7767
8008
8151
8491
8641
8196
8784
7768
8250
8495
8797
8633
8126
7917
8868
8772
8941
8484
8517
9236
8463
9258
8076
8409
7741
9082
8020
8845
8990
8454
7919
8508
8525
9034
8550
8795
8938
8315
8579
7613
8558
8608
8726
8013
7573
8316
8296
8765
8281
8623
8758
8370
8116
8448
8322
8760
9113
8881
8147
8542
8537
8001
8849
8406
8766
8102
8440
8299
8417
7884
8356
8526
8373
8525
8143
8982
8529
8667
8937
8982
9047
8832
9181
8256
8348
7930
8580
8280
8770
8089
9028
8321
8760
8462
8161
8372
7388
8726
8784
7996
8534
8624
9139
8309
8439
8539
9121
8346
8177
8732
8226
8568
8704
8346
8333
8208
8586
8639
9274
8090
8333
8252
8772
8952
8412
8603
8848
8289
7968
9458
8275
8272
7757
9327
8549
8292
7565
8400
8637
8724
7930
8150
8640
8788
8428
9034
9607
8157
8165
8403
8478
7725
8837
8681
8549
8989
8370
8775
8875
8888
7926
8089
9055
9094
9254
8406
8173
7909
7918
8503
8388
7828
8612
8712
8336
8479
8320
8708
8835
8101
8690
8204
8869
8098
8312
8578
8081
8104
9223
8498
8660
8181
7734
8545
8738
8766
8010
9065
8804
8638
8023
8302
9167
8596
7637
9018
8160
9100
8060
8748
8470
8545
8256
8367
8103
8133
8159
8758
8189
8307
8762
8476
9001
8310
8262
8724
8194
8448
7481
8713
8625
8256
8663
7702
8219
8766
7753
8458
8768
8572
8788
9018
7977
9178
7887
8533
7881
8292
7849
8706
8557
8741
8585
8556
8159
8525
8171
7972
8872
8537
8931
9309
8928
8060
8370
7862
9570
8332
7924
8568
8986
9008
8862
8465
7852
8642
8255
8394
8182
8323
8379
8794
8013
8299
8247
8730
8903
8260
8241
8701
8517
9207
8018
8119
7717
7820
8041
8065
8848
8130
8553
9202
7982
7952
7995
8386
8801
8260
8997
8154
8989
7609
8618
8375
8076
9254
8940
8504
8484
8247
8896
8564
7992
8139
8557
8254
7889
8982
8590
8748
8214
7976
8546
8381
8484
7630
8789
8665
8185
9479
8212
8183
8427
8903
8129
8521
8878
8465
8964
8225
8544
8711
8742
8900
9112
8560
8426
8298
8878
8329
9343
8608
8128
8059
7952
7617
9001
8717
8420
7779
8072
8712
8185
8052
8706
8412
8118
8872
8354
8410
8376
8387
8387
9582
8251
8374
8175
9160
8673
8541
9087
8131
8778
8521
8818
8716
8524
8801
7994
8493
7986
8311
8366
8009
8134
8941
8656
8643
8866
8505
9211
8242
9329
8464
8214
9375
8562
8325
8511
8125
7738
8632
8356
9131
8731
8553
8516
8876
8177
9437
8834
8416
8828
8475
8938
8601
8909
8328
8405
8265
8710
8101
8525
8431
8989
8442
8783
8230
8330
8787
9541
8842
8160
9052
9092
8173
8613
8808
7968
8499
8322
8901
7758
8876
7981
9405
8242
8795
8671
7491
8660
8367
8794
8930
8550
8579
8554
8907
8284
8866
8486
8521
7770
9156
8305
8030
9225
8432
8748
8849
8758
9233
8448
8487
8071
8229
9290
9036
8844
8571
8072
8338
8318
8196
8197
8624
8708
8744
8433
8416
9119
8408
9182
8070
8403
8729
8914
8262
8442
8568
8866
8844
9097
8584
7668
8751
9235
8922
8488
8697
8021
7912
8405
8729
8221
7950
8246
8515
8737
8060
8572
8249
8707
8696
8371
8466
8189
8740
8945
8313
8821
9234
8285
9088
8377
8848
8156
8815
8054
8813
8713
8052
8527
8596
8784
8526
7945
8165
8690
8278
7599
8925
8301
9139
9295
8519
8687
7974
8347
9332
9085
8413
8532
8807
8348
8630
8947
8251
7818
8279
8596
8093
8829
8119
8672
8991
8406
8104
8159
8858
8448
8574
8812
8139
9082
7812
8255
8500
8163
8646
8732
8661
9263
8284
9387
8434
8344
8850
8072
8775
8854
9298
8444
9172
8093
9306
8797
9016
8797
8345
8314
8474
8663
8747
8827
8666
8109
8546
8553
8749
8194
8504
9314
8796
8961
8726
8530
8578
8504
8705
7953
8659
8275
9357
8665
8963
8637
8856
8962
8296
8764
9189
8876
9005
9280
9086
7730
8797
9307
8777
8512
9251
8601
8792
8438
8248
8526
8107
8891
9275
8203
8859
8906
8516
8613
8589
8929
8380
8821
8213
9111
9069
8456
8691
8359
9070
8506
8405
8986
8511
9145
8891
8878
8590
8696
8302
9080
8157
9028
8441
9448
9778
8153
8644
8762
8962
9138
8860
8886
8507
8470
8771
9260
8354
8670
8413
8628
8265
8843
8491
8786
8751
8297
9070
8814
8725
8610
8750
8753
8804
8454
9027
8811
8906
8715
8410
8321
8105
9259
8794
8773
7591
8143
8633
9344
8807
8578
8758
8500
7698
7960
8983
9049
9246
8439
9037
8592
8489
8682
8531
9004
8358
8810
8772
8793
8589
8754
8431
8284
8375
9033
8363
8632
8478
8982
9135
8674
9129
9392
8444
8867
9014
9309
9464
9017
8890
8847
8537
8581
8507
8671
8873
9380
9389
8678
8875
8276
9445
8758
8502
9104
9187
8250
8965
8346
8999
8425
8962
8138
9232
8919
8772
8514
9105
8493
8686
8629
8498
9046
8840
8404
8366
9091
9606
8850
9016
8526
8468
9108
8466
8523
8734
9396
9053
9518
9068
8561
9630
9317
8812
8548
9398
9050
9080
8841
8816
8975
8532
8886
8393
8570
8930
8576
9122
9216
8963
8763
8869
8352
8816
8908
9110
9288
9261
8631
9100
8626
8481
8629
9383
9112
8840
8364
9302
8383
9168
8563
8175
9079
8516
8408
8593
9097
9003
8713
9002
9355
8805
9319
8645
8665
9219
9050
9562
9228
8974
8864
8931
9375
8739
8772
8816
8887
8719
9173
9029
8799
8780
9200
9413
9046
9137
8187
8149
8679
8593
8488
8265
8728
9092
8683
9260
8851
8584
9168
9113
9408
9018
9519
8818
9189
8668
8710
9332
8785
8578
8746
9316
8771
8736
9161
9238
9019
9189
8919
9055
8167
9267
8549
8795
8932
8596
9028
8783
9023
9367
9157
8769
8794
9006
8794
8853
9169
8878
8514
8470
8738
8688
8420
9145
9068
9337
8193
9508
8737
9206
9032
9306
9103
8970
8822
9758
8902
9274
8956
8312
9116
8966
8652
8488
9186
8338
9774
9038
8337
9081
8774
9000
9021
8785
8969
8727
8651
8843
9256
8458
8383
8843
8901
8649
9665
9045
8367
8530
8577
9202
9097
8196
8439
9162
9474
7934
9510
8961
9369
8913
9270
9272
9374
8943
9428
8958
9020
8973
8744
9033
8313
9951
9066
8708
9060
8904
9363
9052
8861
9171
9316
8932
8718
9230
9085
8650
9611
8967
8731
9044
8457
8727
8487
9030
8893
8739
8931
9357
9428
9559
8632
9065
8692
8425
9368
8761
9173
8996
9356
9412
8526
8814
9303
8758
9113
9312
9126
8639
8786
9338
8602
9386
9133
9099
8663
9245
9043
8769
9804
8505
8744
8624
8797
9127
9706
8955
9674
9572
8685
9685
9031
8488
9150
9078
9069
8811
9472
9138
8472
9235
9408
9800
8892
9390
9139
9846
8409
9097
9396
9744
9368
9705
9202
8898
8760
8905
8975
9578
9580
8281
9334
9137
9329
9807
9441
9390
9376
9063
9077
9739
8929
9401
9229
9298
8135
8953
8965
9210
9086
8814
9507
9051
9156
9093
9156
9017
8287
8878
9284
9657
8959
9641
8994
9184
9569
8850
9393
8926
9332
9650
9346
9223
8855
10155
9085
8925
8996
9527
9658
9115
9137
9161
9043
9147
9225
8648
9141
8299
9254
8585
9107
9521
8880
9805
9205
9636
8797
9371
9852
9314
8684
9221
9433
9361
9437
9692
9698
9026
9920
8774
8788
8804
8931
8873
9464
9190
8881
8964
8874
9046
8781
9051
9574
9832
8667
9710
8473
8778
9154
8989
9728
9676
9124
9826
9547
8973
9542
9183
9577
9693
9582
9146
9632
8942
9207
9871
8667
9454
9482
9747
9907
9893
9782
8671
8758
9307
9000
9808
9234
9592
9717
9154
8877
9047
9267
9538
9420
9261
9659
9080
8714
9194
9295
9771
9434
9237
9812
8671
10066
8801
9782
9361
8671
9910
9957
9587
8566
9037
9445
9442
9249
8927
9112
9462
8918
9948
9071
10118
9316
9049
9557
8485
8746
8932
9365
8879
10472
9401
9574
9423
9666
9798
9691
9691
9532
8558
9058
9515
9530
9678
9502
9516
9203
9217
9871
9891
9352
9536
8915
9494
8931
9507
8983
9611
8946
9209
9717
9609
9700
9381
9489
9307
9353
8925
9229
9093
9547
9162
8762
9780
9881
9643
9087
9190
9609
9524
9618
9404
8937
9700
9611
9344
9903
9423
9668
9273
9455
9409
9978
8958
9988
9057
9445
9308
8999
9088
9412
9725
9438
9124
10066
9957
9026
10032
9364
9346
9644
9636
9416
9676
9458
9361
10250
9325
9385
9793
9361
9458
9784
10076
9540
9972
9730
9565
10372
9846
9850
9359
10465
9990
10328
9490
9883
9852
10428
9938
9769
10142
9714
9171
9566
10533
9299
10637
9284
9590
9520
10402
10792
9696
10098
9328
9932
9984
9718
9419
9847
10072
9770
9482
9384
9849
9305
9680
9761
10111
9941
9615
9714
10009
9896
10652
9550
10366
9243
10516
9721
9801
9988
9913
10389
9180
9894
9273
10008
10113
10151
9682
10027
10564
9951
9787
9482
9758
9603
9979
10077
9345
9838
9581
10061
11057
10004
9900
9527
10134
9354
10404
10437
10053
9588
9827
11048
9972
10156
9848
9330
9800
9700
9757
10222
9390
10121
10038
10362
10612
10300
10585
10426
10063
10281
9650
10158
10102
9917
9527
10290
9617
10070
10292
10267
9593
9838
10668
10307
10843
10600
9663
10344
9946
10221
10088
9847
10048
10449
9701
10307
9990
9606
10393
10240
10013
9860
10966
10661
10772
10951
9852
10057
10532
10475
10369
10834
10004
11075
10662
11077
10168
9642
10296
11209
10420
10404
10907
10908
11055
10544
10631
9890
10224
10832
10672
10617
11286
10349
10789
10697
10453
10534
10544
9947
10877
10875
10934
10855
11019
10067
10730
9897
10231
10298
10979
10603
10089
10694
10885
10880
11075
10918
10809
11336
10050
10254
10848
10242
10684
11348
10072
11684
10363
10289
10709
11496
10719
10791
10440
11271
10896
11106
11359
11306
11124
11386
10934
11343
10908
11170
10998
11823
11420
11496
11447
11090
11624
11165
10315
11203
10958
11470
10975
11403
10959
10926
11339
11092
11478
11979
11675
11373
11401
11906
11176
11368
10874
10861
11177
11278
12106
11656
11312
11202
12002
11596
10766
11909
11202
12011
10893
11366
11957
11894
11553
11738
11709
11580
11766
10769
11622
11819
11602
11209
11936
11829
11829
11658
11639
11830
11922
11867
11986
12187
11584
11781
12832
11536
11828
12597
11255
11650
12153
12018
12404
11674
12290
12299
11689
11298
11815
11129
11688
12623
12417
12501
12705
12406
12172
12442
11987
11767
12220
12141
12663
12079
13204
12847
12696
11372
12952
12778
12107
13040
12841
12628
13214
13206
12727
12858
13047
13102
12452
13692
13090
12673
12495
13168
13141
12631
12726
12701
13082
13824
13460
14008
13726
12899
13420
12780
13707
13754
13328
12804
13569
13460
14316
13110
13595
13275
13440
13042
13785
13840
13021
13364
12979
13953
13493
13568
13658
13738
14073
14284
14796
14744
13576
14242
14753
13886
14190
14788
14224
14858
14474
13968
13740
14344
14274
14690
14160
14109
14936
14789
14363
14125
14731
14632
14414
15514
14889
14885
14551
15581
14836
15044
15085
15498
15785
14995
15353
15222
14937
15311
15256
14931
16134
15606
15594
15123
15343
16102
15864
15506
16024
15656
15771
15928
15705
16235
16131
15181
15720
16034
16646
16667
16378
16142
16783
16370
16344
16584
16586
15974
16368
16535
16090
16957
16989
16279
16964
17059
16962
17749
17083
17568
17204
18852
17572
17599
17496
17361
18205
17427
18108
17224
18008
17432
17601
18965
18834
18441
18570
18160
18832
19114
18195
18642
18349
18613
18555
17913
18129
18667
18820
18842
18632
18383
19506
19795
19165
19190
18981
19346
19878
19280
19654
19804
19533
20524
20177
18965
19203
19848
20197
20077
20294
20740
19820
20368
20557
19712
20564
19672
20878
20216
21202
21469
20818
21276
21796
21103
21620
21271
21760
21262
21538
22312
22611
22161
21711
21545
22727
22408
22455
22792
22052
22348
22452
22796
22844
22689
22677
23432
22912
23402
23357
23578
23573
23200
24003
23734
23308
23712
24347
24650
24002
24342
23936
24074
24656
24237
24134
24673
25412
24804
25690
25816
24988
25411
25172
25494
25803
25163
26028
26340
25332
26128
27057
26642
27326
26589
26987
26388
27033
27490
27650
27118
27862
27762
27479
27834
27074
27451
28277
28569
28705
28420
29745
29405
28539
28843
28928
29354
29221
29196
28969
29684
30010
29130
30617
30078
30184
29662
30575
29929
30023
30954
31122
31822
30837
31240
31727
32350
31256
32156
31366
32517
32176
32328
32320
32850
33374
32797
33280
34234
33202
33708
33860
33344
33123
34228
33817
33829
34674
34884
34662
33641
34221
34328
35103
35788
35565
35176
35307
35803
36178
35947
36036
36327
37286
35866
35946
37416
37188
37400
36838
36502
37366
37732
37330
37620
38429
37898
38634
39654
39030
39072
40081
39462
39000
39848
40268
40056
39454
39200
39791
40100
39341
40567
40730
40948
41698
40520
40626
40474
42021
41281
42130
41674
42572
42220
42240
42908
41845
43359
42530
42948
42818
43522
43338
44170
43082
43901
44245
44180
43869
44139
44397
45499
44576
44253
44887
44954
45700
45270
45632
46074
45880
45312
46134
46566
46500
46809
46602
47172
47163
46516
47498
47818
47409
48180
47483
48127
47070
49448
48746
47965
48042
49364
49664
48838
49254
49528
50461
49432
49453
50205
49664
50292
50312
50409
49896
50966
52156
50900
51270
50224
51032
51722
51536
51456
52536
51972
52082
52009
53793
52020
51828
52029
51846
51867
51822
52248
51677
52548
52427
52908
52411
53320
53899
54513
53461
53840
53469
53958
53963
53264
54900
54548
54682
54858
54472
53796
54216
53819
54492
54478
55186
54482
54789
55244
55684
55817
56148
57234
56448
56836
56155
57220
56274
56457
57524
58300
57670
57204
57160
57886
57492
58756
57540
57972
58013
58092
58539
58548
57540
58628
59092
59018
59147
58904
59368
58948
59776
59600
58854
59615
60285
58582
59648
59796
59880
60246
59648
59672
60433
60813
60717
60504
60174
61122
61156
61035
60997
61217
61318
60133
60886
60548
61311
59782
60165
61145
59424
60340
59718
60328
60464
61602
62152
61238
62140
61156
62141
61626
62080
61712
60986
61115
61547
61605
62284
62427
62624
62997
61748
63013
62324
62468
62497
62742
63693
62893
62212
64059
63177
63338
62427
63837
63375
64016
63636
63004
63423
62836
63384
62731
64208
63789
63812
64232
63682
63351
63324
63844
62820
63008
63812
64344
63528
63040
63455
63693
64020
64074
63636
64772
64026
63897
65096
63496
65320
64688
64020
64276
64189
65142
65066
64678
64872
64332
65098
64168
63780
64866
63800
64189
64306
63450
64704
64708
64696
64333
64185
65250
63780
63604
64301
64057
63828
65096
64612
64356
65140
63440
64420
64724
64944
64042
64256
63897
65064
63872
63764
63626
63616
63368
63716
64683
63720
64160
61961
63029
63113
62415
63616
61988
62144
62664
63584
64276
63388
63706
64296
64561
64424
64732
64920
63476
62923
64132
64235
64397
63365
63510
62856
63812
64428
63720
64644
63597
63942
63597
63068
63844
62868
63504
63162
63744
63515
62925
63019
63142
63117
62830
64064
62824
63302
63684
63568
62235
62666
62250
62989
61618
62314
62720
62580
62288
62057
62701
61478
62989
62429
62022
62112
61165
61760
61298
62484
61645
61593
60672
61492
60868
61216
60596
61077
60736
61420
61497
60285
60266
60691
60396
60087
59719
60212
60295
60032
59938
59286
60308
59729
59592
59584
59668
59099
58448
59028
59284
59088
57512
58428
59626
58537
58536
58920
58029
57302
58125
58516
58058
58264
57604
57990
57738
57455
57316
58086
57270
56504
57478
57826
56158
56760
56534
56548
56832
56242
55657
56084
56222
56786
56054
55942
56237
56110
55371
54789
54440
54082
53708
54052
54696
53888
54757
53842
54120
54336
55368
54038
53272
54468
52692
54562
53434
52685
52548
52070
53204
52922
52932
53154
52260
51301
52447
51819
51990
51935
51257
49834
51056
50187
50763
51124
49963
50405
50436
50373
50524
50437
49325
49264
49280
50711
49236
48186
49157
48857
48551
49225
48548
48704
47766
47220
47739
48299
47224
47381
47256
46208
47232
47384
46084
46112
46042
45991
46628
45866
45434
44877
44793
45277
45484
45864
44438
44941
43561
44600
44544
43753
44216
44198
43932
43781
43609
44389
43008
43028
42765
42200
41448
41800
41476
42070
41604
41928
40617
41018
41464
41106
40088
40952
40647
40500
40302
39578
40314
38468
39547
39521
38068
38873
37354
38588
38346
38710
37563
37864
37837
37471
38038
37834
37506
37642
36757
36717
36491
35040
34114
33942
33818
34088
33936
34696
34496
34260
35593
34836
34802
34826
34816
34094
33947
33085
33364
32721
33720
32636
32650
33280
32460
32720
32457
32116
31976
31931
31240
30317
31003
31700
30951
30868
30146
30591
30200
31198
29787
29800
29522
28884
28118
30219
28251
28907
28468
27610
27631
28485
28206
27357
26987
27712
26788
27301
27463
26344
25949
27458
26923
26176
25666
26614
25934
25839
25322
24763
25321
25730
24603
23936
24786
25055
24571
23917
23786
24690
23586
23744
23261
23381
22967
23808
22948
22668
22156
22530
22819
21381
21997
21801
21904
21778
21487
21636
20633
20574
20445
20469
20896
21278
20948
21276
19557
19325
20282
19702
19162
19913
19478
19910
19247
19511
19368
18602
18724
19595
18096
17882
18865
18872
17604
18801
18040
17868
17265
17930
18177
17560
16783
16725
17555
17599
16900
16302
17293
16770
17331
16898
16676
16286
15834
15767
15355
15787
16906
15812
16240
15238
15370
15695
15127
14928
15278
15394
15364
15048
15154
14782
15178
14702
14392
15790
13832
14651
14581
13769
14109
14203
13534
13904
13879
13817
13696
14592
14509
13210
13155
13323
13963
13451
13117
12690
13460
12748
12277
12460
13093
13384
13209
12987
13006
12598
13162
12112
13042
12514
12436
11960
12404
11771
12702
12007
12135
12760
11988
12559
12116
12717
11363
12795
11762
12386
10692
11349
12624
12209
10966
11952
10665
11842
11477
12372
11701
11957
11367
11831
11021
10592
11581
11160
11069
10272
11080
11861
11642
11436
11123
10988
10668
11093
11855
10063
10895
11010
10995
9715
10548
10615
10933
10206
10424
10353
10559
10148
10604
10691
10906
10679
10481
