7217
7234
6623
7000
6719
8466
6590
6984
7140
6628
6890
6268
6703
6610
6059
7523
7372
6347
7266
7157
6061
6721
6086
6734
7402
6789
7225
6576
6394
7097
6949
6312
6444
6287
6383
6889
6139
7136
6731
7403
6717
6824
6425
6918
6957
6342
7259
6405
7132
7078
7892
7560
7640
6504
6624
6611
6727
6184
6707
7017
6232
6338
7276
7320
6572
6465
6590
6053
7428
7092
6991
6109
6636
6914
6900
7016
6748
6902
6627
6399
7342
6953
7009
6788
6915
7047
6590
6017
7365
6830
7000
7309
7117
6710
6526
7063
6657
7729
7803
6794
7296
6396
7246
6564
7096
7026
6336
7246
6261
6625
7052
6310
7619
7023
7018
6457
6592
7327
7419
7181
6962
6494
6523
7122
7070
7256
7516
7047
6120
6989
6683
6574
7145
6713
6854
6848
7520
7287
7074
6673
7087
6906
6633
6632
7437
7058
6779
7353
6749
6946
7564
6802
7393
6839
6515
6731
7288
7228
7293
6981
7959
6603
6827
6964
6664
7297
7303
6672
7292
6333
6945
7064
6813
6436
6734
6251
6996
7309
7102
7098
6892
7861
7299
6725
7128
7499
7010
6597
7432
7126
7446
6853
7400
7176
6696
7051
6786
7207
7166
7683
6331
6406
7405
6944
6697
6769
7187
7066
7536
7087
7169
6935
7523
7104
6476
6336
7327
6884
7240
7109
7649
7328
7385
6522
7528
7380
6927
6954
6604
7505
6549
6733
7027
7222
6764
6875
6942
6763
7163
7295
7551
7237
6751
6893
7254
7116
7286
7344
6920
7695
6517
7461
6989
7310
6983
7028
6402
6922
7795
6696
6686
7430
6465
7247
6360
7164
6618
6812
7147
7712
7561
7286
7493
7242
6176
6905
7585
6537
6648
7617
7216
6742
7348
6597
7400
6587
7241
7402
7370
7342
6930
6645
7158
7118
7983
6773
6914
7024
6818
7209
7037
7446
6500
6741
6673
7082
6846
7109
6984
7215
7047
8110
7645
7196
6542
7399
7729
7199
7503
6817
7616
6187
7053
7374
6843
6669
7766
7178
7323
7554
6970
6809
6539
6858
6798
7617
7257
6980
6819
6669
7654
7304
7663
6522
6982
7184
7450
7420
7386
7528
7285
7274
7189
6995
7589
7263
7125
7600
6898
7422
6560
7391
7457
6253
7253
6824
7158
6802
7316
7012
6603
6536
7419
7224
6705
6757
6903
6578
6898
7015
6441
7427
6323
7234
6966
7016
7428
6709
7341
6959
7017
7647
6600
7093
7398
6742
7144
6748
7222
6952
7326
7588
6835
7342
7416
7124
7332
7643
6916
7329
7633
7061
7680
7402
6857
7638
6980
7182
7013
7325
7210
7393
7256
7385
7350
6859
6969
6164
6942
7380
6738
7120
7164
6925
6970
7148
7244
7318
7248
6882
7014
7412
7117
6435
7390
7531
6949
7379
6989
7374
6592
7252
7177
7255
7037
7656
6765
6627
7626
7046
6596
7234
7125
7414
7099
7769
7185
7418
6784
7255
7404
7493
6758
7537
7749
7328
7748
6495
7492
6388
6778
6596
7552
7812
7363
6846
7936
7165
6859
7313
7097
7017
6730
6662
7312
7581
8314
7608
6880
6907
7450
7661
6978
7183
7662
7231
7499
6745
7120
6766
7321
7235
7465
7953
7384
7445
7727
7309
6760
7125
7848
7290
7304
6905
6849
7723
7369
7845
7404
7540
7623
7130
7420
7812
7146
7776
7143
7950
6858
7764
7129
7772
7521
7510
7763
6976
7716
6817
6789
7064
7437
8443
7197
7566
7739
7329
7724
7078
7509
8135
6662
7280
7356
7733
7304
7485
7930
6748
7460
7082
7077
6880
6975
7035
6523
7666
7731
7421
6737
7568
7456
7337
7548
6693
6599
7612
7584
7876
7424
7237
7318
7316
7066
6709
6725
6730
7504
6890
7255
7238
7029
6998
7131
7877
7403
7437
6846
7194
7374
7103
6976
6995
7529
7098
7143
7662
6815
7837
7115
7785
6980
7469
7893
7226
6836
7255
6594
7524
7706
7597
7219
7169
7161
7398
8206
6433
6957
7406
7476
7921
7140
7362
6928
7835
8022
8200
7920
6946
7217
6966
7674
6728
6778
7285
7324
6741
7558
7444
7189
7729
7412
7179
7563
7617
7384
7010
7080
7501
7620
6980
7546
6942
7293
7818
7675
7255
7188
7367
7025
8584
7478
6842
6627
7108
7021
7256
7670
6797
7367
7501
7393
7209
7654
7494
7383
7471
7460
7676
7659
7114
7826
8222
7035
6683
7136
6901
7381
7645
7149
7846
6782
7021
7235
7566
7628
7186
6666
7665
7468
7982
7488
7256
8051
7445
8185
7106
7260
6797
7887
6825
7855
7718
7409
6927
7483
7586
7756
7438
7626
7822
7457
7408
6399
7535
7401
7355
6947
6748
7162
7198
7838
7407
7496
7884
7273
7288
7753
7326
7669
8330
7670
6957
7474
7533
6763
7647
7230
7752
7157
7558
7262
7580
6953
7120
7484
7111
7757
7247
8063
7380
7680
7838
7764
8153
7652
8101
7178
7337
6628
7487
7366
7593
7357
7792
7239
7594
7586
7218
7654
6395
7814
7645
6960
7593
7494
8032
7314
7492
7495
8173
7282
7141
7777
7309
7482
7796
7182
7248
7140
7409
7574
8307
7156
7229
7181
7697
7828
7220
7652
7689
7378
6952
8484
7297
7243
6922
8031
7425
7080
6749
7311
7703
7802
6986
7266
7457
7820
7591
8012
8731
7290
7197
7148
7479
6680
8037
7450
7394
7993
7632
7839
7735
7901
6939
7286
8059
8023
8282
7518
7113
6712
6803
7459
7368
6980
7394
7509
7236
7562
7356
7876
7783
6932
7669
7113
7860
6980
7380
7484
7045
7185
8109
7477
7755
7057
6708
7412
7927
7739
7082
7960
7774
7532
7007
7476
8412
7685
6619
7939
7048
8160
6901
7771
7283
7440
7400
7535
7227
7247
7422
7852
7242
7527
7996
7574
7817
7096
7160
7712
7170
7272
6498
7691
7584
7315
7803
6729
7110
7802
6953
7230
7782
7594
7812
8057
7029
8212
6809
7481
6953
7196
7063
7505
7264
7738
7646
7604
7363
7403
7204
7290
8050
7788
7600
8257
7808
7076
7293
6880
8230
7268
7104
7621
7893
8030
7814
7437
6928
7400
7128
7392
7219
7323
7608
7853
7021
7222
7279
7703
7967
7069
7305
7628
7441
7813
7156
7016
6863
6890
7062
7088
8014
7112
7578
8350
6990
7090
6927
7347
7593
7370
7831
7266
8046
6678
7468
7477
6999
8377
7895
7572
7442
7171
7810
7348
7224
7172
7739
7303
7080
7949
7718
7613
7341
7154
7510
7325
7304
6873
7501
7649
7236
8487
7297
7189
7674
8002
7109
7434
8020
7616
7854
7252
7782
7712
8013
7905
8088
7550
7470
7366
8148
7169
7980
7374
7149
7171
7161
6567
8152
7349
7486
7010
7249
7950
7068
7205
7497
7420
6967
7890
7306
7441
7496
7403
7497
8412
7363
7374
7189
8038
7683
7448
8102
7049
7900
7492
7842
7596
7547
7841
6986
7564
7127
7317
7466
7122
6992
8072
7755
7596
7880
7496
7828
7463
8146
7298
7174
8205
7655
7267
7529
7258
6740
7717
7512
7981
8089
7673
7542
7733
7015
8469
7982
7440
7753
7460
7710
7396
8088
7408
7338
7309
7667
7218
7759
7471
7970
7384
8013
7288
7257
7555
8460
7865
7209
8000
8074
7039
7841
7707
7335
7372
7440
7948
6785
7957
7236
8372
7246
7720
7722
6500
7746
7190
7828
7709
7574
7598
7466
7752
7443
7670
7357
7462
6992
8214
7655
7151
8203
7377
7755
8073
7672
8342
7527
7641
7106
7398
8348
8094
7803
7572
7205
7246
7209
7260
7139
7534
7680
7819
7099
7462
8363
7309
8146
6922
7549
7716
7954
7246
7614
7705
7716
7561
8281
7863
7022
7590
7849
8105
7451
7730
7286
7023
7502
7738
7372
7107
7086
7482
7661
7195
7624
7327
7636
7624
7480
7200
7133
7790
7933
7469
7911
8206
7569
7837
7461
7780
7333
7844
7236
7948
7902
7128
7350
7906
7758
7641
7076
7112
8072
7321
6759
7948
7337
8368
8361
7528
7746
6987
7683
8326
8166
7579
7642
7742
7282
7596
8002
7500
7124
7385
7489
7129
7750
7158
7671
7904
7638
7004
7267
7780
7684
7558
7744
7191
8330
6941
7298
7716
7153
7593
7666
7717
8234
7366
8251
7530
7410
7636
7058
7839
8002
8213
7375
8066
7088
8185
7865
8041
8036
7471
7557
7556
7867
8009
8024
7694
7273
7351
7675
7902
7311
7437
8364
7964
7955
7982
7523
7490
7488
7802
7023
7907
7222
8474
7521
7792
7641
7905
7998
7311
7860
8325
7814
8186
8417
8188
6713
8056
8328
7850
7567
8348
7865
7844
7544
7540
7656
7254
7808
8261
7514
7973
8027
7605
7681
7802
8020
7173
7918
7367
8120
8147
7681
7710
7410
8358
7763
7696
8046
7460
8045
8016
7687
7933
7712
7197
8308
7045
8052
7623
8400
8644
7064
7524
7760
8065
7955
7855
7979
7602
7340
7677
8228
7418
7832
7596
7793
7397
7822
7842
7712
7860
7282
8205
7671
7684
7694
7871
7713
7964
7744
7894
8157
8391
7725
7237
7389
7253
8318
7677
7911
6651
6994
7469
8402
8075
7770
7717
7664
7067
7376
7661
8133
8112
7465
7996
7683
7540
7837
7640
7890
7273
7902
7538
7813
7768
7695
7397
7368
7536
8144
7528
7751
7661
8020
8132
7955
8291
8330
7396
7825
7992
8575
8416
8075
7818
7628
7518
7438
7601
7844
7780
8485
8495
7912
7877
7362
8677
7689
7612
8213
8356
7532
8195
7464
8132
7535
8095
7335
8325
7798
7695
7597
8190
7662
7658
8028
7535
8431
7825
7508
7476
8467
8652
7892
8073
7590
7667
8344
7420
7541
7745
8328
8194
8412
8227
7688
8766
8266
7941
7836
8270
7876
8068
7846
7906
8188
7739
7903
7204
7379
7556
7729
8133
8049
7912
7666
8047
7676
8106
8244
8277
8338
8453
7763
8268
7837
7322
7744
8245
8281
7953
7236
8458
7665
8331
7685
7209
8372
7672
7528
7562
8088
8187
7757
8127
8426
8014
8301
7674
7337
8445
8132
8622
8018
8083
8034
8174
8347
7733
7561
7882
8000
7643
8313
8085
7957
7750
8157
8422
8123
8215
7312
7190
7544
7637
7503
7327
7899
8314
7777
8129
7762
7855
8098
8087
8397
7957
8448
8069
8150
7855
7870
8676
8046
7758
7828
8578
7826
7605
8158
8268
8155
8258
7991
8002
7185
8544
7737
7892
8142
7681
8113
7826
8153
8316
7990
7926
8023
8047
7680
8122
8309
7894
7632
7752
7814
7637
7476
8213
8017
8396
7317
8362
8010
8074
8170
8158
7997
8341
8136
8649
7917
7868
8098
7662
8255
8028
7878
7642
8158
7544
8724
7869
7429
7764
7864
8140
7966
8026
8000
7747
7507
8121
8304
7713
7528
7883
7818
7737
8710
8015
7243
7500
7779
8327
8165
7400
7634
8296
8387
7206
8522
7901
8595
8477
8425
8361
8537
8019
8405
7967
8006
8040
7684
8249
7652
9138
8258
7924
8175
8047
8326
8122
7971
7963
8256
7900
7421
8451
8182
7879
8781
8239
7772
8385
7485
7581
7678
8148
7959
8082
8165
8457
8658
8607
7570
8330
7860
7566
8672
7834
8568
8291
8513
8360
7736
8208
8320
7798
8180
8648
8200
7799
7940
8430
7718
8244
8227
7898
7804
8329
8130
7959
8952
7673
7949
7816
7718
8462
8788
7811
8598
8677
8000
8711
8079
7956
8377
8451
8002
7897
8766
8133
7584
8199
8692
8911
7788
8563
8183
8911
7600
8192
8586
8821
8459
8811
8656
7788
7683
7950
7731
8764
8600
7513
8420
8211
8398
8810
8493
8404
8269
8292
7925
8649
7884
8606
8386
8175
7245
8078
8343
8590
8244
8040
8772
8233
8424
8243
8206
8166
7591
8303
8286
8660
8006
8662
8282
8029
8500
7834
8178
7995
8167
8676
8226
8389
7828
9179
8070
7723
8147
8621
8888
8299
8154
8167
8342
8051
8379
7499
8158
7350
8208
7701
8146
8623
7886
8834
8222
8708
7959
8587
8790
8125
7938
8296
8776
8420
8386
8704
8531
7980
9043
7863
7680
7949
8065
7770
8607
8073
8176
8010
7889
8069
7969
8204
8607
9070
7628
9044
7785
7943
8216
7974
8959
8737
8241
8708
8517
8179
8702
8425
8317
8720
8564
7978
8717
7913
8175
8879
7717
8510
8487
8990
9181
9086
8750
7863
7948
8452
8157
8900
8234
8651
8802
8294
8135
8077
8239
8576
8708
8166
8868
8366
8100
8542
8275
9069
8580
8373
8758
7833
9004
8180
8972
8325
7956
8799
9030
8766
7724
8448
8613
8371
8540
8024
8084
8812
8042
8988
8133
9403
8576
8131
8752
7415
8013
8218
8393
7880
9526
8446
8621
8672
8781
8990
8609
8667
8466
7662
8312
8616
8649
8514
8569
8772
8462
8085
8922
8974
8439
8574
8045
8483
8264
8564
8235
8489
7988
8468
8709
8796
8578
8284
8686
8741
8530
7846
8226
7891
8744
8132
7772
8981
9015
8604
8046
8093
8277
8747
8925
8435
7960
8929
8549
8687
9041
8443
8544
8487
8522
8325
9465
8299
8844
8061
8618
8478
8173
8415
8407
8744
8468
8231
9198
9021
8201
9276
8525
8328
9127
8841
8612
8765
8399
8517
9145
8506
8731
8912
8316
8326
9038
9385
8608
8598
9088
8585
9399
8859
8835
8362
9552
9023
9264
8651
8656
8662
9577
8994
8817
8997
8673
8420
8746
9173
8552
9865
8472
8551
8579
9335
10170
8562
9140
8347
8891
9038
8927
8192
8858
9209
8806
8528
8427
8806
8296
8544
8666
9245
9049
8656
8745
9129
8986
9710
8577
9376
8229
9184
8947
8817
9102
8921
9349
8299
8938
8282
9006
9213
9042
8792
9007
9312
9008
9098
8810
8662
8653
9249
9207
8192
9075
8475
9026
10060
8957
9055
8677
9018
8344
9781
9243
9280
8798
8949
10336
8966
9158
8997
8399
9170
8882
8807
9160
8594
9200
9023
9240
9501
9348
9497
9481
9212
9427
8760
9353
9293
9015
8700
9145
8642
8951
9189
9084
8680
8844
9557
9210
9570
9814
8810
9534
9031
9202
8846
8810
9140
9626
9033
9480
8790
8720
9305
9311
9169
9050
10018
9730
9803
10073
9064
9227
9477
9560
9444
9756
9209
9933
9657
9879
8949
8695
9661
10226
9333
9466
9887
9805
10147
9455
9591
8889
9478
9913
10033
9691
10331
9583
9964
9944
9548
9338
9856
9294
9873
9781
10105
9732
9770
9081
9868
9142
9381
9062
10233
9740
9208
9647
9916
9919
10119
9582
9765
10350
9111
9371
9984
9485
9587
10150
9102
10667
9316
9442
9775
10435
9528
9797
9411
10260
9962
10188
10259
10385
10063
10212
9567
10081
9940
10322
10289
11001
10357
10620
10168
9994
10682
10078
9344
10111
9850
10501
9950
10503
9981
10025
10680
10340
10217
10746
10672
10699
10684
10859
10531
10439
9936
10297
10056
10296
11110
10347
10062
10364
11080
10700
9966
10856
10300
10802
9946
10239
10636
10786
10714
10554
10650
10636
10895
9823
10749
10700
10622
10048
10762
10837
11040
10273
10728
10947
10920
10734
11070
11242
10340
10757
12004
10403
10989
11578
10270
10865
10990
10669
11413
10555
11136
11350
10546
10411
10893
10021
10765
11247
11478
11304
11712
11182
11013
11198
10714
10948
11171
11108
11891
11071
12249
11864
11912
10468
11947
11780
11489
11941
11708
11740
11956
12103
11895
11932
11834
12153
11289
12607
12053
11512
11538
12211
12090
11655
11495
11639
11959
13066
12549
12727
12616
11844
12340
11489
12697
12557
12493
11721
12514
12251
12984
12052
12618
12539
12453
11866
12734
12762
12252
12052
11986
12757
12554
12213
12667
12739
13048
13210
13767
13377
12434
13183
13274
12564
13246
13547
13107
13798
13568
12840
12630
13172
12989
13636
13311
13378
13678
13585
13244
13277
13718
13524
13672
14289
13585
13781
13561
14031
13673
14169
13770
14488
14730
14011
13901
13893
13956
14197
13815
13892
15038
14201
14493
13869
14480
14798
14933
14352
14851
14720
14488
14856
14667
15030
14724
14010
14781
14594
15274
15418
14993
14738
15695
15346
15419
15261
15456
14722
15444
15370
14688
15594
16045
15132
15787
15701
15592
16276
16091
16274
15973
17524
16143
16344
16324
16314
16794
16751
16977
16198
16599
16026
16542
17531
17970
17181
16874
17043
17450
17881
17035
17490
16937
17588
16877
16706
16730
17078
17398
17703
17362
17354
18452
18552
18075
17800
18067
18160
18512
17836
18765
18496
18310
18986
18820
18126
18048
18420
18913
18716
18716
19130
18778
18958
19036
18805
19253
18503
19405
18898
19816
19529
19652
19911
20233
19417
20002
20224
20388
19977
20215
20922
21110
20736
20815
20367
21194
20747
21099
21643
20857
20800
21006
21049
21312
21120
21214
22223
21560
21934
22016
22495
21737
21463
22432
21892
21860
22578
22442
23224
22585
22892
22835
22872
23243
22923
22676
23622
23819
23365
24322
24176
23481
23543
23530
24654
24762
23466
24490
24478
23888
24474
25684
25227
25484
25009
25346
24986
25490
25575
26278
25453
26150
25923
26189
26682
25686
25805
26804
27030
26854
27453
28200
27514
26685
27240
27611
27636
27517
27755
27830
28004
28493
27708
28720
28760
28153
28155
29213
28358
28267
29005
29144
30488
28590
29016
29844
30761
29828
30357
29829
30528
30318
30541
31232
31025
31542
31032
31467
32272
31354
32186
31878
31788
31484
32724
32333
31803
32666
32357
32521
32000
32157
32283
33166
33808
33540
33618
33419
33589
34184
34056
34308
34112
35177
34158
34057
35332
35577
35677
35341
34432
35044
35844
35048
35717
36284
36360
36528
37739
36549
36877
37922
37687
36978
37431
37955
38528
37581
37420
37995
37797
37099
38548
38259
38826
39690
38980
38672
38879
39132
39380
39618
39482
40402
39652
40448
41229
40104
40971
40282
40836
40715
41371
41000
42068
41515
41893
41866
42104
41916
42205
42017
43008
42282
42006
42647
43188
43480
43204
44138
44170
44270
43548
44196
44532
44591
44180
44428
45321
44936
43877
45080
45504
45034
45572
45380
45227
45489
47133
46516
46288
45984
46876
46893
46912
47016
47178
48266
46920
47122
47432
47991
47918
48085
48044
48110
48248
49346
48624
49229
48264
48443
48644
49252
49207
50283
49704
50111
49708
51210
49701
49483
49518
49280
49716
49620
49696
49732
50470
49876
50203
50322
51055
52170
52085
51034
51398
51584
51048
51188
51487
52410
51816
52106
52408
51748
51540
51240
51417
52022
52480
52681
51716
52338
52436
53880
53220
53732
54867
53972
54314
53569
54356
54004
54235
54486
56203
55338
54568
54619
55553
55584
55981
55460
54987
55984
55263
55660
56266
55400
56246
56044
56869
55765
56219
56744
56650
56720
56532
55872
57408
57901
56868
56648
56576
57828
57320
56968
56936
57338
57576
58134
57579
57930
58058
58948
58504
58186
58596
58644
57988
58228
58124
58715
57877
57236
57874
56948
58207
57798
58464
58329
58880
59662
59092
58868
58682
59076
59657
58948
59220
58393
58085
59140
58859
60089
59632
59500
60616
59832
59998
60107
59907
59970
60265
60562
59606
59208
60998
60480
60616
60058
60824
60908
61034
60345
60010
61004
60122
60676
60036
61326
61081
61289
61221
60972
60612
60672
61542
60200
60437
60909
61784
60869
60617
60509
61573
60877
60804
61286
61402
61389
61553
63000
61382
62490
62106
61814
61882
61832
62580
62390
61760
62480
61696
62378
60936
61204
62152
61301
61638
61542
60904
61593
61720
62174
61492
61625
62461
60860
61456
61568
61452
61362
62174
61637
61752
62080
61144
61568
61973
62484
61386
61504
60698
61860
61636
62090
61189
61135
61273
61632
61944
61363
61272
58944
59951
60442
60021
61412
60138
59930
60397
60260
61960
60672
61852
61644
61991
61713
62349
62089
60973
61100
61578
61882
61294
61343
61012
60824
61192
61322
61568
62368
60907
61256
60911
60597
61526
60854
61000
60586
61202
60969
60120
60296
60338
60185
60469
61736
60901
61107
61416
60788
59761
60328
60490
60589
59961
59973
60382
59818
59464
59380
60244
58460
61172
59277
59648
59562
58991
59578
59520
59674
59716
59387
58498
59386
58825
58828
58164
57972
57828
59386
59429
57636
57557
58027
57318
57517
57156
57124
57418
57817
57721
57198
58378
57604
56914
57412
57226
57238
56265
56748
56576
56763
55348
56457
57482
56394
56059
56490
56261
55316
56388
56661
55816
55737
55352
55736
55434
54920
55199
55274
55360
54296
55140
55515
53997
54281
54492
53837
54612
54004
52914
54029
54354
54692
53352
53264
53996
53828
52778
52520
52249
52157
51291
51674
51890
51820
52047
51726
52182
51973
52938
52234
50970
51966
50518
51189
50935
50962
50198
50517
51492
50440
51128
51312
50148
49069
49737
49268
49004
49774
49380
48078
48988
48106
48313
49132
48044
48272
47820
48384
48036
48019
47426
46966
47533
48410
47282
46747
47403
47152
46538
46470
45956
46592
46084
45142
45824
46212
45242
46237
45448
44824
45334
45577
43290
44577
43781
44628
44496
44022
43405
42887
43854
43196
43365
43842
42442
42693
41947
42786
42240
41608
42244
42422
42080
42070
41924
42465
40951
41990
40978
40708
39842
40158
40036
40052
39348
39812
38716
39169
39804
39748
38100
38606
38799
38736
38602
38534
38528
37433
37847
37802
35822
36925
36187
36913
36696
37004
35940
36532
36237
35892
36196
35908
36493
35606
35255
35457
34543
32826
32296
32586
32832
32468
32118
33197
32706
32896
34466
33464
33056
33158
32824
32690
33149
31436
31655
31256
32264
30692
31017
31364
31034
31168
30916
30713
30305
30061
29491
28957
29557
30369
29468
29650
28680
29064
28851
29218
28338
28234
27913
27511
26939
28736
26932
27295
27298
26713
26880
27358
26600
26324
25626
26090
25785
25844
26317
24741
24917
26325
25920
24581
24825
25349
24614
24544
23853
23645
23950
24533
23828
22710
23883
23533
23453
22199
22725
23650
22538
22573
21846
22248
21821
22101
21968
21805
21403
21273
21300
20550
20895
20608
20788
20757
20426
20687
19386
19208
19520
19393
19644
20186
20034
20360
18303
18423
18836
18486
18301
18947
18137
18843
18357
18859
18395
17738
17419
18419
17216
17235
17600
17875
16229
17769
16820
16909
16566
16650
17360
16251
15816
15752
16584
16605
15716
15339
16199
15706
15980
15945
15156
15231
14938
14659
14213
15177
16261
14653
15355
14234
14280
14687
13990
14154
14317
14184
14319
13848
14240
13461
14215
13910
13795
14577
13165
13661
13437
12809
13132
13131
12587
13208
12800
12472
12605
13519
13644
12225
12205
12212
12961
12652
12214
11878
12276
11990
11498
11653
12294
12456
12378
11908
11725
11821
12114
11248
12198
11458
11428
11216
11886
11072
11626
11304
11067
11740
11014
11870
11130
11624
10559
11906
11146
11417
10082
10416
11503
11384
10278
11012
9693
10995
10515
11614
10864
11082
10450
11060
10138
9705
10660
10562
10158
9518
10284
10796
10777
10548
10148
10078
10070
10210
11034
9272
10124
9826
9964
8999
9677
9716
9884
9568
9675
9396
9721
9472
9866
9722
10105
9828
10013
