8166
8155
7346
7973
7458
9391
7261
7938
8012
7285
7778
7182
7590
7318
7073
8404
7981
7205
8204
8113
7018
7586
6950
7631
8036
7645
8067
7332
7439
7858
7895
7302
7195
7272
7445
7719
6916
8016
7549
8186
7824
7643
7605
7740
8009
7176
8308
7305
8035
8020
8874
8415
8485
7290
7436
7574
7575
7020
7494
7973
7388
7498
8329
8287
7815
7680
7598
6999
8143
8113
7954
6985
7716
7793
7914
7892
7460
7850
7749
7338
8101
7715
7990
7505
7947
8034
7864
7045
8213
7880
7840
8326
8055
7787
7476
7983
7517
8822
8665
7716
8118
7333
8365
7371
8116
8257
7188
8326
7448
7752
8018
7333
8526
7994
7920
7383
7665
8253
8394
8250
7852
7662
7609
8219
8133
8332
8462
8169
7177
7942
7753
7222
8221
7670
7887
7702
8318
8440
8136
7707
8204
7928
7567
7962
8426
7973
8069
8192
7578
7791
8422
7742
8450
8083
7412
7841
8415
8260
8314
8081
8948
7789
7873
7835
7665
8289
8228
7896
8428
7525
8053
8368
7877
7396
7840
7345
8052
8272
8286
8049
8038
8726
8346
7964
8184
8661
7994
7702
8565
8345
8503
8091
8528
8102
7752
8175
7985
8329
8162
8777
7381
7405
8450
7718
7790
7806
8171
8294
8322
8283
8171
7964
8607
8219
7757
7401
8204
8022
8142
8192
8664
8225
8469
7728
8764
8462
8026
8232
7701
8619
7556
7704
8250
8129
7725
8105
7900
7986
8343
8100
8563
8386
7723
8040
8349
8229
8253
8448
8064
8808
7649
8644
8031
8571
8201
8297
7918
8111
8674
7771
7796
8730
7926
8524
7588
8340
7748
7928
8397
9052
8811
8459
8766
8597
7513
8175
8579
7751
7733
8495
8372
7942
8469
7844
8582
7737
8170
8856
8573
8434
8053
7906
8164
8544
8990
7988
8374
8169
7823
8310
8164
8605
7628
8156
7761
8292
7948
8187
8142
8337
8271
8912
8905
8415
7954
8540
8752
8416
8727
7880
8908
7305
8311
8460
8162
7964
9101
8448
8523
8713
8320
7983
7768
8219
8045
8996
8428
8234
8001
8084
8770
8480
8784
7666
8284
8324
8358
8661
8521
8640
8304
8610
8625
8344
8760
8146
8272
8746
7940
8724
7826
8416
8407
7350
8601
8096
8312
7953
8744
8411
7795
7754
8728
8377
7972
8026
8000
7849
8224
8261
7589
8646
7489
8399
8157
8301
8774
7669
8572
8266
8244
8619
7831
8302
8711
8055
8316
8189
8281
7855
8472
8704
7901
8265
8553
8391
8511
8787
8313
8548
8972
8489
8645
8724
7947
8661
8466
8248
8527
8736
8257
8549
8657
8502
8390
8142
8281
7492
8155
8548
8087
8344
8341
8110
8090
8310
8476
8531
8432
8127
8260
8653
8176
7600
8406
8680
8269
8682
8359
8819
8247
8479
8286
8456
8266
8978
8395
7882
8725
8152
8110
8314
8461
8669
8278
9032
8481
8722
7881
8714
8532
8754
7885
8629
9073
8582
8739
8002
8499
7768
8205
7749
8586
9248
8802
7995
9081
8370
8241
8485
8330
8082
7922
7849
8320
8492
9487
8918
8294
8111
8723
8872
8372
8532
9015
8331
8714
7981
8216
8006
8314
8332
8667
9216
8309
8710
8758
8625
7653
8066
9194
8621
8392
8077
7988
9021
8569
8674
8507
8839
8766
8353
8979
8858
8526
9062
8168
9049
8196
9059
8385
8893
8760
8827
8987
8072
8759
7967
7878
8150
8673
9483
8362
8681
9063
8507
9020
8510
8545
9322
8128
8583
8687
8735
8645
8922
8858
7834
8604
8230
8228
8079
8234
8213
7749
8724
8657
8723
8182
8927
8714
8433
8554
7854
7732
8629
8548
9089
8573
8530
8421
8453
8397
7991
7912
8031
8888
7969
8371
8347
8114
8042
8518
9093
8436
8642
7877
8500
8583
8304
8158
8262
8691
8341
8355
8733
7960
8929
8200
8783
8026
8826
9145
8341
8055
8488
7649
8490
8866
8655
8282
8136
8594
8515
9204
7429
8371
8445
8489
9138
8094
8495
8274
8919
9078
9364
8951
8347
8392
8187
8789
7963
8022
8571
8540
8103
8886
8616
8414
8869
8774
8258
8518
8869
8693
8361
8360
8405
8729
8231
8861
8362
8438
8962
9100
8508
8513
8315
8013
9695
8518
8137
7924
8327
8101
8420
8889
7879
8462
8922
8658
8310
8613
8589
8647
8540
8485
8728
8933
8491
9013
9214
8334
8112
8169
8122
8667
8848
8506
8836
7957
8176
8414
8921
8592
8169
7998
8564
8500
9048
8728
8626
8974
8693
9412
8087
8576
7829
8957
8002
9006
8944
8430
8158
8814
8719
8949
8614
8680
9033
8422
8794
7764
8779
8509
8690
8064
7918
8486
8392
9003
8539
8649
8806
8483
8282
8527
8652
8949
9381
8821
8237
8609
8820
7921
8660
8452
8745
8259
8651
8328
8380
8157
8377
8427
8397
8756
8592
9063
8605
8659
9067
8862
9135
8721
9248
8429
8302
7870
8812
8404
9029
8565
8840
8358
8608
8648
8285
8613
7530
8673
8953
8186
8650
8613
9280
8530
8744
8732
9451
8329
8339
9074
8462
8756
8850
8381
8413
8452
8598
8827
9192
8272
8638
8603
8733
8969
8350
8610
9056
7961
8139
9439
8376
8309
7931
9264
8539
8288
7681
8591
8821
8813
8198
8087
8763
8974
8643
9253
9865
8463
8187
8243
8748
7828
8939
8586
8686
9134
8410
8934
9042
9064
7929
8551
9103
9166
9422
8518
8231
7853
8024
8572
8461
7905
8509
8598
8327
8670
8248
8932
9191
8143
8816
8372
9049
8017
8451
8371
8030
8280
9113
8674
8997
8086
7860
8565
9162
8776
8036
8984
8889
8689
8196
8440
9515
8702
7813
9088
8086
9203
8098
9092
8312
8693
8509
8480
8224
8220
8589
8761
8291
8333
9093
8692
9076
8413
8480
8695
8266
8403
7646
8873
8389
8448
8769
7798
7984
8982
8146
8297
9007
8770
8829
9018
8110
9232
7885
8606
7945
8626
7740
8779
8438
8761
8811
8475
8325
8763
8242
8228
8965
8673
9029
9082
9087
8188
8577
7955
9278
8151
8165
8605
9030
9150
9076
8463
8037
8568
8377
8254
8297
8366
8501
8837
7859
8336
8245
8801
9069
8241
8499
8592
8526
9158
8204
8144
7778
8322
7848
8147
9045
8155
8556
9319
8082
8330
7929
8555
8708
8406
9022
8164
9159
7661
8692
8640
8087
9185
8914
8672
8594
8282
8743
8583
8250
8392
8724
8615
8126
9041
8638
8632
8282
8379
8606
8324
8268
7957
8758
8729
8285
9444
8291
8137
8734
8947
8249
8437
8578
8874
9089
8311
8571
8908
8981
9017
9209
8524
8761
8460
9085
8090
9182
8609
8396
8085
8138
7774
9121
8637
8708
8008
8392
8805
8332
8239
8472
8494
8135
8866
8429
8485
8528
8698
8661
9688
8302
8494
8196
9141
8726
8354
9042
8126
8796
8510
8993
8657
8561
8877
7944
8618
8046
8293
8313
8026
8089
9146
8745
8366
8989
8541
9239
8187
9222
8379
8217
9301
8651
8299
8696
8192
7793
8837
8324
8911
9023
8760
8640
8793
8259
9682
9024
8764
8627
8559
8917
8487
9143
8450
8508
8380
8622
8261
8704
8645
9105
8448
8815
8257
8343
8838
9319
9053
8320
8860
9083
8228
8898
8649
8192
8508
8260
8896
7870
8877
8182
9270
8347
8864
8893
7504
9092
8308
8916
8984
8480
8623
8871
9053
8412
8698
8490
8478
8175
9316
8483
8294
9379
8460
8889
9045
8772
9311
8356
8582
8054
8306
9241
8948
8824
8490
8162
8471
8219
8097
8155
8530
8777
8796
8360
8359
9150
8463
9267
8104
8580
8628
9094
8517
8631
8636
8748
8827
9237
8869
8105
8605
9095
9268
8540
8481
8075
8105
8338
8936
8315
8175
8308
8569
8734
8276
8503
8456
8841
8642
8386
8280
8116
8858
9001
8327
8898
9322
8617
8934
8481
8840
8243
9022
8147
8937
9095
8237
8581
8917
9077
8746
8171
7986
9087
8461
7772
8903
8300
9233
9384
8467
8690
8069
8533
9518
9169
8609
8578
8693
8514
9000
8991
8462
8060
8312
8471
8171
8810
8077
8797
9004
8525
8069
8169
8757
8434
8484
8968
8213
9190
8081
8048
8876
8183
8606
8720
8485
9392
8406
9205
8435
8649
8846
8062
8700
8894
9373
8522
9143
8065
9161
8733
9047
9165
8482
8349
8666
8687
8672
9098
8572
8091
8554
8828
8878
8378
8526
9217
8747
9027
8710
8708
8674
8824
8901
8059
8835
8290
9477
8688
8905
8476
8890
8886
8454
8994
9386
8938
9064
9489
9076
7947
8943
9405
8867
8525
9490
8738
8833
8848
8570
8746
8369
8843
9146
8308
8987
9079
8456
8499
8658
8945
8270
8945
8496
9316
9307
8625
8864
8189
9216
8776
8857
9010
8477
9009
9232
8751
8790
8609
8391
9252
8278
8969
8413
9334
9669
8228
8589
8704
8963
8893
8617
8882
8533
8391
8686
9549
8549
8792
8664
8384
8372
8866
8705
8837
8875
8235
9084
8925
8867
8802
8938
8608
8949
8813
9026
8876
9072
8601
8144
8396
8430
9272
8954
9024
7866
8072
8611
9570
8813
8724
9004
8581
7958
8093
8531
9234
9207
8334
8996
8826
8352
8955
8734
8986
8279
8842
8760
8845
8898
8899
8515
8282
8495
9073
8453
8819
8965
9279
9161
8859
9178
9380
8498
8905
9294
9499
9362
9014
8857
8503
8637
8850
8628
8710
8939
9485
9389
8719
8909
8376
9517
8726
8532
9193
9597
8398
9065
8383
9308
8583
9135
8298
9381
8781
8756
8658
9393
8535
8585
8901
8576
9399
8915
8732
8334
9569
8921
8773
8804
8571
8750
9043
8383
8629
8650
9192
9024
9580
9245
8665
9759
9337
8932
8845
9147
8883
8838
9000
8903
9064
8769
8992
8228
8598
8945
8880
9211
9267
8884
8763
9122
8328
9171
9079
9385
9258
9244
8705
9353
8745
8555
8770
9399
9472
9030
8330
9375
8646
9200
8557
8345
9103
8477
8706
8635
9096
9078
8808
9220
9386
9000
9357
8695
8605
9118
9019
9661
9083
9141
8908
9241
9253
8658
8650
9055
9035
8736
9095
9028
8837
8753
9096
9231
8964
9242
8397
8236
8475
8642
8812
8463
8620
9217
9032
9261
8845
9161
9222
8908
9342
8904
9684
9007
9170
8908
8670
9780
8918
8686
8698
9368
8667
8584
9263
9360
9126
9256
8720
8923
8381
9441
8666
8847
9175
8576
8891
8864
9164
9236
9162
9099
8833
8918
8937
9046
9115
9079
8501
8566
8689
8699
8585
9167
9105
9605
8454
9486
9083
8945
9177
9037
9013
9087
8810
9850
9098
8985
9205
8291
9055
9113
9068
8690
9009
8646
10028
8852
8661
9054
8969
9141
9148
9143
8866
8772
8594
9157
9296
8486
8242
8846
8810
8840
9898
8997
8480
8558
8768
9073
9183
8381
8694
9243
9505
7987
9464
8999
9355
9272
9482
9109
9691
8911
9332
8916
9213
9113
8834
8927
8430
9882
8796
8848
9154
9019
9263
9217
9092
9101
9378
9097
8768
9259
9201
8940
9776
8907
8767
8801
8375
8754
8613
9205
8961
8845
9016
9323
9626
9662
8729
9231
8748
8568
9433
8936
9373
9131
9427
9372
8740
9048
9500
8967
9074
9576
9242
8960
8952
9292
8852
9285
9385
8886
9098
9186
9213
8988
9839
8719
9221
8813
8949
9530
9632
8965
9592
9739
8960
9674
9265
8847
9239
9292
8896
9145
9392
9204
8634
9194
9745
9906
8898
9391
9193
9774
8580
9261
9464
9696
9579
9711
9541
8906
8651
8938
8949
9502
9549
8336
9464
9297
9560
10023
9254
9306
9426
9547
8812
9592
8950
9510
9234
9364
8211
9159
9537
9506
9311
8848
9852
9190
9332
9201
9245
9013
8491
9221
9332
9639
9047
9715
9011
9270
9624
8992
9445
9193
9402
9554
9175
9348
8860
10261
8973
8856
9131
9732
9918
9354
9149
9165
9144
9286
9415
8320
8937
8226
9156
8715
9288
9796
8912
9760
9099
9778
8860
9693
9963
9045
8690
9400
9690
9403
9349
10002
9654
9010
9821
9029
8753
8864
8902
8920
9756
9140
9213
9020
9164
8980
8778
9194
9687
10122
8384
9687
8674
8986
9236
9018
9741
9725
9098
9720
9605
9217
9656
9261
9677
9551
9780
9071
9646
8953
9342
9949
8498
9524
9713
9927
10104
9791
9818
8619
8896
9540
9296
10024
9323
9614
9755
9304
9092
9162
9243
9685
9354
9419
9775
9256
8852
9539
9650
10141
9642
9299
9786
8936
10186
8974
9787
9298
9061
9841
10076
9986
8737
9091
9657
9545
9702
9027
9144
9781
9097
10039
9130
10308
9389
9167
9592
8545
8995
9117
9468
8777
10305
9438
9717
9493
9705
10020
9515
9706
9439
8664
9162
9472
9450
9690
9454
9611
9338
9073
10058
9992
9540
9467
9004
9512
9088
9663
9038
9627
9003
9373
9675
9738
9823
9384
9533
9723
9460
8933
9522
8883
9665
9169
8650
10177
10124
9515
9083
9348
9417
9566
9797
9908
8906
9659
9537
9420
10186
9744
9581
9231
9578
9304
10189
9124
9663
8982
9442
9375
9124
9427
9647
9724
9736
9236
10388
10018
9199
10270
9416
9335
9944
9862
9616
9888
9810
9852
10251
9467
9728
9854
9414
9651
9969
10361
9431
9894
9834
9434
10226
9866
9896
9204
10473
10006
10678
9686
10036
9792
10624
10117
10087
10359
9693
9298
9715
10426
9472
10559
9453
9683
9595
10425
11040
9682
10198
9226
9998
10141
9689
9439
9903
10244
9853
9481
9260
10086
9342
9706
9677
10182
10276
9895
9792
10227
10013
10650
9621
10534
9323
10347
9929
9821
10192
9816
10629
9394
9966
9238
10061
10184
10313
9784
10303
10385
10072
10045
9666
10076
9557
10314
10082
9456
9941
9578
10115
11066
10048
9959
9523
10077
9721
10664
10508
10467
9623
9935
11384
10264
10212
9987
9547
9860
9901
9798
10163
9563
10200
10000
10429
10674
10601
10219
10770
10148
10669
9682
10525
10352
10008
9960
10248
9718
10287
10221
10350
9924
10046
10712
10578
10732
10722
9906
10534
10385
10437
10057
9985
10347
10681
9895
10434
10066
9869
10519
10254
10108
10151
11091
10789
10970
11220
10048
10252
10282
10812
10489
10700
10300
11020
10642
11051
10307
9768
10587
11293
10536
10269
10857
10903
11101
10853
10800
10329
10673
11114
10920
10985
11441
10798
11236
11188
10632
10408
10734
10420
11229
11294
11161
10894
10976
10317
10742
10482
10313
10134
11281
10862
10120
11029
10840
11240
11247
11104
10934
11365
10149
10660
11240
10508
10710
11426
10392
11745
10531
10541
11267
11616
10654
11102
10428
11639
11332
11298
11520
11559
11176
11651
10905
11323
10972
11412
11130
11904
11541
11686
11429
10904
11927
11211
10610
11658
11298
11976
11036
11440
11301
11191
11781
11516
11615
12394
11981
11825
11850
12421
11533
11726
11134
11447
11588
11506
12454
11715
11245
11522
12271
11796
11085
12162
11489
12148
11204
11688
11968
12092
11656
11920
11908
11879
12137
10948
12024
11754
11826
11430
11876
11890
11881
11724
12149
12206
12469
12194
12219
12510
11871
12045
13267
11667
12314
12727
11609
12124
12222
12459
12867
12011
12712
12587
12078
11798
12226
11552
12188
12962
12519
12830
12864
12437
12591
12959
12183
12362
12706
12362
13191
12767
13741
13498
12991
12052
13446
13069
12591
13405
13153
13056
13394
13453
13202
13051
13501
13607
13197
14204
13521
13122
12826
13818
13952
13230
13092
13431
13406
14646
14059
14595
14069
13590
13958
12825
14095
14479
14146
13452
14210
13602
14928
13688
14301
14038
13942
13609
14348
14180
13772
13958
13312
14025
14277
13960
14198
14324
14996
14676
15541
15128
13966
15021
15093
14556
15015
15620
14860
15467
15004
14583
14347
15106
14687
15466
15116
14934
15668
15321
15097
15031
15472
15293
15344
16021
15456
15503
15413
15946
15603
16069
15797
16442
16178
15667
15950
15905
15961
16341
16040
16063
16884
16239
16184
16057
16268
16804
16853
16432
16647
16678
16289
16824
16645
17327
16925
16384
16610
16727
17373
17279
17214
16505
17710
17460
17284
17418
17766
17099
17899
17384
16817
17811
18471
17174
17909
18162
17981
18449
18178
18528
18030
19754
18535
18325
18564
18378
18917
18929
18965
18307
19056
18690
18800
19956
19926
19508
19746
19152
19648
20124
19228
19639
19207
19982
19287
18973
19053
19671
19670
20386
19828
19881
20599
21278
20542
20662
20382
20852
20946
20621
20753
21362
20825
21583
21653
20612
21010
21185
21188
21546
21742
22276
21061
21556
21881
21312
22118
21178
22154
21741
22666
22572
22276
22454
22890
22266
23104
22869
23216
23001
23189
23856
24089
24292
23637
22970
24345
23616
23605
24554
23652
23899
23898
24342
24645
24103
24445
25232
24786
24946
25188
25612
25410
24915
26141
25910
25141
25829
25716
26402
25766
26488
25840
26100
26545
26518
26493
27088
26906
27253
27547
27928
27302
27428
27156
27830
27997
27192
28064
28036
27488
28362
29458
28717
29091
28978
29204
28850
29350
29399
30201
28980
30212
30028
30408
30454
29477
29942
30620
31080
30638
31010
32213
31462
31060
31508
31386
31872
31498
32072
32117
32020
32619
32108
32796
32682
32559
32526
33000
32815
32434
33756
33751
34362
33135
33906
34454
34938
34254
34864
34283
34760
35072
35400
36299
35590
35972
36132
36155
37029
35932
36713
36580
36366
36361
37401
36971
36394
37472
37524
37368
36970
37415
37285
38587
38585
38604
38372
38489
38846
39405
39204
39194
39689
40244
39480
39584
40516
40911
41125
40488
39740
40426
41286
40916
41000
41832
41472
41882
42911
42500
42164
43508
42926
42148
43081
43664
43700
43278
42449
43826
43567
42780
43956
43538
44390
45228
44596
44176
45097
44872
45546
45717
45422
46027
46308
45542
46761
46296
47034
46404
47232
46720
47514
46872
48852
47300
47800
48086
48523
48109
48342
48236
49186
48424
48018
48953
49514
49720
48996
49980
50216
50173
49476
50692
50922
50660
51133
51206
51896
51204
50474
51584
52268
51900
52316
52084
52024
51890
53924
53212
52180
52868
53999
53478
53830
52999
53898
54374
53590
54325
54454
54338
55576
55181
54997
54683
55892
56166
56064
56578
55293
55424
55512
56090
56329
57416
56592
57524
57263
58537
56941
56904
56476
56709
57116
56369
56533
56490
57578
57816
57602
57825
58624
58628
59070
58706
58800
58735
58422
58580
58388
59498
59584
59464
59673
59156
58409
58572
58405
58880
59668
59610
59464
59936
60068
61279
60464
61445
62128
61476
61696
61580
62186
61568
61627
62073
63276
62720
62166
61588
63003
62646
63412
62907
62932
63460
62533
64068
63552
63114
63333
63608
64360
63989
64202
64940
64692
65024
65040
63644
64866
65438
64554
64690
64652
65535
65117
64664
65206
65477
65535
65535
65380
65535
65535
65535
65535
65535
65535
65535
65535
65535
65535
65535
65535
65452
65535
65016
65535
65307
65533
65535
65535
65535
65535
65535
65535
65535
65535
65535
65535
65535
65535
65535
65535
65535
65535
65535
65535
65535
65535
65535
65535
65535
65535
65535
65535
65535
65535
65535
65535
65535
65535
65535
65535
65535
65535
65535
65535
65535
65535
65535
65535
65535
65535
65535
65535
65535
65535
65535
65535
65535
65535
65535
65535
65535
65535
65535
65535
65535
65535
65535
65535
65535
65535
65535
65535
65535
65535
65535
65535
65535
65535
65535
65535
65535
65535
65535
65535
65535
65535
65535
65535
65535
65535
65535
65535
65535
65535
65535
65535
65535
65535
65535
65535
65535
65535
65535
65535
65535
65535
65535
65535
65535
65535
65535
65535
65535
65535
65535
65535
65535
65535
65535
65535
65535
65535
65535
65535
65535
65535
65535
65535
65535
65535
65535
65535
65535
65535
65535
65535
65535
65535
65535
65535
65535
65535
65535
65535
65535
65535
65535
65535
65535
65535
65535
65535
65535
65535
65535
65535
65535
65535
65535
65535
65535
65535
65535
65535
65535
65535
65535
65535
65535
65535
65535
65535
65535
65535
65535
65535
65535
65535
65535
65535
65535
65535
65535
65535
65535
65535
65535
65535
65535
65535
65535
65535
65535
65535
65535
65535
65535
65535
65535
65535
65535
65535
65535
65535
65236
65224
65186
65186
65205
65535
64916
65535
65128
65386
65500
64861
64884
63965
64088
64221
63816
63716
64349
64863
63901
64110
64189
63156
62906
63636
64200
63494
63319
62878
63325
62504
62329
62398
62877
62541
61696
62644
62860
61696
61917
61420
61108
62026
61572
60904
60992
61403
61446
60672
60882
61364
60973
60202
59821
59096
59386
58589
59278
59508
58880
59324
58549
59364
59529
59789
58312
58285
59204
57780
58153
58164
58038
57524
57812
58298
57620
57709
57504
57006
56214
57362
56948
56660
56644
56144
55150
55304
54784
55446
55620
54702
55508
54772
55405
55094
54835
54458
53796
54170
54477
54133
52877
54378
53428
52971
53239
52996
53236
52180
51949
52368
52298
51556
52156
51684
51079
51532
51562
50806
50605
50008
50842
50460
50226
49881
49142
49714
49288
49675
50057
48690
49081
48538
48520
48527
47802
48836
49140
48306
48277
47829
48456
47304
47757
47108
46440
45818
45642
45640
45796
45440
45802
44296
45383
45332
45796
44102
44888
44525
44235
44238
43264
43876
42166
43544
43370
41979
42372
41422
41624
42580
42269
41170
42052
42112
40900
41668
41029
41303
41036
40440
40257
39456
37880
37056
37624
37817
37705
37348
38469
37796
37996
38652
38200
37659
38145
37774
37657
37656
36472
36550
36096
36720
36241
36224
36038
36142
36303
35758
35548
35064
35078
34522
33931
33746
34880
33963
34048
33220
33600
33408
33828
33256
32876
32457
31933
31226
32765
31264
31797
31190
30557
31069
31488
30745
30676
29724
30266
29820
29720
29936
29144
28918
30516
29738
28589
28539
29022
28488
27829
27426
27336
27365
27876
26725
26048
27381
27080
26838
25724
25913
27147
26068
25782
25226
25434
24971
25478
24875
24975
24219
24502
23760
23492
24133
23898
23844
24076
23700
24225
22700
22588
22756
22522
23029
23286
22656
23354
21474
21205
21418
21420
21246
21684
21108
21464
21142
21225
20992
20437
20386
20949
19972
19806
20244
20242
19124
20669
19737
19458
19114
19202
19570
18900
18278
17905
18909
19245
18269
17647
18880
18015
18426
18175
17753
17327
17450
16773
16779
16694
17962
17180
17560
16215
16576
16736
15854
16266
16522
16281
16373
15894
15976
15890
16040
15844
15736
16425
14839
15416
15382
14639
14954
14749
14217
15075
14597
14701
14552
15547
15518
13934
14053
14251
14757
14544
14101
13448
14250
13757
13010
13379
13766
14372
13937
13692
13552
13608
13765
12868
14142
13123
13202
12921
13043
12702
13130
12621
12586
13023
12293
13332
12786
12948
12176
13474
12369
12985
11678
11985
13164
12789
11983
12428
11350
12553
12071
12933
12307
12606
12003
12650
11590
11357
11999
11604
11551
10829
11456
12226
11973
11822
11556
11537
11392
11623
12128
10539
11426
11440
11619
10241
11370
11079
11548
10743
11049
10832
11451
10693
11018
10921
11386
11020
11214
