8080
7968
7322
7964
7722
9345
7118
7756
7869
7348
7704
7280
7569
7250
6934
8284
8202
7337
8186
7986
6970
7400
6852
7769
8003
7636
8061
7426
7149
7753
7874
7212
7003
7243
7261
7662
7095
7870
7394
8228
7499
7513
7603
7822
7898
7250
8328
7460
7874
8026
8882
8264
8414
7279
7449
7472
7527
7076
7354
7965
7248
7413
8292
8016
7471
7206
7572
6945
8102
7982
7982
6857
7769
7702
7773
7977
7431
7865
7457
7264
8119
7707
7689
7555
7915
8145
7631
7175
8268
7893
7870
8520
8072
7682
7334
8061
7664
8254
8632
7689
8118
7440
8179
7387
7994
8178
7271
8287
7279
7526
8148
7195
8574
7874
7842
7390
7429
8204
8205
8158
7886
7507
7529
8138
8238
8252
8542
7857
7082
8076
7818
7541
8066
7551
7958
7684
8317
8319
8158
7736
7946
7851
7588
8075
8508
8152
7860
8084
7796
8016
8344
7683
8417
7819
7450
8075
8280
8314
8214
7835
8794
7976
7740
7706
7482
8206
8400
7710
8405
7288
7839
8044
8080
7442
7614
7376
8013
8328
8153
8100
8004
8892
8268
7929
7917
8686
8149
7630
8595
8359
8582
7775
8441
7944
7796
7905
7668
8384
8010
8683
7565
7435
8336
7879
7598
8111
8409
8013
8524
8057
7916
8022
8737
8045
7669
7340
8416
7910
8164
8172
8574
8346
8281
7567
8709
8373
8093
8172
7622
8569
7701
7643
8155
8108
7647
8013
7957
7979
8362
8120
8642
8210
7788
7946
8511
8073
8077
8437
7985
8773
7458
8508
8263
8466
8134
8256
7721
7840
8642
7657
7833
8681
7861
8461
7716
8354
7981
7873
8419
8923
8562
8367
8738
8391
7506
8067
8532
7684
7850
8591
8274
7918
8544
7799
8342
7750
8219
8656
8500
8395
7949
7757
8024
8378
9094
7919
8376
8181
7832
8248
8139
8526
7597
8045
7735
8308
7924
8023
8182
8438
8296
9187
8825
8339
7735
8657
8620
8333
8630
7950
8981
7284
8301
8440
8057
7874
8790
8352
8480
8533
8043
7826
7617
7969
7830
8851
8307
8353
8195
8222
8750
8390
8728
7567
8269
8311
8404
8550
8416
8527
8402
8597
8374
8170
8706
8192
8342
8782
8008
8514
7858
8538
8555
7214
8448
7951
8251
8044
8517
8244
7794
7801
8554
8491
8002
8049
8115
7839
7815
8540
7474
8700
7636
8338
8172
8100
8576
7860
8516
7976
8307
8768
7734
8348
8756
7947
8440
7992
8354
7947
8435
8625
8057
8384
8554
8475
8384
8907
8300
8627
8775
8039
8570
8791
8204
8681
8407
8306
8535
8630
8316
8401
8436
8560
8474
8185
8355
7357
8315
8451
8072
8452
8286
8154
8110
8218
8611
8177
8449
8083
8217
8351
8204
7634
8521
8574
8129
8429
8211
8407
8096
8301
8322
8490
8234
9069
8106
7804
8838
8221
7835
8388
8155
8528
8084
9364
8197
8612
7957
8308
8573
8626
7883
8634
9132
8523
8830
7988
8730
7643
8143
7813
8460
8913
8610
7876
9010
8489
8105
8684
8083
8082
8016
7845
8348
8515
9569
8948
8146
8079
8665
8909
7954
8542
8793
8410
8850
7876
8468
7908
8379
8565
8554
9007
8556
8501
8687
8593
7662
8218
9290
8594
8324
8021
7962
8735
8402
8854
8651
8704
8749
8356
8711
8849
8448
8923
8105
9024
8024
9167
8443
8851
8569
8640
8706
8040
8706
8037
7884
8320
8623
9581
8469
8710
8951
8412
8928
8421
8546
9142
8170
8394
8486
8776
8669
8796
8917
7805
8620
8297
8158
7868
8212
8268
7894
8706
8650
8935
8062
8858
8459
8324
8909
8145
7726
8660
8577
9125
8584
8436
8566
8410
8346
7728
7850
7994
8658
7965
8220
8260
8316
8085
8375
9106
8457
8755
7891
8224
8482
8251
8116
8275
8741
8374
8276
8909
8052
8861
8093
8926
8134
8595
9077
8360
8123
8568
7799
8645
8969
8767
8474
8348
8389
8549
9086
7272
8310
8646
8537
8841
8008
8511
8048
9072
9066
9512
9071
8188
8314
8237
8952
7900
7973
8460
8299
7783
8820
8821
8659
8949
8735
8434
8603
8776
8486
8212
8209
8548
8806
7903
8507
8283
8482
9046
8793
8307
8422
8231
8109
9425
8741
8061
7691
8212
8132
8490
8788
7758
8771
8943
8753
8111
8616
8670
8568
8560
8663
8672
8887
8673
9099
9418
8418
8004
8150
8201
8544
8559
8477
8730
7771
8292
8588
8903
8596
8200
7685
8699
8673
8904
8562
8515
9220
8656
9363
8228
8502
7972
9061
7868
8966
8909
8659
7962
8635
8576
8928
8388
8907
8758
8554
8565
7685
8539
8549
8768
8185
7596
8285
8143
8944
8266
8684
8856
8420
8293
8490
8546
8588
9264
8834
8167
8610
8726
7912
8907
8316
8787
8266
8505
8567
8405
8200
8308
8444
8405
8911
8474
9094
8562
8710
9086
8912
9182
8760
9332
8284
8413
7854
8773
8544
8826
8324
9018
8162
8798
8773
8302
8546
7527
8795
8749
8224
8527
8805
9222
8606
8633
8723
9258
8354
8141
8843
8267
8658
8750
8376
8619
8310
8732
8684
9091
8321
8463
8514
8734
9041
8418
8835
8897
8293
7893
9457
8258
8370
7885
9164
8646
8340
7875
8688
9049
8915
7960
8397
8504
8817
8596
9142
9772
8321
8255
8458
8452
7979
9092
8973
8566
8845
8567
8893
9052
9006
7938
8423
9034
9038
9248
8621
8040
7930
8101
8418
8430
8063
8830
8734
8492
8484
8491
8999
9273
8066
8835
8250
8910
8130
8505
8690
7988
8311
8941
8601
8756
8131
7844
8573
8618
8648
8089
9245
8862
8783
8173
8546
9644
8830
7947
9233
8079
9303
8250
9122
8362
8632
8509
8530
8152
8262
8223
8974
8284
8420
9015
8591
9083
8603
8292
8927
8210
8460
7712
8787
8704
8483
8672
7638
8386
9087
8148
8431
8961
8617
9113
8982
8115
9287
8090
8593
8116
8327
8032
8724
8564
8949
8700
8595
8305
8517
8271
8173
8921
8837
8854
9276
8988
8030
8375
7971
9526
8315
8171
8782
9166
9167
9063
8624
7976
8591
8215
8271
8141
8538
8472
8988
8206
8525
8279
8785
8907
8174
8358
8675
8551
9252
8189
7964
7921
8011
8032
8218
9051
8179
8712
9576
8359
8302
7961
8647
8996
8469
9151
8307
9190
7866
8663
8747
7993
9280
8911
8628
8753
8285
8964
8746
8245
7964
8855
8490
7901
9176
8741
8837
8420
8238
8526
8421
8458
7911
8878
8944
8486
9693
8601
8352
8457
9156
8162
8570
8943
8832
9072
8295
8521
8944
8754
9122
9265
8645
8618
8556
8945
8448
9171
8614
8245
8302
8047
7991
9194
8507
8743
8145
8570
8901
8468
8308
8740
8503
8052
8769
8399
8649
8696
8629
8492
9615
8728
8573
8480
9303
8800
8597
9272
8053
9149
8546
9030
8905
8725
8929
8197
8853
8095
8261
8557
8106
8260
9129
8998
8610
8965
8660
9253
8332
9337
8558
8306
9445
8614
8312
8922
8344
7816
8943
8709
9009
9270
8716
8516
8815
8410
9606
9222
8456
8877
8340
9220
8617
9078
8559
8398
8525
8804
8218
8851
8491
9072
8556
8944
8221
8546
8728
9558
8693
8344
9232
9130
8221
8947
8825
8170
8661
8634
9065
7961
9095
8194
9385
8470
8610
8888
7528
8942
8308
9146
8828
8691
8862
8742
9094
8609
8891
8704
8722
8120
9358
8642
8265
9514
8542
9289
9314
8823
9509
8704
8711
8204
8506
9266
9216
9051
8804
8219
8468
8436
8365
8239
8798
9033
8980
8300
8502
9400
8410
9198
8202
8552
8847
9130
8748
8520
8768
8845
8718
9479
8936
8259
8985
9277
9273
8662
8852
8193
7929
8434
8841
8573
8372
8423
8699
8845
8308
8694
8587
8989
9012
8562
8544
8155
8946
9069
8512
9128
9496
8578
9176
8684
8942
8512
8948
8378
9067
9013
8399
8620
9217
9101
8591
8080
8396
9239
8470
8000
8992
8352
9197
9438
8654
8782
8061
8836
9654
9610
8593
8849
9045
8977
8985
9234
8585
8257
8474
8570
8468
8994
8279
9281
9045
8464
8216
8417
8786
8698
8612
8902
8370
9335
8283
8518
8934
8383
8716
8962
8841
9389
8612
9654
8725
8747
8977
8200
9112
8927
9609
8853
9454
8432
9518
8882
9396
9135
8654
8432
8539
9098
8937
9306
8760
8236
8924
8934
9021
8582
8998
9561
9142
9290
8984
8617
8816
8916
8962
8293
9054
8455
9987
8893
9021
8811
9116
9245
8566
9029
9642
9212
9493
9734
9412
8019
9232
9738
9013
8865
9472
9197
9026
8960
8740
8852
8595
9171
9568
8456
9237
9272
8656
8816
8681
9226
8710
9266
8806
9576
9261
9078
9012
8756
9253
9106
8789
9244
8602
9205
9334
9122
9101
8712
8568
9446
8455
9239
8828
9711
9994
8746
8906
9119
9482
9178
9240
9198
8627
8545
9180
9844
8834
9000
8738
8934
8597
8930
9070
8992
9252
8642
9509
9059
9219
8985
9394
9172
9327
9095
9244
9278
9394
9062
8783
8721
8776
9540
8944
9271
8234
8392
8858
9740
9428
9177
9146
9143
8202
8639
9060
9647
9626
8783
9510
9063
8695
9281
9054
9089
8872
9326
9050
9216
8937
9144
8731
8791
8777
9673
8774
9055
9050
9452
9401
9202
9581
9554
8710
9498
9352
9549
9966
9251
9205
9191
8875
9212
9198
9282
9375
9906
9880
9375
9418
8938
10198
9178
8913
9544
9666
8865
9472
8734
9540
8916
9584
8780
9751
9473
9206
8773
9728
9133
9050
9333
8998
9674
9117
8933
8780
9911
10045
9361
9328
9037
9073
9767
8820
9290
9334
9730
9823
9943
9743
9039
10142
9642
9488
9272
9676
9610
9456
9321
9420
9684
9048
9414
8764
9074
9349
9156
9637
9972
9285
9338
9384
8833
9414
9772
9733
9808
9723
9159
9675
9412
8981
9327
9864
9812
9547
8807
10150
9393
9766
9086
8789
9766
9019
9098
9102
9842
9622
9620
9926
10096
9665
9834
9206
9364
9839
9658
10226
9501
9602
9627
9702
9891
9497
9497
9574
9586
9320
9886
9624
9572
9473
9638
10005
9523
9940
8863
8780
9214
9412
9086
8826
9519
9869
9565
9704
9148
9517
9820
9785
10254
9525
10429
9775
9730
9636
9269
10239
9717
9455
9453
10262
9481
9183
9969
9928
9502
9942
9730
9756
8875
10040
9402
9652
9826
9479
9899
9458
10042
10074
9941
9863
9715
9911
9398
9816
9854
9899
9195
9397
9520
9304
9439
10085
9817
10221
9242
10177
9617
9722
9849
9752
9821
10050
9899
10371
9754
9793
9973
9356
10148
9730
9809
9566
9744
9440
10844
9974
9404
9939
9914
10137
9835
9976
9878
9666
9480
10109
10063
9498
9310
9708
9747
9626
10705
9865
9566
9397
9821
9857
10149
9141
9717
10089
10237
8940
10496
9821
10321
9979
10386
10295
10346
10056
10560
9723
10003
10083
9605
10206
9542
10794
10108
9810
10185
9870
10244
10096
9931
10068
10285
10198
9716
10444
10432
9904
10777
9981
9899
10054
9562
9770
9724
10326
10173
10133
10113
10406
10638
10536
9853
10186
9953
9621
10656
9988
10367
9976
10562
10509
9760
10244
10361
9946
10259
10539
10377
9772
9897
10668
9932
10461
10320
9895
9994
10286
10468
10042
10758
9873
10190
10215
10049
10487
10834
9916
10996
11022
9978
10816
10300
10020
10663
10486
10145
10198
10678
10311
9974
10433
10911
11142
10209
10740
10467
11082
9770
10407
10810
10936
10955
11148
10644
10012
10114
10233
10217
10890
10866
10116
10620
10404
10864
11395
10651
10634
10654
10650
10045
11169
10345
10964
10710
10593
9547
10167
10660
10900
10478
10299
10989
10410
10593
10341
10589
10349
9782
10575
10784
11007
10476
11184
10463
10572
10886
10344
10773
10559
10522
11170
10821
10966
10324
11564
10515
10314
10476
11112
11149
10852
10621
10698
10843
10594
10746
10045
10559
9803
10624
10417
10743
10962
10321
11207
10794
11506
10432
11219
11425
10810
10404
10963
11428
11023
10888
11158
11194
10460
11540
10644
10403
10437
10462
10526
11422
10578
10534
10873
10727
10781
10485
10794
11410
11734
10167
11553
10347
10733
10955
10542
11468
11562
10946
11370
11316
10874
11258
11167
11095
11603
11335
10904
11631
10840
11174
11566
10462
11621
11405
11487
11694
11912
11625
10376
10396
11366
11010
11777
11327
11508
11576
11238
10948
10733
11156
11513
11235
10996
11613
11044
10701
11363
11481
12100
11306
11353
11850
10665
12147
11013
11643
11245
10995
11884
11824
11434
10737
11178
11538
11478
11424
10840
10862
11600
11051
12100
11095
12189
11493
11130
11772
10714
11292
11506
11528
10924
12492
11476
11812
11610
11670
12043
11874
11812
11672
10602
11520
11588
11660
11551
11720
11988
11358
11316
11952
11963
11544
11822
11224
12092
11352
11730
11504
11920
11362
11776
11927
11983
11796
11674
11815
11910
11674
11304
11687
11218
11749
11476
11134
12090
12234
12072
11360
11564
11807
12109
11885
12157
11087
11938
11933
12042
12435
12403
12199
11606
11976
11856
12611
11529
12490
11641
12117
11835
11636
11641
12045
12389
11975
11717
12840
12535
11715
12737
12044
11829
12305
12427
12204
12196
12121
12182
12663
12178
12296
12538
11863
12078
12421
12893
12027
12336
12608
12138
13213
12746
12609
11973
13014
12643
13085
12192
12579
12545
13476
12904
12654
13008
12567
12030
12296
13076
12326
13608
12281
12357
12578
13005
13956
12502
13092
12234
12751
12928
12661
12221
12647
13058
12747
12536
12425
12845
12219
12437
12527
13052
13436
12672
12693
13150
13188
13549
12749
13158
12378
13092
13226
12587
13166
12621
13493
12406
13094
12244
13099
13530
13440
12677
13511
13572
12984
13008
12897
13014
12760
13183
13412
12485
12914
12840
13208
14169
13098
13029
13078
13049
12581
13721
13765
13531
12873
13311
14375
13292
13450
13147
12768
13202
13067
13120
13595
12817
13737
13287
13728
13900
13779
13554
13659
13612
13800
13302
13555
13670
13440
13077
13712
13109
13498
13767
13775
13042
13161
14268
13857
14132
13936
13207
14086
13501
14051
13715
13534
13739
13894
13275
14156
13521
13285
13905
13999
13667
13479
14422
14015
14354
14894
13559
14004
14013
14324
14032
14149
13981
14308
14260
14559
13645
13061
14464
15004
13809
13962
14390
14318
14706
14514
14363
13876
13812
14770
14544
14743
15083
14548
14621
14804
14274
14134
14495
14051
14756
14684
14790
14584
14858
13905
14555
13864
14301
13815
14870
14119
13682
14650
14538
14871
15043
14850
14532
15529
13921
14320
14720
14273
14586
15200
13900
15396
14255
14138
14643
15406
14460
14706
14346
15091
14842
14977
15294
15401
14684
15240
14882
15067
15113
15182
15195
15892
14928
15437
15142
14930
15634
15208
14214
15151
14994
15346
14806
15145
15216
15035
15470
15108
15309
15893
15685
15476
15754
16090
15304
15397
14633
14976
15055
15277
15905
15340
14970
15320
15934
15599
14835
15745
15185
15817
14833
15393
15679
15727
15373
15490
15250
15369
15837
14571
15444
15881
15478
15109
15565
15620
15861
15261
15837
15932
15955
15797
16110
16072
15513
15965
16673
15140
16130
16518
15073
15782
15830
15694
16201
15454
15993
15854
15220
15026
15707
14968
15719
16464
16206
16209
16379
16338
16283
16518
15803
15572
16056
15722
16654
16104
17072
16796
16373
15085
16956
16397
16088
16907
16521
16625
16788
16975
16664
16526
16859
16642
16473
17625
16946
16624
16140
17027
17102
16504
16195
16690
16373
17618
17328
17393
17108
16478
17154
16363
17431
17512
16807
16266
17231
16988
17788
16448
17142
16849
16689
16543
17624
17435
16722
16755
16541
17436
17370
17252
17648
17116
17546
17636
18038
18116
17204
17654
17971
17283
17818
17808
17516
18242
17713
17109
17327
17669
17331
18082
17689
17686
18290
18264
17524
17824
17799
17530
17781
18876
17912
18187
18036
18728
17700
18351
18042
18764
18721
18079
18008
18357
18176
18597
18352
18185
18836
18385
18581
17961
18476
19112
18816
18548
18890
18499
18825
19041
18593
19482
18761
18041
18802
18605
19630
19538
19294
18859
19662
19546
19180
19354
19445
19134
19556
19130
18403
19642
19954
18874
19414
19702
19608
20157
19602
19968
19308
21356
19904
20011
19785
19838
20340
20226
20637
19986
20322
19694
19961
21167
21248
20619
20544
20660
20833
21364
20300
20434
20384
20551
19739
19856
20576
20795
20818
20928
20658
20688
21188
21576
21293
20904
21260
21145
21726
20840
21359
21833
21434
22390
22011
21060
20924
21642
21624
21588
21773
22325
21401
21852
21879
21537
22245
21370
22389
21858
22548
22571
22184
22514
22558
22075
22382
22683
23050
22840
22362
23361
23853
23513
23142
22941
23795
23194
23273
24130
23082
23302
22986
24034
24132
23400
23614
24172
23890
24123
24277
24796
24301
23888
24902
24218
23918
24201
24461
24906
24591
25206
24809
24862
25082
24920
24646
25236
25527
25164
25690
25954
25088
25683
25012
25922
25932
25326
25996
26136
25317
26118
27223
26454
27101
26282
26740
26476
26752
27277
27500
27037
27701
27412
27295
27628
27209
27164
28122
28116
28184
28504
29148
29184
27768
28646
28294
28520
28532
28293
28684
29216
29066
28772
29657
29480
29103
28964
29380
29308
28740
29706
29462
30479
29590
29525
30217
30905
29988
30392
29766
31028
30626
30670
31504
30889
31901
31192
31876
32182
31851
31568
31704
31832
31048
32302
32320
31401
32800
32360
32493
31690
32090
32140
33078
33266
33306
33288
32699
33780
33876
33769
33116
33920
34621
33678
33531
34401
34633
34705
34304
33585
34388
34857
34589
34750
35754
34644
35621
36262
35481
36343
36516
36278
35773
36308
36909
36802
36164
35818
36584
36915
35766
37092
37002
37415
38029
37131
36976
37738
37720
37668
37641
37607
38331
38453
38088
39275
38804
39110
38900
39122
38452
39526
38852
40388
39192
39771
40138
39584
39903
40202
39798
40564
40174
39519
40666
40972
40996
40395
41050
41450
41064
40923
41454
41556
41752
41796
41947
42118
41784
40762
42586
42796
42132
42758
42324
42389
42548
44160
43574
43164
43162
44288
43790
43608
43802
43742
44644
44244
43850
44437
44409
44859
44637
44719
44554
44989
46130
45265
45899
44611
45193
45062
45445
45986
46616
46277
46109
45861
48094
46337
45426
45924
45711
46100
46137
45904
45933
47127
46452
46760
46298
47440
48337
48050
47211
47168
47302
46996
47732
47096
48055
48343
48336
48310
47847
46678
47633
47290
47564
48157
48868
47624
48235
48493
49301
49028
49636
50169
49640
50085
49382
49972
49445
50005
50518
51223
50829
49948
49434
51144
50948
51293
50897
50665
51064
50651
51300
51272
50588
51264
51162
51896
51712
51188
51570
51712
52010
52109
51304
51915
53024
51308
52244
51832
52674
52484
52180
52507
52776
53449
52845
52107
52744
53264
52948
53339
53558
53128
53504
52580
53212
53429
53569
52885
52086
52656
52317
53376
51800
52800
52918
53469
54026
53664
53690
53016
53852
53686
54056
53993
52480
52932
53644
53540
54642
54432
54784
55424
54069
53786
54581
54400
54410
54314
54892
54957
54336
55629
54810
55188
54332
55053
55165
55658
55163
54754
55647
54939
55164
54792
55344
55552
55534
55694
55306
54740
55309
55898
54864
54984
55597
55706
54983
54432
54884
55626
54777
55434
55828
56107
55854
55706
56181
55307
56237
56314
55832
55976
55442
56740
56534
56293
56699
56793
56377
54969
55460
56548
55471
55334
55820
54683
56250
56085
55995
56054
55560
56271
55444
55380
55316
55563
56296
56343
55972
55881
56448
55100
55556
55928
55917
55721
55188
55012
55448
55308
55576
55149
55448
55122
55433
55620
55226
55092
53935
54400
54415
53870
54962
53097
54198
53901
54436
55786
54411
55561
55748
55508
55822
56068
56036
55252
55042
55489
55844
56172
55263
54836
54528
54916
54800
55912
55970
54647
55134
54986
54311
55369
54173
54765
54180
54860
54542
54190
54453
54986
54300
54077
55181
54504
54800
55114
54950
53615
54954
54180
54500
53653
54452
54489
53922
54502
53472
54509
52874
54980
54166
53836
53655
52807
53421
53183
54004
53458
52756
52500
53721
53177
52964
52183
52277
51878
53387
53028
52156
52256
52701
52228
51437
51664
52084
51531
51914
52120
51788
52616
51924
51882
51867
51488
51608
49737
50735
50884
50788
50056
51098
51502
51092
50688
50934
49540
49530
50707
50910
50304
50263
49611
50020
49684
49577
49802
49626
49554
48698
49494
49643
48826
48875
48906
48429
48656
48860
47998
48100
49264
49250
48606
48442
48330
48292
47405
46820
46944
46494
46284
46081
46958
46112
46610
46810
47129
47220
47017
46742
46050
46497
45784
46560
45636
45464
45312
45128
46174
44987
46104
46107
44753
44330
44949
44334
44387
44949
43993
43192
44027
43671
43636
43737
43626
43619
43640
43638
43816
43451
42664
42091
42392
43545
43210
41658
42344
42139
41753
41849
41740
42176
41508
40606
41013
41707
40458
41112
40841
39871
40986
41256
39846
40192
39341
39954
40055
39461
39060
38649
39086
38793
38664
38982
38196
38404
37855
38092
38044
37860
38276
38219
38292
38058
37339
38549
37038
37260
37497
36621
35913
36320
36457
36365
35812
36122
34589
35328
35978
36028
34564
35072
35485
34834
34553
34607
34581
33348
34330
34541
32943
33108
31948
32868
33586
33280
32292
32660
33077
32197
32960
32708
32973
32586
31877
31866
30958
29877
29532
29533
29736
29532
29016
30249
29721
29728
30789
29842
29661
30304
30081
30009
29909
28573
28812
28584
29421
28255
28412
28474
28167
28570
28110
28121
27546
27844
27452
26820
27073
27589
27194
27106
26646
26660
26257
26950
25959
26048
25664
25292
24573
26434
24883
24845
25076
24169
24721
25089
24557
24296
23188
23936
23664
23547
24117
23061
23060
24431
23947
22932
22705
22839
22645
22573
22506
21627
21990
22865
21412
21140
22014
21840
21405
20846
21060
22072
20885
20769
20496
20548
20306
21077
20498
20306
19958
19780
19997
18992
19440
19434
19322
19294
19258
19661
18281
18260
18308
18283
18880
19142
18604
18968
17316
17487
17844
17462
17595
17880
17572
17940
17457
17882
17461
16875
17273
17726
16322
16210
17029
17112
15821
17310
16218
16092
16234
16280
16498
15928
15294
15156
15901
15766
15114
14733
15982
15358
15726
15224
14848
15236
14617
14193
13877
14465
15621
14488
14857
13813
13861
14269
13631
13696
13976
14024
14174
13517
14053
13534
14144
13722
13308
14295
12748
13582
13348
12515
13192
13158
12828
12864
12911
12618
12504
13701
13626
12278
12195
12330
13128
12743
12443
11915
12334
12053
11508
11736
12149
12770
12528
12168
12077
11885
11988
11397
12363
11773
11698
11315
11680
11080
11535
11453
11322
11804
11095
12028
11682
11733
10800
12251
11084
11593
10509
10742
11797
11533
10645
11120
10189
11355
11061
11802
11158
11313
10663
11371
10450
10274
10982
10833
10409
9748
10856
11423
11026
10800
10553
10342
10491
10540
11332
9596
10322
10408
10532
9370
10272
10159
10418
9741
10082
9792
10472
9899
10420
10220
10437
10119
10137
