7769
7590
6941
7504
7254
9094
7203
7539
7887
7012
7597
6757
7194
6994
6695
7959
7903
7053
7736
7753
6426
7102
6577
7386
7714
7325
7860
7149
7090
7591
7726
6901
6991
6884
6913
7402
6796
7557
7236
7793
7242
7179
7014
7357
7723
6764
7900
7093
7843
7759
8743
8008
8206
7021
7237
7306
7215
6659
7133
7686
6973
6963
7758
7868
7237
7012
7241
6990
7976
7684
7460
6600
7282
7524
7491
7484
7234
7424
7315
7023
7816
7502
7536
7303
7601
7855
7395
6570
8050
7658
7495
8038
7803
7334
7147
7641
7418
8296
8290
7311
7677
6932
7929
6993
7719
7895
6950
8002
6954
7360
7923
7029
8198
7634
7528
7233
7240
7869
8076
7986
7591
7273
7238
7894
7857
7878
8262
7697
6802
7693
7260
7111
7733
7410
7524
7329
8054
7993
7753
7356
7592
7679
7117
7428
7998
7584
7689
7956
7170
7357
7965
7349
7933
7435
7061
7583
7974
7857
7940
7526
8659
7394
7533
7399
7180
7885
7843
7366
7937
7032
7672
7675
7572
6938
7488
7020
7648
8248
7959
7769
7615
8467
7995
7512
7581
8374
7707
7307
8310
7981
8231
7640
8088
7541
7391
7670
7474
7744
7947
8442
7101
7032
7913
7430
7432
7501
7995
7695
8263
7640
7766
7592
8518
7683
7368
7039
7990
7598
7902
7840
8380
7867
7748
7203
8253
7766
7624
7777
7278
8222
7291
7500
7760
7742
7256
7748
7694
7434
7939
8036
8296
7935
7393
7748
7919
7700
7803
8103
7558
8460
7279
8117
7765
8107
7582
7877
7306
7589
8310
7337
7424
8282
7336
7914
7211
8077
7575
7503
7777
8534
8325
7978
8208
8060
6988
7780
8326
7243
7351
8243
8001
7522
8193
7317
8074
7164
7690
8295
8054
8200
7661
7338
7712
8062
8525
7486
7983
7815
7398
7887
8018
8131
7268
7525
7420
7844
7586
8013
7771
7859
7962
8760
8345
7790
7351
7973
8389
7837
8261
7601
8404
6933
7859
7968
7588
7629
8564
8081
8075
8463
8071
7670
7278
7560
7415
8339
8184
7822
7722
7462
8472
8024
8185
7141
7761
7657
8029
8276
8051
8333
7826
8188
7880
7567
8448
7851
7927
8372
7836
8273
7334
8077
8290
6942
8057
7605
7838
7513
8350
7692
7545
7370
8082
7796
7512
7442
7771
7457
7579
7811
7068
8262
7005
7993
7932
7721
8257
7160
8099
7646
7741
8360
7258
8095
8197
7605
8018
7468
7966
7647
8040
8169
7517
8047
8053
8056
7973
8421
7912
8058
8331
7640
8379
8242
7717
8261
7906
7933
7892
8135
7985
8139
8110
8211
8294
7616
7796
6902
7833
8093
7494
7935
7972
7720
7876
8048
8210
8159
7919
7748
7808
8056
7827
7161
8246
8204
7899
8161
7899
8235
7533
7936
7769
7906
7930
8550
7604
7347
8264
7601
7746
7824
8008
8315
7883
8474
7984
8263
7568
8004
8254
8150
7585
8248
8660
8331
8343
7584
8267
7266
7668
7359
8357
8349
8358
7564
8479
8028
7804
8082
7855
7632
7567
7336
7943
8238
9089
8671
7714
7608
8258
8311
7652
8093
8433
8002
8449
7684
7740
7378
7846
7873
8321
8585
8078
8484
8551
8329
7357
7813
8654
7924
7959
7644
7394
8526
8175
8464
8125
8363
8213
7992
8396
8381
8027
8559
7783
8652
7567
8552
7937
8464
8170
8074
8416
7569
8461
7652
7536
7932
8122
9238
7997
8341
8557
8138
8579
7924
8243
8788
7575
8066
8157
8414
8232
8412
8487
7187
8354
7670
7810
7612
8020
7750
7305
8452
8263
8374
7784
8296
8196
7943
8362
7444
7193
8367
7981
8780
8154
8256
8157
8087
7867
7434
7537
7577
8274
7769
7826
7767
7973
7649
8028
8715
8001
8393
7510
8012
8130
8010
7540
7985
8314
8084
8013
8148
7556
8486
7977
8302
7699
8062
8840
8086
7675
8247
7385
8454
8744
8700
8143
7924
7971
8238
8806
6989
8023
8333
8281
8551
7786
8296
7994
8435
9086
9049
8651
7687
8101
7782
8595
7562
7716
8125
8078
7584
8476
8159
8107
8481
8263
7955
8279
8308
8011
7836
8158
8285
8293
7909
8448
7881
8061
8605
8590
7953
8068
8072
7666
9341
8277
7831
7456
7686
7824
8087
8386
7481
8253
8594
8230
7931
8438
8379
8280
8087
8074
8341
8606
7968
8745
8794
7977
7647
7821
7814
7921
8610
8180
8468
7876
7822
7974
8480
8186
7965
7581
8290
8326
8636
8340
8178
8885
8401
9179
7712
8109
7738
8797
7521
8595
8514
8212
7461
8302
8349
8592
8332
8384
8549
8159
8484
7415
8070
8142
8482
7872
7226
8046
8117
8490
8169
8164
8467
8139
7706
8207
8261
8307
8750
8562
7682
8074
8490
7776
8602
8258
8471
8221
8394
8271
8305
7819
8058
8048
8083
8572
8129
8742
8414
8341
8852
8415
8761
8254
8909
7785
7839
7685
8315
8203
8580
8071
8653
7929
8316
8106
8003
8347
7345
8714
8432
7724
8265
8364
8810
8312
8439
8370
9136
8129
7766
8606
7965
8346
8455
7947
7990
7989
8181
8487
8913
7834
8110
8267
8246
8775
7890
8427
8628
7951
7589
9089
7828
8093
7583
8940
8266
7978
7620
8203
8659
8205
7627
8019
8257
8690
8258
8942
9382
8035
7990
7965
8314
7474
8520
8296
8323
8658
8304
8673
8588
8793
7766
8171
8764
8912
9076
8303
7916
7433
7744
8110
8237
7661
8272
8362
7967
8402
8079
8513
8779
7799
8529
7990
8733
7749
8071
8539
7648
7919
8721
8154
8578
7701
7489
8078
8583
8612
7856
8686
8619
8400
7940
8405
9107
8267
7543
8622
7663
8849
7696
8696
8117
8477
8058
8186
7818
7991
8125
8535
7924
8080
8454
8341
8691
8087
7865
8598
8074
8115
7210
8462
8415
8129
8435
7495
7921
8674
7606
8058
8557
8247
8809
8685
7762
9019
7533
8276
7691
8081
7692
8466
8169
8574
8352
8180
8182
8329
8020
7991
8721
8364
8637
9021
8642
7684
8135
7830
9129
7986
7974
8415
8701
8757
8468
8136
7656
8235
7964
8098
8085
8166
8148
8419
7820
7988
7908
8488
8638
7917
8166
8372
8093
8663
7926
7993
7436
7974
7766
7697
8794
7811
8356
9175
7868
7902
7844
8384
8570
8114
9008
7826
8836
7371
8347
8210
7904
8972
8657
8467
8299
8090
8599
8310
7937
8204
8454
8164
7618
8789
8271
8334
8004
8038
8185
8084
8021
7834
8208
8456
7955
9447
8115
7978
8437
8644
8167
8378
8491
8440
8614
7849
8406
8628
8681
8677
9033
8260
8453
8445
8825
7978
9045
8165
8021
7958
7765
7353
8807
8521
8232
7786
8135
8610
8391
8055
8277
8129
7868
8670
8066
8274
8158
8339
8176
9055
8168
8224
7737
8874
8436
8310
8810
7672
8733
8400
8739
8475
8430
8776
7700
8458
7609
7855
8080
7864
8143
8935
8614
8428
8553
8400
8847
8064
9025
8202
7906
9129
8456
8197
8264
7994
7722
8744
8310
8893
9042
8623
8431
8441
8034
9344
8934
8286
8704
8022
8779
8431
8982
8080
8374
8238
8608
8168
8590
8237
8846
8301
8562
8213
8180
8587
9292
8736
8064
8727
8854
8090
8588
8551
8130
8289
8357
8715
7668
8753
7917
9194
8155
8535
8612
7289
8812
8166
8781
8564
8596
8401
8527
8793
8339
8761
8409
8462
7986
8958
8490
7926
9124
8193
8684
8893
8495
9337
8264
8470
7964
8341
9214
8889
8578
8302
7885
8272
7948
7971
8047
8418
8559
8652
8168
8030
9280
8173
9344
8018
8553
8442
8566
8317
8294
8456
8644
8610
9139
8569
7834
8397
8911
9044
8432
8662
7998
8064
8134
8786
8170
8090
8324
8492
8795
8048
8476
8314
8556
8631
8297
8430
8047
8636
8872
8333
8782
9092
8280
9134
8182
8612
8144
8400
8188
8652
8803
8093
8607
9020
8860
8560
8102
7914
9011
8221
7546
8753
8120
9302
9483
8426
8588
7924
8313
9264
9119
8555
8315
8912
8245
8638
8940
8422
8053
8397
8376
8144
8830
8118
8793
8820
8337
7997
8244
8619
8431
8267
8998
8011
9088
7786
8346
8886
8102
8585
8710
8674
9177
8610
9268
8415
8419
8907
7832
8852
8934
9348
8503
9377
7890
9261
8840
9239
9058
8375
8330
8528
8763
8683
9025
8599
8257
8596
8760
8670
8220
8559
9256
8932
8872
8802
8584
8584
8448
8830
8070
8793
8255
9529
8556
8974
8666
9008
9133
8346
8854
9323
8870
9114
9490
9071
7658
8867
9358
8871
8624
9400
8804
8884
8508
8483
8579
8264
8870
9217
8433
8982
9110
8617
8626
8772
8961
8411
8810
8809
9274
9082
8803
8730
8492
9346
8612
8875
8971
8495
9311
8981
8715
8819
8756
8492
9380
8187
8933
8631
9589
9823
8371
8718
8949
9236
8777
8887
8852
8385
8548
8784
9513
8646
8810
8588
8752
8391
8634
8708
8878
8978
8436
9272
8754
8903
8690
8877
8875
9244
8589
9079
9122
9344
8838
8424
8628
8387
9373
8910
9079
8010
8051
8657
9536
9019
9026
9047
8776
8035
8287
8629
9316
9390
8463
9455
8820
8645
9116
8927
9166
8592
9297
8838
9061
9028
9150
8502
8502
8508
9358
8541
8966
8901
9433
9335
8971
9455
9535
8694
9004
9098
9658
9745
9324
9172
8856
8629
8699
8778
9133
9126
9750
9700
8938
9164
8834
9706
9108
8971
9319
9517
8629
9451
8275
9325
8818
9346
8400
9728
9203
8858
8827
9274
8794
8964
9014
8827
9448
9218
8851
8676
9593
9764
9237
9391
8687
8895
9528
8841
8998
8916
9560
9317
9974
9592
9030
9938
9609
9202
8990
9707
9381
9255
9120
9133
9691
8921
8915
8743
8843
9156
9147
9569
9601
9317
9033
9316
8679
9378
9524
9398
9678
9718
8971
9637
9105
8964
9148
9556
9657
9407
8804
10015
9052
9635
8974
8674
9530
8858
9097
9132
9516
9594
9236
9485
9920
9703
9783
9244
8934
9855
9728
9952
9814
9386
9354
9595
9804
9266
9068
9411
9576
9182
9758
9687
9389
9294
9482
9733
9560
9730
8829
8813
8994
9128
9203
8902
9352
9866
9521
9558
9328
9345
9735
9642
9996
9466
10006
9573
9758
9701
9462
10215
9653
9288
9394
9946
9472
9272
10049
9911
9674
9762
9538
9716
8896
9900
9498
9410
9536
9381
9609
9565
9888
10044
9681
9631
9745
9716
9356
9860
9975
9698
9457
9154
9259
9432
9014
10015
9546
10043
8965
10161
9589
9818
9901
9807
9778
9824
9697
10388
9622
9899
9867
9344
9896
9807
9468
9412
9630
9220
10792
9563
9120
9777
9906
9944
9958
9769
9640
9645
9286
10012
10062
9307
9176
9842
9588
9546
10621
9794
9245
9637
9589
10016
10239
9216
9432
10159
10433
8963
10311
9460
10132
10190
10413
10124
10285
9914
10287
9790
9944
9898
9493
10085
9412
10939
9796
9594
9943
9969
10207
10030
9872
9950
9988
9868
9693
10341
10328
9892
10855
10081
9950
10001
9319
9746
9621
10236
9867
9980
10145
10387
10670
10522
9632
10448
9772
9652
10405
9997
10313
10281
10559
10457
9605
10098
10322
9982
10153
10445
10334
9790
10065
10609
9933
10375
10084
9962
10081
10322
10445
9974
11172
9688
10297
9880
9792
10537
10929
10077
10677
11082
9983
10791
10323
10123
10485
10257
10203
10135
10923
10369
9948
10632
10791
11052
10109
10655
10485
11134
9800
10519
10805
11051
10902
11124
10642
9850
10065
10210
10049
10818
11006
10058
10805
10481
10684
11397
10824
10447
10786
10668
10372
10934
10433
10762
10877
10564
9456
10278
10777
10642
10530
10286
10858
10648
10636
10466
10654
10490
9821
10549
10771
11214
10565
11335
10356
10669
11059
10503
10676
10564
10503
10981
10944
10692
10455
11604
10496
10580
10758
11302
11084
10743
10802
10885
10952
10648
10796
10218
10656
9787
10826
10059
10743
11063
10534
11492
10801
11267
10418
11224
11497
10810
10436
10870
11238
11044
10843
11210
11224
10623
11592
10658
10281
10584
10826
10518
11181
10740
10825
10682
10853
10897
10442
11028
11236
11834
10478
11377
10746
10771
11038
10676
11500
11545
10905
11558
11344
11059
11435
10980
11398
11449
11348
10892
11473
10944
11051
11766
10410
11429
11313
11777
11869
11776
11837
10578
10724
11156
11041
11864
11194
11572
11705
11185
11026
10890
11269
11614
11306
11234
11840
11438
10890
11538
11316
12008
11471
11422
11929
10695
12239
10994
11967
11372
11083
12015
12162
11852
10684
11054
11492
11388
11537
11090
11017
11610
11228
12071
11443
12389
11783
11498
11745
10842
11272
11424
11743
11039
12757
11760
11767
11698
11918
12181
11689
12045
11666
10964
11383
11913
11716
11863
11693
12152
11564
11610
12196
12260
11810
11941
11208
11848
11450
11948
11734
11999
11487
11856
12268
12175
12286
11759
12241
12084
12055
11473
11680
11708
11911
11743
11397
12303
12476
11941
11566
11784
11951
12232
12220
12248
11508
12330
12346
12138
12718
12316
12376
11821
12456
11952
12896
11981
12369
11876
12373
12285
11580
11968
12068
12305
12020
11767
12895
12585
11695
13011
12047
12048
12651
12722
12330
12656
12392
12444
12996
12353
12525
12948
12425
12510
12838
13024
12410
12495
12832
12537
13212
12897
12948
12171
13344
13167
13369
12581
12898
12842
13656
13145
12850
13275
12972
12187
12929
13318
12422
13453
12404
12523
12688
13494
14113
12845
13349
12544
13254
13435
13342
12588
13005
13405
13093
12795
12529
13098
12573
12666
12788
13594
13401
13086
12890
13354
13056
13979
12937
13764
12678
13560
13333
13041
13669
13259
13741
12648
13332
12537
13362
13618
13706
13102
13230
13928
13729
13167
13156
13428
13124
13749
13713
12910
13240
13178
13457
14687
13505
13510
13012
13482
13106
14236
13964
13987
13407
13678
14773
13836
13712
13865
13048
14008
13568
13657
13682
13312
13992
13748
14152
14434
14445
13967
14338
13895
13956
13927
14085
14109
13740
13621
14175
13534
13956
14136
14478
13572
13754
14814
14083
14686
14801
13784
14308
13774
14152
14081
13632
14142
14373
13996
14306
13767
13614
14241
14324
14155
13741
15021
14657
15006
15127
13972
14630
14536
14468
14289
14740
14262
14829
14593
14870
14164
13410
14713
15384
14489
14449
14740
14784
15346
14912
14645
14024
14835
15001
15102
14892
15497
14592
15133
15005
14829
14568
15256
14382
15302
14986
15168
15038
15138
14500
15252
14165
14532
14223
15155
14905
14284
15021
15159
14957
15221
15313
14827
15463
14437
14682
15351
14754
14773
15733
14493
15823
14537
14612
15125
15908
14921
14908
14603
15644
15244
15335
15442
15691
15417
15878
15051
15348
15317
15761
15598
16347
15702
15923
15418
15312
15907
15731
14745
15630
15459
16176
15098
15768
15504
15663
15793
15574
15882
16476
16335
15916
15870
16360
15488
16067
14948
15181
15584
15850
16472
15709
15657
15306
16334
15881
15228
16221
15790
16392
15120
15560
16044
16036
15901
16034
16044
16244
16125
14998
15853
15988
16132
15654
16155
16165
16186
15746
15956
16275
16879
16257
16503
16512
16123
16049
17258
15739
16710
17103
15668
16092
16424
16224
16582
15713
16477
16694
15700
15629
15933
15476
16250
16702
16811
16555
16840
16374
16317
16830
16035
16198
16465
16246
16998
16402
17549
16982
17001
15850
17288
16987
16552
17350
17213
17094
17145
17536
16938
17021
17403
17327
16725
17864
17426
16800
16918
17718
17449
16787
16630
17024
17181
17959
17700
18088
18012
17066
17646
16493
17652
17954
17536
16875
17622
16939
18034
16994
17508
17184
17068
16804
17830
17578
17007
17188
17080
17680
17845
17124
17622
18021
17680
18248
18664
18262
17585
17878
18156
17850
18303
18704
18088
18634
18084
17658
17451
18005
17583
18838
18077
17879
18649
18577
17933
17880
18390
18295
18243
19162
18321
18709
18350
18874
18405
18908
18653
19279
19323
18125
18762
18332
18395
19042
18826
18489
19467
18829
18836
18488
18701
19525
19150
18958
19175
18828
18849
19082
19049
19437
19301
18342
19150
19323
19485
19847
19399
18918
20000
19636
19276
19602
19557
19469
19654
19756
18658
19919
20224
19206
19705
20018
19611
20508
19817
20301
19943
21395
20185
20184
20520
19992
20918
20507
20917
20250
20212
19684
19863
21448
21524
20762
21098
20541
21164
20905
20441
20976
20357
20763
20234
20276
20127
20804
21078
21113
20810
20884
21298
21677
21551
21094
21021
21307
21965
21022
21634
21818
21414
22521
22394
21222
21319
21773
21686
21901
21908
22346
21602
21678
21771
21564
22404
21449
21874
21686
22638
22120
22362
22673
22597
21935
22364
22332
22841
22829
22542
23624
23778
23652
23230
23012
24130
23200
23526
24088
23298
23078
23381
23487
23450
23472
23940
24364
24356
23990
24161
24322
24054
24045
24842
24148
23529
24030
24694
24684
24500
24832
24384
24389
25121
24943
24399
25716
25668
25189
25696
25964
25211
25302
25352
25801
25890
24973
25618
25720
25433
25773
26952
26208
26753
26095
26393
26102
26752
26753
27102
26569
27191
27033
26880
27273
26823
27277
27498
28044
27582
27764
28874
28374
27397
27916
27784
28217
27904
28269
28084
28417
28788
28308
29038
28912
28860
28696
28736
28804
28127
29433
29160
30219
28971
29184
30133
30403
29642
29946
29387
30396
30340
30158
30860
30728
30982
30931
30591
31767
31079
31098
31181
31062
30736
31709
31285
31068
31832
31764
31844
31012
31597
31386
31908
32925
32906
32416
32402
32458
32912
32854
32676
33002
33488
32420
32667
33547
34202
33977
33496
33048
33240
34101
33770
34053
34516
33730
34425
35424
35115
34953
35630
35342
34647
35422
35716
35758
35448
34442
35680
35583
34577
35957
35562
35882
36968
36257
36445
36108
36545
36712
36582
36686
37188
37132
37140
38232
36694
37634
37206
37330
37497
37873
37572
38914
37972
38228
38488
38426
38020
38830
38554
39880
38808
38436
38786
39399
39059
39168
39531
40054
40068
39308
39854
40362
40104
40358
40144
41104
40437
39414
40532
41088
40892
41312
40622
40902
40776
42054
41584
41622
41019
42116
42187
41608
41944
42048
42684
41951
42295
42466
42369
42919
42907
42436
42700
43136
44288
43500
44628
43077
43392
43740
43771
43992
44773
43938
44320
43852
45956
44669
43510
43922
43426
44201
44139
43650
44134
44596
44342
44472
44266
45229
45458
45284
45012
44485
45300
44757
45336
44879
46347
45252
45696
46225
45562
44877
45268
44938
45512
45946
45970
45358
45885
45462
47056
46438
47476
47862
47189
47548
46407
47292
47178
47563
47326
48768
48299
47426
47530
47661
47881
48916
47700
48520
48450
47797
48459
48472
48436
48829
48420
48790
48859
48644
49050
48968
49529
49824
48186
48966
50169
48991
49446
48939
49480
49768
49065
49045
49528
50322
50218
49930
50123
50340
50240
50828
50768
50433
50107
50022
49828
50059
50914
49786
49114
50185
49368
49828
49054
49616
49975
50158
51146
50861
50804
50560
50328
50596
51293
50856
50312
50290
50485
49895
51250
51353
51140
52022
51195
51387
50781
51060
51328
51476
51910
51302
50820
53285
51804
51610
51050
52060
52141
52352
51692
50895
52046
51701
51649
51160
52535
52260
52724
52353
51992
52054
51444
52380
51578
52457
52463
52970
51881
51467
51149
52148
52332
52522
52232
52588
52313
52180
53210
52276
53300
52888
52388
52677
52484
53408
53638
52544
53602
52900
52712
51637
52122
52683
51822
52298
52512
51578
52934
52506
52692
52444
52288
53387
51276
51932
52107
52242
52637
52562
52655
52379
52480
52612
51828
52785
52572
52412
52039
51589
52680
51942
51844
51561
51524
51637
51792
52041
51769
51392
50681
50976
51396
50530
52234
50772
50779
51184
51053
52516
51048
52139
52480
52780
52443
52640
52506
51058
51638
52139
52027
52073
51831
51890
51460
51540
51860
51586
52532
51652
51748
51596
51163
52086
51437
51232
51357
51413
51021
51349
51224
51048
51392
51172
51990
51028
51204
51869
51060
49750
50909
51348
51485
50564
50638
51357
50779
50667
50589
50665
49552
51690
50891
50868
50949
50142
49760
50132
50854
50093
50116
48932
49892
50102
49478
49454
48968
49170
50039
50368
48570
48569
49458
49196
49044
48862
48536
48781
48859
49067
48120
49874
48580
48824
48456
48301
48413
47236
47963
47883
48165
47146
47648
48305
47904
47930
47873
46782
46537
47617
47910
47245
47704
46743
47277
46888
46831
46528
46441
46903
45828
46642
47577
45787
46098
46308
45633
46014
45924
45049
45465
46176
46117
45770
45165
45356
45400
44585
44580
44402
43792
43310
44106
44613
43392
44128
43716
44741
44340
44537
43733
42681
43480
42564
43570
43264
43458
42788
42684
43572
43098
43202
43503
42016
42036
42741
42240
41935
42909
42081
40788
41310
40474
40960
41632
40713
41066
40329
41128
41069
40808
40219
40104
40486
41307
40283
39240
40043
39915
39069
39538
39258
39428
39168
38994
38874
39361
38632
38872
38936
38084
38283
38814
37513
37679
37376
37540
38087
37610
36857
36616
37074
37050
37222
37701
36689
35913
35499
36499
36549
35868
36157
36392
36076
36381
35336
36303
35378
35707
35304
34356
34058
34522
34021
34812
34165
34678
33040
33967
34054
34233
32660
33455
33782
33290
33348
32960
32845
31410
32509
32336
31181
31962
30638
31321
31531
31932
31086
31348
31086
30834
31597
30836
31302
31001
30209
30269
29973
28698
28177
28233
28396
28419
28075
29238
28317
28245
30041
28621
28506
28906
28544
28485
28794
27769
27712
27278
28107
26944
26870
27264
27021
27474
26998
27127
26557
26793
26076
25516
25932
26968
25961
26186
25736
25777
25236
26216
25204
25355
24369
24306
23576
25094
23732
23906
24054
23334
23794
23914
23292
23479
22506
23253
22906
22836
23289
22105
22248
23293
22616
21878
21876
22523
21986
21762
21360
20821
21338
21646
20617
20316
21188
21093
20690
20245
20185
21204
20038
20260
19644
19654
19312
19980
19594
19503
18841
19055
18862
18194
18669
18679
18706
18994
18485
18833
17287
17707
17676
17533
18148
18506
18205
18537
16932
16908
17146
16948
16771
17103
16466
17397
16881
16999
16758
16284
16336
17049
15650
15574
16433
16586
15113
16376
15713
15674
15398
15589
15810
15256
14457
14501
15820
15503
14624
14400
15325
14621
14921
14966
14452
14489
14063
13917
13243
13963
14941
13976
14648
13374
13762
13679
13077
13378
13636
13722
13493
13177
13687
13245
13501
12960
12919
13926
12110
12784
12762
12248
12485
12685
12079
12740
12302
12378
12306
13299
13158
11916
11892
11892
12461
12167
12132
11288
12153
11600
10925
11291
11938
12330
11849
11717
11530
11352
11793
10848
11891
11348
11676
10788
11142
10661
11263
10882
10962
11300
10813
11853
10878
11392
10197
11639
10887
11299
9882
10182
11536
11289
9819
10780
9663
11002
10624
11253
10798
10876
10160
10945
10058
9877
10566
10301
10008
9589
10264
10907
10467
10237
10138
10156
9819
9878
11163
9428
10423
10043
10191
8688
9810
9578
10013
9371
9651
9469
9999
9500
9721
10010
10246
9706
9786
