7975
8149
7370
7997
7655
9253
7456
7735
8067
7300
7922
7033
7595
7236
7154
8542
8208
7381
8202
8210
6921
7466
6868
7760
8080
7661
7974
7429
7292
7839
7971
7279
7116
7338
7240
7893
7077
7916
7368
8142
7771
7651
7491
7783
8006
7260
8330
7320
8234
8160
9019
8440
8474
7429
7602
7440
7626
7163
7475
8127
7417
7331
8112
8181
7667
7551
7706
7029
8433
8129
7977
6991
7644
7873
7933
7834
7680
7914
7661
7518
8439
7849
8062
7554
7933
8133
7818
7096
8439
8102
7952
8370
8042
7699
7445
7884
7802
8516
8748
7719
8130
7674
8270
7270
8028
7955
7341
8321
7416
7643
8285
7378
8611
8249
8033
7439
7708
8599
8215
8255
8141
7612
7575
8214
8249
8429
8629
7916
7285
8241
7680
7368
8185
7730
7948
7974
8640
8325
8036
7637
8146
7838
7399
8029
8463
8100
8010
8249
7818
7914
8525
7860
8474
7884
7526
7855
8332
8292
8283
8050
9049
8006
7997
7745
7773
8194
8464
7636
8442
7473
7932
8077
8014
7604
7788
7418
7965
8386
8457
7897
8002
8927
8414
8005
8261
8752
8058
7693
8617
8295
8728
8054
8184
8020
7924
8184
7933
8317
8214
8729
7420
7712
8482
7755
7704
8036
8440
8136
8624
8109
8227
8214
8748
8130
7641
7519
8363
8123
8237
8355
8682
8399
8512
7620
8761
8257
8076
8200
7716
8768
7712
8007
8180
8261
7552
8132
8088
8066
8360
8185
8986
8450
7932
8055
8331
8196
8303
8396
7982
8743
7688
8589
8419
8639
8158
8265
7729
7901
9000
7795
8050
8657
7810
8521
7838
8504
7953
7949
8329
8801
8942
8341
8699
8435
7459
8144
8768
7756
7808
8706
8316
7998
8495
7790
8493
7725
8326
8582
8480
8394
8127
7683
8312
8692
9029
8054
8386
8490
8042
8259
8470
8808
7740
8053
7885
8514
8002
8491
8170
8415
8372
9397
8952
8377
7840
8581
9025
8427
8815
8000
8942
7390
8411
8525
8132
7946
9050
8586
8410
8771
8314
7931
7680
8270
7979
8844
8445
8315
8292
7719
8980
8544
8572
7512
8139
8293
8715
8692
8422
8731
8442
8686
8333
8223
8896
8452
8208
8850
8250
8654
7725
8670
8705
7427
8609
7993
8270
7974
8826
8467
7735
7899
8705
8526
8142
8227
8055
7798
7757
8322
7693
8684
7405
8356
8256
8354
8539
7846
8754
8168
8482
8818
7888
8367
8735
7999
8313
8153
8271
7976
8581
8591
8156
8568
8582
8521
8351
8875
8320
8663
8884
8387
8758
8974
8177
8846
8388
8399
8544
8460
8370
8685
8442
8704
8667
8102
8285
7437
8324
8622
7860
8361
8540
8120
8287
8533
8712
8511
8193
8298
8077
8584
8162
7727
8628
8472
8201
8682
8178
8620
8026
8468
8442
8458
8221
9070
8206
7915
8804
8133
7941
8433
8219
8651
8214
9102
8393
8792
8170
8555
8805
8763
8099
8832
9135
8637
8981
7953
8781
7510
8006
7836
8641
9077
8660
7696
9188
8457
8143
8682
8199
8271
8137
7938
8442
8718
9535
8805
8328
7866
8704
8779
8462
8603
9154
8578
8848
8128
8305
7917
8543
8562
8672
9037
8538
8789
8863
8566
7667
8422
9099
8510
8518
7986
8093
9066
8474
8894
8512
8751
8909
8449
8889
8900
8494
8986
8337
9053
8235
9104
8410
8868
8607
8680
8750
7963
9110
8073
7915
8485
8613
9537
8486
8777
9006
8508
8986
8466
8567
9384
8148
8400
8754
9008
8654
8802
8920
7829
8756
8403
8430
8180
8297
8062
7795
8927
8792
8715
8065
8896
8736
8508
8924
7812
7840
8870
8765
9147
8620
8736
8756
8693
8278
7984
7930
8133
8808
8075
8292
8438
8141
8086
8384
9172
8572
8581
8059
8590
8535
8396
8276
8224
8626
8561
8437
8856
7981
8954
8133
8845
8208
8781
9093
8365
8112
8443
7772
8795
8915
8835
8583
8368
8577
8782
9384
7598
8611
8628
8559
8980
8275
8514
8296
8926
9337
9245
9227
8411
8533
8301
9037
7945
8109
8489
8596
8181
8968
8567
8632
8886
8763
8423
8858
8965
8805
8389
8256
8600
8773
8357
8670
8410
8442
8984
8873
8422
8615
8613
8374
9731
8708
8250
7968
8426
8203
8674
8786
8013
8719
9235
8784
8327
8844
8788
8576
8733
8524
9060
8879
8587
9055
9237
8403
7999
8228
8064
8754
8949
8301
9001
8017
8334
8596
8990
8704
8464
7868
8942
8624
9144
8609
8390
9192
8656
9597
8158
8687
8217
9148
8037
9027
8924
8748
8104
8614
8958
8860
8614
8866
9177
8729
8980
7645
8604
8708
8699
8378
7818
8596
8485
9074
8603
8618
9059
8556
8312
8518
8818
8878
9286
8782
8276
8583
8952
8183
9044
8607
8740
8566
8772
8484
8444
8270
8685
8750
8500
8806
8776
9022
8645
9010
9041
9023
9308
8820
9292
8310
8454
8182
8908
8651
8846
8626
9354
8420
8719
8674
8430
8840
7711
9032
8906
8223
8697
8695
9212
8591
8589
8666
9622
8415
8514
9221
8436
9019
8954
8436
8665
8438
8777
8729
9427
8302
8753
8749
8981
9244
8607
8659
9115
8507
8206
9636
8521
8448
8102
9307
8773
8278
7859
8588
8868
8857
8155
8252
8873
9007
8624
9426
10072
8441
8513
8387
8613
7789
9224
8909
8642
9110
8626
9224
8998
9073
8107
8499
9179
9383
9474
8724
8277
7832
8124
8776
8500
7965
8911
8959
8507
8704
8459
9032
9332
8219
8721
8417
9013
8321
8512
8663
8173
8426
9210
8657
9055
8180
7854
8666
9021
8822
8299
9131
8910
8842
8221
8736
9488
8728
7871
9261
8312
9329
8173
9014
8536
8523
8625
8452
8285
8410
8519
8816
8347
8724
9031
8606
9242
8494
8422
8903
8403
8558
7633
8883
8780
8490
8841
8005
8326
8848
8203
8450
9117
8671
9045
9302
8364
9121
8023
8574
8178
8616
7896
8848
8590
8901
8551
8779
8494
8699
8182
8521
9117
8808
8894
9414
9254
8306
8576
8132
9363
8573
8180
8787
9190
9154
8895
8693
8182
8641
8555
8616
8422
8523
8589
8980
8147
8521
8361
8944
9110
8450
8591
8721
8598
9206
8131
8361
7837
8006
8336
8261
9206
8387
8906
9542
8352
8245
8256
8808
9057
8488
9366
8338
9213
7710
8677
8812
8336
9149
8961
8793
8764
8537
9201
8478
8166
8311
8996
8490
8202
9101
8797
8611
8464
8285
8557
8558
8463
7994
8733
8902
8397
9613
8230
8512
8797
9050
8221
8580
9141
8696
9064
8314
9030
8853
8886
9053
9455
8768
8714
8635
8938
8299
9616
8603
8573
8465
8206
7831
9280
8744
8677
8133
8430
9051
8520
8626
8794
8506
8046
8936
8433
8625
8634
8609
8633
9739
8619
8800
8282
9355
8877
8558
8860
8056
9120
8772
8956
9003
8652
8981
8018
8800
8130
8371
8583
8154
8330
8938
8891
8753
9113
8714
9185
8354
9411
8554
8487
9623
8708
8420
8821
8539
7860
8980
8731
9217
9368
9018
8756
8937
8436
9722
9141
8694
9133
8549
9080
8662
9271
8667
8547
8609
8820
8394
8844
8635
9143
8695
9133
8353
8440
8795
9657
8992
8343
9172
9214
8296
8867
9078
8411
8639
8698
9030
7891
9130
8448
9372
8657
8973
8916
7540
9003
8305
9084
8866
8811
8783
8912
9039
8816
9017
8615
8652
8282
9630
8772
8330
9394
8537
8973
9312
8966
9476
8606
8602
8167
8625
9532
9094
8960
8761
8211
8468
8528
8560
7964
8718
9008
9066
8525
8404
9613
8389
9455
8058
8804
8821
9137
8638
8606
8668
8940
8872
9453
8966
8324
9087
9050
9343
8768
8590
8500
8158
8497
8869
8609
8443
8425
8985
9110
8485
8893
8695
8957
8878
8733
8539
8277
8963
9338
8554
8808
9420
8806
9100
8537
8992
8796
9252
8464
9102
9192
8605
8652
9298
9045
8630
8036
8323
9053
8472
7983
9087
8426
9282
9629
8667
8935
8259
8821
9608
9523
8727
8707
9033
8663
9082
9269
8648
8177
8645
8498
8205
9133
8329
8999
9304
8755
8278
8368
9006
8805
8620
8987
8221
9312
8265
8495
8895
8460
8891
8845
8710
9496
8605
9610
8578
8833
8938
8407
9216
9018
9419
8614
9502
8278
9485
8991
9449
9267
8626
8669
8658
8964
9035
9161
8768
8324
8868
8919
9012
8411
8580
9445
9236
9306
9016
8833
8823
8834
8850
8329
8943
8445
9835
8971
9142
8767
9109
9067
8478
9016
9642
9093
9542
9802
9226
8053
9051
9551
9171
8645
9788
9124
9305
8762
8514
8636
8489
8927
9365
8528
9361
9234
8813
8731
8912
9267
8607
9037
8666
9481
9304
8987
8981
8460
9446
8710
8968
9266
8708
9288
9304
9027
9021
8849
8162
9546
8371
9227
8830
9634
9759
8663
8841
8926
9312
9100
9153
9246
8704
8702
8989
9536
8807
9060
8699
8750
8514
9286
9078
9140
9163
8647
9453
8959
9085
8906
9178
9104
9238
8791
9301
9147
9598
9081
8427
8906
8556
9657
8918
9266
8157
8530
9010
9466
9092
9121
8936
8856
8073
8233
9122
9358
9654
8741
9436
8912
8704
9311
8971
9368
8589
9167
9062
9101
9060
9180
8640
8730
8504
9408
8531
8916
8850
9451
9534
9120
9444
9547
8805
9321
9354
9654
9699
9317
9163
9044
8896
8968
8831
9273
9155
9765
9713
9138
9092
8737
9941
9130
8792
9378
9786
8651
9482
8603
9499
8739
9436
8394
9508
9218
9288
8723
9562
8873
8715
9107
8842
9453
9144
8842
8554
9766
9737
8991
9265
8863
9010
9556
8671
8876
8836
9517
9477
9883
9576
8860
9975
9546
9249
9092
9731
9325
9310
9037
9290
9517
8969
8997
8669
8958
9214
9135
9439
9676
9259
9187
9162
8758
9421
9288
9413
9689
9483
8991
9708
9043
8841
9098
9575
9697
9380
8750
9652
8961
9718
8847
8557
9363
8853
8938
8948
9504
9512
9277
9563
9684
9348
9828
8993
8902
9826
9623
9955
9591
9405
9160
9618
9688
9222
9132
9294
9339
9197
9446
9708
9192
9124
9613
9650
9332
9556
8619
8710
8918
9060
9021
8640
9212
9647
9002
9313
9202
9205
9622
9485
9997
9211
10097
9461
9719
9257
8900
9816
9196
9195
9176
9898
9180
8969
9733
9772
9448
9613
9363
9577
8602
9834
9080
9230
9354
9150
9617
9142
9547
9819
9477
9422
9600
9446
9284
9333
9703
9558
8930
9224
9151
9056
8947
9527
9402
9870
8756
9924
9315
9474
9391
9411
9596
9619
9565
9897
9540
9594
9685
8947
9610
9473
9280
9100
9405
8874
10203
9300
8912
9533
9497
9534
9568
9609
9551
9362
8998
9554
9810
9098
8884
9408
9170
9276
10218
9517
8987
9122
9264
9561
9889
9051
9192
9992
10133
8509
9898
9523
10060
9774
10032
9714
10036
9323
9853
9344
9802
9381
9140
9683
9199
10566
9603
9301
9792
9628
9684
9713
9600
9562
9887
9467
9000
9824
9834
9607
10182
9719
9400
9736
9074
9225
9276
9638
9545
9433
9604
9742
10171
10007
9158
9782
9405
9165
9892
9438
9988
9729
10246
10211
9388
9681
9814
9294
9667
10019
9839
9399
9335
10032
9189
9981
9612
9653
9511
9864
9602
9313
10276
9193
9839
9379
9371
9868
10381
9303
10205
10406
9383
10131
9346
9256
9841
9921
9541
9735
9979
9840
9241
9757
10496
10309
9546
9990
9893
10539
9209
9856
10296
10567
10273
10452
10051
9380
9401
9692
9407
10413
10272
9233
10060
9897
10241
10647
10237
10097
9877
10155
9692
10292
9684
10139
9973
9887
8804
9684
9785
10194
9723
9627
10475
9811
9856
9795
9805
9804
9310
9833
10061
10206
9825
10464
9604
9698
9972
9499
9931
9578
9798
10421
9996
10179
9314
10736
9675
9646
10132
10619
10656
10006
9756
9943
10051
9889
10023
9080
9788
9099
10086
9496
9985
10349
9334
10526
10014
10490
9542
10338
10795
9901
9472
9963
10360
10154
9969
10379
10357
9939
10858
9751
9493
9939
9751
9681
10653
10062
9847
9714
9688
9937
9444
9842
10496
10926
9551
10546
9321
10030
10187
10001
10613
10772
9852
10555
10129
9899
10562
9981
10202
10618
10476
10028
10525
9814
10117
10841
9556
10511
10478
10704
10968
10744
10600
9428
9853
10242
10129
10798
10016
10574
10483
9957
9918
9792
10243
10574
10385
10194
10842
10121
9873
10334
10221
10896
10392
10317
10683
9688
11062
9901
10824
10225
9965
10562
11018
10685
9740
10236
10537
10307
10369
10250
10347
10447
9839
10756
9938
11105
10474
10027
10603
9496
10091
9955
10517
9810
11390
10474
10705
10351
10655
10853
10581
10659
10663
9396
10082
10722
10592
10528
10445
10679
10203
10029
10941
11059
10246
10699
10059
10586
10383
10405
10127
10603
9997
10432
10748
10623
10852
10461
10703
10741
10660
10045
10330
10098
10605
10194
9814
11078
11010
10594
10143
10189
10628
10702
11035
10828
9979
10863
10621
10549
11122
10648
10602
10397
10771
10281
11241
10419
11069
10117
10592
10378
10297
10592
10551
10970
10482
10454
11434
10883
9925
11294
10689
10442
10863
10892
10632
10860
10772
10911
11197
10842
10828
11003
10405
10773
11178
11268
10640
11034
11234
10690
11735
10945
11285
10352
11661
11208
11941
10741
11159
10995
11785
11283
11054
11581
11084
10441
10844
11492
10702
11357
10596
10758
10744
11437
12224
10938
11487
10594
11049
11488
11055
10570
11145
11533
11226
10970
10724
11092
10667
10703
11021
11460
11451
11065
11129
11422
11247
12274
10748
11669
10805
11672
11356
11246
11500
11298
11646
10420
11558
10600
11360
11520
11836
11092
11751
11742
11597
11164
10998
11299
10964
11440
11795
10963
11256
11124
11376
12513
11320
11450
11167
11227
10818
12177
11738
11514
11061
11213
12762
11677
11627
11452
10902
11439
11333
11082
11408
10944
11785
11555
11852
12031
11769
11969
11886
11995
11909
11444
11814
11853
11552
11348
11860
11316
11611
11904
11942
11319
11480
12258
11931
12420
12325
11387
12017
11591
11986
11566
11572
11814
12115
11428
12045
11504
10975
11988
11716
11781
11595
12468
12303
12484
12699
11602
11686
12151
11970
12004
12204
11535
12692
12333
12630
12004
11438
12235
12697
12128
11937
12572
12417
12560
12277
12320
11720
12082
12662
12521
12418
13118
12456
12474
12650
12341
12202
12514
11805
12569
12677
12699
12299
12598
11986
12452
12036
12111
11874
12702
12409
11985
12725
12416
12802
12819
12576
12601
13090
11872
12064
12738
12067
12441
13295
11988
13294
12124
12102
12484
13360
12355
12709
12135
13242
12740
12765
13128
13284
12717
13307
12529
12651
12699
13115
12857
13677
13282
13428
13025
12822
13412
12806
11945
13061
12596
13225
12775
12956
12788
12760
13348
13055
12874
13716
13805
13330
13637
13957
13209
13268
12440
12558
12969
13211
13920
13149
12965
12971
14073
13624
12596
13818
13167
13740
12661
13246
13402
13628
13000
13169
13381
13594
13611
12723
13483
13354
13514
13177
13467
13578
13549
13125
13658
13654
13840
13606
14164
13758
13310
13900
14713
13309
13870
14516
13047
13602
13958
14134
14228
13354
14303
14128
13482
13106
13646
12968
13677
14349
14265
14276
14391
14326
14096
14383
13708
13672
13830
13748
14658
14109
15141
14620
14625
13503
14715
14757
14113
14893
14394
14695
14884
15053
14597
14748
14875
15055
14259
15667
14804
14789
14556
14845
14968
14493
14204
14603
14977
15792
15525
15828
15213
14812
14932
14310
15488
15606
14936
14477
15510
14938
15958
14645
15396
14812
15060
14669
15577
15626
14979
14907
14566
15656
15398
15115
15381
15587
16229
15965
16628
16421
15240
16059
16209
15381
16101
16157
16082
16460
16465
15602
15222
15850
15792
16197
15905
16084
16585
16410
16093
15957
16282
16106
16156
16899
16412
16506
16452
16861
16244
16843
16741
17391
17251
16673
16934
16603
16522
17010
16560
16640
17698
17027
17367
16841
17046
17646
17688
17226
17222
17418
17230
17550
16958
17680
17481
16781
17313
17392
17810
18214
17578
17575
18426
18031
17985
17802
17989
17580
18138
18015
17500
18340
18688
17792
18482
18536
18547
18764
18624
19084
18159
19821
18939
19093
18929
19003
19691
19053
19748
18822
18935
18512
19094
19953
20205
19674
19764
19558
19860
20429
19584
20158
19414
19661
19408
19121
18988
19608
19902
20230
19945
19677
20754
20798
20681
20190
20144
20628
20777
20353
20820
21190
21006
21542
21634
20497
20512
21124
21284
21201
21485
21617
21185
21598
21725
21146
21691
20971
21802
21350
22275
22053
21741
22186
22773
21862
22565
22461
22648
22280
22538
23312
23699
23272
22917
22740
23786
23254
23252
24123
23033
23264
22846
23497
23527
23625
23824
24554
24045
24027
24053
24695
24251
23913
25083
24530
23896
24706
24886
25330
24914
25386
24789
25037
25353
25401
25117
25643
25758
25684
26128
26474
25478
26091
25706
26058
26732
25698
26743
26445
25889
26554
27524
26972
27700
27505
27867
27017
27380
28017
28191
27643
27864
28304
28559
28336
27920
28293
28653
28848
28777
29113
30026
30034
28849
29385
29008
29770
29661
29601
29895
29402
30465
29622
30757
30490
30528
30188
30784
30303
30226
30939
31452
31780
30803
31613
31570
32877
31492
31856
31570
32325
32264
32415
33144
32769
33451
32788
33241
34141
33213
33374
33677
33797
33282
33882
33985
33266
34655
34340
34287
33872
34100
34219
34595
35294
35826
34797
35163
35720
35812
35632
35551
36424
36864
35796
35629
36924
37019
37535
36824
35968
36659
36890
36749
37518
38132
37622
37965
38440
38153
38737
39264
39144
38113
39275
39716
39788
39324
38660
39434
39693
38277
39737
39805
40148
40719
40136
40264
40278
40815
41061
40964
41330
42036
41325
41497
42221
41860
42228
41796
42228
41887
42229
41991
43480
42602
42970
43136
43520
42762
43672
43236
44160
43957
43382
43785
44308
44557
44388
45288
45508
44927
44653
45245
45658
45568
45844
45774
46052
45675
45414
46389
46592
46352
46832
46678
46754
46354
47616
47251
47633
46858
47877
48276
48043
48138
47849
49156
48514
48331
48660
48479
48868
49003
48571
49216
49176
50437
49608
49956
49150
49706
49819
49836
50594
51062
50451
51351
50357
52322
50665
50153
50592
50438
50646
50752
50640
50786
51063
51082
51822
51216
52488
52525
52207
51824
51984
52191
51915
52372
52151
52804
53021
52601
53466
53194
51590
52570
52271
52532
52544
53604
52703
53094
53195
54168
54362
54761
55853
54340
55624
54572
54900
54584
55552
54766
56932
56201
55328
55209
55852
55623
56489
55588
55750
57044
56244
57114
56616
55892
56261
56932
57274
56617
57161
58094
57077
57752
58176
56612
57753
58138
57993
57191
57632
58000
57816
57389
57130
58245
58146
58753
58157
58400
59037
58574
58891
58952
58730
59405
58404
58861
58920
59221
58390
58045
58339
57531
58137
57890
58281
58891
59370
59962
59337
59648
58740
59722
59190
59995
59371
58844
59092
59230
59276
60188
60247
60169
61624
60409
60350
60168
60122
60997
60258
60900
60436
59976
62280
60730
61333
60228
60410
61659
61318
61242
60391
61604
61218
60681
60714
61722
60992
61106
61696
61370
61435
60806
61868
60525
61005
61274
61880
61412
61162
61008
61581
61374
62008
61477
62156
61899
62121
63130
61659
62884
62814
62066
62102
62158
62916
62488
62388
63493
62372
62458
61672
61600
62010
61556
62080
61752
61628
62935
62592
61844
62052
62027
62957
61770
62178
61877
61832
61741
62724
62220
61952
62379
61434
62087
62008
61876
62180
62089
61239
62214
61770
61889
61696
61572
61311
61772
61882
61291
61148
59594
60957
60293
60788
61101
59957
60380
60367
60616
62445
61012
61917
61849
61878
61765
62440
61700
61400
60874
61604
61388
61956
61696
61460
61101
61766
61498
61716
62052
61212
61816
61140
60803
61700
60823
60852
60672
61092
61226
60825
60971
61186
60438
60852
61421
60506
60808
61614
60918
59488
60619
60772
60653
60023
59956
60852
60164
60180
60088
60517
58964
60794
60852
59924
60048
59028
59273
58946
59988
59892
59177
58564
59197
59548
59162
58376
58624
58357
59131
59428
58076
57771
58222
58166
57949
57902
57508
57524
57728
58120
57600
58586
57508
57564
58245
57901
57060
55992
56768
56969
56724
55864
56246
58000
57003
56684
56396
55945
55141
56610
56102
55833
55926
55536
56046
55367
55231
55114
55253
55060
54604
55287
55698
54132
54488
54530
54664
54689
54485
53738
54072
54912
55284
54042
53802
54418
54036
52941
52626
52630
52420
51963
51780
52397
51421
52204
52178
52674
52873
52984
51947
51216
52211
50605
51662
51272
50922
51099
50576
51332
50580
51386
51141
50114
49728
50156
49432
49554
50322
49290
49013
49236
48384
49216
49253
48578
49512
48245
48168
48978
48384
47778
47654
47952
48420
47691
46753
47641
47065
46586
46964
46299
47134
46208
45924
45833
46346
45236
46260
45643
45076
45626
46096
44697
44504
44477
44800
45060
44170
44211
43328
43380
43500
43762
44128
43178
42761
42554
43028
42610
42024
42605
43049
42685
42722
41985
42376
41866
42185
41437
40965
40261
40865
40815
40247
40128
40065
39154
39852
39988
40123
38971
39220
40038
38916
38760
38660
39140
37637
38272
37934
37069
37335
36034
36934
37157
37274
36661
37220
36809
36184
36820
36244
36976
36552
35948
35762
34375
33309
33112
33024
33174
33081
33100
33975
33594
33514
34926
33780
33272
34000
33672
33204
33385
32147
32066
31556
32189
32237
31720
32107
31802
32302
31742
31211
31097
30943
30259
29569
29916
30985
29845
30264
29376
29676
29376
29802
29388
29114
28313
28366
27676
29316
27333
28100
27913
27019
27293
27805
27549
27124
26200
26944
26150
26210
26644
25389
25492
27027
26469
25318
25536
26092
25720
24998
24582
24156
24128
25019
23814
23179
24708
24261
23883
23142
23149
24386
23176
23154
22128
22751
22410
22589
22180
22090
21765
21864
21800
21203
21401
21564
21224
21851
20949
21337
20091
20550
20264
19876
20701
20766
20363
20664
18829
18777
19664
19129
19138
19455
19102
19166
19185
19190
19144
18216
18632
19446
17833
17701
18643
18901
17221
18367
17486
17371
17430
17326
17936
16982
16582
16433
17207
17391
16261
16084
16806
16541
16737
16745
16266
16583
15821
15559
15090
15504
16589
15489
16255
15261
15169
15558
14689
14985
14833
14941
15112
14701
15184
14564
14906
14632
14309
15368
13698
14131
13930
13643
14022
13981
13464
14055
13517
13558
13750
14476
14347
13035
12857
13173
13667
13576
13141
12633
13323
13004
12218
12358
12800
13487
13139
12432
12770
12626
12942
12016
13198
12289
12463
11780
12416
11548
12373
11840
11833
12416
11791
12777
12090
12208
11460
12620
11933
12189
11010
11256
12438
12156
10994
11952
10555
11756
11400
12192
11640
11941
11397
11846
10901
10657
11418
11435
11066
10243
10977
11828
11435
11237
11017
10886
10772
10784
11723
9940
11029
10956
11088
9813
10585
10636
11072
10226
10614
10354
10763
10022
10589
10534
10952
10448
10589
