8347
8464
7543
8154
7638
9580
7525
7928
7982
7459
8026
6978
7623
7385
7209
8618
8304
7337
8442
8349
7059
7561
7258
7829
8147
7559
8105
7609
7349
8021
8019
7498
7260
7396
7173
7919
7311
8075
7558
8315
7864
7636
7603
7981
8057
7150
8252
7347
8243
8187
8870
8559
8454
7554
7595
7626
7778
7190
7888
8260
7519
7593
8289
8453
7594
7561
7759
7109
8366
8128
8100
7018
7701
7865
8064
8019
7586
8143
7785
7503
8417
7783
8152
7673
8155
8111
7953
7026
8538
7995
8063
8396
8430
8118
7508
8222
7849
8715
8913
7840
8365
7662
8386
7649
8186
8229
7520
8635
7454
7937
8392
7518
8911
8325
8288
7738
7629
8475
8430
8308
8147
7852
7530
8323
8193
8578
8660
8231
7418
8179
7938
7493
8322
7931
8055
7971
8751
8660
8324
7676
8142
7953
7736
7940
8660
8222
8233
8436
7976
8021
8749
7745
8617
7801
7640
8042
8539
8359
8579
8042
9084
7949
8164
8074
7782
8494
8517
7794
8666
7499
8004
8164
8052
7622
7805
7557
8279
8664
8428
8216
7969
9038
8617
8093
8282
9041
8399
8017
8828
8556
8785
8174
8631
8270
7760
8362
8219
8469
8331
8974
7766
7757
8534
7942
7858
8009
8512
8298
8531
8282
8379
8296
8634
8335
8019
7581
8697
8196
8352
8452
8842
8398
8498
7894
8716
8676
8176
8193
7790
8601
7758
8021
8481
8449
7876
8265
8279
8065
8410
8414
8866
8617
7992
8262
8700
8465
8621
8570
8181
8955
7739
8694
8420
8578
8381
8308
7944
8164
8945
7792
7880
8815
7934
8585
7808
8713
7882
8076
8496
9088
8988
8687
8896
8735
7751
8433
8791
7977
7990
8853
8563
8101
8775
7836
8458
7871
8500
8632
8768
8501
8222
8013
8510
8634
9292
8295
8526
8373
8187
8697
8692
8872
7884
8204
7983
8712
8116
8477
8485
8708
8377
9617
8953
8647
7956
8730
9003
8635
8931
8024
9005
7388
8499
8639
8192
8204
9210
8462
8691
8829
8459
8002
7989
8306
8089
8956
8897
8271
8242
8137
8906
8549
8838
7815
8502
8424
8649
8844
8632
8994
8668
8682
8684
8318
8978
8584
8503
9227
8242
8963
7960
8705
8709
7474
8766
8199
8484
8027
8850
8440
8073
7951
8757
8523
8054
8182
8320
8023
8091
8535
7796
9028
7662
8563
8387
8453
8845
8017
8747
8436
8568
9038
8033
8592
8861
8335
8696
8402
8639
8408
8593
8744
8277
8821
8840
8527
8600
9027
8659
8727
9059
8615
9016
8943
8470
8863
8700
8453
8457
8792
8695
8557
8692
8707
8807
8044
8712
7593
8494
8727
8373
8814
8633
8451
8400
8666
8775
8571
8400
8373
8457
8822
8384
7911
8556
8800
8698
8712
8480
8881
8138
8633
8443
8558
8566
9521
8530
8045
9003
8488
8249
8608
8381
9001
8596
9287
8748
8882
8133
8664
8979
9015
8098
9046
9209
8806
9313
8032
8887
7880
8214
8084
8903
9005
8792
8234
9321
8654
8340
8807
8518
8340
8218
8163
8648
8838
9793
9301
8419
8329
9036
9056
8344
8813
9166
8602
9114
8200
8457
8118
8626
8835
8822
9421
8754
9005
9053
8927
7933
8490
9347
8520
8589
8453
8156
9063
8681
9156
8917
9132
8899
8683
8974
9117
8734
9280
8422
9270
8235
9189
8514
9348
8820
8915
8980
8195
9138
8290
8335
8734
8824
9870
8633
8767
9350
8599
9222
8652
8893
9489
8507
8724
9077
8941
8759
9178
9096
7896
8892
8477
8378
8312
8549
8561
7879
9148
9046
8918
8209
8996
9034
8778
9099
8216
8132
8933
8943
9222
8714
8871
8844
8870
8652
8090
8196
8309
8927
8512
8629
8662
8712
8292
8507
9340
8611
8995
8135
8704
8752
8480
8620
8586
8910
8639
8783
9081
8297
9351
8522
9007
8430
8884
9362
8584
8509
8778
8028
8941
9070
9038
8680
8545
8733
8939
9514
7818
8613
8935
8689
9093
8513
8834
8508
9126
9472
9478
9414
8426
8764
8484
9258
8192
8350
8877
8654
8403
9162
8930
8765
8986
8965
8552
9021
9202
8910
8666
8646
8863
9003
8473
9050
8661
8761
9248
9229
8551
8926
8919
8395
10008
8923
8525
8096
8450
8546
8804
9071
8130
8859
9083
8936
8620
8858
9105
8637
8755
8764
9236
9077
8587
9036
9472
8495
8238
8596
8414
9015
9278
8590
9138
8355
8587
8842
9236
8985
8704
8176
9140
8801
9400
8876
8638
9536
9028
9764
8568
8826
8302
9461
8228
9309
9168
8957
8272
9000
9107
9072
8824
9015
9504
9005
8955
7902
8895
9032
9252
8761
8157
8734
8753
9220
8828
8978
9380
8953
8802
9098
8889
9149
9575
9332
8544
8897
9068
8317
9068
8695
9288
8529
9034
8776
8945
8727
8813
8794
8782
9172
8866
9598
8953
8981
9534
9144
9800
9087
9806
8690
8724
8264
9069
8781
9175
8470
9435
8723
9114
8899
8718
9199
7977
9327
9288
8293
9157
9214
9547
8927
9005
8783
9821
8696
8725
9174
9006
9008
9275
8779
8901
8581
9171
8933
9653
8531
8890
8858
9212
9525
8948
9054
9362
8576
8421
9636
8707
8724
8589
9652
9217
8885
8277
9025
9304
9150
8461
8872
9144
9483
9063
9612
10264
8900
8763
8617
9273
8310
9492
9186
9329
9602
8936
9444
9148
9487
8239
8897
9558
9381
9805
8910
8448
8221
8425
9112
8885
8490
9275
9076
9092
9179
8798
9362
9582
8593
9291
8786
9424
8724
8938
8957
8381
8690
9743
9196
9223
8661
8207
8869
9245
9284
8644
9530
9394
9308
8588
9127
10017
9085
8352
9597
8789
9697
8509
9325
9039
9039
8922
8920
8538
8754
8905
9496
8668
8996
9437
9309
9403
9028
8854
9353
8769
8812
8053
9311
9066
8807
9243
8228
8806
9369
8509
8857
9442
9052
9563
9569
8804
9645
8459
9261
8460
8937
8378
9283
9138
9407
9176
9033
9022
9243
8839
8855
9528
9260
9329
9922
9556
8644
9035
8640
10103
9038
8729
9198
9651
9743
9613
9206
8684
8998
8754
9049
8888
9114
9291
9454
8453
9107
8629
9430
9658
8851
9058
9385
9101
9746
8644
8936
8401
8676
8807
8795
9485
8768
9081
10191
8699
8888
8629
9211
9408
9118
9537
8939
9457
8376
9291
9254
8818
9868
9427
9221
9310
9121
9523
9265
8725
8963
9282
8968
8562
9711
9220
9333
8872
8863
9124
9086
9042
8676
9192
9544
8885
10296
9094
8824
9433
9619
8809
9153
9656
9426
9708
8862
9324
9550
9544
9652
9954
9143
9355
9055
9719
8759
9918
8903
8920
8813
8740
8354
9807
9087
9365
8695
9217
9560
9218
8919
9252
9003
8848
9642
9078
9295
9194
9376
9362
10256
9265
9332
9028
9865
9309
9260
9701
8788
9878
9425
9590
9323
9344
9525
8665
9366
8720
8842
8904
8728
9067
9340
9551
9418
9740
9416
9866
9009
9926
9244
9038
10204
9397
9036
9598
9199
8675
9482
9211
9864
9907
9495
9372
9779
9086
10397
9970
9456
9732
9323
9654
9486
9956
9325
9250
9431
9467
9117
9714
9234
9784
9341
9946
9109
9188
9496
10338
9786
9270
9870
9894
8886
9805
9728
9228
9296
9215
9782
8679
9718
9010
10232
9208
9744
9821
8428
9447
9231
9779
9588
9719
9387
9393
10054
9516
9706
9309
9610
9073
10091
9486
9212
10184
9371
9587
10000
9564
10316
9525
9624
8972
9344
10409
10122
9775
9610
9163
9512
9379
9103
9006
9517
9628
9745
9322
9426
9945
9279
10141
8925
9682
9681
10100
9364
9472
9626
9678
9802
10344
9921
9092
9788
9958
10428
9684
9731
9238
9068
9389
9928
9414
9026
9433
9604
9943
9178
9549
9467
9908
9890
9517
9614
9146
10001
10311
9448
10102
10298
9484
10222
9508
9963
9533
10025
9160
10029
10174
9418
9744
10072
10135
9712
8917
9251
10147
9621
8953
9933
9610
10220
10701
9574
9919
9295
9951
10681
10614
9857
9960
10100
9497
10011
10310
9604
9010
9895
9668
9326
10110
9507
9798
10189
9666
9394
9449
10159
10036
9793
9994
9323
10752
9243
9529
10154
9627
9804
10218
10076
10688
9807
10820
9899
9891
10025
9592
10196
10298
10579
9880
10587
9450
10802
10304
10201
10442
9842
9636
9795
10304
10310
10300
10017
9457
10096
10170
10214
9792
10152
10662
10448
10469
10345
9991
10091
9962
10345
9577
10081
9713
11030
10002
10596
10005
10363
10496
10050
10302
10777
10475
10730
11022
10454
9298
10657
11019
10620
10058
11078
10416
10460
10158
9989
10074
9845
10258
10933
10050
10670
10660
10196
10117
10395
10772
10041
10605
10137
10941
10776
10340
10377
10091
10825
10356
10375
10646
10125
10792
10789
10611
10621
10023
10036
10666
9693
10881
10181
11349
11653
9882
10536
10522
10857
10516
10581
10502
10273
10217
10546
11194
10267
10605
10252
10317
10153
10691
10646
10753
10733
10296
11084
10602
10736
10230
10866
10587
10965
10683
10692
10992
11414
10650
10268
10276
10119
11388
10786
10959
9675
10298
10670
11311
10952
10780
10690
10551
9856
10038
10797
11010
11272
10377
11298
10795
10474
10739
10823
11178
10359
11057
10808
10880
10828
10950
10481
10571
10443
11362
10539
10710
10809
10988
11324
11192
11458
11589
10737
11174
11222
11828
11651
11362
10991
11044
10733
11069
10861
11066
11104
11848
11968
10944
11171
10871
11840
11161
11082
11287
11649
10734
11433
10802
11531
10864
11210
10668
11751
11492
11119
10824
11421
10928
11162
11350
10979
11684
11380
11040
11098
11757
11962
11243
11516
10964
11188
11896
10747
11294
11250
12094
11723
12031
12124
11161
12444
11888
11653
11523
11951
11600
11764
11383
11414
11978
11231
11647
11048
11285
11532
11338
11919
12105
11801
11620
11690
11247
11875
12288
11960
12196
11979
11454
12091
11509
11308
11417
12331
12187
11684
11046
12345
11559
12353
11382
10869
12290
11682
11531
11520
12067
12136
11675
11901
12597
11994
12435
11691
11561
12463
12245
12567
12226
12332
12221
12228
12345
11945
11952
12128
12009
12090
12180
12459
12142
12012
12442
12753
12131
12436
11615
11411
11892
11910
12156
11543
12150
12352
12283
12732
12109
12235
12838
12468
13063
12505
12996
12422
12784
12236
12420
13012
12445
12204
12196
13020
12386
11988
12790
12800
12742
12836
12294
12690
11718
13047
12408
12300
12742
12594
12768
12402
12876
13080
12852
12682
12818
12904
12690
12801
12939
12699
12384
12445
12484
12436
12318
13286
12805
13545
12208
13336
12817
13016
13062
12796
13144
12997
13113
13830
13137
13087
13188
12315
13295
12952
12952
12985
13258
12726
14024
13074
12431
12897
13137
13314
13219
13474
13149
13066
12819
13745
13597
12887
12526
13026
13314
13162
14271
13707
12900
12837
13178
13593
13911
12976
13151
13730
14184
12606
13804
13335
14011
13726
14179
13817
13921
13478
13901
13509
13941
13419
13399
14143
13301
14867
13828
13663
13658
13764
14221
13788
13626
13880
14070
13813
13844
14478
14202
13812
14934
14415
13742
13889
13348
13754
13757
14189
14150
14073
14262
14273
14829
14670
13704
14332
13691
13900
14624
14307
14768
14627
14940
14472
13835
14460
14650
14216
14198
14742
14390
14343
13927
15100
13990
14977
14730
14468
14266
14676
15000
14457
15638
14113
14564
14261
14294
14837
15165
14324
15300
15245
14430
15334
15026
14448
15083
14951
14896
14638
15284
14918
14341
14923
15619
15600
15094
15400
15065
15700
14630
15127
15504
15428
15895
15812
15330
14948
14789
15161
14766
16175
15828
14650
15524
15417
15559
16176
15768
15670
15417
15790
15150
16118
15258
16007
15653
15677
14599
15348
15761
16002
15766
15316
16276
15774
15616
15797
15776
15626
15005
15846
15938
16381
15803
16538
15728
15809
16063
15887
16170
15751
16057
16568
16155
15941
15881
17197
15948
15689
16125
16930
16745
16254
16194
16350
16171
16129
16343
15755
16054
15506
16437
15904
16212
16984
16205
17083
16490
17226
16141
16952
17485
16749
15896
16766
17161
17053
16822
17014
16853
16746
17464
16763
16192
16500
16428
16312
17168
16568
16658
17000
16856
16650
16928
16930
17506
17756
16424
17832
16574
17098
17267
17177
17880
17835
17144
17785
17530
17070
17751
17693
17720
17786
17825
17588
18084
17338
17323
18074
17076
18073
17600
18426
18449
18414
18180
17462
17208
17885
17890
18366
17887
18200
18385
17784
17852
17566
17986
18187
18315
18092
18660
17811
17600
18312
18243
18917
18261
18344
18602
18037
19332
17952
18852
18520
17752
18781
19207
18769
17756
18184
18964
18320
18741
18258
18373
18893
18464
19428
18413
19823
18948
18428
19282
18164
18472
18863
19002
18532
19945
19250
19356
19093
19489
19738
19284
19531
19362
18184
19076
19741
19384
19399
19559
19754
18975
19093
20021
20143
19476
19664
19460
19927
19577
19737
19704
19990
19396
20074
20182
20211
20242
20011
20136
20039
20458
19779
19843
19816
20236
19896
19496
20576
21062
20198
19841
20034
19925
20266
20974
20699
19856
21075
20828
20485
20976
20985
21147
20306
21050
20782
21524
20686
21177
20377
20830
20908
20518
20760
21099
21577
21092
20644
21864
21429
21036
21868
21092
21421
21607
21670
21545
21704
21498
21333
21969
21518
21760
21915
21640
21626
22447
22511
21810
22181
22223
21656
22912
21906
22731
21989
23203
22452
23618
21792
22501
22468
23487
22692
22890
22895
22804
22137
22069
23179
22381
23438
22413
22483
22575
23519
24200
23013
23528
22656
23355
23042
23013
22615
22917
23568
22976
22701
22946
23884
22784
22976
23450
23732
24026
22961
23438
23988
24016
24403
23426
24388
23134
24115
23799
23833
24434
23886
24379
23434
24170
23829
24396
24600
24635
24058
24604
24898
24388
24388
23948
24443
24242
24292
24640
24235
24196
24552
25189
25486
24602
25125
24424
24839
24430
25308
25460
25434
24809
25051
26652
25501
25575
25278
24743
25608
25104
25652
25628
24916
25506
25559
26031
26166
25892
25888
26244
25938
26105
25431
25977
26131
26182
25446
25986
25361
26206
26474
26167
25593
25948
26671
26614
26874
26907
25587
26732
26405
26633
26558
26129
26564
26753
26469
26808
26235
26243
26708
27105
26731
26658
27462
27471
27496
27917
26152
26930
27332
27540
26953
27108
26583
27700
27252
27493
26524
26356
27257
28203
27002
27306
27656
28022
28198
27602
27468
27181
27479
28061
28241
28340
28455
28104
28356
28584
27980
27784
28312
27556
28312
28685
28557
28384
28764
27796
28349
27676
28217
27697
28548
28209
28235
28290
28594
28700
28736
28373
28361
29192
27848
28444
29108
28392
28964
29312
28119
29819
28420
28228
28977
29796
28714
28917
28543
29797
28952
29277
29688
29616
29092
29476
29033
29565
29060
29422
29762
30084
29526
29888
29670
29669
30309
29600
28942
29748
29397
30153
29210
29636
29445
29784
30208
29673
30214
30664
30272
30181
30190
30577
29835
30383
29253
29323
29490
29404
30682
29934
29237
29532
30464
30473
29284
30299
29656
30849
29403
29668
30093
30028
29796
29876
30137
30052
30682
29188
30098
30665
30268
30057
30292
30381
30585
30123
30112
30427
30895
30756
31024
30608
30442
30473
31816
30198
31434
31634
30084
30472
30726
30272
30361
29683
30674
30602
29659
28917
29636
29021
30251
30932
31063
31108
31296
30933
30928
31173
30075
30827
30962
30452
31280
30665
32166
31928
31558
30373
31885
31058
30612
31743
31449
31293
31678
31615
31148
31036
31406
31490
31190
32184
31836
30948
30814
31752
31658
31398
30920
31112
31300
32593
32155
32516
31930
31280
31829
30807
31726
31901
31266
30772
31360
30701
31893
30298
30848
30798
30912
30912
31788
32370
31300
31498
31174
31820
31706
31665
31488
31645
32250
32218
32969
32516
31496
32000
32285
31575
32469
32234
31811
32361
32352
31302
31160
31992
31351
31942
32148
32129
31751
32136
31669
31717
31874
31770
31732
32442
31734
32282
31506
32453
31713
32494
32233
32532
32933
31962
31914
31492
31540
32329
32349
31750
32478
32491
32340
31916
31892
32356
33088
32430
32697
32158
32262
32365
32328
32792
32256
31850
31852
32434
32722
33168
32317
31912
32843
33028
32656
32494
32726
32406
32176
32246
31752
32628
33074
31989
32806
33097
32500
33496
32544
32982
32507
34193
33217
33003
32896
32401
33686
32740
33424
32634
33358
32744
32828
33496
34150
33354
33118
33272
33540
33394
32620
32738
32272
32706
32124
31908
32069
32474
32681
32968
33170
32264
33675
33960
33435
33133
32768
33360
33572
33061
33224
34048
33354
33926
33838
32818
32852
33330
33552
33573
33865
33866
33191
33586
33125
32806
33581
32738
33736
33268
33842
33808
33696
34017
34105
33526
33709
33936
34221
33944
34112
34724
34714
34382
34201
33732
34653
34372
34375
34507
33816
33736
33840
34229
34504
34607
34055
34964
34284
35060
34838
35106
34670
34294
34986
34808
34358
34488
35128
35612
34962
35348
34811
34600
35097
34192
35019
34912
35594
34952
35631
35844
34972
35265
35787
35775
35908
34912
35797
35773
34992
35753
36748
36058
36620
35846
36150
35672
35412
36096
36305
35370
36640
36563
36409
36740
36114
36298
36585
37086
36794
37185
38320
37134
36571
37369
36842
36696
36937
36889
37445
37284
37720
36718
37821
37543
37702
37261
37722
37408
37147
37956
37738
38608
37414
37766
38064
39168
37718
38299
37376
38840
38436
38393
39040
38678
38981
39159
39108
40116
39179
39017
38978
39006
39046
39274
39238
38218
39896
39349
39620
39076
38954
39112
39755
40477
40486
39837
40118
40586
40330
40192
40072
40742
41116
40064
40028
40554
41157
41165
39961
40513
40459
41386
40377
40818
41716
40927
41752
42357
41064
41307
42442
42033
41251
42118
42652
42385
41717
40778
42265
42186
41118
42693
42020
42988
43099
42529
42828
42496
42909
43480
43145
42968
43264
43639
43614
44616
43008
44139
43055
43726
43162
44184
43404
44555
43340
44410
44400
44124
44096
44274
44096
45632
44725
44416
44683
45072
44964
45110
45293
45146
45352
44969
45444
45756
46132
45600
45594
45994
45561
44932
46075
46357
45962
46381
45997
46039
45917
47268
46794
46447
46301
47101
46996
46945
47012
47172
47823
46813
47389
47469
47083
47726
48036
47374
47254
47946
49032
48420
48994
47002
47896
47838
48324
48525
49119
48406
48749
47834
49941
48578
47664
48245
47853
48621
48314
47684
47980
48820
48730
48644
48616
49408
49820
49450
48756
48692
48760
48830
48893
48244
49561
49126
49718
49764
49572
49236
49135
48333
49292
49216
49754
49306
49690
49568
50122
49728
51062
51148
51083
51430
50548
50856
50916
50678
50768
52276
51076
50406
50669
51488
51209
51900
51206
51122
52155
51054
51592
51695
51513
51748
51678
52571
51529
52114
52452
52052
52468
52508
51149
52418
52963
51828
52363
51529
52776
52026
52176
51781
52581
52959
52527
52637
52262
53380
52916
53504
53420
53037
52698
52203
52648
52964
53412
52162
51270
52056
51367
52116
51408
52497
52155
52906
53504
53037
53474
52722
53356
53296
53137
52909
52430
51877
53002
52635
53709
53674
53678
54384
53544
53608
53177
53109
53734
53119
54218
53557
53002
54493
53691
54167
52590
54139
53738
53834
54125
53722
54221
53540
53880
53028
54476
53849
54251
53905
53544
53682
54062
54004
52909
53224
53988
54217
54073
53242
53256
54127
53850
53908
53893
53813
54139
54432
54688
53888
55209
54298
54893
54276
53997
54770
54923
53997
54937
54385
54676
53324
53764
54340
53504
53804
53956
53504
54760
54508
54820
53485
54074
54747
53142
54288
53602
53613
53760
54506
53924
53721
54538
53376
53993
54596
54459
53556
52935
53435
53933
53600
53830
53037
53020
52757
53677
53962
53214
52940
51613
52698
52804
52159
53172
52219
52248
52264
52564
53784
52521
53268
53901
54168
53828
53766
53583
52809
52637
53376
53828
53668
52800
53076
52874
52698
53146
53324
54109
53044
53339
52636
52290
53197
52710
52684
52696
52710
53087
51883
52506
53254
52629
52829
53400
52400
52637
53597
52788
51624
52690
52116
52709
52123
52009
52235
52184
51961
51370
51996
50646
52928
52072
51665
52036
50788
50888
51008
51810
51045
50810
50241
50946
51090
50894
50178
50868
50549
51014
51364
50216
50034
50362
49640
49542
50117
49874
49686
49506
49800
49524
50216
50015
49752
50157
49338
49156
48354
48999
48772
48628
48036
48565
49876
48652
48884
48642
48060
47838
48838
48836
48522
48192
47896
48516
47378
47560
47817
47852
47692
46927
47597
48301
46916
46650
47194
46597
46656
46838
46626
46538
46797
47200
46638
46216
46792
46796
45938
45709
45021
44892
44832
44493
44756
44637
45113
45005
45012
45420
45392
44921
43887
44613
43723
44897
44254
44119
43470
43677
44165
43925
44416
43796
43392
42765
42890
42724
42791
43540
42459
41930
42223
41338
42165
42275
41692
42064
41206
41928
42157
41926
41498
40380
41098
41428
41237
40109
41049
40363
40265
40512
40134
40694
40180
39660
39220
39945
39326
39535
40022
38484
39128
39385
38061
38656
38100
38694
38873
38342
38004
37392
37598
37420
37944
38078
36756
37264
36416
36978
36941
36004
36844
37236
36804
36717
36556
37220
36258
36600
35477
35078
34650
34761
35054
35016
34456
34826
33421
34164
34870
34881
33047
33977
34048
33736
33646
33441
33467
31786
33237
33245
31890
31978
31201
32332
31895
32354
31702
31851
32132
31218
31828
31693
31872
31740
30652
31269
30559
29430
28502
28571
29083
28988
28519
29938
28800
29100
30123
29185
29162
29878
29185
29178
28684
27770
27800
27915
28744
28210
27718
27816
27758
27848
27174
27304
26721
27006
26561
26164
26187
26880
26045
26356
25932
26228
25771
26122
25729
25517
25070
24804
23829
25348
23942
24906
24608
23467
23876
24511
23956
23614
23046
23366
23237
23017
23764
22550
22485
23610
23190
22100
22373
22769
22733
22550
21739
21339
21446
22067
21453
21064
21415
21391
21253
20384
20681
21698
20441
20491
19959
20148
19618
20318
19912
19674
19509
19725
19590
18591
19257
19134
19110
19400
19262
19381
17978
17922
18152
17966
18866
18801
18287
19083
17146
17167
17754
17423
17395
17675
17128
17876
17235
17606
17398
16691
16759
17496
16353
16264
16814
16981
15622
17012
15911
16169
15585
16094
16324
15848
15189
14841
15803
15712
14894
14587
15665
15117
15466
15307
14980
15009
14535
14189
14005
14196
15462
14334
15041
13786
14153
14532
13568
13614
14071
14158
14078
13743
13856
13460
13993
13650
13577
14496
12870
13609
13655
12943
13106
13279
12635
13111
13313
12764
12782
13766
13746
12226
12313
12604
13209
12818
12466
11895
12608
12110
11549
11689
12323
12767
12358
12195
12187
12182
12287
11310
12371
11870
11841
11461
11822
11231
11823
11429
11415
11974
11138
12084
11377
12061
10771
12369
11269
11847
10362
10903
12077
11661
10858
11314
9883
11621
11176
11826
11367
11499
10748
11467
10570
10489
11025
11176
10641
9999
10857
11383
11270
10898
10692
10775
10540
10619
11615
9678
10737
10697
10789
9344
10170
10193
10583
10240
10193
9997
10650
10004
10620
10390
10664
10081
10260
