8116
8047
7348
8107
7620
9185
7200
7821
7948
7316
7949
7148
7445
7362
7024
8273
8052
7053
8022
7891
7060
7497
6863
7836
8059
7688
8027
7365
7242
7834
7909
7170
7212
7336
7267
7737
7198
7881
7666
8018
7653
7426
7474
7763
7992
7093
8266
7135
8175
8223
8902
8301
8594
7386
7583
7364
7578
6926
7482
7964
7374
7428
8212
8209
7546
7564
7626
7289
8325
7824
7771
7109
7480
7860
7902
8022
7592
7924
7717
7631
8272
7705
8031
7617
8022
7913
7688
6953
8350
7985
7667
8229
8046
7819
7454
7957
7709
8548
8824
7788
8021
7437
8251
7477
8087
8098
7244
8283
7414
7505
8181
7444
8637
8093
8121
7415
7571
8395
8453
8544
7997
7647
7539
8213
7878
8315
8432
8015
7308
8011
7724
7561
8078
7796
7937
7767
8440
8325
8194
7672
8371
7973
7351
8122
8187
8002
7848
8234
7630
7652
8370
7804
8323
7826
7453
8071
8342
8361
8405
7955
8907
7585
7943
7764
7636
8266
8231
7728
8346
7327
7894
8133
8095
7291
7663
7410
8106
8500
8302
8071
7779
8804
8550
7709
8104
8635
8238
7718
8666
8214
8579
7857
8538
8178
7817
8072
7781
8211
8042
8894
7541
7486
8230
7774
7700
8077
8220
8234
8489
8126
8358
8072
8723
8009
7701
7430
8422
7842
8269
8282
8552
8164
8482
7924
8654
8264
8240
8223
7687
8705
7517
7892
8210
8092
7646
8194
7891
7903
8266
8167
8601
8214
7719
8207
8393
8152
8223
8566
7852
8879
7568
8332
8393
8740
8086
8146
7773
7987
8701
7656
8003
8578
7932
8452
7330
8438
7754
7917
8321
9028
8746
8414
8533
8358
7612
8174
8624
7838
7658
8537
8274
8060
8476
7588
8266
7792
8342
8608
8491
8543
8126
7818
8374
8485
8989
8094
8295
8216
7667
8192
8323
8589
7676
8137
7949
8247
7961
8411
8236
8484
8194
9235
8918
8301
7798
8377
8552
8310
8826
8027
8852
7257
8109
8365
8193
7982
8777
8377
8560
8759
8198
7914
7676
8043
7964
8914
8626
8328
8205
7821
8847
8539
8748
7650
8144
8370
8416
8363
8629
8805
8204
8604
8388
8125
8872
8258
8278
8781
7952
8803
7657
8415
8584
7527
8696
7931
8092
7834
8672
8225
7904
7784
8742
8194
7988
7926
8215
7794
8028
8211
7540
8815
7469
8484
8159
8222
8599
7883
8643
8152
8244
8897
7626
8174
8697
7894
8537
8015
8262
8062
8371
8728
7953
8459
8491
8368
8289
8742
8318
8524
8794
8421
8781
8694
8054
8650
8334
8153
8469
8428
8258
8578
8555
8718
8567
8102
8263
7308
8123
8439
8092
8458
8575
8371
8363
8324
8565
8394
8273
8149
8088
8405
8127
7737
8574
8774
8184
8363
8419
8618
8001
8493
8151
8382
7968
9216
7890
7900
8693
8507
8059
8312
8349
8676
8462
9154
8390
8792
7950
8574
8649
8782
8023
8700
9198
8712
8868
7975
8556
7652
7810
7768
8556
8879
8725
7962
9151
8418
8392
8495
8411
8271
8075
7896
8423
8830
9621
8749
8500
7931
8820
8856
8231
8404
9029
8378
8966
8034
8161
7765
8255
8540
8796
9020
8459
8691
8836
8641
7658
8254
9093
8562
8515
8043
7868
9023
8648
8604
8680
8710
8740
8365
8898
9000
8482
8794
8291
9064
8072
9014
8454
9002
8787
8652
9133
8077
8806
8243
8124
8377
8536
9607
8592
8683
9050
8592
8960
8640
8512
9358
8180
8448
8596
8838
8482
8947
8852
7970
8809
8240
8283
8161
8351
8169
7883
8752
8860
8638
8042
8770
8824
8537
8923
7933
7880
8663
8663
9194
8732
8449
8607
8495
8420
7971
8159
7876
8716
7954
8452
8439
8228
7962
8686
9349
8607
8813
8089
8452
8816
8251
8298
8434
8759
8303
8469
8900
8145
8802
8227
8933
8232
8670
9129
8530
8214
8400
7669
8534
8972
8877
8443
8108
8539
8625
9449
7641
8360
8541
8804
9227
8215
8853
7942
8998
9126
9528
9206
8399
8450
8233
9090
7938
8111
8556
8461
7943
8975
8682
8416
8985
8753
8455
8910
9121
8724
8433
8536
8739
8742
8285
8683
8445
8499
9059
9052
8386
8556
8392
8172
9729
8763
8282
8098
8453
8138
8790
8879
8090
8800
9077
8749
8266
8781
8829
8646
8648
8577
8978
8982
8420
9220
9453
8708
7899
8393
8301
8756
8929
8245
9039
8136
8500
8533
9004
8948
8497
8098
8925
8677
9211
8835
8828
9393
8842
9698
8324
8618
8004
9263
8280
8916
8966
8860
8058
8760
8992
9163
8480
8747
9152
8730
8709
7965
8677
8642
8822
8353
7817
8655
8568
9270
8810
8724
9294
8677
8556
8745
8630
9129
9550
9219
8191
8752
8828
7970
8975
8592
9045
8403
8699
8620
8725
8353
8384
8818
8578
8910
8439
9402
8722
8996
9193
9036
9233
9051
9310
8535
8708
8090
9019
8729
8990
8542
9326
8265
8849
8856
8373
8668
7825
9139
8932
8254
8831
8819
9294
8699
8914
8873
9563
8540
8493
9406
8577
8810
8963
8514
8602
8541
8885
8916
9542
8413
8704
8965
9036
9348
8564
8786
9106
8556
8291
9785
8810
8655
8031
9640
8877
8702
8214
8636
9142
9224
8346
8548
9057
9327
8853
9565
9956
8633
8596
8480
8757
8129
9481
8852
9103
9322
8811
9250
9359
9125
8425
8728
9106
9425
9611
8758
8137
8200
8184
8970
8692
8127
8902
8850
8799
9047
8792
9166
9218
8251
8891
8668
9503
8519
8655
8720
8480
8501
9197
8888
8898
8440
8324
8846
9276
9059
8530
9380
9079
9032
8408
8792
9555
8914
8176
9528
8746
9684
8159
9131
8710
8901
8717
8811
8562
8557
8858
9124
8693
8714
9434
8868
9506
8709
8600
9152
8808
8671
8062
9214
9031
8764
9029
8322
8574
9251
8309
8785
9341
8919
9317
9603
8448
9723
8330
9064
8565
8779
8074
9093
8642
9093
9200
8822
8544
8956
8649
8680
9279
9208
9205
9549
9253
8550
8821
8402
9770
8822
8614
9118
9331
9436
9491
8973
8331
9148
8735
8807
8760
8857
8861
9119
8605
8856
8708
9003
9467
8598
8845
8932
8973
9639
8715
8505
8466
8434
8400
8814
9348
8742
9045
9802
8638
8681
8379
9058
9410
8832
9538
8693
9524
8018
9128
9070
8568
9644
9393
9077
8945
8840
9373
9002
8635
8697
9119
8992
8295
9419
9229
9035
8757
8755
9037
8953
8862
8394
8986
9222
8988
9939
8676
8911
9247
9415
8615
9032
9244
9186
9568
8537
9086
9372
9445
9536
9792
9234
9342
8966
9518
8833
9843
8940
8779
8612
8681
8208
9689
9328
9253
8526
8918
9536
8788
8711
8985
9048
8457
9449
8865
9072
9244
9145
9166
10119
9056
9070
8622
9775
9178
9117
9628
8586
9632
9176
9478
9205
8955
9389
8429
9051
8448
8840
8916
8576
8447
9583
9371
9277
9540
9351
10004
8826
9901
9006
8861
10128
9229
8928
9289
8751
8729
9425
9198
9681
9776
9414
9177
9388
8754
10062
9708
9023
9682
9273
9562
9119
9996
9172
9160
9256
9266
9073
9297
9131
9819
9300
9637
8932
9087
9234
10189
9413
9112
9837
9686
8878
9519
9585
9275
9371
9211
9638
8538
9802
8981
9912
9021
9444
9617
8170
9557
8947
9696
9409
9618
9327
9444
9993
9485
9607
9253
9497
8993
10121
9256
8987
10053
8965
9833
9799
9438
10113
9230
9446
8945
9207
10109
9722
9729
9431
9006
9111
9323
9012
8886
9558
9683
9360
9078
9122
10188
9203
10109
8743
9542
9625
9885
9179
9341
9816
9737
9684
10241
9643
8874
9510
9852
10133
9494
9473
9049
8833
9521
9654
9366
9414
9256
9517
9653
9007
9481
9455
9458
9644
9418
9404
9116
9914
10059
9419
9760
10189
9511
9821
9345
9823
9307
9899
9165
9809
9875
9074
9514
10071
9813
9751
9209
9156
9990
9280
8943
10032
9335
10178
10532
9675
9793
9238
9648
10429
10304
9716
9724
9622
9476
9860
9885
9332
9044
9472
9608
9181
9934
9391
9928
10054
9613
9179
9344
9986
9532
9498
9876
9410
10456
9209
9429
10063
9481
9966
10050
9867
10478
9488
10554
9841
9839
9899
9185
9998
9885
10601
9594
10456
9236
10678
10057
10330
10222
9976
9813
9882
10074
10121
10252
9825
9371
9777
10214
10164
9671
9757
10521
10127
10289
10200
9865
9930
10036
10131
9321
10080
9686
10955
9958
10337
9931
10178
10478
9695
9997
10548
10406
10388
10624
10470
9004
10417
10868
10302
9874
11165
10340
10389
10128
9890
9804
9651
10218
10835
9662
10462
10452
10022
10138
10261
10551
9975
10429
10039
10880
10454
10258
10145
9892
10838
10155
9937
10610
9881
10515
10658
10386
10368
10158
9635
10838
9719
10653
10076
11049
11407
9730
10126
10238
10757
10688
10639
10757
10137
10045
10605
11053
10171
10284
10093
10309
10165
10548
10113
10424
10695
9747
10728
10372
10644
10205
10908
10433
10815
10414
10797
10674
10830
10648
10161
10224
9924
10982
10679
10676
9718
9986
10310
11381
10729
10524
10483
10421
9665
10109
10610
11065
11064
10264
10969
10622
10230
10920
10607
10766
10218
11011
10847
10878
10683
10891
10310
10347
10232
11189
10409
10765
10600
11034
11085
11130
11392
11333
10655
10942
11049
11611
11588
10828
10914
10732
10571
10972
10652
10909
11194
11708
11789
11024
11202
10668
11895
10788
10745
11159
11696
10546
11216
10447
11223
10925
11379
10641
11815
11213
10966
10701
11339
10677
11108
10989
10974
11612
11218
10909
10748
11973
12232
11164
11483
11046
11044
11698
10821
11093
11135
11684
11584
11899
11719
11227
12134
11786
11336
11113
11871
11382
11781
11644
11191
11680
11373
11446
10728
11181
11431
11615
11781
11887
11395
11298
11432
11143
11818
11789
11896
12028
11966
11321
12111
11612
11089
11781
12109
11862
11735
10810
12254
11397
11886
11612
11142
12051
11334
11362
11631
12143
12092
11670
11977
12363
11939
12341
11780
11307
12342
11993
12698
11921
11931
12087
12000
12492
11916
11681
12116
11914
11989
12298
12226
12264
11824
12439
12360
12186
11999
11364
11359
11516
11860
11645
11402
12098
12216
12019
12386
11848
12214
12578
12508
12712
12564
12899
12442
12667
12077
12134
12880
12233
12078
12227
12909
12053
12209
12778
12801
12536
12624
12217
12554
11759
12860
12102
12252
12504
12306
12532
12416
13006
13032
12865
12590
12689
12451
12314
12632
12714
12457
12176
12252
12146
12318
12400
13085
12881
13251
12105
13330
12796
13011
13083
13040
12960
13188
12884
13542
13037
13012
13131
12346
13072
13095
12723
12716
13239
12457
13950
13056
12612
12955
13277
13277
13000
13274
13066
12731
12740
13078
13394
12771
12756
13164
13038
13083
13968
13215
12814
12686
13198
13417
13626
12629
13138
13705
13853
12548
13936
13274
13780
13649
13885
13826
14186
13512
13685
13322
13645
13653
13349
13784
13254
14892
13533
13544
13949
13764
14010
13891
13696
13884
14131
13735
13520
14282
14161
13662
14749
13688
13649
13882
13311
13525
13660
14084
13841
14062
13897
14240
14606
14469
13718
14295
13599
13528
14450
14045
14333
14354
14372
14359
13860
14494
14498
13910
14432
14436
14429
14056
14176
14703
14110
14608
14593
14349
14422
14221
14747
14533
15221
14148
14456
14303
14547
14906
15132
14652
15195
15556
14392
15376
14714
14656
14717
14884
14664
14661
15181
14830
14292
14765
15441
15480
15077
15228
14902
15698
14356
15049
15430
15529
15343
15688
15348
14831
14774
14815
14802
15630
15726
14413
15748
15428
15421
16229
15600
15484
15718
15706
14965
16239
15109
15769
15622
15565
14742
15049
15516
15961
15517
15305
16232
15430
15784
15587
15800
15208
14882
15681
15636
16283
15668
16333
15734
15901
16322
15465
16164
15630
16005
16631
16060
16141
15616
17108
15925
15594
15877
16446
16793
16446
15908
15982
16076
15882
16210
15394
16254
15284
16118
15787
16214
16760
15780
16942
16485
17248
16005
16971
17273
16452
16296
16761
16941
16841
16713
16836
16642
16474
17396
16477
16076
16232
16421
16318
17106
16758
16698
16776
16902
16619
16674
16837
17516
17819
16198
17548
16454
16744
17079
16930
17574
17730
17235
17690
17366
17132
17744
17450
17573
17814
17935
17279
17818
17148
17208
18288
16590
17604
17861
18298
18203
18397
17959
16987
17110
17536
17354
18125
17652
18280
18326
17817
17362
17864
17874
18144
17900
18072
18567
17912
17536
18138
18374
18619
18438
18174
18446
17668
19183
18003
18731
18420
17989
19046
19072
18534
17543
18146
18584
18151
18509
17756
17951
18612
17997
19260
18315
19672
18624
18238
18916
18132
18742
18471
18819
18600
19805
19137
19406
19074
19288
19646
19358
19193
19374
18577
19108
19785
19520
19625
19470
19342
19332
19048
20046
20112
19592
19444
19177
19722
19350
20165
19428
19931
19608
20110
20194
20191
20224
19946
20123
20235
20161
19625
19751
19900
20398
19749
19304
20803
20758
20331
19968
19812
20611
20456
20657
20388
19625
20807
20560
20476
21109
20645
20754
20652
21040
20699
21385
20252
21450
20271
21001
20292
20406
20841
21012
21182
20836
20836
21909
21439
20505
21734
21257
20770
21752
21668
21261
21540
21821
21561
22162
21513
21504
21579
21007
21554
22180
22404
21737
22373
22302
21648
22656
22200
22186
21609
22798
22320
23396
22164
22511
22252
23316
22650
22271
23005
22515
21787
22450
23590
22356
23176
22411
22638
22925
23123
24140
22870
23560
22246
23000
23228
23252
22854
23386
23249
23256
22984
22893
23318
22756
23263
23149
23758
23740
23545
23336
24014
24039
24440
23572
24214
23114
24305
24160
24022
24013
23736
24359
23107
24318
23667
24246
24244
24884
24269
24600
24858
24484
23943
24244
24499
24239
25076
24446
23849
24553
24580
25130
25764
24550
24783
24512
24802
24214
26034
25481
25152
24559
25051
26868
25098
25253
25491
24648
25450
25221
25124
25701
24424
25076
25832
25664
25972
26340
26084
26112
25569
25978
25762
25844
25619
25975
25395
26260
25615
26166
26146
26427
25654
25979
26566
26068
26756
26839
25613
26597
26342
26752
26389
26500
26287
26548
25759
26816
26466
26392
26523
26773
26378
26714
27125
27275
27300
27814
26600
26691
27341
27454
26714
27018
27036
27478
27385
27209
26555
26123
27126
27921
27040
27035
27962
28194
28213
27816
28232
27105
27515
28358
28168
27963
28749
27924
28480
28070
27668
27882
28200
27579
28212
28006
28828
28399
28468
27892
28228
27341
27676
27760
28493
28430
27685
28420
28534
28575
28786
28431
28382
28992
27791
28261
28928
28225
28764
29274
27988
29248
28107
27818
28583
29679
28530
28727
28448
29461
28906
29111
29323
29663
28938
29461
29113
29721
29272
29647
29668
30070
29940
29853
29796
29281
29978
29405
28826
29349
29201
29980
29328
29647
29525
29482
30300
30230
29547
30411
30080
30088
29878
30361
29564
29750
29151
29056
29391
29190
30397
29513
29498
29178
30535
29905
29082
30122
30052
30421
29446
29611
30068
30162
30378
29994
29796
29704
29994
29306
30468
30296
30534
29576
30255
30500
30774
29956
30385
30422
30432
30666
31300
31388
30180
29973
31812
30116
30694
31028
30081
30532
30495
30196
30500
29694
30440
30488
29483
28916
29617
29086
29864
30749
31081
30911
30988
31025
30823
31099
30436
30811
31089
30565
31463
30408
31912
31872
31413
29837
31332
31245
31012
31917
31115
31450
31677
31595
31328
31401
31591
32008
30976
32620
31951
30941
30564
31691
31610
31283
31082
31389
31718
32538
32028
32234
32176
31483
31802
30555
31893
31752
31416
30778
31588
30550
31965
30630
30865
31208
31144
30854
32324
32237
31383
31291
31182
32123
31968
31658
31517
32036
32489
32625
32885
32598
32004
32152
32314
31671
32500
33015
32005
32777
32304
32068
31434
31758
31406
32605
31909
31940
32442
32196
31596
31655
32234
31965
32000
32897
32315
32362
31982
32453
32221
32780
32109
32838
33098
31877
32559
32384
32174
32499
32454
32300
33222
32585
32498
31952
32439
33160
32950
32668
32928
32654
32725
32952
32343
33482
32761
32098
32580
32727
32987
33362
32795
32596
33668
33128
32780
33306
33263
32445
32697
32791
32163
33000
33573
32477
33047
33218
33033
33387
33244
33293
33152
34923
33199
33644
33511
33490
34356
33836
33932
32941
33738
33188
32960
34584
34581
34105
34388
33626
33990
33992
32943
33486
32784
32882
32795
32791
33034
33674
33380
34335
33892
33593
34480
34934
33993
33652
33764
34189
34689
34088
34064
34259
33786
34854
34868
33920
33678
33546
34324
34101
34276
34902
33425
34088
34130
33782
34823
33281
34858
33628
35064
34210
34340
34252
34976
34170
34804
34670
35293
34458
34798
36086
35626
35791
35229
34760
35900
35364
35394
35816
34890
35034
34928
35420
35802
35492
35439
36214
35672
36044
36188
36278
36008
35258
36416
35924
35470
36079
36578
36597
36619
36106
36266
36412
36258
36160
35858
36650
36890
36366
37140
37110
36516
36593
36426
37144
37333
36782
37126
37198
36378
37176
38132
37622
37894
37249
37674
36762
36888
38008
38662
37311
38322
38176
37709
38164
37478
37829
38252
39018
38360
38859
39719
39497
38501
38517
38780
38939
38698
38976
38985
38831
39130
38681
39676
39454
39360
38747
39560
39461
38730
39869
39316
40196
39530
39871
40512
41271
40092
40579
39829
40824
40609
40271
41146
41268
41540
41183
41216
42170
41140
41316
41652
41350
41188
41722
41749
40660
41849
41820
41634
41060
41334
41174
42137
42788
42948
42189
41944
42166
42845
42664
42587
42936
43723
42479
42580
43478
43490
43848
43458
42391
43021
43455
43049
43626
44428
43957
44296
45108
43944
44869
44842
44840
44022
45394
45125
45774
44290
44151
44758
44875
43892
45220
45080
44838
45900
45539
45364
45312
46237
46074
45356
45596
46532
46131
45853
47130
46444
46877
46456
46534
46404
47180
46244
47564
46809
47147
47690
47701
47540
47660
47101
48245
47744
47017
47178
47578
48404
47627
48554
48684
48292
47838
48413
49042
48872
49368
49117
49280
48778
48522
49319
49409
49444
49884
49460
49576
49150
50150
49613
50269
49558
50490
50586
50356
50564
50796
51172
50349
50408
51044
50571
51284
51412
50910
51312
51684
51968
51684
52052
51070
51338
51289
51728
51428
52820
51924
52036
51664
53255
52308
51508
51588
51524
51512
51341
51480
51687
52155
52500
52184
51983
53069
52844
53140
52532
52372
52740
52244
52857
52244
52864
52776
53307
53426
53387
51976
52315
52852
52868
53674
52923
53224
53160
53121
54500
53888
54389
55092
53947
54601
53818
54492
54584
54728
54694
55949
55002
54801
54692
54818
55262
55794
54872
54740
55764
54840
55472
55796
55636
55424
55204
56207
55150
56008
56050
55818
56506
56188
55167
56372
56965
55660
55990
55948
56649
56264
55844
56340
56354
57140
56485
56249
56596
56740
57141
57428
57128
56997
56990
56251
56504
56598
56840
56076
55820
55981
55625
55924
55371
56102
56232
56362
57188
57044
57341
56872
57364
57220
57306
56933
55889
56452
56778
56784
57670
57542
57740
58006
57157
57754
56970
57402
57484
57485
58157
57556
56872
59034
58160
57946
57643
58228
57994
58702
57632
57452
58120
57305
57769
57215
58155
57720
58724
58460
57992
57636
57961
58560
57498
57396
57880
58167
57898
57004
57784
57645
58036
58420
58265
58154
58069
58420
58975
57748
58997
58906
58024
58443
58073
58880
59663
58372
59242
58502
58795
57321
57805
58667
57920
57920
57868
57732
58006
58740
58500
57818
58026
58644
57196
57804
57580
58032
57809
59289
58036
58248
58394
56906
57458
58410
57721
57947
57245
57044
58089
57600
57379
57658
56984
57398
57124
57856
57834
56966
55202
56712
56296
56056
57124
55830
55808
55972
56450
57558
56949
57501
57578
58216
58134
57908
58148
56763
56502
57951
57452
57213
57413
56996
57181
57160
57211
57050
58086
56744
57320
56372
56418
56539
56328
56740
57052
56725
56493
56344
56794
57199
56228
56287
57149
56278
56576
56983
56538
55668
56576
56216
57044
55712
55732
56692
56066
55688
55327
56747
54109
56704
55826
56052
55437
54965
55132
55153
55796
54742
54592
54136
55183
55304
54637
54452
54372
53706
55500
55070
54194
53467
54436
54134
53192
53477
53686
53336
53581
54220
53261
54482
53862
53402
53670
53124
53334
52055
52436
52942
52670
51868
51963
53626
52512
52909
52800
51701
51069
52393
52365
51995
52244
51034
51874
51634
51272
51510
52056
52009
50670
51438
51876
50468
51192
50756
50320
50924
50045
49928
50250
51025
50774
49933
49892
49611
50465
49366
48877
48463
47942
48401
48474
48584
48171
48516
48460
48896
48752
49280
48256
47439
48740
47133
47881
47778
47329
47204
46631
48342
47029
47791
47755
46970
46156
46868
46616
45881
47064
46296
45194
45764
44517
46047
45752
45194
45632
44753
44826
44869
45661
44137
43814
44602
45453
44996
43482
44762
43980
43590
44391
43445
43943
43003
43373
42732
43220
42735
43064
42925
42082
42877
43081
41611
41997
41678
41492
42079
40795
40925
40560
41010
41088
40576
41197
40093
40582
39830
39654
39740
39193
40052
40130
39302
40232
39372
40116
39178
39362
38470
38106
37674
37909
37420
37654
37704
38389
36682
37300
37862
37620
35877
36621
37281
36718
36458
36070
36238
34972
35880
35958
34053
34645
33989
34564
34790
35053
34282
34585
34749
34132
34595
34516
34692
34633
33467
33544
32784
31383
30812
31272
31282
31060
31176
31872
31060
31516
33024
31684
31276
32299
31331
31316
31542
30587
30016
29894
30724
30140
29890
30083
29734
30506
29549
29670
29125
29345
28486
28203
28550
28717
28452
28744
27781
28032
27840
28297
27746
27388
27138
26600
26088
27434
26146
26601
26324
25748
25410
26148
25876
25756
24534
25515
24898
25274
25268
24740
24303
25301
25189
23751
24228
24523
24069
23705
23382
23293
23369
23611
23154
22511
23200
23236
22708
21960
21996
23094
22041
21888
21562
21777
21482
21878
21293
21275
20992
20905
20966
19983
20398
20726
20370
20488
20267
20827
19128
19311
19188
19415
19776
20082
19739
19965
18427
18141
18688
18340
18497
18551
18333
18754
18552
18574
18258
17462
17808
18772
17300
17176
17786
17725
16630
18143
16798
16853
16600
16986
17190
17098
16005
16136
16745
16746
15762
15597
16507
16281
16343
16043
15481
15681
15405
14887
14230
14977
16009
15050
15739
14685
14750
14808
14083
14387
14453
14608
14600
14277
14617
14209
14601
13979
14002
14909
13491
14032
13888
13055
13696
13679
13166
13676
13176
13298
13208
14065
14234
12789
12641
12901
13520
13157
12822
12465
13286
12634
11760
12193
12782
13362
12875
12605
12403
12702
12702
11816
12972
12122
12152
11919
12245
11423
12356
11733
11737
12281
11195
12676
11841
12053
11119
12462
11597
12115
10826
10974
12012
12210
10827
11680
10080
11520
11262
12056
11358
11632
11112
11780
10975
10613
11166
11103
10842
10118
10933
11795
11338
10916
10804
10808
10573
10753
11561
10032
10749
10565
10853
9645
10620
10410
10874
9906
10387
10277
10458
10194
10779
10414
10756
10437
10401
