8153
7860
7076
7837
7610
9192
7188
7749
7885
7338
7546
6956
7356
7304
6914
8154
8006
7297
8028
7969
6930
7275
6914
7549
7948
7576
7789
7421
7192
7798
7872
7261
6966
6974
7062
7628
6954
7938
7469
8062
7438
7398
7410
7597
7812
7198
8090
7243
7965
7857
8697
8301
8380
7186
7465
7266
7565
6843
7524
7947
7116
7212
7898
7841
7161
7166
7445
6851
8239
7818
7741
7013
7610
7519
7658
7871
7442
7818
7463
7236
7855
7460
7811
7590
7745
7793
7604
6836
7954
7756
7758
8174
8021
7829
7397
7837
7443
8410
8405
7670
8096
7425
7924
7411
7867
8017
7162
8134
7202
7382
8033
7458
8386
7852
7859
7180
7571
8341
8194
8119
7889
7467
7378
8050
7855
8277
8417
8114
6924
8028
7505
7343
7986
7504
7826
7497
8228
8344
7836
7414
7874
7818
7351
7740
8199
7959
7962
8107
7616
7627
8322
7531
8324
7758
7242
7877
8285
8272
8014
7797
8890
7849
7735
7460
7561
7990
8151
7447
8164
7156
7841
7710
7896
7219
7348
7187
7875
8111
8011
7733
7948
8628
8403
7653
7883
8497
7916
7537
8379
8045
8490
7761
8164
7904
7527
8144
7651
8117
7959
8568
7275
7124
8364
7758
7524
7655
8189
7951
8286
7914
8147
8083
8496
7918
7602
7035
8106
7781
7919
8024
8405
7936
8219
7523
8561
8198
8035
8214
7541
8292
7435
7610
8184
7968
7479
7901
8163
7937
8022
8086
8480
8145
7588
7848
8157
8005
8036
8270
7709
8552
7433
8699
8076
8272
7927
8089
7796
7719
8489
7524
7509
8382
7479
8144
7371
8276
7661
7780
8107
8995
8559
8104
8481
8250
7541
8244
8283
7641
7383
8346
8364
7644
8320
7612
8317
7563
8080
8500
8192
8225
7807
7648
7960
8260
8840
7662
8027
8008
7492
8238
8227
8480
7478
7948
7691
8037
7787
8039
8018
8150
8214
9261
8621
8251
7660
8215
8631
8135
8623
7721
8790
7135
7926
8180
7861
7701
8711
8192
8268
8602
8111
7736
7546
7992
7853
8539
8290
7890
7976
7841
8741
8250
8639
7507
8060
8039
8376
8422
8419
8586
8187
8432
8203
7908
8623
8164
8009
8592
7616
8543
7328
8416
8514
7379
8385
7844
7919
7867
8299
8141
7624
7626
8564
8175
7852
7709
7887
7660
7580
8172
7439
8290
7224
8454
7870
8025
8448
7553
8369
7937
8161
8724
7441
8139
8516
7610
8117
7938
8093
7843
8489
8431
7793
8232
8390
8249
8161
8795
8177
8274
8816
7952
8678
8648
7855
8372
8127
8162
8150
8308
8288
8415
8256
8350
8297
7957
8130
7170
7910
8311
7909
8179
8199
8010
8014
8344
8402
8283
8176
7972
8152
8265
8044
7389
8337
8397
8130
8375
8091
8339
7846
8084
7989
8310
8106
8743
7999
7757
8582
8026
7877
8090
8245
8309
8118
8986
8261
8587
8000
8301
8336
8712
7939
8699
8818
8264
8576
7741
8430
7501
7908
7722
8686
8864
8391
7726
9032
7941
8130
8430
8172
7953
7575
7717
8261
8505
9271
8813
8157
7923
8667
8763
8029
8183
8886
8244
8577
7751
8127
7610
8164
8342
8670
8794
8244
8578
8763
8467
7407
7939
9059
8211
8407
7829
7921
8832
8245
8675
8645
8284
8486
8251
8549
8654
8222
8589
8127
8898
8102
9004
8292
8548
8503
8551
8930
7867
8585
7769
7739
8220
8434
9381
8399
8639
8798
8379
8668
8461
8601
9220
7987
8394
8311
8768
8500
8810
8834
7865
8467
7940
8278
8021
8087
8114
7531
8633
8543
8565
7804
8648
8349
8315
8711
7808
7595
8558
8460
9112
8537
8471
8528
8527
8154
7867
7892
7801
8486
8011
8237
8282
8260
8068
8349
9007
8389
8501
7880
8488
8350
8142
8311
8026
8426
8258
8143
8758
7930
8841
8171
8876
8052
8436
8785
8088
7963
8261
7662
8434
8845
8605
8506
8150
8330
8671
9324
7490
8301
8370
8375
8879
8023
8595
8130
8935
9163
9384
8848
8147
8085
8225
8800
8000
8065
8514
8356
7734
8741
8585
8524
8886
8676
8272
8671
8765
8529
8104
8424
8524
8712
8065
8834
8193
8408
8852
8861
8298
8224
8496
8107
9667
8768
8121
7654
8395
8052
8550
8645
7971
8326
8900
8647
8118
8725
8569
8260
8501
8260
8907
8794
8180
8903
9211
8167
8061
8139
7957
8335
8792
8249
8870
8043
8228
8341
8674
8663
8305
7867
8889
8812
9145
8723
8442
9300
8674
9333
8004
8632
7846
9078
8049
8887
8971
8621
8001
8782
8618
9048
8427
8624
9010
8406
8618
7660
8598
8486
8788
8328
7732
8426
8183
8916
8495
8625
8964
8571
8333
8653
8758
8988
9318
8893
7932
8510
8546
8214
8851
8341
8680
8290
8544
8580
8540
8407
8231
8753
8367
8830
8448
9093
8366
8552
9190
9032
9095
8732
9446
8335
8353
7780
8728
8486
8867
8329
9179
8421
8699
8617
8393
8588
7833
8909
8972
8076
8521
8519
8988
8448
8764
8712
9437
8448
8393
9054
8480
8704
8969
8480
8371
8170
8573
8699
9312
8248
8480
8441
8728
9228
8482
8762
9078
8375
8148
9686
8358
8589
8067
9191
8846
8410
7805
8617
9159
8815
8150
8468
8625
9066
8777
9300
9945
8347
8339
8360
8476
8146
9330
8884
8746
9065
8624
8992
9013
9110
8118
8617
8973
9352
9492
8702
8203
8021
8177
8520
8547
7940
8968
8493
8495
8825
8366
9095
9142
8260
8848
8489
9192
8480
8539
8718
8322
8446
9082
8642
9001
8221
7816
8640
8971
8751
8280
9216
8979
8574
8196
8660
9522
8756
7830
9375
8353
9273
8128
9085
8540
8698
8471
8516
8420
8465
8849
8973
8587
8801
9040
8728
9349
8434
8431
8994
8589
8794
7842
8869
8724
8434
8866
7882
8538
9017
8140
8641
9241
8815
9116
9162
8385
9185
8029
8828
8328
8313
8130
8766
8789
8973
8868
9005
8448
8938
8354
8474
9186
8856
8994
9503
9250
8498
8773
8097
9421
8797
8412
8740
9110
9276
9248
8929
8306
8565
8366
8597
8531
8704
8558
9094
8412
8362
8452
9157
9278
8514
8701
8994
8582
9325
8502
8489
8100
8261
8222
8650
9296
8440
9001
9741
8283
8280
8127
9011
9157
8825
9485
8430
9276
8084
9040
9005
8557
9574
9236
9077
8823
8850
9251
8688
8358
8507
8936
8869
8288
9478
8864
9013
8554
8604
8997
8788
8779
8277
8998
9057
8520
9864
8752
8561
8950
9235
8523
8971
9285
8994
9266
8555
9054
9221
9028
9196
9664
8770
8889
8945
9424
8589
9578
8858
8652
8461
8347
8164
9504
8925
9078
8400
8678
8989
8731
8411
9073
8735
8488
9284
8582
8980
9016
9031
8942
9849
8910
8663
8599
9722
8930
8738
9380
8349
9278
8926
9383
9062
9006
9003
8244
9101
8532
8623
8946
8280
8379
9446
8989
9184
9182
9101
9526
8636
9467
8941
8582
9830
8946
8723
8967
8668
8327
9248
8921
9383
9348
9101
9150
9202
8815
9858
9577
8872
9407
8896
9292
9166
9652
8887
8852
8855
9302
8923
9400
9037
9437
8868
9461
8673
8804
9344
9871
9455
9010
9546
9414
8724
9391
9148
8832
9003
8884
9460
8356
9313
8850
9894
8799
9248
9298
7990
9349
8842
9436
9260
9327
9276
9221
9618
8956
9173
8788
9067
8644
9848
9113
8725
9789
9083
9290
9783
9218
9851
9197
9241
8674
8876
10021
9756
9387
9191
8613
8914
8996
8766
8740
9174
9270
9436
9043
8921
10092
8978
9670
8565
9133
9358
9760
9023
9061
9299
9531
9370
9851
9518
8670
9574
9588
9867
9429
9305
9019
8592
9149
9605
9040
8855
9054
9359
9450
8917
9317
9116
9411
9526
9282
9236
8971
9412
9775
9165
9552
10140
9197
9690
9194
9606
8857
9525
9060
9937
9782
9014
9110
9647
9700
9415
8936
9115
9859
9020
8632
9751
8946
10181
10417
9453
9511
8676
9585
10363
10036
9750
9372
9787
9322
9774
9743
9297
8810
9174
9539
9217
9719
9055
9697
9918
9472
8964
9207
9694
9602
9431
9834
8968
10322
8945
9068
9759
9253
9762
9826
9431
10546
9561
10320
9437
9385
9844
9185
9878
9829
10322
9528
10120
9191
10214
9608
10121
10116
9433
9304
9597
9832
9988
9942
9567
9016
9616
9834
9743
9365
9562
10405
9898
9989
9800
9726
9661
9675
9877
9110
9754
9216
10573
9984
9902
9734
10181
9961
9606
10174
10512
10169
10288
10723
10220
9092
10164
10569
10027
9793
10425
9945
9974
9815
9622
9806
9536
9801
10351
9625
10334
10039
9779
9738
9918
10120
9638
9946
9724
10452
10175
10033
10040
9760
10599
10114
9774
10315
10017
10453
10243
10190
10036
9851
9544
10459
9300
10228
10005
10777
10959
9700
9840
10162
10169
10326
10379
10455
9868
9787
10218
10910
9838
10231
9896
9904
9736
10244
10121
10089
10563
9860
10605
10372
10152
10228
10545
10184
10465
10121
10577
10426
10780
10336
9956
10135
9687
10668
10322
10261
9424
9625
10191
11116
10572
10359
10480
10202
9304
9658
10174
10789
10876
10395
10714
10256
10158
10681
10304
10481
10027
10444
10337
10482
10559
10606
10181
10020
10081
11051
10070
10795
10503
11086
11013
10692
10969
11347
10284
10682
10746
11124
11283
10866
10785
10436
10398
10712
10384
10651
10952
11280
11217
10768
10746
10304
11371
10768
10347
11038
11146
10444
11013
10405
10987
10474
11085
10209
11520
10802
10647
10541
10872
10624
10748
11015
10652
11478
10913
10723
10356
11643
11779
11173
11280
10488
11035
11304
10550
10660
10822
11542
11454
11892
11373
10831
11954
11565
11249
11195
11557
11298
11316
11129
11192
11502
11090
11417
10538
10868
11290
10870
11502
11476
11142
10946
11476
10889
11400
11695
11655
11812
11722
10878
11566
11182
10869
11368
11495
11739
11344
11081
11879
11151
11796
11143
10800
11692
11006
11194
11111
11446
11705
11520
11540
11953
11692
11856
11448
11282
12093
11882
12442
11774
11663
11668
11871
12058
11433
11403
11486
11545
11763
12048
11952
11750
11726
11927
12288
11709
12021
11097
11182
11091
11596
11580
11227
11812
12143
11844
12003
11584
11734
12010
12210
12442
11850
12645
12063
12442
12113
11757
12576
11871
12010
11824
12646
12024
11885
12568
12399
12167
12286
11984
12166
11474
12616
12004
12014
12326
12129
12314
11792
12426
12772
12341
12521
12632
12408
12143
12457
12420
12269
11804
11899
12092
11974
11861
12710
12510
12768
11963
13013
12220
12537
12553
12934
12794
12868
12778
13259
12602
12699
12698
12066
12843
12562
12660
12323
12754
12060
13635
12588
12336
12624
12648
13053
12717
12738
12921
12493
12343
12969
13245
12636
12197
12609
12568
12706
13721
13076
12341
12430
12906
13021
13367
12337
12765
13553
13716
12219
13435
13000
13563
13204
13205
13245
14014
13062
13626
12845
13300
13217
13088
13150
12998
14303
13204
12971
13414
13440
13605
13510
13261
13359
13647
13530
13051
13775
13680
13348
14266
13391
13376
13711
12809
13041
13353
13640
13520
13634
13698
14000
14232
14202
13186
14042
13288
13158
14138
13540
14126
13805
14258
14179
13499
14059
14190
13627
13941
14556
14117
13814
13734
14274
13826
14227
14150
14116
13810
14089
14352
13702
14949
13868
14240
13730
13804
14384
14754
14081
14585
14860
14029
14736
14411
13755
14605
14365
14129
14277
15119
14555
14093
14425
14936
15192
14237
15129
14692
15339
14096
14854
14825
15137
14909
15178
14743
14192
14402
14300
14526
15297
15306
14267
15195
14969
15179
15687
15277
14974
14969
15006
14887
15460
14619
15413
15162
15300
14021
14791
15017
15419
15240
15017
15731
15378
15264
15274
15317
15247
14510
15581
15338
15922
15102
15820
15113
15268
15533
15001
15637
15387
15389
15902
15287
15537
14937
16661
15494
15104
15620
16094
15913
15620
15467
15521
15690
15611
15812
14767
15690
14674
15772
15453
15812
16426
15666
16696
16062
16553
15514
16064
16857
15724
15570
16153
16476
16309
16237
16715
16290
15909
16900
15932
15726
16038
16038
15952
16850
15984
16228
15922
16072
16224
15989
16366
17018
17606
16084
17307
15822
16125
16847
16484
17338
17106
16566
17168
16741
16857
17330
16980
17125
17364
17341
16924
17382
16677
16827
17817
16119
17324
17382
17275
17714
17487
17444
16562
16861
17394
16843
17846
17016
17546
17718
17147
17288
16885
17304
17452
17568
17423
17696
17277
17169
17813
17448
18206
17907
17676
18125
17260
18297
17442
18198
17518
17549
18278
18765
18226
17274
17450
17871
17737
17812
17636
17688
18215
17625
18874
17812
19194
18212
17853
18181
17380
17801
17796
18511
17874
19471
18565
18688
18587
18962
18834
18879
18886
18526
17818
18328
18952
18658
18938
19060
19210
18705
18744
19406
19385
18854
18918
18377
19141
18680
19134
18689
19243
18585
19100
19459
19596
19437
19318
19438
19389
19588
18844
19484
19229
19857
19192
18580
19938
19784
19789
19418
19196
19614
19749
19814
19960
19002
19817
19945
19776
20638
20044
20118
19752
19928
20026
20943
19692
20382
19638
20273
20029
19949
20114
20354
20762
20500
19923
21085
20741
19883
20887
20666
20430
20790
21037
20699
21052
20916
21028
21512
20933
20918
21092
20965
20808
21458
21760
21253
21184
21525
21024
22352
21481
21601
21098
22082
21707
22277
21413
21753
21627
22722
22154
21838
22365
22016
21340
21914
22552
21490
22943
21636
21435
21935
22731
23390
22565
22615
21899
22500
22442
22698
21876
22303
22761
22596
22295
22360
22611
22234
22226
22278
22948
23081
22837
22570
23112
23142
23773
22660
23817
22492
23680
23080
23300
23370
23168
23745
22521
23510
22539
23498
23456
23592
23498
23734
24082
24069
23540
23398
23234
23614
23707
23915
23512
23504
23465
24287
24941
23535
23899
23560
24051
23488
24990
24641
24234
23946
24264
25322
24346
24287
24565
23969
24610
24246
24044
24613
23640
24848
24453
24816
25124
25220
24769
25049
24974
25360
24698
24871
24852
24797
24632
24820
24469
24925
25277
24738
24779
25045
25588
25462
26036
25909
24892
25579
25224
25817
25158
24971
25476
25715
24929
25856
25410
25206
25886
25597
25728
25308
26733
26590
26596
26939
25741
26115
25974
26072
25924
26264
25924
26525
26803
26510
25592
25060
26034
26746
26268
25690
26881
26801
26906
26548
26478
26234
26528
26958
27000
27200
27254
26839
27530
27156
26856
26580
27142
27006
27533
27306
27511
27227
27266
26199
27616
26756
26793
26640
27296
26739
26783
27171
27370
27909
27819
27546
27385
27796
26633
26818
27689
27425
27321
28130
26964
28502
26948
27224
27615
28752
27145
27444
27277
28160
28117
28036
28032
28277
27501
28418
28225
28122
27800
28293
28064
29117
27988
28781
28554
27744
28501
28090
27638
28698
28254
29224
28064
28550
28189
27812
28644
28399
28189
29330
28885
28817
28737
29379
28308
28747
28004
28106
28036
28448
29129
28093
28155
28160
29201
28772
27762
29160
28554
29314
27840
28730
28950
29062
28266
28520
28524
28552
28704
27867
28502
29064
29075
28517
29085
28965
29198
29019
29184
28856
29153
29776
29361
29741
28711
29017
30548
28997
29503
30008
28032
29134
28944
28928
29468
28777
29468
28975
28155
27835
28245
27741
28230
29824
29581
29451
30046
29562
29796
29893
28852
28900
29712
29242
30110
29300
30877
30036
30128
28482
30093
29824
29720
30249
29520
29641
30246
30082
29952
29729
29830
29952
29677
30534
30212
29456
29455
30582
30310
29348
29378
29789
29677
30849
30593
31278
30446
29952
30208
28986
30548
30155
29718
29149
29956
29461
30141
29265
29646
29733
29364
29437
30139
30644
29760
30358
29445
30249
30187
30069
30046
30676
30395
30561
31005
30841
30212
30794
30865
30101
30484
31053
30274
30813
30439
30131
29688
30112
29952
30304
30244
30266
30299
30444
30036
30052
30320
30036
30584
31160
30637
30512
30598
30862
30151
30724
30455
31076
31392
30345
30369
30670
30692
31147
30573
30239
31242
30674
31113
30523
30301
31700
31348
30756
30926
31169
30758
31037
30546
31348
31000
30325
30514
31342
31018
31620
30939
31083
31204
30906
30756
31000
30955
30637
30820
30940
30247
31051
31534
30608
31403
30993
31311
31440
31626
31568
31178
32507
31277
31501
31426
30941
32188
31598
32160
30961
31348
30898
31320
32768
32408
31865
31573
31530
32165
32000
30987
31515
30852
31352
30568
30720
30725
31088
31464
31900
31718
31470
32129
32151
31695
31930
31711
31908
32221
31880
32092
32128
32242
32769
32539
31732
31658
32196
32288
32186
32358
32620
31590
31745
32097
31115
32093
31318
31938
31545
32621
32362
32157
32550
32522
32344
32168
32660
32625
32060
32685
33469
33168
32920
32712
32556
33436
32634
32985
33413
32682
32576
32477
33485
33058
33304
33126
34115
32952
33216
33168
33359
33254
32695
33805
33252
33133
32885
34009
33992
33778
33906
33570
33653
33685
33642
33160
33979
34197
33934
34317
34820
34071
33920
33876
34318
34381
33568
34413
34180
34010
34087
35140
34922
35908
34411
34685
34011
34332
35028
35088
34884
35245
34518
35148
35677
34457
35012
35625
35613
35820
35795
37428
36298
35549
35819
35628
35936
35968
35477
36107
36105
36344
35749
36391
36453
36042
35517
36625
36209
35740
36040
36148
37416
36318
36453
37216
37785
36422
36961
36320
37381
37156
37279
37365
37764
38042
37905
37958
38393
37764
37435
37985
37536
37213
38752
38127
37561
38308
38133
38144
37684
37546
37689
38838
38730
38956
38749
38666
38070
38744
38772
38958
39157
39620
38597
38774
39901
39764
39620
39050
39021
39290
40058
39104
40118
40192
39581
40034
41129
40424
40415
41055
41050
40263
41232
41032
40923
40599
40171
40441
40964
40084
41014
40857
41080
41776
40912
41124
40710
41524
41509
42084
41390
42272
41940
41574
42752
41936
42482
42142
41818
42203
42592
41717
43544
41848
42569
42916
42605
42475
42747
42892
43848
43190
42478
43141
43476
43706
42653
43966
43789
44235
43266
43289
43732
44509
44004
43961
45020
43766
43736
44084
44921
44596
44681
44518
44196
44213
45837
44991
44509
44117
45532
45624
45333
45461
45136
46076
44922
45465
45978
45688
46080
46155
45770
45668
46085
46876
46422
47029
45344
46038
45960
46694
46157
47399
46534
46970
46422
48530
46733
45522
46060
46347
46968
45945
46575
46520
46548
46656
47213
46720
47563
47853
47588
47060
47500
47252
46884
47333
46726
47956
47085
47755
47764
47546
46912
47723
47444
47232
47492
47768
47752
47736
47717
48661
48122
48568
49370
48705
49196
48842
48840
48621
48852
49032
50052
49156
48974
48708
49280
49149
50244
49178
49142
49524
49173
49818
49596
49645
49729
49364
50410
49732
50180
50344
50201
50584
50369
49261
50773
50907
49864
49572
49876
50410
50138
49844
50094
49824
50466
50432
50092
50120
50546
50812
51131
51012
50940
50658
50485
49856
50093
50764
50432
49588
50204
49412
50221
49366
49737
50272
50372
51025
50724
50960
50152
50564
50244
51071
51088
49892
50148
50612
49956
51500
50896
51416
51704
51290
50697
50701
50570
50856
50888
51637
51181
50370
52087
51808
52148
51156
51549
51557
52033
51568
51055
52205
51558
51173
50528
52432
51328
51786
52004
51393
51616
51116
51883
50856
51154
51560
52612
51373
51081
51361
52040
51380
52152
51285
51840
51220
51354
52697
51830
52573
52180
51712
52218
51560
52574
52852
51497
52685
52001
52514
51077
51340
52062
51758
51492
51492
50808
51996
51956
51873
51373
51600
52168
51181
51058
51092
51278
51396
52452
51813
51848
51590
51372
51380
52013
51338
51480
51264
50861
51505
51573
51430
51368
50996
50794
51077
51644
50490
50932
49241
49962
50330
49895
50794
49588
49930
49996
50396
51522
50809
51157
51284
51630
51405
51771
51387
50448
50573
51002
51256
51661
51012
50549
50536
50564
50602
51555
51996
51071
51172
50602
50040
50837
50026
50397
50106
50369
50401
49892
50054
49646
50362
49932
50795
49696
50454
51144
50192
49290
50432
50240
50434
49508
49819
50500
49768
49629
49266
49929
48365
50210
49901
49524
49768
48852
49462
48939
49339
49488
48941
48221
49080
49252
48507
48776
48038
48442
48912
49102
47705
47706
48893
47895
47673
47586
47738
47340
48162
48192
47035
48845
47370
47782
47747
48095
47754
46634
46990
47268
47132
46006
47369
47765
46923
47006
47080
46074
45588
46433
47364
46116
46692
45676
46107
46266
45760
45741
45833
46176
44854
45733
46256
44810
45290
44890
44462
44871
45176
44196
45068
45240
45492
44771
44738
44724
44472
43911
43578
43810
43469
42941
43046
43671
42900
43693
43113
43162
43960
44288
43316
42616
43088
42264
42970
42554
42216
42057
42262
42629
42418
42726
42393
41578
41050
41626
41565
40863
41829
41248
40213
40792
39888
40943
40654
40071
40438
39933
40349
40576
40805
39712
39361
39755
40665
39888
38529
39489
38842
38924
39440
38736
38888
38373
38188
38241
38700
37678
38436
38148
37434
38469
38184
37291
37194
36996
37133
37048
37279
36357
36187
36449
36352
36660
36920
36186
36112
35221
35870
35662
34612
35682
35686
35400
35564
34920
36041
34596
34858
34634
34064
33400
33732
34070
33684
33830
34187
32794
33372
33709
34126
32602
33370
33514
32861
32692
32425
32932
31104
32097
31961
30626
31195
30452
31250
31558
31290
30922
31078
31126
30497
31124
30608
31073
31194
29761
30228
29565
28638
27780
28173
28246
28248
27831
28861
28033
28356
29449
28381
28417
29108
28536
28290
28487
27403
27091
27172
27860
26977
27014
27236
26954
27314
26870
26813
26245
26742
26146
25394
25502
26058
25732
25716
25734
25718
25025
25723
24964
24968
24522
24341
23314
25055
23611
24402
24106
23098
23286
23972
23266
23104
22682
23224
22372
22597
23116
22299
21802
23388
22666
21938
21944
22648
21954
21850
21140
21051
21015
21524
21027
20397
21364
20900
20718
20200
20333
21236
19989
20244
19389
20082
19417
20244
19755
19398
19050
19270
18980
18483
18724
18885
18955
19142
18607
18955
17604
17664
17705
17802
18447
18708
18027
18538
16821
16572
17156
16755
16768
17492
16789
17196
17093
16931
16897
16350
16548
17283
16076
15885
16768
16204
15271
16545
15585
15688
15472
15894
15841
15506
14844
14827
15445
15616
14822
14686
15489
15002
15150
15144
14587
14731
14260
14023
13696
14004
15094
14182
14700
13656
13723
14121
13156
13665
13758
13440
13577
13371
13802
13182
13952
13440
13085
13890
12421
13061
12938
12364
12815
12733
12165
12924
12196
12576
12368
13316
13414
12028
11924
11922
12833
12378
12029
11511
12304
11834
11163
11358
11771
12570
12236
11759
11654
11750
11949
11252
11932
11484
11672
11047
11401
10915
11496
10892
11090
11533
10597
11779
11326
11406
10341
11793
10878
11508
10086
10132
11410
11551
10521
11098
10036
11052
10694
11678
10986
11176
10549
11178
10376
9931
10595
10587
10260
9399
10526
10981
10536
10410
10243
10270
10048
10323
11158
9255
10377
10230
10362
9120
9836
9767
10210
9542
9764
9741
10017
9684
10167
9941
10394
9945
9882
