7901
7894
7315
7844
7181
9041
6996
7727
7754
7017
7598
6812
7309
7166
6778
8166
7998
7146
7811
7905
6761
7391
6795
7555
7737
7379
7890
7193
7097
7600
7444
6884
6853
7113
7103
7513
6805
7716
7177
7948
7408
7098
7347
7521
7718
6811
8034
7093
8144
7812
8614
8064
8063
7113
7318
7310
7113
6784
7323
7572
7050
7169
7843
7944
7176
7107
7314
6852
8086
7788
7403
6819
7205
7652
7599
7673
7231
7501
7402
7037
8005
7508
7636
7328
7706
7833
7516
6836
8127
7309
7528
8050
7901
7492
7095
7780
7331
8348
8372
7387
7799
7258
7903
7057
7857
7979
7042
7985
7026
7165
7844
7280
8163
7696
7433
7211
7313
8170
8055
7941
7726
7327
7155
7918
7779
8052
8348
7899
6746
7776
7225
7074
7964
7441
7624
7373
8094
8154
7812
7365
7786
7663
7189
7512
8178
7566
7573
7746
7414
7580
8137
7415
7983
7615
7020
7671
7949
8192
8077
7772
8759
7486
7507
7486
7285
7789
7910
7393
8036
6954
7740
7678
7793
7084
7546
7081
7776
8057
8141
7939
7726
8451
8125
7556
7795
8420
7734
7486
8519
8171
8145
7592
8287
7833
7445
7857
7566
7890
7931
8179
7035
7253
8186
7448
7530
7617
7946
7680
8094
8022
7816
7776
8286
7837
7224
7143
7961
7702
8073
8012
8345
7907
7990
7610
8373
8184
7771
7659
7504
8251
7195
7451
8208
8104
7237
7794
7656
7810
7851
7840
8197
7938
7379
7924
7979
7736
7708
7909
7576
8469
7326
8138
7885
8197
7867
7843
7302
7579
8487
7411
7590
8314
7596
8137
7260
8145
7517
7653
7825
8717
8332
8133
8310
8056
7234
7946
8377
7392
7322
8251
7852
7610
8219
7273
8083
7465
7970
8427
8200
8089
7727
7614
7972
8109
8559
7603
7864
7873
7443
7954
8089
8220
7150
7765
7509
7738
7580
7958
8012
8084
7893
8843
8529
8050
7624
8139
8358
7966
8436
7536
8726
7188
8093
8015
7694
7785
8538
8105
8056
8307
8119
7541
7310
7736
7567
8436
8115
7912
7845
7764
8455
8068
8201
7288
7752
7976
8104
8155
8133
8350
8023
8216
8097
7674
8444
7830
7865
8587
7551
8436
7454
8045
8349
6937
8017
7666
7867
7486
8134
8040
7488
7402
8244
8039
7567
7638
7780
7514
7571
7883
7173
8459
7225
8046
7853
7786
8210
7302
8202
7777
7923
8504
7328
8049
8367
7776
7881
7674
7885
7742
8201
8393
7665
8111
8196
8070
8052
8628
7835
8122
8636
8020
8394
8527
7752
8388
8145
8071
8181
8246
8108
8323
8250
8229
8067
7646
8024
7191
7722
8098
7373
8083
8029
7867
7831
7988
8352
8123
7850
7957
7864
8184
7692
7412
8069
8362
7951
8160
7903
8314
7813
7932
8069
8313
7785
8882
7752
7505
8643
7732
7540
7876
8086
8288
7984
8720
7869
8460
7546
8188
8365
8528
7619
8323
8695
8350
8381
7483
8491
7290
7793
7432
8199
8491
8429
7599
8726
7979
7896
8317
7929
7863
7548
7522
8002
8326
9203
8583
7910
7582
8341
8255
7812
8038
8346
7942
8367
7690
7839
7598
8035
8201
8495
8748
8027
8417
8735
8324
7213
7844
8751
8280
8125
7741
7604
8543
8131
8397
8280
8393
8403
7951
8271
8336
8129
8505
7871
8768
7796
8644
8029
8564
8361
8299
8474
7656
8701
7626
7428
8201
8403
9198
8261
8402
8586
8081
8600
8056
8256
8836
7695
7842
8512
8602
8297
8628
8503
7490
8502
7910
7806
7809
7974
7834
7545
8533
8566
8254
7575
8606
8337
8223
8428
7537
7327
8345
8247
8924
8434
8202
8085
8380
7939
7561
7447
7712
8383
7860
7898
7814
7748
7719
8028
8704
8249
8452
7666
8132
8270
8028
7659
8083
8428
8232
8013
8441
7807
8487
7782
8395
7814
8308
8811
8076
7784
8118
7498
8487
8568
8549
8244
8044
8410
8448
9017
7232
8071
8314
8281
8821
7780
8395
7678
8725
8864
8895
8884
7990
8102
7887
8568
7700
7766
8175
8266
7517
8528
8430
8098
8402
8409
8118
8428
8429
8402
8025
7982
8390
8309
7824
8482
8249
8197
8682
8562
7932
8265
8148
7969
9293
8166
7859
7646
7960
7757
8221
8427
7533
8229
8597
8517
7928
8489
8397
8193
8307
8101
8559
8506
8098
8591
9051
7842
7490
7966
7798
8408
8413
7949
8502
7380
7931
8029
8542
8376
8145
7674
8372
8275
8757
8411
8437
8720
8524
9148
7822
8133
7779
8836
7454
8733
8460
8526
7956
8282
8201
8400
8454
8394
8730
8368
8419
7604
8424
8182
8320
8162
7434
8068
8188
8900
8271
8427
8398
8074
7915
8406
8381
8600
9044
8539
7856
8247
8352
7872
8603
8151
8537
8033
8431
8045
8402
7965
8145
8266
8300
8468
8084
8700
8474
8204
8834
8699
8915
8473
8941
8109
8106
7713
8602
8133
8661
8036
8765
8079
8249
8187
8078
8358
7477
8657
8430
7836
8452
8347
8786
8192
8229
8305
9050
7752
8111
8583
8473
8306
8589
8238
8082
8108
8515
8417
8963
8041
8280
8070
8426
8903
8146
8307
8688
7924
7884
9162
8147
8206
7691
8948
8490
7937
7670
8132
8601
8441
7909
8011
8238
8890
8406
9017
9434
8027
8062
8082
8286
7653
8870
8796
8335
8806
8004
8904
8646
8687
7872
8223
8685
8785
9010
8262
7835
7705
7916
8224
8296
7706
8531
8369
8174
8465
8120
8857
9048
7898
8320
8046
8947
7890
8069
8324
7711
7960
8818
8499
8625
7880
7362
8268
8546
8290
7992
8955
8667
8472
7854
8230
9238
8436
7565
8974
7892
8938
7830
8640
8140
8560
8067
8306
7951
8052
8418
8740
8113
8521
8859
8376
8886
8325
8250
8632
8102
8216
7346
8542
8386
8200
8409
7583
7994
8687
7661
8283
8692
8461
8588
8980
7932
8901
7696
8335
7988
8036
7604
8460
8475
8705
8505
8315
8189
8411
8089
8077
8616
8553
8594
9132
8884
7846
8354
7640
9211
8174
8004
8253
8853
8896
8705
8292
7747
8433
8214
8127
8292
8114
8326
8658
7820
7988
8177
8502
8523
8009
8119
8435
8313
8913
7898
7940
7738
7802
7778
8066
8842
8164
8509
9223
8028
8021
7785
8415
8584
8274
8794
8038
8898
7559
8557
8302
7929
9181
8652
8578
8492
8313
8854
8501
7910
8000
8510
8303
7851
8883
8592
8481
8141
7949
8537
8162
8197
7753
8443
8523
8051
9397
7829
8292
8377
8785
8138
8370
8650
8415
8705
8134
8415
8746
8749
8862
9030
8328
8476
8280
8771
8269
9129
8349
8040
7934
7845
7508
8939
8483
8287
7947
8197
8712
8267
8156
8517
8368
8013
8581
8132
8226
8330
8269
8433
9366
8178
8518
8190
9074
8448
8481
8792
7846
8818
8286
8807
8669
8504
8703
7768
8605
7757
8182
8172
7796
8104
8985
8678
8366
8844
8428
8932
7998
8977
8232
8055
9126
8299
8109
8453
8024
7636
8656
8483
9027
9220
8706
8504
8540
8199
9337
8859
8294
8571
8342
8661
8187
8858
8267
8164
8432
8774
8024
8629
8280
8945
8383
8794
8078
8406
8586
9117
8594
8272
8936
8950
7986
8762
8683
8141
8556
8411
8856
7577
8953
8071
9109
8267
8573
8826
7426
8602
8389
8754
8585
8434
8432
8230
8874
8119
8603
8420
8495
7947
8930
8417
8007
9041
8378
8721
8990
8608
9179
8207
8647
7968
8116
9298
9061
8483
8377
7985
8266
8320
8180
7993
8608
8689
8463
8442
8202
9094
8404
9153
7956
8449
8402
8887
8275
8320
8745
8728
8631
9329
8868
8053
8570
8841
8830
8413
8655
8128
7770
8407
8688
8345
8183
8075
8588
8814
8202
8515
8453
8610
8761
8416
8349
8215
8826
8925
8313
8621
9205
8400
8972
8431
8727
8235
8740
8036
8702
8916
8253
8519
8868
8887
8448
7750
7946
8876
8227
7703
8518
8501
9066
9549
8484
8794
7922
8448
9417
9123
8693
8668
8746
8362
8715
8924
8247
7913
8343
8504
8120
8692
8048
8811
8986
8410
7891
8138
8606
8541
8394
8685
8149
9120
7817
8389
8930
8127
8443
8730
8713
9105
8369
9351
8485
8642
8850
7947
8821
9001
9188
8592
9308
8076
9268
8747
8828
9080
8497
8232
8445
8763
8817
9181
8566
8133
8503
9010
8789
8277
8635
9188
8792
9076
8778
8673
8508
8601
8776
8279
8763
8320
9397
8581
9003
8585
8964
9061
8295
8873
9386
8833
9249
9303
9246
7920
9237
9473
9054
8379
9616
8887
8904
8450
8501
8585
8173
8772
9202
8283
9050
9097
8672
8858
8684
9032
8364
9047
8516
9190
9027
8783
8925
8241
9372
8851
8633
9403
8608
9018
9264
8717
8869
8689
8214
9291
8240
9124
8473
9522
9796
8286
8495
8653
9078
8962
9058
9128
8468
8647
8747
9290
8603
8758
8430
8843
8410
8773
8946
8900
8966
8461
9280
8841
8933
8677
9185
8975
9208
8867
8803
9081
9361
8576
8440
8454
8424
9686
8860
9124
7945
8359
8712
9531
9017
8982
8808
8670
7878
8254
8932
9259
9323
8808
9092
9102
8348
9030
8932
9207
8643
8924
9041
8901
8986
9073
8433
8404
8420
9421
8664
8857
8827
9206
9273
8901
9430
9270
8591
9138
9183
9736
9557
9117
9080
9008
8678
8841
8704
8934
9026
9557
9834
8855
9162
8667
9835
9025
8858
9360
9615
8547
9371
8605
9119
8528
9275
8480
9647
9231
9090
8646
9400
8790
8950
9112
8771
9483
9080
8802
8530
9530
9769
9043
9282
8762
8836
9341
8757
8894
9044
9786
9251
9789
9318
8842
10067
9497
9217
8982
9589
9168
9221
8868
9244
9393
8867
9158
8578
8789
9052
9056
9417
9558
9234
9001
9191
8743
9253
9466
9346
9459
9636
9051
9661
9019
8708
9183
9588
9473
9254
8550
10040
8928
9650
8869
8553
9419
8751
8941
8931
9355
9439
9212
9365
9692
9430
9643
9215
8905
9592
9458
10060
9506
9372
9252
9447
9672
9110
9084
9344
9322
9076
9484
9458
9257
9150
9390
9871
9366
9514
8840
8378
8768
9126
9127
8530
9261
9404
9242
9706
9040
9189
9728
9532
10105
9348
10039
9406
9519
9506
9266
9970
9392
9123
9045
9753
9248
8950
9842
9793
9522
9776
9096
9532
8635
9851
9274
9248
9546
9234
9758
9465
9607
9870
9560
9530
9691
9664
9243
9510
9789
9636
9094
9245
9056
9132
9078
9701
9496
10237
8770
9961
9464
9620
9787
9579
9598
9987
9576
10251
9540
9578
9505
9053
9752
9725
9457
9392
9506
8898
10492
9515
9034
9627
9629
9826
9553
9865
9596
9611
9234
9778
9994
9058
9153
9613
9572
9491
10311
9720
9139
9072
9282
9829
9813
9013
9332
10060
10410
8918
9993
9528
10168
10085
9766
9892
10170
9551
10149
9383
9684
9725
9593
9514
9262
10863
9769
9511
9745
9723
10237
9805
9755
9817
10074
9770
9308
9996
9879
9891
10394
9624
9678
9786
9267
9445
9559
9927
9892
9703
9879
10095
10599
10341
9441
10058
9588
9409
10132
9867
10310
9925
10235
10230
9456
9794
9997
9477
9863
10198
9910
9890
9701
10049
9681
10172
10141
9836
9701
10048
10171
9688
10814
9644
9873
9638
9706
10294
10636
9831
10452
10599
9612
10686
10106
9803
10235
10345
10038
9913
10787
10253
9620
10318
10635
10929
9890
10455
10305
10929
9472
10142
10574
10425
10490
10676
10521
9929
9693
10037
9830
10583
10413
9528
10496
10188
10493
11158
10308
10376
10385
10256
10079
10537
10209
10413
10381
10135
9224
9786
10429
10459
10373
9912
10902
10506
10132
10373
10369
10101
9453
10240
10601
10628
10418
10856
10204
10223
10583
10042
10444
10330
10336
10863
10187
10468
9960
11544
10090
9994
10260
10925
10901
10535
10297
10564
10424
10406
10551
9819
10349
9512
10554
9920
10462
10928
10320
11020
10443
11028
10104
10730
11171
10474
10037
10657
10994
10832
10789
10834
10770
10375
11365
10175
10032
10171
10552
10242
10860
10456
10337
10496
10474
10734
10350
10632
11348
11259
10078
11136
10056
10220
10679
10407
11122
11314
10726
11142
10949
10593
11058
10768
10838
11297
11101
10560
11116
10522
10747
11366
9980
11153
10975
11231
11648
11403
11222
10268
10354
11165
10919
11689
10883
11152
11141
10778
10781
10630
11172
11036
11007
10897
11350
10672
10408
11053
10948
11693
11134
10920
11324
10465
11658
10272
11628
11109
10637
11645
11654
11408
10175
10781
11371
10906
11178
10602
10749
11292
10649
11821
10851
12125
11133
10899
11538
10246
10863
10914
11362
10699
12029
11464
11586
11440
11521
11775
11332
11467
11594
10669
10903
11632
11334
11420
11220
11403
11219
10972
11620
11834
11196
11385
11071
11336
10985
11434
11077
11305
10954
11498
11572
11707
11723
11302
11670
11492
11469
10858
11579
11122
11645
11026
10756
11938
12087
11671
11049
11364
11525
11734
11773
11366
10974
11801
11586
11452
12053
11754
11883
11510
11686
11593
12440
11347
12138
11124
11888
11499
11162
11495
11612
12304
11643
11534
12308
12069
11274
12425
11836
11677
11957
12180
12015
11969
11820
12048
12207
11643
12040
12179
11642
11776
12078
12588
11958
12077
12193
11830
12665
12297
12389
11579
12764
12511
13145
11938
12279
12294
13003
12509
12170
12595
12243
11564
12097
12813
11840
12982
11763
12045
12133
12832
13706
12372
12731
11954
12383
12729
12398
11673
12433
12683
12435
12255
12052
12410
11989
12245
12293
12774
12735
12445
12368
12736
12719
13562
12476
12900
12017
13184
12903
12706
12835
12453
12987
11957
12820
12109
12837
13006
13050
12411
12778
13347
12965
12629
12645
12785
12214
13073
13075
12244
12656
12508
12792
13669
12715
12826
12398
12950
12192
13719
13442
12924
12706
12872
14328
12768
13276
13005
12665
13058
12804
12666
13126
12466
13351
13182
13242
13596
13402
13301
13496
13214
13396
13021
13303
13534
12985
13038
13356
12557
13314
13577
13151
12668
13002
13945
13443
13811
13891
12810
13839
12998
13780
13454
13237
13237
13933
13182
13332
13094
12982
13538
13553
13273
12887
14257
14164
14254
14415
13099
13294
13941
13666
13580
13800
13548
14115
13997
14195
13467
12865
13824
14289
13895
13683
14212
14196
14029
13680
13830
13726
13709
14333
14281
14505
14773
14236
14466
14566
13931
13844
14350
13803
14250
14418
14543
14231
14442
13609
13889
13377
13637
13834
14341
14229
13308
14111
14118
14628
14751
14534
14083
15026
13403
13832
14475
14137
14154
14809
13655
15300
13804
13677
14202
14982
14125
14375
14141
14743
14388
14733
15117
15118
14442
14964
14310
14703
14271
15011
14799
15533
14825
15220
15033
14850
15387
14848
14260
14854
14645
15341
14607
14912
14980
14746
14871
14994
14829
15542
15460
14955
15233
15753
15074
15174
14685
14642
15022
15038
15776
14880
14455
14925
15411
15100
14692
15335
14797
15712
14536
15400
15413
15536
15128
15316
15146
15350
15592
14518
15188
15266
15502
14771
15224
15609
15494
14737
15351
15437
15707
15417
15657
15596
14921
15495
16685
14988
15961
16432
14674
15401
15698
15414
16056
15170
15824
15816
15119
14718
15680
14433
15320
16164
16187
16019
16427
15964
15883
15878
15469
15295
15776
15933
16537
15691
16896
16748
16460
15234
16379
16246
15916
16776
16266
16364
16546
16733
16141
16136
16692
16641
16397
17274
16763
16069
16071
16684
16560
16229
16313
16493
16335
17458
17125
17432
17165
16311
17069
15701
17403
17120
17109
16293
16956
16628
17870
16519
16836
16821
16896
16429
17012
17098
16344
16669
16350
17244
17163
16776
17062
17286
17566
17545
18242
17726
17016
17511
17740
17032
17500
17920
17546
17866
17905
17035
16673
17228
17119
17786
17517
17524
18192
18123
17440
17600
17658
17910
17720
18612
17904
17869
17655
18252
18016
18142
18180
18588
18667
18229
18172
18379
18156
18616
18204
17788
18916
18480
18676
18324
18644
19017
18755
18839
18560
18462
18484
18901
19017
19517
18932
18315
18440
18692
19090
19556
18917
18749
19761
19236
19064
19327
19143
19012
19578
19348
18411
19570
19809
19012
19590
19714
19645
20155
19613
19951
19745
21057
19928
19957
20178
20043
20785
20377
20665
19888
20399
19968
20125
21570
21304
20934
21010
20603
20727
21066
20374
20893
20603
20811
20167
20232
20277
20794
20984
21179
21223
20548
21644
22036
21485
21438
21090
21404
21722
21186
21306
21689
21466
22704
22186
21529
21359
21801
22058
22021
22521
22682
21740
22132
22331
21741
22701
21624
22492
21741
22756
22889
22632
23238
23389
22400
22918
23051
23207
23117
23158
24008
23853
23616
23723
23444
23877
24102
23609
24454
23191
23744
23472
24306
24125
23890
23964
24630
24104
24710
24400
24904
24287
24171
25076
24593
24362
25172
25430
25925
25332
25572
25046
25045
25490
25380
25130
25412
25856
25771
26953
26763
25640
25793
25864
26648
26485
26148
26440
26603
26100
26745
27648
27401
27545
27194
27324
26880
27177
27798
28202
27373
28237
27884
27769
28457
27716
28199
28580
28577
28844
28821
29761
29549
28708
29102
28928
29385
29221
29295
29328
29707
29828
29206
29771
30285
29466
29602
30332
29923
29541
30459
30381
31362
30189
30475
31402
31613
31037
31300
30805
31930
31758
31789
32595
32036
32203
32773
32384
33024
32700
32693
32735
33000
32324
33284
33024
32396
33062
33253
33526
32308
33024
33130
33764
34263
34233
34094
33440
34381
34692
34539
35015
35032
35019
34206
34733
35033
35484
35688
35814
35092
35654
35914
35204
35557
36325
35752
36789
37265
36694
36773
37880
37655
36597
37934
38144
37821
37437
36708
38100
37650
37094
38105
37888
38264
38969
38797
38160
38893
38888
38918
39282
39382
39624
39373
39105
40622
39489
40507
39834
40132
39864
40500
40155
41275
40064
41061
40856
41118
40994
41282
41020
42002
41538
41140
41610
41778
42564
42075
42378
42748
42573
41933
42557
43240
42660
43092
42854
43370
43012
43126
43373
44052
43483
44560
43568
44124
43552
45600
44827
44544
44240
45240
45268
44855
44981
44589
45965
45204
45045
45668
45459
45888
46226
46009
46150
46280
47364
46842
47140
45958
46173
46520
46660
46630
48029
47652
47766
47011
49290
47593
46676
47050
47178
47744
47107
47268
47218
47945
47828
48293
47851
48570
49186
49339
48676
48428
48653
48602
49280
48344
49258
48804
49316
50304
48952
48086
48422
48820
49060
49750
50012
48829
49548
49682
50132
50031
50986
51845
51002
51668
50862
51112
51020
50989
51148
52389
52261
51227
51204
51732
51876
52672
51588
52044
52352
52272
52592
52002
51840
52600
52780
52854
52594
53096
53610
52868
53105
53600
52164
53718
53805
53064
53691
53453
54282
53144
53284
53482
53632
54260
54228
54466
54141
54970
54201
54747
55032
54676
54484
53915
54586
54063
54790
53820
53336
53949
53524
54224
53149
53844
53818
54853
55189
54874
55176
54634
55255
55381
55072
55318
54478
54356
54708
54751
55311
55284
55920
56328
55338
56186
55296
55268
56104
55388
56091
56016
55467
56713
56090
56504
55460
56418
56423
56768
56480
55680
56576
55875
56189
56056
56950
56789
57372
56859
56402
55813
56300
57175
55496
56404
56898
56885
56284
56582
55776
56832
56626
56621
57018
57114
57030
57306
57259
56858
58251
57508
57127
57341
57072
57840
57888
57057
58039
57106
57272
56348
57453
56836
56554
56790
56394
55936
57243
57291
57061
56504
56842
57416
56034
56459
57162
56344
56891
57572
57305
56821
57047
56170
56740
58201
57412
56845
56721
55857
57211
56742
56685
56548
56157
56448
56394
56808
56121
56496
54712
55606
55668
55720
56824
54788
55722
55424
55705
57792
55796
56690
56622
57387
56964
57299
57143
56508
56644
57192
56290
56682
55949
56354
55919
56656
56365
56801
57562
56084
55974
55764
55682
56286
55768
55764
55820
55894
55608
56106
55817
55680
55282
55504
55956
55508
56024
56576
56090
55165
55270
55892
55899
54488
54977
55688
55064
54900
54340
55618
54010
56190
55300
54714
54916
54180
54372
54628
55348
54292
54096
53348
54272
54152
53840
53693
53179
53085
54304
54100
53389
52912
53162
53549
52580
53022
53149
52297
53145
53384
52538
53632
52693
52701
53021
52456
52409
51730
52189
51639
51642
50806
51430
52578
51963
51926
52301
50964
50772
51944
52010
51096
51100
50900
51224
51167
50618
50308
50252
50233
49842
50457
50756
50294
50010
50091
49652
50111
49593
49268
49172
49900
50141
48986
48825
49386
49447
48357
47732
47929
47984
47581
47437
47773
47542
48160
47080
48091
48213
47876
47604
46516
47844
46484
47688
46948
46042
46616
46440
47299
46794
47466
47085
46187
45426
45896
45739
45652
45625
45029
44554
45062
43965
44648
44649
44020
44804
44200
44160
44758
44164
43725
43120
44019
44599
43569
42749
43300
43334
42836
43503
42290
43268
42135
41833
41993
42296
41730
41981
41716
41353
41803
41792
40683
40754
40554
41231
41320
40350
40148
39622
40056
39713
39867
40320
39168
39454
38598
38907
39086
38218
39260
39178
39090
38262
38324
39208
38326
38648
37786
37430
36714
36932
37440
37316
36831
37092
35672
36458
36462
37082
35492
36138
36246
35510
36100
35397
35742
34116
35426
35115
33565
34486
33128
33979
34162
33909
33466
33718
34052
32836
33707
33773
33709
33743
32506
32746
31861
30765
30269
30075
30346
30502
30010
30868
30652
30706
31828
30984
30950
31198
30890
30761
30766
29201
29690
29516
30262
29305
29268
29532
29148
29590
28928
29195
28445
28372
28120
27221
27462
28332
27458
27878
27057
27178
26922
27853
26873
26653
26455
26084
25129
26840
25545
25692
25563
25334
25044
25582
25664
24860
24221
24913
24224
24716
24412
23730
23572
24832
24566
23148
23316
23770
23511
23120
22844
22155
22612
22990
21797
21560
22594
22294
22141
21359
21541
22424
21525
21394
20982
21117
20614
21191
20799
20526
20285
20356
20360
19524
20184
19813
19837
19962
19416
19973
18689
18688
18824
18341
19211
19410
19148
19476
17876
17584
18100
17542
17705
18109
17690
18181
17645
18330
17825
16789
17198
17828
16640
16281
17365
17112
15980
17194
16712
16479
16213
15957
16477
15858
15323
15223
16295
16004
15244
15002
15712
15400
15912
15706
15132
15183
14599
14514
14052
14399
15706
14490
15252
14034
14216
14052
13610
13925
14086
14082
13939
13582
14195
13857
14289
13565
13223
14328
12818
13329
13568
12837
13165
12993
12646
13258
12789
12738
12572
13572
13530
12232
12140
12214
13101
12580
12365
11832
12372
12073
11432
11754
12132
12814
12058
11960
11990
12180
12120
11220
12170
11538
11900
11336
11874
11242
11668
11350
11098
12144
11189
12023
11357
11789
10585
12139
11099
11539
10283
10476
11816
11530
10225
11226
9850
11213
10815
11698
11256
11285
10780
11030
10267
9876
10705
10764
10324
9501
10562
11193
10860
10765
10285
10333
10274
10415
11213
9413
10621
10540
10275
9213
9932
10157
10368
9520
9947
9755
10373
9515
10094
9972
10304
9994
10028
