8055
7935
7197
7784
7400
9199
7134
7551
7825
7357
7717
6920
7318
7041
6766
8401
8117
7104
8072
7781
6715
7395
6816
7501
7913
7475
8016
7323
7332
7800
7760
7074
6991
6964
7241
7594
6915
7928
7250
7971
7525
7466
7274
7490
8018
6966
8035
7058
8034
7732
8740
8294
8394
7153
7326
7074
7428
7000
7436
7763
7274
7246
7924
7990
7187
7444
7486
6992
8132
8036
7657
6720
7522
7668
7622
7681
7610
7524
7408
7120
8134
7651
7828
7542
7791
7896
7584
6710
8027
7821
7498
8035
7943
7498
7283
7985
7525
8444
8384
7374
7951
7245
8043
7261
7896
8037
7061
8303
7202
7360
7754
7279
8418
7840
7975
7471
7565
8181
8212
8119
7597
7556
7328
7943
8053
8000
8288
7579
6940
7871
7705
7139
7823
7595
7777
7583
8297
8237
7906
7397
8026
7624
7180
7730
8224
7828
7837
8118
7521
7899
8275
7583
8101
7618
7158
7712
8102
8100
8080
7805
8730
7662
7603
7702
7528
8143
7995
7497
8252
7080
7752
7889
7908
7251
7501
7172
7748
8031
8040
7723
7868
8607
8206
7772
8013
8462
7965
7371
8481
8291
8329
7833
8300
7915
7382
7962
7684
8097
7945
8375
7354
7160
8178
7752
7447
7646
8117
7945
8325
7789
7888
7860
8406
7931
7292
7164
8045
7987
8009
8021
8476
8132
8116
7557
8435
8323
7840
8228
7589
8377
7324
7615
8301
8084
7332
7707
7723
7742
7956
8126
8520
7907
7454
7764
8320
7944
8193
8232
7759
8515
7314
8450
7956
8302
7947
7888
7783
7626
8294
7439
7661
8333
7646
8168
7296
8254
7657
7768
8215
8571
8600
8233
8356
8099
7355
8276
8313
7435
7604
8347
8107
7713
8449
7372
8170
7650
8121
8538
8305
8123
8000
7653
7970
8095
8617
7862
8151
8004
7725
8067
8166
8313
7397
7764
7676
8089
7845
8023
8075
8286
7954
8893
8623
8313
7652
8217
8538
8047
8443
7785
8747
7032
8362
8292
7705
7834
8826
8190
8364
8505
8008
7597
7414
7933
7760
8457
8412
7949
7934
7869
8874
8220
8415
7375
7950
8127
8245
8396
8264
8292
8136
8362
8278
7860
8514
8012
8093
8397
7865
8382
7434
8282
8285
7162
8426
7717
7953
7584
8423
7971
7567
7689
8442
8229
7835
7827
7988
7485
7670
8022
7381
8528
7305
8100
7993
7901
8416
7496
8320
8031
7941
8561
7522
8102
8320
7815
8171
7786
8343
7885
8354
8418
7588
8196
8324
8011
8138
8595
8077
8350
8704
8053
8592
8481
7841
8659
8206
8024
8102
8293
8254
8190
8552
8202
8212
7884
8201
7093
7902
8207
7933
8383
8316
8027
8129
8216
8347
7967
8118
8053
7820
8350
8116
7372
8296
8363
8116
8508
8061
8541
7801
8194
8154
8259
8125
8895
7833
7748
8605
7850
7684
8248
8139
8514
7978
8986
8201
8522
7903
8213
8371
8479
7948
8620
8906
8273
8550
7729
8458
7532
7903
7728
8356
8762
8571
7672
8610
8069
8118
8582
8103
7933
7757
7723
8123
8342
9156
8711
8027
7889
8486
8599
7844
8402
8709
8155
8602
7730
8022
7815
8265
8177
8583
8744
7958
8507
8540
8276
7551
8069
8843
8298
8257
7968
7795
8818
8332
8472
8268
8406
8461
7970
8595
8584
7968
8782
8140
8800
7853
8979
8204
8731
8396
8317
8671
7801
8661
7716
7625
8122
8409
9348
8306
8539
8802
8253
8857
8321
8379
9238
7912
8221
8399
8812
8516
8535
8576
7453
8410
7991
8108
7894
8163
7956
7513
8628
8486
8544
7777
8448
8388
8149
8473
7786
7492
8524
8322
8953
8361
8525
8601
8395
8187
7577
7810
7865
8394
7714
8095
8246
8214
7835
8367
8970
8124
8400
7713
8158
8478
8029
8077
8029
8516
8020
8067
8608
7878
8724
7875
8517
8015
8153
8700
8170
7865
8077
7495
8401
8968
8654
8243
8269
8158
8397
9102
7157
8100
8361
8168
8623
7841
8411
7845
8780
9078
8999
9090
8198
8252
8090
8804
7702
7829
8226
8061
7636
8730
8617
8289
8432
8324
8083
8764
8540
8354
8177
8205
8522
8594
8144
8392
8139
8426
8680
8634
8150
8191
8068
8125
9492
8500
8068
7862
7985
7903
8405
8735
7612
8488
8683
8416
8024
8490
8644
8203
8416
8395
8622
8532
8292
8829
9034
8106
7802
8031
7858
8448
8614
8233
8957
7772
8071
7992
8638
8657
8097
7681
8602
8486
8810
8699
8341
8909
8589
9181
7836
8294
7857
8974
7842
8778
8900
8564
7760
8526
8588
8816
8299
8698
8837
8451
8320
7655
8509
8411
8526
7973
7411
7979
8187
8746
8297
8496
8923
8134
8153
8522
8432
8660
9147
8690
7866
8330
8508
7760
8820
8338
8795
8258
8462
8246
8509
8026
8276
8447
8296
8575
8374
8846
8466
8472
8901
8784
8922
8370
9190
8192
8385
7814
8487
8253
8699
8249
8970
8146
8456
8435
8210
8482
7569
8867
8745
7923
8632
8610
8941
8392
8364
8435
9296
8123
8168
8697
8189
8613
8824
8133
8263
8175
8506
8402
9209
7983
8121
8307
8628
8943
8079
8604
8709
7918
7989
9489
8131
8500
7893
9038
8489
7999
7737
8282
8672
8642
7903
8113
8436
8711
8343
9021
9766
7993
8251
7929
8414
7809
8934
8668
8573
8890
8202
8896
8776
8829
7908
8522
8963
8840
8878
8267
7958
7518
7949
8358
8374
7567
8592
8496
8340
8541
8231
8819
8944
8007
8489
8289
8653
8192
8174
8466
7756
8116
8954
8372
8773
7885
7685
8309
8717
8584
7994
8926
8808
8319
8190
8287
9128
8221
7610
8800
8050
9262
7872
8707
8219
8385
8198
8328
8078
8043
8321
8619
8054
8372
8794
8372
8868
8292
8501
8624
8035
8195
7452
8747
8604
8141
8524
7604
8070
8712
7849
8254
8927
8569
8952
8808
7958
8966
7846
8346
8091
8246
7557
8482
8290
8731
8510
8460
8330
8618
8130
7972
8742
8366
8635
9134
8989
7914
8202
7798
9073
8053
7963
8345
8944
9003
8665
8510
7765
8370
8092
8252
8187
8347
8361
8749
7984
8205
7977
8479
8942
8003
8138
8621
8420
9017
8131
8205
7817
7921
7974
8330
8858
8063
8380
9223
7875
7861
8086
8574
8544
8177
8875
8186
8694
7554
8396
8398
7852
8950
8806
8570
8498
8301
8680
8580
8156
7913
8649
8432
7978
8938
8415
8648
8075
8043
8269
8420
8405
7861
8596
8658
8005
9352
8235
8051
8720
9072
7981
8468
8659
8597
8868
8063
8481
8826
8691
8902
9006
8401
8616
8343
8820
8352
9013
8507
8167
8053
8064
7759
9183
8520
8430
7906
8308
8858
8233
8305
8290
8377
8153
8820
8074
8408
8246
8375
8586
9411
8437
8419
8075
9028
8386
8217
8869
7954
8826
8262
8700
8793
8485
8745
7890
8468
7892
8187
8426
7993
8075
8729
8622
8576
8930
8528
8998
7945
9128
8375
8101
9179
8425
8215
8435
8140
7818
8971
8502
8632
9066
8669
8321
8590
8225
9354
8922
8399
8647
8467
8870
8356
8905
8485
8301
8358
8428
8203
8631
8474
8843
8576
8899
8114
8299
8621
9381
8857
8301
9002
9101
8009
8811
8670
8220
8449
8227
8739
7580
8914
8038
9084
8036
8871
8617
7215
8673
8324
8747
8659
8406
8495
8676
8797
8317
8708
8240
8380
7995
9081
8571
8063
8886
8034
8810
8960
8459
9057
8256
8550
7997
8394
9298
8932
8835
8383
8012
8239
8390
8122
7995
8472
8767
8696
8336
8276
9286
8121
9220
8026
8362
8557
8824
8436
8564
8670
8594
8560
9239
8593
7821
8322
8773
9141
8529
8477
8158
7562
8405
8846
8164
8116
8183
8499
8591
8234
8373
8339
8532
8620
8306
8362
8171
8768
8792
8436
8899
9210
8314
8875
8334
8570
8318
8594
8309
8994
8866
8144
8442
8827
8643
8618
7808
8157
8990
8062
7778
8769
8159
9037
9381
8429
8654
7865
8542
9207
9243
8468
8615
8946
8199
8750
9048
8183
8129
8296
8405
8066
8700
7944
8683
8959
8448
7855
8242
8735
8580
8483
8484
8063
9198
7978
8202
8763
8108
8497
8604
8600
9340
8456
9377
8766
8533
8685
7996
8678
8818
9276
8449
9166
7936
9321
8668
9042
9041
8451
8318
8482
8721
8841
8883
8371
8069
8539
8689
8772
8326
8402
9386
8808
8806
8683
8563
8527
8674
8671
8035
8687
8192
9428
8636
8912
8545
8946
8994
8433
8774
9161
9024
8982
9398
8984
7734
8858
9389
8786
8455
9111
8760
8839
8528
8477
8367
8237
8712
9188
8164
8974
9048
8452
8572
8747
8870
8364
8814
8546
9251
8868
8728
8616
8434
9369
8887
8427
9045
8289
8953
8985
8630
8678
8560
8149
9282
8020
9134
8546
9450
9671
8408
8497
8724
9089
9004
8724
8855
8361
8381
8737
9124
8516
8714
8655
8732
8253
8850
8645
8893
9150
8194
9056
8601
8969
8678
9075
8601
8966
8485
8821
8871
9058
8490
8272
8289
8268
9217
8947
8844
7707
8084
8585
9420
8913
8862
8932
8859
7875
8150
9035
9177
9275
8326
9180
8767
8376
9053
8590
8898
8412
8811
8785
8764
8699
9019
8233
8207
8426
9040
8539
8672
8594
9199
9218
8740
9297
9355
8373
8905
8938
9522
9433
9070
8915
8668
8721
8749
8474
8862
9124
9590
9550
8995
8970
8329
9742
8693
8634
9111
9793
8546
9149
8317
9155
8517
9156
8390
9538
8820
8922
8304
9158
8466
8863
8826
8571
9199
9006
8625
8535
9598
9742
8933
9067
8541
8696
9180
8260
8634
8636
9437
9198
9668
9228
8465
9662
9342
9065
8717
9211
9157
9131
8925
8809
9344
8649
9161
8359
8889
8776
8767
9096
9290
9066
8712
9074
8433
9032
9084
9392
9446
9093
8686
9198
8800
8599
8869
9461
9472
9137
8411
9662
8795
9215
8672
8189
9181
8459
8713
8728
8951
9317
8861
9162
9352
9028
9253
8905
8746
9502
9198
9875
9196
9165
9065
9228
9455
8834
8911
8964
9164
8855
9287
9035
8900
8944
9184
9326
9045
9252
8414
8153
8439
8713
8396
8405
8856
9163
9178
9158
8892
8866
9296
9205
9683
8961
9899
9142
9274
9051
8728
9662
9187
9078
8750
9479
9010
8686
9581
9320
9172
9262
9252
9017
8273
9599
8977
9197
9106
8977
9092
8731
9245
9284
9002
9193
9151
9204
8929
9210
9573
9034
9003
8869
8676
8607
8638
9421
8926
9667
8483
9478
9274
9324
9168
9207
9334
9358
9144
9836
9274
9312
9114
8320
9281
9327
8985
8798
8975
8686
10064
8953
8777
9430
9217
9494
9282
9249
9149
8813
8563
9434
9336
8778
8591
9164
9187
8969
9959
9061
8846
8889
8996
9225
9504
8496
8907
9594
9716
8331
9425
9018
9557
9342
9703
9357
9747
9214
9680
9099
9296
9351
8947
9255
8747
10338
9216
8942
9225
9088
9442
9274
9212
9212
9726
9123
9060
9509
9485
9255
9980
9292
8970
9272
8614
9066
8912
9508
9196
9174
9309
9712
9708
9622
9011
9419
8813
8809
9767
9220
9700
9444
9898
9579
8814
9311
9293
9211
9221
9634
9420
8898
9161
9684
8975
9757
9404
9229
9285
9418
9500
9096
9861
9064
9219
8993
8858
9661
10058
9205
9679
9836
9245
10052
9333
8984
9498
9688
9384
9402
9964
9424
8835
9529
9972
10363
9224
9672
9579
10224
8887
9675
9694
9953
9692
10163
9580
8970
9079
9143
9096
10057
9969
8756
9688
9525
9799
10414
9640
9462
9526
9478
9170
10057
9472
9798
9738
9596
8504
9229
9689
9872
9657
9174
9990
9422
9556
9641
9624
9415
8826
9696
9667
10207
9411
10107
9335
9298
9883
9296
9652
9392
9487
9995
9777
9475
9186
10578
9395
9327
9472
10034
10100
9749
9484
9537
9425
9695
9496
9056
9387
8683
9618
9109
9641
10050
9309
10228
9484
10125
9174
9887
10431
9633
9281
9674
10126
9828
9773
9792
9876
9534
10338
9442
8878
9217
9585
9436
10097
9555
9469
9380
9398
9642
9192
9555
10215
10335
9214
10396
9152
9293
9955
9629
10217
10178
9713
10113
9929
9613
10057
9884
10008
10153
10241
9533
10225
9667
9829
10365
8960
10116
9857
10235
10474
10408
10386
9143
9262
10090
9944
10469
9632
10055
10362
9760
9749
9540
9715
10277
9765
9795
10257
9786
9254
9679
9819
10557
9897
9902
10457
9416
10729
9561
10444
9938
9362
10450
10532
10075
9051
9825
10126
9962
10155
9338
9651
10160
9689
10328
9642
10828
9820
9508
10116
9114
9645
9921
10152
9558
10790
9999
10121
10219
10203
10389
10204
10245
10153
9246
9770
10123
10119
10338
10035
10405
9782
9617
10427
10523
9954
10304
9609
10039
9784
10267
9765
10114
9625
10125
10207
10234
10417
9999
10217
10023
10273
9561
9997
9640
10139
9739
9438
10810
10651
10188
9770
9893
10141
10470
10550
10244
9484
10323
10455
10125
10882
10329
10466
9846
10150
10269
10919
10078
10607
9695
10221
10099
9778
9877
10133
10404
10162
9989
11122
10889
9988
10955
10323
10181
10300
10539
10324
10372
10491
10583
10846
10250
10462
10389
10068
10239
10740
11101
10457
10461
10707
10271
11223
10596
10795
10045
10967
10858
11317
10386
10759
10677
11632
10862
10661
11135
10506
10054
10491
11352
10248
11196
10271
10552
10656
11117
11852
10574
11017
10036
10825
10988
10638
10173
10660
10923
10620
10562
10521
10896
10256
10236
10546
11053
10746
10606
10422
11105
10869
11457
10488
11208
10093
11188
10900
10816
11152
10860
11099
10292
10652
10228
11054
11213
11247
10672
11191
11240
10892
10672
10445
10882
10266
11217
11054
10548
10684
10685
11194
11948
10933
11039
10652
11115
10517
11508
11261
11367
10695
10856
12392
10874
11036
11080
10333
11059
10926
10724
11252
10506
11253
10995
11532
11749
11626
11510
11692
11314
11400
11006
11159
11213
11136
10765
11220
10821
11013
11323
11275
10802
10846
11831
11394
11655
11765
10967
11623
11156
11465
11400
10868
11371
11533
10944
11321
11206
10767
11143
11471
11269
10959
12145
12117
12022
12298
11224
11395
11558
11857
11663
11834
11344
12120
11822
11946
11194
10652
11524
12226
11646
11434
12001
11892
12387
11849
11898
11187
11340
12092
11924
11850
12586
11941
11940
11972
11780
11499
11874
11302
12225
12324
12164
11973
12229
11265
11893
11403
11590
11506
12253
12015
11193
11835
12062
12225
12216
12298
11876
12425
11363
11709
12010
11675
11773
12749
11087
12818
11232
11640
12188
12697
11817
11838
11645
12454
12182
12391
12497
12623
12077
12600
12010
12339
12228
12660
12510
13247
12763
12663
12485
12274
12856
12581
11499
12339
12040
12819
12082
12653
12306
12165
13085
12457
12449
13080
13064
12747
12746
13231
12512
12709
11853
12452
12406
12453
13228
12695
12372
12562
13141
12697
12214
13215
12247
13308
12117
12756
12802
13180
12882
12958
12794
12996
13132
12047
12872
12902
12858
12520
12910
12946
13147
12571
13039
13188
13387
13120
13321
13440
12692
13145
14139
12783
13483
13967
12485
13119
13320
13211
13712
12804
13380
13205
12836
12481
13082
12557
13128
13858
13681
13716
13890
13506
13504
13975
12937
13000
13242
13146
13938
13485
14584
14285
14059
12635
14238
13746
13510
14113
13944
14020
14155
14314
13982
14125
14519
14368
13790
15253
14466
13814
13647
14657
14731
13948
13666
14120
14200
15033
15021
15146
14807
14205
14514
13719
14885
14691
14446
13809
14790
14598
15450
14117
14954
14592
14514
14340
14870
15140
14425
14381
14204
14813
14651
14998
14933
14993
15442
15348
15782
15656
14710
15447
15572
14912
15220
15898
15370
15876
15725
15219
14784
15510
14993
15636
15496
15543
16114
15980
15198
15506
15465
15658
15673
16680
15650
15640
15565
16292
15652
16284
16196
16798
16438
15764
16146
16196
16036
16118
16456
15956
17186
16418
16586
16218
16503
16786
16992
16433
16745
16716
16581
16998
16677
17124
16866
16477
16685
16948
17361
17414
17134
16717
17589
17426
17462
17078
17348
17147
17553
17481
16904
17858
18063
17188
17978
18076
18120
18287
18102
18292
17781
18982
18292
18486
18331
18119
19194
18458
19160
18084
18449
18088
18464
19834
19758
19068
19208
18748
19286
19885
18827
19351
18786
19369
18574
18830
18906
19284
19232
19528
19404
19467
20192
20456
19870
19590
19773
20045
20512
19645
20125
20291
19953
21041
21012
19882
19958
20459
20633
20489
20870
21270
20504
20955
20933
20488
21494
20333
20983
20654
21507
21638
20957
21537
21939
21263
21964
21824
22210
21760
21866
22276
22930
22767
22672
22455
22995
22475
22612
23321
22239
22394
22712
22905
22963
22683
22854
23727
23309
23530
23759
24056
23349
23378
24086
23850
23575
23836
24502
24299
24476
24718
23860
24210
24599
24482
24260
25158
25095
25164
25516
26078
25156
25512
24936
25660
26038
25051
25970
25674
25210
25798
26944
26597
27204
26700
26804
26346
26677
27293
27628
26776
27458
27401
27604
27664
27373
27337
28008
28324
28393
28596
29449
28944
28417
28605
28518
28978
29204
29162
28842
29696
29645
28670
30068
30068
29798
29425
30039
29872
29401
30565
30792
31160
30373
30649
31068
31364
30740
31321
30684
31880
31436
31702
32337
32290
32589
32983
33070
33373
32829
32848
33213
33044
32588
33656
33273
32685
34133
33746
33778
33308
33752
33476
34198
34985
34866
34680
34568
34655
35415
34952
35052
35635
36459
35037
35492
36282
36402
36884
36345
35412
36649
36611
35815
37136
37482
36802
37308
38147
37835
38077
38909
38459
38132
38602
38858
39276
38361
38214
39297
39040
38410
39476
39117
39568
39899
39807
39674
39780
39848
40628
40571
40580
41055
40980
40996
42186
40702
41673
41472
41908
41252
42029
41053
43146
42267
42975
42949
43045
42093
42818
42385
44132
43370
42690
43364
44378
44347
44026
44589
44544
44554
44070
44544
44762
45274
44699
45158
45856
45312
44728
45387
45723
45620
45993
45920
46378
45965
47512
47066
46438
46644
48009
47660
47209
48020
47252
47899
48144
47766
48154
48588
48645
48500
48276
48996
48886
49812
49372
50082
49444
49448
49260
49896
49876
51058
49892
50475
50304
51828
50210
49961
49997
49722
50167
50011
49976
50581
50864
50836
50896
51054
51642
51962
51866
51768
51639
52242
51712
51735
51314
52720
52387
52955
52885
52158
51095
51876
51884
52424
52916
52954
52858
52779
52965
53880
53844
54504
55450
54340
54400
54168
54749
54541
54804
54766
55956
55430
55316
54555
55684
55670
56538
56237
55552
56448
55917
55974
56169
55476
56277
56406
57368
56468
56775
57401
56852
57396
57167
56336
57537
57956
56580
57436
57076
58022
57498
57649
57508
57880
58858
58150
58216
57941
58412
58169
58701
58984
58564
58986
58116
58216
58316
59008
58266
58288
58077
57258
57928
57858
57700
58474
58772
59936
58854
59520
58786
59904
59156
59385
59508
58715
58764
58860
59656
60565
59536
60293
61310
59990
60250
59866
59706
60405
60767
60992
60116
59796
61405
61177
61273
59718
60738
61049
61088
61097
60960
60963
60425
60565
60952
61405
61288
61529
61556
61269
60892
60570
61278
60532
61097
61048
61628
61076
60586
60650
61245
61116
61660
61060
62228
61988
61472
62747
61226
62388
62548
61978
61908
62068
62842
62920
61860
62945
62088
61668
61154
61739
62069
61656
61824
61531
61309
61966
62098
62024
61640
61549
62784
60956
61482
61387
61200
61602
62720
62376
61871
61828
60788
61422
62423
61713
61335
61145
60879
61396
60996
61838
61115
61150
60874
61296
62347
61144
60780
59817
60106
60260
60148
61552
59928
59722
59976
60622
61621
60872
61056
62016
62070
61330
62016
61792
61352
61269
61332
61540
61720
61220
61076
60544
61126
61293
60998
61572
60992
60928
60880
60189
61310
60712
60173
60084
60596
60524
60380
60249
60973
59979
60037
60907
60374
60462
61204
60170
59732
60068
60116
60613
59227
59648
60501
59776
59601
59588
59881
58158
60162
60113
59719
59079
58603
58722
59049
59652
59648
58980
58400
59260
59077
58362
57860
58334
58149
58560
58728
57655
57250
57531
57925
57670
57277
57256
56961
57302
57716
57058
58178
56896
56576
57416
56740
56493
55787
56052
56448
56042
55156
55433
56868
55944
56181
56612
55496
55258
56064
55917
55275
55278
54808
55090
55237
55060
54676
54710
54565
53848
54746
55636
53642
54076
53974
54091
54024
54034
53230
52989
53604
54230
53256
53156
53330
53158
52953
52138
51330
51488
51067
51249
51906
50964
51352
51328
51152
51817
51620
51584
50403
51720
50005
50870
50888
50088
50374
50042
50383
50103
50736
50361
49337
48893
49064
48836
48843
49252
49067
47846
48055
47565
48020
48500
47680
47717
46986
48145
48226
47492
47381
46554
47258
47673
47204
45515
47112
46708
45802
46044
45428
46088
45568
44804
44849
45508
44444
45272
45058
43810
44596
45012
43626
43220
43476
43844
44326
43902
42922
42592
42877
42814
43033
43206
42080
42331
41449
41895
42336
40772
41497
41948
41805
41646
41136
41624
40628
40794
40547
40011
39370
39354
40152
39585
39257
39625
38382
38860
39016
39279
37592
38026
38760
37716
37802
37832
37024
36261
37546
37124
35942
36265
35221
36654
36596
35938
35428
35739
36158
35286
36032
35476
35492
35421
34868
35164
33907
32340
31986
32187
32109
32215
31986
32522
32329
31909
33340
32842
32504
32947
32421
32469
32584
31172
31636
31142
31820
31257
30622
31180
30811
31253
30326
30510
29896
30266
29350
29038
29263
29803
28928
29267
28269
28570
28424
29193
28048
27944
28015
27569
26907
28138
26598
27374
26688
25856
26541
26729
26368
26080
25702
25820
25358
25419
25654
24786
24694
25856
25472
24309
24449
24989
24559
24464
23758
23366
23161
24192
23241
22688
23514
23650
23099
22202
22656
23514
22310
22486
21847
22420
21760
21739
21828
21592
20792
21359
21085
20170
20836
21046
20556
21006
20302
20780
19301
19669
19482
19549
20143
20078
19764
20365
18599
18428
19008
18565
18550
18924
18208
18762
18159
18468
18589
17757
18005
18627
17396
17357
18018
18114
16621
17976
17130
17060
16868
16930
17369
16505
15948
15840
16842
16672
16141
15683
16244
16072
16379
16233
15869
15826
15267
14918
14466
14848
16319
15226
15777
14558
14756
14997
14275
14631
14617
14848
14472
14469
14401
14022
14627
14116
13957
14866
13312
14024
13945
13040
13426
13895
13105
13662
13351
13114
13004
14042
14162
12810
12644
12786
13674
13026
12962
12238
12788
12387
11887
12053
12743
13034
12828
12322
12335
12372
12769
11877
12685
12263
12229
11639
12030
11685
11986
11557
11603
12201
11310
12509
11669
12385
10873
12538
11659
12166
10713
11154
11906
11894
10880
11566
10640
11650
11172
11997
11374
11668
11003
11526
10781
10364
11119
11101
10764
10116
10754
11330
11397
11226
11029
10762
10516
10457
11394
9585
10773
10616
10664
9612
10437
10440
10916
10064
10195
10207
10708
10105
10692
10466
10692
10111
10680
