8154
8192
7477
7872
7468
9473
7289
7764
7865
7418
7791
6990
7468
7238
7063
8387
8274
7453
8224
8025
6789
7493
6944
7563
8022
7660
7980
7580
7240
7866
7906
7334
7139
7052
7240
7718
7199
7940
7550
8293
7737
7560
7604
7720
7935
7131
8229
7144
8085
7949
8793
8093
8380
7296
7315
7470
7612
7117
7523
7659
7456
7544
8378
8097
7485
7374
7443
7093
8248
7962
7723
6994
7484
7716
7829
7986
7633
7997
7583
7356
8308
7608
7956
7622
7957
8058
7608
7066
8212
8032
7841
8162
8320
7788
7371
8082
7638
8689
8507
7777
8001
7320
8205
7507
7955
8192
7144
8339
7448
7389
7972
7256
8808
7985
8008
7460
7441
8210
8283
8164
7845
7604
7324
8193
8123
8230
8397
8037
7237
8009
7727
7527
7950
7830
7654
7709
8514
8332
8235
7756
7816
7903
7407
7939
8188
7788
7894
8076
7620
7823
8366
7737
8326
7862
7334
7892
8389
8210
8218
7817
8992
7767
8041
7960
7572
8278
8401
7613
8208
7467
8019
8065
8081
7336
7702
7277
8060
8324
8258
8016
8154
8771
8431
7822
7983
8685
8031
7749
8736
8040
8524
7996
8325
8184
7568
8043
7766
8201
8031
8483
7415
7340
8363
7846
7629
7879
8397
8034
8415
7927
7875
8110
8641
8042
7707
7162
8268
8183
8244
8192
8594
8230
8462
7567
8654
8388
7966
8068
7618
8413
7509
7730
8186
8227
7574
8055
7982
7808
8213
8134
8780
8090
7760
8092
8380
8114
8255
8374
7859
8606
7662
8393
8267
8419
8124
8201
7603
7777
8606
7756
7732
8549
7842
8303
7661
8395
7637
7962
8279
8802
8682
8220
8626
8411
7667
8310
8460
7777
7713
8367
8236
7784
8622
7656
8328
7646
8073
8464
8536
8336
8130
7934
8091
8353
8762
7980
8218
8011
7833
8400
8248
8464
7522
7791
7677
8216
7922
8155
8038
8436
8292
9358
8681
8454
7714
8320
8822
8274
8816
8054
8826
7324
8241
8307
8176
7906
8889
8289
8331
8525
8341
7719
7492
8015
7810
8756
8484
8224
8029
7861
8973
8452
8741
7554
7981
8121
8420
8438
8589
8720
8505
8438
8409
8070
8749
8260
8335
8778
8036
8734
7718
8389
8640
7348
8436
7940
8045
7798
8561
8165
7687
7466
8509
8165
8059
7852
8140
7746
7922
8355
7330
8539
7394
8429
8144
8082
8609
7681
8515
8179
8185
8722
7714
8477
8661
7781
8389
8083
8196
8177
8336
8585
7814
8434
8478
8399
8328
8779
8148
8514
8763
8336
8598
8723
8183
8800
8522
8031
8291
8382
8293
8344
8448
8616
8285
7940
8214
7303
8101
8300
7865
8343
8395
8241
8256
8320
8552
8295
8318
8219
8118
8545
8305
7681
8402
8680
8303
8569
8248
8506
7818
8261
8218
8559
8122
9199
7855
8065
8826
8044
7771
8394
8345
8782
8481
9109
8216
8515
8006
8451
8484
8655
8063
8625
9145
8613
8756
7945
8688
7593
7890
7709
8745
9048
8752
7869
9119
8276
8181
8632
8274
8041
7905
8044
8350
8614
9623
8938
8262
8049
8818
8878
8188
8341
8820
8272
8892
8035
8275
7757
8198
8533
8627
9163
8580
8764
8870
8731
7755
8363
9005
8435
8431
8191
7836
9010
8542
8895
8605
8768
8645
8405
8608
8854
8434
8863
8233
8884
8238
9044
8374
8871
8611
8637
8831
8004
8901
8054
7901
8317
8495
9609
8596
8689
8961
8658
8925
8518
8438
9188
8009
8455
8609
8824
8621
8927
9019
7930
8852
8344
8306
8324
8384
8260
7830
8926
8969
8808
7855
8735
8766
8388
8982
8122
7813
8680
8701
9054
8754
8468
8623
8604
8374
8065
8097
8148
8790
7957
8137
8419
8431
8177
8382
9267
8663
8802
7920
8292
8615
8352
7987
8392
8799
8211
8238
8882
7964
9084
8351
8586
8001
8707
9230
8349
8123
8300
7909
8538
9113
8833
8600
8420
8576
8669
9122
7565
8391
8549
8448
9119
8195
8781
8064
9026
9186
9448
9247
8261
8365
8352
9054
8008
8138
8680
8577
8052
8868
8700
8560
8935
8840
8205
8778
8982
8586
8399
8565
8579
8817
8298
8784
8466
8459
9034
9037
8464
8589
8524
8272
9769
8586
8261
7925
8450
8182
8745
8938
8014
8823
8955
8575
8293
8829
8844
8652
8914
8352
8932
8927
8587
8994
9335
8509
8153
8326
8219
8429
8743
8587
9097
8042
8334
8698
8845
8757
8473
7885
8928
8815
9249
8772
8600
9191
8817
9496
8402
8564
8171
9173
8066
9187
8924
8668
8135
8745
8860
9195
8661
8975
9034
8636
8747
7672
8659
8679
8900
8278
7943
8616
8645
9114
8810
8820
8972
8653
8530
8683
8839
8954
9570
9006
8283
8558
8886
8242
8940
8594
9067
8467
8808
8578
8732
8226
8614
8761
8686
9013
8516
8993
8686
8903
9174
9137
9417
9060
9547
8448
8674
8125
9078
8725
8948
8655
9353
8479
8777
8729
8604
8876
7886
8914
8778
8351
8740
8939
9236
8852
8809
8692
9463
8614
8528
9200
8493
8834
9223
8630
8550
8634
8807
8837
9455
8415
8874
8820
8957
9364
8662
9024
9124
8525
8258
9590
8518
8631
8182
9455
8799
8507
8200
8696
9084
9017
8335
8642
9009
9368
8712
9469
9940
8614
8660
8516
8834
8158
9367
9051
8838
9181
8600
9324
9085
9277
8107
8557
9323
9451
9686
8694
8389
8112
8303
9021
8672
8077
8918
8978
8813
9126
8781
9143
9436
8388
8812
8611
9482
8516
8665
8984
8372
8488
9586
8814
9201
8315
8107
8769
9268
9090
8363
9096
9109
8910
8423
9076
9849
8933
8285
9434
8471
9528
8488
9273
8617
8916
8583
8729
8411
8618
8758
9119
8469
8871
9300
8995
9470
8760
8650
9136
8695
8891
7798
9363
8932
8677
8996
8234
8501
9467
8432
8671
9261
8939
9438
9768
8517
9627
8346
8810
8543
8862
8496
8939
8787
9274
9183
9040
8664
9006
8748
8612
9398
9354
9204
9564
9272
8401
8879
8381
9933
8765
8804
8920
9548
9613
9349
8954
8479
9030
8642
8870
8674
8809
8814
9480
8583
8756
8748
9153
9472
8816
8914
9071
8973
9281
8500
8794
8322
8574
8415
8789
9641
8711
9059
9883
8612
8777
8481
9133
9392
8922
9622
8605
9570
7945
9314
9026
8623
9829
9386
9233
9038
8861
9348
8936
8602
8649
9434
9037
8680
9551
9007
9015
8929
8617
9074
8883
8881
8469
9302
9348
8922
9921
8775
8733
9082
9564
8830
9083
9378
9324
9605
8681
9249
9340
9385
9415
9825
9034
9127
9011
9697
8765
9845
9137
8828
8582
8612
8427
9486
9382
9250
8715
9038
9392
9036
9021
9048
8902
8737
9559
8888
9174
8993
9141
9317
10059
9104
9095
9022
10038
9055
9077
9649
8724
9674
9169
9542
9242
9119
9598
8533
9307
8481
8923
8878
8424
8702
9649
9224
9229
9504
9168
9930
8876
9972
9367
8984
9910
9280
9030
9516
9058
8642
9554
9153
9720
9867
9380
9219
9560
8817
10280
9925
9414
9678
9328
9783
9326
9821
9123
9252
9105
9524
9156
9578
9244
9917
9233
9783
9000
9241
9432
10308
9638
8865
9900
10040
9091
9500
9550
9094
9433
9272
9937
8536
9928
9130
10106
9228
9540
9649
8399
9713
9380
9848
9730
9435
9261
9581
9974
9452
9639
9406
9646
9000
10076
9289
9087
10100
9351
9593
9973
9381
10289
9198
9764
8750
9375
10244
10074
9641
9448
9284
9383
9304
9045
9078
9610
9637
9829
9177
9277
10300
9183
10139
9212
9752
9622
9868
9428
9472
9824
9944
9636
10269
9820
8874
9629
10064
10157
9612
9773
9249
8989
9247
9913
9473
9248
9364
9652
9806
9247
9569
9493
9835
9829
9335
9613
9171
10146
10120
9783
9969
10314
9668
9949
9325
9888
9334
9877
9382
9978
10081
9437
9582
10036
9992
9798
9058
9509
10017
9476
8960
10211
9647
10448
10693
9750
9733
9184
9862
10658
10496
9841
9935
9966
9655
10124
10355
9482
9221
9656
9774
9425
9960
9414
10317
10025
9751
9401
9661
9942
9973
9653
10138
9549
10576
9300
9576
10274
9620
9861
10220
9976
10492
9823
10962
9917
9892
10362
9562
10309
10203
10812
9719
10720
9604
10679
10226
10438
10195
9973
9914
10002
10146
10294
10496
9938
9562
10108
10155
10451
9790
10087
10884
10437
10521
10593
10080
10287
10205
10422
9478
10466
9648
10936
10059
10491
10204
10556
10737
9921
10484
10718
10526
10814
10896
10591
9443
10655
11010
10452
10005
11046
10317
10398
10221
10170
10319
9912
10394
10778
10133
10585
10776
10111
10358
10358
10644
10064
10538
10234
11000
10890
10607
10392
10225
11032
10678
10596
10901
10212
10948
10851
10714
10564
10411
9972
10968
9970
10974
10423
11185
11480
10102
10463
10740
10726
10672
10645
10646
10251
10536
10635
11369
10730
10621
10521
10533
10372
10732
10789
10923
11048
10242
11197
10889
10772
10629
10996
10727
10930
10592
11065
10987
11274
10811
10380
10462
10148
11400
10745
10966
9787
10132
10760
11566
11029
10905
10868
10535
9964
10242
10906
11322
11560
10712
11119
11005
10706
11097
10820
11130
10766
11144
11182
10955
10995
10905
10760
10687
10619
11392
10524
11143
11205
11428
11541
11234
11864
11906
11039
11236
11508
11581
11727
11422
11172
11273
11196
10991
11045
11326
11406
11960
12034
11457
11264
10787
12301
11323
11065
11691
12005
11159
11502
10771
11530
11057
11797
10697
12027
11588
11581
11216
11719
11177
11537
11508
11328
11928
11469
11270
11206
12140
12273
11622
11602
11122
11262
12054
11013
11435
11253
12333
11971
12324
12215
11289
12925
12330
11895
11704
12102
11977
11916
11741
12061
12303
11561
11818
11196
11727
11748
11802
12079
12086
11722
11610
11995
11444
12004
12506
12506
12573
12393
11777
12476
11831
11785
12123
12289
12423
12374
11341
12900
11878
12432
11946
11452
12532
11870
11903
11930
12340
12537
12127
12431
12955
12389
12781
12051
11904
12622
12789
13165
12457
12696
12592
12740
12738
12402
12268
12632
12574
12311
12660
12868
12480
12604
12749
13097
12563
13002
12021
11800
12147
12432
12345
11979
12522
13052
12621
13004
12561
12624
13138
13060
13258
12667
13690
12952
12963
12926
12660
13835
12946
12902
12826
13576
12810
12782
13582
13430
13108
13183
13001
13366
12475
13423
12727
12973
13368
12849
13262
13150
13220
13672
13304
13076
13387
13182
13098
13404
13551
13133
12581
12862
13051
13090
12872
13720
13556
13859
12958
13965
13450
13604
13744
13458
13662
13801
13586
14296
13515
13780
13844
13086
13921
13656
13568
13155
13829
13304
14702
13835
13236
13730
13660
13889
13984
13873
13872
13656
13550
14013
14336
13560
13511
13930
13971
13583
15083
13975
13686
13872
13748
14088
14355
13636
13668
14491
14703
13199
14388
13883
14699
14279
14984
14648
14804
14244
14627
14017
14681
14764
14398
14577
13855
15543
14254
14346
14609
14498
14857
14757
14696
14732
15164
14653
14285
15263
14788
14436
15368
14871
14592
14984
14102
14340
14494
14804
14709
14969
14894
15128
15373
15595
14712
15088
14624
14550
15610
14798
15526
15292
15495
15373
14858
15114
15333
14921
15027
15564
15336
14976
14843
15725
14800
15717
15575
15008
15203
15589
15597
15244
16011
15044
15476
15305
15133
15972
16118
15322
16246
16417
15444
16251
15701
15632
15928
15774
15641
15476
16456
16341
15458
16173
16694
16742
15625
16308
16170
16953
15343
16226
16257
16546
16518
16726
16714
15983
15746
16192
16004
16813
16832
15624
16629
16667
16520
17416
16741
16731
16741
16628
16337
16971
16289
16720
16576
16450
15603
16512
16662
16811
16693
16693
17172
16702
16602
16882
16998
16385
16090
16740
17164
17247
16708
17600
16966
17336
17524
16897
17192
16978
17038
17522
17178
17476
17001
18244
17208
17078
17260
17868
17810
17607
17485
17266
17653
17165
17410
16715
17323
16864
17436
17097
17526
18226
17173
18388
17875
18419
17629
18468
18624
17822
17239
17901
18241
18152
18265
18453
18580
17704
18905
17837
17461
17797
17926
17737
18896
18228
17940
18358
18074
18350
18276
18400
19074
19354
18160
19305
18088
18475
18458
18596
18947
19565
18655
19072
18937
18692
19012
18766
19156
19186
19483
18937
19219
18633
19063
19908
18204
19291
19136
19661
19887
19880
19712
18490
18978
19327
19258
19712
18904
19853
19979
19401
19067
19030
19363
19960
19803
19691
20037
19620
19259
19892
19778
20425
20194
19792
20630
19243
20976
19577
20631
19716
19465
20449
20488
20276
19092
19762
19885
19970
19901
19460
19981
20292
20022
20955
20120
21188
20382
20201
20568
19580
20288
20703
20964
20314
21858
20939
21508
21154
21272
21618
20993
21024
21357
20221
21048
21575
21541
21320
21265
21477
21020
21042
22028
22274
21524
21552
20923
21589
21352
21487
21304
21780
21309
21874
21768
22150
22356
21878
22210
21914
22165
21570
22122
21784
22085
22220
21623
23040
22816
22642
21954
21951
22344
22696
22974
22546
21782
22848
22482
22434
23540
22618
22720
22924
22894
22674
23720
22682
23143
22283
22941
22846
22680
22679
22870
23536
23259
23097
24130
23685
22853
24529
23388
23530
23889
23949
23798
23666
23627
23940
24362
23268
23976
24422
24066
23981
24570
25037
24378
24298
24468
23958
24984
24517
24451
24296
25318
24885
25516
24505
24955
24628
25785
25320
24832
24875
24832
24334
24986
25882
25005
25921
24641
24980
25186
25862
26776
25127
25900
24892
25513
26040
25818
25076
25589
26395
25845
25525
25798
26074
25216
25606
25856
26447
26296
25962
25710
26589
26185
27418
25953
27116
25906
26948
26548
26906
26978
26708
27497
26205
26964
26189
26715
26973
27370
26820
27359
27456
27204
27256
27138
27351
27136
27501
27553
26660
27330
26752
27317
28517
27253
27529
27082
27914
27084
28493
28815
28149
27383
27832
29348
28302
28394
28013
27373
28392
28016
28244
28285
27661
28662
28598
28424
29389
28877
28776
28992
28445
28859
28699
28958
29184
28652
28537
28834
28740
29022
29288
29252
28614
29038
29784
29428
29658
30144
29327
29896
29293
29357
29037
29145
29482
29961
29384
30126
29988
29276
29914
30424
29669
29972
31066
30677
30521
31067
29808
29963
30272
30342
30076
30776
30104
30399
30325
30950
29730
29610
30312
31354
30660
30534
31211
31044
31296
31679
30702
30165
30938
31565
31435
31579
31456
31360
31384
31575
31406
31090
31390
30996
31628
31948
31757
31401
31720
31122
31597
31165
31172
31158
31961
31661
30939
32093
32101
32334
32520
32114
31269
32378
31133
31842
32081
31711
31892
32477
31306
33154
31339
31516
32174
32927
31976
32076
31910
33243
32744
32987
32766
33024
32570
33140
32206
32884
32734
33236
32629
34349
33147
33675
32861
33034
33370
33168
31660
32968
32933
33800
33060
33212
33171
33208
33306
32837
33485
33986
33261
33876
33654
34176
33476
33844
32669
32848
33245
33002
33964
33112
32632
32673
33669
33451
32616
33818
33291
33747
32686
33291
33645
33933
33350
33682
33376
33260
33472
32373
33478
34053
33933
33572
33787
33604
34340
34048
34167
34552
34498
34266
34596
34443
33708
34492
35526
33866
34724
35052
33543
34064
33784
34204
34541
33556
34178
34123
32810
32722
33198
32719
33643
34629
34881
34416
35002
34748
34445
34790
34084
34214
34284
34340
34968
34573
35580
35483
35181
33808
35318
34892
34484
35362
34887
35288
35557
35528
35095
34857
35053
35444
34721
35910
35604
34868
34790
35495
35206
34930
34744
35028
35179
36226
35904
36128
35708
35149
35305
34293
35906
35460
35113
34552
34822
33949
35516
34022
34792
34384
34731
34152
35256
35572
35230
34927
35055
35685
35642
35555
35646
35135
36116
35604
36450
36253
35266
35864
36186
35020
35938
36136
35677
36213
35657
35262
34859
35278
35684
35800
35213
35718
35616
35418
35259
35284
35330
35720
35558
36360
35823
36043
35418
36328
35480
36484
35929
36756
36229
35716
35655
35485
35311
36149
35780
35551
36698
35750
36148
35172
35758
36297
36455
35812
35844
35997
35896
35906
35834
35868
35782
35365
35766
35927
36696
36628
36052
35695
36377
36189
36005
35908
36004
35873
36541
35972
35000
35948
36466
35419
36363
36362
36133
36946
36072
36715
36260
37610
36452
36617
36244
36378
36754
36678
37026
36228
36445
35720
36026
37596
37378
37034
36950
36494
37165
37061
35826
36811
35871
36162
35388
35557
35239
36068
36402
36532
36488
36064
37330
37080
36994
36676
36674
36920
37389
36300
37057
37448
36289
37677
37466
36442
36632
36970
36941
37211
37064
37516
36362
36768
37102
36074
37080
36356
37076
36864
37318
37307
37120
37219
37707
37036
37294
37914
37770
37273
37509
38233
38160
38096
37620
37497
38255
37770
37601
38383
37060
37832
37350
38277
37803
37486
37810
38459
38056
38590
37963
38453
38308
37682
38741
38162
37956
38555
38613
39091
38472
38448
38515
37946
38294
38328
38449
39424
39179
39144
39519
39464
38656
38575
38875
39218
39590
38758
39108
39452
38272
39220
40436
39405
40089
39634
39467
39244
39577
39780
40005
39456
40123
40064
40413
40431
39237
39573
40405
40430
40661
40810
41814
41274
40356
40797
41024
40692
40683
40916
40960
40698
41490
40630
41310
41387
40937
40789
41349
40916
40831
41612
41816
41812
41220
41298
42061
42466
41133
41820
41564
42484
42016
42361
42689
42414
42537
42589
42624
43387
43045
42840
42539
42839
42669
42712
43105
42477
43726
43470
43404
42528
42740
42770
43264
43922
44400
43314
43432
43739
44202
43896
43792
44169
44638
43372
43964
44579
44900
44929
44444
43546
44162
44959
44330
44454
45252
44996
45518
46144
45464
45508
45973
46021
45440
46400
46047
46085
45984
45136
46182
45896
45126
46276
46253
46900
46893
46392
45753
46200
46596
46724
46692
47186
47503
47032
47410
48088
46469
48009
47159
48024
47050
47832
47498
49060
47476
47905
48344
48068
47947
48357
48349
48612
48932
47708
48728
49110
49081
48484
49290
49482
49083
48320
49026
49483
50181
49266
50184
50350
49622
48805
50137
50200
50214
50669
50273
50348
49821
51165
50442
50198
49511
51156
51196
50952
50980
50956
51642
51174
51328
51674
51496
51846
52095
51508
51328
52011
52612
52420
52578
51542
51492
51977
52324
52333
53312
52212
52789
52004
54074
52681
51812
52352
52061
52694
51776
51995
51803
52827
52986
52628
52248
53156
53608
53668
53182
53117
53339
52548
52848
52328
53643
53088
53788
54103
52874
52493
52758
52722
53508
53268
53190
53116
53805
53348
54506
54114
55110
55306
54284
55143
54060
54754
54544
54751
54708
55592
55112
54508
54724
55132
55173
56061
55220
54924
56080
54932
56203
55840
55521
55508
55525
56223
55906
56100
56724
56340
55799
56609
55208
55980
57204
55534
56308
56040
56324
56345
56501
55813
56409
57364
56780
56120
56317
57296
57360
57424
57104
56920
57195
56346
56836
56948
57306
56417
55981
56153
55161
56180
55305
56136
56207
56794
57442
57236
57386
56663
57684
56641
57124
57488
56268
56293
56900
56790
57476
57300
56960
58644
56868
57580
57178
56632
57544
57629
58349
57498
57290
58071
58420
57832
57004
58060
57837
57856
57927
57492
57741
57478
57160
57718
58440
57935
58400
58332
57848
57718
57098
58637
57091
57732
57741
58245
57562
57645
57498
57928
57892
58150
57837
58166
57636
57924
59031
57920
58733
57893
58141
58218
58264
58890
59224
58401
59096
58569
58108
57188
57332
59080
58052
57818
57978
57354
57860
58282
58056
58090
57700
58740
57000
57924
57860
57608
57748
58996
58196
57769
58233
56838
58020
58328
58090
57397
57287
57174
57636
57529
57963
57197
57021
57086
56824
57650
57220
56522
55485
56397
56520
56392
56685
55662
56120
55898
56754
57900
56896
57352
57386
57636
57419
58154
57956
56806
56676
57100
57168
56988
57301
56884
56600
56843
56868
57189
57480
56804
57093
57212
56498
56555
56542
56598
56678
56500
56437
55862
55978
56390
55702
56342
57028
56448
56315
57294
56640
55397
56279
55836
56093
55572
55808
56482
55492
55453
55700
55400
55095
56118
55744
55917
55424
54796
55111
54811
55364
55131
54811
54236
54820
55445
54632
54117
54109
54176
54528
54804
53812
53476
53930
53849
53155
53194
53700
53064
53210
53800
52590
53968
53578
53546
52904
52956
52186
52090
52336
52281
51894
51309
52203
53302
52278
52379
52644
51528
51065
51922
52748
51686
51989
51113
51845
51129
50810
50657
51551
51081
50414
50760
52139
49864
50088
50660
50059
50055
49988
49784
49824
50621
51194
49530
49330
50044
49408
49034
48941
48463
48588
47616
48293
48003
47499
48388
48312
48136
48677
48891
47936
47085
48360
46672
47336
47270
47190
46678
46843
47860
47212
47044
47211
46746
45408
46524
46384
45818
46053
45610
44925
45380
44502
45164
45636
44720
45032
43902
44884
45362
44692
43755
43577
44468
44751
43866
43807
44637
42916
43145
43252
42639
43739
42716
42500
42512
42980
42457
42656
42624
41770
41837
42307
40918
41309
40889
41453
41452
40748
39994
39630
40009
40336
40486
40778
39749
40274
39444
39508
39477
39308
39204
39642
39780
39099
38830
39734
38788
38748
38354
37354
37192
37412
37685
37620
36836
37544
36204
36969
37002
37465
35576
36352
37088
36072
35866
35674
36235
34664
35445
35290
34214
34349
33690
34312
34852
34708
33828
34390
34490
33495
34330
33959
34061
34161
32676
32983
32338
30792
30732
30950
31115
30752
30629
31611
30932
30980
32448
31014
31229
31809
30832
30836
30934
30072
30318
29786
30208
29828
29463
29984
29676
29824
29003
29250
28832
28897
28309
28194
28358
28790
28024
28220
27519
27835
27594
28263
26884
26907
26904
26221
25637
27684
25876
26071
26031
25089
25351
26225
25444
25314
24459
25044
24475
24669
25080
23812
23808
25188
24668
23420
23829
24300
23487
23932
22956
22786
22928
23343
22520
21912
23136
22804
22572
21547
21915
22840
21934
21794
21259
21444
20982
21821
21002
21061
20372
20845
20779
19584
20330
20277
20237
20382
19944
20590
19126
19174
19280
18923
19645
20045
19386
20019
18004
17972
18541
18282
18026
18870
18052
18602
18162
18376
18039
17097
17841
18388
17244
16858
17836
17563
16510
17757
16924
17098
16490
16662
16970
16312
15566
15788
16420
16585
15485
15532
16486
16154
16149
16047
15471
15444
15138
14778
14434
14749
16142
14957
15605
14439
14634
14940
14229
14454
14743
14485
14486
14349
14357
13940
14319
14022
13705
14777
13089
13954
13733
13269
13491
13504
12933
13706
12959
13175
13151
14033
14012
12586
12655
12668
13380
12900
12763
12065
13253
12544
11773
12079
12745
13055
12975
12418
12365
12317
12454
11468
12841
11999
12223
11790
12082
11409
12180
11603
11691
12011
11314
12377
11803
12285
10989
12498
11604
11950
10811
10995
12099
11892
10923
11475
10236
11526
11193
12089
11529
11443
11028
11662
10780
10472
11291
11210
10491
9883
10854
11829
11343
11288
10756
10763
10573
10818
11692
9878
10882
10563
10785
9426
10518
10493
10816
10230
10324
10403
10795
10184
10624
10457
10758
10212
10338
