7942
7783
7242
7893
7404
9074
7103
7679
7751
7228
7653
6910
7345
7173
6999
8410
8021
7264
7906
7979
6944
7133
6806
7618
8039
7611
7891
7323
7000
7645
7716
6955
7006
6984
7188
7564
6884
7763
7282
7948
7639
7341
7382
7465
7573
6998
8214
7020
7963
7954
8823
8068
8366
7079
7487
7347
7573
6964
7256
7901
7171
7160
7927
7976
7418
7213
7547
6941
7975
7796
7535
6843
7316
7633
7785
7697
7516
7615
7370
7299
8151
7468
7786
7447
7919
7986
7437
6828
8117
7734
7807
8169
8047
7552
7130
7968
7585
8420
8377
7524
7939
7140
8034
7268
7676
7994
7026
8286
7131
7436
7790
7174
8331
7848
7786
7167
7404
8087
8091
8032
7722
7293
7224
8127
7865
8132
8421
7972
7047
7895
7485
7321
7766
7533
7729
7639
8212
8155
7955
7472
7882
7863
7284
7857
8409
7854
7781
8155
7586
7647
8220
7605
8281
7804
7059
7589
7968
8165
8018
7663
8676
7591
7549
7496
7383
8000
8063
7761
8212
7068
7896
7909
7872
7264
7654
7002
7650
8247
7914
7841
7602
8676
8129
7762
7893
8652
7986
7492
8726
8086
8405
7683
8391
7657
7363
7901
7628
8190
7838
8380
7256
7127
8323
7626
7479
7761
7973
7975
8423
7769
7846
7967
8360
7898
7660
7168
7979
7782
8104
7926
8403
8192
8054
7607
8448
8147
7940
8050
7626
8297
7482
7581
7978
7926
7585
7744
7680
7687
8078
8040
8500
7846
7449
7885
8109
7801
8268
8157
7903
8684
7341
8362
8046
8167
7884
7985
7473
7670
8436
7602
7822
8263
7525
8191
7369
8421
7566
7940
8127
8593
8577
8047
8230
8404
7398
8022
8495
7643
7634
8230
8205
7795
8192
7354
8192
7372
7879
8542
8420
7959
7826
7523
8099
8055
8700
7790
7972
7913
7668
8033
8228
8379
7292
7830
7547
8140
7818
8019
7933
8175
8027
8966
8644
8170
7440
8259
8485
8125
8295
7629
8791
6992
7926
8129
7781
7637
8806
8223
8257
8333
7912
7636
7616
7914
7769
8602
8340
8062
7690
7759
8604
8235
8419
7454
7876
7961
8360
8398
8293
8506
8203
8370
8341
7794
8590
8251
7985
8634
7937
8410
7418
8333
8378
7111
8311
7814
7893
7700
8442
7824
7496
7532
8503
7972
7841
7763
7936
7557
7812
8162
7355
8481
7311
8316
7635
8052
8547
7605
8429
7910
8028
8587
7356
8069
8546
7569
8130
7904
8223
7859
8168
8229
7642
8112
8342
8284
8029
8727
8029
8368
8613
8110
8670
8464
7882
8474
8038
7974
8343
8449
8094
8324
8481
8293
8300
7942
8188
7168
8046
8360
7702
8303
8127
7871
7929
8180
8526
7996
8059
7883
8107
8277
7951
7628
8205
8305
8143
8438
8192
8426
7782
8086
8070
8296
8139
8957
7883
7684
8442
8002
7673
8324
8201
8516
8221
9064
8230
8449
7885
8271
8357
8644
7839
8613
8825
8336
8610
7636
8304
7526
7759
7915
8488
8880
8619
7724
8784
8199
7869
8200
8039
7971
7853
7700
8228
8514
9153
8681
8031
7845
8564
8456
7865
8461
8570
8267
8590
7811
8281
7613
8341
8222
8542
8944
8075
8346
8634
8461
7576
8179
8765
8380
8364
8010
7833
8660
8243
8756
8280
8551
8426
8155
8462
8458
8328
8716
8120
8919
7830
9053
8096
8565
8395
8313
8822
7764
8571
7720
7627
7992
8314
9377
8294
8717
8786
8252
8938
8261
8125
9062
7926
8246
8198
8609
8215
8777
8659
7745
8648
8363
7831
7882
8152
7899
7493
8713
8745
8347
7822
8683
8685
8403
8513
7846
7633
8424
8439
9053
8236
8246
8561
8367
8114
7860
7703
7746
8618
7711
8195
8216
8001
7883
8443
9102
8240
8515
7883
8165
8358
8132
7730
8244
8487
8059
8135
8808
7917
8914
8042
8680
8091
8393
9081
8080
7993
8412
7497
8527
8921
8744
8491
8057
8309
8372
9069
7305
8071
8239
8259
8835
8126
8378
7979
8922
8884
9365
9090
8130
8212
8151
8837
7812
8010
8493
8431
7770
8782
8536
8208
8830
8607
8314
8630
8568
8459
7980
8308
8382
8326
8155
8542
8274
8396
8807
8744
8346
8291
8084
8091
9463
8573
7914
7712
8205
7933
8350
8756
7699
8828
8852
8395
8058
8695
8658
8392
8453
8439
8819
8788
8022
8911
9068
8216
7726
8196
7952
8377
8690
8324
8754
7760
8044
8400
8847
8655
8159
7538
8533
8626
8938
8511
8268
9147
8436
9359
8177
8430
7963
9052
7908
8772
8823
8536
7975
8512
8666
8879
8543
8891
8821
8353
8576
7655
8537
8584
8768
8215
7780
8143
8292
9037
8269
8555
8884
8350
8178
8618
8678
8991
9212
8912
8091
8583
8524
7970
8589
8326
8607
8494
8501
8410
8642
8341
8423
8727
8335
8612
8365
9060
8513
8660
9245
8967
9091
8736
9023
8316
8416
7973
8728
8320
8712
8356
8961
8281
8716
8547
8132
8550
7728
8913
8763
8013
8549
8590
9201
8364
8754
8388
9231
8294
8098
8905
8364
8755
8917
8404
8528
8285
8644
8858
9289
8450
8609
8564
8814
9280
8120
8615
8885
8432
8199
9591
8523
8532
7901
9075
8791
8217
7991
8366
9053
8779
8071
8220
8643
9106
8669
9174
9842
8260
8245
8284
8573
7993
9000
8954
8684
9070
8692
9202
9005
9225
7932
8393
9359
9136
9342
8691
8200
7829
8208
8670
8367
7983
8855
8578
8550
8746
8691
8981
9131
8292
8790
8493
9244
8338
8419
8532
7930
8296
9006
8528
8929
8241
7867
8483
8965
8733
8316
9186
8980
8793
8282
8589
9707
8848
8060
9029
8402
9339
8166
9181
8612
8687
8442
8552
8269
8424
8543
8986
8345
8665
8925
8766
9187
8575
8603
8859
8357
8576
7804
8653
8676
8358
8958
7989
8308
9009
8028
8758
9216
8905
9157
9354
8231
9371
8138
8746
7986
8574
8280
8874
8669
9119
8659
8548
8432
8759
8566
8436
9060
8807
9205
9460
9189
8133
8686
8154
9529
8623
8474
8835
9190
9268
9035
8952
8078
8779
8457
8731
8523
8682
8759
8909
8157
8647
8534
8786
9288
8331
8516
9095
8597
9621
8442
8473
8095
8291
8160
8219
9273
8546
9018
9688
8264
8386
8219
8714
9135
8491
9169
8239
9335
7965
8912
8730
8438
9538
9154
8851
8910
8637
9198
8687
8357
8706
9057
8557
8207
8991
8884
8811
8520
8422
8960
8736
8843
8221
9029
8886
8392
9835
8577
8605
8914
9276
8307
8898
9332
9082
9345
8786
9012
9389
9043
9333
9551
8914
8938
8858
9487
8802
9265
8964
8547
8610
8397
8048
9507
8996
8824
8516
8567
9043
8716
8627
8872
8727
8298
9269
8765
8864
8827
9022
9074
9965
8933
8780
8747
9561
8927
9044
9660
8271
9214
8919
9151
9021
9027
9205
8368
8965
8150
8541
8588
8175
8507
9441
8992
9081
9240
8963
9275
8671
9529
8991
8522
9676
9117
8628
9129
8726
8251
9136
9025
9440
9565
9156
8933
9198
8671
10112
9404
9060
9346
9071
9385
8957
9472
8754
8813
9105
9422
8752
9221
8869
9412
9008
9387
8772
8982
9163
10041
9435
8824
9458
9514
8826
9437
9444
8729
9115
8947
9366
8239
9371
8541
9783
8810
9380
9243
7863
9426
8710
9445
9198
9198
9220
9284
9682
9014
9440
9004
9212
8802
9705
9073
8837
9961
8952
9505
9701
9344
9829
8974
9237
8679
8977
10230
9602
9174
9112
8753
8993
8952
8809
8546
9029
9149
9559
8911
9066
9952
9151
10068
8701
9091
9253
9541
9120
9247
9231
9224
9373
9906
9587
8887
9272
9753
9782
9335
9555
8835
8636
8947
9567
9169
8864
8927
9421
9930
8755
9220
9091
9490
9458
9252
9472
8977
9410
9888
9164
9844
10294
9244
9838
9061
9604
8806
9868
9070
9669
9849
9055
9296
9897
9629
9480
8787
8986
9763
9194
8578
9642
9144
9931
10306
9272
9739
8758
9449
10063
10148
9428
9598
9903
9129
9717
9924
9423
8845
9316
9450
9178
9733
9081
9822
9948
9435
8981
9048
9814
9674
9551
9708
9044
10289
8887
9434
9984
9194
9647
9830
9612
10330
9420
10476
9526
9592
9955
9125
9947
9946
10076
9381
10460
9248
10319
9935
10062
10004
9664
9247
9615
10076
9970
10018
9695
9260
9533
10093
9865
9335
9550
10464
10124
10075
10005
9684
9781
9777
9963
9107
9880
9222
10735
9792
10125
9848
10184
10388
9436
10019
10360
10072
10317
10467
10134
8986
10231
10641
10262
9789
10742
10180
10091
9988
9816
9821
9448
9930
10399
9577
10184
10244
9960
9826
10175
10284
9698
10227
9494
10582
10474
9967
10174
9680
10514
10053
9828
10565
9740
10540
10377
9998
10302
10011
9541
10787
9592
10399
9915
10923
10971
9572
10156
10039
10443
10340
10396
10331
9627
9852
10135
10860
10248
10102
10124
9852
9736
10088
10264
10132
10585
9960
10530
10420
10331
10068
10420
10553
10539
10276
10513
10532
10493
10491
9984
10282
9831
11185
10469
10646
9372
9662
10134
11156
10496
10541
10265
10205
9672
9822
10474
10950
11181
10115
10724
10349
10445
10529
10304
10749
9999
10721
10524
10525
10356
10530
10481
10135
10382
10833
10281
10594
10511
10738
10734
10599
11263
10999
10304
10797
10845
11378
11320
11075
11016
10547
10694
10470
10353
10737
10909
11525
11510
10881
10858
10473
11450
10739
10810
11224
11344
10565
11154
10349
11140
10597
11197
10291
11411
11051
10752
10446
11142
10731
10877
10920
10832
11494
11037
10746
10557
11616
11837
11113
11036
10843
10794
11273
10594
11101
10890
11940
11334
11842
11657
10978
12139
11568
11010
10962
11393
11464
11513
11098
11281
11638
11058
11148
10716
11023
11177
11358
11534
11677
11338
11185
11524
11161
11544
11771
11631
11849
11621
11213
11763
11334
11039
11365
11826
11834
11290
10946
11925
11128
11874
11320
10786
11795
11318
11271
11339
11750
11982
11467
11748
12186
11749
12096
11463
11339
12079
11985
12713
11760
12196
11845
12016
12215
11777
11514
11666
11999
11606
12018
11995
11773
11620
11805
12360
11690
12249
11252
11247
11424
11850
11676
11205
11624
12153
11966
12077
11706
11967
12380
12266
12568
12032
12696
11908
12554
12206
11982
12967
12060
11829
11884
12776
12012
11934
12617
12489
12314
12444
11954
12179
11375
12767
12357
12344
12377
12298
12560
12221
12658
12851
12459
12589
12349
12416
12080
12222
12672
12416
12000
12084
12432
12125
11879
12720
12644
13173
12095
13213
12670
12672
12841
12800
12687
12911
12884
13546
12729
12652
12866
12013
13228
12781
12564
12644
12894
12305
13625
12781
12221
12954
12912
13126
12906
13149
12941
12908
12704
13362
13454
12621
12582
13000
12948
12978
13844
13229
12726
12901
12880
13392
13469
12488
12909
13414
13845
12416
13596
13049
13842
13608
13858
13286
13806
13280
13979
13175
13700
13600
13242
13639
13002
14480
13426
13474
13609
13388
13996
13947
13712
13787
13869
13684
13218
14183
13921
13732
14392
13983
13596
13659
13277
13527
13601
13850
13761
13594
13659
14280
14578
14395
13659
14044
13654
13606
14299
13869
14342
14122
14459
14400
13753
14144
14117
13709
13924
14368
14146
13905
14043
14478
13763
14426
14325
14181
14045
14544
14592
14124
15065
14035
14747
14196
14027
14884
14838
14206
14853
15276
14262
15171
14429
14348
14872
14921
14501
14741
15156
14927
14010
14932
15168
15561
14872
15092
15206
15565
14187
14841
15332
15382
15573
15759
15468
14434
14692
14990
14891
15566
15606
14238
15290
15117
15652
16254
15326
15332
15533
15340
14870
15519
15351
15380
15316
15345
14183
14977
15470
15698
15456
15037
15886
15583
15538
15446
15631
15424
14691
15572
15667
16026
15407
16248
15522
15708
16145
15402
15876
15835
15814
16292
16051
15879
15500
16839
15949
15805
15789
16349
16497
16160
16044
15803
16040
16178
16217
15341
15954
15186
16251
15547
16138
16663
15818
16871
16306
16770
15941
16505
17277
16182
16052
16454
16802
16843
16438
16940
16813
16396
17310
16372
15986
16477
16361
16396
17112
16598
16552
16733
16114
16962
16588
16740
17354
17603
16183
17437
16168
16601
17083
17007
17455
17554
17059
17610
17231
17019
17768
17346
17323
17688
17385
17279
18021
17170
17259
18118
16792
17759
17426
18164
18057
18270
18022
17081
17027
17600
17860
18230
17873
18073
18154
17616
17754
17382
17778
18033
17967
18042
18478
17774
17604
18074
17859
18596
18329
18171
18842
17431
18990
17862
18779
18434
17819
18783
18883
18837
17465
17810
18422
18195
18181
17796
17944
18842
18245
19205
18506
19427
19074
18370
19024
17933
18759
18586
18990
18473
19960
19096
19208
19028
19442
19764
19227
19530
19042
18198
18869
19252
19321
19451
19109
19720
19393
19063
19970
20226
19338
19661
19198
19757
19327
19561
19151
19689
19395
19908
20017
20444
20344
19847
20058
19833
20013
19500
20020
19454
20180
19866
19194
20566
20855
20322
19897
19844
20071
20277
20736
20842
19931
20474
20656
20118
21448
20520
20557
20330
20626
20546
21451
20327
20969
20064
20842
20813
19993
20662
20643
21682
20855
20864
21800
21572
20713
21833
21096
20819
21494
21397
21331
21795
21217
21431
22251
21692
21582
22030
21495
21559
21998
22308
21857
22060
22011
21736
22944
21904
22307
21729
22600
22537
23085
21879
22474
22333
23125
22542
22251
22875
22536
22395
22581
23438
22267
23126
22090
22361
22776
23199
24652
23262
23339
22633
23069
23135
22888
22403
23080
23168
23253
22954
22562
23162
22920
23020
23179
23837
23828
23319
23504
23768
23744
24552
23621
24192
23535
24285
24084
23828
24586
23773
24333
23275
24144
23442
24047
24582
24779
24200
24568
24757
24281
24077
24217
24542
23941
24342
24893
23956
24694
24211
24985
25877
24612
24882
24660
24900
24371
25443
25636
25341
24667
25024
26282
25253
25425
25071
24687
25432
24923
25092
25403
25029
25546
25613
25798
26033
26050
25988
25977
26010
26115
25414
25467
26128
25492
25620
26069
25567
26230
26274
26021
25750
25884
26512
26220
26776
27136
25811
26796
26457
26636
26112
26220
26533
27244
26234
26578
26516
26404
27165
26944
26637
26534
27801
27433
27444
27765
26596
26764
27196
27380
27105
27480
26884
27776
27245
27588
26806
26472
27257
27942
27359
27364
27967
27947
27927
27860
27560
27189
27478
28246
28332
28276
28938
28141
28522
28536
28151
28002
28580
27952
28706
28189
28548
28253
28637
27725
28273
27904
28119
27800
28708
28298
27942
28679
28678
28714
28748
28829
28708
29202
28105
28136
28427
28350
28509
29620
27665
29530
28313
28562
28666
29911
28463
28788
28468
29396
29001
29471
29721
29679
29513
29925
29163
29348
29367
29636
29629
30548
29816
29952
29573
29744
30098
29688
28434
29499
29228
30008
29044
29989
29780
29532
30152
30059
29896
30811
30397
30564
30667
30644
30118
30132
29412
29531
29874
29554
30613
29890
29496
29437
30617
30352
29508
30548
29636
30841
29432
29940
30392
30546
30164
30452
30248
30037
30187
29450
30361
30438
30671
30219
30612
30718
30764
31008
30612
30740
31182
30810
31141
30806
30426
30679
31848
30405
31417
31508
30032
30496
30460
30628
31094
30170
30488
30254
29867
29584
29797
29190
30152
31432
31316
31008
31942
31302
31136
31371
30390
30696
31052
31336
31481
31076
32388
31890
31792
30192
32010
32056
31286
31876
31933
31709
32314
31992
31468
31721
31770
32084
31717
32916
32010
31453
31248
31914
32324
31410
31143
31380
31711
32832
32295
33026
32420
31845
31726
30760
31929
32280
31652
31081
31734
30980
32170
30808
31640
31284
31268
31508
31796
32328
31694
31436
31174
32069
32256
31788
31821
32246
32628
32392
33042
33362
32336
32490
32290
32057
32260
32920
32237
32702
32549
32142
31416
32315
32068
32377
31711
32152
32415
32427
32027
32314
32296
31814
32081
32980
32409
32106
32140
33024
32142
32944
32605
33082
32918
32373
32635
32709
32354
32824
32620
32140
33220
32478
32746
32587
32650
33046
32989
32896
33026
32578
32475
33438
32700
33394
32834
32213
32602
32852
32762
33460
33024
32735
33259
33124
32671
33000
32966
32548
33208
32866
32266
33239
33682
32500
33526
33387
33158
33692
33070
33611
33165
34781
33340
33375
33542
33256
33945
33866
34116
33282
33325
33243
33218
34522
34737
33995
33930
33460
34132
33958
33606
33430
33142
32637
32768
32489
32356
33404
33673
34038
33663
33633
33978
34672
34004
33809
33933
34033
34394
33247
34505
34166
34082
35008
34686
33636
33370
33933
33940
34061
33986
34344
33433
34234
34316
33848
34350
33204
34553
33930
34633
34468
34116
34164
35082
34340
34628
35028
34617
34572
34619
35672
35530
35601
34994
34683
35336
34687
35138
35545
34782
35000
35096
35269
35392
35083
35374
36204
35498
36165
35682
35634
35632
35448
35899
35718
35165
35397
35912
36363
35826
36459
35576
35722
36434
36096
35812
36372
36567
36416
36906
37133
36166
36171
36232
36301
36896
36196
36674
36668
36162
36426
37864
36630
37362
37085
37370
36243
37326
37578
37710
37268
37448
37998
37764
37864
37301
37621
37942
38317
37980
38220
39658
38964
37726
38233
38005
38353
38642
38464
38346
38259
39008
38613
39168
38740
39108
38663
39051
39060
37972
38980
39200
39876
38842
39702
39877
40449
39130
39854
39106
40091
39914
40025
40468
40570
40760
40330
40692
41100
40637
40576
40860
40992
40480
41269
40818
40830
41383
41152
41035
40656
40950
40666
40976
42323
41998
41373
41565
42137
42357
42122
41947
42032
42705
41396
42287
42572
43338
43008
42630
41512
42454
43253
42500
42926
43049
42893
43452
44072
43453
43832
44184
44180
43461
44202
44555
44552
44258
43849
44361
44185
43124
44938
44493
44538
45364
44921
44508
44405
44571
45109
45422
44987
45714
45453
45237
46150
45570
46395
45879
45861
45624
46869
46194
47056
45718
46548
46842
46612
46400
47096
46504
47812
46892
46559
46788
47529
47652
46861
47724
47955
48055
47670
48026
48037
48649
48276
48384
48810
47947
46948
48523
48942
48792
49037
48612
48344
48384
50073
49382
49188
48846
50037
50029
49408
49934
49601
50202
49553
49736
49902
50062
50304
50744
50240
50522
50792
51594
50917
51604
50441
50720
51037
50772
51039
52388
50724
51297
50964
52396
51256
50781
51191
50779
51382
50788
51328
50844
51713
51606
51563
51362
52457
52216
52580
51748
51988
51920
51712
52352
51788
53098
52500
52442
52644
52431
51686
51664
51602
52078
52033
52812
52596
52182
52556
53469
53453
53978
54596
53684
54068
54201
53626
53760
54042
53560
55645
54389
53770
54109
54080
54112
54886
54740
54099
55464
54741
54692
54907
54762
55139
54602
55898
54701
55362
55328
55513
56388
55552
54528
55926
55707
55354
55324
54989
56148
55604
55770
55396
55636
56732
56269
56027
55666
56435
56196
57105
56432
56688
56356
55450
55891
55851
56448
55141
55278
55261
54774
55396
55108
55734
55960
56224
56440
57076
56533
56174
56576
56175
56425
56438
55659
55605
56342
56260
57487
56722
57604
57740
57000
57384
56854
56612
56770
57509
58218
56805
56875
57974
57646
57180
57194
57754
57278
58084
57472
57143
57516
57365
56744
56741
58197
57659
57244
57540
57728
57540
56852
58212
56806
57300
57402
57641
57308
57183
56912
57360
57578
57838
57453
58045
57526
57573
58452
57274
58756
58564
57876
57926
57728
58488
58584
58200
58785
58068
58039
57497
57516
58189
57532
58256
57786
56960
58034
58061
57928
57272
57362
58352
56966
57357
57290
57284
57708
58201
57245
57300
57771
57270
57339
57722
57522
57428
57338
56281
57600
57277
57050
57454
57064
57064
56795
57311
57368
57020
55492
56236
55949
55640
56630
56309
55552
56072
55876
57847
57037
56946
57830
58056
58068
58093
57600
56152
57156
56832
56948
57316
55984
56984
56042
56824
56864
56834
57604
56660
56644
55668
56357
56672
55996
56248
55990
57049
56960
56185
56036
56524
55936
55962
57132
55928
56416
56525
56309
55214
56023
56456
56109
55211
55533
56180
55401
55592
55086
56016
53720
56324
55381
55434
55223
54756
54728
55272
55466
54573
54744
53960
54372
54080
54681
53530
54600
53258
54852
54283
53593
52932
54026
53764
53092
52872
53040
52629
53596
53558
52093
53733
52806
53403
53674
52458
52621
51568
52509
52598
52228
50509
52123
53198
52201
52308
52484
51714
50486
51770
52556
51300
51161
50980
51524
51194
50632
51062
50910
50909
50184
50708
51307
50267
50550
50240
49368
50184
49796
49500
50061
49917
49857
49493
49408
49830
49268
48456
48428
48548
48008
47087
47380
48518
47364
47707
47745
47974
48697
48651
47752
47092
47885
45993
47634
47284
46130
46606
46661
47593
46788
47232
47232
45878
45352
46245
45620
45581
46084
45515
44811
45320
44104
44926
44946
44388
44724
44212
45112
44986
44224
44033
43492
43805
44635
43844
42760
43685
43039
42588
43066
42407
43073
42264
42408
41588
42635
41659
42074
41973
40966
42072
42053
40728
41096
40792
40799
41300
40720
40370
39673
39875
39994
40132
40453
39424
39768
38733
39629
39357
38188
39081
39481
39105
39250
38564
39317
38217
38653
37923
37514
36552
37249
37417
36944
36950
37480
35645
36745
36726
36920
35530
36416
36404
35540
35772
35505
35428
33835
34962
34806
33724
34376
32880
34426
34444
34424
33464
34020
33780
32868
33736
33289
33779
33560
32996
32861
32362
31104
30331
30424
30646
30340
30312
30980
30687
30825
31575
31364
31012
30904
30809
30820
30976
29314
29748
29362
30373
29072
28956
29273
28867
29356
28864
29126
28660
28429
27796
27294
27424
28179
28043
28225
27306
27401
27151
27348
26951
26850
26667
25748
25272
27252
25373
25728
25993
24922
25407
25708
25154
24865
24452
24468
24215
24297
24962
23432
23900
25161
24208
22942
23145
24091
23204
23442
22673
22557
22753
22917
22226
21753
22534
22903
22061
21308
21709
22412
21570
21326
20791
21373
20720
21356
21084
20949
20496
20548
20068
19407
19919
19793
19832
20170
19942
20201
18539
18658
18754
18628
19380
19773
18855
19529
17801
17846
18523
17982
17882
18505
17726
18510
17851
18028
18104
17359
17632
18167
16852
16761
17570
17722
16217
17337
16538
16587
16383
16319
16621
16121
15298
15791
16340
16144
15604
15153
16103
15227
15716
15584
15258
15289
14708
14781
14201
14543
15974
14785
15563
14002
14364
14776
14022
14203
14164
14379
13907
13758
14070
13604
14200
14050
13837
14754
12896
13833
13752
13279
13224
13403
12929
13467
12789
12834
12947
13572
13911
12342
12203
12523
13256
12635
12613
12172
12777
12232
11647
11702
12384
12920
12744
12382
12358
12132
12516
11481
12809
11876
11935
11250
11925
11405
11869
11372
11506
11782
11172
12366
11588
11910
10897
12396
11373
11420
10785
10920
11840
11624
10691
11299
10080
11434
11060
11780
11452
11663
11062
11552
10719
10233
11128
10967
10406
9790
10687
11261
11003
10945
10427
10722
10485
10472
11361
9676
10681
10459
10443
9342
10145
10239
10507
9811
10317
9855
10530
9870
10245
10219
10849
10232
10370
