8604
8776
8111
8574
8230
9825
7974
8298
8482
7899
8338
7665
7919
7812
7564
9124
8859
7966
8924
8715
7528
8229
7561
8283
8830
8250
8540
8011
8062
8538
8491
7927
7814
7856
7877
8224
7636
8603
8230
8855
8387
8094
8188
8474
8590
7802
8939
7840
8699
8536
9494
8945
9079
7948
8129
7992
8359
7753
8205
8572
8162
7938
8798
8758
8065
7945
8299
7723
9034
8887
8523
7520
8194
8500
8677
8530
8069
8583
8057
8086
8840
8364
8517
8169
8393
8666
8460
7592
8782
8632
8535
8974
8730
8227
8021
8596
8348
9315
9346
8204
8752
8147
8895
8013
8710
8637
7845
9101
7788
8236
8652
8187
9220
8759
8853
8086
8106
8922
8825
8885
8721
8425
8083
8752
8757
9108
9157
8671
7877
8582
8280
8272
8725
8600
8732
8340
9236
9085
8772
8390
8697
8731
8322
8628
8820
8778
8762
9056
8335
8559
9131
8375
9093
8636
8129
8575
9050
9206
9088
8670
9757
8537
8645
8457
8634
8965
9061
8157
9060
8065
8612
8795
8708
8077
8633
8170
8652
9197
9117
9013
8754
9431
9182
8539
8755
9330
8956
8448
9316
9329
9166
8650
9113
8820
8519
8790
8505
8983
8851
9414
8095
8254
8918
8755
8331
8680
9045
8865
9201
8814
8825
8996
9512
8914
8392
8090
8876
8840
9050
8905
9368
9041
9109
8418
9372
9190
8889
8985
8462
9310
8393
8487
8980
9132
8519
8789
8932
8731
9025
8912
9473
8834
8526
8928
9126
8850
8988
9229
8709
9419
8470
9173
9077
9266
8900
8932
8560
8634
9266
8494
8594
9286
8609
9290
8499
9058
8605
9017
8975
9850
9570
9258
9435
9376
8404
8950
9398
8629
8556
9356
9060
8740
9438
8628
9229
8405
9192
9328
9242
9103
8739
8538
9060
9273
9733
8910
9120
8897
8530
9055
9181
9198
8320
8964
8594
9004
8769
9041
9103
9340
9204
10020
9613
9010
8742
9203
9662
8987
9658
8838
9939
8173
9163
9113
8998
8722
9571
9200
9334
9448
9116
8454
8612
8929
8800
9408
9117
8901
8946
8809
9638
9350
9449
8645
8960
9064
9472
9203
9258
9607
9329
9328
9263
8713
9620
9204
9212
9810
8811
9417
8476
9487
9527
8293
9410
8632
8848
8617
9419
8971
8560
8576
9349
9163
8716
8921
9007
8466
8806
9174
8416
9577
8511
9154
8725
8766
9194
8621
9315
8833
8939
9719
8551
9144
9432
8950
9307
8857
9252
8844
9357
9563
8956
9406
9486
9101
9137
9765
9072
9210
9750
9075
9704
9538
8975
9438
9030
9062
9043
9298
9170
9404
9161
9328
9189
8821
9181
8154
9083
9320
8542
9271
9079
9127
9153
9268
9357
9284
9407
9113
9068
9270
8944
8475
9546
9494
8981
9548
9095
9277
8877
9012
8983
9263
9052
9947
9013
8540
9572
8826
9105
9060
9160
9633
9156
9665
9182
9341
8897
9203
9389
9683
8806
9668
9927
9262
9629
8716
9517
8606
8753
8688
9238
9712
9392
8553
9915
9164
8890
9276
9116
8964
8794
8590
9217
9582
10352
9635
8975
8630
9528
9622
8896
9255
9628
9215
9720
8659
9168
8634
9263
9299
9407
9988
9069
9537
9571
9456
8562
9358
10078
9376
9489
9055
8832
9572
9458
9421
9188
9451
9428
9076
9271
9485
9082
9707
8842
9565
8862
9895
9207
9576
9524
9416
9644
8793
9658
8701
8771
9192
9522
10300
9255
9561
9650
9184
9782
9304
9071
10028
8889
9117
9408
9484
9319
9804
9827
8714
9476
9154
9044
8757
9252
9062
8471
9669
9686
9425
8683
9449
9574
9163
9332
8864
8483
9550
9382
9686
9323
9300
9339
9295
8967
8713
8635
8723
9506
9021
9061
8971
9074
8791
9085
9918
9410
9529
8840
9477
9141
8948
8814
8908
9473
9287
9233
9453
8923
9652
8930
9732
8906
9313
9761
8982
8932
9360
8484
9375
9541
9541
9598
9054
9333
9278
9821
8204
9010
9568
9286
9965
9000
9297
8874
9705
9926
10210
9977
8954
9197
8838
9641
8755
8926
9358
9221
8692
9613
9457
9336
9476
9303
9236
9475
9700
9487
9070
9270
9332
9418
8980
9523
9233
9135
9813
9666
9201
9074
9344
9075
10356
9446
8807
8514
8983
8976
9170
9401
8714
9381
9805
9495
8901
9497
9538
9187
9217
9113
9703
9740
9215
9581
10026
8950
8859
8903
8801
9365
9426
8997
9771
8830
9025
9322
9501
9439
9022
8409
9688
9436
9789
9389
9109
10173
9401
10226
9245
9375
8908
9880
8839
9900
9767
9363
8831
9529
9414
9765
9429
9687
9706
9310
9227
8778
9390
9210
9508
8873
8424
9236
9228
9616
9302
9479
9760
9313
9070
9459
9444
9545
10190
9577
8954
9344
9490
8710
9731
9062
9369
9160
9315
9303
9488
8976
9147
9339
9193
9457
9313
9866
9127
9603
9850
9693
10012
9603
10117
9065
9239
8894
9647
9155
9640
9200
9968
9144
9559
9455
8948
9560
8370
9717
9557
8873
9298
9386
10039
9226
9417
9406
10207
9075
9052
9626
9309
9484
9594
9090
9176
9048
9564
9576
9988
9017
9303
9287
9568
9740
9225
9588
9623
8870
8890
10250
9055
9189
8786
10030
9494
9133
8591
9241
9642
9581
8756
8936
9495
9676
9359
9924
10565
9222
9083
9295
9300
8615
9887
9523
9384
9865
9222
9810
9778
9868
8759
9124
9979
9812
10170
9327
8978
8559
8799
9193
9209
8577
9658
9222
9215
9340
9092
9736
9673
9043
9372
9028
9876
9085
9076
9504
8924
8872
9764
9462
9808
8868
8700
9481
9666
9583
8903
9723
9584
9460
8949
9432
10138
9450
8593
9748
8737
10036
8835
9517
9186
9315
9077
9219
8746
9066
9178
9742
8980
9110
9570
9314
9732
9130
9054
9743
9114
9068
8442
9530
9531
8940
9517
8571
9019
9573
8586
9100
9666
9253
9525
9710
8850
10081
8498
9324
8848
9095
8724
9200
9263
9553
9180
9334
9090
9438
9067
8874
9643
9504
9546
9974
9780
8846
9274
8647
9973
9173
8857
9598
9842
9811
9669
9126
8763
9245
9257
9031
9037
9132
9147
9603
8834
9144
8906
9589
9494
8978
9326
9352
9220
9908
8910
8980
8695
9007
8602
8918
9537
8888
9463
10207
8982
9130
8727
9269
9684
9134
9908
8947
9728
8464
9473
9327
8871
9944
9652
9495
9281
9127
9511
9233
8960
8852
9296
9245
8778
9670
9229
9460
9261
8899
9250
9034
9220
8756
9278
9450
8998
10389
9027
9069
9266
9673
9028
9346
9588
9474
9879
8868
9488
9687
9529
9770
10037
9220
9338
9057
9766
8968
10037
9198
9036
9133
8856
8388
9594
9418
9316
8880
9080
9641
9268
8828
9160
9120
8868
9544
8937
9300
9142
9204
9268
10346
9134
9099
9099
9957
9433
9345
9874
8860
9737
9380
9724
9440
9232
9508
8821
9593
8850
9110
9280
8723
9089
9966
9714
9491
9644
9401
9805
9137
10014
9115
9016
10056
9444
9132
9450
8964
8594
9586
9303
9750
9961
9531
9349
9560
8862
10413
9724
8987
9405
9202
9725
9139
9552
9188
9121
9191
9646
9050
9492
9313
9698
9129
9717
9071
9061
9302
10226
9661
9106
9745
9912
9135
9655
9589
9114
9423
9354
9762
8378
9655
8858
10029
9149
9531
9536
8237
9595
9124
9642
9493
9344
9340
9494
9761
9114
9506
9090
9362
8901
9980
9200
8804
10085
9154
9452
9787
9249
9906
9061
9300
8842
8982
10045
9753
9406
9416
8735
9151
9183
8965
8922
9243
9654
9368
9011
9188
10082
8970
9929
8846
9186
9401
9611
9188
9330
9332
9442
9287
9848
9775
8544
9726
9564
10086
9316
9365
8938
8633
9352
9634
9172
8859
8844
9418
9651
8742
9370
9180
9382
9487
9197
9135
8721
9694
9974
9323
9637
9891
9274
9807
8998
9524
9069
9555
8954
9740
9629
8891
9100
9670
9647
9511
8738
8858
9913
8976
8491
9770
8889
9874
10182
9190
9240
8520
9173
10123
10012
9218
9308
9687
9222
9782
9657
9180
8948
9158
9278
8790
9465
8818
9476
9597
9252
8656
9040
9352
9453
9394
9589
8886
9988
8731
9104
9565
8979
9294
9444
9180
9985
9175
10236
9251
9434
9588
8685
9583
9677
9950
9448
10189
9008
10056
9463
9728
9586
9248
9172
9236
9592
9442
9749
9314
9017
9230
9653
9622
9038
9165
10061
9522
9570
9532
9299
9384
9332
9538
8757
9460
8735
10283
9369
9697
9227
9632
9566
9268
9481
9973
9630
10008
10034
9734
8549
9590
10055
9524
9275
10351
9622
9615
9387
9308
9301
8924
9681
9980
9201
9749
9756
9581
9373
9295
9864
9338
9556
9275
9983
9651
9408
9512
9096
9994
9526
9196
9734
9246
9757
9904
9634
9580
9399
8786
9905
8898
9740
9218
10229
10244
9049
9352
9581
9819
9592
9529
9647
9306
9089
9443
10065
9250
9477
9315
9370
8960
9478
9369
9610
9627
9285
9888
9581
9702
9492
9724
9396
9696
9381
9723
9614
9753
9460
8828
9235
9141
10045
9548
9624
8558
8850
9199
10255
9564
9577
9652
9534
8852
9051
9673
9704
9939
9351
9898
9452
9071
9637
9561
9652
8942
9794
9624
9681
9550
9480
9267
9114
9112
9797
9094
9515
9359
10041
9668
9430
10005
9944
9237
9674
9852
10272
10178
9863
9642
9696
9187
9464
9261
9845
9612
10185
10396
9651
9876
9051
10318
9615
9281
9907
10294
9150
9936
9091
10027
9274
9923
8895
10186
9851
9412
9286
9754
9272
9527
9511
9183
9845
9531
9169
9133
10364
10242
9520
9758
9276
9517
9869
9131
9756
9365
10206
10021
10042
10041
9376
10447
10061
9860
9390
10013
9644
9677
9563
9700
9786
9281
9631
8973
9356
9596
9536
10006
9963
9583
9691
9776
9282
9676
10128
9869
9950
10131
9370
9878
9385
9335
9498
9988
10030
9745
8973
10254
9511
10033
9440
8764
9800
9286
9433
9372
9732
9864
9687
9580
10205
9748
10188
9491
9306
10060
10065
10319
9844
9718
9732
9801
9852
9429
9609
9632
9921
9519
9932
9916
9588
9682
9971
10066
9746
9916
9037
9125
9313
9442
9407
9126
9416
10034
9782
9948
9373
9588
9869
9870
10235
9639
10253
9818
9913
9767
9519
10324
9714
9476
9587
10218
9472
9236
10320
9966
9811
9964
9679
9847
9036
10175
9474
9719
9751
9407
9842
9604
9979
10297
9784
9806
9687
9845
9691
10008
9922
9702
9325
9497
9440
9160
9197
10053
9876
10201
9206
10166
9924
9697
10277
9914
9949
9900
9957
10626
9773
9717
9851
9177
9821
9817
9537
9330
10016
9313
10812
9544
9099
9843
9945
10101
9900
9967
9699
9507
9302
9930
10018
9439
9131
9730
9786
9649
10437
10021
9256
9373
9540
9874
10035
9085
9344
10013
10288
8832
10203
9677
10388
9967
10285
10149
10410
9803
10468
9688
10132
10125
9358
9979
9400
10848
9890
9433
10025
9717
10397
10197
9984
10186
10125
9770
9488
10258
10068
9808
10486
9698
9700
10011
9147
9552
9542
10041
9814
9679
9979
10251
10575
10372
9574
10010
9544
9433
10224
9583
10080
10169
10220
10126
9480
10018
10099
9699
9714
10276
10099
9704
9634
10301
9625
10364
10082
9609
9709
9956
9991
10098
10579
9367
9836
9634
9445
10147
10534
9709
10796
10650
9682
10519
9949
9737
10064
10090
9981
9808
10414
10174
9517
10180
10620
10827
9760
10222
10283
10614
9352
10113
10327
10488
10405
10597
10166
9539
9649
9838
9732
10488
10498
9426
10126
9987
10240
10813
10316
10094
10173
10182
9778
10568
10063
10104
9946
9822
8936
9728
10239
10371
9804
9738
10653
9645
10189
9972
10037
9794
9128
9945
10310
10357
9966
10569
9971
9783
10240
9702
10139
10057
10011
10340
10305
10323
9635
11170
9764
9803
9878
10634
10686
10111
9917
10155
10091
9979
10141
9423
10124
9180
10181
9659
10207
10529
9834
10604
10252
10833
9803
10200
10832
9849
9719
10365
10481
10395
10248
10510
10596
9889
10884
9827
9487
9525
9957
9908
10603
9930
9986
10054
9970
9979
9889
10023
10571
10929
9464
10773
9552
9847
10258
10141
10562
10655
10083
10506
10373
10145
10637
10425
10314
10592
10518
9984
10584
9780
10154
10723
9329
10260
10337
10781
10910
10920
10600
9779
9679
10332
10099
10901
10236
10760
10639
10299
9978
9782
10270
10607
10187
10272
10660
10285
9685
10311
10347
10793
10426
10327
10708
9745
11078
9956
10506
10243
9789
10687
10885
10576
9521
10101
10690
10388
10540
10007
10090
10445
10013
10765
10029
11141
10251
10176
10535
9324
9995
10133
10360
9805
11320
10246
10576
10050
10590
10686
10622
10522
10567
9484
9880
10612
10499
10604
10480
10606
10218
10170
10768
10991
10524
10343
9894
10292
10061
10557
9980
10642
9839
10342
10659
10900
10570
10422
10731
10681
10636
9940
10138
9859
10337
10156
9856
10778
11016
10545
9862
9942
10319
10603
11028
10541
9875
10422
10505
10426
10989
10443
10536
10331
10529
10648
11331
10129
10837
10063
10591
10207
10211
10115
10425
10615
10496
10166
11165
11234
10106
11309
10456
10333
10855
10770
10313
10765
10632
10479
11167
10284
10624
10911
10417
10291
10950
11087
10601
10922
10959
10386
11449
10957
10927
10280
11456
10914
11465
10521
10959
10685
11571
10935
10835
11052
11035
10415
10585
11493
10092
11614
10564
10453
10724
11408
11972
10555
11130
10339
10956
11121
10810
10247
10887
10983
11172
10504
10600
11065
10558
10547
10503
11081
11044
10715
10912
11002
11011
11668
10467
11194
10552
11315
10922
11023
11172
10790
11242
10245
11181
10238
11229
11373
11272
10778
11230
11284
11226
10978
10681
10849
10720
11215
11154
10594
10896
10600
11254
11898
10919
11016
10611
10838
10760
11589
11348
11327
10694
11128
12230
11255
11087
11202
10572
11079
10730
10732
11163
10666
11346
11252
11489
11716
11579
11418
11615
11077
11245
10955
11154
11252
11177
10905
11183
10638
11012
11285
11406
10799
11085
11797
11693
12025
11939
10856
11553
11051
11462
11231
10895
11198
11584
11010
11588
10920
10717
11192
11295
11358
11158
12289
11738
12028
12170
11290
11155
11624
11568
11350
11773
11150
12064
12019
11981
11244
10957
11600
12396
11677
11610
11842
11866
12187
11654
11660
11091
11362
12148
12120
12086
12480
11781
11912
11925
11603
11573
12056
11318
12032
12102
11960
11731
12059
11195
11890
11098
11214
11315
12157
11818
11066
12120
12048
12256
12292
12260
11842
12494
11453
11407
12080
11590
11864
12517
11287
12650
11450
11590
11986
12838
11663
11866
11649
12742
12085
12170
12334
12518
11994
12578
11943
12407
12025
12595
12331
13028
12369
12590
12194
12253
13007
12544
11441
12449
12007
12918
11929
12367
12298
12141
13046
12230
12419
12931
12760
12616
12850
13000
12627
12928
11962
12256
12263
12724
13610
12566
12057
12308
13237
12876
11872
13148
12528
13113
12048
12580
13001
13056
12704
12940
12745
12790
13230
11872
12866
12762
12741
12356
12817
12781
13022
12480
12940
12986
13428
12980
13399
13189
12596
13050
13996
12596
13218
13765
12564
13260
13156
13113
13499
12771
13473
13316
13006
12517
12993
12456
13126
13487
13580
13746
13763
13348
13183
13785
13145
12994
13192
13304
14016
13298
14466
14196
13797
12481
14408
13969
13548
14205
13804
14247
14148
14156
14064
13838
14040
14242
13928
14829
14305
14157
13912
14313
14461
13781
13717
13882
14301
15223
15077
14980
14957
14071
14445
13664
14831
15001
14686
14091
14849
14610
15200
14365
14986
14806
14475
14065
14849
15130
14331
14664
14174
14872
14848
14750
14794
14955
15400
15197
15885
15718
14976
15317
15604
15112
15525
15954
15325
16072
15472
15141
14950
15666
15342
15744
15449
15372
16010
16025
15467
15529
15672
15772
15806
16404
15845
16110
15641
16372
15922
16231
16238
16928
16834
15922
16329
16141
16132
16378
16122
15744
16869
16388
16549
16578
16441
17168
17067
16520
16952
16731
16721
16925
16678
17696
16876
16072
16734
16871
17602
17638
17217
16437
17754
17488
17549
17577
17647
17135
17472
17536
16986
17881
18361
17457
18078
17912
18236
18596
18024
18244
18080
19627
18505
18471
18470
18342
18918
18649
19244
18509
18925
18219
18377
19688
19840
19242
19243
19528
19521
19778
19045
19453
19310
19488
19354
18845
19002
19380
19584
19908
19688
19357
20068
20562
20426
20050
19850
20058
20603
20256
20684
20894
20260
21528
21018
20328
20132
20801
21021
21072
21257
21633
20558
21176
21375
20642
21858
20485
21494
21022
21836
22123
21537
21864
22037
21760
22228
22268
22790
22008
22308
23005
23339
23140
22968
22488
23191
22912
23106
23754
22765
22957
23236
23537
23229
23391
23624
24418
23823
24258
24336
24597
24175
23876
24346
24314
24168
24619
24805
25220
24920
25069
24679
25095
25543
25126
24996
25298
25972
25912
26443
26299
25429
25800
25554
26892
26566
25866
26566
26351
26165
26804
27881
27238
27478
27401
27684
27002
27546
28076
28081
27546
28425
28173
28656
28738
27635
28146
28867
29306
29255
29227
30252
29578
29082
29732
29291
30075
30022
29806
29986
30084
30888
29912
30777
31206
30837
30502
30882
30784
30437
31189
31194
32356
31136
31819
31964
32528
31898
32342
31879
32544
32727
32744
33223
33281
33453
33676
33700
34552
34015
33625
34048
34232
33640
34179
34505
33878
35392
34852
34972
34415
34798
34743
35411
35541
35908
35445
36032
36233
36157
36567
36068
36397
37254
35876
36570
37556
37865
37506
37252
36498
37589
38196
37638
38084
38069
38185
38761
39582
38997
39119
39956
40160
38821
40164
40555
40580
39932
39001
39829
40328
39621
40857
40453
40802
41565
41030
41286
41565
41626
42120
41668
41732
42181
41616
42214
43380
42381
43053
42420
42826
42523
44304
42894
44531
43563
43821
44312
44614
44250
44616
44226
45412
44682
44189
44676
45356
45270
45274
46138
46466
46198
45138
45870
46144
47193
46825
46836
47144
47051
46491
47316
47888
47478
48124
47012
47725
47145
48754
48516
48685
48654
49209
49012
48921
49150
49164
50029
49712
49346
50043
49734
50631
50328
50036
50221
51418
51566
51220
51784
50587
51135
51034
50861
51846
52742
51520
52131
51399
53914
52297
51380
52218
51537
52136
52058
51947
52184
52602
52717
52772
52634
53546
53995
53696
53832
53028
53988
53354
53760
53172
54439
53848
54418
54300
54173
53512
53724
53994
54175
54676
54486
54688
54888
54304
55918
55732
56475
57366
56329
57172
56760
56680
56448
56598
56756
58468
57308
56464
57046
57856
57636
58765
57306
57476
58697
57696
58006
58326
57789
58170
58516
58820
58276
59017
59403
58799
59209
58938
58456
59469
60381
59309
59156
59096
60109
59496
59282
59865
59594
60409
60358
60042
59990
61018
60864
60806
60771
60484
60804
60008
60388
60736
61371
60164
59802
60601
59352
60238
59397
60343
60500
60890
60837
61435
61656
60890
61430
61431
62153
61492
60736
60289
60960
61248
62251
61846
62139
63284
62264
62720
62146
62029
62268
62189
63056
62498
62084
63640
62330
63348
62472
63188
63244
63289
63289
62504
63492
62756
63029
62347
64178
63545
63578
64128
63530
63254
62877
63524
61952
62788
63124
63432
63336
62792
63357
63820
63877
63934
63593
63962
64027
63649
64524
63812
65003
63835
64390
63789
64212
64525
64792
63979
64768
63542
64137
62925
63744
64174
63209
63972
63748
63621
64086
64710
64544
63882
63423
64438
63176
64136
63861
63898
63908
64219
64269
63654
64345
63770
64116
64419
63829
64086
63616
63444
63706
63164
63732
63693
63180
63301
63788
63220
63404
63017
62048
62409
62242
62080
63385
61736
61732
61997
62314
64436
62906
64054
63749
63904
64064
64298
63627
62720
62904
63983
63672
63160
63026
63145
62953
62916
63496
63418
64120
63080
63186
62487
62770
63584
62490
62697
63104
63208
62740
62248
62132
62820
62408
62522
63206
62592
63264
63094
63211
62090
62476
61844
63021
61741
61568
62672
62199
61730
61704
62436
60653
62596
62537
61736
61512
61133
61271
61514
62390
61494
61004
59920
60413
61402
60913
60398
60240
59812
60830
60648
59952
59536
60292
59847
59419
59318
59254
59404
59869
59865
59066
60068
59890
59069
59613
59428
59094
57944
58056
58930
58518
57492
58256
58904
57947
57940
58138
57868
56584
58070
58013
57672
58012
56692
57528
57133
56682
56625
57242
57069
56198
56786
57396
55700
56448
55698
55988
55961
55962
54612
55460
55981
56388
55366
54788
55494
55312
54615
53732
53668
53578
53249
53338
54106
52952
52885
53293
54220
53804
54100
53446
51917
53915
52452
53429
52793
51766
52216
52086
52932
51940
52612
52727
51296
50640
52012
51307
51110
51512
51234
49728
50452
49301
50020
50152
49480
50232
49177
50172
49890
49803
49156
48484
48973
49004
48792
48154
48947
48185
47898
48109
47125
47994
47348
47473
47144
48024
46880
47097
46781
45769
46580
46985
45336
46005
45487
45956
46149
45005
44372
44740
44452
44642
44633
44964
44436
44241
43588
44052
43736
43113
43498
44085
43309
43499
43032
44028
42937
42871
42240
41881
41592
41074
42090
41276
40891
41888
39748
41067
41017
41253
39789
40320
40333
39903
39609
39209
39773
38468
39324
39082
37514
38452
37124
37495
38122
38410
37514
37945
37986
36941
37755
37056
37521
37472
36330
36406
36116
34235
33828
33780
34056
33914
33906
34596
34168
34245
35933
34612
34270
35233
33889
33743
34090
32971
33072
32588
33465
32600
32580
32664
32420
32759
31652
32459
31556
31697
31131
30809
31284
31627
30808
30635
30327
30968
29846
30952
30115
29710
29584
29096
28330
29476
28044
28422
28720
27822
27931
28573
27801
27950
26650
27248
27327
26880
27330
26350
26485
27614
27101
26144
25729
26704
26178
25818
25320
25142
25079
25530
24793
24071
24922
25092
24640
23762
23772
24852
23956
23924
23290
23405
23298
23238
23272
22982
22436
22657
22406
21683
22304
22040
22127
22371
21812
22210
20826
20864
20872
20949
21079
21410
21387
21706
20004
19701
20106
19786
19696
20553
19947
20060
19672
19959
19419
18799
19110
20139
18834
18592
19124
19302
17832
19213
17984
18246
18018
18093
18344
18004
16843
17199
17857
18029
17014
16850
17851
17013
17466
17245
16848
16770
16624
16043
15688
16157
17211
16142
16881
15734
15930
16084
15524
15622
16000
15786
15636
15084
15646
15020
15545
15337
15109
15926
14248
14942
15001
14276
14472
14608
14314
14577
14101
14263
14020
14958
14928
13810
13480
13869
14496
14070
13773
13159
13874
13579
12682
12910
13736
14149
13553
13500
13211
13284
13568
12389
13768
12987
13138
12759
12761
12222
13050
12553
12449
13392
12230
13308
12680
13063
11833
13165
12452
12973
11684
11624
13087
12481
11787
12472
10989
12570
12263
12767
12135
12402
11836
12500
11733
11522
11778
11764
11643
10919
11614
12650
12041
12047
11800
11585
11474
11604
12274
10605
11563
11492
11758
10360
11314
11239
11488
10766
11165
10756
11428
10664
11307
11142
11463
11154
11180
