8315
8137
7855
7887
7749
9552
7472
7927
8120
7433
8058
7290
7420
7493
7307
8469
8230
7478
8411
8372
6973
7452
7139
7832
8076
7875
8013
7730
7285
8207
8282
7484
7114
7402
7647
7830
7117
8100
7762
8326
7835
7761
7645
7817
8102
7312
8289
7473
8220
8237
9187
8502
8525
7593
7858
7575
7680
7378
7716
8125
7362
7561
8309
8396
7939
7516
7769
7178
8315
8401
7895
7260
7576
7959
8236
8051
7891
8057
7812
7480
8502
8027
8233
7858
8094
8347
8073
7180
8205
8037
8192
8292
8350
7884
7353
8178
7733
8853
8903
7752
8225
7705
8448
7721
8290
8487
7349
8364
7425
7711
8428
7497
8571
7842
8065
7508
7741
8404
8521
8396
7994
7654
7506
8250
8338
8341
8731
8285
7196
8158
7781
7524
8071
7846
8143
7887
8680
8696
8148
7856
8332
8206
7611
8001
8610
8253
8218
8388
7797
8130
8554
7930
8464
8151
7550
8220
8355
8306
8378
8168
9115
7943
7925
7983
7779
8356
8326
7917
8628
7473
8117
8228
8407
7520
7915
7490
7985
8498
8448
8225
8148
8962
8632
7940
8411
8882
8223
7914
8355
8561
8844
8080
8762
8493
7903
8469
8032
8488
8348
8909
7537
7441
8523
8047
7954
8189
8431
8527
8725
8211
8436
8288
8834
8268
7868
7445
8444
8293
8209
8463
8781
8656
8663
7924
8851
8651
8010
8375
7764
8778
7546
7912
8324
8472
7897
8035
8274
8201
8751
8411
8843
8369
7880
8140
8581
8556
8480
8622
8044
8932
7932
8790
8419
8474
8210
8320
7968
8126
8966
7782
8073
8867
8000
8713
7778
8724
7812
8141
8503
9403
8906
8520
8893
8715
7730
8448
8955
8094
8082
8984
8658
8129
8789
7771
8589
7737
8082
8740
8599
8592
8416
8041
8464
8422
9332
8225
8636
8608
8108
8714
8553
8872
8035
8376
8003
8448
8212
8529
8377
8804
8388
9691
8944
8518
8058
8676
9032
8536
9096
8284
9043
7573
8369
8894
8232
8172
9280
8696
8552
8982
8545
8001
7868
8253
8010
9075
8845
8355
8226
8243
9140
8743
8856
7807
8391
8308
8637
8644
8568
8942
8612
8924
8829
8355
8906
8693
8632
9049
8259
8833
7980
8676
8893
7563
8936
8293
8347
8173
8828
8564
8144
7946
8699
8668
8189
8068
8326
7959
8188
8662
7876
8868
7764
8726
8508
8608
8926
8000
8662
8353
8384
9151
7875
8573
8935
8157
8772
8219
8585
8317
8584
8852
8170
8783
9075
8690
8640
9162
8739
8801
9057
8433
8997
8759
8434
8866
8552
8550
8554
8646
8550
8764
8743
8935
8922
8346
8571
7697
8408
8716
8112
8405
8734
8651
8390
8687
8796
8498
8434
8461
8508
8695
8591
7767
8697
8806
8640
8841
8301
8884
8047
8596
8684
8650
8372
9472
8526
8083
8935
8195
8179
8330
8797
8852
8581
9334
8585
9050
8422
8810
9054
8987
8314
8939
9386
8764
9120
8135
8996
7993
8397
8053
8937
9362
8910
8275
9338
8682
8361
8929
8715
8295
7941
8219
8564
8890
9791
9012
8516
8547
8924
8945
8512
8864
9238
8459
9187
8219
8607
8098
8883
8493
9167
9469
8612
8803
9205
9005
7962
8685
9364
8811
8794
8390
8289
9270
8963
9201
8920
8882
8955
8646
8894
9071
8736
9198
8548
9368
8272
9349
8516
9146
8909
8771
9225
8138
9108
8108
8385
8622
8930
9886
8951
8883
9281
8619
9215
9062
9053
9738
8492
8840
9005
9178
9026
9253
9099
8330
9162
8493
8385
8265
8599
8533
7936
9068
9141
8926
8272
9000
8939
8730
9108
8158
7968
9092
9032
9507
9040
8848
8938
9031
8571
8350
8186
8201
8874
8302
8574
8504
8648
8253
8662
9555
8984
9134
8477
8841
8869
8799
8445
8771
9147
8545
8591
9096
8513
9117
8561
9158
8725
8850
9405
8676
8243
8735
8030
8999
9086
9203
9048
8594
9043
9078
9454
7922
8701
8832
8768
9295
8640
9019
8501
9379
9430
9594
9429
8650
8715
8426
9331
8285
8324
8721
8871
8360
8983
8921
8842
9107
9000
8740
9221
9047
8878
8653
8708
8849
9085
8388
9041
8738
8776
9142
9251
8720
9032
8555
8438
10048
8832
8424
8023
8765
8747
8879
9055
8468
9007
9363
9114
8736
9145
9078
8999
9008
8983
9302
9356
8712
9412
9666
8681
8406
8765
8385
8930
9245
8714
9360
8416
8778
8828
9344
9124
8939
8364
9269
9097
9333
8888
9002
9553
9193
9845
8533
8887
8526
9600
8416
9439
9132
8959
8395
9025
9024
9486
9067
8993
9412
8859
9119
8135
9166
9056
9052
8565
8273
8923
8978
9321
8758
9275
9298
9075
8713
9197
9135
9300
9761
9365
8675
9119
9280
8556
9410
9026
9290
8869
8999
8802
9049
8704
8848
8983
8743
9267
8978
9608
9099
9301
9423
9581
9628
9441
9821
8612
8777
8383
9257
9050
9304
8986
9670
9015
9205
9207
8789
9214
8030
9418
9362
8537
9162
8956
9636
8890
9102
9210
10004
8911
8849
9596
9309
9328
9381
9086
9050
8888
9267
9191
9961
8793
9196
9028
9175
9631
8923
9445
9418
8804
8597
10194
8958
8837
8455
9659
9273
9026
8545
8979
9361
9262
8564
8787
9183
9508
9181
9799
10313
8842
8770
8934
9178
8380
9655
9338
9306
9574
9060
9467
9532
9668
8515
9051
9678
9760
9828
9141
8884
8433
8723
9064
9146
8701
9245
9243
8970
9187
8940
9307
9734
8709
9333
9068
9717
8916
8933
9292
8665
8953
9732
9168
9501
8696
8421
8947
9539
9387
8896
9898
9867
9285
8875
9146
10103
9215
8509
9832
8965
9879
8586
9593
9305
9155
9119
9330
8932
8939
9141
9711
9048
9080
9901
9430
9856
9207
8997
9588
9078
9177
8185
9503
9301
8841
9520
8497
8998
9689
8785
8933
9608
9367
9630
9781
8801
9945
8521
9243
8886
9266
8507
9306
9344
9608
9504
9264
9184
9430
8912
9161
9665
9401
9493
10158
9860
8867
9337
8704
10207
9200
8877
9528
9572
9740
9826
9316
8837
9408
9258
9281
9092
9222
9310
9747
8863
9162
8990
9636
9663
9022
9089
9416
9208
10071
8845
9039
8581
8809
9102
9285
9909
9079
9683
10442
8954
8957
9000
9375
9707
9447
9957
8842
9920
8538
9512
9605
9280
10248
9728
9631
9661
9070
9851
9408
8982
9114
9785
9492
8951
9839
9592
9445
9090
9281
9415
9416
9186
8911
9255
9929
9087
10507
9261
9234
9713
10017
9033
9578
9822
9805
9983
9290
9681
9773
9888
10009
10269
9543
9715
9337
9946
9174
10322
9581
9299
9157
9192
8655
10111
9530
9632
9212
9598
9890
9498
9264
9522
9445
8936
9848
9364
9500
9342
9537
9612
10620
9402
9760
9264
10336
9691
9578
10072
9181
10166
9596
10067
9819
9785
9835
8965
9595
8731
9162
9309
8797
8995
10128
9720
9572
10009
9804
10309
9468
10232
9565
9341
10642
9542
9385
9991
9485
8993
10060
9836
10194
10168
10093
9867
9915
9300
10843
10208
9489
10092
9892
10093
9380
10423
9755
9651
9768
9741
9433
10073
9706
10216
9714
10236
9541
9794
9905
10781
10061
9611
10223
10418
9384
10215
10027
9704
9779
9738
10374
9086
10249
9392
10584
9715
9943
10316
8789
10002
9670
9990
9922
10054
9856
9844
10356
9646
10139
9822
9948
9467
10645
10015
9472
10491
9882
10507
10511
10065
10692
9670
9996
9525
9996
10918
10385
10236
9958
9526
9851
9735
9771
9489
9942
10203
10352
9670
9821
10623
9770
10946
9645
9945
9980
10529
9659
9926
10116
10174
10250
10715
10335
9788
10443
10499
10756
10338
10341
9696
9430
10054
10314
10054
9753
9966
10328
10513
9783
10120
10200
10303
10304
10086
10023
9572
10372
10675
10363
10350
10973
10010
10669
10166
10313
9738
10522
9850
10545
10683
10138
10297
11005
10657
10378
9753
9861
10656
10142
9545
10760
9968
10845
10985
10331
10553
9790
10341
11290
11084
10397
10484
10901
10447
10810
10980
10062
10006
10120
10269
10137
10658
9955
10591
10945
10363
9829
10101
10436
10590
10298
10596
10095
11147
9933
10393
10871
10331
10576
10696
10636
11116
10316
11377
10549
10662
11165
10020
11049
10765
11272
10656
11281
10130
11214
10900
11307
11019
10432
10619
10687
10728
10866
11152
10641
10404
10546
11009
10973
10439
10735
11586
10986
11340
11023
10733
10578
10842
10965
10212
10884
10415
11911
10889
11175
10887
11062
11358
10656
11352
11556
11293
11619
11768
11332
10034
11307
11707
11168
11048
11908
11146
11476
11146
10940
10991
10516
11043
11659
10825
11267
11432
11037
11025
11097
11405
10914
11601
11109
11771
11396
11287
11344
10990
11770
11315
11141
11673
11306
11667
11567
11341
11330
11366
10936
11908
10562
11666
10955
12137
12357
10916
11137
11667
11650
11497
11538
11873
11209
11161
11480
11944
11378
11540
11192
11314
11092
11801
11472
11476
11655
10964
12042
11526
11565
11521
11873
11725
11959
11670
11841
11909
12159
11762
11253
11437
11199
12154
11883
12033
10747
11161
11673
12353
11974
11708
11920
11489
10867
11150
12124
12389
12316
11558
12074
12016
11612
11883
11880
12005
11472
12187
11980
11925
11890
12124
11573
11484
11546
12353
11651
12046
11821
12338
12305
12216
12504
12776
11672
12306
12345
12765
12977
12324
12252
12308
11724
12287
12130
12246
12340
12935
13362
12175
12329
11922
13122
12311
11940
12877
13053
11964
12672
12059
12741
11933
12569
11883
13147
12849
12436
12322
12890
12322
12512
12544
12290
12844
12525
12202
12126
13262
13461
12704
12843
12544
12461
12834
12451
12762
12306
13389
13034
13484
13228
12492
13757
13081
12869
12834
13196
13005
13285
12805
12966
13435
12783
13030
12492
12811
13013
13144
13509
13582
13301
13029
13303
12678
13099
13467
13657
13649
13849
12835
13597
13110
12916
13274
13824
13932
13460
12726
13846
13151
13675
13140
12503
13682
13120
13106
13258
13628
13490
13370
13876
14279
13811
13930
13524
13126
13991
13920
14350
13960
13848
13534
13862
14173
13733
13568
13688
14135
13405
14170
14119
13824
13730
14020
14319
14057
14232
13369
13357
13858
13876
13576
13350
13764
14109
14373
14248
13958
13888
14235
14354
14781
14064
14804
14286
14550
14492
14085
14925
14442
14128
13807
14808
14175
14101
14702
14684
14378
14795
14303
14452
13952
15234
14358
14283
14786
14493
14858
14536
14863
14927
14560
14916
14756
14848
14559
14839
14965
14713
14259
14395
14571
14500
14297
15326
15097
15397
14216
15489
14979
14884
15040
15501
15453
15295
15188
15886
15089
15282
15557
14487
15602
15394
15113
15492
15342
14851
16493
15333
14973
15370
15155
15809
15631
15788
15542
15344
15267
15820
16066
15194
15130
15692
15620
15590
16600
15816
15513
15527
15656
16135
16027
15125
15758
16243
16329
14963
16800
15703
16405
16173
16630
16429
16508
16097
16468
15951
16434
16161
16018
16412
16005
17418
16226
16019
16450
16434
16468
16696
16521
16402
16975
16406
16354
17018
16961
16624
17156
16537
16679
16704
16367
16424
16326
16899
16489
16621
16796
17214
17494
17352
16389
17097
16834
16230
17363
17193
17270
17477
17557
17398
16568
17410
17646
17143
17213
17689
17433
17093
17154
17624
17342
18043
17748
17675
17307
17757
17653
17303
18557
17497
17754
17338
17472
17924
18564
17709
18171
18628
17704
18441
17901
17736
18009
18121
17980
18140
18778
18001
17518
18319
18859
19015
18302
18620
18414
19255
17792
18301
18826
19039
18964
18881
18628
18347
18243
18366
18342
19366
19198
18271
19073
18944
19162
19969
19329
19085
19018
19402
18625
19808
18980
19284
19053
19286
18138
18826
19036
19802
19189
19114
19787
19425
19321
19370
19663
19432
18673
19522
19631
19672
19429
20226
19324
19445
19848
19565
19795
19561
19769
20208
19723
19941
19461
21524
19973
19462
19750
20497
20444
20145
19773
19719
20318
20167
20567
19652
20107
19416
20239
20085
20220
21221
20101
21441
20491
21355
20280
20992
21385
20752
20212
20958
21179
20856
21220
21064
21260
20722
21880
20541
20287
20692
20780
20762
21632
21220
20928
20870
21002
21265
20792
21371
21831
22282
21045
22247
21152
20962
22262
21504
22057
22330
22211
22382
22272
21899
22410
21828
21988
22527
22475
21884
22482
22004
22235
22539
21338
22875
22552
23093
22930
22968
22798
21828
22091
22717
22747
23580
22793
22937
23130
22560
22633
22561
22646
22998
23181
23060
23296
22761
22585
23227
23469
23826
23233
23322
23780
22968
23989
22697
23872
23243
22890
24102
24196
23524
22876
22950
23649
23360
23757
22794
23450
24094
23496
24476
23360
25063
24282
23845
24303
23281
24070
23983
24722
24011
25585
24898
24621
24959
25220
25188
25135
24845
25270
23960
24834
25166
25310
24820
24776
25052
24804
25202
25959
25654
25053
25637
25145
25474
25066
25748
25564
25827
25226
25989
25877
26240
26045
25868
26324
26052
26121
25440
25989
25563
26115
25819
25566
26900
27176
26655
25915
26061
26555
26218
26521
26968
25762
26557
26881
26910
27210
27152
27300
26880
27148
27193
27589
26656
27758
27128
27559
26939
27157
26993
27172
27650
27622
27016
28520
28218
27256
28518
27957
27560
28099
28768
28070
28718
28261
27876
28759
28160
28536
28841
28187
28538
29118
29499
28864
29079
28909
28629
29812
29167
29454
28781
30163
29412
30109
29421
29861
29522
30645
29755
29997
30234
29879
29353
29709
30784
29877
30490
29401
30107
29892
30839
31625
30504
30764
29915
30651
30639
30519
30244
30744
31264
30562
30447
30168
30893
30626
30923
30953
31488
31813
31372
31061
31608
31722
32128
31129
31981
31108
32360
31728
31607
32506
31605
32618
31241
32159
31707
32437
32708
32856
32057
33010
33163
32855
32429
32231
32618
32448
33051
33312
32358
32874
32636
33530
34348
33096
32953
32978
33322
33174
34025
34452
33711
33496
33408
35009
34474
34052
33560
33000
34048
33826
33836
34503
33551
34346
34235
34932
34606
34502
34436
34332
34583
34613
34076
34880
34751
34460
34369
35330
34338
34954
35158
34669
34698
34844
35858
35756
35838
36063
35001
35834
35517
35867
35348
35552
35585
35804
35538
35970
35321
35088
36376
36405
35628
36106
37176
36973
36954
37161
36100
36612
36660
36692
36676
36957
36523
36992
36578
37188
36664
35423
36580
37110
36718
36873
37673
37504
37900
37677
37278
36678
37504
37640
37830
37798
38506
37836
38426
37444
37759
37664
38260
37707
38094
38798
38504
38006
38414
37848
38500
37813
37440
37803
38517
38116
37883
38774
38324
38744
39002
38652
38878
39528
38126
38318
38710
38392
38869
39659
37897
39579
38167
38170
38858
39778
38311
39092
38760
39861
39048
39192
39853
40298
39496
40074
39358
40104
39624
39953
39917
40722
39892
40356
40236
39781
40330
39535
39220
40139
40396
40612
39698
40192
39952
40064
40952
40360
40207
40858
41012
40724
40772
41093
40481
40342
39725
40136
40214
40096
41243
40636
39896
39817
41038
40844
39569
41092
40106
41216
39606
40281
40520
40492
40292
40260
40053
40132
40724
40148
40868
41242
41368
40660
41056
41088
41480
40980
40818
41539
42082
41911
41995
41642
40924
41421
42538
41271
41545
42321
40862
40781
41034
40805
40602
40356
41246
40852
40052
39504
39869
39383
40576
41556
42010
41610
42201
41851
41457
42320
41353
41386
41144
41733
42619
41572
42354
42488
42096
40980
42468
42438
41743
42246
42196
42360
42053
42253
42000
42116
42008
42410
42068
42676
42570
41668
41658
42751
42676
41868
41445
42269
42432
43242
42773
43054
42422
41932
42829
41348
42728
42454
42058
41252
41828
41382
41958
40566
40960
41551
41216
41530
42372
42604
42188
42277
41558
42068
42342
42356
42165
42747
42970
42644
43620
42955
42094
42442
42868
42388
42440
42974
42636
43140
42858
42180
42104
42304
42188
42068
41872
41880
42457
42585
42140
41978
42392
42212
42124
43122
42331
42730
42388
42772
41863
42680
42539
43290
42832
42410
42496
42326
42570
42541
42380
42671
43372
42532
42862
42013
42624
43015
42829
42532
42708
42570
42446
42986
42118
43359
42617
41812
42464
42022
42879
42958
42706
41942
42729
42428
42037
42317
42644
41831
42421
42584
41392
42664
43225
42112
42756
42357
42425
43266
42980
42968
42564
44096
42556
42710
42500
42651
43264
42868
43347
42298
43377
41886
42345
43512
43506
43136
42980
42496
43081
43140
42043
42428
41435
41672
41430
41205
41684
42021
41885
42617
42469
41912
42681
43357
42532
42845
42368
42789
42453
42743
42774
42830
42619
43940
43416
42176
42358
42506
42523
42826
42094
43172
41862
42678
42561
41988
42422
41644
42701
42178
43068
42742
42423
42852
43049
42030
42892
42550
42796
42242
42745
43668
43877
43397
42956
42450
43570
42860
43076
44346
42938
42568
43033
43148
43264
43012
42986
43444
43136
43689
43316
43410
42991
42581
43747
43044
42580
43142
43130
43693
43366
43081
43319
42770
43525
42909
43028
43707
43844
43915
44074
43967
43293
43561
43048
44021
43988
42926
43884
43684
43400
43384
44596
44215
44635
43994
44262
43162
43812
44125
44268
43739
44274
44656
44352
44802
43316
44010
44649
44954
44824
44679
45801
45122
44456
44505
44920
45076
44701
44644
44900
45108
44895
45188
45200
45394
44980
44539
45316
45148
44235
45237
45092
46272
44980
45383
45402
46394
45113
45997
45168
45833
46154
46191
46155
45828
46531
45796
46733
47252
46021
46420
46449
46506
45795
46555
45644
45741
46720
46955
46216
45420
46137
45852
46469
46682
47048
46836
46585
46820
47035
47241
46789
47496
47576
46302
46682
47872
47504
48063
47252
47130
47232
48132
47488
48036
47828
47380
47684
49224
48256
48683
49189
48600
47860
48324
48640
48980
48407
47670
48422
48989
47594
48729
48340
48800
49636
48933
48100
48644
48751
49069
49224
49634
49685
49408
48621
49996
48716
50140
49680
49964
49289
50109
49454
50952
49798
50796
50608
50752
50127
50571
49880
50968
50481
50218
50809
50736
50357
50848
51374
51060
51082
50681
50844
51712
51756
51722
51288
51624
50969
50692
51604
52197
51828
51919
51736
51302
51337
52920
52463
51476
52235
52868
52869
52505
52555
52352
52896
52369
52980
53114
53046
53291
53162
52480
53042
52857
54119
53504
53792
52428
53383
53162
53897
53144
54230
53476
54284
53508
55316
53668
52872
53067
52822
53292
53456
53140
53193
53972
53444
53940
52892
54390
54417
54582
53952
53717
54123
53615
53512
53119
54932
54228
54324
54660
54075
53257
53946
53162
53981
54207
54468
54251
54624
54408
55140
55023
55206
55529
55044
55664
55126
55453
55239
55572
55332
56484
56169
55112
55729
56098
56079
56111
55864
55607
56754
55592
56658
56120
55924
56125
56049
56630
56411
55948
56704
56868
56258
56886
56164
56796
57436
56242
56756
56297
57172
56692
56628
56084
56692
57051
57144
56840
56266
57387
56832
57738
57675
57080
56932
57065
57104
56490
57037
56424
56262
56361
55652
56514
55564
56452
56108
57081
57008
57293
57600
56965
57109
57276
56923
57160
56002
56372
57116
56724
57268
56740
57580
57864
57428
57572
57071
57156
57282
57436
58152
56815
57112
58861
57600
57940
57099
58382
58262
57814
57997
57066
57508
57241
57178
57205
58149
57866
57984
57904
57657
57486
57096
58118
56866
57434
57622
58802
57325
57224
56953
57899
57578
57876
57460
57876
57668
58180
58212
57277
58404
58052
57472
57838
57736
58267
58477
57816
58648
58309
57940
57016
57380
58184
57141
57691
58056
57307
58117
58301
57829
57305
57160
58438
56900
57340
57174
57327
57812
57764
57172
57528
57668
57172
57018
57618
57446
56976
56873
56486
57029
57092
57028
56960
56268
56200
57018
57130
56172
56328
54989
55723
55911
55441
56612
54973
55227
55257
56102
56936
56342
57303
57291
57962
57024
57269
57029
56166
56390
56313
56640
57258
56044
55647
55954
56098
56393
56564
57204
56424
56392
55908
55802
56267
55872
56135
56096
55896
56276
55389
55402
55708
55424
55585
56763
55424
56373
56212
55837
54480
55438
55320
55556
54856
54692
55738
54880
54344
54382
54900
53837
55348
54800
54868
54959
54025
54196
54041
55034
54528
54107
53430
53988
54133
53782
52616
53460
52820
53583
54196
53156
52890
53264
52696
52462
52491
52433
52412
52608
52670
51936
52888
52586
52584
52998
52276
51883
51012
52020
51876
51423
50609
51234
52501
51069
51386
51488
51036
49572
51301
51638
50523
50548
50670
50740
50536
49878
49899
50432
49416
49498
49499
50512
48942
50282
49608
49210
49408
49781
48329
49030
49408
49866
48793
48845
48886
49012
48046
47680
47633
47428
46557
47096
47236
46628
47449
46836
47380
46923
48029
46948
46178
47272
45704
46484
46828
46069
45740
45529
46827
46156
46264
46119
44962
44902
45456
45026
45282
45466
44913
43409
44122
43493
44005
44423
43370
43957
43441
44048
43970
43817
43210
42916
42810
43511
43332
42148
43128
42063
41991
42513
42180
42440
41610
41336
41092
41754
41071
41517
41145
40466
40859
41316
39758
40228
39955
40566
40314
39801
39428
38714
39352
39341
39396
39926
38420
38525
37882
38400
38844
37864
38729
38457
38164
38150
37998
38916
37956
37690
37686
36874
36372
36461
36632
36203
36077
36132
35000
35850
36011
36134
34742
35292
35392
34998
35028
34976
34708
33540
34329
34520
32639
33862
32590
33280
33898
33679
32900
33480
33092
32548
33211
33056
33219
33084
32093
32335
32004
30068
29952
29742
30146
29967
29576
30226
29852
29952
31165
30476
30184
30775
30420
30248
29898
29197
29212
28713
29554
28997
28510
28905
28586
28821
28557
28322
27945
28118
27382
26874
27320
27940
27446
27519
26953
27163
26176
27357
26092
26240
26054
25856
25083
26475
25002
25844
25765
24390
24812
25514
24841
24457
23842
24333
24068
23871
24872
23430
23188
25140
23957
23163
23116
23861
23189
22767
22302
22489
22468
22840
21809
21704
22525
22480
22205
21253
20998
22130
21341
21621
20855
20782
20459
21010
20981
20271
20470
20123
20312
19565
19787
19912
19522
20057
19605
20080
18513
18506
18474
18916
19268
19759
19147
19524
18197
17869
18292
17750
17858
18189
17948
18180
17758
18266
17949
17254
17168
18172
16986
16943
17396
17580
16381
17561
16417
16489
16282
16563
16881
16232
15861
15588
16620
16547
15759
15274
16405
15660
16100
15826
15817
15285
15150
14622
14251
14893
15953
14887
15467
14329
14644
14756
14016
14450
14533
14614
14388
14091
14485
13933
14926
14020
13885
14764
13198
13986
13816
13094
13512
13605
13078
13588
13226
13246
13091
13857
13972
12599
12668
12765
13525
13226
12939
12100
12756
12639
11802
12084
12631
12975
12898
12529
12386
12264
12800
11589
12802
12403
12266
11837
12210
11586
11880
11709
11787
12408
11561
12635
12077
12398
11185
12586
11652
12072
10806
11251
12427
12137
11154
11805
10602
11834
11341
12390
11748
11727
11062
11570
11076
10884
11600
11183
10890
10052
11210
11611
11540
11250
10937
10870
10711
11040
11816
10020
11147
10716
10881
9669
10595
10417
11101
10126
10298
10676
10621
10197
10941
10604
10765
10520
10726
