8286
8038
7551
8053
7517
9411
7206
7846
8041
7383
7866
6994
7359
7332
7056
8312
8000
7028
8084
7998
6831
7406
6874
7606
7853
7554
7964
7278
7202
7857
7855
7166
7087
7023
7286
7509
6804
8045
7463
8074
7553
7540
7439
7533
7980
6880
8119
7414
7973
7981
8744
8329
8537
7258
7424
7322
7600
6832
7513
7950
7156
7282
8010
8165
7492
7302
7504
6925
8406
8008
7706
7102
7570
7638
7829
7899
7557
7897
7468
7241
8273
7668
7890
7392
7773
7939
7481
6966
8088
7941
7672
8138
7957
7790
7379
7920
7600
8502
8668
7352
8106
7126
8077
7330
7909
8197
7307
8187
7233
7395
8091
7344
8386
7825
7835
7438
7484
8393
8031
8063
7883
7485
7314
8068
8119
8096
8552
8070
6987
7956
7791
7334
8038
7731
7843
7582
8289
8338
7996
7476
8099
7920
7385
7956
8149
8094
7854
8026
7794
7789
8340
7597
8171
7913
7334
7643
8095
8236
8284
7844
8842
7630
7848
7730
7720
8092
8084
7557
8448
7389
7898
7983
7809
7280
7741
7243
7755
8397
8162
7996
7983
8760
8569
7885
8014
8644
7949
7550
8589
8225
8489
7825
8343
8074
7592
8082
7679
8196
8069
8652
7269
7455
8420
7744
7604
7850
8284
7985
8349
8049
8073
8072
8477
7763
7535
7386
8164
7878
8261
7940
8718
8337
8265
7501
8755
8304
7962
8077
7533
8429
7520
7752
8077
8119
7727
8049
7953
7905
8097
7943
8550
8179
7654
8016
8106
8136
8132
8195
7781
8428
7540
8553
8031
8339
7861
8331
7799
7706
8541
7688
7712
8529
7784
8250
7680
8308
7652
7899
8139
8802
8694
8231
8456
8254
7475
8265
8518
7573
7837
8641
8373
7956
8469
7393
8317
7583
8094
8699
8363
8534
8011
7629
7959
8489
8909
7846
8182
8147
7857
8108
8311
8665
7538
8100
7656
8239
7929
8234
8039
8333
8352
9275
8665
8330
7564
8360
8621
8372
8583
7883
8919
7149
8324
8262
8028
7938
8817
8239
8248
8535
8220
7794
7635
8086
7891
8640
8273
7973
7994
7983
8724
8484
8548
7558
8046
8264
8537
8547
8478
8549
8293
8599
8212
7903
8539
8300
8216
8843
7998
8530
7621
8297
8537
7314
8499
7962
8018
7913
8431
8074
7720
7627
8525
8354
7862
7705
7897
7738
7827
8363
7379
8490
7364
8580
7976
8296
8405
7558
8617
7869
8174
8577
7645
8300
8624
7876
8207
7754
8256
7918
8299
8543
7846
8320
8544
8237
8342
8755
7998
8495
8832
8234
8653
8574
8012
8677
8196
8298
8240
8460
8363
8292
8508
8384
8274
8207
8241
7427
8072
8271
7965
8266
8310
8141
8305
8221
8606
8257
8320
8337
8046
8506
8100
7573
8449
8441
8262
8520
8084
8800
7976
8252
8235
8598
8091
8847
8108
7903
8717
8083
8260
8300
8362
8619
8383
9245
8570
8650
8014
8322
8650
8650
8091
8573
9129
8508
8741
7992
8641
7464
7988
7699
8589
8967
8622
7873
8937
8203
7906
8489
8182
8090
7976
7974
8497
8565
9701
8861
8205
7890
8845
8762
8101
8473
8810
8378
8888
7799
8139
7934
8361
8276
8678
9129
8533
8640
9012
8704
7784
7997
8995
8520
8479
8065
7879
8785
8501
8848
8506
8719
8583
8440
8798
8863
8463
8776
8099
9050
8131
9177
8360
8771
8755
8613
8873
7887
8962
7983
7872
8432
8574
9444
8577
8585
9055
8596
9131
8403
8705
9296
8212
8411
8599
8775
8498
8817
8813
7731
8608
8140
8096
8106
8281
8134
7686
8649
8726
8768
8205
8808
8670
8337
8673
8055
7648
8687
8606
9018
8607
8633
8646
8753
8439
8000
7988
7996
8758
8057
8416
8308
8448
8235
8525
9221
8511
8708
8057
8268
8532
8366
8096
8209
8579
8317
8324
8922
7975
8815
8655
8878
8296
8566
9238
8220
8162
8649
7814
8760
8880
9020
8660
8379
8792
8604
9207
7397
8611
8531
8555
9101
8204
8669
8250
9100
9296
9562
9275
8261
8442
8297
8996
7989
8312
8459
8600
8027
8917
8700
8660
8874
8635
8468
8909
9069
8517
8514
8694
8636
8921
8386
8867
8358
8508
9025
9028
8478
8544
8509
8132
9716
8719
8413
7992
8506
8397
8532
8999
7893
8830
9365
8576
8269
8804
8965
8698
8748
8463
8879
8829
8306
8999
9387
8315
8075
8442
8366
8613
8821
8592
9050
8040
8314
8520
9055
8894
8372
7914
8893
8811
9010
8943
8818
9176
8874
9529
8247
8522
8174
9371
8195
9038
9004
8847
8296
8776
8971
9159
8691
8908
9212
8717
8925
7995
8875
8855
8922
8407
7724
8464
8425
9019
8707
8873
8992
8531
8360
8593
8892
8947
9480
8988
8242
8953
8925
8224
9080
8726
8795
8523
8761
8661
8927
8550
8458
8714
8517
9028
8746
9422
8925
8970
9314
9105
9402
9126
9513
8495
8801
8297
9089
8509
9058
8636
9536
8626
8962
8775
8556
8990
7791
9241
8981
8365
8822
8879
9404
8971
8846
8844
9858
8734
8642
9141
8689
8993
9236
8660
8792
8467
8737
8813
9467
8444
8749
8754
9134
9355
8646
8952
9255
8648
8228
9778
8658
8729
8274
9675
8866
8685
8241
8676
9193
9222
8439
8565
9008
9340
8989
9386
10071
8697
8511
8585
9053
8039
9562
8981
8755
9504
8743
9446
9315
9375
8455
8820
9373
9449
9620
8936
8550
8361
8532
9040
8949
8229
9371
9037
8870
9057
9081
9110
9497
8495
9080
8796
9235
8521
9053
9067
8515
8462
9465
9036
9074
8576
8289
9105
9310
9046
8749
9353
9238
8954
8595
9165
9788
9210
7993
9408
8708
9708
8596
9311
8976
9099
8804
9071
8614
8917
8902
9339
8697
9029
9530
9055
9517
8719
8793
9417
8607
8908
8093
9333
9079
8896
9257
8419
8832
9366
8514
8840
9469
9193
9385
9697
8748
9675
8534
9050
8586
8869
8333
9297
8925
9222
9287
9206
9122
9065
8677
8684
9467
9125
9349
9886
9629
8510
8968
8465
9916
8741
8704
8938
9565
9620
9625
9128
8568
9085
9082
9107
8729
9223
8896
9375
8551
9014
8681
9394
9704
8918
9010
9523
8969
9788
8824
8912
8428
8851
8642
8859
9462
8749
9362
10143
8766
8886
8822
9334
9435
9124
9721
9108
9670
8224
9341
9254
8973
10009
9618
9295
9197
9119
9606
9364
8851
8853
9252
9130
8629
9791
9224
9414
8780
8893
9171
9117
9164
8662
9332
9489
8901
10377
9130
9124
9492
9790
8702
9165
9672
9527
9879
8954
9681
9758
9946
9718
10126
9423
9336
9249
9829
9276
10018
9403
8923
9099
8979
8522
9914
9396
9536
8748
9493
9634
9128
9057
9198
9320
8924
9688
9288
9444
9207
9317
9633
10410
9118
9541
9008
10154
9603
9524
9805
8936
9837
9436
9664
9426
9419
9616
8717
9508
8792
8966
9122
8591
9105
9807
9435
9345
9756
9405
10143
9173
10332
9491
9190
10377
9493
9252
9809
9157
8986
9710
9738
10016
10261
9681
9594
9749
9254
10413
10266
9636
9826
9491
9789
9597
10278
9499
9589
9421
9882
9328
9846
9508
10005
9715
10120
9410
9525
9706
10672
9958
9398
10148
10282
9046
10128
10032
9352
9608
9563
9832
8795
10099
9293
10184
9488
9947
9888
8594
10035
9577
10124
9986
9934
9776
9917
10268
9749
10052
9631
9965
9325
10545
9546
9375
10381
9852
10347
10319
10001
10613
9549
9789
9266
9644
10699
10224
10274
9953
9546
9509
9560
9552
9317
9768
9815
10112
9551
9667
10595
9741
10610
9604
9933
9978
10334
9788
10092
10018
10148
10142
10717
10218
9640
10087
10191
10638
9971
10145
9528
9478
9816
10278
9777
9825
9754
10050
10488
9711
10079
9839
10361
10281
9915
9937
9566
10349
10726
9955
10582
10742
10130
10353
9918
10242
9850
10249
9659
10350
10333
9881
10307
10450
10509
10084
9694
9777
10490
9947
9276
10670
10033
11080
11262
10060
10250
9816
10467
11194
10950
10399
10365
10665
10374
10541
10757
9841
9668
10199
10212
9856
10644
9924
10496
10710
10244
10036
10034
10333
10446
10180
10632
9931
11082
9643
9999
10613
10111
10501
10580
10531
11122
10447
11283
10496
10437
10655
9918
10651
10980
11293
10482
11147
10081
11196
10861
11004
10998
10568
10253
10548
10525
10852
10877
10706
10034
10781
10859
10782
10296
10611
11369
10852
10934
10788
10547
10766
10755
10765
10174
10820
10418
11568
10760
11045
10800
11174
11104
10499
11058
11460
11333
11503
11764
11066
10110
11259
11557
11106
10733
11577
11123
11081
10966
10757
10821
10547
11071
11558
10674
11291
11192
11053
10903
10921
11390
10779
11353
11074
11738
11281
11105
10926
10713
11477
11290
11100
11603
10969
11552
11675
11006
11093
11018
10898
11905
10691
11547
11067
12172
12020
10758
11165
11510
11730
11522
11243
11649
11065
11062
11546
12036
11177
11346
11184
11392
10840
11743
11357
11683
11664
11028
11845
11499
11592
11366
11801
11627
11875
11411
11766
11757
12022
11845
11074
11075
11287
12251
11736
11794
10781
10980
11335
12271
11829
11816
11662
11460
10974
11045
11819
12215
12546
11459
12201
11829
11556
11739
11746
12226
11432
12118
11797
11880
11781
11975
11551
11629
11302
12508
11723
11982
12041
12457
12406
12127
12496
12941
11722
12242
12349
12848
12640
12405
12261
12324
12110
12082
11738
12387
12448
12953
13142
12407
12390
11916
13037
12090
12172
12537
12804
12070
12467
11799
12536
12196
12973
11754
13151
12709
12470
12223
12716
12185
12387
12589
12158
13012
12382
12442
12442
13218
13512
12660
13091
12322
12664
13243
12326
12563
12325
13720
12944
13302
13344
12834
13759
13378
13081
12653
13193
13062
13070
12932
13146
13314
12859
13066
12742
12857
13112
13234
13339
13514
13314
12847
13383
12777
13144
13568
13692
13750
13760
12978
13568
13105
13074
13030
13743
13641
13532
12438
14204
13508
13629
13433
12971
13720
13306
13490
13297
13901
13838
13504
13807
14060
13866
14020
13476
13106
14107
13911
14325
14268
13841
13985
14240
14255
13704
13873
14062
14158
13633
14307
14314
14068
14079
14204
14432
14173
14104
13515
13206
13432
14118
13837
13508
13911
14828
14250
14500
14058
14342
14288
14294
14989
14252
15023
14328
14603
14358
14200
15028
14252
14330
14385
14960
14418
14242
15031
15059
14871
14896
14694
14678
13863
15367
14440
14650
14776
14704
15001
14620
15256
14941
14912
14787
14729
15058
14603
15055
15198
14766
14262
14551
14405
14548
14727
15631
15268
15664
14733
15692
15207
15588
15531
15504
15524
15660
15350
16344
15400
15390
15793
14709
15528
15705
15474
15175
15317
15182
16729
15428
14932
15631
15676
15759
15483
15804
15498
15749
15425
16008
16165
15515
15106
15701
15753
15790
16619
16100
15593
15889
15863
16485
16625
15542
15914
16364
16712
15348
16508
16129
16682
16277
16846
16735
16614
16268
17050
16294
16660
17035
16323
16600
16205
17657
16669
16448
16751
16590
17213
16928
16886
17080
17188
17016
16559
17132
17190
16732
17853
17019
16820
16762
16615
16968
16955
17052
17009
17258
17055
17677
17812
17558
16865
17794
17164
17249
17819
17309
17828
17708
18169
17862
17130
17680
17830
17210
17449
17954
17989
17528
17520
18181
17328
17818
17873
17695
17781
18157
18116
17818
18778
17620
17970
17904
17874
18420
18710
18099
18752
19027
17994
19018
18308
17975
18438
18752
18233
18396
18852
18662
17957
18695
19047
19306
18625
19001
18867
19462
18187
18960
19191
19645
19080
19743
19438
18731
18749
18814
18796
19941
19466
18289
19673
19204
19242
20143
19423
19563
19494
19567
19073
20047
19362
20134
19712
19720
18332
19560
19944
20150
19714
19474
20415
19640
20143
20032
19991
19753
19044
20068
20096
20356
19796
20709
20026
20187
20834
19700
20388
20342
20365
20801
20478
20440
20351
21716
20415
19877
20820
21208
21201
20792
20426
20660
20884
20606
21048
19990
20727
19818
20992
20572
20852
21420
20736
21849
20977
21942
20834
21813
21805
21126
20759
21658
22016
21369
21827
21846
21813
21492
22552
21540
21094
21258
21324
21396
22208
21828
21720
21970
21857
21744
21632
22114
22621
23049
21308
22875
21621
22127
22506
22265
22798
22922
22464
23237
22768
22196
23153
22544
22866
23048
22997
22566
22952
22223
22731
23496
22524
23389
23066
23563
23781
23829
23837
22602
22637
23104
22957
23755
23141
23177
23758
23285
22897
22870
23409
23675
23744
23616
24058
23664
23361
23977
23643
24775
24238
24136
24807
23330
25438
23652
24963
24324
23684
24803
24708
24443
23682
24169
24300
24293
24400
23719
24224
24600
24229
25524
24371
25712
25180
24412
25371
23923
24807
24889
25170
24793
26355
25676
25934
25677
26053
26036
25892
26184
25825
24348
25460
26118
26060
26004
26020
26589
25934
25692
26710
26668
26228
26344
25881
26742
25563
26318
26272
26594
26138
26568
27136
26958
26966
26489
27068
27234
27500
26454
27180
26757
27324
26802
26555
27990
28077
27610
27214
27128
27186
27300
28013
27788
26766
27764
28180
28011
28476
27942
27727
27970
28377
27908
29101
27826
28800
27805
28509
28325
27882
28340
28480
28908
28811
28615
29672
29596
28296
29884
28647
28795
29238
29419
29650
29290
29233
29474
29976
29466
29514
29722
29304
29405
29839
30836
29573
30189
29952
29673
30980
30143
30411
29816
30976
30676
31365
30388
30939
30757
31598
31245
31037
31458
30671
30389
30934
31594
30842
31800
30601
31237
31060
31760
33142
31336
31864
31095
31813
32016
31605
31459
32212
32301
32525
32073
32011
32205
32226
31812
32116
32861
33024
32266
32320
33258
32888
33765
32484
33547
32611
33585
32984
33452
33370
33302
34146
32646
33181
32772
33243
33785
34112
33368
33644
34287
34348
33866
33895
34144
33767
34135
33821
33636
34624
33873
34502
35283
34950
34655
34090
34395
33792
35418
35274
35212
34791
34676
36470
34907
35472
35030
34651
34988
35286
35014
35366
35179
35566
35626
35982
36155
35748
36199
36352
36018
36178
35392
36162
36555
35972
35878
36896
35988
36596
36548
36735
36007
36290
37063
37008
37549
37652
36296
36904
36711
37739
36735
37323
36966
38045
37237
37936
36794
37076
37632
38257
37258
37803
38948
38614
38893
38678
37398
37622
38494
38332
37963
38295
38059
38537
38311
38429
37806
36932
38250
39056
38125
38323
39220
39146
39528
39082
39023
38657
39093
39552
39377
39619
39818
39901
39839
39627
39684
38987
39670
39275
39754
40084
40416
39844
40043
39371
40282
39461
39675
39156
40495
40077
39514
39930
40118
40340
40733
40736
40266
40608
39334
39990
40301
40670
40636
40862
39643
41316
40022
40360
40351
41416
40873
40744
39956
41684
41325
40852
41394
41538
41270
41995
41172
41605
40694
41914
41441
42376
41658
41600
41764
41464
41978
41647
40747
41850
41258
42296
41783
42112
41508
41812
42240
42035
42219
43112
42639
42964
42656
42484
42219
42218
41540
41702
41472
41688
42852
41847
42384
41784
42520
41818
40696
42084
42203
42790
41786
41636
41786
42458
41917
42118
42093
42406
42922
41694
42459
42658
42693
42496
42926
42790
42792
43057
43076
43184
43545
43396
43652
43498
42344
43453
44068
42735
43699
43978
42374
42721
42570
42725
42962
42013
42989
42145
41472
40520
41536
41483
42097
43384
43194
43334
44224
43492
43520
44058
42836
43463
43336
43020
44288
43234
43835
43829
43604
42804
43785
43710
43481
44288
43452
43530
43668
44041
43917
43417
43944
44136
43630
44680
44168
42971
43538
44084
44256
43096
43412
43853
43741
44996
44894
44964
44276
43734
44226
43058
44731
44338
43354
42696
43100
42653
42848
41914
42854
42852
43406
43226
43854
44456
43455
43776
43433
44442
43861
43338
44040
44234
44520
44262
45480
44464
43937
44692
44501
43478
43972
45086
44160
44717
44105
44027
43284
43849
43528
44125
43520
43460
44468
43512
43732
43736
43712
44364
43471
44672
43920
44428
44132
44434
43605
44680
44216
44610
44754
43498
44202
43588
43921
44356
43916
43465
44443
44129
44233
43447
44032
44650
44504
43838
44292
43337
43708
44308
44092
44121
44189
43588
43584
43814
44221
44728
43988
43934
44484
43938
44085
44020
44044
43465
43974
43453
43092
43946
44116
43160
44022
44100
44263
44148
44224
43913
43822
45755
43739
44365
44003
43733
44900
44174
44271
44234
44205
43492
43658
45210
44985
44700
44101
44276
44340
44362
43404
43764
42779
42788
42666
42384
42716
43324
43608
44054
43741
43382
43931
44180
43890
43812
43974
43999
44455
44160
44417
44167
43631
44912
45045
43236
43844
43677
44174
43782
43802
44329
43273
43560
43544
42628
44532
42496
44252
43359
44267
44296
43817
44532
44412
43428
43951
43875
44497
43476
44042
44810
44535
44456
44463
43949
44436
43837
44132
44942
43579
43557
43900
44598
44340
44491
43742
44981
44164
44102
44116
44305
44054
43790
44368
43961
43321
44198
44314
45034
44534
44430
44318
44585
44552
44296
43502
44872
45060
44602
45293
45394
44390
44688
44324
45094
45736
44215
44500
44788
44100
44500
45816
45291
45698
44874
45001
44276
44576
45202
45194
44293
45320
45550
44972
45402
44618
45062
45707
45418
45545
45787
46720
46044
44889
45609
45686
45853
45640
45400
45552
45924
46408
45729
45618
45792
45632
45312
45983
45540
45284
46409
46358
46276
45840
46252
46220
47282
45682
47162
45772
46939
46493
46347
46634
46926
47398
46890
47348
47279
46847
47211
46831
46908
46054
47565
47078
46720
47360
47258
47140
46797
46484
46423
47378
47976
47817
47586
47639
47408
48058
47339
47316
47601
48141
46937
47288
48437
48280
48232
47931
47188
47908
48498
47627
48442
48962
48426
48617
49517
48752
48845
49365
49176
48348
49266
50031
49572
48869
48468
48991
48981
48148
49252
49252
49478
50063
49536
48858
49206
49748
49706
49684
49645
49611
49794
49874
50510
49701
50604
49850
50602
50090
50630
49908
51572
50228
50772
51194
50560
50459
51259
50313
51270
50621
50338
51005
50964
51202
51099
51439
51499
51528
50936
51508
51740
51656
51493
51840
52540
51639
50516
52166
52094
51981
52222
51677
51328
51282
53305
52464
52442
51768
53368
52755
53330
52668
52504
53130
52376
52786
53062
52520
53095
52736
53185
53056
52940
54581
53448
54554
52765
53081
52992
53545
53215
54592
53706
53790
52981
55293
53480
52872
52923
53449
53215
53287
53632
53450
53805
53738
54008
52938
54266
54340
54858
54052
54020
53411
53700
54152
54317
54736
53688
54553
54565
54134
53814
53786
53492
53764
53960
54352
53916
54529
54187
54954
55068
55965
56452
55147
56148
54966
55473
55048
55759
55829
56948
55994
55540
55096
55552
56470
56939
55786
55816
56429
55702
56512
55716
55902
55915
56298
56608
56181
56642
56980
56234
56848
56472
55622
56744
57785
56186
56148
56297
57060
56376
55957
56456
56512
57215
57506
56416
56312
57098
57120
57668
56974
57228
56832
56100
56282
56640
56876
56292
55688
55994
55225
55988
55382
56553
56477
56458
57275
57132
57179
56353
56541
56820
56812
56714
56084
56328
56352
56490
57129
57372
57644
57929
56930
57450
56936
57152
57718
56788
57835
57237
56692
58666
57394
57668
56729
57932
57576
57920
57322
56996
57812
57289
57094
56842
58538
57370
57728
57908
57780
57562
57128
57610
56845
56603
57215
57476
56880
56872
57044
57352
57343
57432
57610
57908
57302
57600
58117
57428
58646
58189
57449
57626
57506
58329
58093
57748
58004
57808
58216
56896
56772
57491
57052
57417
57248
56204
57354
58160
57208
57118
57608
57392
56633
56861
56964
56982
56715
57545
57004
57611
57268
56651
57458
57675
57108
57050
56542
56168
57322
56608
56717
56456
56516
55850
56646
56110
55866
55800
54842
56218
55716
55584
56724
55231
55380
55166
55880
57126
55370
56440
56274
56992
57002
57012
56600
56052
56087
56804
56516
56221
56264
55924
55151
56582
56109
56100
57176
55810
56020
55938
55174
55533
55372
55348
55386
55274
55524
54828
55380
55286
54981
54793
56013
55478
55644
56038
55304
54456
54598
54855
55398
54648
54164
55100
54345
54493
54348
55193
53388
55517
54618
54617
54356
53610
53860
53508
54381
53994
53749
53092
53978
54043
53520
53015
53112
53028
53790
53529
52618
52288
52518
52438
52342
52139
52322
52443
52446
52628
51483
53394
51970
51972
52148
52166
51629
50612
51401
51834
51010
50328
50922
52327
51639
50790
51240
50348
49991
50884
51456
50692
50731
50254
50624
50306
49332
49666
50047
49892
48890
49698
50820
48731
49222
49229
48768
49300
49172
48024
48475
48973
49708
48810
48804
48572
48577
47337
47240
47446
46614
46296
46661
47338
46426
47112
46644
47204
47048
47173
46690
45988
46836
45773
46584
46183
45392
45446
45338
46336
45738
46365
45935
44847
44330
45621
44586
44533
45376
44404
43457
43848
43096
43623
44025
43533
43574
42874
44072
43476
43241
43072
42218
42632
43700
43230
42356
42799
41981
41876
42298
41626
42468
41216
40908
40824
41806
41006
41108
41082
40054
40943
40960
39814
40040
39102
39834
40182
40168
39227
39065
39188
39056
39390
39349
38077
38925
37835
38407
38349
37691
37868
38458
38275
37940
37257
38144
37224
37531
36787
36553
35750
36015
36484
36480
35913
36340
34602
35841
35806
36416
34679
35716
35497
34741
34912
34749
34598
33766
34773
34048
33038
33784
32485
33485
33322
33592
32618
33164
32962
32578
33306
32621
32990
32720
32219
32144
31260
30229
29766
29684
29645
29741
29700
30297
29912
30029
31275
29893
30073
30488
30058
29721
30253
29035
29025
29101
29446
28978
28489
28662
28213
29059
28350
28194
27942
27735
27428
26772
27204
28028
27144
27490
26652
27056
26696
26934
26256
26335
25483
25514
24865
26426
24738
25500
25245
24172
24423
25024
24500
24226
23594
24459
23837
23671
24431
23310
23247
24256
24024
23104
22706
23473
23064
22740
22340
22052
22312
23094
21752
21339
22144
22009
21846
21210
21333
22437
21392
21306
20420
20914
20370
20782
20628
20622
19988
20014
20090
19584
19677
19770
19471
19900
19347
19946
18480
18340
18637
18548
19018
19499
18826
19165
18015
17609
18169
17746
17749
18188
17568
18234
17610
18195
17698
16749
17475
17947
16592
16699
17444
17464
16240
17540
16355
16497
16020
16258
16672
15898
15749
15794
16621
16155
15348
15291
15912
15698
16076
15577
15154
15344
14925
14636
14308
14340
15693
14733
15167
14199
14519
14501
13832
14032
14225
14264
14253
13953
14262
13924
14237
13802
13739
14799
12952
13867
13607
12965
13281
13812
13142
13112
12961
12970
12999
13664
13924
12714
12496
12686
13378
12758
12666
12409
12677
12544
11726
12012
12622
13039
12708
12441
12193
12170
12379
11432
12640
11869
12008
11546
11940
11373
12006
11659
11435
12354
11368
12255
11752
12304
10666
12294
11384
11817
10532
10850
11885
11956
10845
11154
10129
11825
10936
11864
11430
11790
11081
11645
10758
10272
11038
11131
10667
9900
10874
11376
11133
11082
10682
10752
10580
10680
11653
9909
10661
10625
10812
9629
10326
10503
10880
9912
10408
10038
10522
9876
10446
10069
10858
10249
10410
