8053
8233
7496
7903
7501
9318
7263
7770
7972
7324
7782
7060
7306
7232
6910
8389
8120
7385
8179
8120
6705
7527
7116
7662
7874
7565
7862
7460
7136
7773
7892
7085
6898
7234
7178
7608
7045
7846
7430
8164
7740
7506
7467
7630
7831
7113
8161
7387
8085
8075
8749
8309
8572
7204
7367
7510
7481
6927
7516
7798
7388
7226
8030
7931
7542
7210
7374
7046
8107
7779
7620
6996
7606
7704
7880
7874
7572
7702
7712
7219
8087
7724
8026
7442
7954
7977
7733
6821
8172
7732
7779
8164
8066
7695
7498
7988
7519
8620
8522
7610
7913
7433
8169
7410
7675
8049
7176
8340
7338
7520
7960
7545
8620
7877
7918
7468
7584
8370
8148
8062
7901
7556
7300
7967
8002
8307
8468
8087
6971
7948
7523
7375
7866
7728
7729
7659
8394
8342
8017
7421
7994
8070
7199
7838
8357
7804
7789
8103
7846
7781
8298
7631
8286
7751
7305
7931
8248
8246
8164
7890
8867
7944
7765
7670
7626
8116
8225
7769
8326
7447
7959
8126
7933
7297
7686
7298
8065
8275
8285
7836
7966
8963
8216
7998
7986
8427
8047
7603
8791
8341
8648
7862
8582
7935
7527
8079
7681
8156
7959
8562
7395
7459
8318
7631
7744
7902
8241
7967
8379
7989
8171
7934
8566
7954
7532
7122
8200
7864
8118
7914
8430
8136
8134
7578
8569
8316
8024
8228
7764
8520
7621
7693
7993
8015
7619
7970
7914
7902
8239
8215
8444
8035
7552
7982
8164
7947
8134
8405
7874
8549
7506
8501
8170
8514
7892
8170
7657
7955
8807
7686
7829
8757
7749
8271
7359
8091
7647
7927
7974
8800
8738
8246
8661
8235
7370
8183
8543
7706
7648
8497
8120
7830
8495
7465
8219
7514
8094
8484
8480
8360
7855
7781
8194
8298
8697
7765
8152
8080
7843
8131
8311
8539
7561
7889
7731
8158
7902
8180
8125
8147
8269
9111
8639
8320
7594
8425
8785
8169
8795
7979
8658
7212
8218
8184
7904
7844
8858
8328
8440
8543
8154
7889
7602
7824
7812
8796
8399
8116
7998
7964
8764
8412
8670
7573
8156
8144
8367
8575
8203
8630
8299
8420
8477
8073
8756
8253
8248
8790
7840
8523
7581
8424
8568
7248
8478
7835
8098
7821
8466
8172
7816
7576
8445
8210
7789
7768
8116
7602
7927
8164
7453
8585
7325
8354
8097
8026
8408
7699
8609
7984
8173
8508
7578
8302
8471
7859
8308
8028
8281
8156
8337
8592
7948
8455
8440
8398
8308
8910
8320
8473
8600
8384
8822
8666
8070
8600
8190
8168
8437
8208
8448
8467
8538
8628
8545
7831
8233
7374
8204
8449
7828
8505
8186
8046
8190
8248
8479
8353
8209
8112
8078
8424
8168
7522
8646
8470
8166
8559
8069
8464
7944
8324
8292
8343
8233
8948
8044
7943
8653
8105
7997
8186
8250
8802
8453
9243
8303
8621
8142
8495
8534
8906
8036
8851
9071
8369
8949
7982
8507
7823
8073
7988
8590
9057
8634
7756
9118
8222
8184
8573
8277
8175
7885
7952
8331
8638
9485
8910
8105
7836
8722
8715
8179
8287
8696
8390
8701
7901
8287
7907
8349
8512
8749
8880
8456
8668
8838
8868
7497
8202
9222
8446
8293
8184
7886
9021
8430
8877
8476
8442
8574
8189
8709
8914
8387
8797
8234
8964
8038
9073
8285
8807
8657
8458
8920
7977
9077
7877
7898
8387
8537
9631
8334
8783
8966
8527
8929
8647
8658
9538
7977
8460
8694
8797
8514
8855
9009
7752
8697
8292
8086
8030
8451
8192
7801
8836
8697
8544
8062
8897
8705
8344
8713
7823
7826
8714
8755
9256
8613
8596
8776
8445
8183
7975
7994
7995
8757
8234
8229
8391
8325
8040
8566
9258
8384
8865
7989
8527
8611
8305
8188
8457
8803
8454
8293
8977
8111
8853
8149
9014
8224
8583
9091
8173
8084
8484
7738
9038
9093
8883
8565
8269
8374
8723
9413
7412
8346
8587
8650
9125
8170
8645
8261
9092
9479
9458
9156
8159
8644
8364
9058
8028
8017
8702
8532
7831
8879
8757
8532
8909
8800
8468
8765
9163
8528
8365
8513
8568
8807
8111
8782
8370
8520
9065
8942
8406
8684
8574
8459
9907
8569
8234
7941
8437
8250
8570
8733
7972
8777
8929
8643
8364
9038
8841
8681
8659
8626
9261
8886
8261
9021
9483
8393
8118
8333
8230
8531
8916
8598
9137
8048
8652
8527
9040
8874
8468
8109
8969
9119
9337
8773
8758
9457
8826
9494
8287
8780
8041
9355
8050
9076
9002
8746
8121
8894
8882
9034
8981
9000
9289
8605
8771
7952
8797
8722
8871
8451
7959
8574
8560
9264
8916
8724
9245
8395
8550
8874
8794
9087
9510
9166
8339
8873
9044
8361
9162
8675
9077
8565
8922
8759
8869
8442
8642
8815
8639
9003
8639
9367
8893
8920
9298
9216
9703
9119
9663
8695
8644
8212
8772
8579
9052
8464
9375
8749
9043
8906
8618
9046
8044
9101
9313
8448
9170
9006
9441
8679
8905
8754
9807
8555
8520
9429
8781
9000
9270
8976
8826
8574
8977
8780
9616
8716
8733
8650
8927
9495
8608
9043
9314
8616
8336
9892
8662
8633
8195
9517
8854
8682
8217
8857
9400
9149
8436
8715
9010
9344
8791
9455
9992
8738
8521
8607
8970
8226
9497
9333
9155
9519
8839
9368
9453
9443
8251
8719
9732
9624
9719
8815
8602
8116
8472
9053
8974
8256
9189
9198
8690
9109
8708
9330
9555
8612
9263
8600
9394
8629
8822
9046
8456
8884
9374
8954
9333
8548
8217
9022
9369
9443
8762
9602
9442
9028
8619
8979
9770
9203
8320
9518
8653
9890
8461
9394
9084
9085
9036
8987
8623
8834
9016
9399
8857
8957
9476
9320
9466
9157
8776
9348
8922
9132
8068
9408
9296
8868
9341
8364
8630
9484
8625
9077
9550
9216
9345
9663
8954
9989
8565
9219
8705
8907
8452
9244
9140
9316
9426
9169
8919
9195
8871
8927
9437
9289
9289
9940
9493
8686
8966
8468
10024
8900
8614
9358
9866
9627
9595
9327
8611
9214
8815
8946
8872
9206
9027
9566
8737
9105
9064
9452
9760
8763
9097
9450
9033
9813
8704
8779
8510
8784
8639
8879
9563
8718
9207
10265
8751
8990
8834
9134
9631
9191
9846
9063
9750
8438
9564
9398
8837
10093
9685
9416
9290
9109
9565
9211
8939
8922
9447
9179
8876
9701
9570
9391
9113
9165
9200
9167
9371
8766
9514
9627
9034
10312
9070
9183
9540
9913
9134
9541
9732
9662
9947
9160
9358
9456
9592
9960
10170
9523
9473
9364
10100
9287
10105
9440
9079
9024
9012
8796
9797
9542
9473
8885
9322
9812
9396
9204
9424
9281
8980
9654
9012
9414
9318
9533
9493
10352
9549
9388
9423
10062
9545
9565
10073
8985
9978
9472
9775
9480
9490
9759
8767
9353
8723
8964
9129
8564
8974
9817
9649
9604
9819
9510
10072
9314
10346
9481
9113
10674
9671
9158
9915
9220
9085
9970
9799
10260
10273
9733
9793
9946
9387
10733
10235
9654
9759
9737
10123
9569
10244
9632
9545
9586
10046
9396
10039
9586
10311
9732
10459
9381
9405
9738
10727
10150
9553
10032
10358
9224
10117
9837
9693
9823
9680
10284
9176
10230
9417
10575
9372
9969
10005
8673
9921
9602
10231
9822
9813
10104
9996
10522
9762
10117
9824
9876
9621
10481
9812
9632
10620
9778
10279
10313
9624
10860
9643
10002
9540
9894
10829
10658
10243
10004
9419
9833
9845
9538
9352
9933
10214
10214
9692
9797
10811
9632
10715
9574
10291
10235
10517
10016
9911
10366
9950
10414
10754
10394
9614
10234
10563
10730
10098
10189
9774
9360
10294
10636
10016
9869
9914
10368
10752
9738
10019
9883
10338
10244
10038
10149
9846
10376
10793
10138
10622
11005
9981
10619
9949
10256
9703
10426
9789
10594
10564
9868
10031
10504
10782
10228
9831
10071
10909
10314
9555
10512
9991
10899
11345
10289
10584
9679
10153
11294
11038
10300
10392
10526
10229
10795
10770
10421
9961
10446
10323
10159
10716
10047
10748
10860
10562
9947
10228
10850
10804
10399
10853
10261
11364
9940
10420
10672
10329
10707
11104
10763
11337
10326
11221
10548
10478
10846
10261
10894
11242
11401
10586
11379
10215
11470
10857
11275
11075
10457
10685
10810
11075
11115
11193
10621
10405
10662
10941
11018
10507
10620
11423
11253
11249
11226
11052
10841
10866
10992
10169
10953
10570
11771
11092
11256
10924
11456
11440
10798
11317
11778
11236
11608
12008
11530
10214
11304
11824
11238
10929
12133
11311
11444
11109
10904
10949
10660
11108
11712
11103
11484
11450
11379
11137
11198
11593
10793
11481
11301
11850
11508
11387
11344
11114
11764
11520
11470
11672
11258
11828
11827
11588
11421
11365
11220
12244
10912
11787
11392
12152
12398
10909
11467
11622
11898
11854
11653
12091
11354
11368
11959
12098
11506
11830
11606
11342
11108
12011
11880
11709
11963
11358
12260
11801
11952
11595
12208
11783
12039
11710
12136
12161
12170
11904
11166
11743
11419
12435
11789
11997
10945
11417
11922
12624
12093
11920
12148
12045
10985
11478
12079
12424
12616
11601
12570
12281
11882
12378
12067
12323
11805
12218
12164
12204
12134
12425
12009
11549
11800
12804
11950
12395
11943
12714
12606
12679
12624
12723
12130
12514
12672
13143
13224
12922
12800
12460
12557
12555
12314
12792
12684
13401
13453
12617
12936
12086
13539
12696
12612
13241
13346
12292
13069
12180
12856
12434
12925
12334
13287
12882
12689
12551
13117
12719
12712
13033
12663
13340
13036
12675
12516
13689
13866
13008
13254
12769
13054
13304
12706
12916
12943
13942
13585
13850
13420
13107
14020
13480
13376
12954
13687
13561
13350
13468
13636
13516
13211
13366
12908
13143
13525
13314
13974
14199
13600
13570
13657
13072
13675
13807
13849
14248
13989
13447
14038
13546
13327
13603
13988
13860
13919
13161
14565
13664
14228
13663
13199
14150
13613
13707
13728
14120
14305
14070
14227
14468
14118
14692
13832
13631
14673
14378
15034
14700
14504
14502
14559
14592
14207
14204
14442
14353
14356
14679
14761
14316
14317
14705
14874
14712
14971
14076
13719
14037
14309
14373
14064
14536
15069
14687
15016
14492
14379
14920
14986
15413
14902
15549
14910
15026
14807
14874
15424
15112
14609
15122
15473
14950
14460
15673
15413
15228
15190
15358
15332
14307
15717
15113
15168
15561
15061
15488
15206
15618
15764
15639
15478
15585
15586
15042
15458
15416
15410
14999
14922
15102
15303
15114
15940
15900
16296
15148
16493
15635
15916
15907
15682
15718
16295
15968
16457
16004
15954
16025
15648
16168
16367
16021
16138
16185
15672
17037
16025
15645
16173
16136
16172
16506
16106
16025
16341
15834
16778
16721
16075
15981
16632
16608
16504
17483
16762
16052
16170
16341
16916
17004
16238
16456
16978
17495
16154
17098
16869
17165
17098
17390
17461
17531
16956
17570
16788
17328
17304
16690
17319
16596
17961
17298
17153
17529
17118
17594
17556
17387
17477
17905
17580
17119
17696
17837
17431
18350
17719
17480
17594
17426
17350
17343
18033
17841
17508
17851
18380
18436
18633
17326
18222
17903
17539
18484
18027
18508
18301
18724
18576
18017
18208
18282
18376
18460
19016
18688
18232
18375
19089
18480
18928
18699
18580
18407
18790
18708
18551
19590
18261
18714
18516
18875
19444
19405
18731
19273
19896
18908
19850
19272
18900
19512
19375
19193
19408
19820
19420
18957
19622
19946
20069
19557
19726
19668
20591
18930
19899
19946
20608
19530
20486
19904
19461
19423
19783
19698
20447
20512
19423
20608
20043
20666
20985
20449
20402
20238
20357
19976
20947
20011
20775
20950
20506
19080
20292
20903
21019
20564
20648
21154
20537
20546
20736
20790
20587
20119
20923
21257
21325
20893
21528
20902
21226
21349
20857
21380
21072
21286
21851
21330
21508
20903
22538
21266
21164
21725
22347
22160
21571
21465
21780
21719
22000
21860
21085
21803
20970
22085
21634
22119
22568
21800
22784
21752
22658
21776
22665
23069
22358
21621
22201
22729
23150
22539
23202
22644
22418
23577
22774
22022
22177
22201
22401
23259
22928
23074
23042
22821
22628
22902
22937
23416
23956
22541
23680
22842
23096
23597
23318
24147
24301
23316
24157
24098
23370
24228
23848
24164
24350
24152
23558
24290
23262
23883
24922
23254
24367
24307
24677
24791
25180
25052
23778
23849
24486
24487
24792
24445
24804
25357
24381
24397
24586
24774
25053
25008
25189
25620
24964
24648
25170
24923
25955
25611
25538
25997
24542
26522
25280
26171
25171
25116
26136
26137
25638
24592
25017
25722
25316
25770
25289
25473
26116
25541
26321
25708
27072
26424
25886
26226
25829
26075
26354
26421
26296
27776
26782
26923
27025
27055
27434
26766
27290
27030
26430
26891
27321
27116
27433
27359
27444
27363
27062
28141
28196
27835
27889
27387
28009
27344
28406
27755
28180
27803
28122
28004
28616
28770
28091
28709
28523
28631
27960
28282
28278
28945
28874
28082
29476
29701
29157
28372
28825
29080
29242
29376
29151
28383
29499
29485
29313
29577
29353
29784
29382
29797
29746
30712
29454
29914
29282
29910
29652
29544
29977
29802
30812
30354
29794
31284
30820
29885
31250
30484
30564
30765
31380
30912
31242
31312
31013
32058
30777
31305
31598
30965
30920
31754
31908
31581
32000
32209
31546
32868
32440
32465
31602
33038
32506
33397
31979
32730
32486
33697
32790
33029
32956
33526
32271
32729
33627
32880
33866
33226
32813
32800
34020
34428
33400
33942
33450
33860
34052
33188
33542
33895
34304
34106
33730
33722
34520
33812
33828
34388
35086
34795
34328
34452
34660
35186
35698
34748
35310
34378
35574
34564
35030
35812
35211
36040
34866
35465
34660
35688
36074
35944
35667
35639
36285
36005
35974
35765
35880
35764
36340
36453
35315
36140
36317
36445
37731
36586
36708
36098
36540
36463
37321
36922
37369
36682
36998
38976
37402
37418
37764
36893
37772
37459
37354
38144
37272
37870
38080
37660
38315
38276
37831
38558
38388
38567
38184
38466
38490
38647
38004
38948
37684
38621
38824
38582
38057
38603
39656
39272
39561
39867
38634
39292
39126
39515
39488
39202
39346
39416
39210
40192
39079
39336
39530
40260
39825
39633
40601
40524
40620
41088
39852
39994
40248
40644
40281
40315
40197
40729
40671
40797
39663
39220
40002
41125
40793
40520
41314
41739
41897
40632
41333
40731
41220
41988
41396
41918
42324
41994
42148
41588
42059
41524
41832
41242
42240
42513
42681
42180
42116
41320
42368
41766
41728
41168
42747
42402
41620
42754
42460
42677
42730
42617
43382
42962
42056
42536
42782
42615
42650
43296
41789
43723
42205
42188
43242
43573
42997
43078
42634
43686
43204
43533
43622
43764
43332
44052
43028
44068
43344
44056
43755
44644
43944
44452
44040
44064
44312
44100
43242
44160
44096
45028
43914
44292
43919
44107
44973
44567
44334
44766
45163
44636
44868
44576
44120
44737
43723
43819
43783
44399
45641
44276
44044
43878
45051
44522
43386
44938
44366
45060
43949
44356
44854
44597
44252
44492
44024
44356
44601
43901
44948
45440
45328
44776
45103
45224
45330
45073
45403
45250
45758
45602
45800
45605
45294
45142
47122
44954
45740
46276
44475
45312
44959
45184
44996
44576
45357
44982
43960
43277
43754
43626
44569
45412
45686
45897
46482
45957
46126
46135
45391
45767
45588
45757
46552
46006
46385
46618
46256
44932
46580
46592
46056
46525
45949
45637
46754
46678
45820
46104
46162
46440
46127
46171
46281
45723
45704
46715
46752
45932
45863
46324
46345
47213
46650
46777
46585
45901
46122
45588
46249
46020
46128
44699
45291
44644
45396
44380
44596
44916
44898
45213
46208
46517
46472
45988
45516
46477
46368
45917
46485
46234
46805
46464
47640
46900
46063
46570
46065
46148
46680
46838
45962
46628
46308
45892
45236
45918
45816
46617
45995
45274
46046
45808
45088
45528
45912
45931
46357
46932
46070
45707
45708
46666
46165
46699
46441
46692
46340
45716
45888
45570
45604
45562
45986
45657
46925
46141
46208
45700
46282
46087
46440
46168
46061
45609
45744
46464
46059
46826
46196
45450
45929
45922
46321
46336
46242
45863
46249
46176
45910
46023
46112
45561
46372
45682
44461
46170
45949
45664
45977
45735
46119
46389
45933
46340
45658
47812
46027
46362
46208
45672
46574
45867
46445
45801
45857
45650
45869
46971
46874
46266
46044
45897
46010
46410
44892
45109
44014
44490
44219
44234
44213
45162
45130
46094
45280
45014
46196
46264
45646
45416
45284
45524
46200
45286
45884
46094
44807
46186
46208
45002
44916
45253
45622
45395
45808
45634
44738
45164
45696
44580
45452
44612
45053
44612
45546
45869
45568
45296
45460
45061
45272
45524
45476
45017
45184
46156
46253
45800
45766
45267
46336
45557
45751
46091
45020
45165
45088
45740
45741
45432
45696
46449
45380
45961
45466
45480
45380
44790
45735
44714
44917
45420
45676
45866
45892
46014
45387
45266
45819
45146
45229
45820
45933
45832
45770
46216
45065
45690
45236
45913
46116
45184
45941
45482
45533
45364
47027
45732
46115
45828
45684
45421
45512
46252
46262
45755
46391
46288
46064
46394
45568
45768
46764
46824
46859
46670
47244
47168
46280
46839
46638
46233
46859
46480
46860
46628
46762
46208
47680
47208
46837
46290
46768
46525
45780
47001
46516
47492
46462
47087
47253
48091
46606
47322
46181
47626
47206
47054
47972
47393
48026
47576
47814
48731
47524
47846
47424
47830
47456
48180
47563
46974
48004
47709
47748
47439
47544
47196
47762
48552
48852
47867
47473
48298
48340
47798
48150
48141
48697
48118
47526
48267
49118
49261
48612
48042
48538
48365
48388
48477
49746
48593
48594
49524
48907
49452
49594
49451
48672
49318
49942
49348
49284
48404
49243
49350
48185
49594
48973
49764
50372
50004
49190
49541
49440
49728
49580
49802
50312
50331
50007
50921
50043
50888
50107
50177
50240
50484
50349
51364
50356
50304
50948
51032
50500
50893
50541
51498
50504
50330
50730
50996
51289
50855
51360
51414
51276
50504
51396
51956
51897
51542
51592
51625
51396
50160
51602
51885
51540
52211
51556
51616
51220
53111
52446
51794
51050
53197
52500
52512
52358
52480
52727
52268
52480
53044
52346
52845
52719
52288
52452
52890
54024
53364
54068
52074
52864
53259
52864
53181
54360
53196
53476
52884
54678
53076
52392
52645
52390
53019
52341
52616
52701
52836
52836
53339
52945
53482
54010
53760
53078
52256
52810
52900
53442
52774
53522
53450
53550
53524
53034
52717
52858
52322
53430
53380
53530
53465
53748
53128
54168
53860
54784
55588
54340
54530
54212
54028
54602
54468
54068
55552
54890
53933
53932
54724
54326
55782
54405
54682
55337
54424
54888
54629
54400
54680
55060
55476
55132
55167
55148
55223
55259
55252
54708
55412
55708
54660
55132
54501
55556
55231
54716
54884
55053
55370
55636
55164
55554
55558
55534
55989
55988
55245
55354
54810
54852
55556
55444
54634
54168
54682
53781
54464
53792
54608
54442
55044
55733
54958
55760
54964
54858
55348
55177
55444
54509
54730
54868
54912
55748
55104
55552
56081
55668
55552
55488
55165
55460
55782
55946
55402
54749
57018
55660
55872
54580
56216
55576
56285
55721
55477
55556
55426
55564
54837
55922
55671
56292
55947
55210
55979
55316
56294
54656
55366
55586
56372
55528
55080
55722
55077
55525
55584
54889
56045
55899
55496
56324
55391
56404
56138
55994
55561
55724
56072
56628
55898
56388
55428
56152
54450
55012
55684
55402
55459
55188
54726
55781
55908
55389
54931
55446
55552
54200
54475
55109
55174
54944
55689
55128
55076
55316
54528
55170
55336
55252
55230
54904
53927
54714
54500
54388
54452
54336
54207
54448
54586
54410
54876
52779
53748
54246
53376
54340
52549
53526
53124
53119
54944
54336
54776
54872
54912
54748
55300
54853
54228
54068
54206
54474
54603
53817
53839
54038
54660
54328
54746
54699
54152
53880
53912
53353
54250
53486
53743
54093
53983
53632
53342
53418
53126
53386
53101
54186
53314
53942
53671
53568
52500
52924
53332
53446
52796
53229
53724
52394
52364
52557
53274
51901
53676
53248
52903
52308
51588
51927
52308
52996
51976
52110
51637
51699
52205
51690
51200
51079
50690
52100
52107
50413
50484
51284
50852
50464
50738
50725
50304
50549
51364
49908
50955
50865
50676
50536
50836
49876
49472
49876
49858
49992
48396
49770
50234
48937
49232
49780
49022
47796
49377
49931
49291
48904
48493
48733
48310
48477
48045
48718
48308
47648
47959
48918
47270
47883
47787
47570
47868
47658
47094
47366
48106
48256
46858
47063
47316
47482
45929
46261
45453
45288
44811
45500
45428
44622
45944
45195
45620
46388
46597
45414
44822
45706
44068
44924
45017
44404
44252
44265
45114
44427
45130
45013
43723
43183
43994
43482
43253
44090
43680
42328
42763
42089
43309
43232
42718
43052
42090
42670
42426
42496
41896
41618
41860
42422
41800
40348
41881
41167
40859
40909
40381
41169
40264
40064
40288
41028
39826
40118
40415
39333
40116
40221
38976
38792
38497
38866
39384
38638
38084
38277
37832
38630
38190
38632
37304
37449
37067
37578
37868
36434
36996
37786
37451
37156
36364
37492
36520
36816
36041
35540
34929
35480
35806
35677
35406
35957
34202
34788
35406
35693
33836
34450
34676
34052
34119
34262
34208
32570
33988
33373
32113
32788
31874
32490
32836
32809
31949
31962
32754
31590
32683
32084
32555
32084
30886
31737
30930
29703
28992
29146
29684
28956
29216
29944
29184
29341
30404
29884
29356
29818
29386
29421
29243
28516
28643
28169
29068
28291
28006
27908
27989
28532
27716
27917
27591
27472
26868
26433
26518
27410
26680
26893
26381
26573
25999
26614
26212
25824
25796
25320
24435
26191
24247
25034
24888
23820
24478
24836
24378
23968
23446
24070
23578
23688
24108
22793
22828
24026
23556
22811
22682
23242
22584
22601
21935
22106
21787
22361
21476
21146
22156
21853
21584
20793
21002
21946
20941
20859
20375
20672
20002
20586
20384
20620
19961
19887
19748
19022
19416
19725
19611
19620
19219
19608
18335
18180
18146
18356
18895
19191
18884
19310
17412
17582
17985
17648
17558
18070
17410
17938
17568
17465
17461
16911
17035
17844
16292
16564
17267
16904
15962
17194
16372
16469
16100
15866
16793
16125
15368
15352
15978
15993
15098
14953
15862
15357
15648
15256
15074
15213
14789
14431
14137
14298
15766
14491
15317
14080
14263
14512
13772
13989
14336
14400
14000
13850
14136
13693
14290
13896
13488
14454
13000
13536
13621
12972
13186
13309
12876
13102
12909
12772
13040
13830
13710
12374
12499
12564
13211
12859
12490
11998
12774
12255
11626
11675
12406
13042
12657
12090
12149
12014
12316
11498
12593
11972
11846
11498
12040
11121
11911
11297
11508
12206
11304
12264
11605
12042
10719
12311
11509
11801
10651
10711
11962
11995
10594
11354
10232
11432
10845
11949
11474
11605
11087
11458
10838
10532
11165
10756
10533
9966
10768
11271
11306
10923
10569
10613
10428
10562
11410
9673
10702
10604
10744
9460
10393
10475
10552
9860
10094
10112
10537
9987
10697
10280
10674
10171
10321
