7939
7901
7233
7734
7570
9167
7132
7527
8125
7305
7633
6926
7353
7182
6927
8283
7839
7278
7939
7965
6642
7385
6856
7579
8052
7419
7893
7377
6973
7587
7928
7169
6957
7133
7061
7555
7002
7919
7505
8054
7536
7274
7252
7568
7890
6699
8135
7057
7999
7959
8774
8085
8468
7123
7448
7384
7232
6799
7351
7860
7183
7200
7846
7932
7469
7243
7571
7049
8063
7948
7630
6714
7455
7525
7736
7785
7357
7705
7302
7232
8071
7477
7810
7459
8034
7968
7746
6811
8051
7709
7897
8157
8137
7445
7247
7868
7428
8404
8598
7498
7804
7072
8071
7070
7936
7963
7162
8137
7022
7428
7932
7288
8343
7515
7778
7265
7350
8192
8146
8170
7786
7444
7233
7894
8052
8005
8454
7786
6949
8026
7499
7399
7855
7528
7829
7588
8245
8229
8006
7360
7894
7763
7156
7780
8254
7972
7840
7924
7680
7641
8100
7491
8071
7809
7141
7726
8183
8187
8165
7696
8683
7643
7584
7581
7488
7981
8121
7596
8226
7156
7789
7754
8005
7313
7482
6985
7847
8132
8034
7770
7588
8577
8209
7609
7940
8614
7993
7467
8552
8042
8513
7927
8279
7840
7482
7888
7617
7907
7859
8475
7049
7281
8218
7689
7538
7677
8179
7934
8344
7888
7928
7914
8389
7884
7608
7155
8148
7712
7924
8072
8473
8088
8146
7370
8543
8266
7887
7917
7533
8348
7346
7332
7968
7957
7612
7933
7894
7596
8299
7838
8430
8027
7498
7810
8133
8080
8032
8242
7798
8682
7559
8513
8151
8192
7995
7821
7348
7613
8659
7686
7721
8423
7724
8142
7449
8130
7504
8030
7905
8673
8524
8232
8356
8312
7282
8036
8474
7433
7629
8443
8175
7865
8449
7418
8381
7500
7920
8526
8286
8260
7871
7648
7999
7942
8729
7776
7925
7988
7499
8308
8045
8358
7527
7692
7547
8012
7688
8030
8203
8327
7947
9088
8488
8027
7589
8284
8635
7905
8396
7894
8698
7076
8098
8192
7930
7951
8665
8213
8318
8439
8079
7585
7511
7924
7741
8677
8390
7901
7905
7715
8704
8132
8582
7236
7938
7983
8321
8243
8320
8520
8201
8368
8244
7809
8573
8152
8013
8693
7809
8558
7474
8206
8367
7278
8234
7811
7836
7588
8409
7975
7708
7576
8488
8339
7787
7634
8082
7561
7808
8043
7378
8371
7319
8411
7793
8012
8335
7533
8240
7782
8195
8477
7367
8186
8400
7872
8102
7933
8105
7797
8215
8507
7775
8271
8298
8300
8215
8599
8031
8277
8727
7964
8561
8748
8068
8629
8111
8119
7929
8150
8190
8510
8373
8475
8276
8047
8087
7252
7942
8391
7461
8204
8390
8062
8098
8187
8416
8280
8332
8032
7860
8427
8186
7489
8326
8251
8037
8444
8026
8434
7763
8200
8240
8256
8063
8700
8061
7739
8582
8023
7712
7995
8320
8341
8188
8798
8215
8492
8173
8195
8666
8535
7690
8544
8940
8311
8592
7684
8596
7276
7799
7744
8424
8866
8628
7924
9067
8143
7848
8357
8025
8428
7747
7786
8245
8506
9339
8752
8075
7770
8651
8648
7876
8435
8762
8126
8518
7655
8062
7796
8093
8257
8671
8905
8305
8720
8646
8464
7506
7950
8835
8345
8426
8147
7849
8832
8567
8731
8510
8744
8481
8148
8768
8622
8350
8839
8081
9021
7919
8857
8355
8647
8481
8323
8853
7934
8785
8000
7882
8337
8402
9501
8509
8360
8676
8321
8836
8361
8360
8942
7962
8390
8406
8867
8601
8722
8545
7794
8589
8100
8020
8098
8151
8073
7685
8784
8596
8689
7919
8552
8668
8175
8599
7829
7746
8777
8507
9036
8486
8418
8536
8540
8296
7976
7866
7873
8658
7915
8441
8103
8348
7991
8365
9108
8408
8687
7791
8273
8457
8032
7983
8153
8501
8170
8198
8728
8061
8945
8288
8542
8291
8554
9050
8166
7845
8223
7677
8514
8893
8692
8430
8182
8230
8500
9252
7461
8214
8569
8392
8814
8250
8441
8109
9009
9260
9356
9004
8162
8292
8152
8959
7747
7835
8559
8270
8088
8783
8619
8616
8667
8433
8384
8716
8673
8513
8173
8307
8588
8662
8094
8728
8269
8321
8996
8964
8318
8486
8250
8127
9572
8709
8085
7897
8202
8134
8417
8773
7927
8517
8900
8683
8091
8790
8694
8491
8602
8604
8833
8812
8184
9122
9016
8331
7843
8334
8232
8476
8899
8592
8958
8009
8119
8323
8782
8628
8225
7864
8687
8815
8832
8762
8410
9158
8525
9203
8192
8589
8125
9226
8062
8978
8804
8607
7823
8578
8696
8844
8574
8555
8956
8571
8749
7714
8787
8714
8860
8164
7808
8352
8351
9010
8332
8572
8942
8261
8463
8787
8450
8617
9277
8828
8063
8738
8705
8112
8890
8403
8936
8354
8638
8558
8537
8254
8416
8580
8503
8783
8421
9193
8371
8776
9311
8964
9338
8981
9085
8397
8422
7875
8910
8524
8988
8457
9236
8178
8732
8807
8221
8714
7519
8896
8757
8228
8756
8622
9148
8688
8726
8708
9428
8373
8351
9265
8488
8821
9049
8509
8442
8344
8553
8799
9224
8389
8512
8521
8859
9198
8486
8708
9162
8236
8237
9586
8459
8451
8176
9330
8677
8256
7909
8509
9087
9034
8091
8320
8751
9156
8757
9316
9813
8725
8536
8519
8805
7904
9239
8804
8808
9067
8532
9222
8988
9249
8130
8630
9303
9278
9520
8783
8231
7869
8068
8820
8581
7850
8800
8693
8517
8994
8702
8886
9109
8320
9115
8578
9092
8175
8675
8634
8122
8304
9264
8755
9019
8321
7986
8487
8962
8705
8282
9317
8959
8752
8282
8721
9571
9091
7966
9362
8465
9434
8329
9125
8900
8806
8511
8682
8237
8407
8765
8976
8667
8836
9155
8852
9385
8729
8442
9230
8611
8652
7866
8981
8925
8603
8833
7990
8434
9135
8385
8794
9298
8837
9327
9485
8377
9424
7900
8869
8571
8618
8103
9014
8724
9073
8960
8895
8529
8976
8512
8542
9230
9106
9255
9715
9189
8466
8812
8299
9549
8619
8441
8936
9138
9274
9193
8830
8261
8856
8502
8947
8612
8724
8736
9105
8462
8778
8508
9080
9280
8485
8463
9104
8894
9560
8512
8589
8171
8398
8400
8423
9302
8450
9138
9755
8359
8638
8390
8841
9289
8922
9280
8486
9684
7972
9140
8822
8682
9695
9257
9212
8948
8737
9355
8823
8626
8676
9069
8866
8399
9349
9039
9017
8736
8791
9108
8692
9114
8430
9160
9140
8809
10018
8632
8737
8909
9449
8680
9090
9347
9253
9336
8794
9162
9480
9400
9328
9693
8895
9101
9017
9490
8748
9636
9112
8737
8715
8421
7980
9474
9060
9204
8615
8770
9224
8970
8657
8987
8946
8323
9524
8799
8843
8854
8895
8986
10051
8917
8948
8723
9498
9291
8890
9564
8514
9645
9106
9295
9298
9123
9438
8290
9042
8416
8714
8821
8411
8752
9634
9194
9103
9368
9072
9726
8993
9832
9052
8813
10053
9229
8818
9341
8948
8615
9531
9118
9740
9833
9499
9206
9387
8755
10174
9499
9216
9512
9161
9595
9182
9702
8931
9194
9248
9348
8962
9205
9096
9720
9412
9850
9057
9165
9275
10318
9658
9013
9704
9704
8881
9708
9352
8844
9218
9106
9700
8543
9640
8971
9935
9128
9646
9540
8225
9624
9229
9582
9373
9307
9389
9245
9724
9264
9431
9185
9607
8824
10024
9303
9007
10173
8989
9813
9751
9311
10103
9354
9465
8817
9144
10173
9877
9616
9414
8848
9044
9051
8850
8844
9254
9637
9651
9123
9331
10104
9238
10087
8983
9537
9647
9852
9335
9335
9586
9594
9579
10161
9668
8893
9621
9988
9941
9528
9668
9332
8993
9490
9936
9265
9277
9174
9629
9831
9274
9438
9494
9591
9759
9700
9391
9234
9788
10029
9452
9726
10272
9480
10073
9262
9586
9177
9755
9103
9902
9978
9232
9635
10215
10010
9637
9193
9186
10084
9610
8944
9934
9248
10298
10629
9587
9593
9114
9776
10638
10335
9846
9751
9855
9556
9962
9974
9364
9293
9597
9668
9383
9869
9256
9992
10109
9538
9102
9381
9922
9728
9649
10191
9307
10502
9087
9498
10114
9489
9917
10057
9837
10426
9803
10622
9739
9984
10100
9623
10196
10100
10713
9766
10554
9268
10600
10199
10417
10267
9882
9776
9642
10216
10218
10355
9769
9448
9864
10378
9999
9814
10022
10810
10470
10323
10253
9731
10100
9993
10144
9386
10231
9524
11015
9882
10250
10116
10401
10545
9860
10341
10847
10379
10649
10813
10674
9395
10532
10757
10297
10106
11178
10491
10670
10123
10106
10196
9718
10239
11005
10011
10572
10536
10185
10290
10411
10531
9996
10651
10154
10894
10717
10356
10416
10062
11038
10302
10485
10697
9937
10885
10735
10288
10477
10376
9936
11132
9773
10864
10265
11147
11520
10097
10508
10576
10859
10740
10628
10935
10229
10216
10525
11180
10392
10530
10246
10482
10070
10592
10691
10738
10928
10269
10820
10807
10592
10468
11003
10872
11087
10888
10932
10976
11017
10978
10468
10479
10632
11402
10921
10953
9957
10085
10594
11582
10861
10970
11099
10560
9990
10007
11051
11277
11344
10525
11266
10871
10396
10974
10942
11254
10436
11070
10936
11030
10668
11130
10569
10589
10677
11516
10651
11078
10997
11393
11304
11117
11380
11719
10948
11245
11324
11706
11593
11310
11275
11224
10905
11151
11016
11059
11413
11920
12206
11377
11448
10927
12054
11203
11337
11605
11819
11010
11814
10752
11834
11080
11769
10679
11840
11287
11478
11146
11725
11411
11445
11380
11232
12024
11776
11205
11048
12107
12494
11553
11800
11514
11481
12053
11026
11275
11312
12118
12062
12329
12199
11457
12462
12387
11867
11622
12267
11942
11869
11755
11843
12066
11565
11772
11165
11743
11891
11941
11982
12484
11660
11936
12013
11508
12003
12554
12345
12257
12532
11652
12480
12055
11751
11938
12592
12290
12007
11343
12790
11778
12484
11850
11664
12427
11634
11887
12026
12394
12628
12068
12400
12779
12361
12628
12225
12237
12742
12644
13301
12817
12800
12467
12647
12783
12107
12288
12533
12673
12298
12764
12782
12644
12557
12712
12923
12736
13084
12027
11960
12168
12299
12350
11873
12616
12877
12493
12954
12477
12682
13180
13037
13394
12714
13596
12804
13153
12890
12804
13594
12855
12626
12782
13333
12797
12429
13342
13444
12983
13520
12907
13142
12400
13522
12792
12886
13429
12978
13481
12991
13670
13496
13444
13250
13189
13122
12870
13215
13446
13040
12874
13008
13119
12978
13028
13634
13490
13780
12810
14132
13414
13562
13470
13929
13864
13754
13743
14411
13713
13754
13382
13130
13982
13745
13604
13373
13722
13476
14592
13842
13348
13605
13707
13931
14214
14011
13954
13622
13591
14276
14114
13457
13609
13841
13969
13458
14682
14119
13627
13765
13737
14393
14511
13695
13929
14372
14721
13244
14825
14234
14746
14324
14821
14459
14642
14252
14878
14075
14452
14769
14118
14572
13787
15238
14736
14350
14349
14444
14774
14811
14679
14781
15016
14529
14284
15190
14811
14571
15610
14736
14611
14642
14139
14656
14387
15048
14662
15014
15181
15365
15482
15406
14464
15304
14792
14454
15684
15052
15607
15327
15747
15400
14912
15172
15211
15144
15220
15467
15483
14720
14905
15655
14838
15841
15719
15195
15195
15515
15766
15635
16135
15143
15407
15317
15622
15910
16264
15696
16290
16555
15455
16148
15894
15639
16095
15928
15737
15688
16551
16051
15399
16059
16653
16966
15744
16125
16342
16882
15404
16300
16336
16721
16426
17112
16434
15844
15882
16157
16158
16901
16631
15799
16537
16649
16844
17375
16979
16628
16812
16681
16181
17357
16392
17079
16875
16733
15883
16541
17028
17181
16814
16475
17372
16884
16710
17132
17044
16939
16004
16996
17290
17773
17274
17617
17106
16722
17305
17053
17405
17332
17101
17890
17473
17394
16993
18365
17279
17021
17202
17964
18090
17573
17291
17260
17570
17642
17685
17074
17335
16658
18033
17401
17684
18393
17382
18485
17956
18594
17868
18347
18770
17654
17676
18086
18457
18446
17806
18413
18555
17912
19131
17925
17664
18037
18155
17660
18688
18052
18188
18165
18257
18408
18214
18213
19064
19591
18110
19448
18238
18412
18846
18489
19275
19488
18885
19233
19407
19149
19346
19101
19375
19381
19228
19226
19472
18834
19041
19829
18524
19474
19390
19745
20170
20164
20001
18799
18761
19633
19428
20302
19561
19874
19937
19391
19406
18962
19566
20065
19986
19832
20282
19680
19456
19762
20165
20650
20189
20181
20579
19599
20893
19828
20743
20197
19930
20490
20740
20864
19526
19802
20282
19946
20276
19541
20053
20806
20181
21133
20388
21483
20911
20724
20982
19864
20513
20754
20900
20381
21700
21170
21578
21061
21480
21621
21580
21490
21399
20715
20989
21625
21846
21548
21632
21892
21307
21149
22242
22022
21614
21672
21224
21839
21617
21800
21650
21689
21289
22073
22234
22041
22564
21925
22266
22275
22636
21788
22299
21853
22543
22011
21632
23224
23022
22594
22000
22328
22821
22681
22787
22860
22072
23112
22807
22846
23201
23049
23434
22546
23339
23115
23880
22698
23716
22942
23058
23128
22957
23245
23359
23696
23708
23172
24192
23981
23050
24612
23794
23813
23853
24121
23846
24484
24196
24269
24864
23981
23960
24589
24148
23929
25013
25072
24302
24656
24631
24213
25534
24994
24968
24242
25380
25207
25387
24778
25288
25096
25949
25748
25000
25939
25345
24848
25514
26202
25188
26219
25005
25349
25248
25994
27498
25594
26034
25232
26066
25997
25830
25669
25970
26381
25800
25904
25984
25881
25818
25965
26223
26571
26959
26602
26420
26577
26548
27818
26409
27270
26495
27208
26678
26922
27312
26850
27628
26820
26898
26536
27510
27610
27769
27218
27990
28253
27698
27704
27082
27437
27001
27456
28228
26903
27446
27348
27760
29215
27892
27581
27298
27912
27657
28272
28548
28333
28161
28296
29642
28411
28678
28556
27887
29137
28692
28517
28721
28066
29326
28538
29703
29801
29769
29336
29172
29022
29290
28717
29385
29558
29005
28753
29524
29197
29317
29584
29985
29037
29340
30093
30266
30233
30565
29498
30583
29741
30220
30042
30017
30317
30153
29613
30566
30267
29888
30568
30661
30248
30349
31189
31351
31229
31527
30468
30622
30890
31132
30701
30825
30694
30844
31309
31470
30614
30107
30701
31482
31146
31190
31232
31529
32017
31659
31232
30913
31480
31858
31817
31717
32421
31792
32109
32498
31748
31665
32017
31686
32389
32471
32175
32113
32123
31556
32297
31762
31828
31666
32746
32444
31734
32532
32518
32971
32795
32212
32484
32973
32058
32365
32492
32201
32786
33260
31924
33652
32447
32076
32834
33725
32637
32766
32724
33465
33031
33292
33335
33541
33280
33292
32836
33525
33297
33666
33925
34177
33627
34028
33610
33380
33978
33602
32952
34018
33678
34100
33289
34122
33400
34025
33956
33583
33830
34422
34245
34571
34240
34840
34282
33952
33764
33716
33347
33754
34820
33311
33380
33944
34197
34068
33118
34671
33970
34475
33503
34234
34344
34418
34084
34337
33804
34164
34456
33211
34584
34354
34833
34277
34880
34554
35104
34549
34881
35120
35227
34971
35266
35133
34645
34820
35620
34506
35504
35713
34258
34932
34966
34692
34551
33988
34996
34628
34048
33368
33979
32858
34100
35602
35354
35491
36116
35633
35560
35617
35140
35413
34740
34760
36004
35060
36567
36024
35824
34154
36020
35245
35108
35888
35098
36004
36368
36045
35899
35840
36200
36140
35652
36542
36260
35806
35412
36662
36192
35580
35089
35551
35624
36488
36117
36799
36384
35474
36200
34774
36193
36412
35885
34884
35448
34781
35813
34344
35561
35474
35348
35075
36013
36180
35968
35876
35429
36480
36538
36146
36400
36276
36541
36713
37517
36811
35859
37051
36679
36096
36718
36817
36210
36962
36426
35550
35560
36068
36024
36376
35890
35910
36321
36488
36185
35691
36234
36418
36310
36876
36253
36459
36557
36932
36234
36730
36644
37061
36949
36230
36446
36665
36081
36506
36580
36376
37236
36516
37044
36404
36606
37085
37002
36813
36730
36277
36877
36904
36603
37158
37146
36347
36588
36224
37136
37652
36674
36724
37109
37213
36566
37042
37257
36481
37312
36644
35677
37010
37605
36438
36963
37053
37177
37202
36950
37396
37069
38592
37120
37569
37666
37079
37767
37370
37952
37124
36825
37260
37320
38162
38381
37432
37863
37556
37388
38286
36812
36496
36480
36518
36202
36021
36230
36833
37384
37515
37164
36834
37515
37754
37836
37453
36964
37446
37597
37210
37621
37819
37326
38168
38372
36972
37454
37796
37748
37576
37702
37918
36766
37578
37528
37178
37495
36566
37547
37181
38208
37814
37636
37828
37837
37701
38002
38272
38333
37690
38219
38840
39258
38644
38605
38088
38805
38212
38520
39336
37850
37878
38272
38807
38772
38188
38572
39345
38221
38783
38858
38890
38676
38522
39024
38371
38122
38744
39069
39396
39677
38985
38342
39028
39266
39240
38957
39192
39802
39581
40232
40075
38996
39442
39287
39525
39561
39309
39944
39726
38892
39732
40952
39655
40600
40347
40474
39254
40192
40192
40177
39944
40404
40696
40088
41231
40048
40685
41014
41338
41131
40747
42340
41445
40540
41128
41186
41196
41069
41451
41407
41600
41782
40891
41722
41942
41564
41672
41716
41589
41045
42032
42356
42357
41851
42025
42400
43092
41672
42731
41688
42900
42935
43115
43192
42964
42927
43642
43186
44029
43191
43221
43432
43178
42860
43994
43386
43081
43371
44070
43494
42693
43195
43024
43668
44204
44636
44288
44210
44288
44349
44244
43908
44253
45457
43817
44269
45146
45293
45458
44703
44315
44911
45312
44875
45005
45492
45359
45671
46564
45655
46464
46700
46436
45510
46815
46782
46889
45838
45818
46074
46061
45312
47188
46621
47002
47709
46989
46779
46858
47268
47114
47085
47193
48153
47818
47546
48260
47156
48260
47324
47963
47894
48180
47942
49044
47905
48426
49001
48633
48443
48635
48997
49876
48572
47757
48782
49101
49172
48852
49900
49289
49830
49280
49742
50106
49892
50432
50168
50609
49596
49060
50135
51044
50764
51087
49988
50432
50269
51835
51280
50957
50268
51484
51520
51498
51141
51259
52207
51284
51406
52159
51754
52636
52214
51356
51483
52074
53266
52557
52359
51547
52570
52378
52644
52646
53354
52909
53330
52714
54626
53157
51992
52189
52292
52826
52249
53332
52443
53210
52878
53504
52764
53716
54356
54180
53409
53332
53908
53267
53540
53028
54045
54027
53393
54344
53721
53053
53032
53354
53214
53424
54125
53446
54402
53769
54792
54500
55099
55980
55334
55414
54996
55512
54728
55595
54966
56744
55917
55131
55540
55892
56301
56618
55534
55864
56315
55396
55756
56616
55693
56061
56352
56695
56413
56975
56584
56506
56484
56825
56029
56624
57005
56774
57008
56397
57197
56772
56562
56658
56970
57472
57318
57060
57158
57618
57327
57716
57413
57472
57135
56905
57176
57472
57360
57021
56576
56835
55497
56562
56480
56274
56832
57044
57752
57428
57476
57032
57506
57581
57515
57686
57068
56792
57000
57340
58237
57418
58165
59114
57940
57797
57224
58020
57476
58280
58184
58090
57488
59588
58347
58624
57347
58881
57888
58265
58596
58136
58700
57526
58095
57419
58706
58588
58904
58646
58076
58154
57576
58897
57820
58200
57836
58916
58033
58123
58299
58308
58250
58838
58539
58709
58216
58439
58856
57764
59498
59243
59050
58302
58236
58948
59177
58688
59244
58323
59055
57579
57600
58396
58148
58218
58316
57732
58554
58516
58453
58038
58505
58794
57556
57896
57984
57673
58180
58874
58066
57786
58334
57413
57792
58944
57992
58332
57834
57620
58107
57674
57882
57450
57730
57261
57306
57659
57576
57308
55995
56420
56533
56597
57495
55956
56461
56512
56731
58600
57422
57306
57984
57451
57517
58276
58024
57028
56618
57560
57236
57204
57384
57114
56601
57069
57481
57188
58202
57182
57490
56825
56292
57604
56555
57012
56588
56664
57213
56152
56780
56808
56395
56251
57172
56586
56923
57278
57044
55396
56448
56168
56404
55641
56448
56285
56292
55306
55307
55692
54400
56713
55860
55926
55828
54788
54976
55078
56055
55082
55140
54413
55280
55434
54580
54205
54356
54089
54816
55508
53592
53242
53930
53082
53000
53472
53512
52972
53620
53638
53440
54612
53402
53208
53926
53349
52840
51840
52842
52665
52484
51595
52462
53540
52677
52357
52753
51743
50996
52352
52084
51602
51608
50862
51921
51234
51098
50603
50868
51328
50368
50478
51282
50196
50273
50294
50488
50698
49750
49028
49861
50262
50464
49736
49593
49732
49078
48175
49021
48109
48304
47332
47652
48193
47886
48457
47681
47723
48586
48668
47684
46600
48340
46841
47693
46729
47126
46244
46565
47400
46932
46970
47404
46011
45645
46024
45474
45760
46345
45824
44330
45140
44228
44651
45163
44210
45132
44040
45344
45012
44884
44084
43002
43595
44949
44015
42778
44056
43560
42968
43316
42386
43348
42470
42305
42189
43005
42204
42346
41748
40984
41901
42048
40213
41148
40388
40913
41051
40699
40154
39828
40136
40488
40276
40284
39286
39149
38952
39285
39466
38602
39048
39402
39123
38689
38362
39108
38356
39030
38055
37482
36626
37248
37701
37042
36884
37288
35531
36280
36757
36804
35629
36025
36181
35674
35570
35505
35657
34365
35574
34514
33210
34624
33314
34089
33893
34071
33485
33785
33957
33064
34190
33471
33314
33467
32671
32572
32413
30727
30318
30426
30429
29943
30074
30649
30619
30572
31852
30952
30203
31262
30773
30805
30589
29604
29714
29283
30000
29365
29086
29416
28554
29598
29176
28898
28274
28670
27593
27260
27264
28140
27654
28152
27396
27268
26601
27780
26706
26912
25869
26044
25276
26698
25158
25293
25864
25004
24945
25490
25652
24843
23912
24502
24232
24201
24452
23850
23692
24722
24348
23564
23157
23994
23262
23419
22634
22273
22799
22836
22289
21881
22676
22154
22238
21188
21317
22548
21242
21771
21032
21195
20796
21342
20845
20758
20138
20226
20152
19501
19719
20096
19906
20093
19618
19976
18690
18557
18759
18614
19182
19608
18817
19517
17725
17908
18371
18351
17933
18290
17814
18357
17859
18000
17887
17295
17384
18053
17082
16740
17525
17192
16210
17452
16532
16571
16201
16576
17008
16334
15295
15621
16296
16227
15496
15280
15734
15633
15911
15903
15300
15349
14941
14505
14194
14626
15930
14585
15317
14004
14176
14445
13688
14024
14257
14417
14368
13709
14044
13709
14369
14086
13706
14933
13203
13640
13658
13152
13238
13496
12706
13485
12807
13044
13083
13841
13724
12539
12606
12841
13293
13038
12640
12060
12892
12558
11485
11841
12437
13019
12593
12427
12085
12143
12345
11469
12597
11948
12232
11637
11878
11395
11980
11220
11639
12097
11194
12529
11509
12140
10927
12418
11356
11913
10555
10994
11855
11869
10674
11285
9995
11382
10961
11900
11348
11681
11017
11605
10726
10239
11126
10938
10497
9822
10820
11229
11190
10980
10780
10761
10322
10630
11476
9659
10764
10496
10631
9496
10370
10250
10620
9885
10256
9846
10466
9901
10592
10327
10790
10162
10238
