1838
1799
1839
1762
1851
1945
1752
1818
1827
1742
1871
1698
1823
1737
1692
1902
1805
1744
1856
1965
1805
1794
1741
1816
1903
1890
1900
1782
1846
1810
1764
1756
1770
1793
1792
1749
1812
1847
1771
1807
1727
1835
1838
1820
1887
1704
1804
1775
1773
1758
1900
1839
1902
1739
1771
1769
1782
1803
1880
1841
1832
1908
1827
1769
1753
1775
1730
1711
1828
1771
1805
1670
1798
1836
1837
1897
1889
1897
1796
1831
1865
1887
1872
1907
1935
1898
1908
1741
1785
1845
1822
1847
1847
1836
1861
1848
1802
1844
1872
1761
1888
1784
1828
1825
1770
1864
1663
1855
1849
1885
1843
1825
1906
1811
1831
1815
1808
1956
1950
1868
1847
1812
1852
1844
1800
1806
1908
1847
1760
1785
1845
1842
1794
1833
1926
1767
1834
1853
1908
1873
1936
1942
1801
1931
1963
1812
1878
1843
1876
1848
1872
1875
1853
1814
1827
1859
1921
1945
1902
1936
1879
1780
1849
1738
1845
1837
1865
1741
1920
1809
1827
1898
1857
1885
1816
1876
1858
1906
1860
1899
1816
1979
1819
1906
1815
1945
1927
1845
1879
1829
1913
1868
1901
1898
1799
1874
1861
1828
1872
1855
1762
1831
1966
1861
1854
1936
1844
1866
1925
1853
1779
1862
1956
1879
1784
1801
1896
1817
1915
1853
1966
1796
1884
1840
2012
1817
1887
1791
1836
1919
1784
1903
1978
1810
1809
1835
1853
1836
1844
1883
1881
1930
1832
1978
1948
1888
1844
1969
1872
1869
1827
1913
1900
1790
1951
1899
1916
1862
2008
1852
1846
1940
1858
1953
1832
1978
1847
1945
1993
2021
1826
1988
1946
2040
1845
1834
1918
1764
1807
1909
1849
1899
1889
1822
1990
1828
1864
1959
1767
1906
1934
1847
1820
1957
1965
1954
1912
1912
1803
1935
1912
2039
1816
1855
1866
1805
1965
1812
2016
1994
1942
1995
1848
1929
1827
1923
1913
1819
1929
1857
1942
1766
1923
1980
1916
1829
1973
1921
1866
1945
1899
1763
1896
1922
1872
1819
1940
1973
1838
1846
2005
1989
1925
1905
1908
1852
1956
1895
1922
1968
1812
1999
1926
1888
1934
1933
1959
1983
1905
1922
1911
1918
1922
1845
1987
1807
1836
1926
1927
1882
1829
1853
1896
1796
1912
1861
2076
1926
1863
2000
1928
2020
1817
2003
1918
1926
1874
1840
1912
1916
1858
1832
1805
1935
1888
1842
1888
1931
1968
1845
1970
1957
1875
1920
2041
1949
2051
1932
1934
1981
2008
1949
2005
1967
1901
2058
1916
1941
1959
1940
1984
1909
1953
2044
1954
1913
1912
1869
1907
1890
1893
1843
1983
1897
1962
1930
1965
1993
1925
1892
1894
2046
1894
1821
1877
2040
1871
1994
1855
1959
1972
1955
1940
2078
1961
2006
1921
1944
2069
1863
1869
1984
2019
1995
1986
2085
1937
1986
1893
2003
1974
2044
2006
1947
2123
1964
2031
1973
2057
1849
2004
1925
1921
1970
1994
2041
2017
2020
1908
2008
1998
2018
1930
1961
2060
2002
2102
2026
1888
2011
2004
2023
1935
2035
1956
2071
1955
1998
1984
1996
2056
1952
2030
2129
1966
2142
1985
1943
2051
1979
2048
2093
2036
1962
2079
1997
1975
1960
1944
1997
1967
2035
2027
2032
1940
1986
2034
2082
1890
1963
2069
2027
2052
2058
2050
2031
2042
1857
2036
2050
2129
2016
2048
2037
2041
2031
1969
2021
1950
2095
1889
2056
2107
1993
2117
2146
2056
1939
2038
2006
2067
2051
1990
2037
2023
2013
2043
2048
2021
2025
2108
2042
2033
1992
1946
2049
2026
2231
2112
1969
2033
2027
1965
2008
2017
2186
2005
1963
2049
1969
1987
2055
2093
2093
2075
2044
2084
2086
2029
2154
2099
2040
2032
2105
2111
2138
1979
2136
2126
2193
2056
2102
2046
2137
2126
1980
1992
2182
2093
2174
1995
1970
2076
2106
2122
1996
2101
2073
2149
2138
2130
2155
2048
2068
2080
2097
2129
1988
2108
2017
2192
2094
2060
2154
2128
2041
2214
2087
2234
2180
2096
2103
2153
2123
2059
2083
2112
2048
2133
2035
2070
2120
2061
2032
2183
2095
2142
2018
2061
2242
2151
2218
2086
2192
2139
2194
2173
2146
2171
2245
2121
2099
2162
2081
2205
2154
2155
2166
2162
2061
2095
2213
2212
2205
2126
2146
2193
2194
2305
2241
2109
2154
2145
2206
2278
2234
2152
2190
2196
2169
2135
2110
2225
2204
2178
2186
2120
2224
2348
2202
2247
2215
2191
2157
2138
2208
2294
2174
2077
2224
2174
2283
2062
2138
2151
2150
2148
2185
2172
2176
2271
2233
2263
2242
2226
2188
2181
2251
2241
2219
2334
2232
2298
2254
2192
2184
2204
2248
2171
2271
2287
2315
2274
2260
2249
2186
2354
2249
2205
2271
2240
2263
2304
2336
2233
2362
2194
2226
2232
2254
2276
2315
2220
2322
2282
2258
2234
2181
2305
2199
2378
2178
2378
2285
2348
2382
2306
2204
2288
2307
2247
2241
2376
2178
2313
2400
2282
2231
2184
2257
2212
2389
2249
2381
2284
2364
2365
2335
2320
2411
2360
2308
2359
2314
2371
2219
2326
2215
2230
2183
2324
2419
2308
2344
2296
2211
2357
2395
2363
2384
2325
2235
2307
2329
2204
2383
2396
2427
2387
2325
2426
2462
2455
2293
2391
2364
2477
2496
2448
2430
2356
2427
2414
2357
2469
2293
2414
2351
2387
2301
2400
2405
2377
2412
2330
2496
2417
2349
2420
2466
2369
2320
2332
2376
2386
2364
2261
2421
2441
2326
2391
2474
2459
2406
2390
2589
2411
2401
2482
2418
2513
2348
2468
2415
2408
2404
2379
2448
2477
2408
2511
2421
2435
2523
2639
2598
2438
2485
2531
2541
2362
2449
2484
2508
2388
2521
2445
2553
2504
2401
2464
2569
2440
2603
2606
2573
2532
2404
2509
2495
2512
2461
2551
2493
2495
2523
2541
2456
2480
2558
2440
2470
2546
2611
2606
2579
2669
2598
2476
2631
2506
2495
2636
2575
2585
2633
2587
2553
2457
2493
2607
2605
2598
2611
2571
2634
2635
2618
2587
2680
2546
2662
2655
2611
2630
2615
2524
2546
2456
2573
2587
2649
2700
2699
2734
2631
2590
2648
2600
2658
2534
2607
2728
2653
2625
2632
2688
2706
2764
2646
2717
2748
2562
2754
2734
2695
2603
2759
2684
2682
2786
2710
2750
2697
2710
2662
2619
2634
2641
2716
2666
2690
2712
2643
2829
2698
2748
2719
2776
2761
2898
2768
2742
2813
2828
2727
2813
2907
2790
2782
2782
2778
2776
2836
2860
2703
2782
2805
2749
2792
2714
2768
2730
2825
2843
2830
2782
2877
2767
2745
2887
2783
2898
2790
2809
2919
2904
2901
2808
2845
2999
2916
2901
2932
2788
2826
2925
2879
2822
2780
2736
2697
2744
2691
2673
2570
2662
2710
2771
2847
2717
2813
2949
2872
2711
3060
3001
3049
3028
2970
2971
3130
2981
3041
2970
3037
3152
3011
3014
3066
3092
2966
2958
3150
3156
3061
3135
2991
3074
3134
2958
3102
3053
3039
2922
3095
3051
3181
3154
3106
2945
2985
3114
3125
3259
3114
3085
3152
3098
3115
3229
3112
3131
3071
3117
3088
3246
3054
3147
3039
3242
3269
3166
3161
3234
3355
3246
3224
3032
3242
3275
3178
3145
3114
3238
3147
3321
3328
3267
3351
3224
3321
3425
3291
3390
3230
3266
3277
3231
3263
3177
3340
3265
3277
3339
3201
3255
3365
3376
3346
3254
3428
3238
3369
3394
3339
3266
3363
3330
3492
3301
3382
3386
3472
3458
3526
3495
3331
3506
3478
3590
3472
3443
3362
3451
3447
3526
3469
3332
3521
3451
3401
3486
3517
3642
3662
3530
3638
3681
3542
3690
3481
3477
3521
3606
3413
3562
3418
3391
3395
3466
3398
3394
3459
3424
3520
3682
3571
3592
3519
3595
3770
3535
3623
3554
3714
3718
3816
3712
3694
3596
3828
3884
3690
3747
3691
3765
3790
3731
3892
3833
3665
3746
3801
3864
3713
3744
3702
3858
3796
3815
3809
3900
3855
3818
3894
3669
3798
3876
3809
3852
3827
3765
3954
3956
3847
3744
4009
3947
3892
4054
3999
4053
3969
4041
4090
3947
3922
4198
4101
4059
4102
3967
3958
3978
3932
4061
4124
4106
3954
4124
4112
4016
4077
4113
3949
4128
4187
4156
4099
4144
4331
4143
4184
4349
4175
4432
4294
4096
4183
4215
4184
4182
4233
4430
4364
4414
4321
4414
4180
4386
4287
4486
4299
4457
4226
4449
4352
4394
4374
4357
4377
4456
4376
4587
4525
4344
4488
4514
4482
4529
4528
4514
4557
4420
4618
4475
4474
4605
4362
4593
4501
4510
4545
4698
4649
4660
4618
4673
4687
4634
4635
4632
4812
4649
4707
4740
4718
4943
4626
4712
4723
4761
4778
4804
4885
4802
4873
4959
4984
4757
4754
4748
4964
4793
4996
4925
4846
4745
4681
4825
4741
4949
5005
4912
4929
4966
4980
4918
4906
5034
4976
4918
4806
4963
4887
5017
5110
4996
5032
5097
5138
4969
5082
4947
5108
5117
4962
5117
5192
5091
5226
5054
5213
5248
5046
5171
5268
5365
5231
5189
5295
5221
5290
5184
5361
5360
5130
5320
5276
5378
5428
5443
5310
5269
5487
5500
5440
5407
5480
5354
5517
5425
5387
5492
5422
5683
5422
5412
5611
5706
5540
5460
5663
5566
5404
5732
5576
5736
5664
5602
5653
5806
5652
5812
5678
5925
5774
5692
5871
5717
5844
5713
5957
5653
5828
5879
5890
5821
5986
5914
5943
5834
5800
5997
6105
5927
5893
6076
6036
6008
6067
5995
6116
6068
6121
5898
6195
6139
6067
6085
5996
6229
6047
6087
6024
6231
6290
6223
6292
6209
6115
6141
6160
6140
6309
6455
6258
6249
6466
6334
6284
6484
6263
6391
6449
6299
6404
6567
6211
6468
6469
6536
6468
6418
6531
6365
6688
6620
6545
6626
6655
6243
6601
6650
6590
6872
6702
6698
6764
6606
6856
6611
6717
6727
6808
6814
6805
6712
6745
6806
7031
6890
6829
6949
6915
6654
6850
6969
6981
6926
6959
6887
6988
6945
6989
6957
6950
7047
7129
7002
7038
6990
7046
7223
7151
7286
7071
7283
7198
7120
7094
7255
7414
7215
7391
7365
7230
7513
7482
7394
7430
7361
7293
7601
7530
7424
7539
7533
7545
7624
7522
7564
7564
7408
7273
7262
7474
7339
7517
7656
7623
7823
7625
7792
7569
7979
7709
8007
7967
7898
7812
7801
7676
7893
7939
8125
8088
7708
7935
7985
8248
7998
8079
8081
8022
7974
8002
7990
8054
7989
8220
8436
8290
8149
8096
8234
8406
8192
8367
8164
8300
8387
8460
8411
8459
8327
8577
8646
8498
8520
8618
8583
8448
8609
8762
8458
8674
8625
8898
8604
9022
8737
8604
8702
8849
8752
8893
8656
8916
8988
8891
8899
9133
8846
9069
8997
9047
8991
8731
9082
9129
9083
9070
9141
9306
9162
9238
9364
9201
9261
9370
9355
9419
9315
9554
9409
9476
9541
9371
9490
9566
9616
9632
9557
9602
9349
9607
9686
9653
9673
9778
9544
9821
9707
9869
9816
9806
9864
9704
10015
9836
9936
9902
9750
9803
10034
10167
9997
10047
10011
9924
10085
10122
10098
10323
10100
10468
10188
10340
10099
10166
10326
10540
10136
10560
10241
10195
10400
10479
10566
10423
10516
10665
10597
10572
10576
10501
10859
10473
10748
10731
10686
10645
10610
10599
10852
10710
10765
10925
10703
10865
11066
10794
11205
10866
11029
11006
10835
11061
11115
11020
11246
11125
11199
11256
11174
11050
11162
11373
11362
11371
11247
11420
11450
11592
11520
11697
11437
11714
11473
11547
11632
11606
11448
11595
11506
11744
11743
11765
11738
11727
12120
11772
11949
11829
11830
11858
11869
11848
11704
11689
12057
11962
11727
11891
11970
11801
11973
12124
12189
12121
12168
12208
12298
12228
12207
12578
12272
12283
12248
12445
12384
12335
12658
12752
12482
12624
12484
12610
12472
12317
12470
12772
12774
12541
12840
12597
12732
12864
12861
12809
13028
12991
12985
12954
12937
12900
12853
12717
13046
13080
13234
12856
12869
12989
13145
13096
13221
13261
12844
13177
13176
13272
13355
13620
13383
13465
13442
13409
13526
13400
13457
13450
13198
13335
13604
13294
13542
13589
13496
13650
13416
13386
13622
13619
13382
13602
13671
13749
13538
13783
13771
13780
13791
14151
13762
13948
13973
14056
13856
13762
13798
13705
13700
13741
13832
13510
13560
13747
13550
13667
13712
13754
14101
14167
14120
14193
13946
14083
14009
14246
14120
14276
14285
14622
14429
14521
14442
14284
14441
14226
14606
14504
14453
14612
14391
14476
14516
14392
14617
14516
14390
14530
14528
14664
14437
14610
14695
14592
14545
14599
14729
14945
14733
14727
14492
14772
14780
14823
14850
15014
14749
14992
14679
14887
15028
14860
14666
15090
14898
14812
14912
14803
14820
14741
14807
14417
14612
15026
14883
14875
15232
14800
14922
15152
14998
14960
14855
14980
14808
15118
15092
15065
14921
14867
15135
15029
15355
15261
15199
15265
15166
15382
15338
15099
15340
15076
15279
15121
15077
15185
15175
15342
15235
15168
15096
15197
15300
15022
15182
15065
15153
15356
15208
15273
15226
14967
14990
15248
15099
15244
15148
15425
15407
15428
15351
15324
15137
15135
15336
14976
15390
15457
15309
15330
15314
15352
15428
15470
15207
15502
15510
15326
15071
15225
15259
15326
15513
15322
15190
15416
15266
15348
15360
15431
15205
15166
15619
15200
15454
15111
15325
15216
15277
15400
15237
15253
15256
15131
15259
15342
15020
15336
15289
15420
15237
15257
15408
14958
15092
15245
15155
14993
15284
15255
15018
14471
14448
14098
14222
14108
14010
14038
14252
14136
14839
14379
14578
14423
14521
14483
14432
14701
14576
14400
14492
14607
14164
14608
14492
14550
14370
14390
14282
14461
14560
14364
14221
14379
14473
14305
14212
14207
14154
14036
14045
14354
14053
14315
14130
14052
14278
14084
14229
14322
14167
14502
14322
14443
14438
14645
14422
14594
14438
14615
14688
14476
14901
14496
14592
14621
14569
14458
14826
14615
14746
14694
14778
14634
14376
14720
14352
14457
14135
14240
14075
14180
14413
14342
14437
14479
14395
14147
14350
14521
14632
14114
14222
14549
14417
14553
14573
14478
14315
14320
14494
14163
14314
14200
14216
14260
13962
14481
14234
14365
14057
14070
14249
14076
14344
14039
14039
14022
14170
13963
14229
13865
13924
14155
14050
13963
13779
14000
14041
14144
13959
13885
13712
13668
13798
13835
13773
13521
13625
13644
13526
13783
13836
13587
13568
13679
13842
13666
13811
13604
13633
13858
13649
13504
13718
13713
13651
13506
13357
13483
13588
13573
13460
13509
13512
13407
13524
13550
13546
13493
13125
13274
13484
13401
13676
13428
13615
13514
13480
13111
13498
13252
13135
13215
13326
13253
13245
13319
13304
13095
13215
12848
12992
12713
12823
12841
13140
13449
12986
13101
13099
13062
13100
12794
12993
13086
13250
13162
13038
13282
13158
13058
13422
13167
13035
13038
13100
13336
12984
13261
13221
13329
13304
13124
12831
12773
12596
12730
12581
12385
12755
12530
12819
13110
12876
12858
12743
12573
12792
12935
12870
12871
12814
12999
13003
12840
12976
13086
12861
12922
12854
12990
13169
12778
12956
12882
12803
12710
12790
12875
12942
12845
12904
12814
12968
12881
12786
12762
12888
12987
12812
13072
12741
12874
12754
12752
12868
12810
12918
12776
12739
12652
12768
12539
12641
12356
12538
12442
12455
12754
12512
12784
12711
12746
12517
12284
12512
12591
12458
12802
12758
12921
12734
12578
12698
12924
12632
12776
12786
12685
12728
12749
12889
12724
12769
12703
12840
12749
12656
12974
12772
12774
12850
12548
12686
12537
12733
12669
12690
12608
12857
12674
12468
12694
12559
12537
12761
12971
12771
12677
12796
12634
12666
12590
12668
12701
12896
12704
12594
12652
12744
12718
12593
12901
12575
12846
12788
12735
12651
12564
12610
12765
12606
12907
12689
12810
12736
12747
12518
12524
12598
12948
12572
12867
12686
12735
12827
12726
12730
12569
12838
12638
12716
12535
12844
12848
12857
12815
12899
12857
12705
13006
12949
12682
12650
12789
12813
13013
12867
12923
12533
12818
12715
12647
12751
12852
12661
12450
12720
12388
12574
12712
12360
12599
12399
12328
12313
12400
12557
12513
12965
12737
12744
12637
12861
12747
12842
12560
12780
12825
12861
12632
12555
12780
12852
12778
12713
12641
12754
12717
12687
12617
12370
12633
12539
12518
12621
12224
12613
12811
12463
12572
12836
12545
12677
12609
12685
12779
12557
12817
12305
12544
12680
12656
12544
12741
12703
12766
12830
12619
12793
12576
12739
12507
12720
12716
12586
12469
12445
12800
12625
12683
12528
12664
12461
12728
12283
12553
12480
12483
12501
12713
12588
12631
12703
12578
12539
12624
12594
12530
12635
12648
12406
12413
12359
12582
12239
12397
12406
12445
12314
12321
12429
12390
12347
12328
12258
12606
12503
12376
12522
12756
12104
12223
12222
12166
12408
12274
12426
12274
12214
12182
12229
12316
12304
12141
12319
12502
12535
12390
12352
12399
12198
11932
12236
12159
12165
12116
12231
12152
12153
12234
12227
12274
11794
12084
11901
12207
11956
12101
12164
12186
12045
11970
12140
12175
12093
11933
12068
11862
11974
12140
11867
11785
11973
11924
11877
11826
11900
11797
11701
12111
11846
11613
11606
11767
11576
11665
11695
11656
11705
11771
11578
11802
11690
11698
11413
11648
11513
11681
11589
11449
11384
11490
11597
11477
11555
11448
11451
11413
11397
11542
11266
11111
11171
11345
11307
11515
11258
11058
11124
11085
11218
11088
11081
11298
11018
11080
11014
10959
11111
11072
11030
10886
10827
10903
10732
10826
10692
10702
10709
10870
10604
10791
10724
10782
10799
10763
10788
10640
10520
10632
10735
10548
10451
10492
10374
10519
10358
10623
10527
10460
10662
10422
10377
10416
10521
10073
10375
10376
10281
10191
10276
10139
10253
10220
10106
10202
10260
10443
10133
10047
10089
9878
9940
10120
9858
9784
9973
9983
9782
9856
9816
9835
9771
9736
9488
9501
9661
9404
9799
9510
9768
9578
9787
9540
9690
9620
9277
9453
9417
9387
9200
9290
9272
9156
9157
9211
9274
9371
9214
9387
9295
9064
9138
9273
9124
9073
8880
8894
9013
8763
8710
8741
8667
8522
8727
8625
8531
8599
8612
8763
8758
8774
8715
8813
8484
8538
8556
8571
8621
8645
8207
8609
8397
8449
8424
8412
8280
8335
8237
8376
8234
8028
8381
8131
8000
8156
8085
8102
7960
8006
8058
7957
8044
7953
7891
7857
7874
7738
7964
7840
7768
7801
7774
7685
7545
7602
7660
7653
7489
7595
7433
7524
7445
7377
7340
7432
7524
7424
7124
7265
6989
6976
7099
6993
7080
7155
7115
7044
7014
7110
7046
6887
7015
6875
6931
6940
6823
6817
6967
6772
6929
6680
6968
6837
6689
6594
6597
6535
6571
6370
6365
6563
6383
6636
6386
6493
6256
6287
6482
6486
6334
6378
6356
6181
6333
5999
6381
6054
6279
6174
5911
6042
6075
6107
5930
5941
6222
5804
5804
6035
5870
5761
5799
5816
5719
5723
5739
5580
5749
5653
5641
5624
5698
5682
5628
5539
5631
5470
5495
5443
5565
5368
5470
5386
5280
5196
5449
5184
5257
5318
5332
5229
5074
5218
5177
5206
5097
5102
4997
4980
4894
4965
4876
4891
4762
4853
4663
4927
4925
4756
4851
4670
4760
4649
4835
4521
4481
4623
4621
4550
4426
4469
4384
4433
4372
4300
4456
4377
4358
4407
4463
4415
4438
4325
4321
4325
4317
4284
4215
4077
4229
4241
4140
3998
4109
4085
4221
4048
4050
4234
4088
3870
3987
4120
3964
4052
3734
3862
3823
3808
3865
3717
3843
3700
3763
3785
3760
3698
3722
3624
3525
3587
3498
3412
3367
3500
3385
3492
3442
3539
3459
3616
3416
3440
3401
3342
3476
3398
3501
3357
3200
3239
3348
3253
3322
3269
3265
3255
3313
3182
3208
3126
3174
3101
3127
3238
3160
3078
2943
3120
3027
3141
3137
2904
2994
2987
3157
2979
2922
2948
2965
2954
2901
2966
2930
2890
2964
2847
2722
2839
2808
2775
2740
2938
2740
2755
2759
2758
2816
2827
2782
2735
2841
2737
2693
2645
2670
2764
2754
2668
2680
2750
2643
2557
2701
2620
2571
2519
2534
2522
2573
2461
2568
2480
2514
2494
2455
2552
2564
2429
2506
2472
2454
2357
2523
2445
2482
2464
2398
2500
2411
2477
2455
2391
2409
2417
2339
2266
2382
2377
2381
2315
2270
2195
2408
2288
2417
2324
2376
2309
2358
2466
2275
2312
2367
2284
2280
2391
2231
2237
2293
2359
2280
2273
2218
2193
2399
2276
2322
2237
2257
2275
2379
2240
2057
2239
2255
2363
2260
2262
2085
2215
2193
2119
2207
2180
2242
2246
2233
2247
2168
2239
2181
2233
2208
2032
2252
2142
2167
2120
2162
2186
2210
2240
2154
2258
2157
2207
2083
2296
2205
2103
2123
2138
2119
2153
2185
2098
2051
2187
2064
1981
2083
2055
2068
2097
2055
2179
2056
2210
2028
2151
2095
2148
2082
2089
2112
2109
2042
2005
2177
2102
2112
2105
2050
2042
1960
2097
2131
2131
2071
2041
2063
2004
2045
2011
2023
2042
2057
2040
2196
2042
2125
2106
1997
2125
2097
1999
2037
2054
2079
2083
2085
2021
2141
1979
2065
2053
2075
2026
2024
1941
2136
2132
1998
2002
2043
2050
2033
2084
2099
2010
2095
1921
2091
2034
1993
2053
2176
2074
1963
1982
2039
1976
2048
2009
1998
1970
2177
2041
1993
2042
2078
2031
1939
2073
2173
1972
2043
1985
2003
2042
2029
1941
1981
1993
1871
1896
1956
2042
2018
2084
1981
2023
2104
2006
2028
1934
1925
2019
1982
1999
2086
2007
1956
2006
1979
1990
2094
1946
2083
1993
2012
2003
1980
2065
2069
2077
1987
1992
1943
1900
2042
1915
1993
1926
2018
2076
1952
1918
2002
2063
1929
1962
2001
2118
2078
2028
1967
1909
1916
1911
1950
1901
1947
2034
1887
1952
1926
1936
1976
2014
2054
2076
1951
1967
1977
1944
1956
1922
1966
1951
1977
1964
2066
2019
1958
1952
1998
2012
1900
1957
1969
1870
1970
2085
1885
1959
1890
2066
1949
1934
1863
2010
1936
1975
1905
1961
2030
1957
1925
2003
1929
2096
1914
2055
1934
1909
1905
2144
1946
1943
2002
1859
2069
1883
1984
2113
1907
1869
1944
1872
1953
1795
1920
1973
2051
1872
2003
1879
1971
1960
2000
2046
1909
1957
2013
1801
2051
1931
1948
1918
1894
1805
1898
1896
2015
1904
1835
1959
1870
1965
1838
2001
1884
2004
1917
1884
1967
1947
1936
1861
1884
2008
1947
1835
1872
1947
2017
1963
