1832
1754
1701
1789
1783
1931
1783
1850
1838
1741
1915
1823
1788
1771
1868
1882
1821
1904
1864
1868
1723
1724
1700
1667
1805
1761
1889
1832
1803
1822
1803
1798
1756
1729
1730
1841
1800
1895
1835
1859
1682
1807
1793
1874
1842
1804
1910
1804
1845
1847
1975
1975
2005
1846
1880
1805
1772
1725
1824
1819
1788
1817
1919
1870
1798
1811
1838
1827
1854
1810
1778
1787
1762
1813
1837
1831
1778
1715
1744
1877
1797
1827
1740
1803
1866
1838
1875
1767
1828
1812
1793
1804
1845
1798
1745
1853
1777
1880
1830
1790
1790
1784
2038
1781
1818
1965
1775
1745
1783
1760
1815
1809
1953
1854
1824
1836
1876
1865
1911
1847
1823
1787
1847
1885
1845
1884
1945
1889
1762
1757
1759
1909
1910
1851
1778
1852
1874
1881
1888
1867
1939
1883
1820
1810
1839
1875
1932
1865
1783
1771
1918
1891
1848
1871
1861
1868
1961
1806
1906
1810
1866
1821
1871
1901
1817
1910
2033
1879
1992
1716
1793
1838
1937
1926
1915
1892
1802
1861
1841
1847
1771
1892
1883
1887
1789
1921
1808
1773
1893
1898
1924
1866
1808
1938
1859
1891
1827
1879
1820
1892
1835
1764
1941
1840
1800
1950
1752
1890
1907
1917
1871
1849
1853
1924
1907
1806
1964
1768
1855
1851
1849
1846
1781
1803
1971
1920
1929
1870
1835
1900
1818
1835
1902
1786
1896
1808
1870
1793
1899
1783
1832
1825
1817
1934
1847
1872
1921
1866
1813
1885
1867
1914
1922
1854
1885
1865
1806
1854
1893
1876
1853
1997
1814
1882
1790
1843
1746
1830
1767
1854
1903
1858
1879
1953
1883
1932
1937
1877
1836
1815
1839
1879
1911
1879
1951
1813
1876
1889
1853
1954
1861
1886
1834
1896
2014
1749
1987
1820
1909
1872
1899
1965
1766
1829
1884
1818
1842
1886
1898
1930
1925
1976
2002
1904
1887
1919
2066
1884
1928
1816
1963
1896
1812
1852
1963
1897
1962
1935
1979
1998
1940
1825
1845
1830
1903
2004
1924
1854
1900
1897
1933
1960
1944
1833
1902
1899
1833
1894
1967
2041
2000
1972
1917
1912
1910
1889
1969
1922
1958
1980
1909
1857
1916
1816
1809
1976
1905
1947
1982
1836
1905
1916
1985
1861
1867
1898
1817
1892
1834
1946
1860
1863
1850
1849
1957
1874
1998
2000
2010
1872
1946
1965
1879
1842
2001
1845
1933
1897
1882
1940
1968
1884
1874
2052
1981
1931
1907
2083
1900
2004
1920
1958
1975
1992
1955
1940
2006
1926
1894
2027
1996
1976
1929
1894
1944
1889
1997
1878
2041
1973
1941
2003
1869
1977
1951
1913
2053
1947
1940
1948
1949
2008
1858
1886
1975
1815
1958
1901
1948
2039
1930
1979
1996
2050
1905
2093
1992
1916
2081
1945
1929
1860
1892
1965
1874
1988
1995
2008
1988
1946
2033
1999
1960
2032
1984
2084
1995
2038
2016
1848
1964
1958
2016
1920
1904
1976
1941
2066
2061
2044
1971
2032
1978
1818
1928
1924
2010
2022
1913
1895
1981
2028
1966
1942
2017
1994
2087
1970
1987
1928
1988
1973
2036
2109
1978
1998
1879
1948
1983
1959
1959
1841
1990
1984
1913
2057
1918
1992
1951
2144
2094
1965
1953
2112
2148
2049
2060
2125
2052
2020
2022
2061
2050
2070
2088
2021
2004
2012
2021
2011
2028
2042
1930
2034
2101
1994
2002
1973
2096
2132
2101
2136
2080
2161
2018
2045
2084
1991
2055
1935
2018
1997
1988
2020
2011
1962
2041
2059
2026
2004
2043
2062
2089
2093
1999
2073
2050
2061
2026
2098
2019
2108
2010
1986
1891
1957
2122
1973
2048
2080
2052
2056
2046
2144
2038
2115
1972
2080
2051
2030
2058
1944
2198
2073
1990
2116
1981
2118
2013
2024
2045
2056
2130
2112
2017
2064
2060
2068
2141
2135
2163
2103
2107
2086
2139
2082
2140
2037
2119
2050
2017
2152
2026
2058
2135
2165
2130
2089
2072
2023
2190
2178
2124
2136
2028
2011
2048
2086
2157
2116
2139
2100
1971
2150
2071
2135
2075
2125
2077
2123
2079
1947
2211
2063
2098
2047
2084
2138
2025
2248
2115
2152
2103
2096
1989
2125
2184
2135
2235
2222
2124
2184
2189
2102
2125
2121
2104
2127
2155
2107
2152
2154
2105
2208
2118
2151
2206
2263
2129
2115
2132
2162
2219
2180
2207
2109
2194
2128
2176
2314
2202
2262
2202
2163
2268
2178
2113
2123
2224
2152
2161
2265
2107
2231
2189
2192
2247
2219
2338
2241
2150
2224
2149
2208
2199
2247
2218
2102
2211
2250
2271
2217
2313
2281
2258
2195
2296
2285
2213
2257
2309
2211
2265
2166
2205
2331
2290
2250
2217
2129
2164
2308
2192
2290
2195
2111
2262
2163
2210
2297
2306
2329
2288
2362
2211
2237
2257
2208
2237
2267
2278
2236
2283
2244
2262
2318
2307
2185
2278
2223
2327
2244
2343
2206
2260
2337
2387
2308
2347
2436
2260
2289
2437
2267
2381
2291
2306
2192
2300
2204
2321
2396
2229
2293
2357
2318
2240
2381
2419
2259
2284
2367
2398
2300
2395
2344
2304
2186
2321
2377
2256
2257
2345
2286
2350
2323
2449
2266
2400
2422
2307
2299
2326
2383
2331
2351
2417
2265
2270
2400
2325
2331
2376
2252
2432
2395
2457
2330
2438
2326
2273
2341
2429
2443
2427
2378
2406
2368
2386
2370
2399
2451
2342
2357
2347
2516
2352
2347
2392
2359
2363
2384
2401
2468
2409
2388
2481
2343
2313
2410
2476
2487
2385
2401
2422
2590
2542
2441
2449
2490
2540
2361
2545
2546
2429
2462
2510
2368
2411
2473
2448
2553
2538
2468
2386
2538
2539
2465
2568
2449
2489
2406
2382
2544
2436
2514
2371
2333
2537
2366
2455
2481
2503
2543
2587
2539
2499
2399
2538
2495
2515
2368
2441
2554
2449
2632
2538
2493
2344
2563
2548
2625
2575
2469
2589
2618
2528
2531
2537
2749
2541
2618
2552
2507
2649
2629
2622
2624
2581
2434
2631
2597
2588
2562
2618
2545
2654
2620
2585
2633
2618
2548
2616
2576
2688
2685
2629
2591
2664
2530
2703
2649
2690
2635
2581
2600
2611
2669
2615
2726
2619
2769
2722
2747
2564
2778
2651
2643
2816
2749
2725
2695
2689
2758
2720
2666
2766
2769
2710
2624
2779
2687
2824
2722
2713
2616
2722
2720
2732
2690
2708
2746
2780
2672
2748
2698
2761
2673
2822
2747
2859
2757
2862
2780
2860
2807
2759
2954
2803
2801
2839
2769
2780
2814
2744
2782
2848
2933
2805
2859
2759
2777
2782
2791
2805
2887
2913
2794
2789
2838
2736
2842
2791
2804
2768
2795
3029
2819
2843
2964
2892
2916
2878
2945
2895
2938
2949
2971
2814
2839
2744
2744
2784
2705
2611
2593
2656
2607
2624
2714
2710
2798
2825
2967
2857
3064
2888
3085
3058
2977
3081
2959
3019
3028
2983
3075
3028
3012
3065
2960
3040
2914
3136
3086
3034
3157
3074
3065
3043
2978
3094
3105
2997
3041
2938
3165
3061
3032
2989
3158
3104
3122
3012
3186
3114
3084
3210
3146
3245
3224
3172
3186
3177
3166
3120
3071
3161
3089
3217
3114
3256
3172
3105
3131
3119
3273
3294
3214
3210
3152
3280
3078
3193
3180
3212
3102
3249
3261
3160
3407
3205
3298
3275
3251
3356
3281
3244
3356
3543
3291
3399
3332
3227
3120
3194
3219
3197
3342
3304
3349
3259
3296
3291
3378
3407
3383
3254
3323
3319
3396
3324
3411
3389
3386
3551
3546
3407
3473
3425
3499
3374
3459
3458
3441
3425
3427
3461
3483
3425
3600
3479
3608
3587
3596
3582
3393
3472
3534
3506
3484
3673
3458
3390
3541
3762
3572
3646
3502
3573
3499
3581
3489
3444
3586
3457
3556
3484
3678
3633
3599
3681
3630
3681
3539
3758
3629
3776
3863
3668
3767
3697
3821
3835
3743
3739
3790
3772
3716
3938
3853
3674
3789
3721
3732
3748
3845
3849
3881
3647
3802
3761
3725
3793
3886
3873
3928
3917
3842
3899
3894
3981
3765
4043
3964
3925
3881
3905
3928
3836
3925
3934
3814
4016
3958
3886
4042
4000
3977
4089
4028
3997
4077
4064
3993
3930
4175
4040
4058
4001
4063
4038
4057
4189
4117
3998
4244
4203
4183
4183
4147
4109
4119
4152
4120
4079
4214
4313
4255
4186
4301
4323
4241
4167
4255
4413
4235
4276
4495
4268
4276
4270
4550
4427
4392
4388
4497
4234
4458
4471
4472
4337
4268
4353
4364
4536
4406
4456
4461
4440
4468
4377
4454
4539
4474
4539
4514
4577
4545
4509
4487
4653
4494
4536
4677
4601
4539
4647
4656
4571
4628
4607
4634
4634
4812
4575
4708
4707
4617
4754
4826
4770
4739
4672
4814
4775
4800
4704
4750
4687
4622
4669
4869
4767
4839
4763
4677
4788
4797
4737
4751
4820
4850
4920
4980
4850
4912
5004
5071
4904
5013
4965
5069
5020
4935
4949
4917
4946
5108
4939
4892
5089
4799
4876
4980
5231
4980
5217
5050
5113
5085
5163
5072
5087
5186
5150
5243
5161
5161
5189
5259
5275
5239
5167
5240
5247
5305
5247
5381
5399
5317
5304
5454
5316
5273
5435
5386
5446
5376
5433
5341
5496
5399
5275
5598
5523
5451
5561
5612
5509
5637
5577
5480
5511
5554
5675
5614
5647
5626
5712
5630
5567
5657
5671
5623
5695
5637
5673
5699
5664
5751
5736
5746
5706
5634
5853
5870
5702
5720
5740
5850
6077
6002
6010
5857
5757
5934
5950
6060
6067
5853
5988
6033
5853
6101
5931
5869
6031
6079
5952
6140
6193
6236
6185
6179
6078
6076
6061
6065
6103
6257
6107
6149
6205
6446
6247
6339
6311
6388
6417
6223
6289
6374
6507
6381
6400
6415
6613
6388
6411
6222
6284
6459
6467
6484
6409
6577
6553
6648
6479
6640
6547
6786
6651
6521
6637
6574
6638
6603
6717
6509
6682
6602
6658
6936
6634
6734
6879
6828
6764
6785
6855
6799
7057
7017
6827
6918
6791
6768
6770
6961
6996
7024
7048
7031
7081
6996
6937
7016
7086
7159
7154
7109
7313
7439
7257
7151
7048
7180
7177
7076
7209
7252
7370
7272
7239
7318
7362
7450
7413
7273
7432
7331
7373
7332
7449
7472
7434
7510
7623
7548
7557
7566
7539
7341
7530
7421
7450
7348
7424
7569
7610
7592
7667
7717
7770
7807
7819
8026
7735
7885
7866
7871
7871
7895
8230
7858
8041
7888
7997
8038
7902
8005
8014
7998
7972
8222
8119
7931
8118
8070
8139
7991
8158
8207
8028
8212
8325
8317
8360
8250
8173
8410
8309
8345
8206
8526
8405
8601
8626
8456
8534
8402
8557
8640
8624
8636
8681
8616
8728
8600
8662
8931
8678
8780
8843
8784
8953
8813
8782
8998
8850
8884
8763
8746
8831
9093
8932
8981
9071
8975
9094
9078
9105
9023
9059
9103
8999
9112
9260
9261
9076
9154
9443
9268
9197
9293
9339
9248
9478
9209
9338
9384
9179
9481
9468
9595
9505
9684
9554
9709
9734
9378
9693
9706
9685
9710
9757
9671
9657
9658
9741
9873
9814
9814
9875
9984
9792
9943
10076
9864
9797
10006
10105
10173
10205
10223
10067
10264
10034
10250
10309
10251
10413
10316
10337
10425
10479
10211
10253
10456
10498
10519
10388
10346
10584
10616
10645
10479
10835
10531
10815
10692
10436
10873
10605
10635
10780
10842
10884
11047
10801
10848
10870
10772
11101
11051
11236
10844
10934
11041
11354
10934
11151
10976
11197
11016
11199
11191
11225
11361
11092
11427
11324
11388
11340
11422
11129
11516
11386
11485
11430
11432
11492
11679
11579
11758
11637
11818
11607
11685
11726
11773
11733
11981
11952
11887
12029
12040
11828
11916
11962
11697
12002
11674
12080
11952
12112
12056
11984
12087
11958
12200
12217
12162
12130
12022
12109
12468
12373
12219
12342
12402
12532
12313
12357
12215
12401
12454
12465
12345
12477
12340
12449
12509
12525
12536
12791
12712
12739
12652
12511
13182
12934
12674
12772
12832
13167
13001
12748
12857
12836
12808
13148
12822
12884
13195
12942
13247
13286
13237
13243
13204
13246
13387
13332
13236
13304
13316
13489
13418
13265
13229
13416
13058
13471
13462
13514
13350
13180
13458
13336
13513
13396
13568
13626
13684
13539
13436
13697
13486
13516
13816
13815
13783
13769
13953
13732
13892
14118
13890
13816
13899
13904
13788
13688
13550
13503
13573
13483
13737
13866
13645
13957
13956
13828
14070
14345
14173
13860
14017
13891
14052
14124
14260
14542
14636
14301
14127
14267
14236
14352
14331
14398
14164
14426
14504
14556
14480
14420
14492
14429
14466
14497
14433
14805
14865
14553
14640
14808
14544
14772
14783
14641
14979
14573
14730
14777
14796
14797
14708
14938
14893
14953
14707
14702
14722
14797
14692
14712
14710
14484
14797
14782
14692
14788
14914
14375
14592
14417
14701
14986
14841
14812
14955
14932
14964
15253
14987
15086
15163
15068
15540
15145
15000
15051
15000
15086
15072
14986
15136
15324
14769
15242
15068
15000
14723
15118
14989
15179
15221
15202
14935
15218
15066
15071
15333
15080
15120
15124
15136
15370
15023
15164
15251
14890
15337
15084
15220
15145
15433
15109
15521
15203
15387
15524
15412
15307
15384
15224
15385
15369
15197
15310
15398
15184
15318
15293
15322
15579
15076
15296
15322
15410
15061
15259
15428
15193
15282
15255
15269
15280
15194
14890
15397
15173
15378
15287
15050
15149
15296
15373
15155
15203
15250
15471
15061
15589
15305
15046
15240
15148
15117
14951
15337
15098
15442
15424
15279
15266
15133
15279
15049
15410
15058
15181
14962
14700
14632
14510
14362
14153
14091
14134
14122
14282
14256
14464
14749
14411
14407
14451
14528
14404
14408
14196
14408
14448
14443
14542
14415
14351
14237
14388
14358
14430
14526
14125
14424
14536
14137
14182
14379
14419
14281
14140
14170
14317
14267
13896
14095
14114
14084
14244
14360
14325
14144
14221
14488
14237
14671
14667
14618
14361
14741
14580
14716
14642
14605
14470
14864
14754
14582
14708
14736
14989
14896
14553
14494
14652
14697
14876
14645
14237
14548
14553
14171
14383
14316
14202
14572
14405
14004
14498
14381
14610
14508
14492
14515
14485
14560
14360
14536
14577
14303
14265
14385
14236
14313
14400
14304
14236
14068
14356
14239
14297
13997
14315
14041
14043
14049
14092
14074
13787
14084
13913
13894
14080
14088
13942
14026
13831
13846
14164
13994
13853
13994
13932
13981
13696
13919
13844
13916
13659
13678
13633
13656
13614
13537
13670
13712
13909
13723
13622
13721
13531
13786
13813
13864
13717
13431
13511
13506
13522
13620
13620
13409
13356
13298
13114
13508
13497
13465
13445
13303
13708
13610
13260
13490
13381
13440
13632
13374
13245
13378
13241
13406
13462
13386
13223
13106
13303
13117
13220
13359
13273
13318
13058
13056
12946
12968
13092
13060
12984
12998
13254
13069
12982
12971
13032
12788
12928
13016
13227
13259
13202
13340
13203
13243
12984
13256
13213
12978
13332
13236
13354
13152
12964
13047
13078
12984
13107
12795
12864
12725
12630
12558
12623
12635
12821
12818
12933
12978
12707
13016
12894
12869
12932
12870
13036
12918
13004
12849
12794
12948
12866
12906
12837
12880
12903
12895
12774
13072
12862
12853
12765
12998
12921
13180
12780
12762
12696
13014
12847
12730
12869
12849
12668
12636
12687
12737
12771
13117
12805
12608
12888
12829
12929
13002
12592
12629
12770
12781
12472
12425
12381
12448
12606
12635
12748
12570
12392
12557
12580
12656
12730
12772
12810
12868
13021
12829
12825
12872
12690
12774
12780
12854
12830
12815
12923
12666
12761
12791
12501
12717
12697
12562
12751
12688
12692
12745
12420
12639
12811
12601
12634
12600
12524
12505
12302
12641
12682
12484
12688
12894
12680
12573
12713
13068
12596
12684
12741
12634
12722
12648
12620
12697
12680
12772
12689
12568
12744
12538
12544
12792
12909
12728
12556
12570
12465
12633
12726
12820
12772
12729
12638
12674
12693
12619
12746
12702
12766
12941
12699
12753
12962
12740
12762
12694
12868
12830
12577
12522
12586
12501
12592
12568
12718
12497
12743
12814
12716
12741
12702
12589
12666
12842
13037
12714
12712
12873
12842
12879
12894
12796
12698
12704
12444
12539
12591
12618
12472
12729
12490
12369
12184
12533
12594
12475
12607
12645
12961
12551
12759
12825
12664
12710
12685
12553
12682
12740
12838
12762
12620
12493
12713
12601
12876
12779
12556
12577
12559
12588
12779
12620
12482
12560
12498
12525
12641
12564
12616
12561
12802
12648
12686
12459
12597
12774
12736
12690
12700
12554
12685
12868
12638
12734
12580
12505
12822
12809
12675
12475
12584
12690
12429
12352
12604
12610
12605
12459
12426
12448
12326
12577
12409
12388
12428
12545
12559
12575
12601
12554
12602
12595
12416
12500
12572
12443
12713
12306
12463
12411
12410
12428
12690
12276
12641
12420
12794
12514
12352
12349
12411
12442
12201
12533
12193
12358
12132
12274
12188
12330
12440
12190
12558
12316
12512
12544
12320
12475
12173
12242
12288
12240
12279
12296
12386
12215
12409
12417
12083
12106
12265
12107
12149
12276
12152
12066
12071
12256
12123
12034
11886
12009
11975
12189
11947
11947
12229
12048
12110
12221
11892
11830
12140
12104
11694
11847
11926
11870
11906
12008
11828
11627
11692
11619
11769
11684
11837
11580
11788
11605
11582
11741
11566
12020
11910
11567
11637
11773
11756
11577
11672
11407
11418
11708
11349
11142
11711
11236
11568
11458
11417
11520
11564
11341
11565
11584
11281
11530
11398
11266
11243
11213
10992
11254
11184
11210
11144
11123
11273
11067
11136
10994
10828
11203
11045
11052
11059
10948
10864
11022
11098
11038
10908
10807
10986
10911
10701
10666
10788
10917
10977
10770
10672
10794
10553
10455
10628
10617
10460
10729
10526
10542
10269
10525
10349
10390
10426
10366
10418
10373
10317
10319
10362
10122
10395
10308
10085
10115
10247
10422
10339
10260
10041
10376
10097
10057
9902
10052
10083
10138
9922
9891
9842
9802
9828
9812
9833
9928
9849
9583
9703
9826
9678
9643
9647
9530
9584
9749
9626
9445
9491
9364
9404
9438
9259
9432
9457
9144
9212
9142
8996
9210
9007
9246
9325
9213
9083
8985
9048
9130
9031
9037
9046
8972
8980
8716
9007
8537
8644
8474
8700
8786
8681
8789
8553
8611
8762
8518
8552
8728
8627
8688
8552
8557
8663
8627
8506
8370
8429
8420
8414
8251
8437
8539
8401
8168
8355
8033
8164
8223
8182
8205
8060
7902
8030
8194
8179
7909
7833
7950
8030
7899
7919
7799
7875
7725
7908
7851
7569
7519
7583
7664
7675
7584
7649
7496
7483
7335
7415
7431
7486
7482
7347
7390
7432
7194
7226
7069
6939
7158
6977
7103
7155
7112
6942
6995
6950
7010
6923
6859
6789
6744
6721
6844
6784
6825
6866
6679
6864
6623
6633
6667
6666
6420
6602
6429
6525
6479
6489
6459
6459
6380
6406
6382
6262
6261
6248
6281
6346
6312
6201
6175
6292
6234
6039
6084
6097
6217
5804
6132
5959
5933
6026
6066
5924
5949
5874
5862
5844
5937
5880
5719
5651
5621
5714
5755
5676
5695
5692
5841
5640
5576
5656
5553
5586
5342
5478
5357
5456
5405
5433
5416
5319
5338
5298
5112
5286
5137
5188
5226
4972
5018
5005
4822
5079
4961
4971
4949
5155
5006
4898
4796
4874
4890
4822
4901
4863
4705
4708
4668
4692
4452
4776
4602
4675
4540
4519
4541
4463
4382
4418
4313
4359
4293
4414
4540
4263
4437
4198
4383
4295
4291
4284
4325
4206
4297
4241
4161
4265
4080
4078
4126
4081
4185
4087
4095
3955
4031
3877
3983
3941
3882
3898
3891
3888
3818
3779
3916
3904
3769
3827
3762
3885
3756
3755
3603
3557
3539
3545
3438
3475
3602
3496
3441
3475
3478
3510
3538
3524
3371
3525
3483
3371
3345
3466
3313
3323
3261
3396
3363
3336
3236
3219
3223
3345
3267
3038
3176
3188
3208
3115
3116
3170
3036
3115
3084
2971
3191
3031
3123
3180
3064
2986
2990
3102
2975
3048
2860
2970
2916
2857
2888
2922
3004
2802
2952
2922
2879
2976
2791
2809
2739
2799
2812
2751
2714
2651
2713
2772
2693
2684
2700
2836
2848
2718
2602
2685
2740
2804
2622
2624
2548
2713
2512
2575
2535
2507
2444
2429
2522
2439
2472
2446
2492
2515
2594
2488
2491
2432
2507
2483
2423
2635
2505
2376
2360
2414
2404
2383
2386
2381
2418
2371
2424
2444
2352
2416
2418
2405
2354
2417
2383
2432
2348
2389
2372
2312
2294
2180
2284
2241
2326
2334
2338
2246
2145
2278
2312
2333
2254
2286
2239
2253
2221
2294
2256
2192
2310
2357
2296
2201
2211
2240
2255
2201
2135
2164
2246
2152
2165
2227
2203
2127
2151
2234
2270
2167
2188
2203
2124
2168
2158
2225
2237
2241
2245
2259
2167
2125
2160
2077
2131
2108
2222
2219
2257
2298
2149
2206
2153
2207
2186
2126
2123
2080
2118
2159
2099
2056
2015
2106
2048
2160
2031
2162
2067
2123
2234
2088
2170
2122
2078
2078
2017
2175
2047
2100
2056
1969
2093
2069
2007
1915
2192
2112
2100
2067
2080
2114
2160
2052
2185
2073
2185
2085
2079
2058
2114
2044
2064
2082
2078
2050
2009
2070
2005
2112
2027
2031
2081
2085
2021
2100
2007
2060
2075
2043
1936
2193
2035
1939
2082
1988
2037
2070
1949
1976
2000
2018
2056
1924
2131
1926
2048
2160
1963
1921
1946
2056
1975
1988
1910
2032
2012
2141
2016
2002
1985
2034
2001
2050
1990
1987
2025
2051
1975
2094
2027
2004
1999
1956
2086
1994
2058
2009
2140
1969
1922
2004
1972
1981
1822
1953
2008
1983
2012
2155
1991
2146
1872
1966
1975
1854
1979
2006
1989
2039
1993
2059
1976
1913
1849
1969
2040
1926
1990
2080
1915
1935
2020
1999
1933
1959
1953
1950
1923
1909
2000
1971
2038
1902
2167
2038
1979
2021
1983
1978
2011
1856
1929
1968
2076
1988
2047
1994
2009
2025
1876
1997
2051
1864
1982
1875
1836
1967
2054
2001
1909
2003
1908
1929
2063
1934
2009
1998
1914
1914
1914
1910
1883
1982
1993
1995
1963
1830
2035
1899
1936
1803
1868
1951
1957
1881
2002
2112
2076
1985
1985
1898
2010
1855
1927
1851
1919
1970
1967
1839
1909
1969
1853
1976
1865
1910
1881
2037
1871
1929
1891
2060
1900
1933
2024
1937
1892
1977
1878
1915
1838
2000
1926
2041
1912
1966
1957
1870
1917
1944
1808
1835
1948
1961
1940
2038
1921
1895
1913
1878
1945
1955
1934
1887
1823
1874
2011
1934
1943
1811
1906
1921
1973
1856
2018
1984
2019
1851
1935
