1736
1785
1763
1778
1753
1848
1714
1721
1730
1738
1763
1558
1727
1669
1676
1806
1707
1764
1832
1758
1634
1689
1665
1763
1838
1740
1800
1680
1710
1703
1808
1804
1724
1639
1785
1815
1748
1838
1661
1729
1648
1709
1718
1721
1828
1655
1824
1720
1812
1696
1859
1861
1832
1767
1673
1717
1718
1719
1661
1721
1704
1694
1767
1719
1682
1701
1674
1698
1818
1715
1763
1811
1687
1730
1770
1757
1782
1710
1758
1678
1827
1765
1744
1729
1716
1720
1726
1650
1672
1810
1821
1705
1856
1763
1770
1791
1667
1785
1811
1701
1746
1672
1738
1710
1847
1728
1771
1735
1708
1694
1829
1745
1791
1671
1678
1656
1642
1752
1788
1732
1769
1783
1735
1797
1815
1717
1756
1763
1716
1643
1677
1660
1729
1726
1714
1673
1827
1841
1750
1712
1848
1636
1706
1750
1840
1704
1712
1679
1672
1675
1799
1718
1766
1798
1542
1700
1710
1740
1829
1665
1839
1779
1707
1702
1752
1731
1845
1730
1657
1699
1703
1717
1785
1652
1707
1719
1683
1750
1691
1604
1785
1839
1754
1788
1789
1806
1845
1682
1829
1810
1832
1761
1701
1813
1724
1614
1789
1686
1715
1685
1658
1648
1677
1684
1780
1666
1650
1807
1777
1770
1775
1765
1815
1824
1703
1558
1795
1780
1729
1756
1869
1766
1788
1818
1852
1734
1693
1738
1714
1703
1699
1720
1778
1726
1684
1767
1574
1743
1746
1690
1879
1831
1654
1734
1833
1764
1766
1666
1755
1718
1743
1684
1722
1747
1780
1815
1712
1698
1748
1690
1783
1787
1684
1614
1770
1691
1668
1720
1875
1749
1838
1779
1749
1822
1759
1737
1814
1734
1721
1735
1761
1664
1677
1751
1761
1764
1750
1802
1785
1774
1759
1711
1731
1737
1757
1693
1643
1737
1734
1779
1723
1745
1721
1842
1721
1882
1850
1835
1703
1815
1828
1794
1824
1706
1676
1835
1798
1728
1754
1573
1783
1664
1831
1908
1721
1726
1868
1755
1751
1832
1812
1692
1732
1705
1624
1743
1843
1722
1646
1655
1769
1735
1788
1703
1786
1777
1795
1840
1834
1724
1825
1736
1716
1726
1834
1754
1712
1810
1773
1808
1746
1748
1690
1701
1720
1644
1828
1775
1776
1712
1702
1716
1792
1722
1764
1700
1823
1728
1701
1767
1777
1768
1675
1753
1748
1751
1872
1715
1748
1788
1775
1810
1660
1792
1750
1691
1793
1669
1743
1767
1721
1873
1765
1780
1824
1815
1825
1770
1713
1773
1784
1750
1794
1766
1851
1787
1829
1752
1757
1779
1659
1737
1837
1843
1818
1800
1781
1665
1836
1753
1743
1875
1832
1791
1681
1779
1687
1727
1752
1773
1633
1831
1675
1824
1793
1745
1666
1801
1715
1786
1759
1801
1770
1678
1772
1901
1639
1701
1809
1670
1652
1745
1739
1778
1705
1801
1839
1766
1747
1763
1760
1860
1784
1712
1833
1792
1939
1731
1821
1742
1794
1781
1811
1806
1710
1747
1758
1765
1774
1728
1755
1737
1748
1808
1746
1783
1770
1754
1718
1818
1784
1747
1755
1753
1820
1699
1823
1747
1708
1736
1862
1909
1864
1888
1820
1766
1795
1749
1781
1724
1773
1758
1836
1732
1690
1737
1655
1759
1775
1635
1711
1826
1824
1776
1684
1767
1764
1762
1780
1934
1830
1886
1857
1803
1832
1691
1752
1753
1758
1828
1758
1845
1796
1819
1950
1769
1814
1891
1765
1862
1848
1813
1756
1770
1747
1768
1772
1625
1811
1867
1764
1716
1761
1769
1715
1882
1854
1806
1830
1811
1775
1750
1752
1728
1642
1807
1799
1832
1792
1740
1775
1723
1795
1799
1799
1735
1885
1805
1848
1850
1779
1784
1875
1844
1811
1753
1740
1758
1733
1733
1741
1780
1886
1790
1824
1824
1870
1855
1788
1818
1779
1845
1819
1692
1698
1684
1749
1753
1821
1919
1885
1907
1830
1785
1833
1854
1751
1768
1858
1869
1745
1793
1712
1726
1689
1840
1884
1752
1898
1770
1854
1687
1842
1813
1862
1797
1801
1706
1738
1733
1788
1767
1851
1811
1738
1786
1764
1707
1846
1802
1735
1764
1825
1846
1875
1763
1743
1897
1798
1835
1840
1814
1751
1728
1740
1725
1834
1843
1809
1841
1848
1750
1806
1796
1835
1787
1826
1793
1890
1749
1889
1819
1725
1838
1743
1889
1890
1818
1778
1893
1742
1745
1828
1736
1808
1875
1749
1784
1810
1958
1748
1798
1836
1758
1895
1688
1827
1750
1911
1734
1937
1794
1792
1721
1811
1853
1916
1646
1774
1861
1735
1819
1691
1920
1831
1793
1824
1775
1800
1804
1893
1740
1835
1895
1715
1835
1763
1786
1811
1880
1782
1791
1813
1835
1842
1815
1747
1891
1761
1936
1812
1845
1838
1901
1882
1830
1816
1699
1889
1847
1761
1863
1842
1905
1810
1878
1778
1795
1768
1924
1829
1804
1781
1895
1832
1862
1817
1777
1927
1748
1825
1847
1817
1812
1873
1839
1879
1861
1849
1912
1809
1805
1942
1765
1883
1889
1824
1782
1835
1854
1851
1946
1875
1778
1800
1840
1903
1830
1874
1880
1860
1656
1911
1987
1892
1834
1879
1858
1800
1715
1847
1920
1749
1753
1744
1932
1853
1850
1853
1908
1844
1826
1772
1852
1768
1912
1845
1870
1950
1796
1856
1846
1928
1892
1862
1815
2050
1921
1904
1832
1870
1801
1899
1879
1775
1848
1914
1780
1927
1922
1996
1822
1793
1800
1784
1903
1825
1864
1769
1793
1813
1880
1826
1877
1751
1754
1899
1868
1901
1781
1878
1844
1770
1856
1812
1976
1851
1843
1934
1811
1946
1807
2015
1919
1898
1765
1843
1810
1775
1762
1893
1814
1845
1884
1882
1918
1909
1758
1921
1787
1834
1909
1852
1745
1756
1830
1844
1903
1924
1816
1958
1958
1833
1871
1877
1777
1970
1795
1810
1837
1922
1836
1897
1871
1760
1859
1888
1828
1882
1797
1882
1954
1898
1905
1953
1938
1911
1850
1857
1839
1878
1858
1841
1903
1801
1947
1907
1800
1943
1876
1936
1868
1800
1951
1889
1854
1812
1856
1800
1946
1871
1934
1836
1871
1919
1778
1753
1877
1864
1863
1841
1861
1994
1850
1883
1864
1904
1850
1903
1917
1769
1917
1738
2006
1884
1886
1883
1948
1965
1904
1922
2004
1957
1856
1940
1952
1944
1872
1906
1908
1864
1951
1865
1945
1932
1919
1788
1916
1846
1967
2043
1772
1944
1856
1883
2008
1899
1807
1941
1919
1834
1841
1905
1899
1860
1912
1911
1957
1831
1985
1899
1960
1857
2077
1978
1799
1901
1993
1781
1918
1895
1908
1908
1808
1941
1936
1871
1914
1979
2002
1979
1888
1898
1844
2048
2025
2021
1828
1867
1914
1971
1851
1972
1985
1896
1933
1938
2017
1986
1846
1905
1930
1814
1793
1862
1821
1898
1857
1805
1822
1850
1964
1831
2006
1979
2022
2008
1931
1960
1853
1881
1855
1827
1887
1892
1934
1899
1934
1832
1886
1975
1990
2070
1954
1936
2046
1920
2077
1924
1782
1891
1910
1884
1783
1943
1957
1965
1950
1909
1852
1951
1990
1914
1987
2014
1923
2098
2002
1878
1923
1995
1940
2028
1863
1999
1892
1997
1945
1995
1962
1978
2000
1888
1945
1961
1954
1953
1952
1843
1979
2016
2059
2020
1974
1859
1978
1969
2002
1980
2030
1983
1969
2068
2036
1926
1907
1892
2002
2031
2077
1996
2057
1983
1963
1916
1974
1908
2023
1887
1927
1894
1912
1919
2029
2019
2026
2004
1963
2023
2052
1936
2038
1983
1944
1955
2069
2098
1864
2049
2022
2034
1916
1912
1954
1934
1997
1995
2058
1973
2059
2034
2017
1902
1979
2006
1973
2013
2033
1844
2061
1946
2005
1943
2021
1981
1978
2064
1907
1982
1947
1945
1947
1993
2025
2052
2116
2044
2026
2040
1891
2092
2036
2087
1912
1919
1956
1966
2016
1939
1974
2039
2031
2044
2041
1943
2082
2277
1992
2001
1968
1995
2099
1967
2080
1967
1997
1915
2047
1988
1982
2001
1984
2026
2082
2004
2031
2023
2153
2017
2032
2145
1964
2027
2082
1990
2017
1981
2095
2134
2085
2180
1999
2158
2134
2172
2078
2031
1986
2086
2048
2026
1995
2084
2065
1999
2016
2137
2132
2155
2136
2095
2140
2091
2054
2069
2163
2082
2027
2168
2117
2085
2041
2131
2091
2147
2079
2165
2157
2199
2204
2077
2213
2117
2137
2245
2136
2116
2037
2114
2029
2095
2172
2132
2134
2197
2201
2238
2125
2145
2082
2034
2158
2225
2169
2127
2199
2102
2152
2152
2214
2124
2183
1987
2175
2242
2154
2177
2248
2225
2265
2171
2193
2215
2285
2315
2171
2047
2148
2115
2136
2080
2120
2136
2193
2229
2200
2197
2146
2186
2129
2080
2178
2102
2158
2231
2105
2129
2060
2132
2119
2138
2199
2219
2174
2071
2150
2167
2143
2180
2117
2149
2213
2179
2188
2239
2244
2223
2262
2088
2127
2179
2182
2259
2143
2109
2143
2182
2270
2137
2186
2149
2234
2190
2137
2236
2183
2182
2228
2258
2169
2126
2115
2275
2356
2196
2236
2253
2209
2315
2255
2142
2198
2261
2325
2238
2266
2280
2251
2282
2230
2304
2339
2277
2248
2359
2278
2323
2255
2211
2237
2302
2316
2293
2290
2284
2324
2340
2312
2304
2183
2305
2237
2273
2394
2363
2218
2209
2297
2268
2302
2314
2201
2401
2387
2326
2387
2296
2224
2292
2371
2317
2357
2315
2346
2218
2300
2305
2336
2340
2302
2353
2376
2314
2361
2388
2301
2321
2447
2411
2363
2357
2306
2281
2271
2374
2227
2392
2345
2406
2382
2280
2332
2441
2340
2336
2355
2394
2459
2370
2413
2356
2340
2368
2452
2346
2292
2400
2335
2474
2371
2248
2456
2365
2352
2467
2403
2413
2396
2415
2283
2318
2423
2456
2449
2462
2383
2529
2353
2399
2441
2416
2492
2389
2435
2353
2439
2392
2436
2382
2433
2542
2423
2454
2419
2359
2454
2381
2430
2399
2329
2470
2391
2439
2493
2497
2546
2460
2478
2449
2491
2414
2464
2426
2454
2440
2516
2434
2427
2396
2449
2456
2463
2500
2474
2502
2491
2730
2439
2376
2504
2466
2472
2445
2482
2502
2409
2547
2521
2489
2475
2625
2438
2478
2518
2595
2609
2501
2620
2436
2588
2478
2487
2515
2525
2493
2532
2523
2458
2513
2489
2497
2513
2596
2671
2619
2613
2544
2593
2557
2647
2598
2510
2561
2710
2636
2722
2615
2451
2477
2515
2682
2728
2513
2663
2699
2554
2582
2671
2532
2611
2685
2684
2639
2564
2610
2739
2608
2631
2616
2616
2694
2585
2563
2694
2643
2636
2604
2677
2680
2640
2602
2520
2660
2661
2729
2696
2663
2632
2611
2714
2606
2800
2783
2740
2671
2689
2747
2774
2628
2679
2785
2683
2766
2786
2706
2698
2683
2728
2851
2808
2840
2624
2852
2847
2750
2758
2664
2768
2759
2697
2721
2740
2679
2828
2773
2691
2771
2857
2951
2863
2836
2856
2746
2808
2828
2959
2829
2853
2803
2773
2797
2833
2813
2868
2771
2706
2964
2859
2934
2782
2919
2996
2799
2842
2973
2954
2902
2969
2795
2822
2787
2868
2895
2805
2844
2862
3014
2873
2959
2887
2878
2879
2971
2843
2952
2928
2863
2956
2975
3078
2980
2907
2975
3092
2923
2916
2986
2949
3014
2919
2913
2990
2873
2929
2887
2927
3008
3086
2951
3025
2983
3004
3077
3050
2977
3120
3165
3145
3048
3050
3046
3028
2852
2949
2966
2910
3036
3183
3126
3028
3055
3171
3074
3094
3158
3070
3057
3074
3107
3114
3146
2999
3084
3004
3049
3075
3054
3109
3128
3042
3100
3035
3208
3177
3161
3144
3143
2981
3327
3138
3098
3042
3161
3141
3134
3160
3201
3210
3105
3198
3326
3092
3148
3311
3206
3015
3274
3293
3173
3281
3124
3247
3275
3274
3191
3323
3176
3263
3313
3199
3261
3237
3148
3206
3116
3355
3267
3204
3245
3282
3404
3287
3456
3396
3328
3352
3214
3284
3311
3385
3326
3438
3328
3317
3224
3322
3312
3414
3467
3447
3398
3533
3357
3387
3274
3288
3387
3367
3394
3461
3493
3403
3306
3256
3328
3407
3369
3481
3429
3476
3453
3385
3485
3398
3544
3473
3340
3513
3404
3316
3473
3430
3453
3488
3468
3577
3450
3595
3435
3457
3597
3506
3453
3608
3497
3313
3508
3524
3419
3522
3513
3466
3515
3453
3618
3616
3616
3597
3625
3720
3470
3511
3527
3609
3614
3714
3519
3795
3686
3646
3803
3734
3648
3737
3489
3728
3674
3606
3698
3730
3645
3566
3626
3726
3676
3767
3706
3531
3676
3759
3752
3690
3702
3590
3775
3777
3682
3646
3732
3726
3821
3918
3557
3684
3684
3713
3747
3708
3872
3823
3835
3736
3800
3615
3848
3877
3725
3730
3728
3772
3719
3844
3934
3802
3898
3748
3849
3982
3831
3908
3860
3805
3884
3751
3867
4000
3923
3806
3764
4057
4000
3694
3995
3864
3924
3955
4061
3883
3949
3930
3921
3884
3891
3994
3852
3821
3908
3966
3945
4017
3992
4091
3861
4076
3965
4106
4048
4026
3964
4040
4138
3973
4002
4177
4055
3999
4048
4191
3946
3988
4196
3951
4075
4083
4006
4026
4075
4170
4236
4153
4135
4297
4081
4199
4278
4121
4153
4341
4100
4141
4093
4050
4150
3993
4132
4279
4160
4366
4229
4148
4382
4274
4313
4358
4317
4153
4158
4202
4185
4298
4117
4276
4098
4118
4410
4279
4261
4243
4266
4297
4331
4371
4379
4288
4228
4308
4281
4313
4219
4253
4284
4196
4218
4096
4173
4163
4306
4096
4242
4203
4341
4342
4284
4414
4366
4349
4381
4384
4372
4425
4394
4357
4497
4404
4417
4546
4271
4386
4406
4446
4418
4473
4378
4366
4475
4602
4508
4378
4586
4478
4538
4506
4700
4572
4709
4610
4629
4678
4689
4630
4681
4621
4690
4787
4795
4728
4666
4724
4867
4790
4840
4913
4991
4948
5028
4972
4777
4890
4931
4836
5023
5074
4829
4941
4833
4929
4991
4960
4921
5113
4997
5115
4923
5051
5075
4974
4808
5095
5115
5161
5204
5244
5101
5146
5229
5288
5143
5346
5469
5251
5116
5233
5277
5434
5288
5314
5364
5351
5322
5247
5330
5384
5407
5394
5478
5561
5532
5496
5529
5459
5617
5493
5469
5527
5376
5640
5544
5720
5575
5534
5532
5562
5652
5586
5572
5690
5765
5650
5868
5765
5711
5813
5798
5845
5731
5890
5793
5989
6034
6072
6028
6024
6086
5962
6047
5919
5908
5985
6122
6097
6118
6045
6239
6160
6018
6099
6050
6246
6252
6276
6182
6327
6364
6549
6332
6564
6438
6450
6499
6356
6490
6477
6304
6533
6379
6672
6406
6452
6687
6615
6676
6652
6566
6654
6652
6700
6558
6651
6752
6792
6932
6906
7065
7022
7126
6990
6857
6996
7148
7088
6898
7062
7099
7131
7187
7180
7316
7514
7363
7406
7326
7435
7484
7310
7264
7301
7398
7432
7327
7429
7346
7345
7339
7328
7533
7653
7720
7764
7726
7902
7822
8013
7872
7824
7945
7979
7961
8037
8105
8039
7889
8026
8195
8190
8079
8366
7992
8204
8247
8227
8269
8179
8248
8218
8490
8482
8330
8501
8488
8658
8572
8569
8526
8605
8731
8732
8650
8770
8677
8864
8824
8852
8861
8710
8747
8811
8857
8829
8686
8784
8562
8552
8912
9060
9020
9046
9216
9250
9606
9462
9460
9551
9323
9511
9667
9567
9454
9845
9515
9452
9699
9593
9661
9701
9714
9860
9842
9719
9721
9804
9693
9904
9942
9984
10005
9956
9844
9860
9885
10204
10158
10213
10250
10065
10309
10297
10078
10272
10292
10240
10635
10513
10360
10374
10670
10405
10676
10838
10649
10585
10617
10719
10683
10809
10993
10662
10868
11017
10883
10935
10930
11087
11016
11145
11057
11108
11042
11015
11193
11195
11153
11288
11141
11186
11313
11320
11467
11250
11507
11262
11389
11344
11392
11591
11491
11680
11741
11520
11766
11490
11361
11689
11637
11599
11677
12057
11771
11828
12013
11844
11877
12314
12200
12142
12082
12077
12034
11934
11962
11687
11930
11890
11588
11593
11740
12114
11958
11908
12201
12285
12217
12070
12175
12098
12657
12557
12472
12521
12328
12408
12336
12507
12425
12595
12200
12651
12556
12590
12763
12640
12573
12669
12627
12393
12456
12532
12728
12649
12576
12885
12641
12652
12889
12589
12900
13032
12913
12640
12825
12771
13049
12962
13001
12790
12957
13089
12765
12901
13085
13176
12908
13172
13265
12998
13316
13239
13099
13247
12954
13069
13192
13038
13224
12915
12981
13053
13001
13067
13179
13234
13185
13287
13433
13446
13461
13365
13220
12887
13172
13156
13323
13399
13092
13364
13320
13298
13350
13184
13516
13312
13289
13245
13136
13238
13334
13149
13169
13262
13113
13317
13012
13463
13287
13378
13401
13454
13326
13346
13401
13237
13516
13386
13621
13284
13456
13444
13505
13427
13451
13208
13355
13169
13397
13441
13278
13599
13143
13359
13277
13368
13244
13418
13204
13050
13429
13457
13231
13224
13341
13394
13420
13101
13173
13328
13371
13131
13183
13168
13295
13210
13497
13306
13128
13167
12939
12904
13157
13151
12866
12828
13038
12827
13085
12921
12979
12824
12985
12834
12837
13133
12847
12586
12993
12518
12504
12742
12791
12596
12662
12653
12880
12782
12750
12827
12664
12600
12724
12716
12567
12706
12472
12499
12627
12232
12641
12490
12524
12493
12465
12447
12435
12532
12378
12282
12307
12255
12536
12114
12297
12117
12126
12249
12170
12182
12040
12057
12113
12165
12104
11762
11868
12018
12071
11917
11914
12005
12000
11612
11912
11754
11975
11715
11700
11664
11770
11764
11617
11610
11531
11728
11380
11700
11421
11373
11442
11461
11328
11334
11239
11214
11217
11307
11205
11283
11418
11216
11218
11224
11214
11161
11181
11226
10850
11150
10808
11088
11068
11028
10807
10873
10843
10754
10812
10633
10817
10772
10915
10681
10675
10636
10534
10577
10604
10300
10335
10317
10325
10352
10156
10241
9990
9962
10282
9994
10045
10105
10116
9985
10142
10000
9958
9830
9836
9689
10066
9449
9846
9578
9771
9414
9257
9466
9248
9510
9561
9218
9436
9427
9560
9364
9500
9405
9410
9456
9334
9306
9182
9355
9299
9148
9034
9347
9304
8985
8957
9014
8939
8966
9165
8929
8819
8848
8975
8777
8609
8677
8657
8708
8697
8661
8505
8583
8635
8300
8399
8356
8292
8404
8384
8157
8292
8194
8202
8005
8213
8235
8173
8022
7927
8165
7978
7873
7822
7857
7737
7832
7705
7496
7665
7586
7293
7542
7698
7498
7375
7530
7629
7520
7444
7148
7435
7191
7361
7395
7077
7116
7123
7145
7163
7159
7054
7036
6868
6958
6977
6916
7101
6747
6698
6713
6756
6717
6799
6726
6669
6560
6728
6591
6708
6560
6470
6467
6449
6480
6551
6440
6480
6375
6374
6308
6127
6183
6117
6205
6044
6246
6081
5976
5990
6088
5986
5929
5752
5788
5946
5789
5759
5744
5849
5821
5505
5760
5428
5754
5666
5584
5611
5583
5474
5363
5479
5436
5332
5431
5405
5342
5305
5295
5227
5247
5314
5239
5126
5233
5177
5186
5142
5130
4993
5082
4918
4992
4854
4966
4956
4885
4827
4747
4896
4893
4672
4610
4714
4653
4605
4711
4750
4688
4490
4627
4481
4362
4575
4251
4405
4337
4529
4372
4353
4252
4427
4429
4380
4371
4320
4302
4222
4263
4154
4117
4066
4099
4238
3984
4115
4045
4014
4049
4138
3854
4007
3955
3982
3811
3967
3979
3864
3754
3796
3842
3738
3802
3880
3666
3682
3791
3620
3598
3448
3332
3453
3354
3463
3401
3574
3481
3389
3552
3486
3574
3328
3398
3419
3369
3268
3282
3300
3171
3254
3334
3239
3207
3156
3223
3168
3181
3212
3167
3231
3148
3231
3130
3029
3107
3095
3035
3032
3016
2952
3113
3096
2931
3019
2905
3007
2952
2914
2900
2922
2814
2823
3002
3031
2783
2837
2904
2752
2777
2869
2747
2774
2656
2779
2644
2709
2743
2728
2649
2647
2643
2637
2536
2603
2614
2541
2665
2722
2575
2652
2642
2697
2576
2479
2563
2512
2569
2423
2493
2388
2393
2360
2386
2432
2472
2425
2374
2386
2475
2522
2301
2441
2333
2378
2198
2365
2336
2246
2415
2404
2393
2378
2412
2335
2283
2237
2315
2336
2290
2285
2188
2255
2228
2335
2231
2344
2286
2274
2179
2399
2250
2206
2208
2294
2238
2231
2295
2292
2270
2257
2143
2187
2220
2226
2073
2220
2166
2172
2136
2157
2160
2107
2111
2165
2140
2132
2187
2083
2120
2104
2085
2106
2066
2084
2032
2083
2105
2069
2158
2076
2169
2147
2098
2087
1990
2167
2179
2021
2118
2093
2015
2051
2046
2135
2095
2126
2079
2073
2111
2079
1992
2126
2121
2135
1960
2086
1954
2101
2056
2036
2059
1947
2028
2061
1958
1958
1968
2030
2039
1975
2054
2121
2051
2059
1918
1999
2007
1960
1925
2106
2049
2056
1978
1990
1972
1974
2039
2011
1883
2027
1934
2095
2008
1954
1851
1969
1985
1910
1998
2032
1982
2022
1925
2028
1921
1870
1906
1797
1869
1976
1915
2009
1934
1955
1962
1977
1905
2081
1930
2057
1914
2013
1993
1990
2016
1904
1969
1977
1968
1805
1915
1863
1963
1940
1938
1880
1913
2034
1952
1915
1823
1909
1858
1972
1888
1911
1927
2012
1883
1916
1985
1972
1958
1894
1885
1977
1987
1890
1924
1908
1881
1881
1855
1929
1926
1879
2029
1866
1763
2003
1954
2008
1884
1926
1914
1940
1881
1937
1878
1946
1881
1918
1838
1946
1888
1835
1888
1952
1949
1977
1903
1854
1949
1871
1821
1934
1875
1942
1924
1989
1920
1943
1887
1843
1842
1983
1942
1916
1877
1871
1880
1900
1770
1851
1967
1868
1909
1903
1899
1940
1924
1902
1865
1898
1983
1868
1848
1851
1886
1836
1782
1906
1862
1852
2032
1922
1948
1810
2010
1846
1948
1871
1927
1879
1868
1795
1907
1918
1872
1917
1854
1824
1825
1995
1911
1793
1841
1804
1957
1836
1831
1942
1819
1846
1754
1860
1831
1821
1814
1834
1835
1825
1951
1860
1828
1837
1864
1892
1865
1748
1797
1789
1830
1796
1887
1883
1873
1828
1852
1916
1861
1871
1855
1873
1923
1875
1796
1816
1719
1913
1751
1900
1848
1945
1827
1876
1866
1854
1877
1905
1827
1768
1868
1820
1941
1974
1825
1820
1768
1876
1888
1770
1962
1894
1774
1628
1792
1748
1822
1857
1726
1768
1812
1804
1855
1799
1848
1950
1858
