1760
1835
1747
1771
1761
1865
1730
1723
1735
1701
1791
1730
1704
1689
1717
1724
1667
1758
1812
1830
1704
1792
1704
1762
1794
1744
1794
1850
1799
1783
1796
1782
1664
1701
1610
1722
1651
1840
1744
1862
1787
1780
1783
1833
1839
1691
1807
1692
1667
1827
1822
1821
1717
1626
1741
1706
1805
1738
1715
1729
1759
1740
1770
1786
1661
1836
1743
1701
1751
1736
1681
1629
1786
1757
1781
1719
1656
1763
1789
1703
1837
1683
1832
1716
1694
1735
1718
1667
1805
1775
1766
1794
1762
1741
1748
1775
1721
1820
1810
1701
1718
1713
1772
1669
1795
1800
1699
1747
1738
1633
1798
1751
1729
1647
1823
1747
1768
1770
1797
1669
1748
1755
1679
1745
1745
1764
1785
1769
1685
1672
1723
1710
1748
1735
1740
1774
1866
1776
1927
1764
1769
1701
1674
1779
1783
1745
1789
1758
1770
1709
1691
1734
1798
1755
1710
1686
1837
1803
1891
1710
1795
1707
1682
1704
1776
1745
1818
1758
1781
1672
1713
1735
1809
1811
1773
1621
1762
1809
1775
1767
1802
1831
1818
1691
1794
1678
1648
1690
1728
1805
1725
1715
1737
1759
1756
1818
1706
1807
1821
1745
1767
1768
1740
1614
1709
1737
1728
1751
1746
1763
1736
1759
1856
1775
1671
1652
1817
1777
1863
1757
1783
1717
1780
1738
1716
1711
1680
1798
1703
1667
1740
1664
1748
1760
1739
1605
1791
1804
1903
1781
1718
1738
1758
1750
1839
1802
1732
1707
1732
1765
1762
1780
1735
1760
1761
1767
1754
1771
1854
1746
1726
1815
1699
1764
1754
1771
1800
1666
1713
1839
1839
1798
1728
1788
1723
1747
1819
1740
1749
1827
1702
1827
1789
1689
1817
1634
1768
1783
1867
1745
1718
1773
1701
1845
1889
1716
1682
1767
1732
1775
1763
1839
1713
1759
1738
1746
1703
1752
1818
1831
1661
1857
1826
1791
1775
1816
1735
1739
1684
1774
1803
1761
1805
1835
1823
1718
1839
1787
1743
1834
1802
1706
1652
1647
1678
1786
1777
1774
1652
1814
1874
1823
1780
1773
1707
1736
1685
1832
1866
1783
1653
1823
1679
1741
1873
1728
1714
1740
1734
1789
1783
1931
1775
1758
1832
1859
1715
1796
1846
1694
1701
1763
1854
1764
1822
1684
1774
1731
1712
1770
1789
1891
1663
1801
1718
1766
1795
1665
1756
1729
1718
1750
1742
1726
1776
1842
1727
1772
1830
1661
1817
1725
1697
1752
1739
1721
1852
1825
1792
1734
1802
1802
1860
1716
1753
1813
1804
1820
1803
1768
1839
1822
1805
1696
1730
1719
1813
1736
1771
1805
1701
1872
1823
1687
1824
1792
1771
1858
1775
1846
1737
1748
1726
1752
1701
1810
1693
1785
1838
1707
1796
1766
1827
1843
1743
1863
1741
1691
1796
1740
1756
1841
1771
1745
1776
1783
1804
1832
1814
1780
1880
1819
1755
1786
1878
1851
1837
1729
1860
1697
1710
1706
1842
1794
1760
1751
1816
1822
1700
1780
1692
1738
1752
1816
1810
1791
1772
1813
1845
1781
1796
1740
1724
1758
1857
1811
1855
1756
1787
1741
1805
1764
1872
1832
1871
1786
1828
1743
1704
1702
1797
1764
1795
1746
1706
1922
1781
1784
1828
1829
1860
1779
1810
1892
1788
1703
1710
1825
1758
1828
1743
1896
1836
1760
1889
1689
1901
1765
1635
1806
1769
1883
1775
1771
1846
1846
1839
1803
1774
1795
1715
1791
1840
1820
1890
1801
1879
1753
1760
1721
1790
1776
1792
1743
1751
1855
1758
1744
1819
1874
1823
1818
1813
1835
1824
1794
1962
1923
1841
1727
1838
1773
1810
1764
1796
1605
1786
1827
1853
1863
1706
1842
1790
1784
1858
1872
1822
1742
1714
1718
1740
1751
1819
1795
1779
1830
1739
1933
1808
1790
1784
1713
1809
1748
1743
1745
1807
1780
1848
1817
1864
1818
1874
1823
1817
1773
1902
1815
1787
1868
1733
1817
1835
1875
1922
1869
1888
1732
1850
1755
1875
1684
1803
1764
1841
1793
1816
1932
1913
1923
1875
1812
1787
1784
1773
1769
1816
1793
1860
1833
1810
1795
1829
1822
1844
1801
1817
1735
1772
1906
1834
1852
1768
1825
1812
1861
1903
1767
1773
1898
1799
1847
1742
1849
1967
1780
1852
1823
1868
1840
1864
1862
1853
1846
1828
1765
1829
1949
1746
1832
1759
1766
1699
1890
1772
1881
1796
1856
1919
1772
1970
1835
1869
1906
1862
1841
1823
1771
1899
1858
1811
1860
1810
1764
1819
1920
1859
1775
1836
1929
1781
1778
1691
1785
1838
1799
1809
1844
1856
1782
1912
1799
1871
1909
1727
1831
1800
1821
1777
1875
1852
1840
1722
1869
1836
1884
1847
1853
1899
1794
1818
1837
1822
1779
1815
1926
1885
1835
1843
1845
1835
1825
1942
1879
1863
1967
1805
1784
1758
1858
1757
1944
1873
1826
1873
1899
1800
1819
1845
1750
1875
1806
1758
1822
1752
1853
1864
1927
1774
1853
1871
1907
1916
1840
1772
1835
1839
1832
1754
1925
1797
1895
1791
1829
1766
1855
1927
1867
2004
1989
1819
1815
1811
1810
1913
1820
1886
1865
1805
1801
1915
1929
1912
1799
1806
1815
1845
1819
2011
1872
1858
1789
1798
1809
1716
1838
1837
1816
1835
1875
1861
1900
1871
1844
1889
1962
1856
1921
1774
1818
1816
1680
1802
1777
1870
1877
1847
1816
1881
1861
1906
1900
1817
1871
1825
1855
1863
1825
1892
1853
1815
1883
1767
1839
1856
1792
1840
1892
1980
1876
1905
1887
1890
1860
1945
1998
1910
1779
1866
1791
1964
1864
1876
1811
1890
1790
1749
1787
1836
1885
1833
1882
1855
1921
1827
1864
1812
1839
1810
1854
1748
1836
1803
1804
1809
1924
1799
1928
1875
1882
1917
1931
1831
1925
1892
1868
1895
1783
1833
1725
1817
1882
1839
1732
1862
1848
1842
1865
1844
1839
1868
1933
1743
1981
1965
2053
1749
1851
1807
1939
1849
1863
1955
1893
1858
1947
1786
1818
1860
1907
1877
1779
1824
1836
1962
1804
1859
1847
1850
1923
1854
1905
1974
1835
1936
1875
1762
1877
1874
1789
1947
1894
1841
1898
1893
1859
1905
1879
1849
1934
1819
2014
1807
1945
1899
1899
1890
1814
1926
1807
1905
1946
1940
1905
1862
1827
1894
1900
1860
1856
1953
1930
2035
1879
1894
1823
1959
1818
1734
1912
2012
1955
2089
1896
1836
1920
1905
1878
1984
1917
1872
1940
1856
1812
1946
1918
1955
1991
1954
1948
1876
1934
1973
1909
1879
1891
1893
1833
1864
1883
1805
1920
1915
1965
1993
2000
1868
1816
1865
1841
1931
1921
2012
1910
1906
1910
2047
1968
1924
1923
1999
1892
1803
1990
1908
1997
2002
1998
1880
1953
1935
1882
1976
1826
1832
1833
1780
1859
1869
1838
2042
1849
1988
1900
1848
1935
1849
1929
1984
2023
1884
1931
1957
1884
1986
2036
2004
1961
1982
1975
1992
1840
2083
1989
1991
1975
1951
1958
1936
2043
1963
1985
1985
2002
1974
1893
2042
2038
2015
1935
1939
1979
2025
2041
1932
1921
1913
1983
2073
1980
1964
1891
1964
1936
2103
1956
1977
1865
2025
1953
1914
1984
1918
1978
1984
2013
1964
1940
1992
1984
2031
2054
1973
1961
2062
2034
2049
1994
1910
1998
1983
1975
2011
1925
2106
1890
1950
1927
1994
1978
2042
1974
2025
1918
1949
2005
1862
1992
1924
1989
1915
1952
1890
2013
1960
1901
1915
2051
2013
1869
1941
2049
1961
2070
2029
2054
2041
1907
2094
2024
2068
2007
2018
2034
1959
2014
1975
1976
1951
2081
2004
2051
2026
1988
2071
2119
2043
2054
2055
1967
2040
2063
1938
2072
2043
1883
1960
1947
2042
2082
2021
2030
2065
2076
2061
1956
2014
2084
2069
1965
1951
2089
2103
1940
1964
2058
2084
2192
2082
2083
2050
2061
2089
2199
2075
2048
2170
2008
1932
2048
1973
2023
1937
2043
2014
2103
2069
2091
2098
2066
2015
2106
2129
2022
2056
2037
1962
2050
2080
2015
2041
2046
2040
2087
2107
2113
2094
2271
2051
2058
2120
2124
2026
1969
2077
2053
2135
2011
2183
2052
2091
2183
2078
2165
2034
2169
2093
2176
2090
1995
2040
2102
2101
2071
2146
2163
2215
2155
2091
2100
2115
2096
2085
1984
1981
2040
2153
2180
2130
2069
2081
2120
2097
1950
2181
2043
2045
2131
2069
2037
2126
2159
2246
2130
2261
2144
2177
2096
2045
2057
2013
2085
2102
2068
2027
2122
2221
2108
2178
2139
2209
2171
2178
2307
2218
2144
2179
2082
2169
2201
2086
2170
2118
2173
2072
2114
2261
2167
2232
2351
2059
2166
2122
2265
2250
2106
2222
2152
2197
2140
2131
2209
2061
2159
2103
2112
2103
2216
2149
2143
2178
2151
2169
2214
2178
2098
2234
2265
2189
2287
2145
2218
2214
2077
2163
2152
2248
2164
2173
2153
2158
2202
2258
2193
2070
2042
2205
2235
2219
2166
2158
2128
2176
2229
2088
2262
2222
2236
2270
2281
2091
2266
2266
2311
2255
2234
2265
2333
2193
2162
2173
2144
2191
2288
2176
2162
2213
2232
2274
2238
2345
2309
2269
2318
2288
2224
2382
2153
2280
2325
2088
2186
2327
2324
2213
2321
2476
2301
2344
2258
2340
2240
2270
2370
2314
2285
2400
2195
2358
2333
2266
2293
2433
2333
2405
2327
2381
2334
2311
2294
2234
2355
2323
2180
2389
2329
2225
2280
2288
2371
2264
2312
2243
2290
2301
2362
2456
2330
2413
2235
2393
2250
2458
2419
2406
2356
2404
2311
2323
2347
2510
2474
2326
2238
2369
2345
2361
2227
2412
2348
2450
2421
2323
2373
2362
2418
2423
2367
2500
2447
2411
2501
2474
2421
2376
2358
2455
2355
2389
2390
2312
2413
2451
2498
2377
2396
2491
2519
2405
2419
2389
2424
2394
2404
2570
2464
2548
2510
2371
2375
2356
2405
2477
2415
2455
2489
2355
2500
2484
2480
2541
2469
2487
2497
2404
2461
2311
2406
2422
2425
2527
2463
2538
2474
2493
2505
2444
2659
2458
2575
2446
2613
2566
2543
2595
2440
2503
2496
2424
2573
2485
2445
2377
2568
2561
2559
2477
2590
2550
2453
2566
2628
2495
2502
2548
2624
2516
2561
2583
2659
2583
2586
2617
2617
2415
2694
2469
2528
2550
2472
2590
2617
2538
2546
2643
2648
2724
2598
2596
2537
2526
2555
2672
2558
2645
2637
2599
2703
2624
2584
2683
2606
2594
2638
2557
2649
2728
2716
2709
2594
2563
2604
2731
2591
2542
2604
2624
2595
2618
2565
2644
2665
2610
2716
2790
2704
2753
2741
2609
2523
2671
2616
2740
2701
2618
2681
2649
2680
2639
2675
2835
2676
2667
2738
2772
2766
2641
2790
2655
2599
2788
2710
2773
2781
2664
2614
2672
2733
2657
2871
2790
2764
2820
2714
2788
2743
2739
2803
2679
2712
2620
2733
2694
2834
2676
2833
2713
2855
2850
2710
2825
2833
2700
2821
2889
2730
2837
2740
2914
2841
2807
2765
2867
2859
2922
2853
2815
2881
2915
2873
2923
2901
2880
2777
2938
2911
2871
2926
2945
2908
2907
2823
2940
2875
2968
2858
2957
2941
2958
2931
2822
2832
2897
2976
2897
2963
2958
2922
2882
2962
2885
2870
2905
2848
2958
2914
3076
3014
3058
2970
3007
3010
2900
3022
3060
2921
3023
3065
2912
3041
3000
2997
2969
3100
3019
3068
3101
3073
3083
3048
2983
3081
3029
2971
3089
2952
3030
3123
3080
3100
3044
3216
3000
3125
3048
3018
3133
3114
3093
3019
3124
3103
3014
3116
3022
3097
3193
3100
3281
3186
3295
3060
3274
3212
3118
3159
3173
3236
3124
3133
3023
2953
3128
3196
3071
3215
3098
3264
3227
3136
3165
3178
3221
3230
3309
3154
3217
3321
3103
3121
3130
3284
3292
3262
3214
3303
3305
3372
3197
3206
3260
3285
3263
3367
3292
3234
3350
3242
3272
3371
3303
3359
3398
3339
3384
3216
3433
3294
3300
3333
3317
3388
3273
3374
3308
3376
3446
3270
3423
3373
3390
3326
3310
3463
3535
3420
3388
3360
3528
3448
3585
3390
3468
3383
3506
3434
3528
3327
3403
3402
3393
3421
3435
3414
3537
3552
3450
3482
3415
3417
3496
3543
3469
3440
3525
3462
3516
3575
3498
3621
3633
3496
3556
3541
3533
3494
3488
3578
3611
3596
3564
3543
3541
3425
3470
3486
3614
3526
3554
3519
3450
3619
3641
3610
3555
3629
3770
3696
3732
3687
3740
3689
3596
3651
3693
3569
3605
3666
3691
3704
3540
3629
3618
3758
3737
3663
3680
3773
3712
3755
3668
3597
3687
3809
3762
3775
3727
3744
3707
3742
3852
3891
3867
3780
3652
3805
3758
3743
3815
3914
3679
3813
3766
3725
3712
3700
3890
3747
3844
3768
3824
4036
4012
3780
3834
3847
3782
3739
3696
3803
3806
3751
3834
3930
3768
3972
3959
3868
3940
3939
3906
3840
3924
3921
3986
3978
3849
3989
3976
3976
3962
4040
3921
4008
4002
3964
4083
3913
4071
4051
4120
3938
4031
4013
3996
3965
3995
3895
3993
4119
3973
4119
3984
4184
3988
4069
4176
4167
3931
4256
4172
4197
4065
4061
4084
4023
4083
4152
4033
4214
4109
4211
4232
4148
4115
4249
4352
4174
4102
4158
4205
4277
4196
4081
4247
4276
4324
4353
4340
4279
4328
4143
4344
4278
4368
4141
4157
4233
4287
4341
4382
4216
4319
4409
4407
4352
4294
4335
4286
4237
4261
4312
4272
4336
4403
4369
4198
4167
4106
4391
4374
4436
4258
4151
4294
4278
4387
4301
4250
4336
4342
4573
4352
4282
4481
4273
4375
4499
4395
4350
4419
4214
4449
4429
4480
4265
4522
4397
4394
4479
4440
4457
4378
4484
4438
4388
4334
4457
4504
4393
4487
4524
4448
4670
4564
4700
4502
4640
4497
4526
4567
4572
4739
4773
4707
4776
4729
4762
4797
4934
4745
4784
4845
4994
4964
5021
4918
4946
5118
4979
4917
4972
5087
5034
4927
4882
4906
4806
5123
5190
5020
5060
5052
4985
5033
5060
5134
4970
5293
5191
5210
5064
5057
5211
5140
5195
5271
5213
5129
5242
5148
5327
5230
5201
5235
5379
5417
5244
5398
5378
5354
5286
5321
5402
5532
5376
5627
5288
5487
5437
5547
5485
5573
5387
5455
5607
5428
5567
5637
5568
5492
5679
5463
5629
5610
5515
5685
5744
5729
5808
5873
5691
5800
5862
5741
5855
5803
6006
5977
6048
5976
5905
6024
6029
5846
6070
5957
6026
5970
6050
6120
6351
6141
6070
6062
6315
6064
6248
6241
6314
6201
6424
6187
6360
6426
6291
6502
6383
6312
6488
6292
6419
6541
6445
6540
6496
6585
6315
6626
6720
6682
6632
6764
6792
6628
6618
6745
6756
6840
6714
6797
6813
6776
7062
7026
6943
7106
6864
7164
7073
7064
7192
7325
7465
7220
7287
7284
7341
7396
7228
7261
7432
7485
7372
7210
7263
7410
7335
7271
7322
7138
7450
7212
7456
7573
7559
7774
7720
7731
7935
7876
7853
7882
7986
7829
7938
7975
8046
7843
8141
8078
7993
8098
8290
8241
8422
8338
8073
8025
8221
8474
8415
8271
8312
8695
8457
8275
8534
8424
8409
8776
8570
8728
8458
8839
8601
8803
8867
8740
8836
8808
8974
8888
9085
9093
8984
8839
8601
8667
8786
8610
8742
8736
9011
9263
9250
9157
9499
9158
9384
9406
9493
9430
9412
9305
9585
9635
9748
9664
9706
9716
9754
9350
9771
9636
9690
9896
9747
9842
9704
9901
9826
9730
9713
9657
9920
9934
9964
9860
10034
10154
10300
10086
10292
10441
10323
10379
10335
10302
10446
10536
10364
10561
10570
10558
10427
10502
10538
10766
10802
10518
10924
10626
10526
10669
10602
10859
10673
10842
10874
11022
11181
11015
10978
11128
10989
11030
11117
11281
11247
11115
11055
11059
11210
11191
11313
11273
11350
11489
11358
11364
11430
11773
11522
11467
11433
11832
11656
11574
11612
11602
11418
11737
11515
11673
11921
11996
11848
12108
11931
11991
12068
12012
12207
12187
11924
11808
12262
11926
12055
11856
11802
11945
11812
11718
12003
12118
12036
12243
12277
12041
12262
12552
12257
12464
12590
12496
12365
12385
12357
12406
12309
12516
12554
12378
12465
12513
12536
12629
12602
12504
12530
12768
12704
12580
12669
12565
12773
12667
12616
12995
12758
12781
12910
12758
12882
13088
12699
12809
12987
12972
13205
12770
12960
13092
13026
12995
13098
12814
13106
12968
12955
13177
13413
13194
13061
13129
13382
12985
12986
13186
13108
12933
13113
13080
13096
13159
13099
13248
13421
13227
13194
13181
13175
13117
13369
13193
13131
13342
13324
13177
13315
13196
13243
13494
13367
13467
13497
13605
13309
13388
13544
13458
13536
13348
13229
13186
13376
13251
13143
13217
13304
13342
13321
13498
13545
13474
13474
13410
13372
13248
13027
13570
13012
13409
13594
13366
13325
13264
13253
13309
13272
13355
13474
13191
13534
13369
13170
13078
13237
13332
13354
13152
13300
13554
13350
13018
13275
13201
13074
13287
13136
13120
13130
13170
13059
13366
13130
13121
13405
12852
13195
13245
13050
13141
13200
13195
13269
13069
13017
13146
12968
12864
12898
12955
13093
13003
13114
12938
13145
12850
13012
12666
12759
12762
12796
12795
12771
12801
12743
12694
12844
12896
12815
12892
12804
12763
12572
12679
12676
12617
12548
12726
12665
12448
12547
12755
12457
12498
12379
12415
12723
12511
12123
12356
12307
12016
12320
12161
12232
12442
12094
12069
12135
12229
12352
12295
12197
12020
11936
11963
11978
11712
11984
11758
12073
11753
11560
11892
11705
11754
11787
11898
11796
11692
11652
11556
11421
11512
11652
11451
11578
11439
11357
11673
11364
11564
11467
11195
11315
11006
11407
11312
10987
11215
11365
11199
11013
10880
11087
11159
11052
11162
11199
11096
10945
10908
10964
10926
10804
10778
10991
10988
10532
10509
10576
10734
10466
10677
10392
10620
10440
10651
10468
10457
10432
10270
10446
10156
10192
10186
10157
10171
10036
10063
9966
10102
9904
10084
9732
9932
10026
9752
9722
9775
9793
9925
9578
9670
9438
9325
9228
9482
9427
9285
9286
9385
9308
9380
9451
9478
9498
9539
9161
9536
9173
9252
9285
9121
9058
9033
9093
9098
8977
9046
8967
9137
8989
8870
8830
8883
8790
8817
8895
8740
8809
8692
8646
8551
8621
8534
8358
8405
8487
8392
8384
8500
8516
8294
8421
8228
8280
8358
8220
8314
7949
8085
8132
7855
7997
8001
7986
7768
7641
7892
7832
7816
7702
7573
7474
7517
7400
7416
7508
7488
7447
7356
7622
7465
7496
7503
7238
7303
7163
7211
6927
7179
7254
7171
6972
7055
7246
6907
6884
6954
6902
7056
6736
7006
6781
6597
6891
6778
6766
6770
6544
6743
6623
6537
6480
6495
6622
6299
6345
6508
6483
6359
6275
6317
6303
6200
6289
6119
6120
6116
6255
6108
5965
5924
6092
6022
5857
6040
5968
5779
5928
5932
5777
5863
5819
5793
5603
5648
5735
5739
5723
5545
5579
5444
5441
5543
5300
5402
5461
5318
5269
5333
5340
5242
5322
5372
5213
5036
5080
5164
5013
5129
5210
4986
4971
4800
4914
4975
4911
4996
4845
4845
4660
4771
4885
4761
4719
4703
4505
4715
4712
4681
4710
4490
4631
4530
4339
4383
4433
4526
4530
4462
4366
4474
4207
4339
4298
4430
4391
4377
4226
4032
4251
4210
4183
4022
3988
3988
3953
3975
4017
4237
3995
3959
3936
3905
3935
3833
3829
3931
3920
3675
3865
3777
3791
3736
3770
3774
3612
3782
3753
3567
3535
3550
3505
3461
3425
3387
3405
3235
3523
3406
3360
3311
3437
3462
3414
3296
3297
3338
3310
3417
3343
3368
3355
3292
3236
3339
3147
3182
3065
3152
3242
3029
3090
3101
3200
3012
3167
3042
3068
3065
3045
3007
3105
3053
2933
3021
3032
2990
2828
2777
2899
2921
2878
2870
2890
2792
2858
2923
2942
2847
2886
2869
2673
2944
2786
2811
2753
2584
2645
2764
2816
2589
2596
2678
2650
2692
2557
2593
2694
2608
2467
2701
2727
2641
2456
2470
2618
2566
2480
2481
2401
2426
2307
2386
2436
2447
2432
2379
2520
2402
2613
2440
2448
2487
2373
2426
2358
2388
2148
2294
2417
2305
2278
2374
2300
2244
2362
2287
2388
2400
2361
2359
2354
2245
2343
2425
2179
2296
2161
2217
2292
2206
2214
2165
2158
2368
2266
2347
2152
2198
2181
2185
2275
2217
2177
2231
2129
2209
2136
2135
2243
2128
2147
2178
2144
2203
2067
2163
2110
2164
2076
2081
2097
2081
2156
2093
2068
1950
2037
2041
2126
2049
2109
2078
2125
2113
2069
2194
2068
2098
2045
2181
2020
2134
2050
2062
2060
2130
1978
2036
2122
2116
2011
2088
1992
2095
2119
2157
2021
2021
2020
2100
2021
1976
1958
2014
2094
2037
2016
2088
2039
2025
2014
2171
2084
1998
1933
2018
2093
2014
1956
2035
2082
1975
2044
1905
2038
2019
2016
1972
2057
2040
2033
2016
1947
1956
2024
1973
1945
1969
2119
2127
2024
2013
1990
2022
1930
1982
2001
1937
1927
1893
2091
2022
1911
1952
1950
2037
1999
2055
1924
1914
1885
1997
1907
2016
1967
1904
2029
1846
2032
1962
1859
1973
1873
2031
1950
1906
1949
2014
1942
1974
1996
1965
1941
1961
1936
1993
1925
2033
1859
1860
1911
1941
1940
1952
1949
1916
1965
1944
1964
1906
1944
1948
1903
1931
1938
1858
1848
1906
2026
1911
1955
1852
1887
1996
1855
1879
1890
1810
1887
1944
2026
2019
1889
1815
1944
1893
1959
1910
1934
2024
1888
1986
1875
1901
1909
1883
1807
1911
1909
2022
1876
1914
1867
1932
1894
1914
1965
1818
1913
1933
2011
1861
1848
1878
1955
1945
1962
1957
1873
1846
1966
1879
1913
1916
2054
1834
1951
1913
1816
1844
1818
1861
1858
1961
1958
1911
1923
1913
1968
1766
1892
1887
1869
1940
1871
1826
1842
1885
1887
1980
1995
1855
1907
1954
1871
1864
1912
1887
1956
1920
1893
1959
1795
1805
1827
1841
1793
1895
1756
1836
1865
1783
2012
1803
1872
1802
2014
1994
1947
1816
1926
1792
1797
1840
1849
2032
1888
1924
1785
1811
1902
1820
1819
1851
1868
1848
1813
2057
1845
1807
1785
1900
1929
1923
1857
1841
1854
1862
1897
1980
1853
1785
1848
1919
1903
1782
1826
1873
1895
1942
1940
1854
1847
2020
1987
1726
1837
1804
1832
1822
1809
1851
1924
1878
1776
1854
1905
1881
1870
