2212
2111
2164
2149
2129
2207
2111
2122
2188
2150
2252
2179
2123
2197
2114
2370
2179
2180
2270
2280
2251
2214
2045
2090
2213
2099
2174
2114
2027
2149
2246
2054
2176
2146
2084
2267
2153
2245
2183
2203
2249
2133
2241
2136
2183
2068
2207
2166
2211
2187
2323
2208
2230
2187
2280
2187
2222
2197
2154
2262
2186
2097
2177
2219
2087
2245
2162
2196
2261
2243
2169
2173
2214
2219
2190
2247
2278
2229
2143
2250
2252
2151
2190
2192
2329
2203
2135
2142
2302
2301
2234
2253
2358
2142
2185
2191
2170
2222
2223
2195
2244
2174
2213
2194
2231
2296
2230
2304
2313
2304
2305
2268
2336
2427
2299
2155
2189
2284
2272
2394
2268
2249
2205
2283
2242
2439
2307
2365
2188
2300
2268
2242
2313
2225
2372
2323
2278
2278
2267
2231
2342
2249
2232
2242
2455
2260
2266
2235
2241
2237
2380
2199
2322
2176
2235
2389
2357
2252
2428
2229
2387
2286
2334
2222
2274
2384
2441
2304
2260
2288
2360
2348
2344
2121
2233
2354
2347
2367
2370
2340
2372
2402
2319
2330
2357
2265
2314
2322
2330
2322
2259
2239
2365
2383
2455
2412
2358
2316
2348
2391
2216
2145
2371
2242
2350
2358
2452
2381
2310
2278
2332
2321
2357
2305
2302
2308
2305
2281
2373
2291
2304
2310
2358
2318
2512
2369
2371
2405
2431
2387
2294
2370
2364
2421
2418
2394
2415
2380
2436
2399
2491
2366
2390
2297
2386
2330
2355
2406
2366
2437
2333
2326
2463
2403
2343
2377
2371
2360
2356
2425
2327
2403
2435
2450
2383
2359
2323
2471
2359
2404
2545
2511
2398
2575
2374
2520
2458
2437
2296
2361
2435
2419
2399
2312
2434
2465
2524
2462
2495
2517
2392
2348
2556
2376
2452
2390
2359
2468
2436
2449
2393
2404
2393
2458
2513
2480
2476
2561
2566
2486
2483
2687
2568
2498
2451
2504
2517
2392
2517
2362
2427
2453
2563
2607
2522
2470
2593
2531
2557
2485
2494
2379
2530
2531
2475
2436
2583
2412
2507
2587
2602
2505
2535
2480
2414
2505
2654
2443
2581
2569
2533
2539
2552
2388
2443
2550
2562
2527
2490
2564
2521
2522
2580
2413
2571
2538
2500
2484
2584
2508
2473
2477
2643
2596
2584
2661
2546
2515
2535
2653
2609
2725
2446
2601
2574
2607
2630
2594
2584
2585
2503
2590
2569
2575
2547
2496
2697
2555
2637
2603
2615
2612
2584
2622
2694
2645
2624
2630
2535
2664
2706
2681
2629
2677
2685
2727
2746
2629
2704
2734
2828
2693
2706
2726
2679
2605
2649
2605
2660
2665
2588
2571
2690
2749
2626
2711
2719
2647
2808
2712
2753
2834
2732
2690
2698
2799
2708
2666
2712
2739
2642
2793
2678
2738
2766
2800
2728
2701
2868
2847
2722
2746
2736
2698
2676
2889
2741
2667
2770
2793
2777
2795
2769
2762
2842
2740
2775
2700
2785
2816
2746
2852
2840
2821
2729
2762
2752
2785
2896
2855
2795
2822
2835
2823
2874
2899
2954
2941
3010
2702
2850
2920
2772
2860
2912
2956
2880
2882
2860
2842
2887
2997
2803
2875
2890
2963
2984
2906
2940
2963
3014
3024
2875
2872
2806
2920
2966
2958
3006
2832
2934
2892
3078
3056
2896
2952
2850
2919
2926
2970
2937
2981
3016
2992
2933
2859
3115
2827
2833
2999
3032
3077
3019
2991
3030
2957
3056
3050
2978
3019
2982
3033
3032
2955
3029
3097
3098
3026
3071
2993
3164
2929
3163
3160
3059
3147
3135
3033
3040
3185
3091
3070
3089
3005
3194
3058
3159
3179
3099
2936
3291
3155
3065
3075
2981
3140
3126
3105
3066
3116
3101
3188
3286
3332
3082
3139
3138
3087
3167
3292
3145
3071
3260
3283
3197
3204
3230
3253
3186
3357
3229
3270
3394
3391
3313
3164
3254
3278
3405
3298
3145
3114
3132
3182
3221
3190
3354
3252
3377
3450
3295
3397
3266
3258
3442
3358
3411
3200
3408
3201
3326
3250
3352
3341
3518
3360
3558
3391
3376
3490
3344
3289
3495
3360
3438
3381
3372
3501
3548
3406
3386
3531
3456
3465
3603
3465
3422
3435
3581
3567
3520
3440
3258
3561
3460
3471
3602
3513
3445
3545
3540
3497
3527
3509
3395
3405
3583
3624
3613
3555
3612
3656
3447
3584
3454
3527
3555
3587
3489
3618
3590
3594
3567
3681
3646
3597
3548
3685
3674
3628
3849
3723
3698
3734
3692
3643
3717
3629
3831
3631
3747
3763
3581
3599
3788
3669
3733
3639
3793
3876
3809
3792
3705
3753
3856
3743
3860
3790
3781
3765
3849
3856
3684
3826
3735
3889
3946
3849
3961
3916
3795
3895
3888
3913
3839
3945
3881
4047
3857
3941
3912
3861
3828
3942
3912
3970
4055
3964
4078
4041
4016
3973
3930
4051
4043
3917
3908
3865
4031
4142
3885
4027
3966
3961
4103
4019
4111
4175
4046
3906
4139
4256
4157
4119
4203
4050
4144
4218
4047
4054
4003
4149
4137
4072
4186
4131
4274
4234
4105
4175
4211
4260
4294
4158
4244
4302
4326
4133
4346
4226
4178
4158
4220
4289
4285
4402
4444
4210
4340
4319
4302
4373
4340
4257
4317
4410
4187
4225
4361
4520
4400
4337
4412
4331
4356
4444
4344
4431
4543
4458
4527
4537
4620
4395
4614
4493
4652
4586
4611
4578
4442
4539
4616
4561
4686
4511
4669
4538
4612
4632
4693
4799
4528
4683
4557
4710
4715
4741
4643
4632
4380
4689
4633
4593
4582
4584
4714
4787
4766
4766
4754
4689
4781
4724
4679
4811
4802
4700
4829
4936
4862
4750
4821
4755
4811
4887
4856
4850
4757
4996
5125
4877
4858
4923
4957
5080
4916
4894
4921
5091
5059
4893
4911
5218
5079
5018
4947
4998
4984
5160
5212
5179
5101
5327
5167
5188
5235
5148
5114
5201
5215
5178
5124
5150
5338
5230
5224
5179
5158
5214
5297
5318
5244
5240
5414
5503
5506
5241
5359
5364
5405
5307
5533
5504
5456
5592
5499
5319
5499
5433
5580
5414
5392
5419
5626
5425
5656
5590
5611
5606
5534
5597
5629
5663
5632
5413
5628
5632
5508
5798
5688
5840
5818
5878
5756
5591
5822
5582
5774
5767
5738
5829
5756
5937
5777
5704
5855
5590
5822
5816
5973
5910
5805
6091
5775
5988
6002
5948
5941
6008
6069
6120
6018
6068
6330
6055
5968
6120
5978
6093
6173
6171
6210
6188
6093
6297
6338
6327
6340
6365
6274
6435
6189
6460
6311
6334
6538
6444
6333
6427
6544
6438
6400
6744
6446
6442
6451
6529
6552
6662
6618
6419
6441
6584
6315
6450
6325
6439
6404
6342
6478
6573
6624
6476
6663
6761
6748
6720
6809
6868
6777
7003
6822
6798
6808
6796
6773
6781
6919
6567
6412
6476
6177
6151
5971
5816
5929
5679
5951
5968
6198
6302
6572
6919
6912
7277
7142
7177
7403
7538
7269
7387
7564
7405
7448
7449
7502
7441
7448
7558
7555
7492
7472
7636
7342
7621
7513
7575
7692
7567
7549
7552
7473
7497
7505
7550
7851
7756
7752
7844
7692
7568
7805
8098
7983
7944
7883
7902
7897
7847
7888
7845
7977
8092
7982
8072
8041
7863
8100
8178
8252
8073
7926
8417
8154
8163
8259
8237
8262
8162
8216
8303
8364
8431
8212
8374
8416
8477
8480
8595
8461
8437
8610
8408
8416
8329
8538
8643
8475
8762
8617
8722
8772
8536
8672
8715
8740
8715
8752
8788
9089
8903
8766
9112
8988
8935
8873
8991
9131
9032
9148
9259
9383
9324
9332
9266
9058
9339
9464
9259
9498
9517
9450
9408
9425
9577
9289
9707
9782
9543
9718
9868
9782
10043
9636
9753
9881
9908
9731
9750
9925
10053
9938
9933
10012
9906
9803
9640
9636
9497
9493
9524
9593
9597
9704
9784
10000
10159
10426
10368
10274
10468
10406
10315
10487
10408
10497
10646
10677
10646
10665
10490
10727
10919
10756
10681
10866
10914
10892
10851
10719
10858
10854
10944
11046
10998
10869
11048
11377
10951
10998
11105
11231
11288
11355
11449
11202
11307
11535
11108
11374
11268
11436
11521
11478
11745
11386
11942
11648
11958
11654
11686
12093
11808
11852
11949
11776
11820
12132
11886
12178
12170
12329
12208
12457
12495
12457
12288
12306
12258
12355
12344
12408
12706
12548
12515
12467
12721
12529
12480
12657
12760
12933
12715
12956
12710
12841
12857
12958
13196
13003
13250
13021
13279
13106
13268
13239
13450
13336
13332
13508
13465
13506
13741
13429
13597
13716
13524
13633
13915
13876
13689
13971
13754
13932
14052
13870
13990
14108
14183
14173
14214
14456
14380
14317
14228
14358
14368
14601
14595
14557
14805
14614
14798
14703
14878
14764
14756
14734
14564
15214
15101
15149
15268
15120
15051
15238
15087
15275
15547
15365
15186
15412
15531
15394
15554
15588
15703
15645
15552
15473
15674
15734
15773
15877
15777
15872
15978
15999
16104
15821
16005
15941
16027
16255
16180
16329
16583
16374
16427
16408
16737
16384
16742
16591
16932
16796
16813
16518
16684
16737
16825
16710
16811
16516
16856
16800
17083
17514
17392
17255
17546
17496
17466
17862
17641
17490
17799
17770
17679
17920
17755
17653
18015
17932
18170
18028
18070
18454
18295
18341
18298
18433
18504
18653
18502
18597
18437
18785
18640
18589
18567
19202
18929
18957
19098
19083
19056
19114
19181
19104
19285
19311
19416
19608
19555
19536
19508
19713
20003
19549
19572
19792
20038
19968
20154
19984
20280
20170
20458
20214
20471
20481
20294
20202
20548
20708
20454
20645
20721
20715
21028
20857
21231
21012
21156
21125
21056
21149
21606
21396
21412
21507
21390
21420
21773
21487
21809
21899
21932
21704
21762
21924
21891
22387
21944
22160
22537
22360
22502
22190
22539
22268
22400
22420
22720
23020
23086
22673
22822
23028
23085
23300
23346
23156
23070
23204
23284
23522
23444
23285
23338
23588
23422
23572
23645
24096
23830
24232
23863
24096
24088
23855
24211
24485
24276
24555
24584
24757
24465
24860
24768
24877
24814
24892
25042
24841
24621
24930
25380
25593
25578
25734
25514
25806
25581
25333
25677
25866
25822
25833
25794
25930
25948
26258
26552
26516
26844
26383
26400
26432
26954
26794
26757
26811
27138
27338
27430
27264
27284
27157
27406
27485
27620
27659
27787
27869
28085
27994
27702
28177
27920
28189
28232
28738
28754
28680
28490
28548
28948
28748
28506
28280
28292
27975
28406
28302
27978
28216
28612
28541
29162
29630
29382
29869
29838
30402
29748
30504
30498
30379
30161
30522
30645
30745
30608
30610
30655
30762
31048
30628
30996
30800
31273
30903
31188
31571
31386
31386
31568
31710
31725
31800
32162
31851
32027
32142
32310
32096
32260
32434
32456
32797
32820
32520
32650
32792
33172
33076
32762
33243
33104
33433
33413
33223
33716
33333
33829
34310
34353
34063
34413
34049
34056
34578
34346
34600
34678
34400
34836
35302
35046
35236
35421
35258
35617
35614
35567
35560
35520
35440
35725
36123
36197
35888
36185
36185
35910
36732
36155
36571
37124
36299
36693
36842
37016
36968
37556
37301
37068
37269
37672
37402
37992
37932
37990
38222
38213
37990
38121
38427
38570
38964
38476
38436
38666
38552
38592
39262
39040
39227
39413
39094
40109
39620
39878
39509
39718
39535
40292
40106
40137
39654
40390
40811
40202
40582
40586
40638
40829
41261
41051
40678
41515
41146
41175
41396
41462
41970
42093
41834
42105
43053
42010
42292
42423
42486
42619
42459
42975
42637
43202
43245
43470
43474
43404
43748
43404
43552
44045
43608
43652
44026
43908
44288
44216
44610
44695
44659
44648
45146
44758
44983
44680
44780
45321
44939
45295
45642
45393
45501
45652
45720
46020
45989
45704
46090
46228
46080
46122
46681
46393
46368
46500
46818
47053
46764
47313
47128
47211
47690
47556
47304
47449
48074
47788
47572
47790
48301
48310
47786
48172
47973
48154
47658
47716
47736
48246
48395
49340
48797
48904
49280
49464
49209
49266
49431
49408
49608
49580
49968
50108
49878
49940
50121
50297
50376
49934
49942
50441
50754
50551
50626
50575
50971
51424
51177
50746
51008
51068
51141
51714
51501
51240
52132
51401
52150
51828
51896
51812
52380
52214
52600
52505
52352
52868
52260
52719
52829
52684
52907
53245
53129
53248
52736
53654
53302
53293
54028
53690
53118
53625
53712
53119
53634
53965
53851
53526
53668
52832
53612
53785
53575
53204
54084
54188
54437
54122
54440
54116
54230
54156
54330
54936
54858
55654
55286
55403
55213
55822
55596
55464
54874
54222
53848
53899
54075
53664
53848
54312
54774
54184
54989
55434
55576
55305
55937
54964
54937
55826
55650
56157
56363
56330
56618
57032
56474
56664
56584
56669
56578
57112
57045
56868
57148
57236
57181
57097
57037
56960
57334
56932
56836
57129
56556
56940
57162
56907
57408
57640
57424
57656
57796
57034
57271
57336
57540
57332
57772
57538
57828
57757
57311
57706
58040
57833
58319
57877
57786
57600
58187
58234
57515
56724
56925
56311
56724
56723
56878
56962
57310
57721
58538
57791
57988
58104
58154
57674
57652
57622
57364
57259
57624
57160
57668
57746
57880
57892
58104
57576
57902
57510
57796
57796
57770
57476
57239
57472
57665
57636
57664
57531
57293
57611
57327
57499
57023
57949
57449
57522
57342
57039
56908
57048
57482
57242
57540
57508
56757
57689
57460
57079
57096
57681
57263
57320
56600
57247
57128
56976
56724
56582
56557
57082
56682
56338
56872
56525
56890
56315
56367
56891
56514
56369
56730
56664
56576
56109
56660
56120
55885
55596
56310
56412
55741
55936
56137
55914
55880
55961
55768
55498
55262
55246
55354
55885
54805
55449
55274
55653
55593
55436
55178
55060
54643
54728
54790
54740
54856
54714
54731
55004
54237
54090
53752
53336
52877
52291
50874
49730
49459
49288
49700
50312
50781
50484
50994
51756
51112
51157
50950
50998
51082
50837
50440
50614
50177
50580
50044
50162
49788
50086
49834
49851
50106
49728
49803
49389
49160
49236
48868
49038
48456
48976
48520
48578
48257
48474
48472
48304
47608
48086
48416
48441
48154
48358
48192
48708
48852
49488
49556
48936
49597
49578
49344
49477
49707
49372
48955
49408
49280
49152
49179
48901
48902
48623
48248
48605
48292
47983
47877
47850
47005
47005
46100
46581
46301
45977
46272
46244
46873
46496
46557
46629
46298
46007
45977
45891
45764
46132
46592
45874
45829
45930
45873
45568
45348
45450
45274
44816
44676
44748
44385
44294
44880
44318
44200
43568
43533
43478
43460
43691
43229
43200
43177
43509
43214
42759
42381
43165
42240
42004
42534
42242
42254
42113
41879
41308
40760
41078
41142
40620
40533
40907
40303
40383
40228
40334
40075
40192
39990
40196
39563
39624
39812
39258
39332
39257
38984
38799
38964
39124
38734
38380
37952
38388
37588
37828
37482
37259
37530
37467
38052
37589
37183
37468
37418
37445
36904
36896
36532
36629
36836
36640
36037
36096
36055
35130
35328
35150
35499
35109
34816
35238
35224
35255
34648
34404
33997
34213
33464
33284
33507
33611
34121
34082
33948
33531
33572
33762
33179
33145
33052
33110
33066
32877
33130
32879
33193
32763
32788
32678
32212
32394
32136
31789
31850
31545
31537
31332
30965
30511
30312
29769
29373
29655
29793
29941
29882
30150
30224
30191
30315
30092
30027
30069
29561
29952
29627
29445
29220
29364
29606
29343
28874
28722
28832
28582
28758
28701
28838
28901
28629
28197
28273
28244
27756
27877
27338
27654
27490
27008
27277
27032
27138
27220
26852
26856
26767
26923
26920
26741
26522
26503
26428
26105
26538
25838
25608
25433
24900
24597
24368
24212
24182
24540
24919
24874
25069
24834
24794
24656
24541
24366
24496
24388
24366
24694
24133
24274
24128
24102
23611
23693
23705
23688
23914
23576
23586
23668
23240
23300
22868
22840
22722
22495
22714
22546
22372
22242
22463
22180
22121
22356
22424
22288
22020
22022
21650
21726
21810
21554
21258
21479
21437
21196
21546
21283
20853
20983
21222
20866
20948
20623
20401
20578
20570
20392
20345
20252
20324
19986
20312
20427
19830
19806
19889
20043
19827
20032
19884
19945
19611
19728
19502
19268
19295
19330
19188
19124
18890
19260
18808
19096
19029
18731
18565
18884
18524
18799
18597
18472
18338
18464
18222
18235
17949
18124
18064
17933
17926
17741
18098
17623
17452
17540
17402
17320
17536
17582
17396
17361
17305
16914
16746
17194
16811
16972
16521
16800
16771
16794
16490
16169
16220
16244
16601
16499
16676
16336
16308
16497
16180
16404
16022
16327
15936
16300
16221
16008
15901
15776
15811
15970
15707
15636
15586
15553
15608
15277
15492
15332
15216
15533
15378
15108
15002
14993
15078
15076
15069
14838
14959
15028
15091
14796
15067
14888
14830
14877
14633
14833
14617
14723
14595
14580
14483
14616
14507
14541
14602
14145
14392
14182
14180
14251
14092
13874
13962
13961
13677
13902
13773
13942
13798
13640
13746
13777
13677
13748
13544
13612
13492
13534
13579
13466
13576
13737
13314
13405
13495
13420
13388
13480
13246
13214
13177
12891
13144
13115
12820
12961
13036
12916
12969
13111
12859
12870
12903
12981
13000
12928
12950
12830
12580
12486
12775
12473
12808
12519
12548
12764
12632
12617
12391
12323
12225
12265
12404
12265
12500
12410
12067
12266
12190
12135
12039
12275
12077
11957
12006
11982
12029
12134
12068
11711
12015
11882
11880
11750
11978
11809
11769
11810
11658
11810
11609
11697
11689
11434
11466
11545
11676
11428
11300
11424
11308
11441
11427
11336
11412
11352
11412
11341
11267
10993
11330
11037
11012
11198
11171
11093
11148
11112
11035
11117
10952
10838
11016
11004
10840
11021
10786
10816
10965
10982
10911
10857
10940
10772
10586
10708
10695
10620
10456
10762
10702
10427
10587
10598
10280
10309
10362
10401
10434
10290
10538
10191
10211
10423
10279
10130
10125
10368
10341
10101
10289
10162
10042
9956
10124
9977
9968
9952
10060
9943
9795
10066
9931
10164
10116
9804
9875
9880
9879
9689
9652
9761
9821
9700
9626
9670
9460
9432
9481
9482
9580
9465
9366
9560
9560
9501
9477
9417
9416
9368
9469
9294
9394
9526
9397
9417
9422
9321
9032
9222
9197
9060
9055
9121
9166
9242
9177
9133
9085
8907
9045
8946
8981
9050
8856
8960
9107
8795
8579
8832
8775
8549
8651
8671
8580
8458
8631
8605
8622
8623
8648
8576
8415
8639
8500
8294
8344
8223
8355
8333
8192
8236
8155
8275
8186
8256
8256
8201
8105
8170
8111
8140
8064
8146
8033
8093
8036
8044
8066
8154
8053
7963
7818
7813
7939
7918
7839
7830
7928
8025
7889
7854
7826
7841
7760
7652
7642
7786
7596
7647
7479
7546
7611
7545
7488
7502
7287
7516
7434
7323
7412
7371
7406
7394
7069
7116
7042
7315
7412
7247
7205
7247
7085
7111
7176
7000
7151
6964
6824
6948
7044
6911
6844
6811
6895
6812
6766
6749
6766
6605
6810
6840
6716
6604
6672
6665
6737
6565
6572
6571
6528
6635
6684
6569
6600
6507
6383
6205
6415
6381
6400
6415
6421
6397
6202
6327
6286
6259
6173
6192
6148
6189
6177
6232
6078
6056
5914
5997
5890
5859
5925
5943
5784
5781
5916
5997
5736
5798
5787
5932
5779
5776
5793
5664
5615
5760
5718
5639
5554
5637
5669
5540
5657
5572
5594
5611
5455
5538
5514
5464
5511
5449
5339
5443
5389
5294
5327
5298
5252
5266
5314
5245
5177
5012
5065
5028
5031
5060
4882
5056
5138
5015
4924
4949
5037
5054
5002
5014
5034
4937
4846
4738
4954
4733
4852
4585
4711
4669
4662
4748
4621
4621
4567
4630
4558
4520
4539
4509
4454
4422
4385
4493
4366
4515
4645
4339
4338
4214
4355
4224
4261
4556
4452
4258
4265
4283
4321
4421
4251
4334
4271
4181
4112
4094
4259
4138
3955
4046
4135
4013
3976
3930
4027
4031
4101
3990
4092
3938
3953
4018
4080
3850
3794
3729
3743
3585
3724
3665
3613
3619
3766
3687
3724
3756
3690
3644
3799
3503
3659
3690
3682
3657
3627
3468
3555
3653
3571
3439
3557
3624
3607
3573
3615
3451
3494
3337
3252
3294
3334
3286
3335
3344
3277
3423
3411
3312
3386
3374
3364
3349
3275
3306
3261
3167
3195
3198
3225
3192
3350
3114
3096
3173
3301
3172
3178
3105
3237
3044
3086
3077
3081
3003
3023
3076
3059
2917
2976
2980
3043
3140
2966
2848
2937
3023
3153
2955
2927
3033
2966
2902
2841
2857
2880
2804
2890
2801
2813
2915
2930
2801
2874
2821
2795
2744
2809
2865
2874
2819
2619
2770
2601
2795
2888
2668
2783
2805
2680
2758
2767
2755
2814
2775
2734
2654
2726
2680
2782
2718
2665
2554
2656
2698
2700
2689
2531
2614
2730
2684
2617
2685
2676
2627
2716
2596
2598
2513
2580
2506
2715
2474
2487
2618
2557
2647
2694
2645
2495
2508
2615
2526
2547
2468
2537
2513
2413
2502
2562
2441
2479
2333
2484
2530
2372
2550
2548
2517
2440
2526
2694
2548
2492
2479
2501
2524
2588
2626
2537
2534
2488
2499
2492
2536
2406
2431
2434
2468
2419
2498
2425
2540
2404
2579
2551
2382
2477
2396
2407
2400
2379
2311
2378
2484
2341
2552
2447
2470
2622
2451
2477
2482
2430
2550
2483
2574
2499
2397
2492
2426
2303
2309
2494
2330
2449
2470
2405
2543
2413
2407
2458
2532
2413
2425
2450
2403
2489
2402
2492
2442
2374
2375
2275
2375
2416
2474
2497
2343
2338
2350
2440
2366
2388
2354
2405
2395
2487
2294
2369
2282
2298
2369
2331
2344
2365
2432
2304
2386
2468
2463
2312
2230
2479
2426
2354
2342
2409
2393
2368
2356
2310
2389
2390
2331
2224
2325
2348
2243
2264
2316
2275
2303
2342
2320
2380
2341
2383
2389
2245
2346
2281
2427
2265
2371
2217
2388
2461
2315
2448
2334
2326
2356
2222
2261
2467
2318
2313
2234
2291
2288
2190
2239
2339
2328
2332
2276
2355
2311
2284
2310
2303
2248
2293
2278
2337
2247
2292
2310
2238
2343
2206
2341
2336
2353
2338
2418
2333
2316
2275
2319
2349
2399
2328
2239
2302
2379
2297
2234
2298
2467
2268
2443
2377
2348
2328
2282
2309
2322
2250
2285
2355
2178
2270
2338
2203
2267
2223
2299
2336
2282
2258
2206
2323
2328
2252
2262
2292
2234
2419
2325
2162
2185
2245
2285
2261
2248
2235
2194
2339
2139
2224
2313
2229
2219
2340
2271
2232
2303
2276
2267
2314
2227
2204
2271
2276
2219
2294
2177
2314
2270
2278
2376
2331
2217
2328
2259
2301
2149
2289
2169
2313
2182
2278
2207
2266
2216
2230
2226
2361
2176
2364
2202
2253
2266
2228
2219
2148
2297
2299
2261
2258
2199
2223
2248
2281
2335
2260
2231
2265
2300
2143
2282
2281
2192
2310
2197
2215
2207
2271
2254
2271
2272
2196
2279
