2124
2262
2188
2276
2231
2239
2257
2166
2377
2170
2121
2166
2133
2247
2150
2218
2288
2105
2207
2241
2162
2096
2097
2172
2222
2173
2138
2233
2188
2209
2201
2062
2129
2226
2039
2231
2102
2313
2277
2236
2105
2031
2180
2209
2197
2176
2237
2183
2217
2182
2263
2279
2156
2154
2103
2217
2160
2126
2244
2206
2260
2351
2240
2169
2126
2143
2059
2126
2282
2278
2181
2089
2153
2181
2156
2257
2226
2250
2221
2123
2229
2176
2177
2178
2224
2214
2203
2254
2351
2216
2192
2264
2249
2326
2120
2256
2167
2170
2251
2284
2240
2148
2248
2099
2168
2250
2217
2264
2203
2098
2269
2262
2274
2264
2301
2186
2213
2361
2318
2329
2240
2256
2205
2336
2309
2228
2432
2285
2233
2242
2284
2171
2340
2338
2258
2153
2288
2297
2158
2228
2271
2299
2329
2190
2271
2241
2279
2234
2264
2345
2230
2353
2345
2164
2304
2212
2304
2285
2315
2251
2296
2210
2292
2230
2240
2389
2287
2343
2353
2293
2328
2372
2388
2267
2341
2130
2318
2351
2399
2299
2368
2317
2251
2291
2381
2386
2360
2500
2430
2341
2384
2337
2352
2360
2343
2349
2298
2333
2276
2261
2280
2232
2295
2291
2270
2241
2407
2313
2479
2374
2404
2348
2451
2329
2358
2327
2413
2322
2334
2343
2325
2309
2385
2315
2438
2379
2402
2337
2304
2572
2329
2286
2456
2318
2354
2446
2326
2354
2440
2325
2375
2390
2395
2413
2478
2451
2394
2470
2346
2483
2238
2421
2406
2513
2376
2490
2486
2334
2399
2426
2344
2416
2553
2530
2369
2487
2515
2383
2522
2489
2444
2466
2472
2445
2362
2405
2466
2406
2408
2503
2468
2392
2469
2378
2418
2332
2491
2507
2453
2446
2276
2417
2373
2428
2458
2454
2399
2423
2531
2500
2514
2661
2391
2488
2440
2495
2460
2507
2418
2505
2541
2542
2482
2474
2528
2551
2523
2650
2485
2513
2560
2429
2595
2571
2490
2485
2592
2526
2450
2516
2533
2553
2456
2494
2434
2543
2508
2584
2495
2586
2642
2625
2580
2587
2613
2505
2493
2639
2538
2529
2527
2507
2540
2430
2491
2556
2412
2645
2450
2621
2567
2562
2537
2551
2684
2522
2696
2532
2568
2575
2479
2490
2637
2598
2588
2437
2541
2496
2596
2575
2570
2600
2717
2611
2572
2677
2544
2543
2702
2597
2640
2552
2651
2629
2678
2572
2616
2612
2748
2606
2665
2646
2679
2656
2584
2543
2581
2722
2650
2632
2683
2588
2608
2707
2703
2707
2732
2817
2726
2778
2788
2688
2696
2685
2834
2617
2662
2569
2651
2562
2684
2828
2627
2708
2743
2747
2750
2727
2763
2773
2756
2679
2673
2690
2731
2574
2608
2818
2798
2722
2719
2820
2795
2803
2811
2928
2757
2757
2775
2756
2792
2813
2767
2708
2817
2821
2695
2764
2661
2857
2769
2810
2714
2778
2831
2790
2866
2744
2926
2727
2865
2875
2805
2912
2860
2826
2837
2718
2875
2815
2788
2945
2858
2932
2921
2760
2933
2907
2948
2750
2867
2910
2849
2853
2873
2867
2943
2796
2900
2954
2867
2894
2982
2861
2905
2836
2875
2844
2835
2872
2879
2889
2821
2821
2789
2893
2990
2909
3016
2916
2974
2931
2970
2992
2871
2938
2872
2975
2955
3166
3122
3028
3020
2947
2948
3142
3102
2916
3004
3003
3015
3042
2957
3015
3123
3061
3082
2989
3017
3084
3040
3150
3092
2975
3015
3026
3020
3028
3148
3047
3167
2945
3093
3163
3016
3169
3076
2930
3170
3106
3061
3037
3142
3136
2954
3141
3156
3181
3033
3058
3173
3081
3067
3093
3099
3056
3118
3114
3032
3141
3071
3101
3194
3161
3200
3304
3224
3193
3151
3195
3145
3209
3277
3273
3249
3376
3195
3389
3313
3338
3168
3253
3333
3226
3215
3241
3213
3204
3256
3288
3244
3206
3224
3192
3280
3148
3325
3231
3264
3258
3288
3194
3291
3284
3385
3305
3389
3353
3402
3292
3438
3364
3316
3306
3329
3294
3268
3343
3402
3500
3416
3253
3406
3426
3402
3366
3418
3464
3320
3452
3422
3521
3423
3449
3449
3459
3415
3345
3399
3631
3380
3511
3361
3418
3551
3358
3517
3465
3433
3682
3608
3520
3511
3564
3650
3522
3504
3500
3563
3570
3574
3669
3642
3518
3553
3526
3525
3584
3557
3634
3640
3624
3633
3673
3662
3507
3670
3720
3785
3758
3601
3636
3780
3701
3685
3665
3754
3573
3786
3689
3789
3711
3904
3702
3646
3800
3733
3809
3700
3733
3676
3722
3698
3839
3854
3709
3658
3692
3850
3957
3726
3738
3861
3830
3863
3787
3929
3787
3746
3834
3918
3916
3869
3831
3959
3796
3919
3990
3830
3933
3859
3878
3873
4062
3936
3868
4016
4027
3889
4006
4016
4084
3983
3999
4043
4097
3969
4144
3909
3974
4079
4074
3910
4096
3999
3931
4037
3985
4122
3971
4109
4060
4010
4104
4037
4112
4203
4127
4087
4392
4130
4141
4226
4139
4230
4171
3994
4133
4297
4133
4213
4349
4223
4227
4230
4091
4321
4153
4429
4305
4228
4224
4301
4380
4294
4194
4233
4162
4396
4301
4242
4347
4413
4324
4248
4373
4454
4255
4414
4278
4410
4368
4381
4488
4309
4492
4384
4410
4433
4468
4440
4568
4536
4364
4474
4583
4626
4658
4610
4448
4493
4434
4591
4540
4524
4651
4579
4567
4604
4577
4549
4722
4481
4754
4539
4700
4754
4457
4806
4642
4638
4785
4717
4643
4509
4506
4678
4774
4678
4662
4729
4836
4749
4747
4793
4951
4838
4815
4883
4801
5041
4884
5005
4881
4793
4893
4959
5012
4868
4781
4923
4844
4954
5041
4989
5120
5114
4990
4859
5073
4849
4909
5124
5090
4898
5065
5006
5018
5178
4979
5057
5260
5259
5173
5296
5050
5286
5282
5049
5164
5146
5159
5167
5193
5074
5349
5326
5132
5235
5303
5150
5306
5400
5320
5406
5389
5249
5312
5333
5220
5396
5324
5258
5562
5584
5504
5512
5312
5568
5413
5430
5501
5461
5336
5488
5499
5446
5499
5376
5610
5598
5367
5473
5568
5587
5598
5700
5546
5665
5698
5665
5849
5697
5792
5796
5689
5731
5691
5689
5847
5729
5952
5717
5617
5786
5833
5967
5739
5874
6015
5953
5997
6034
6013
5955
6082
5974
5860
5801
5941
6139
6233
6233
6110
6036
6161
6159
6098
6039
6114
5976
5948
6100
5925
6039
6228
6231
6096
6300
6241
6281
6430
6474
6453
6229
6310
6373
6334
6370
6466
6440
6659
6314
6374
6535
6495
6290
6424
6419
6425
6438
6506
6400
6414
6564
6216
6484
6288
6320
6480
6648
6464
6664
6710
6935
6778
6790
6845
6990
6735
6996
6891
7030
7022
6821
6937
6660
6959
6760
6541
6617
6292
6130
6081
6104
5838
5595
5697
5861
5819
5956
6293
6543
6665
7046
7178
7187
7298
7325
7344
7443
7344
7230
7360
7539
7542
7493
7622
7572
7365
7538
7435
7568
7588
7566
7803
7785
7555
7613
7567
7685
7609
7532
7544
7678
7680
7644
7611
7685
7802
7990
8019
8106
7871
7848
8029
7863
8020
7789
8041
8072
8080
7970
8157
8178
7928
8029
7814
8226
8035
7982
8300
8122
8326
8131
8282
8296
8429
8274
8252
8119
8319
8487
8205
8537
8245
8440
8348
8442
8689
8578
8455
8672
8780
8674
8624
8422
8515
8547
8533
8451
8702
8672
8605
8609
8587
8513
8719
8833
8876
8941
8918
8891
8937
8850
8988
8869
9128
9183
9045
9105
9176
9143
9227
8974
9348
9233
9432
9251
9354
9531
9081
9668
9554
9336
9548
9686
9632
9587
9649
9684
9602
9946
9571
9709
9472
9783
9917
9909
9806
9880
10077
9889
9883
10184
9661
9862
9781
9733
9488
9555
9521
9459
9567
9568
10082
10033
10184
10400
10328
10546
10571
10448
10354
10553
10539
10604
10788
10500
10442
10432
10659
10764
10584
10820
10688
11088
10854
10927
10827
10825
10894
10861
10878
10892
11059
11209
11226
11107
11330
11034
11275
11242
11221
11163
11374
11323
11367
11280
11641
11207
11328
11328
11450
11808
11654
11577
11714
11790
11957
12000
11878
11620
11742
11996
11898
12153
11780
12045
11959
11898
12010
12436
12245
12276
12270
12472
12130
12406
12297
12362
12419
12628
12594
12826
12597
12540
12497
12837
12408
12814
12821
12779
12583
12922
12834
12874
12875
12805
12906
12916
13214
13251
13389
13288
13339
13256
13268
13237
13619
13269
13589
13635
13428
13729
13446
13622
13701
13835
13726
13750
13572
13962
13801
13992
13815
14034
13989
14075
14406
14401
14323
14167
14592
14338
14368
14454
14418
14347
14332
14607
14683
14632
14822
14625
14843
14918
14829
15083
15017
14987
15067
15175
14934
15026
15424
14984
15389
15215
15291
15421
15362
15357
15344
15546
15495
15543
15716
15611
15855
15769
15557
15945
15930
15739
15691
15941
15760
15885
16025
15962
15898
16258
16150
16484
15995
16583
16587
16508
16504
16397
16565
16608
16610
16314
16554
16737
16493
16327
16933
16743
16669
16674
16564
17036
16973
17355
17450
17332
17602
17694
17370
17627
17162
17433
17403
17716
17751
17756
17618
17736
17840
17928
17979
18012
18151
18015
18374
18476
18537
18662
18276
18690
18482
18474
18639
18808
18833
18640
18514
18821
18908
18655
19098
19153
18895
19269
19009
19140
19175
19509
19252
19099
19477
19269
19371
19795
19540
19822
19842
19484
20047
19861
20176
19876
19904
20286
19871
20418
19726
20371
20530
20268
20522
20440
20441
20526
20665
20676
20867
20757
20996
20651
20797
21080
21275
21345
21188
21090
20982
21278
21424
21335
21384
21418
21632
21664
21931
21766
21897
22018
22116
21668
21883
22346
22103
22277
22132
22341
22460
22555
22568
22437
22676
22467
22801
22995
22933
23101
22970
23098
23142
23413
23121
23476
23187
23076
23220
23372
23310
23319
23516
23652
23533
23904
23849
23820
23644
24107
24214
24285
24256
24276
24186
24314
24244
24296
24571
24642
24815
24646
25002
25074
24808
24884
25266
24964
25293
25516
25432
25583
25525
25153
25948
25857
25539
25468
25894
26089
26063
26088
26092
26105
26038
26100
26285
26384
26618
26504
26320
26533
26700
26642
26972
26851
27095
26679
27194
27302
27533
27322
27524
27608
27707
27804
27294
27946
27664
28097
27626
27972
28556
28353
28500
28347
28472
28478
28776
28744
28954
28811
28726
28139
28347
28220
28203
28282
28127
28035
28269
28500
29081
29381
29431
30176
29862
30122
30383
30368
30706
30340
30523
30604
30759
30658
30650
30740
31067
30630
30912
30902
30825
30510
31607
31238
31496
31656
31217
31588
31786
31341
31832
31914
31982
31978
31846
32162
32261
32152
32318
32338
32585
32570
32586
32788
32789
32897
32964
33189
33248
32916
33470
33542
33402
33434
33266
33758
33927
33920
33874
34170
34392
34317
34135
34502
34522
34606
34955
34855
34731
34864
34700
35021
35102
35339
35297
35373
35919
35450
35700
35804
35509
35736
35784
36218
36362
36352
36854
36950
36347
36732
36700
36662
36786
36542
37059
37165
37270
37785
37508
37468
37782
37369
37892
37657
37765
37789
38109
38144
38324
38162
38401
38710
38650
38783
38501
38537
38898
38783
38953
39019
39154
39074
39365
39680
39595
39654
39922
40091
39790
39787
40280
40506
40722
40585
40485
40845
40586
40984
41092
41108
41177
41045
41336
41222
40880
41200
41419
41908
41848
42004
42442
42240
42520
42468
42437
42573
42705
42612
42737
43109
43144
43121
43340
43352
43275
43445
43751
43720
43942
43927
43578
43935
44276
44811
44362
44117
44172
44466
44233
44516
44884
44772
45115
44645
45355
44881
45353
45099
45363
45622
45584
46056
45865
46230
45994
46014
46282
46656
46216
46490
46539
46592
46606
46994
47008
46852
46957
47508
47581
47517
47524
47444
47644
47509
48192
47764
47989
48333
48304
47974
47765
48022
48461
47796
48313
48300
48491
49133
49062
49240
48869
48700
49028
49373
49412
49424
49928
49704
49592
49636
50009
49822
50073
50136
50696
50296
50340
50354
50584
50786
50332
50868
50733
50907
50571
50794
51021
51034
51310
51432
51338
52159
51840
51691
52080
51816
52262
52164
52372
52165
52356
52452
52612
52793
52174
52582
52404
52650
52932
52698
52932
53425
53549
53268
53020
53936
53578
53589
53862
53142
53554
53119
53431
53452
53669
53544
53931
53654
53639
53376
53637
53405
53844
54265
54185
54143
54368
54500
54836
54644
54400
54984
55129
55044
55316
55144
54877
55211
55508
55000
54688
54984
54601
53640
54150
53926
53834
54045
54265
54608
54560
54888
55577
55720
55476
55410
55044
55293
55556
56185
55674
56482
56219
56692
56776
57116
57186
57290
57004
56914
57158
56922
56842
57104
56950
57044
56665
56795
57450
56901
57077
56942
56904
57610
57020
56910
57294
57349
57307
57236
57622
57240
57819
57572
57668
57992
57605
57930
57911
57600
58208
57652
58095
57785
58068
57915
57956
58124
58095
57737
57961
57354
57657
57322
57005
56653
56820
56628
56645
57164
57474
57716
58186
58036
57834
58300
57684
57994
57817
57920
57513
57408
57600
57352
57824
57884
57868
57944
57760
58167
57757
58624
57976
57422
57604
57668
57472
57732
57564
57677
57496
56899
57680
57208
57092
57287
57528
57323
57600
57396
57076
56925
57494
57746
57364
57311
57334
57493
57708
57386
57529
57035
57717
57480
57608
57016
57037
56960
57536
56484
56576
56818
56834
56746
56276
57108
56228
56605
56694
56394
56822
57152
56074
56244
56488
56144
55938
56210
56308
56457
56188
56100
56244
56301
55837
56068
55652
55668
55874
56009
55753
55674
55654
55316
55146
55413
55352
55700
54891
55339
55002
55092
55396
54970
55192
54682
54666
54740
54923
54621
54762
54336
53890
54202
53141
52738
52212
50756
49856
49944
49496
49796
50372
51033
50543
51531
50865
51328
51132
50781
50980
50692
50804
50111
50564
50308
50392
50106
50468
50277
49764
49887
49772
49915
49717
49604
49532
49368
48960
49280
48604
48805
48952
48411
48916
48436
48256
48152
48348
47970
48400
48546
48409
47766
48410
48312
48736
49041
48941
48932
49408
49421
49380
49536
49893
50121
49586
49676
49495
48904
48796
48756
49160
49004
48973
48329
48474
48475
48168
47899
48129
47020
46747
46352
46379
46208
46090
46061
46532
46489
46804
46888
46343
46260
46548
45689
45892
46280
46336
46138
46172
45610
45718
45130
45738
45380
45188
44952
45288
44569
44544
45194
44764
44416
43754
43850
43959
43978
44039
44050
43437
43324
43664
43392
42852
42948
42564
43387
42890
42522
42292
42712
42370
42220
41876
41316
41632
41099
41012
40604
40868
40581
40744
40482
40394
40305
40419
40172
40422
39884
39853
39988
39880
39739
39818
39653
39287
38950
39234
39002
39003
38454
38619
38408
38352
38041
37709
37892
37238
37476
37898
37748
37736
37248
37256
37302
36823
37192
37168
36756
36722
36575
36340
36132
36074
35748
35366
35210
35224
35206
35160
35476
35162
35162
35130
34637
34563
34030
34105
33578
33866
33547
33736
33751
33828
34125
33572
33576
33173
33144
33261
33168
33455
33212
32792
32820
32826
33288
32954
32661
32612
32374
32053
32377
32299
31582
31857
31963
31286
31238
30882
30458
29786
29284
29580
29915
29750
30423
29994
30422
30349
30072
30359
29788
29870
29930
29929
29672
29492
29402
29506
29458
29451
29146
29053
29096
28916
28800
28138
28346
28407
28026
28449
28058
27932
28100
27863
27429
27951
27580
27385
27228
27524
27252
27316
27227
26788
26776
26869
26487
26551
26563
26185
26361
26459
26212
26095
25914
25262
25136
24367
24356
23967
24276
24590
24480
24901
25120
24680
24661
24783
24641
24474
24450
24266
24536
24096
24380
24173
24449
24181
23817
23761
23680
23651
23976
23575
23304
23387
23387
23194
23342
22803
23140
22964
22593
22411
22237
21989
22282
21921
22169
22264
22182
21828
21793
21760
21766
21817
21608
21890
21816
21500
21025
21442
20977
21117
21092
21243
20718
20860
20700
20729
20843
20882
20447
20672
20505
20322
20725
20395
19977
20174
20062
20152
20085
20126
19847
19682
19715
19586
19520
19421
19209
19405
19459
19246
19242
19189
19009
19099
18899
18788
18782
18301
18651
18525
18358
18258
18424
18404
18330
18359
18086
18002
18429
18314
18321
18082
17765
17949
17628
17592
17994
18048
17630
17746
17861
17334
17461
17369
17483
17209
16722
16846
16828
16631
16649
16840
16500
16642
16492
16384
16389
16386
16591
16554
16503
16581
16456
16435
16147
15975
16397
16522
16132
16293
16062
15921
15806
15907
15902
15855
15734
15659
15848
15565
15466
15673
15284
15316
15289
15554
15500
15284
15275
14960
15087
15080
14993
14777
15234
15110
14858
14928
14690
14872
14764
14924
14943
14900
14649
14493
14932
14495
14542
14330
14583
14436
14550
14485
14231
14298
14346
14038
14434
14043
13925
14070
13903
13884
13913
14051
13738
13774
13905
13576
13793
13585
13699
13629
13654
13753
13546
13292
13156
13438
13478
13258
13484
13302
13259
13228
13491
13378
13186
13147
13332
13156
13143
13204
13226
13093
12851
13032
13067
12881
12720
12645
12886
12928
12837
12847
12825
12553
12578
12640
12431
12486
12662
12324
12395
12544
12521
12486
12468
12595
12552
12122
12402
12157
12222
12176
12389
12072
12352
12066
11974
11938
12214
12042
12007
11963
11930
11954
12024
11912
11866
11815
11835
11923
11658
11712
11995
11808
11748
11500
11716
11417
11499
11724
11453
11350
11658
11436
11514
11463
11572
11396
11220
11617
11371
11253
11210
11114
11258
11145
11094
11297
11366
11021
11085
10964
11218
11096
11011
10867
10961
10876
10814
10858
10956
10922
10891
10923
11029
10759
10931
10790
10584
10719
10677
10656
10522
10670
10506
10772
10685
10516
10468
10537
10640
10410
10564
10221
10464
10445
10237
10399
10074
10318
10161
10017
10336
10042
10149
10182
10031
10018
10189
9921
10008
10073
9990
10005
10042
9857
9915
9967
9859
9700
9756
10153
9981
9770
9883
9760
9897
9579
9726
9877
9570
9626
9695
9722
9497
9626
9497
9426
9560
9576
9420
9537
9495
9633
9400
9450
9239
9141
9332
8967
9408
9162
9176
9336
9110
9368
9002
9215
9137
9051
9137
9081
9280
9147
9032
8987
9070
8782
9066
8898
8992
9050
8665
8689
8740
8605
8561
8852
8485
8654
8526
8666
8558
8798
8557
8553
8462
8483
8302
8532
8594
8442
8617
8361
8189
8317
8207
8185
8090
8057
8166
8035
8200
8126
8170
8375
8256
8153
7988
8199
8003
8009
7997
8082
7812
8013
8018
8275
7905
7923
7858
8054
8002
7809
7951
7671
7664
7803
7734
7906
7709
7540
7545
7667
7550
7467
7530
7603
7506
7424
7482
7486
7464
7377
7413
7403
7565
7368
7307
7319
7302
7404
7394
7087
7264
7206
7197
7169
6980
7248
6935
7025
6889
6980
7124
6849
7103
6767
6697
6798
6939
6587
6800
6704
6788
6580
6708
6656
6625
6396
6564
6551
6538
6548
6542
6625
6450
6460
6633
6483
6417
6317
6337
6493
6227
6286
6455
6360
6111
6366
6329
6333
6338
6261
6128
6221
6165
6144
6074
6050
5995
5929
6028
5919
5892
6036
6077
6040
5947
5883
5822
5664
6001
5706
5880
5738
5428
5850
5701
5736
5762
5660
5645
5629
5572
5568
5583
5599
5423
5533
5411
5506
5565
5338
5393
5502
5407
5260
5364
5339
5334
5271
5196
5280
5150
5310
5312
5124
5013
5123
5128
5273
5145
5130
5084
5030
4980
4879
5093
4906
4955
5042
5112
5027
4926
4783
4955
4823
4877
4872
4646
4577
4666
4539
4637
4429
4454
4479
4529
4570
4629
4480
4549
4473
4422
4547
4329
4493
4474
4366
4388
4534
4425
4341
4397
4260
4372
4366
4191
4307
4256
4102
4267
4250
4216
4221
4164
3988
4084
4151
4047
3916
3925
4029
4014
4036
3934
4007
3993
3906
3902
3872
3909
4102
4067
3773
3737
3747
3809
3737
3630
3761
3588
3677
3664
3736
3655
3776
3724
3674
3541
3716
3647
3691
3703
3656
3686
3569
3564
3555
3505
3438
3455
3611
3499
3513
3486
3422
3638
3479
3399
3183
3384
3447
3360
3336
3347
3275
3419
3356
3272
3330
3325
3205
3219
3288
3261
3196
3197
3246
3132
3161
3177
3063
3154
3268
3258
3138
3236
3282
3080
3175
3066
3074
3221
3106
2919
3017
3054
2995
2980
3164
3092
3105
3114
2986
3070
3049
2856
3064
3023
2967
3069
2916
2841
2689
2835
2787
2713
2816
2823
2740
2780
2876
2951
2765
2832
2859
2906
2799
2783
2791
2726
2894
2820
2914
2847
2810
2775
2686
2656
2776
2740
2657
2760
2725
2634
2735
2658
2703
2650
2662
2773
2639
2686
2713
2722
2712
2687
2733
2673
2594
2603
2526
2607
2528
2644
2600
2616
2622
2657
2501
2695
2585
2550
2566
2714
2540
2668
2537
2597
2449
2505
2716
2575
2490
2621
2532
2547
2386
2573
2457
2439
2525
2515
2389
2400
2464
2467
2518
2514
2492
2614
2490
2678
2704
2476
2446
2567
2538
2480
2609
2577
2451
2473
2581
2671
2465
2641
2475
2448
2493
2523
2569
2435
2474
2459
2361
2433
2327
2409
2458
2426
2336
2390
2477
2388
2352
2503
2538
2358
2452
2500
2482
2436
2600
2440
2579
2451
2345
2367
2426
2334
2377
2375
2309
2451
2498
2355
2568
2438
2418
2415
2600
2381
2477
2521
2388
2454
2355
2480
2467
2461
2459
2368
2308
2482
2467
2503
2336
2415
2420
2390
2450
2492
2412
2497
2355
2477
2352
2359
2387
2374
2409
2413
2515
2329
2343
2365
2411
2323
2468
2314
2266
2508
2472
2450
2345
2459
2342
2277
2436
2449
2303
2513
2288
2384
2431
2379
2485
2335
2420
2424
2263
2327
2325
2303
2322
2370
2301
2419
2292
2337
2285
2286
2400
2288
2265
2379
2337
2393
2320
2408
2313
2277
2256
2388
2366
2314
2329
2278
2338
2278
2355
2307
2291
2382
2389
2351
2287
2348
2301
2426
2338
2268
2324
2328
2284
2354
2268
2304
2248
2444
2277
2319
2350
2205
2299
2244
2265
2377
2446
2293
2253
2265
2271
2290
2349
2264
2228
2317
2471
2233
2333
2279
2356
2193
2354
2293
2372
2391
2237
2328
2304
2305
2224
2309
2334
2334
2291
2357
2302
2350
2358
2414
2357
2313
2311
2232
2233
2399
2223
2297
2240
2294
2326
2231
2296
2361
2264
2184
2212
2310
2255
2303
2355
2320
2249
2201
2301
2255
2357
2218
2355
2307
2302
2218
2313
2254
2392
2301
2250
2361
2317
2251
2260
2432
2410
2326
2134
2346
2275
2276
2184
2220
2150
2292
2336
2278
2276
2263
2202
2163
2164
2225
2258
2312
2328
2193
2225
2249
2346
2211
2316
2187
2197
2232
2252
2140
2218
2300
2322
2165
2155
2271
2273
2083
2254
2290
2292
2202
2192
2293
2199
2211
2268
