1767
1717
1752
1775
1683
1800
1702
1883
1785
1767
1840
1671
1739
1691
1611
1717
1667
1602
1659
1840
1650
1701
1689
1630
1808
1664
1753
1670
1719
1698
1747
1716
1695
1646
1590
1688
1701
1763
1653
1815
1818
1714
1717
1783
1817
1633
1798
1637
1778
1724
1786
1883
1804
1725
1711
1649
1670
1689
1603
1800
1694
1785
1736
1766
1750
1723
1703
1662
1739
1721
1742
1711
1730
1699
1797
1721
1669
1732
1670
1753
1787
1691
1857
1826
1847
1713
1638
1722
1678
1794
1777
1707
1755
1723
1680
1719
1794
1789
1809
1787
1721
1816
1765
1740
1746
1685
1497
1700
1655
1666
1782
1714
1755
1697
1810
1627
1622
1785
1755
1866
1776
1697
1713
1773
1637
1752
1841
1761
1634
1653
1851
1707
1611
1706
1701
1739
1725
1834
1764
1721
1769
1714
1664
1726
1780
1634
1758
1738
1715
1763
1838
1688
1876
1786
1726
1663
1879
1728
1776
1674
1660
1607
1639
1581
1637
1701
1783
1755
1793
1607
1722
1729
1719
1663
1757
1614
1695
1692
1824
1682
1664
1722
1790
1748
1748
1711
1795
1783
1759
1691
1747
1733
1698
1744
1711
1793
1708
1720
1694
1757
1604
1756
1843
1737
1798
1789
1710
1795
1755
1773
1740
1755
1781
1755
1694
1640
1765
1723
1831
1664
1705
1750
1710
1720
1833
1667
1763
1737
1745
1795
1721
1716
1808
1721
1738
1807
1711
1692
1717
1632
1698
1735
1831
1650
1853
1768
1823
1764
1718
1893
1787
1730
1753
1877
1702
1758
1570
1669
1793
1646
1788
1762
1693
1836
1775
1765
1643
1738
1710
1835
1783
1798
1779
1767
1660
1826
1704
1555
1684
1775
1669
1652
1785
1740
1810
1767
1693
1758
1778
1717
1717
1712
1771
1785
1919
1736
1674
1682
1702
1680
1800
1794
1691
1767
1693
1727
1754
1729
1821
1817
1728
1812
1805
1743
1669
1831
1848
1749
1847
1635
1793
1660
1771
1759
1790
1742
1714
1694
1764
1777
1791
1780
1767
1782
1666
1694
1750
1707
1648
1734
1712
1702
1772
1619
1692
1683
1666
1735
1713
1848
1798
1790
1780
1748
1831
1763
1651
1803
1701
1830
1643
1693
1722
1717
1785
1732
1780
1835
1723
1674
1698
1596
1799
1628
1710
1776
1694
1745
1687
1753
1633
1846
1727
1713
1727
1787
1760
1782
1702
1732
1746
1726
1759
1794
1720
1685
1673
1658
1695
1845
1661
1730
1654
1937
1807
1721
1799
1867
1884
1773
1857
1878
1814
1790
1634
1806
1736
1788
1736
1903
1781
1738
1817
1803
1817
1769
1796
1586
1713
1800
1732
1765
1720
1694
1569
1724
1731
1780
1751
1747
1795
1805
1768
1750
1723
1826
1748
1823
1700
1796
1776
1729
1788
1755
1719
1826
1744
1782
1720
1754
1757
1796
1743
1695
1815
1820
1809
1770
1820
1762
1786
1771
1703
1734
1758
1763
1843
1689
1772
1803
1725
1770
1707
1731
1737
1637
1920
1715
1759
1817
1730
1777
1681
1675
1837
1754
1862
1740
1623
1765
1734
1780
1739
1687
1722
1733
1733
1710
1855
1797
1752
1859
1721
1808
1652
1775
1749
1790
1649
1660
1901
1783
1706
1751
1752
1948
1785
1810
1730
1784
1728
1796
1831
1718
1791
1743
1679
1786
1809
1853
1786
1760
1767
1690
1797
1706
1762
1707
1743
1740
1805
1720
1652
1808
1741
1762
1792
1748
1693
1838
1673
1749
1793
1680
1703
1759
1795
1679
1708
1729
1710
1780
1760
1685
1686
1775
1780
1848
1746
1762
1746
1802
1770
1767
1814
1860
1713
1747
1863
1727
1816
1774
1795
1771
1764
1844
1814
1742
1772
1752
1732
1766
1762
1781
1737
1797
1716
1743
1747
1740
1734
1715
1762
1724
1737
1739
1803
1741
1758
1713
1698
1709
1792
1811
1770
1755
1779
1707
1801
1809
1732
1802
1816
1719
1823
1701
1729
1859
1725
1762
1742
1730
1703
1690
1807
1878
1768
1712
1827
1801
1689
1686
1802
1802
1758
1759
1833
1664
1770
1842
1797
1750
1715
1667
1634
1765
1876
1782
1771
1663
1827
1791
1812
1849
1849
1753
1721
1778
1785
1828
1761
1665
1613
1813
1753
1783
1807
1661
1724
1772
1820
1705
1740
1830
1866
1829
1901
1794
1744
1785
1889
1766
1721
1750
1805
1734
1838
1752
1763
1859
1794
1789
1745
1727
1720
1815
1699
1800
1835
1819
1818
1712
1801
1770
1749
1804
1777
1807
1787
1817
1862
1759
1701
1810
1802
1865
1862
1819
1781
1758
1735
1746
1753
1735
1683
1717
1757
1728
1677
1677
1784
1784
1803
1767
1789
1730
1907
1749
1863
1962
1748
1640
1805
1836
1675
1664
1735
1836
1730
1722
1759
1728
1744
1785
1844
1784
1833
1734
1726
1791
1780
1880
1866
1891
1853
1834
1815
1714
1689
1778
1862
1841
1789
1760
1811
1771
1871
1730
1724
1738
1812
1752
1732
1828
1835
1823
1744
1714
1803
1809
1807
1899
1889
1665
1775
1759
1708
1803
1733
1884
1815
1875
1845
1811
1760
1694
1850
1803
1796
1884
1718
1749
1892
1737
1720
1681
1803
1790
1812
1713
1812
1787
1915
1830
1841
1789
1820
1774
1817
1832
1771
1718
1727
1711
1764
1866
1742
1802
1838
1851
1855
1788
1866
1775
1795
1770
1897
1922
1727
1748
1695
1751
1736
1796
1779
1805
1767
1735
1850
1807
1850
1886
1660
1810
1697
1893
1694
1755
1784
1650
1760
1815
1811
1786
1733
1657
1808
1921
1869
1729
1766
1799
1750
1732
1701
1945
1772
1832
1818
1749
1719
1727
1819
1710
1813
1749
1823
1800
1815
1846
1770
1779
1733
1912
1826
1818
1820
1696
1805
1730
1842
1696
1822
1756
1743
1813
1786
1705
1842
1631
1779
1778
1796
1854
1884
1682
1803
1798
1855
1743
1769
1758
1830
1746
1755
1830
1882
1738
1792
1741
1761
1793
1732
1756
1856
1926
1791
1804
1701
1852
1750
1832
1708
1882
1846
1908
1740
1769
1672
1799
1728
1657
1742
1785
1828
1693
1854
1738
1829
1863
1709
1884
1763
1799
1814
1802
1746
1661
1816
1838
1758
1830
1771
1802
1838
1805
1746
1690
1784
1802
1830
1866
1746
1765
1633
1736
1832
1815
1862
1781
1826
1834
1751
1864
1803
1741
1808
1839
1769
1785
1722
1921
1779
1748
1768
1797
1801
1808
1760
1798
1812
1754
1907
1825
1753
1811
1838
1794
1834
1913
1818
1784
1789
1796
1778
1748
1806
1792
1777
1853
1777
1832
1826
1782
1868
1798
1845
1772
1711
1838
1879
1730
1716
1815
1703
1807
1751
1825
1808
1734
1720
1874
1832
1815
1819
1777
1855
1837
1837
1733
1839
1717
1805
1898
1749
1720
1795
1794
1739
1849
1817
1707
1818
1767
1797
1796
1728
1769
1834
1799
1769
1815
1839
1887
1843
1871
1779
1803
1866
1769
1770
1914
1684
1736
1704
1849
1864
1720
1869
1775
1765
1816
1916
1826
1744
1790
1794
1851
1699
1755
1794
1852
1843
1871
1784
1843
1797
1846
1818
1892
1772
1700
1845
1888
1781
1781
1806
1869
1738
1813
1795
1841
1767
1847
1838
1767
1767
1744
1949
1802
1731
1919
1686
1837
1798
1943
1760
1810
1812
1792
1808
1779
1804
1722
1787
1815
1919
1806
1784
1848
1842
1854
1803
1778
1893
1807
1858
1757
1775
1813
1797
1872
1739
1834
1807
1791
1756
1728
1821
1842
1788
1747
1807
1866
1836
1846
1792
1715
1791
1762
1741
1866
1808
1818
1840
1886
1772
1710
1863
1903
1871
1721
1784
1771
1772
1818
1910
1689
1716
1759
1745
1824
1752
1840
1847
1809
1857
1774
1861
1889
1815
1772
1728
1937
1905
1823
1893
1757
1793
1643
1782
1792
1848
1834
1849
1762
1878
1858
1890
1753
1807
1853
1836
1761
1933
1854
1856
1866
1721
1822
1763
1826
1825
1797
1858
1858
1873
1893
1806
1882
1837
1809
1778
1857
1782
1851
1686
1834
1914
1739
1764
1814
1845
1856
1825
1885
1834
1850
1749
1933
1812
1815
1889
1816
1845
1762
1723
1933
1931
1791
1737
1839
1856
1826
1882
1918
1766
1870
1865
1747
1845
1836
1738
1815
1859
1833
1906
1879
1728
1760
1852
1759
1896
1833
1825
1855
1866
1896
1823
1785
1863
1792
1822
1768
1829
1791
1872
1851
1776
1771
1746
1880
1840
1853
1852
1746
1857
1842
1769
1787
1932
1836
1746
1826
1878
1878
1763
1799
1871
1909
1795
1868
1889
1798
1755
1790
1739
1727
1764
1850
1858
1871
1787
1933
1796
1881
1730
1833
1873
1905
1787
1780
1882
1878
1867
1880
1767
1865
1786
1986
1770
1875
1798
1937
1830
1745
1785
1813
1919
1876
1825
1877
1835
1829
1917
1850
1893
1890
1875
1901
1865
1838
1865
1795
1846
1797
1890
1830
1812
1933
1853
1819
1913
1702
1929
1925
1859
1811
1891
1786
1780
1846
1897
1812
1842
1815
1886
1909
1878
1882
1815
1836
1798
1848
1898
1916
1900
1826
1812
1802
1726
1853
1896
1876
1862
1900
1845
1867
1871
1937
1781
1846
1866
1790
1836
1910
1679
1844
1918
1784
1917
1831
1744
1827
1889
1930
1870
1759
1946
1855
1914
1820
1849
1919
1830
1795
1905
1905
1829
1810
2021
1817
1848
1875
2016
1841
1933
1894
1986
1841
1914
1795
1886
1728
1788
1692
1809
1766
1832
1821
1832
1925
1991
1842
1884
1933
1914
1874
1789
1829
1714
1970
1701
1830
1744
1866
1871
1950
1892
1869
1948
1970
1804
1854
1816
1966
1859
1846
1778
1851
1754
1860
1718
1850
1845
1801
1836
1875
1943
1919
1848
1876
1831
1847
1940
1994
1995
1836
1888
2007
1871
1840
1892
1931
1988
1918
1933
1858
1846
1823
1853
1856
1891
1919
1923
1851
1927
1915
1892
1937
1930
1895
1810
1834
1907
1914
1871
1945
1935
1807
1930
1928
1881
1942
1802
1937
1883
1953
1861
1846
1967
1871
1848
1907
1864
1885
1840
1845
1902
1914
1865
1833
1953
1913
1866
1831
1786
1943
1941
1978
2003
1802
1764
1910
1974
1837
1904
1845
1973
1905
2024
1888
1960
1988
1959
1947
1902
1901
1876
1902
1885
1748
1885
1956
1898
1926
1968
2004
1908
1896
1947
1874
1862
1914
1908
1834
1918
1832
1818
1854
1897
1850
1829
2054
1967
1814
1908
1879
1870
1910
1918
1919
1885
1900
1914
1925
1950
1893
1857
1982
1887
1897
1920
1869
1892
1937
1857
1892
2053
1917
1953
1816
1909
1890
1905
1949
1926
1941
1963
1932
1990
1950
1912
2057
2061
1905
1853
1931
2057
1976
1888
1895
1923
1917
1887
1973
1941
1972
1937
2080
1955
1991
1925
1984
1914
1980
1956
2072
1953
1894
2036
1993
1940
1892
1937
1969
1988
1921
1968
1977
1854
1991
1930
2008
1968
2022
1949
1840
1981
1908
1965
2023
2024
2087
1952
2027
2002
1991
2034
1853
1864
1935
1882
1963
1907
1945
1928
1976
1882
1831
1978
1999
1935
1962
2016
1961
1965
1960
1973
2031
1997
1903
1934
1861
1950
1971
1951
2095
1913
1832
1962
1947
2022
2084
1993
2016
2091
2028
2049
2005
1988
1956
2018
2093
2038
2006
1934
1941
1960
2080
2099
1874
2034
2065
2072
1918
2027
2003
1966
1969
2040
2040
1956
1880
1950
2028
2077
1943
1985
1915
1939
2062
2058
2065
2023
1948
2114
1973
2011
1986
2100
1973
2011
1945
1897
2054
2019
2021
2040
2024
2101
2033
1936
2010
2075
2027
1962
1909
2008
1930
2038
2010
1891
2073
1986
2065
1988
2051
2009
2039
2063
2036
2087
1959
1901
2018
2003
2085
1908
1952
2040
1996
2062
2054
1986
2044
2002
1991
2151
2008
2071
2068
2130
2019
2050
2021
2055
2090
2049
2104
1948
2155
2120
2079
2217
2191
2159
2049
2083
2077
2013
2109
2002
2151
1977
2027
2018
1933
2093
2052
2098
2238
2148
2142
2216
2084
2095
2089
2034
2162
2272
2110
2106
2138
2128
2163
2164
2097
2191
2151
2016
2202
2187
2157
2231
2127
2191
2134
2103
2136
2212
2144
2079
2111
2093
2155
2210
2123
2249
2224
2088
2274
2162
2118
2294
2231
2207
2234
2170
2158
2167
2194
2118
2148
2240
2210
2078
2404
2120
2259
2162
2310
2260
2274
2293
2191
2195
2153
2274
2249
2164
2248
2213
2294
2267
2123
2397
2295
2198
2199
2240
2298
2309
2188
2230
2331
2164
2336
2228
2335
2369
2207
2325
2318
2284
2178
2423
2206
2328
2243
2266
2289
2307
2398
2345
2302
2374
2260
2348
2362
2379
2319
2266
2337
2361
2342
2348
2312
2448
2409
2277
2444
2378
2399
2355
2297
2265
2399
2515
2470
2445
2398
2495
2534
2376
2502
2530
2420
2398
2465
2390
2430
2390
2479
2500
2428
2496
2556
2380
2520
2539
2524
2525
2551
2495
2528
2423
2445
2490
2447
2543
2531
2571
2494
2449
2503
2507
2523
2593
2609
2669
2632
2660
2625
2565
2482
2596
2611
2627
2531
2632
2609
2481
2698
2698
2731
2568
2791
2672
2688
2705
2666
2773
2744
2808
2803
2778
2791
2733
2652
2804
2647
2866
2751
2715
2669
2677
2831
2746
2877
2705
2814
2927
2744
2851
2729
2818
2892
2894
2736
2877
2850
2825
2880
2839
2999
3001
3020
2986
3009
3145
2974
2946
2793
2936
2886
3059
2921
3016
3016
3033
3072
3005
2980
3105
3095
3117
3301
3141
3019
3109
3099
3151
3069
3137
3090
3108
3051
3160
3136
3139
3099
3183
3205
3186
3034
3193
3315
3260
3224
3144
3335
3177
3351
3365
3238
3274
3431
3182
3397
3144
3440
3248
3421
3490
3420
3453
3326
3422
3375
3337
3430
3534
3442
3573
3487
3413
3527
3526
3490
3474
3488
3642
3604
3441
3704
3703
3594
3686
3633
3549
3714
3640
3848
3730
3840
3916
3862
3870
3898
3762
3778
3952
3908
3960
3961
3784
3916
3998
3990
4062
4021
4039
4156
4068
4360
4045
4090
4099
4215
4038
4132
4199
4060
4227
4074
4265
4201
4269
4518
4455
4392
4550
4677
4521
4427
4497
4475
4496
4400
4554
4595
4621
4613
4498
4525
4623
4766
4726
4698
4634
4904
4672
4826
4773
4884
4909
4888
4982
4934
4865
4894
5003
4965
5108
5118
5234
5081
5124
5191
5312
5238
5295
5118
5226
5265
5323
5269
5382
5367
5331
5516
5372
5480
5408
5559
5599
5675
5748
5560
5682
5758
5749
5812
5620
5791
5821
5777
5741
5879
5906
5795
5856
6019
5937
6079
6006
6142
6150
6400
6260
6307
6323
6227
6326
6476
6365
6581
6458
6415
6468
6524
6442
6602
6477
6767
6531
6688
6628
6918
6644
6732
6833
6973
6877
6651
6844
6709
6979
6973
7086
7126
7259
7172
7324
7239
7071
7335
7429
7387
7575
7406
7656
7615
7653
7815
7536
7878
7910
7737
7883
7764
7870
8050
7851
7927
7853
7869
7859
7929
7792
7788
8011
7979
8105
8247
8489
8395
8489
8430
8541
8812
8685
8741
8698
8520
8804
8949
8995
9014
8833
8949
8996
9323
8918
9054
9371
9208
9208
9347
9271
9709
9492
9350
9435
9598
9364
9427
9775
9597
9589
9930
9978
9685
10120
10037
10102
10106
10249
10082
10304
10195
10514
10221
10159
10366
10169
10100
9984
9980
9922
10494
10497
10695
10616
10817
10886
11139
11198
11375
11118
11113
10951
11098
11347
11285
11472
11547
11469
11275
11616
11543
11506
11756
11672
11788
11681
11806
11904
11820
11788
11886
11736
11963
12098
11914
12006
12143
12298
12298
12353
12363
12410
12566
12552
12370
12410
12544
12703
12759
13092
12614
13014
12844
12913
12849
13460
13024
13149
13128
13095
12959
12893
13310
13555
13739
13560
13312
13425
13528
13643
13761
13627
13656
13780
13910
13976
13776
13862
13971
13831
14006
14075
14117
14070
14196
14022
14133
14458
14436
14344
14406
14292
14312
14722
14749
14758
14619
14657
14822
14651
14848
15018
14705
14974
14821
15192
15098
15168
15068
15034
15175
15461
15032
15419
15685
15393
15273
15586
15361
14980
14972
14789
15200
15364
15344
15575
15649
15720
15926
15448
15626
15723
15708
15620
15900
16008
15763
15885
16111
16309
15949
16183
16125
15945
16101
16384
16219
16199
16458
16398
16628
16512
16133
16347
16338
16516
16612
16516
16590
16808
16842
16561
16698
17050
16840
16602
16692
17303
16972
16758
16944
17125
16890
16742
16883
17216
17096
17362
17469
17089
17192
17234
17088
17075
17222
17291
17472
17267
17094
17047
16929
17085
17199
17110
17294
17367
17451
17339
17573
17689
17565
17412
17286
17455
17347
17723
17356
17338
17192
17610
17684
17380
17572
17546
17477
17465
17792
17831
17548
17569
17740
17666
17797
17744
17623
17507
17583
17184
17269
17558
17443
18176
17965
17729
17709
17865
17728
17718
17678
17700
17934
17681
17581
17814
17636
17520
17877
17855
17520
17673
17300
17988
17850
17725
17819
17468
17364
17734
17378
17179
17780
17480
17565
17592
17416
17557
17700
17514
17521
17618
17697
17679
17338
17594
17587
17267
17402
17197
17637
17712
17417
17460
17397
17572
17441
17322
17437
17476
17180
17146
16945
17332
17307
17024
17546
17352
17313
17300
17261
16976
17070
16604
17001
16954
16974
16970
16609
17106
17156
16779
17178
16897
16932
16706
16762
16518
16744
16868
16597
16566
16675
16646
16504
16484
16138
16153
16268
16444
16584
16577
16396
16296
16011
16084
16146
16089
16113
16116
16177
15869
15977
16027
16079
16080
15946
16108
15620
15597
15649
15650
15882
15717
15696
15723
15732
15705
15440
15392
15573
15316
15250
15286
15446
15142
15068
15194
15028
15172
15119
14990
14964
14796
15045
14910
14844
14459
14564
14553
14619
14428
14688
14594
14404
14544
14531
14641
14293
14522
14355
14216
14205
14068
14285
14234
14155
13889
14028
14095
14211
14238
13998
13905
13723
13661
13698
13670
13746
13645
13799
13528
13435
13382
13362
13273
13290
13232
13328
13071
13027
13051
12654
12896
13100
12986
12794
13122
12704
12485
12597
12654
12467
12515
12478
12577
12231
12285
12349
11587
11757
11805
11907
11761
11739
11788
11968
11976
11876
11899
11749
11892
11916
11736
11946
11828
11684
11813
11560
11370
11372
11402
11420
11346
11243
11419
11146
11000
11060
11034
11024
10893
10845
11093
10824
10972
10805
10549
10761
10731
10658
10693
10568
10485
10477
10478
10256
10252
10360
9966
10236
10301
10185
9911
10012
9966
9795
9933
9948
9759
9843
9954
9661
9796
9449
9349
9344
9606
9276
9221
9212
8775
9113
8844
9189
9057
9166
9147
8964
8871
8946
9011
8907
8900
8774
8423
8660
8458
8661
8469
8519
8448
8532
8349
8573
8237
8217
8232
7961
8176
8237
7875
8238
7871
8115
7720
7754
7695
7878
7786
7860
7796
7631
7428
7481
7699
7431
7397
7333
7270
7464
7224
7459
7054
7195
6977
7135
7000
7085
6997
6874
7049
6986
6959
6802
6637
6843
6861
6495
6795
6661
6681
6701
6556
6702
6614
6418
6568
6292
6318
6334
6230
6102
6136
6072
5947
5939
5930
6160
6084
5791
6008
5949
5771
5837
5809
5811
5914
5589
5755
5820
5557
5501
5611
5755
5514
5432
5423
5394
5449
5431
5247
5172
5213
5228
5103
5151
5132
5134
4917
5103
5070
4865
4881
4919
4781
4822
4906
4972
4806
4812
4772
4800
4699
4858
4765
4677
4620
4665
4640
4518
4554
4540
4490
4537
4566
4555
4506
4335
4317
4395
4271
4444
4329
4391
4289
4175
4248
4266
4137
3950
4053
4164
4068
3965
4144
4080
4077
3792
4040
3806
3794
3540
3916
3704
3670
3709
3780
3694
3566
3884
3712
3673
3683
3789
3714
3668
3602
3650
3496
3491
3531
3524
3541
3464
3282
3372
3463
3391
3231
3203
3235
3358
3209
3360
3289
3206
3179
3219
3054
3341
3310
3099
3195
3201
3215
3087
3048
3125
3023
2955
2994
3136
3100
2996
2993
2907
3062
3052
2953
2923
3034
2811
2895
2863
2910
2825
2769
2898
2866
2902
2716
2653
2773
2797
2706
2765
2788
2839
2737
2865
2820
2708
2720
2812
2633
2684
2627
2615
2540
2564
2498
2466
2534
2537
2517
2580
2567
2514
2597
2459
2573
2378
2604
2487
2367
2472
2502
2486
2463
2433
2504
2296
2405
2392
2419
2333
2547
2419
2379
2393
2300
2416
2378
2389
2415
2330
2292
2353
2350
2221
2265
2354
2301
2370
2312
2335
2257
2334
2286
2265
2394
2285
2275
2316
2335
2176
2187
2329
2144
2316
2194
2160
2300
2206
2132
2131
2279
2184
2185
2263
2211
2162
2144
2121
2094
2116
2134
2190
2209
2038
2258
2202
2257
2136
2241
2150
2136
2213
2240
2049
2140
2220
2177
2142
2174
2211
2185
2132
2100
2123
2168
2155
2114
2129
2151
2139
2052
2072
2090
2112
2065
2027
1956
2109
2008
2045
2021
2131
2038
2086
2064
2159
2196
2085
2092
2031
2011
2019
2056
2214
2028
2002
2108
2002
2045
2130
2076
2098
2062
2143
2056
2086
1996
1955
2037
2035
2005
2061
1960
1982
2045
2089
2061
2057
2023
2068
2031
1995
2137
2012
1994
2074
2054
2057
2002
1961
1955
1968
1906
1904
2061
2022
1979
1968
2030
2066
1958
1935
2053
1915
1869
1935
1961
1965
2034
1866
2106
2033
1910
2004
1992
1952
1941
2000
1995
1999
2038
1893
1922
1899
1957
1935
2013
1935
2029
1935
1948
1915
1894
2063
1981
1995
1883
1916
1995
1922
1929
2001
1977
1981
1980
1937
1972
1922
1896
1955
1976
2052
1986
1972
2060
1883
1978
1929
1888
1843
1930
1939
2009
1895
1947
1969
1931
1988
1986
1917
1917
1920
1985
1889
1870
1858
1887
1892
1930
1933
1874
1947
1868
1988
2017
1857
1874
2016
1877
1916
1816
1936
1910
1957
1836
1915
1811
1992
1921
1939
1895
1979
1927
1937
1892
1980
1938
1985
1815
1885
1951
1945
1878
1902
2069
1890
1988
1908
1882
1943
1933
1975
1943
1899
1890
1864
1911
1869
1888
1907
1825
1928
1919
1854
1874
1943
1842
1812
1860
1896
2042
1953
1952
1859
1858
1842
1830
1959
1913
1908
1835
1818
1972
1781
1850
1914
1850
1981
1932
1961
1910
1803
1929
1950
1896
1728
1760
1847
1795
1857
1821
1878
1917
1914
1983
2060
2030
1862
1972
1877
1799
1848
1874
1804
1796
1857
1850
1983
1817
1903
1986
1856
1900
1956
1842
1923
1949
1856
1870
1833
1740
1862
1841
1845
1845
1882
1801
1937
1949
1864
1903
1906
