1732
1770
1705
1831
1773
1901
1754
1757
1842
1822
1796
1719
1657
1691
1709
1832
1775
1695
1796
1717
1708
1752
1675
1797
1703
1744
1727
1645
1808
1745
1757
1605
1681
1673
1655
1752
1673
1840
1782
1847
1789
1695
1682
1802
1764
1666
1700
1761
1835
1694
1864
1768
1836
1704
1734
1780
1763
1652
1685
1717
1708
1816
1803
1681
1615
1652
1637
1693
1744
1733
1758
1701
1755
1668
1780
1816
1641
1639
1630
1784
1828
1728
1759
1681
1738
1762
1762
1687
1784
1751
1733
1797
1805
1727
1654
1746
1703
1787
1797
1796
1663
1562
1736
1657
1661
1776
1747
1764
1686
1651
1744
1746
1740
1804
1707
1597
1698
1806
1839
1735
1704
1677
1774
1660
1815
1730
1794
1735
1604
1819
1646
1621
1691
1693
1738
1788
1743
1780
1789
1719
1721
1803
1789
1714
1748
1645
1767
1814
1734
1589
1774
1696
1831
1732
1707
1673
1652
1759
1818
1788
1757
1752
1688
1829
1751
1749
1745
1651
1798
1634
1672
1701
1796
1727
1754
1698
1748
1736
1752
1715
1677
1795
1740
1721
1809
1635
1752
1682
1831
1817
1629
1689
1752
1671
1791
1761
1668
1686
1761
1857
1737
1709
1781
1723
1774
1751
1680
1723
1771
1698
1807
1753
1793
1748
1713
1764
1826
1749
1686
1620
1680
1733
1681
1678
1686
1814
1692
1713
1719
1785
1680
1743
1835
1789
1717
1761
1812
1717
1673
1738
1738
1754
1700
1729
1638
1844
1707
1802
1778
1721
1782
1760
1754
1802
1715
1709
1633
1792
1689
1633
1723
1669
1638
1784
1694
1832
1813
1784
1816
1799
1844
1744
1804
1837
1654
1636
1704
1706
1699
1735
1789
1701
1726
1688
1743
1775
1721
1818
1757
1842
1778
1746
1788
1814
1733
1723
1813
1732
1717
1758
1779
1846
1762
1737
1818
1716
1721
1752
1870
1784
1672
1870
1704
1788
1751
1700
1809
1714
1808
1758
1730
1621
1706
1731
1759
1754
1892
1754
1673
1796
1719
1697
1712
1741
1704
1829
1746
1610
1749
1823
1689
1744
1756
1725
1764
1719
1764
1794
1763
1814
1808
1837
1726
1772
1883
1693
1777
1783
1807
1866
1709
1719
1778
1648
1763
1808
1672
1711
1795
1697
1742
1666
1653
1786
1659
1678
1628
1761
1695
1782
1664
1777
1598
1776
1639
1731
1816
1662
1733
1699
1706
1829
1641
1724
1759
1783
1771
1685
1801
1747
1823
1761
1771
1710
1874
1731
1729
1761
1761
1791
1826
1813
1838
1775
1689
1691
1835
1808
1697
1706
1811
1795
1758
1795
1761
1744
1692
1631
1662
1705
1717
1730
1723
1713
1686
1753
1721
1751
1702
1751
1768
1714
1710
1770
1827
1748
1748
1815
1744
1695
1740
1811
1742
1774
1667
1789
1716
1712
1710
1726
1708
1790
1779
1840
1771
1903
1769
1842
1823
1701
1735
1901
1676
1779
1787
1820
1838
1751
1731
1681
1740
1732
1786
1844
1836
1834
1858
1682
1749
1877
1714
1709
1725
1608
1721
1884
1770
1724
1869
1726
1826
1700
1717
1775
1774
1707
1845
1658
1854
1725
1728
1785
1802
1717
1691
1713
1759
1832
1697
1789
1834
1777
1740
1706
1696
1753
1804
1688
1693
1799
1811
1786
1782
1772
1802
1883
1767
1748
1815
1804
1730
1773
1805
1749
1818
1717
1779
1822
1681
1701
1762
1873
1802
1784
1766
1768
1865
1816
1801
1868
1792
1754
1767
1842
1727
1810
1855
1693
1852
1809
1764
1780
1759
1851
1754
1823
1894
1808
1745
1776
1621
1687
1819
1724
1741
1859
1820
1818
1864
1724
1810
1776
1820
1671
1689
1723
1793
1692
1770
1748
1738
1742
1775
1818
1819
1794
1779
1795
1876
1744
1761
1721
1738
1687
1733
1749
1780
1807
1807
1883
1753
1717
1842
1845
1677
1719
1665
1820
1833
1789
1775
1618
1737
1687
1847
1617
1705
1815
1727
1823
1705
1847
1740
1780
1816
1869
1791
1659
1818
1752
1718
1743
1774
1757
1821
1716
1904
1802
1741
1839
1787
1731
1779
1867
1739
1699
1805
1791
1707
1727
1831
1684
1820
1773
1800
1736
1809
1727
1642
1911
1802
1757
1742
1642
1744
1761
1769
1672
1790
1753
1799
1729
1770
1800
1761
1724
1725
1786
1834
1706
1919
1811
1770
1654
1856
1731
1836
1773
1833
1743
1710
1785
1758
1721
1818
1737
1677
1753
1700
1859
1847
1750
1828
1746
1841
1673
1770
1683
1845
1690
1806
1831
1822
1717
1757
1765
1833
1717
1817
1772
1769
1701
1798
1782
1794
1791
1913
1752
1796
1923
1854
1821
1718
1737
1766
1831
1802
1743
1852
1743
1809
1850
1697
1817
1692
1827
1800
1787
1757
1684
1785
1860
1724
1817
1826
1791
1757
1797
1808
1749
1814
1799
1777
1858
1776
1793
1775
1812
1738
1808
1772
1789
1832
1819
1766
1791
1823
1820
1815
1728
1763
1808
1705
1869
1744
1831
1727
1832
1755
1800
1710
1693
1775
1812
1771
1792
1808
1739
1681
1877
1779
1828
1797
1768
1849
1853
1893
1808
1850
1928
1863
1700
1803
1892
1702
1749
1854
1844
1724
1758
1899
1906
1817
1790
1732
1855
1755
1823
1818
1887
1765
1795
1733
1856
1738
1811
1763
1760
1793
1799
1856
1881
1883
1721
1827
1719
1939
1805
1785
1794
1725
1712
1709
1699
1710
1860
1797
1792
1785
1786
1832
1856
1757
1723
1775
1844
1643
1810
1711
1660
1801
1753
1792
1928
1851
1785
1786
1807
1771
1697
1772
1865
1739
1765
1805
1944
1827
1792
1816
1715
1771
1768
1831
1787
1788
1773
1710
1749
1837
1833
1898
1814
1840
1824
1785
1814
1871
1702
1757
1828
1688
1635
1788
1798
1725
1806
1690
1679
1750
1765
1864
1815
1819
1815
1903
1769
1825
1746
1819
1748
1759
1757
1825
1789
1752
1850
1803
1779
1856
1833
1748
1809
1858
1792
1928
1863
1764
1830
1725
1809
1680
1791
1754
1810
1807
1714
1844
1824
1849
1836
1781
1760
1838
1710
1861
1768
1765
1866
1795
1796
1805
1759
1777
1804
1765
1711
1814
1817
1843
1877
1774
1807
1924
1836
1878
1722
1780
1792
1831
1839
1688
1819
1753
1929
1634
1727
1825
1817
1908
1755
1833
1781
1810
1918
1805
1721
1803
1813
1843
1783
1761
1784
1806
1749
1886
1852
1911
1728
1672
1744
1846
1751
1888
1754
1812
1737
1694
1691
1807
1836
1703
1794
1814
1856
1890
1874
1854
1821
1719
1820
1737
1833
1766
1737
1619
1759
1789
1722
1692
1823
1798
1803
1778
1725
1849
1858
1795
1752
1860
1759
1814
1846
1773
1799
1739
1826
1899
1798
1759
1689
1896
1770
1761
1876
1768
1946
1841
1882
1891
1772
1801
1764
1754
1647
1756
1764
1752
1751
1748
1760
1706
1827
1795
1719
1754
1788
1782
1732
1810
1798
1835
1756
1806
1778
1759
1759
1923
1868
1784
1697
1773
1732
1832
1963
1786
1850
1797
1726
1807
1892
1861
1742
1748
1880
1733
1827
1749
1872
1788
1793
1796
1842
1834
1923
1839
1783
1817
1805
1765
1801
1749
1684
1795
1761
1751
1789
1683
1833
1843
1808
1764
1816
1737
1851
1779
1730
1868
1796
1791
1798
1949
1719
1854
1760
1865
1764
1850
1813
1805
1879
1784
1894
1874
1811
1807
1845
1788
1748
1743
1850
1845
1865
1741
1830
1760
1765
1701
1745
1843
1931
1813
1759
1872
1850
1852
1884
1803
1846
1873
1759
1806
1686
1734
1808
1877
1908
1762
1708
1792
1844
1877
1794
1761
1860
1837
1762
1855
1759
1779
1842
1807
1847
1753
1798
1870
1783
1826
1780
1774
1800
1865
1827
1881
1874
1911
1720
1869
1747
1858
1773
1846
1777
1831
1817
1682
1873
1788
1886
1817
1849
1799
1819
1804
1746
1846
1831
1775
1825
1791
1779
1846
1717
1830
1805
1824
1834
1887
1860
1735
1821
1758
1704
1819
1837
1815
1806
1851
1753
1785
1715
1702
1728
1834
1804
1825
1881
1857
1863
1823
1804
1775
1780
1841
1808
1901
1857
1739
1785
1876
1778
1882
1824
1861
1772
1916
1740
1710
1781
1953
1825
1833
1812
1860
1831
1810
1830
1891
1874
1750
1800
1826
1771
1890
1830
1801
1915
1793
1895
1868
1742
1801
1843
1874
1846
1826
1844
1923
1781
1903
1835
1842
1948
1883
1914
1943
1814
1860
1812
1830
1783
1853
1854
1805
1852
1941
1846
1781
1779
1845
1822
1832
1840
1909
1870
1855
1911
1807
1858
1931
1877
1832
1753
1817
1809
1773
1849
1765
1794
1895
1793
1839
1858
1849
1874
1817
1810
1843
1860
1841
1869
1866
1833
1805
1927
1780
1899
1790
1850
1797
1799
1837
1859
1768
1775
1847
1748
1814
1808
1785
1848
1819
1760
1821
1870
1918
1750
1869
1914
1756
1780
1858
1794
1866
1853
1871
1779
1896
1915
1893
1815
1913
1889
1858
1856
1765
1785
1829
1906
1782
1880
1944
1770
1705
1809
1812
1816
1877
1894
1908
1818
1811
1882
1858
1753
1768
1735
1849
1842
1852
1788
1777
1838
1811
1876
1824
1775
1793
1936
1813
1836
1813
1869
1848
1865
1793
1892
1870
1826
1886
1799
1749
1813
1814
1931
1786
1927
1922
1826
1741
1770
1880
1861
1911
1907
1960
1836
1856
1829
1991
1893
1907
1833
1910
1819
1883
1787
1785
1866
1832
1876
1882
1865
1907
1847
1797
1879
1788
1973
1901
1840
1892
1888
1804
1825
1937
1925
1872
1837
1922
1909
1887
1951
1833
1890
1892
1858
1931
1837
1860
1935
1829
1912
1941
1882
1877
1859
1882
1887
1978
1903
1896
1905
1871
1845
1852
1870
1940
1945
1923
1792
1874
1910
1975
1845
1976
1839
1869
1903
1922
1932
1831
1922
1844
1861
1861
1798
1961
1891
1808
1872
1940
1962
1909
1860
1915
1904
1839
1831
1918
1935
1881
2054
1837
1850
1898
1915
1774
1908
1955
1922
1895
1955
1926
1893
1805
1795
1765
1846
1881
1875
1815
1853
1941
1805
1831
1902
1855
1990
1880
1877
1965
1978
1914
1983
1935
1927
1943
1800
1844
1933
1914
1936
2006
1956
1858
1889
1931
1935
1961
1872
1916
1855
1941
1939
1848
1961
1819
1860
1951
1960
1970
1891
1881
1851
1851
1837
1939
1952
1873
1824
1838
1918
1883
1779
1902
1898
1919
1845
1919
1932
1888
2087
1920
1924
2026
1889
1873
1954
1803
1901
1843
1877
1864
1914
1913
2000
1939
1892
2006
1979
1878
1968
1946
1956
1928
1938
1935
1933
1969
1779
1930
1844
1819
2029
1973
1912
1880
1924
2035
2024
1912
1897
1997
1982
1873
2044
1814
2005
1894
1901
1919
1914
1892
1943
1809
1926
1914
1931
1891
1903
1971
1882
1933
1897
1908
1870
1951
1915
1880
1865
1873
1927
1945
1929
1946
2006
1808
2016
1930
1855
1962
1873
1894
1974
1974
1980
2091
1969
2021
1915
1905
1893
1890
1962
2001
1874
1995
2004
1962
1934
1881
1879
1959
1950
1994
1931
1854
2017
2039
1969
2018
1908
1920
1975
1939
1922
1909
1962
1898
1965
1963
1952
1980
2039
1960
2044
2167
1971
2006
1978
2042
1944
1993
1961
1939
1989
1997
1952
2007
2017
2045
2004
2037
2012
1987
1968
2144
1942
2034
2046
2023
2034
1901
1943
1911
1903
1975
1968
1907
1974
1967
2002
2019
1981
1936
2013
1991
2006
1947
2045
2078
1955
1931
1933
2082
1985
1976
2078
2045
2077
2029
1968
1976
2045
2029
1908
1972
2003
2048
2014
2039
1927
1954
1986
2023
2053
2013
2044
1968
1958
2017
2041
2139
2010
2064
2082
2013
2093
1969
2140
2079
2061
1986
2035
1944
1967
1930
2107
1958
2049
2071
2008
2070
2014
2056
2091
2151
2161
2070
1974
2033
2067
2052
2086
2090
2139
2061
2126
2092
2004
2048
2079
1979
2102
2070
2155
2010
2126
2052
2069
2097
2168
2114
2074
2154
2016
2111
2094
2089
2191
2257
2129
2164
2106
2120
2136
2063
2123
2117
2120
2101
2282
2119
2054
2236
2050
2226
2144
2183
2223
2210
2158
2026
2124
2137
2044
2053
2204
2093
2141
2123
2176
2196
2253
2251
2182
2264
2195
2121
2211
2244
2289
2195
2200
2190
2162
2190
2163
2260
2292
2173
2182
2264
2276
2285
2192
2263
2203
2238
2290
2129
2138
2356
2143
2391
2259
2312
2228
2269
2202
2177
2299
2274
2260
2330
2364
2288
2244
2220
2434
2218
2343
2308
2272
2163
2297
2353
2330
2237
2411
2262
2489
2324
2454
2339
2358
2312
2298
2406
2245
2278
2274
2334
2381
2298
2248
2407
2327
2482
2342
2393
2252
2382
2410
2299
2450
2388
2309
2442
2441
2486
2463
2363
2338
2345
2402
2390
2257
2487
2498
2421
2506
2616
2424
2461
2537
2408
2512
2490
2557
2436
2500
2401
2430
2551
2432
2477
2415
2566
2581
2530
2537
2460
2569
2551
2546
2481
2591
2486
2642
2705
2649
2464
2471
2646
2667
2618
2612
2571
2728
2662
2637
2624
2681
2648
2696
2703
2682
2658
2820
2632
2702
2753
2779
2660
2769
2770
2721
2718
2754
2776
2755
2788
2734
2765
2804
2785
2770
2811
2884
2791
2863
2748
2956
2814
2816
2995
2918
2857
2881
2807
2894
2868
2887
2896
3015
2922
2817
3028
2826
2983
2930
3012
2931
3051
2903
2985
3028
2975
2977
2930
3065
3070
3060
3053
3130
3027
3070
3188
3146
3135
2989
3119
3229
3237
3179
3143
3251
3102
3212
3223
3140
3056
3138
3151
3029
3179
3186
3219
3196
3160
3284
3266
3316
3259
3272
3205
3373
3309
3258
3187
3328
3331
3314
3470
3448
3332
3451
3365
3434
3362
3496
3452
3556
3510
3518
3466
3420
3621
3392
3594
3483
3449
3508
3672
3589
3485
3611
3544
3690
3659
3513
3573
3703
3666
3878
3715
3856
3797
3954
3925
3842
3898
3939
4009
3986
3899
4017
3957
4267
4074
4032
4169
4048
4133
4076
4217
4184
4145
4301
4158
4090
4166
4132
4263
4265
4417
4248
4438
4483
4486
4440
4564
4504
4546
4497
4568
4560
4468
4388
4529
4549
4487
4705
4744
4662
4712
4552
4674
4661
4760
4831
4845
4677
4924
4906
4899
5040
4940
4979
4781
4866
4975
4976
5032
5055
5091
5200
5243
5047
5224
5199
5235
5225
5078
5435
5273
5328
5429
5613
5462
5578
5391
5519
5483
5609
5405
5640
5713
5587
5713
5583
5764
5748
5637
5861
5842
5885
5860
5946
5917
5790
5892
5951
5988
6047
5995
6093
6333
6146
6166
6421
6229
6271
6382
6334
6438
6241
6258
6245
6492
6409
6379
6461
6469
6559
6570
6701
6977
6872
6755
6939
6821
6831
6693
6723
6770
6957
6903
6918
7225
7234
7147
7188
7316
7421
7233
7373
7399
7416
7386
7407
7666
7613
7636
7785
7598
7831
7737
7879
8018
7767
7999
7883
7994
7811
8133
7633
7922
7958
8049
7949
8031
7889
8348
8324
8413
8538
8307
8425
8777
8687
8718
8600
8681
8708
8784
8737
8954
8852
8969
9047
9157
9113
9164
8932
9170
9172
9331
9448
9349
9460
9749
9440
9442
9582
9475
9614
9782
9786
9813
9880
9816
9883
9905
9771
9841
10059
10095
9939
10369
10152
10306
10302
10312
10046
10173
10144
9991
10107
9956
10155
10313
10446
10670
10624
10960
10965
11012
10880
11115
11193
11058
11242
11100
11386
11205
11330
11487
11415
11490
11624
11635
11660
11537
11820
11808
11688
11856
11793
11844
11788
11667
11865
11892
11904
11942
11961
12161
12221
12282
12248
12405
12472
12501
12764
12487
12566
12516
12750
12656
12674
12494
12933
12646
12717
12830
12957
12922
13242
13138
13102
13082
13101
13162
13181
13397
13344
13485
13493
13597
13577
13770
13691
13577
13909
13738
14013
13906
14031
13920
13646
13878
14189
14045
13917
14268
14133
14222
14109
14611
14568
14453
14633
14478
14472
14501
14774
14775
14769
14731
14486
15001
14991
15159
14969
15060
15119
15125
15217
14907
15561
15559
15342
15193
15467
15283
15228
15294
15240
15300
14872
15010
14878
15143
15042
15520
15826
15609
15760
15900
15463
15734
15573
15616
16040
15855
16148
15800
16198
16119
16108
15912
16233
16078
16349
16489
16395
16333
16434
16539
16192
16442
16148
16409
16538
16565
16164
16576
16829
16782
16707
16512
16584
16215
16489
16528
16568
16964
16799
17128
17273
16714
16834
17132
16854
17147
16974
17114
17064
16999
17238
17469
17226
17273
17024
17101
17229
16996
16952
16681
17177
17164
16813
16900
17312
17136
17594
17165
17414
17428
17327
17610
17512
17547
17274
17379
17339
17380
17518
17453
17429
17738
17417
17652
17405
17445
17590
17438
17522
17715
17724
17580
17935
17636
17357
17051
17601
17453
17349
17362
17660
17512
17644
17757
17690
17962
17818
17711
17818
17716
17540
17540
17734
17660
17432
17798
17933
17642
17581
17841
17722
17346
17777
17284
17634
17744
17512
17552
17341
17293
17579
17799
17415
17619
17773
17435
17515
17422
17493
17664
17810
17366
17286
17763
17422
17572
17706
17255
17752
17415
17621
17244
17145
16989
17300
17320
17728
16957
17009
17232
17038
17058
17121
17200
16994
17240
17083
16992
17048
17292
16879
16700
16918
16745
16822
16808
16795
17026
16779
17066
16794
16626
16891
16937
16713
16749
16562
16479
16525
16617
16501
16604
16568
16365
16474
16342
16220
16280
16391
16222
16370
15970
16240
16262
15952
16006
15980
16061
15962
15624
15895
15813
15936
15554
15783
15638
15936
15753
15809
15585
15638
15584
15464
15476
15698
15352
15355
15483
15441
15250
15256
15340
15077
15249
15166
15098
15236
15188
15037
14980
14848
15133
14876
14702
14663
14901
14556
14677
14756
14492
14620
14621
14534
14442
14376
14293
14328
14294
14127
14018
14392
14063
14509
13981
14287
14239
13833
14216
14151
13997
13748
13829
13791
13817
13539
13476
13598
13521
13692
13290
13524
13366
13405
12948
13304
13103
13074
13144
12785
12784
12855
12904
12732
12884
12736
12820
12577
12658
12291
12592
12408
12717
12411
12433
12189
12346
12082
12154
11786
12032
11854
11759
11728
11615
11776
11889
11930
11759
11709
11969
11846
11806
11458
11524
11549
11777
11604
11444
11512
11404
11497
11168
11365
11314
11231
10768
10968
11190
11049
11020
10957
10979
11022
10811
10638
10654
10658
10646
10642
10528
10585
10485
10243
10405
10280
10406
10475
10487
10213
9973
10036
10146
10074
10168
9681
10095
9970
9881
9731
9762
9898
9795
9524
9549
9349
9453
9288
9254
8981
9018
8987
9113
9069
9080
9005
8857
8956
8972
8719
8725
8844
8520
8467
8406
8333
8369
8450
8669
8539
8504
8571
8271
8370
8268
8250
8226
8192
8052
8213
8002
8106
7824
8085
7901
7872
7897
7768
7843
7652
7676
7556
7763
7637
7589
7697
7437
7366
7394
7355
7433
7193
7042
7219
7059
7217
6948
7027
7086
6960
6872
7029
6828
6829
6845
6837
6934
6776
6827
6557
6636
6644
6542
6596
6545
6440
6703
6509
6378
6224
6264
6225
6125
6044
6092
6081
6123
6041
6022
5995
5960
5703
5834
5953
5929
5784
5676
5720
5694
5736
5505
5634
5608
5675
5583
5460
5498
5496
5469
5403
5288
5298
5300
5129
5303
5104
5061
5182
5013
5008
5111
4789
5100
5073
5038
5010
4928
4930
4804
4755
4775
4945
4835
4753
4811
4765
4649
4703
4544
4548
4617
4481
4503
4506
4274
4487
4403
4355
4434
4457
4470
4314
4235
4244
4232
4239
4015
4229
4176
4160
4154
4145
4149
3979
4059
4069
4030
3949
3880
3935
3819
3633
3599
3876
3762
3542
3790
3705
3674
3776
3602
3785
3629
3451
3588
3577
3609
3572
3557
3549
3495
3470
3654
3368
3418
3435
3429
3376
3306
3250
3402
3217
3237
3286
3258
3412
3286
3283
3105
3206
3258
3102
3103
3060
3144
3102
3033
3047
3000
2911
3133
3059
2957
3058
3168
2962
2943
2980
3069
3039
2882
2824
3010
2802
2954
2856
2828
2797
2695
2795
2869
2834
2885
2886
2867
2680
2781
2708
2639
2625
2767
2590
2639
2775
2626
2719
2803
2746
2589
2617
2600
2591
2573
2437
2513
2556
2486
2486
2506
2487
2495
2471
2535
2463
2524
2451
2444
2361
2480
2556
2536
2444
2394
2387
2473
2494
2452
2373
2319
2323
2334
2366
2454
2285
2380
2394
2486
2345
2326
2300
2233
2277
2370
2290
2318
2350
2318
2349
2358
2360
2345
2212
2300
2230
2248
2140
2211
2213
2216
2284
2260
2229
2163
2096
2180
2160
2231
2154
2051
2190
2182
2138
2229
2099
2254
2198
2153
2205
2118
2169
2260
2142
2113
2199
2237
2221
2134
2116
2117
2180
2059
2182
2098
2029
2180
2153
2122
2112
2144
2181
2174
2143
2039
2079
2084
2057
2021
2138
2114
2073
2027
2050
2066
2032
2075
2043
1983
2015
2058
2135
2052
2027
2182
2083
2082
2095
2129
2059
1999
2095
2062
2017
2003
2030
2000
2171
1991
2099
2067
1993
2061
2125
1979
2019
2018
2039
2026
2031
2176
2077
2050
2017
2096
2009
2060
1988
1928
1938
1935
1952
2053
1864
2041
1988
2161
2068
2039
2080
2022
2009
2125
1918
2078
1999
1992
2011
2122
2037
1904
1960
1877
1977
2090
2005
1958
1894
2061
2046
1977
1939
2026
2046
2061
2026
2031
2041
2096
2152
1889
1964
2017
1968
1854
1864
1990
2027
1950
1975
1956
1981
2101
1986
1938
1973
1869
2019
1957
1912
1936
2024
2048
1937
2048
1928
1942
1898
1999
2002
1995
2039
2065
1926
2038
1903
1938
1925
1925
1847
1956
1883
1951
1951
1963
2040
1975
1942
1874
1986
1951
2013
2050
2030
1904
1955
2023
1977
1879
1899
1937
2044
1997
1897
1964
1853
1968
1928
1829
1755
1897
1968
1811
1929
1773
2113
1989
1975
1921
1827
1912
1930
1875
1965
1762
1884
1918
1918
1953
2039
1869
1961
2021
1941
1941
1996
1885
1912
1949
1994
1947
1932
1965
1827
1951
2026
1796
1903
1967
1991
1887
1934
1929
2012
1987
1841
1861
1889
1822
1868
1962
1912
1914
2005
1963
1909
1918
1892
1846
1880
1903
1996
1784
1866
1968
1728
1944
1864
1904
1884
1941
1855
1954
1818
1815
1990
1849
1872
1859
1753
1869
1911
1939
1886
1960
1818
1912
1901
1830
1789
1910
1778
1831
1932
2009
1940
1937
1944
1816
1879
1912
1945
1828
1832
1861
1953
1830
1843
1967
1885
1864
1896
1835
1813
1901
1886
1855
1950
1824
1789
