1779
1738
1589
1805
1657
1817
1619
1741
1780
1727
1735
1663
1678
1689
1653
1868
1666
1686
1727
1797
1664
1674
1799
1659
1748
1585
1748
1708
1686
1669
1807
1596
1672
1683
1712
1721
1732
1761
1712
1803
1663
1739
1788
1775
1815
1722
1829
1630
1732
1724
1729
1753
1643
1721
1685
1687
1736
1660
1734
1726
1742
1729
1745
1762
1672
1700
1735
1576
1635
1712
1733
1637
1746
1794
1772
1814
1720
1749
1802
1762
1815
1720
1754
1734
1735
1738
1663
1625
1728
1733
1662
1744
1702
1650
1708
1707
1690
1829
1855
1759
1747
1610
1714
1623
1716
1744
1679
1788
1684
1814
1824
1675
1755
1777
1733
1747
1759
1811
1841
1702
1603
1648
1660
1712
1728
1773
1824
1743
1712
1768
1685
1652
1797
1851
1682
1812
1873
1736
1789
1772
1681
1854
1779
1703
1836
1795
1769
1771
1765
1755
1861
1740
1928
1733
1716
1667
1687
1822
1828
1771
1867
1801
1712
1666
1799
1758
1887
1633
1731
1701
1647
1736
1726
1714
1786
1655
1708
1720
1713
1702
1747
1748
1835
1771
1800
1777
1834
1703
1747
1797
1763
1713
1806
1674
1737
1787
1706
1747
1759
1871
1688
1649
1771
1756
1772
1697
1765
1728
1760
1839
1765
1721
1718
1695
1748
1731
1780
1666
1810
1733
1775
1860
1735
1677
1837
1760
1686
1577
1744
1742
1768
1691
1756
1669
1692
1726
1816
1733
1661
1721
1776
1721
1697
1684
1745
1796
1723
1715
1694
1754
1686
1693
1791
1741
1815
1761
1637
1733
1821
1731
1613
1794
1630
1580
1680
1767
1743
1793
1770
1789
1781
1732
1937
1779
1575
1720
1719
1649
1743
1704
1686
1702
1798
1788
1778
1689
1779
1747
1680
1751
1715
1705
1794
1736
1759
1694
1720
1710
1702
1797
1728
1807
1714
1694
1625
1723
1786
1836
1765
1851
1762
1890
1842
1696
1744
1688
1770
1786
1813
1581
1719
1685
1785
1647
1721
1730
1760
1812
1772
1856
1780
1792
1773
1753
1799
1779
1658
1751
1785
1705
1758
1760
1796
1731
1714
1766
1717
1798
1765
1781
1879
1798
1834
1712
1774
1683
1688
1835
1714
1687
1638
1691
1748
1569
1766
1720
1717
1692
1764
1714
1699
1677
1684
1769
1704
1704
1707
1677
1713
1760
1694
1792
1680
1752
1694
1712
1693
1648
1794
1716
1739
1677
1681
1803
1691
1661
1811
1820
1782
1748
1745
1770
1720
1816
1737
1775
1745
1753
1750
1739
1811
1766
1825
1825
1736
1784
1735
1773
1820
1723
1879
1705
1773
1735
1827
1661
1774
1638
1691
1748
1714
1687
1791
1835
1705
1741
1708
1829
1774
1692
1706
1771
1719
1656
1752
1750
1768
1674
1613
1783
1682
1848
1664
1711
1846
1810
1682
1734
1821
1710
1712
1922
1723
1711
1654
1900
1775
1801
1642
1880
1818
1801
1701
1771
1791
1740
1831
1765
1627
1744
1698
1673
1798
1758
1801
1673
1777
1775
1775
1725
1825
1810
1748
1693
1697
1723
1908
1838
1702
1725
1719
1807
1761
1755
1761
1743
1779
1788
1925
1737
1743
1686
1724
1723
1806
1813
1826
1765
1792
1776
1778
1747
1821
1819
1703
1707
1739
1862
1822
1879
1828
1711
1697
1806
1748
1768
1679
1878
1718
1811
1726
1795
1772
1808
1733
1736
1682
1738
1642
1661
1842
1753
1781
1729
1804
1748
1805
1723
1787
1785
1771
1806
1770
1903
1849
1857
1826
1732
1791
1733
1668
1738
1787
1684
1633
1645
1732
1719
1764
1745
1784
1799
1828
1766
1726
1795
1794
1847
1664
1660
1794
1717
1669
1716
1758
1697
1840
1739
1801
1725
1763
1780
1807
1860
1735
1806
1711
1734
1733
1646
1735
1800
1805
1726
1684
1842
1737
1839
1706
1755
1856
1801
1774
1810
1711
1765
1713
1797
1756
1760
1769
1638
1742
1863
1846
1715
1835
1892
1745
1834
1705
1686
1737
1738
1838
1802
1755
1772
1745
1666
1839
1709
1820
1798
1771
1763
1817
1777
1788
1765
1704
1786
1728
1762
1703
1786
1653
1669
1787
1804
1882
1799
1828
1790
1874
1729
1699
1699
1779
1860
1784
1729
1741
1709
1693
1748
1731
1660
1748
1804
1797
1825
1719
1790
1752
1793
1838
1740
1787
1776
1789
1809
1803
1747
1711
1702
1763
1786
1749
1769
1784
1718
1743
1856
1692
1728
1767
1789
1796
1870
1843
1792
1847
1802
1788
1731
1796
1755
1834
1692
1744
1823
1795
1804
1819
1815
1823
1771
1762
1815
1673
1832
1778
1766
1788
1746
1722
1676
1755
1815
1863
1798
1746
1764
1721
1711
1803
1720
1742
1834
1844
1751
1784
1758
1701
1893
1838
1745
1625
1672
1726
1781
1828
1739
1814
1762
1823
1763
1822
1889
1746
1849
1823
1846
1897
1876
1799
1744
1714
1824
1692
1818
1752
1846
1739
1760
1750
1758
1794
1710
1839
1793
1808
1854
1853
1822
1788
1829
1856
1865
1705
1708
1835
1863
1754
1832
1736
1714
1750
1846
1754
1897
1734
1715
1747
1787
1788
1810
1749
1787
1683
1880
1886
1815
1821
1780
1837
1776
1747
1787
1845
1821
1786
1706
1806
1783
1878
1757
1914
1792
1812
1805
1748
1832
1768
1832
1808
1794
1793
1796
1795
1726
1772
1723
1814
1826
1882
1796
1806
1735
1779
1858
1725
1830
1689
1766
1846
1775
1794
1735
1871
1855
1787
1813
1736
1874
1753
1751
1816
1799
1804
1791
1747
1882
1744
1751
1780
1734
1738
1739
1849
1809
1760
1718
1758
1988
1727
1749
1797
1847
1885
1783
1779
1833
1698
1729
1814
1746
1869
1793
1855
1682
1803
1754
1834
1798
1801
1765
1821
1815
1812
1693
1779
1762
1774
1809
1738
1787
1778
1695
1760
1856
1752
1816
1806
1810
1777
1718
1825
1745
1831
1679
1771
1826
1764
1709
1786
1725
1871
1744
1815
1855
1838
1785
1872
1824
1855
1765
1796
1859
1723
1833
1808
1819
1798
1942
1703
1753
1802
1756
1805
1753
1665
1835
1769
1732
1743
1764
1850
1860
1784
1823
1907
1816
1761
1789
1765
1688
1723
1606
1804
1804
1813
1808
1875
1795
1764
1723
1852
1792
1769
1865
1728
1843
1797
1835
1805
1733
1878
1741
1856
1826
1771
1844
1843
1864
1784
1876
1866
1727
1860
1854
1891
1868
1844
1724
1806
1674
1755
1812
1769
1834
1900
1891
1779
1792
1861
1862
1761
1803
1849
1864
1696
1695
1721
1774
1816
1818
1789
1894
1755
1867
1773
1861
1897
1794
1810
1746
1678
1825
1747
1798
1682
1753
1720
1814
1757
1855
1744
1821
1834
1842
1868
1898
1815
1810
1951
1812
1737
1780
1809
1880
1801
1866
1849
1802
1908
1872
1754
1759
1815
1800
1813
1699
1744
1743
1681
1696
1782
1813
1819
1830
1843
1830
1787
1820
1716
1770
1839
1872
1788
1828
1782
1741
1832
1773
1736
1797
1791
1806
1805
1704
1935
1814
1816
1845
1739
1813
1768
1865
1787
1731
1816
1767
1732
1800
1859
1769
1777
1830
1817
1765
1852
1968
1849
1765
1915
1759
1777
1772
1767
1790
1748
1769
1856
1821
1923
1703
1830
1766
1777
1789
1724
1858
1829
1835
1773
1749
1746
1872
1870
1825
1832
1748
1784
1772
1894
1810
1798
1828
1848
1810
1816
1852
1984
1827
1838
1741
1766
1876
1794
1929
1828
1818
1819
1761
1740
1794
1895
1883
1861
1816
1796
1879
1783
1948
1664
1694
1862
1900
1778
1843
1824
1889
1837
1877
1886
1805
1801
1832
1925
1830
1795
1673
1854
1875
1837
1878
1846
1855
1752
1771
1763
1798
1797
1733
1727
1703
1799
1824
1783
1884
1869
1826
1935
1856
1876
1773
1851
1805
1860
1807
1802
1788
1747
1893
1812
1817
1871
1824
1787
1792
1837
1725
1822
1731
1877
1962
1861
1807
1785
1905
1962
1866
1898
1771
1941
1801
1766
1842
1873
1829
1884
1740
1793
1898
1887
1891
1923
1651
1728
1732
1855
1807
1720
1888
1857
1824
1754
1740
1880
1729
1830
1914
1774
1839
1818
1718
1757
1797
1826
1753
1856
1854
1877
1800
1819
1818
1874
1804
1880
1940
1783
1771
1773
1872
1807
1947
1890
1850
1866
1803
1847
1913
1811
1879
1853
1917
1960
1739
1778
1782
1811
1738
1851
1813
1956
1931
1762
1825
1826
1801
1805
1830
1904
1814
1863
1935
1874
1669
1759
1915
1856
1865
1895
1809
1902
1840
1839
1769
1812
1825
1868
1823
1847
1820
1819
1817
1850
1869
1772
1841
1861
1846
1959
1864
1742
1856
1912
1867
1760
1869
1818
1847
1779
1868
1857
1812
1812
1924
1780
1907
1834
1981
1869
1790
1836
1900
1840
1916
1861
1860
1781
1782
1829
1891
1827
1835
1845
1876
1837
1891
1868
1928
1994
1787
1914
1845
1888
1781
1958
1901
1829
1873
1911
1877
1762
1843
1731
1748
1763
1813
1874
1929
1716
1877
1740
1940
1870
1847
1942
1776
1779
1778
1820
1785
1838
1829
1874
1773
1887
1933
1815
1866
1785
1862
1843
1861
1842
1913
1796
1896
1857
1925
1814
1823
1831
1880
1928
1951
1885
1859
1856
1837
1856
1902
1855
1834
1815
1824
1893
1804
1813
1834
1844
1844
1901
1722
1865
1929
1947
1753
1822
1842
1848
1801
1914
1753
1857
1846
1903
1901
1883
1789
1777
1803
1915
1840
1838
1857
1970
1877
1848
1867
1773
1975
1932
1920
1775
1807
1789
1941
1739
1782
1819
1900
1879
1889
1919
1871
1845
1862
1844
1830
1951
1836
1872
1890
1812
1920
1876
1793
1853
1852
1922
1803
1837
1798
1847
1816
1809
1771
1860
1892
1938
1954
1867
1814
1938
1886
1852
1801
1879
1901
1783
1757
1900
1800
1923
1869
1743
1935
1939
1751
1852
1909
1842
1847
1904
1963
1864
1863
1950
1870
1824
1891
1973
1817
1890
1849
1875
1866
1916
1886
1878
1851
1825
1864
1845
1955
1969
1823
1913
1905
1889
1740
1820
1842
1819
1923
1796
1952
1924
1828
1862
1833
1830
1802
1868
1910
1822
1898
1881
1870
1889
1867
1878
1823
1878
1756
1909
1879
1831
1978
1969
1834
2037
1871
1954
1826
1913
1904
1838
1821
1799
1857
1897
1816
1942
1868
1937
1945
1944
1939
1891
1821
1980
1849
1767
1797
1916
1867
1901
1914
1913
1961
2062
1893
1884
1905
1889
1792
1928
1937
1952
1832
1766
1830
1869
1839
1870
1866
1828
1871
1831
1954
1854
1895
1993
1932
1903
2050
1873
1900
1938
1883
1966
1980
1913
1817
1948
1947
1923
1898
1919
1866
1854
1869
1969
1917
1894
1930
1892
1940
1803
1985
1977
1926
1954
1926
1973
1896
1932
2049
1994
1972
1941
1936
1928
1828
2038
1961
1892
1951
1797
1949
1826
1976
1895
1970
2046
1995
1944
1947
1957
1887
1842
1998
1954
1797
1962
1854
1871
2009
1871
1853
2047
1992
1959
1931
1976
1920
1897
1932
1840
1951
1956
1931
2058
1903
2004
2025
2002
1959
1965
1967
1887
2016
1968
1920
2030
1851
1898
1875
1942
1965
1922
2007
1958
1933
2017
1967
1968
1917
1899
1996
2060
1867
2046
2046
1991
2026
1973
2022
2018
2001
2004
1938
1965
2004
1974
1935
2053
1939
1980
1891
1991
2068
2070
1980
2055
2038
1936
1997
1911
2017
2081
2061
2036
2000
2069
1972
2024
1947
1969
2041
1977
1959
1963
2008
2065
2134
1953
1932
1996
2026
1976
2057
1968
1933
1963
1976
1914
1997
2001
2073
2012
2018
2048
2017
2059
2113
1896
2076
2032
2079
1983
2008
2011
2014
1954
1933
2099
1996
2143
2202
2060
2125
2061
2062
2039
2048
1984
2094
2024
2154
2053
2033
2106
2070
2110
1998
2097
2082
2142
2038
2153
2020
2061
2023
1982
2157
2045
2090
2085
2172
2046
2036
2060
2035
2016
2081
2067
2184
2067
2156
2024
2113
2085
2010
2038
2094
2171
2040
2041
2087
2037
2078
2039
2191
2084
2171
2224
2085
2104
2082
2177
2166
2121
2176
2191
2089
2134
2233
2124
2094
2218
2086
2169
2273
2274
2128
2155
2215
2174
2215
2311
2229
2094
2226
2190
2198
2149
2236
2272
2093
2131
2177
2215
2084
2247
2180
2198
2136
2160
2250
2223
2308
2175
2204
2266
2150
2353
2323
2167
2198
2223
2098
2176
2262
2176
2193
2179
2164
2218
2195
2305
2307
2284
2327
2277
2160
2281
2247
2171
2302
2300
2212
2210
2239
2319
2352
2407
2299
2257
2228
2355
2337
2363
2286
2356
2256
2244
2380
2288
2323
2305
2331
2293
2276
2338
2378
2380
2331
2338
2314
2353
2419
2339
2489
2330
2353
2389
2303
2325
2405
2380
2269
2417
2519
2449
2301
2458
2510
2477
2469
2391
2364
2445
2475
2499
2473
2359
2459
2426
2472
2477
2500
2493
2483
2457
2409
2424
2413
2431
2484
2487
2532
2372
2503
2560
2580
2599
2657
2487
2632
2582
2580
2511
2594
2586
2616
2552
2585
2554
2645
2513
2639
2696
2613
2597
2657
2670
2714
2693
2631
2681
2720
2571
2832
2543
2730
2750
2818
2709
2631
2768
2680
2786
2735
2809
2735
2912
2709
2804
2703
2826
2837
2836
2735
2803
2755
2750
2782
2721
2837
2924
2860
2811
2853
2871
2896
3028
2881
2861
3004
2956
2875
2969
2964
2972
2921
3041
2958
3154
2989
2940
3008
2983
3051
2965
3007
2998
3098
3092
3038
3079
3229
3156
3201
3059
3111
3234
3088
3155
3186
3104
3169
3070
3169
3185
3130
3133
3105
3222
3078
3104
3148
3263
3175
3266
3289
3289
3329
3217
3281
3145
3289
3212
3179
3357
3420
3414
3469
3324
3375
3397
3440
3429
3501
3500
3538
3466
3439
3391
3486
3447
3399
3440
3514
3535
3597
3662
3569
3676
3666
3662
3618
3629
3705
3595
3668
3676
3893
3735
3773
3815
3806
3799
3881
3892
3824
3998
3929
4040
4023
3983
4076
3986
4122
3963
4188
4082
4178
4067
4046
4144
4081
4081
4316
4195
4184
4235
4141
4286
4312
4380
4361
4239
4393
4296
4425
4340
4536
4451
4452
4332
4333
4308
4674
4660
4642
4595
4766
4564
4665
4637
4709
4826
4775
4640
4739
4760
4834
4847
4810
5043
4905
4809
4917
4971
4990
4941
5013
4993
5205
5085
5120
5098
5248
5145
5199
5199
5197
5292
5319
5262
5293
5357
5252
5436
5453
5448
5567
5610
5539
5517
5528
5624
5691
5674
5770
5877
5821
5659
5890
5677
5794
5898
6006
5989
5951
6000
5986
5909
6152
6001
6141
6008
6166
6203
6303
6137
6374
6213
6367
6452
6334
6345
6574
6646
6455
6614
6549
6337
6733
6592
6730
6618
6925
6808
6893
6952
6909
6684
6821
6791
6746
7055
7159
7090
7114
7186
7145
7269
7347
7195
7259
7468
7395
7587
7590
7777
7599
7604
7648
7700
7784
7890
7769
7874
7744
8047
7863
7979
7770
7982
7847
7953
7839
7817
7621
7889
8003
8169
8366
8364
8347
8440
8692
8709
8698
8629
8713
8994
8759
8840
8954
9008
8937
9221
9174
9143
8959
8934
9180
9219
9352
9244
9377
9268
9566
9521
9373
9313
9511
9487
9460
9512
9664
9653
9826
9828
9839
9901
9807
9929
10245
10281
10256
10071
10344
10456
10344
10273
10285
10291
10052
9958
10064
9982
10212
10231
10496
10740
10748
11060
11040
11200
11055
10988
11125
11196
11159
11293
11202
11429
11656
11357
11462
11652
11460
11497
11778
11572
11631
11777
11844
11871
11946
11883
11745
11598
11956
12090
12021
12053
12212
11950
12138
12219
12461
12572
12593
12432
12602
12756
12707
12628
12608
12849
12621
12915
12613
13114
12954
13067
13222
13188
13018
13074
13347
13153
13349
12977
13253
13343
13445
13589
13471
13616
13751
13921
13818
13750
13746
14007
13802
14146
13824
13828
13948
14147
14072
14018
14029
14166
14183
14255
14623
14437
14611
14399
14593
14357
14533
14761
14464
14739
14592
14761
14628
14764
14791
14926
15143
15135
15218
15000
14943
15226
15327
15250
15123
15133
15385
15262
15162
15290
15092
15215
15426
15220
14788
15386
15586
15493
15613
15826
15782
15839
15451
15588
15936
16108
15981
16081
15907
15995
16111
15914
15916
15956
16159
16206
16390
16313
16210
16564
16261
16524
16398
16227
16606
16295
16582
16538
16296
16496
16398
16681
16677
16457
16629
16884
16765
16613
16778
16758
16879
16690
17131
17061
16848
17010
17239
17094
17288
17124
16971
16850
17270
17337
17492
17158
16986
17295
17436
17007
17239
17217
17028
16950
16910
17199
17156
17373
17385
17444
17374
17492
17532
17444
17469
17391
17578
17274
17509
17517
17272
17383
17653
17384
17744
17795
17577
17774
17607
17715
17725
17337
17436
17648
17640
17883
17514
17101
17658
17549
17315
17676
17600
17783
17890
17896
17848
17800
17634
17609
17536
17717
17952
17652
17615
17737
17440
17745
18077
17589
17506
17845
17648
17749
17540
17685
17550
17729
17673
17576
17581
17538
17510
17734
17580
17591
17725
17481
17684
17530
17487
17572
17452
17215
17291
17257
17725
17381
17391
17229
17369
17617
17397
17458
17497
17247
17498
17250
17177
17386
17293
17227
17216
17252
17566
17194
17300
17141
17076
17010
17152
16928
16914
16980
17035
16863
16698
16734
16781
16803
16752
16986
16839
16747
16758
16825
16832
16729
16610
16752
16802
16693
16408
16372
16673
16488
16478
16460
16692
16632
16306
15995
16224
16246
16160
16291
16004
16029
16216
16259
15960
15841
16318
15933
15805
15820
15902
15936
16104
15916
15801
15689
15730
15640
15456
15480
15304
15529
15366
15350
15434
15290
15579
15273
15201
15252
15258
14660
15043
15049
15019
14837
15075
15162
14950
14902
14999
14678
14902
14623
14592
14585
14575
14611
14592
14560
14548
14666
14307
14246
14282
14295
14252
14254
14051
14272
14025
14092
13825
14034
13824
14181
13891
14066
13680
13592
13613
13626
13563
13734
13362
13960
13484
13500
13674
13223
13065
13096
13160
13077
12949
12761
12913
12738
12866
12584
12806
13033
12874
12896
12731
12722
12544
12490
12711
12277
12249
12008
12090
12057
11937
11858
11858
11963
11815
11737
11832
11940
11805
12289
11766
11830
11774
11887
11812
11440
11889
11580
11508
11612
11327
11426
11126
11247
11110
11532
11328
10928
11184
11128
11249
11167
10825
10945
10918
10915
10468
10660
10716
10685
10724
10470
10564
10513
10381
10534
10206
10411
10247
10148
10255
10372
10177
9886
10377
10058
10078
9908
9854
9836
9628
9673
9584
9779
9483
9229
9452
9685
9202
9384
9194
8797
8891
9073
9074
9129
9026
8923
8775
8929
8939
8963
8748
8671
8722
8603
8875
8611
8578
8485
8657
8687
8675
8457
8340
8358
8304
8456
8233
8124
8006
7876
8110
7986
7881
7897
7959
7856
7879
7918
8030
7866
7731
7560
7546
7563
7543
7576
7348
7346
7167
7260
7336
7104
7110
7170
7241
7087
6927
7171
7005
6891
6811
6845
6928
6654
6547
6771
6785
6701
6555
6691
6729
6677
6464
6558
6456
6514
6311
6380
6216
6177
6229
6267
6150
6219
6218
6231
5967
6069
6006
5930
5915
5911
5838
5743
5899
5780
5738
5760
5849
5563
5594
5584
5589
5500
5484
5471
5266
5548
5289
5371
5328
5389
5236
5150
5157
5143
5253
5050
5012
5028
4891
4788
4823
4863
4839
4759
4845
4793
4871
4847
4937
4914
4859
4690
4674
4715
4601
4613
4509
4571
4533
4482
4643
4490
4425
4404
4336
4333
4236
4352
4383
4332
4364
4185
4177
4118
4226
4079
4171
3989
3990
4130
4022
4009
3921
4191
3901
3984
3877
3899
3725
3802
3788
3646
3746
3712
3705
3522
3713
3642
3773
3729
3578
3582
3648
3706
3592
3533
3416
3547
3449
3432
3377
3437
3430
3478
3440
3256
3360
3304
3395
3282
3316
3297
3074
3168
3281
3148
3309
3168
3232
3230
3197
3082
3047
3053
3179
3030
3018
3110
3053
3017
2858
3049
3018
2937
2980
3124
2896
2973
2837
3050
2871
2844
2704
2834
2837
2762
2786
2892
2660
2794
2695
2788
2665
2868
2747
2821
2679
2840
2602
2665
2715
2647
2626
2690
2449
2458
2538
2471
2581
2490
2448
2583
2577
2577
2710
2625
2533
2560
2510
2565
2582
2515
2491
2370
2467
2392
2516
2414
2422
2400
2388
2348
2440
2432
2385
2382
2431
2258
2361
2406
2410
2393
2363
2397
2324
2282
2208
2245
2300
2388
2304
2308
2373
2270
2323
2282
2216
2368
2251
2279
2185
2223
2213
2245
2221
2230
2231
2261
2299
2180
2158
2237
2274
2365
2195
2163
2207
2097
2162
2181
2071
2196
2060
2125
2189
2088
2116
2240
2234
2241
2181
2308
2149
2204
2177
2205
2065
2128
2200
2200
2147
2204
2104
2205
2102
2245
1950
2133
2175
2033
2049
2109
2115
2108
2150
2086
2067
2147
2017
2089
2067
2129
2056
2144
2066
1946
2103
2063
2025
2136
2057
2093
2052
2072
1985
2141
2111
2101
2042
1947
2013
2019
2066
2039
2093
2062
2079
2043
2070
2081
2047
2056
2153
2012
2054
2130
2042
2028
2001
2049
1928
1908
2050
1988
1933
2009
2006
2016
1971
2075
2027
2067
1999
2074
1998
2006
1986
2052
1901
1988
2063
1981
2019
2113
2037
2027
1999
2020
2073
2071
2081
1926
1887
2142
2081
1889
1928
1927
2027
2039
1957
1983
1969
2072
2014
2007
1999
2064
1999
1992
1926
2001
1875
2017
1876
2126
1924
1848
1908
1922
1939
1876
1924
1852
1959
1976
1988
1949
1905
2139
1891
1959
1951
1939
2026
1952
1958
2078
1890
1983
1896
1987
1949
1942
1968
2007
1993
1957
1955
2002
1949
2039
1979
1893
1933
1977
1915
2018
1971
1984
1898
1910
1950
2022
1842
1875
1933
2018
1883
1932
1923
1856
1964
1911
1815
1933
1966
1876
1843
1948
2056
2007
1868
1779
1912
1989
1849
1891
1978
2023
1900
1908
1936
1910
1958
1872
1919
1949
1857
1878
1916
1867
1930
1830
1844
1921
1901
1863
1886
1965
1867
1953
1868
1879
1944
1966
1960
1915
1889
1890
1726
1884
1927
1837
1952
1949
1870
1964
1960
1910
1932
1914
1954
1868
1848
1843
1905
1807
1874
1986
1819
1896
1913
1936
1888
1956
1888
1915
1858
1900
1944
2011
1771
1883
1786
1785
1825
1845
1891
1951
1872
1884
1771
1759
1901
1917
1848
1803
1822
1884
1875
1888
1759
1798
1868
1770
1904
1855
1917
1954
1924
1797
1828
1902
1843
1832
1808
1907
1936
1840
1900
1817
1898
1949
1740
