2724
2725
2483
2688
2564
2849
2496
2671
2706
2534
2635
2495
2575
2463
2337
2755
2743
2481
2551
2701
2322
2504
2451
2628
2741
2627
2710
2460
2527
2613
2704
2542
2473
2431
2419
2604
2396
2687
2610
2683
2545
2546
2398
2627
2818
2518
2636
2438
2644
2688
2976
2669
2746
2485
2524
2560
2462
2407
2563
2526
2480
2538
2690
2575
2461
2433
2415
2381
2635
2667
2611
2410
2537
2545
2530
2528
2522
2521
2496
2436
2751
2526
2651
2513
2546
2752
2628
2362
2635
2561
2561
2817
2740
2732
2414
2788
2525
2758
2914
2472
2582
2465
2686
2528
2630
2670
2497
2610
2428
2584
2656
2374
2716
2653
2701
2351
2479
2685
2720
2708
2514
2591
2501
2613
2653
2754
2928
2622
2440
2681
2616
2525
2611
2543
2555
2505
2735
2664
2635
2484
2633
2633
2416
2543
2761
2718
2632
2560
2539
2594
2722
2539
2826
2540
2320
2495
2653
2663
2744
2496
2834
2518
2482
2495
2449
2568
2917
2546
2727
2494
2634
2563
2534
2451
2566
2360
2589
2697
2722
2565
2572
2841
2843
2489
2695
2773
2530
2590
2778
2615
2676
2510
2661
2577
2495
2580
2535
2698
2599
2767
2471
2570
2729
2555
2471
2551
2639
2716
2668
2676
2580
2685
2809
2636
2532
2516
2792
2563
2695
2523
2732
2581
2683
2578
2962
2692
2596
2565
2525
2685
2371
2552
2756
2538
2490
2695
2560
2555
2639
2574
2710
2649
2415
2632
2695
2591
2625
2728
2444
2700
2524
2724
2680
2704
2623
2659
2570
2512
2849
2608
2605
2739
2516
2736
2443
2683
2545
2572
2591
2716
2778
2704
2779
2777
2489
2685
2821
2508
2528
2789
2741
2480
2705
2462
2845
2505
2544
2715
2669
2701
2591
2589
2733
2571
2834
2533
2687
2602
2611
2640
2642
2799
2533
2619
2487
2491
2618
2761
2587
2789
2614
2988
2938
2660
2527
2636
2845
2628
2787
2594
2748
2397
2705
2678
2592
2465
2874
2698
2618
2696
2616
2575
2540
2664
2550
2777
2629
2475
2525
2555
2845
2705
2736
2409
2605
2697
2685
2675
2672
2839
2672
2668
2624
2592
2902
2706
2602
2702
2642
2717
2470
2720
2799
2495
2815
2533
2541
2502
2687
2667
2432
2603
2643
2595
2525
2514
2660
2466
2580
2693
2560
2717
2437
2624
2540
2582
2701
2536
2626
2496
2547
2730
2555
2598
2745
2562
2586
2628
2649
2660
2808
2736
2616
2701
2691
2611
2702
2792
2554
2675
2809
2722
2740
2738
2602
2782
2690
2779
2708
2783
2816
2660
2769
2839
2702
2601
2644
2420
2539
2715
2536
2735
2731
2712
2703
2621
2869
2644
2625
2634
2668
2676
2465
2464
2720
2700
2604
2739
2594
2811
2566
2671
2550
2780
2606
3073
2566
2625
2900
2513
2536
2689
2608
2631
2614
2902
2724
2762
2564
2891
2659
2802
2574
2776
2857
2689
2807
2416
2779
2400
2531
2527
2755
2680
2789
2475
2861
2525
2648
2835
2655
2674
2524
2504
2780
2810
2907
2738
2633
2398
2814
2770
2522
2579
2854
2747
2710
2515
2585
2497
2673
2639
2821
2786
2713
2776
2765
2708
2435
2592
2934
2712
2705
2710
2586
2894
2635
2723
2694
2742
2612
2689
2707
2842
2714
2812
2736
2745
2728
2834
2600
2868
2898
2650
2757
2461
2878
2567
2482
2661
2719
2903
2669
2654
2893
2678
2757
2797
2644
3056
2603
2731
2646
2702
2750
2806
2805
2606
2744
2623
2593
2553
2667
2641
2587
2852
2790
2661
2545
2784
2727
2626
2754
2619
2489
2710
2742
2903
2738
2780
2816
2743
2781
2648
2642
2611
2750
2639
2629
2539
2648
2593
2507
2778
2646
2798
2599
2633
2822
2586
2586
2571
2734
2725
2695
2766
2580
2820
2623
2763
2610
2764
2910
2588
2612
2754
2490
2720
2841
2766
2723
2507
2751
2688
2948
2435
2586
2690
2680
2846
2599
2751
2656
2788
3028
2969
2928
2633
2727
2716
2845
2586
2567
2658
2709
2560
2693
2759
2676
2862
2724
2604
2790
2894
2615
2673
2830
2747
2757
2743
2737
2676
2681
2845
2799
2701
2691
2650
2612
2967
2797
2571
2501
2532
2675
2829
2792
2614
2757
2739
2684
2680
2738
2689
2817
2694
2709
2922
2718
2685
2805
2877
2679
2571
2580
2718
2740
2753
2708
2810
2542
2645
2746
2826
2757
2662
2618
2672
2716
2791
2775
2722
2946
2783
3002
2684
2701
2536
2888
2542
2895
2863
2860
2600
2686
2827
2924
2618
2797
2797
2860
2787
2550
2783
2816
2758
2651
2520
2734
2684
2806
2678
2758
2770
2774
2670
2711
2729
2740
3011
2827
2657
2803
2800
2605
2888
2795
2914
2743
2698
2733
2758
2642
2783
2797
2758
2787
2752
2936
2891
2816
2892
2929
2941
2826
3075
2706
2748
2585
2789
2751
2785
2852
2900
2750
2831
2896
2730
2713
2507
2889
2883
2745
2771
2747
2830
2735
2696
2705
3017
2626
2750
2871
2688
2742
2886
2663
2780
2718
2901
2790
3071
2711
2718
2717
2754
2879
2802
2809
2715
2655
2662
3050
2749
2817
2590
3024
2842
2711
2552
2739
2949
2806
2569
2640
2825
2798
2728
2952
2958
2874
2750
2642
2730
2642
3021
2821
2733
2870
2700
2901
2889
2820
2637
2739
2894
2957
3122
2677
2783
2529
2536
2735
2789
2575
2907
2843
2760
2925
2674
2838
2817
2683
2758
2702
2886
2700
2741
2710
2727
2641
2981
2886
2972
2777
2573
2861
2843
2884
2677
2914
2812
2901
2753
2739
3025
2821
2598
2845
2762
3034
2626
3088
2855
2868
2811
3000
2740
2700
2815
2858
2727
2857
2793
2905
2884
2753
2716
2932
2756
2821
2550
2908
2886
2779
2888
2661
2634
2811
2692
2754
2879
2930
2789
2946
2683
2970
2645
2785
2704
2714
2619
2781
2678
2827
2798
2812
2748
2941
2795
2723
2898
2954
2803
3010
2995
2675
2761
2744
3079
2882
2755
2898
2852
2899
2919
2858
2718
2861
2729
2834
2809
2768
2748
2979
2771
2757
2783
2810
2846
2762
2641
2934
2701
2986
2779
2722
2625
2668
2637
2848
2973
2698
2861
3092
2742
2734
2797
2794
2947
2711
2824
2752
3036
2635
2762
2905
2680
3018
2931
2861
2772
2661
2914
2772
2722
2729
2802
2721
2544
2922
2737
2781
2729
2869
2860
2773
2783
2621
2799
2808
2767
3232
2729
2734
2825
2980
2720
2890
2972
2957
2860
2731
2911
2895
2968
3025
3065
2824
2782
2716
2950
2832
2968
2795
2725
2735
2763
2585
2904
2871
2800
2712
2680
3039
2712
2774
2896
2702
2580
2871
2831
2866
2798
2798
2913
3074
2703
2909
2779
2969
2837
2869
3054
2680
2993
2836
2918
2846
2758
2839
2586
2717
2688
2687
2713
2698
2678
2972
2797
2886
2804
2774
2940
2782
2982
2605
2771
3006
2800
2933
2838
2797
2688
2874
2853
2943
3064
2900
2861
2885
2846
3158
2959
2941
2892
2743
2828
2864
2971
2847
2879
2762
2921
2899
2917
2840
2934
2924
2988
2794
2797
2853
3177
2862
2672
2858
2951
2690
2795
2861
2658
2816
2773
2923
2557
3038
2633
3127
2740
2974
2936
2618
2959
2824
2927
2967
2827
2888
2873
2969
2889
2950
2832
2818
2707
2971
2852
2803
3149
2791
2895
3000
2906
3015
2821
2840
2746
2785
3074
2924
2950
2799
2783
2878
2856
2637
2848
2942
2897
2914
2775
2846
2914
2842
3030
2715
2815
2861
3019
2864
2817
2825
2885
2952
3108
3053
2718
2780
2978
2980
2942
2902
2845
2760
2878
3019
2905
2894
2826
2938
2964
2825
2933
2891
2807
2946
2804
2904
2769
2930
3089
2988
3015
2999
2916
2935
2795
3007
2771
2919
2887
2837
2860
2882
2840
2975
2731
3000
2675
2806
2941
2864
2845
2971
2860
3080
3079
2810
2936
2841
3006
3121
2926
2877
2945
3015
2799
2950
3015
2979
2752
2859
2943
2727
2847
2741
2960
2988
2789
2800
2800
2970
3014
2854
3001
2746
2944
2710
2910
2940
2838
2877
2823
2927
2930
2880
3147
2958
2916
2948
2913
2980
2959
3260
2966
3093
2697
3046
2828
2968
3052
2852
2945
2825
2990
2946
3051
2926
2789
2928
2972
2979
2940
2941
3093
3111
2958
3058
2925
2916
2916
2986
2782
2877
2857
3318
2924
2997
2875
2975
3042
2842
2911
3192
2971
2857
2969
3030
2682
3032
3052
2949
2776
3029
2979
3050
2905
2910
2965
2873
2993
3188
2827
3094
3028
2916
2945
3027
3142
2827
3047
2947
3112
3063
2981
2951
2837
3033
3011
2872
3066
2946
3056
3024
2897
3007
2934
2889
3108
2818
2944
2923
3235
3222
2820
2981
3088
3050
2940
2908
3015
2885
2886
2971
2998
2919
2984
2985
3044
2842
2954
3067
3039
3025
2880
3106
2844
2867
2938
3092
2955
2976
2986
3044
3096
3210
2986
2924
2901
2940
3251
2914
2980
2860
2746
2954
3219
2999
3054
2915
2919
2763
2781
2900
3044
3169
2876
3039
2931
2788
3015
3008
3049
2829
2988
2887
3010
3040
3086
2897
2983
2910
3141
2966
2911
2986
3097
3171
3014
3159
3141
2964
3079
3083
3039
3157
3126
3026
2966
2946
3120
2879
2985
3121
3290
3236
2837
3021
2917
3121
3046
2911
3091
3104
3088
3104
2925
3175
2923
3065
2938
3232
3130
2941
2939
3052
3001
2953
3013
2992
2994
3167
3003
2911
3199
3224
3183
3043
3000
2949
3217
2943
2940
2995
3138
3098
3192
3035
2962
3279
3063
3114
3134
3227
3060
3231
3067
3068
3164
3084
3077
2942
3017
3052
2948
3093
3145
2983
2935
3048
2927
3021
3069
3175
3161
3275
3003
3204
3000
2885
2992
3037
3196
3027
2971
3264
2973
3244
2950
2890
3150
3070
2968
3074
3075
3245
3167
3010
3212
3079
3229
2964
3180
3331
3285
3312
3107
3213
3169
3092
3235
2974
3158
3116
3049
3097
3255
3029
3087
3055
3265
3316
3111
3091
2978
2998
2988
3092
3035
2906
3036
3169
3115
3032
3111
3104
3224
3041
3239
3119
3337
3079
3294
3195
3140
3251
3165
3146
3075
3188
3298
2976
3269
3261
3111
3250
3083
3213
3035
3366
3201
3172
3236
3117
3170
3120
3159
3294
3115
3210
3267
3121
3077
3203
3142
3246
2994
3128
3177
3085
3090
3230
3230
3456
3006
3343
3150
3177
3343
3125
3190
3315
3064
3332
3220
3213
3254
3049
3121
3214
3140
3084
3218
3077
3400
3077
3146
3315
3184
3176
3220
3336
3225
3077
3187
3276
3410
3245
3153
3247
3192
3227
3393
3197
3094
3129
3111
3287
3250
3140
2979
3314
3410
2944
3319
3380
3472
3258
3300
3352
3384
3209
3296
3296
3303
3366
3077
3212
3226
3517
3210
3283
3456
3273
3340
3335
3298
3374
3379
3286
3234
3386
3298
3338
3486
3371
3222
3296
3167
3250
3089
3288
3288
3327
3313
3388
3435
3473
3205
3380
3275
3256
3472
3292
3457
3317
3403
3530
3316
3398
3286
3319
3418
3438
3407
3302
3357
3554
3377
3506
3394
3339
3324
3391
3581
3385
3594
3223
3484
3197
3353
3459
3638
3411
3508
3702
3381
3505
3366
3350
3398
3439
3325
3386
3488
3510
3367
3600
3489
3637
3579
3594
3499
3654
3417
3622
3502
3474
3508
3701
3508
3467
3451
3465
3416
3604
3612
3387
3533
3448
3668
3677
3673
3556
3642
3553
3392
3705
3474
3643
3671
3636
3357
3565
3664
3719
3626
3534
3711
3591
3644
3688
3526
3568
3458
3541
3609
3858
3534
3834
3497
3598
3592
3477
3776
3622
3657
3660
3669
3624
3474
3958
3653
3728
3772
3873
3760
3924
3729
3714
3689
3645
3741
3572
3704
3443
3633
3543
3869
3852
3736
4003
3699
3856
3768
3747
4042
3667
3590
3623
3725
3818
3775
3980
3974
3812
3975
3773
3699
3727
3724
3710
4027
3776
3787
3741
3865
3823
3821
3980
4094
4138
3693
4175
3804
3870
4006
3856
3923
4150
3857
4004
4038
3988
4137
4021
4168
4152
4118
3890
3921
3967
4063
4313
3814
4060
4106
4161
4156
4272
4242
4057
4139
4160
4002
4366
4106
4203
4108
4195
4122
4129
4180
4306
4158
4278
4286
4168
4032
4308
4196
4254
4299
4225
4366
4135
4546
4198
4386
4260
4196
4332
4498
4324
4188
4359
4340
4333
4385
4336
4196
4462
4253
4569
4316
4645
4384
4334
4484
4400
4315
4445
4472
4336
4811
4499
4612
4628
4657
4597
4629
4717
4566
4593
4692
4689
4553
4719
4725
4861
4613
4500
4812
4829
4732
4722
4680
4875
4760
4851
4768
4666
4687
4885
4866
4758
4940
4681
5043
4922
4860
4827
4799
4836
5070
4898
4757
5181
5198
5096
4901
5062
5047
5047
5201
5044
4813
5184
5120
5225
5298
5105
5253
5172
5349
5310
5441
5350
5417
5172
5092
5210
5265
5359
5360
5456
5354
5402
5678
5621
5448
5788
5483
5477
5727
5697
5576
5741
5826
5701
5768
5487
5681
5840
5704
5693
5819
6067
5834
5911
5940
5764
5928
5924
6030
5901
6004
5903
6360
6041
6146
5960
6351
6096
6117
6458
6186
5897
6349
6499
6246
6706
6190
6244
6201
6554
6573
6319
6634
6362
6663
6518
6701
6590
6546
6720
6646
6748
6794
6776
6748
6905
6840
7025
7089
6836
7107
7068
7081
7224
6957
7260
6805
7350
7155
7191
7184
7266
7227
7001
7234
7084
7299
7552
7675
7636
7777
7533
7574
7581
7686
7701
7719
7655
7796
7732
7815
7703
7830
8173
7722
7666
7517
7745
7513
7951
7790
7916
8017
7991
8630
8126
8189
8190
8123
8525
8545
8159
8502
8328
8528
8628
8484
8751
8768
8796
8758
8772
9082
8653
9039
9083
9022
8800
9019
9018
9099
9137
9126
9081
9149
9482
9567
9690
9717
9317
9762
9531
9997
9833
9734
9943
10313
10078
10320
10281
10401
10362
10708
10749
10716
10985
11138
10967
11368
10885
11072
11355
11421
11198
11336
11363
11700
11581
11506
11254
11329
11862
11916
11363
11686
11810
12000
12036
11900
12646
12116
12256
12445
12541
12683
12725
12519
12738
12870
12890
13056
13261
13101
13499
13275
13251
13360
13718
13422
13696
13725
13726
13666
13855
13918
13996
14093
14214
14255
14190
14413
14662
14702
14534
14595
14626
14872
15098
15166
15100
15591
15069
15492
15538
15673
15500
15770
15694
15890
16186
16176
16303
16170
16278
16519
16331
16621
16471
17131
16987
17223
17352
17325
17446
17444
17757
17700
17523
17649
18048
18134
18156
18065
18187
18101
18244
18472
18428
18726
18996
18879
19036
19748
19419
19394
19452
19960
19904
19933
19997
20407
20049
20462
20637
20568
20661
20488
20608
20861
20948
20986
21593
21782
21580
21715
21821
21741
21781
21570
21760
21856
22444
22334
22756
23348
23733
23418
23588
23682
23723
23990
24224
23780
24421
24786
25221
24966
24676
25416
25216
25236
25421
25456
25732
25941
26178
26222
26468
25979
26153
25988
25674
26045
25978
25924
26146
26489
26858
27533
27881
28117
28343
28255
28877
28726
29618
29073
29129
29072
29645
29712
29513
30169
29618
29952
30784
30784
30812
30678
31048
31509
30997
31887
31500
31419
31808
32325
32524
32484
32169
32576
32820
33284
33669
33663
33722
33594
34340
33833
34331
34080
34660
34704
35000
35028
35629
35306
35846
35543
35218
34587
34615
34162
34197
34549
34840
36096
37122
37288
37788
37860
38164
38200
38372
38204
38333
38664
39106
39115
39344
39627
39656
39655
39992
40005
39833
40217
40090
40596
40612
40582
40850
41174
41216
41439
40948
41656
40829
41522
41892
41902
42250
42715
43026
43212
43226
43600
43954
43897
43771
43934
44212
44448
43940
44441
44887
45012
44864
45284
45257
45744
46032
45600
46374
46180
46496
46784
46393
46926
46877
46890
47268
47748
47844
47930
48384
47896
48406
48488
48052
48900
48756
48936
48906
49408
49385
49703
50043
49540
50304
50633
50788
50858
50882
51186
51140
51605
51572
51653
51796
51658
52459
52004
52868
52074
52174
52244
52330
53005
53429
53288
53814
53514
53674
53977
53946
54356
54416
54725
54276
54353
54376
54075
53926
53504
53421
53850
53768
54472
55380
55835
55783
56097
55451
56116
56589
55964
56117
57129
56991
56515
56908
56836
57450
56728
57336
57509
57484
57533
57442
57728
57878
58581
57914
57791
57856
57837
58426
58100
58467
58624
58794
59502
59008
59243
59309
59284
59261
59294
59358
59368
59958
59962
60452
60077
60175
60604
60174
60976
60952
61276
60573
61144
60644
61019
60861
61151
60954
61435
61448
61351
60804
61332
60788
60410
60740
60734
60382
61586
61749
61512
62052
61632
61876
62340
62150
63110
61289
61853
62036
62008
62219
61723
62372
61849
62319
62452
62692
62961
62724
62678
62395
62426
63258
63197
63157
63140
62756
62943
62520
62216
61674
61704
62496
63019
62900
63004
63320
63086
63320
63083
62830
62676
62980
63120
63396
63104
63016
63119
63316
63574
62936
62864
62568
62837
63087
62731
63242
62757
62720
62560
62597
63012
62776
62429
62096
62954
62768
62902
62772
61828
62540
62395
62601
62557
62540
62142
61952
62070
62292
62546
62068
61980
62096
61789
61660
61677
61242
61067
61914
61434
61641
61428
61304
61243
61492
61072
60932
61364
61354
60804
60404
60646
60458
60250
59885
59755
60452
60040
60032
60276
59766
59796
60076
59828
60242
60032
59896
59629
59244
59115
59706
59364
59293
59428
58992
58666
58220
58843
58236
58253
57707
57864
58292
57924
57910
57740
57515
57140
57069
57206
56477
57082
56852
56576
56544
56930
56136
56047
56602
56746
55552
55492
55508
55424
54892
54917
55305
55167
54596
54239
54788
54312
53915
54243
54511
54180
54043
53796
53796
53303
53183
53163
53696
53210
53274
52488
52452
51962
52436
52036
51860
51352
51520
52068
51282
51529
50756
51562
51274
50539
50752
50632
50308
50159
50274
49960
49665
49840
49748
49705
49019
49362
49256
49147
48804
48045
47834
48033
47732
47760
47996
47450
47771
47693
47414
47115
46795
45986
46076
46047
45803
44984
45398
45330
44841
45184
45012
45334
44922
44261
43912
44244
44160
43661
44184
43042
43544
43282
42532
42278
41914
41782
41460
41174
41245
41453
40986
41074
41627
41450
41272
41012
41604
41402
40946
40811
40338
40580
40194
40225
39976
39880
39482
38716
39138
39082
38910
39158
38964
38600
38549
38448
37809
37166
37377
37512
36852
37127
36705
37012
37170
36648
36700
35829
36284
35970
35842
35041
35444
35078
34973
34834
34896
34676
34820
34154
34599
33841
33565
33580
33446
33216
33005
33232
33120
32164
32072
32237
32349
31353
31048
30756
30484
30419
30436
30789
30201
30536
30638
30487
30645
29891
29755
29546
29206
28370
28591
28580
28642
28469
28484
28442
28390
28304
27934
27972
27588
27479
27645
27402
27447
26893
26916
27176
26567
26333
26048
26112
25896
25879
25552
25384
25408
25071
24876
24896
24769
24477
24883
24294
24154
23818
24042
23725
23316
23304
23233
23214
23186
22765
22866
22793
22732
22204
22053
22174
21885
21911
21998
21358
22205
21588
21365
20993
21205
21036
21078
20622
20842
20160
20195
19878
19842
19672
19625
19586
19487
19018
19259
19232
18790
18741
18747
18759
18237
18325
18150
18021
17976
17840
17844
17702
17706
17408
17202
17517
17161
16716
16758
16438
16669
16315
16086
16194
15972
15639
15581
15792
15849
15566
15027
14762
14709
14765
14742
14420
14673
14519
14665
14453
14346
14400
14429
14331
14411
14150
14100
13606
13569
13762
13400
13137
13267
13241
13002
13039
13006
12981
12875
12702
12851
12533
12185
12397
12001
12181
11958
12093
11789
11440
11653
11711
11545
11500
11717
11097
11612
11386
11365
10799
10753
10443
10469
9688
10038
10145
10093
9961
9867
10134
9623
10157
9972
10050
9966
9806
9760
9736
9907
9417
9282
9220
9447
9383
9181
9010
8969
8704
8883
9048
8602
8619
8609
8361
8552
8452
8336
8240
8479
8418
8118
8356
8305
7897
8334
7923
7776
7612
7661
7564
7490
7222
7567
7597
7303
7458
7468
7290
7072
7401
7330
7145
7007
7020
7091
7068
6735
6728
6826
6689
6668
6741
6799
6356
6483
6536
6449
6431
6466
6166
6222
6464
6471
6270
6272
6246
6096
5854
5896
5851
5635
5538
5536
5766
5551
5705
5550
5665
5706
5759
5650
5422
5534
5262
5504
5349
5352
5326
5055
5481
5222
5378
5303
5020
4865
4951
5184
4867
5229
5062
4832
5105
4804
4912
5022
4878
4732
4810
4944
4768
4855
4794
4595
4631
4957
4951
4535
4810
4768
4580
4858
4675
4688
4650
4474
4520
4605
4244
4454
4680
4394
4560
4631
4238
4406
4286
4320
4492
4419
4157
4170
4213
4407
4245
4390
4029
4154
4104
4228
4137
4082
4256
4253
4123
4376
4164
4424
4257
4354
4292
4008
4066
4257
4250
4187
4016
4122
3786
4063
4048
4430
3970
4009
4100
4045
4067
4019
3982
3872
3916
3949
3596
3856
3706
3817
3869
3795
3823
3740
4005
3778
3943
3860
3890
3871
3874
3957
3897
3718
3799
3804
3856
3662
3533
3790
3480
3611
3831
3716
3627
3785
3681
3814
3806
3687
3555
3567
3725
3624
3794
3728
3731
3737
3682
3736
3458
3660
3599
3511
3763
3786
3512
3759
3577
3701
3586
3723
3492
3712
3537
3662
3370
3816
3430
3595
3687
3399
3424
3651
3450
3529
3360
3556
3388
3433
3690
3304
3437
3909
3606
3435
3450
3620
3539
3518
3437
3358
3554
3732
3371
3338
3391
3467
3398
3328
3327
3619
3441
3419
3412
3426
3360
3432
3403
3570
3376
3266
3518
3302
3340
3435
3342
3500
3287
3468
3259
3227
3300
3208
3585
3566
3440
3573
3232
3221
3355
3349
3412
3382
3406
3508
3410
3493
3554
3390
3208
3565
3285
3190
3453
3429
3146
3388
3311
3449
3261
3363
3494
3374
3187
3223
3403
3381
3069
3127
3366
3275
3419
3389
3173
3346
3325
3201
3189
3330
3687
3315
3432
3154
3205
3255
3137
3218
3207
3241
3256
3103
3299
3330
3290
3170
3366
3483
3103
3346
3372
3176
3241
3272
3116
3239
3152
3259
3261
3250
3496
3183
2986
3174
3317
3256
3089
3094
3183
3189
3078
3105
3215
3389
3259
3275
3177
3241
3260
3077
3327
3108
3223
3056
3149
3095
3178
2978
3188
3196
3179
3449
3038
3220
3073
3305
3189
3294
3006
3122
3255
3192
2953
3359
2972
3187
3104
3334
3206
3363
3136
3255
2879
3022
3298
3117
3063
2952
3127
3300
3345
3231
3133
3120
3048
3147
3324
3003
3223
3188
3216
3027
3068
3075
3175
2909
2939
2957
3060
3083
3094
3017
3224
3029
3048
