4857
4808
4710
4708
4632
4751
4745
4612
4807
4739
4855
4701
4743
4760
4742
4891
4674
4714
5010
4897
4781
4706
4732
4885
4911
4829
4785
4773
4673
4759
4791
4736
4584
4802
4810
4899
4793
4802
4968
4853
4725
4882
4922
4968
4937
4907
4994
4958
4812
4887
4998
5033
4980
4897
4933
4895
4910
4948
4926
4803
4978
5028
5122
5141
4921
4973
4965
4980
5035
4896
5029
5044
5035
4862
5048
5169
4996
5208
5121
5070
5239
5106
5218
5221
5273
5219
5030
4978
5323
4999
5028
5105
5197
5024
5073
5364
5179
5309
5331
5315
5164
5382
5339
5234
5221
5346
5259
5305
5297
5342
5488
5338
5308
5338
5470
5282
5249
5496
5289
5405
5332
5385
5351
5443
5369
5328
5520
5251
5303
5419
5368
5467
5440
5453
5334
5361
5521
5517
5438
5644
5585
5529
5421
5468
5561
5549
5461
5461
5598
5628
5587
5462
5572
5510
5498
5695
5720
5633
5739
5686
5776
5609
5660
5739
5550
5704
5753
5629
5790
5604
5835
5670
5829
5549
5656
5644
5772
5692
5762
5662
5754
5834
5660
5856
5782
5753
5812
5851
5733
5905
5910
5822
5912
5918
5880
5938
6002
5840
5873
5979
5849
5786
5812
5809
6087
5949
5884
5962
6086
5840
5813
5895
6139
5904
5923
5992
6134
5842
6191
5990
6168
6052
6137
6087
6153
6056
6088
5952
5772
6170
6113
6196
6293
6266
6034
6191
6162
6127
6191
6203
6245
6299
6258
6141
6223
6286
6236
6335
6188
6412
6261
6263
6251
6229
6330
6188
6229
6272
6291
6285
6372
6473
6365
6359
6298
6618
6459
6358
6402
6497
6552
6479
6466
6571
6422
6395
6322
6516
6457
6616
6509
6537
6418
6415
6564
6504
6377
6601
6552
6688
6670
6644
6497
6609
6767
6874
6785
6620
6667
6736
6708
6695
6845
6522
6642
6827
6766
6612
6784
6721
6794
6650
6648
6706
6812
6838
6723
6793
6758
6990
6911
6825
6876
6907
6971
6921
6925
6781
7083
6765
7006
6981
6807
7163
6813
7135
7112
7258
7180
6881
6980
7125
6850
6967
7050
7145
6987
6979
7087
6892
6821
6916
6865
6827
7246
7215
7037
7149
7058
7247
7029
7186
7373
7229
7245
7306
7443
7364
7388
7055
7153
7238
7279
7332
7178
7296
7136
7364
7358
7412
7492
7424
7377
7262
7335
7444
7446
7494
7664
7401
7389
7577
7287
7370
7578
7642
7592
7446
7499
7464
7611
7518
7612
7472
7382
7743
7465
7650
7789
7565
7718
7693
7716
7719
7594
7766
7692
7678
7936
7828
7856
7752
7943
7885
7894
7876
7748
7748
7885
7938
8046
7874
7790
8015
7855
7972
7957
8195
7836
8100
7992
8027
7998
8150
8084
8101
8226
8089
8290
8023
8222
7917
8308
8214
8104
8117
8248
8076
8205
8235
8126
8053
8247
8229
8380
8337
8324
8235
8265
8413
8178
8491
7958
8200
8188
8421
8436
8313
8429
8489
8435
8444
8475
8750
8601
8410
8733
8529
8444
8603
8680
8485
8676
8581
8544
8497
8642
8740
8604
8803
8496
8835
8716
8725
8790
8917
8594
8651
8762
8629
8707
8718
8853
8869
8791
8726
8820
8915
9002
8712
8751
8966
8894
8994
8931
9004
8819
8795
9239
9151
9149
8960
8860
9197
9110
9120
9039
9034
8972
9252
9141
9072
9199
9037
9343
9200
9163
9129
9044
9256
9189
9394
9401
9277
9351
9242
9300
9481
9148
9363
9402
9233
9277
9223
9263
9535
9511
9368
9345
9483
9531
9581
9643
9684
9513
9630
9669
9486
9605
9621
9684
9664
9645
9704
9523
9864
9616
9804
9933
9781
9700
9790
9602
9893
9824
9704
9725
9789
9968
9770
9931
9847
9957
10014
9847
9916
10026
10002
10029
10111
10032
10111
10045
10111
10132
10244
10079
10055
10280
10217
9983
10070
10120
10083
10037
10074
9989
9784
10156
10059
10111
9838
9940
9885
10219
10138
10377
10222
10331
10476
10295
10359
10389
10397
10589
10499
10544
10468
10497
10318
10542
10413
10803
10859
10648
10383
10895
10757
10496
10634
10589
10746
10808
10814
10786
10914
10804
10989
10795
10659
10842
10969
10806
10778
10986
10712
10875
10866
10960
11092
10720
11076
10896
10724
11122
11266
11318
11233
11020
11131
11201
11192
11101
11111
10910
11097
11401
11128
11106
11195
11300
11409
11040
11296
11367
11338
11166
11382
11370
11540
11289
11795
11572
11561
11572
11649
11493
11539
11562
11552
11613
11636
11801
11898
11762
11585
11564
11520
11659
11727
11796
11927
11728
11772
11716
11845
11892
11826
11860
12176
11977
11924
11805
12150
12149
11837
11932
12047
11862
11853
11943
12171
12286
12338
12233
12092
12210
11933
12219
12578
12417
12196
12053
12488
12372
12250
12316
12195
12388
12320
12469
12248
12553
12596
12418
12582
12610
12481
12763
12724
12767
12728
12772
12760
12601
12541
12507
12795
12489
12619
12617
12676
12755
12731
12687
12748
12889
12813
12733
12772
12691
12913
12952
12982
12836
13032
12965
12950
13045
13004
13024
13019
13271
13018
13335
13119
12928
13158
12998
13282
13218
13502
13323
13162
13518
13380
13387
13253
13334
13326
13294
13492
13232
13102
13434
13289
13447
13486
13350
13603
13316
13345
13716
13611
13549
13801
13507
13667
13829
13706
13733
13793
13635
13476
13762
13713
14020
13864
13942
13910
14113
13914
14298
14245
14057
14236
14143
14290
14194
14126
14092
14354
14152
14317
14021
14180
14075
14222
14193
14251
14169
14372
14268
14475
14245
14256
14292
14203
14269
14062
13886
14185
14053
14108
14171
14496
14510
14443
14682
14534
14836
14700
14872
14760
14806
14852
14732
14900
14944
14665
14880
15004
14887
15002
15075
14961
15110
15211
14892
15239
15116
15064
15307
15226
14971
14976
15090
15230
14954
14956
15322
15228
15263
15213
15403
15409
15077
15398
15256
15011
15279
15384
15412
15642
15553
15339
15456
15517
15404
15379
15488
15565
15671
15632
15512
15374
15393
15733
15674
15866
15704
15777
15669
16007
15900
16000
15967
16075
15920
15912
15970
15930
15661
16203
16249
16066
15941
15970
16034
16001
16214
16161
16111
16398
16137
16187
16234
16091
16416
16443
16384
16733
16537
16660
16582
16651
16569
16475
16469
16437
16764
16585
16375
16677
16347
16565
16598
16772
16520
16696
16845
16788
16704
16660
16603
16923
16732
17049
17256
16954
17147
16789
17107
17256
16993
17061
16930
17330
17182
16719
17167
16741
17047
16977
17184
17050
17224
17175
17130
17301
17132
17537
17593
17408
17415
17528
17709
17594
17583
17722
17654
17676
17595
17954
17622
17746
17847
18150
17512
17654
18060
17768
17664
17936
17278
17737
17685
17942
17724
17769
17644
17477
17326
17317
17738
17803
17775
17504
17522
17602
17710
17880
18349
18092
18323
18464
18398
18330
18223
18204
18326
18213
18096
17641
17818
17284
16824
16676
16571
15920
15745
15467
14852
14724
14907
14937
15236
15646
16228
16847
17670
17908
18599
19172
19109
19470
19428
19184
19456
19396
19257
19245
19215
19149
18986
19066
18916
18925
19158
19227
19173
19163
19446
19295
19339
19290
19283
18996
19143
19183
19002
19231
19090
19227
19215
19435
19373
19508
19669
19727
19780
19857
19559
19961
19770
19956
19853
19712
19927
19798
19856
19738
19672
19833
19596
19609
19609
19723
19506
19698
19736
19855
19853
19713
20073
19960
19733
19951
20304
20243
20038
20008
20282
20262
20434
20049
20447
19997
20169
20201
20032
20304
20514
20299
20235
20330
20310
20318
20059
20168
20493
20651
20490
20447
20074
20388
20378
20257
20337
20471
20756
20574
20468
20800
20348
20584
20759
20794
20622
20477
20772
21231
21541
20870
20912
20868
20938
21252
21065
21284
21478
21138
21191
21471
21167
21269
21477
21514
21513
21477
21524
21540
21744
21404
21563
21949
21893
21812
21344
21722
21366
21395
20797
20736
20778
20812
20870
20681
20265
20469
20480
20736
20949
21140
21674
22220
22072
22256
22236
21874
22010
22234
22224
22095
22414
21882
22260
22207
22317
22171
22193
22292
22605
22925
22391
22694
22495
22432
22649
22939
22805
22657
22632
22619
22673
22276
22717
22402
22526
22749
22244
22742
22688
23028
22729
22668
23453
22969
22959
22769
23108
23055
23198
22663
22962
23370
23238
23188
23270
23207
23124
23498
23224
23261
23076
23340
23407
23108
23396
23353
23323
23437
23618
23286
23630
23571
23476
23562
23396
23582
23597
23794
23770
23688
23649
23873
23576
23690
24031
24130
23776
23765
23524
23694
23872
23878
23720
23860
24004
23944
24118
23949
23809
24089
24240
23772
24198
24376
24144
24029
24501
24363
24388
24393
24444
24575
24008
24158
24429
24417
24669
24585
24587
24434
24739
24869
24874
24817
24563
24645
24849
24964
24815
25082
24972
24768
25175
25283
25519
25135
24858
24973
25174
24888
25162
24987
25112
25348
25229
25259
25288
25199
25116
25382
25146
25451
25266
24993
25419
25481
25510
25566
25197
25669
25476
25495
25768
25005
25222
25340
25391
25366
25598
25753
25314
25618
25804
25546
25253
25476
25841
25746
25942
25633
25907
25650
25947
25656
26538
25757
25500
25422
25931
25928
25928
25990
25903
25992
25542
25571
25650
25453
25570
25782
26267
26594
26202
26361
26298
25917
26285
26064
26658
26624
26368
26434
26420
26682
26324
26800
26483
26160
26430
26700
26770
26704
26730
26856
26761
26762
26479
26808
26919
27116
26711
26808
27020
26575
26814
26754
27017
27129
26762
27006
27076
27092
27400
26666
26991
27210
27240
26991
26946
26893
27276
27169
27392
26989
27414
27300
27258
27103
27352
27630
27274
27387
27433
27138
27325
27509
27465
27501
27745
27427
27341
27844
27645
27789
27683
27676
27664
27938
27788
27876
28137
28234
27832
28003
27952
27716
27960
28014
28040
28182
27515
28173
27817
28276
28084
28077
28325
27781
27796
28339
28681
28356
27693
28032
28392
27597
28267
28468
27994
28436
28366
28638
28389
28165
28334
28070
28169
28322
28164
28582
28254
28717
28989
28392
28064
28332
28428
28370
28334
28688
28556
28562
28273
28542
28758
28655
28826
28606
28930
28768
28758
28986
28955
28425
28850
28627
28688
28938
29130
29136
29062
29277
28597
28964
28886
29261
28855
29243
28870
29141
28875
28914
29076
29091
29030
29220
28989
29205
29365
29232
29184
29237
29284
29188
29334
29165
29312
29134
29431
28928
29330
29209
29469
29375
29192
29138
29650
29370
29645
29445
29599
29501
29714
29818
29862
29766
29605
29544
29431
29677
29434
29306
29276
29047
28985
28585
29010
28818
29072
28936
29030
28611
28541
28786
29076
29418
29800
29954
30234
30279
30074
29990
30284
29924
29974
30113
29909
29944
30174
29973
29940
30142
30074
30226
29847
30081
30296
29882
29974
30134
29918
30302
29724
30245
30046
30050
30276
30138
30371
30241
30158
30198
30186
30274
30244
30110
30364
29860
30552
30280
30284
30044
29926
30453
30260
30196
30036
30628
30336
30182
30050
30752
30029
30840
30009
30750
30413
30300
30608
30517
30095
30316
30647
30393
30289
30725
30600
30898
30767
30549
30244
30557
30436
30611
30801
30818
30676
31040
30777
30555
30890
30724
30641
30596
30890
30859
30731
30841
30777
30848
31169
30701
30653
30644
31130
30764
30706
30842
30906
30888
30813
30900
30490
30692
30596
30982
30789
31016
30800
30874
30857
31043
30907
30764
30794
31019
30531
30981
31301
31044
31428
31076
30466
30888
31254
30957
30885
31202
31460
31114
30703
30929
31508
30791
31383
31264
31210
31256
30927
30784
30984
30794
30724
31242
31279
31492
31452
30994
31012
31045
30984
31436
30811
31403
31444
31340
31406
31601
31300
30996
31372
31301
31774
31342
30994
31208
31802
31276
31341
31452
31741
31428
31008
31506
31321
31272
31581
31428
31678
31684
31274
31464
31349
31716
31483
31495
31465
31436
31408
31604
31286
31428
31768
31145
31248
31965
31693
31348
31278
31604
31700
31590
31393
31212
31444
31380
31848
31418
31406
31601
31268
31602
31138
31320
31404
30988
31393
31204
31410
31438
31082
31746
31500
32120
31475
31377
31825
31717
31704
31809
31380
31451
31583
31812
31673
31627
31720
31595
31138
31658
31490
31518
31742
31412
31481
31445
31604
31296
31389
31732
31813
31200
31710
31555
31893
31944
31172
31629
31789
31620
31602
31546
31566
31796
31245
32108
31885
31734
31953
31596
31689
31538
31375
31505
31852
31627
31705
31674
31641
31675
31662
31098
31942
31442
31459
31650
31498
31635
31684
31405
31492
31159
31538
31434
31350
31332
31493
31142
31445
31602
31306
31307
31204
31472
31268
31480
31639
31636
31744
31140
31421
31604
31232
31608
31119
31792
31464
30826
31133
30857
30916
30765
30848
30670
30569
30392
30436
30534
30651
30942
30526
30696
30946
30788
31212
31097
31658
31382
31325
31418
31316
31304
31416
31305
31366
31428
31605
31128
31325
31552
31354
31232
31205
31386
31492
31112
31370
31172
31354
31322
31613
31107
30803
31485
30672
31165
31332
30871
31092
31220
31100
30603
31334
30957
31025
31256
31260
30872
31233
31238
31185
30836
31604
30920
30925
30554
30998
30868
31002
30836
30914
30655
30938
30829
30740
29902
30655
30937
30696
30555
30630
30752
30816
30928
30455
30790
30692
30436
30172
30603
30772
30644
30541
30293
30488
30224
30779
30326
30412
30472
30301
30636
30306
30289
30436
30502
30212
30481
30417
30071
30116
30458
30622
30001
30388
30379
30338
30154
29993
30525
30236
30557
30004
30379
29712
30349
30224
30453
29954
29960
30284
29857
30228
29816
29595
29838
30407
29958
29818
29686
29760
29741
30107
29956
29588
29886
29494
29722
30103
29856
29662
29430
29460
29709
29593
29549
29596
29348
29428
29364
29512
29640
29573
29418
29140
29628
29602
29522
29390
28891
28919
29258
29122
29485
29017
29330
29367
29509
29193
29594
29331
29202
28517
29208
29156
28845
29076
28708
29230
29325
28844
28508
28782
29001
28806
28660
28372
28896
28466
28705
28841
28995
28426
29028
28900
28583
28836
28568
28525
28294
28116
28299
28684
28516
28228
28226
28274
28229
28304
27865
28422
28270
28129
28151
28345
27953
27460
28134
28220
27689
28064
28027
28012
28010
28172
27920
27776
27914
27722
27876
27874
27970
27816
27853
28009
27684
27803
28058
27850
27732
27755
27501
27965
27864
27436
27573
27692
27389
27726
27530
27486
26920
27348
27268
26880
27090
27039
26500
27086
26684
26813
26492
26669
26541
26831
26525
26650
26722
26912
27266
27060
26989
26833
27095
26697
26718
27300
26650
26722
26506
26912
26730
26981
26485
26484
26522
26539
26383
26644
26688
26308
26194
26319
26166
25998
25996
26158
26180
26278
26298
26013
26059
26075
25856
26149
25973
25896
25728
25827
25581
25982
25464
25816
25460
25530
25779
25268
25723
25318
25667
25428
25544
25204
25510
25730
25214
25225
25515
25628
24879
25403
25285
25052
25371
25500
25088
25113
25301
25073
25012
25019
25033
24774
24937
25278
25242
24779
24768
24855
24832
24926
24708
24818
24733
24484
24526
24378
24405
24146
23876
24250
24182
23982
23576
24214
24236
23886
24212
23680
23808
23763
24022
23458
23483
23764
23653
23641
23661
23438
23572
23429
23617
23794
23646
23873
23784
24106
23754
23748
23735
23643
23334
23452
23800
23465
23565
23542
23716
23492
23403
23457
23093
22980
22925
22613
22276
22115
22487
22305
22260
22072
22237
22456
22399
22525
22225
22776
22656
23079
22660
22605
22714
22514
22477
22325
22829
22620
22290
22502
22397
22484
22071
22337
22342
22306
22482
22169
22024
21904
21786
22073
21983
21647
22071
22120
22324
21525
21871
21613
21640
21835
21546
21684
21730
21549
21668
21622
21641
21721
21642
21454
21601
20861
20842
20268
20552
20361
20178
20445
20525
20832
20535
20445
20388
20784
20987
20783
20788
20886
20922
20968
20941
20941
20640
20693
20608
20544
20852
20802
20476
20393
20447
20476
20489
20241
20269
20181
20195
20179
19976
19986
19823
19941
19636
19756
19754
20096
19725
19569
19773
19577
19706
19584
19421
19807
19567
19818
19319
19414
19468
19467
19645
19325
19433
19432
19227
19600
18920
19156
19218
19450
19075
19190
19092
19067
19000
19270
18861
18816
18858
19030
19280
18922
18805
18871
18670
18733
18639
18740
18615
18727
18506
18521
18550
18594
18299
18608
18565
18451
18376
18283
18045
18135
18388
17998
17949
18002
18006
18138
18066
18222
18077
17946
17932
18112
17816
17900
17657
17800
17486
17636
18180
17664
17693
17901
17324
17241
17258
17028
17058
16795
16898
17140
17179
17080
16896
16922
16913
17038
17312
17224
17313
16932
16989
16966
17001
16986
17076
17008
17005
16765
16932
17054
17059
16957
16577
16582
16814
16593
16784
16524
16772
16314
16277
16504
16264
16572
16319
16550
16381
16102
16372
16331
15970
16331
16234
16114
16281
16214
16057
16514
16068
16133
16117
16181
16026
16074
15934
15756
16021
16090
15986
15759
15753
15624
15909
15708
15504
15586
15755
15750
15436
15663
15604
15450
15930
15470
15852
15405
15547
15304
15280
15304
15664
15142
15438
15658
15254
15377
15560
15407
15368
15243
15500
15338
15181
15057
14956
14880
15024
15330
15198
14984
15085
14801
14923
14837
14821
14861
15074
14868
15119
14684
14908
14794
14741
14912
14955
14792
14927
14950
15020
14701
14731
14829
14390
14667
14600
14539
14731
14615
14636
14528
14818
14770
14525
14430
14342
14202
14423
14382
14331
14592
14447
14241
14302
14383
14237
14305
14348
14381
14522
14354
14449
14269
13947
14377
14200
14310
14266
14175
14188
14264
14198
14244
14145
14281
14264
14029
13976
14015
14082
14054
14107
14209
13850
14068
14258
13982
14100
14150
14213
14006
13981
13919
14065
13975
13965
13901
13940
14045
13904
13844
13740
13880
14005
13939
14081
13997
13884
13996
14224
13696
13994
13842
13931
14267
13700
13882
13837
13579
13871
13818
13772
13881
13972
13754
13977
13948
13717
13705
13880
13886
13932
13659
13919
13766
13863
13745
13883
13806
13652
13893
13800
13783
13954
14031
13796
13794
14212
13890
14276
13915
13769
13635
13888
13883
13867
13709
13453
13744
13592
13904
14002
14024
14144
13872
13928
13877
14062
13906
13839
13978
14022
13991
13948
13962
13832
14256
14116
13844
13963
14068
14138
14093
14122
14150
14265
13838
14197
14202
14338
14053
14143
14155
14321
14421
14059
14176
14363
14278
14165
14150
14424
14374
14512
14346
14022
14196
14385
14126
14260
14309
14115
14113
14393
14408
14368
14474
14373
14238
14523
14323
14465
14501
14278
14597
14298
14454
14419
14538
14500
14406
14435
14536
14547
14400
14258
14494
14782
14474
14550
14374
14508
14894
14620
14867
14892
14810
14825
15066
14955
14788
14720
14989
15210
15174
15003
14694
15028
15236
14745
15076
14932
14937
15010
15161
15077
15012
15282
15080
15428
15130
15181
15235
15277
15426
15240
15368
15369
15339
15327
15259
15446
15289
15643
15226
15632
15289
15680
15652
15601
15387
15695
15713
15880
15531
15733
15560
15668
15681
15606
15739
15494
15369
15530
15453
15422
15397
15574
15490
15546
15780
15915
15647
15920
15898
15758
15698
15855
15729
15902
15866
15805
15723
15819
15878
16209
16093
16144
16332
15968
16148
16204
16085
16093
15981
16237
16287
16152
15931
16378
16336
16345
16362
16422
16153
16460
16210
16347
16267
16208
16174
16333
15986
16373
16374
16373
16232
16178
16338
16197
16397
16441
16389
16669
16588
16622
16446
16684
16580
16617
16353
16820
16850
16764
16844
16698
16443
16858
16599
16717
16850
16702
16612
16530
16468
16886
16689
16689
16826
16530
16742
16746
16851
16784
16866
17089
16682
16811
17077
16896
16886
16684
16948
16568
16778
16710
16908
16756
17074
16862
17053
16935
16677
16970
16562
17147
16732
17226
16912
17137
16866
16769
16655
16616
16590
16620
16500
16566
16140
16418
16676
16885
17000
16994
17181
17182
17040
17115
17140
17204
17221
16819
17131
17016
17030
16885
17015
17007
17239
17237
17530
16955
16962
17204
17071
16968
17075
17069
17092
17003
16964
17133
16962
16964
17049
17032
17381
17208
16844
16930
17228
17048
17048
16850
17167
17034
17099
16998
17188
17098
17302
16942
16896
16982
17103
17156
17193
16901
17098
16946
16911
16868
16916
17073
16822
16788
16937
17238
17224
17037
16974
16906
16531
16795
16980
16675
16859
16938
16722
16683
16604
16718
16965
16870
16744
16578
16717
16389
16562
16614
16452
16560
16568
16261
16605
16663
16540
16496
16468
16334
16688
16302
16737
16407
16654
16214
16333
16331
16345
16429
16474
16359
16266
16059
16220
16068
16367
16171
16109
16184
16260
16100
16029
16208
16111
16026
16176
15834
16203
16169
15609
15925
15800
16019
15636
15616
15730
15712
15759
15813
15924
15567
15836
15583
15725
15688
15727
15750
15416
15598
15605
15401
15577
15621
15554
15446
15651
15596
15385
15396
15291
15276
15120
15162
15139
15087
15138
15058
14931
15008
14977
14982
14964
14940
14842
15049
15302
14890
14818
14957
14672
14661
14794
14639
14522
14478
14402
14443
14435
14317
14425
14491
14432
14546
14529
14090
14349
14353
14167
14055
14144
14133
13790
14189
14052
14187
14113
13930
14181
14037
14019
13924
13836
13626
13574
13987
13746
13976
13860
13786
13477
13638
13376
13532
13588
13304
13164
13383
13175
13251
13166
13171
12996
13101
13047
13046
13098
13142
13005
12786
12640
12918
12790
12652
12714
12548
12619
12734
12301
12382
12227
12539
12330
12251
12498
12528
12476
12269
12196
12186
11792
11666
11344
11541
11163
11226
11680
11479
11614
11490
11475
11501
11418
11602
11220
11510
11359
11083
11512
11352
11320
11221
11097
11003
11080
10757
11055
10797
11002
10919
10813
10700
10459
10486
10685
10578
10478
10424
10432
10357
10393
10183
10091
10146
9999
9986
10089
10196
9978
9956
9847
9801
9654
9613
9668
9689
9541
9550
9476
9380
9341
9341
9258
9538
9469
9021
9276
8994
9090
8792
8882
8838
8742
8746
8781
8626
8541
8512
8889
8436
8443
8467
8533
8404
8266
8297
8270
8082
8100
8128
7973
8090
7938
7927
7866
7650
7843
7552
7586
7653
7492
7620
7552
7520
7585
7437
7252
7350
7343
7218
7183
7203
7172
7306
7106
7115
7117
6961
6953
6820
6860
6840
6751
6712
6578
6669
6570
6502
6656
6590
6352
6522
6418
6522
6214
6437
6084
6168
6191
6124
6004
5845
6038
5832
6030
6022
5866
5805
5664
5787
5679
5769
5853
5517
5535
5615
5547
5475
5359
5564
5427
5498
5353
5213
5316
5341
5407
5143
5127
4981
4998
4807
5013
4778
4937
4863
4948
4877
5066
4868
4808
4831
4736
4961
4758
4825
4828
4716
4745
4778
4774
4700
4575
4554
4670
4621
4449
4575
4436
4536
4534
4449
4607
4482
4390
4466
4370
4314
4419
4262
4359
4206
4298
4261
4177
4086
4191
4157
4196
4005
4270
4131
4130
4083
4118
4237
4113
4028
4041
3862
4001
4046
3999
4145
3840
3966
3966
4019
3984
3888
3872
3958
3857
3974
3758
3828
3954
3939
3707
3896
3758
3722
3684
3620
3746
3753
3685
3692
3616
3839
3715
3685
