4541
4664
4688
4613
4645
4765
4453
4767
4574
4549
4549
4472
4759
4683
4592
4716
4733
4736
4771
4785
4670
4792
4626
4642
4845
4697
4743
4692
4645
4611
4790
4617
4732
4704
4581
4862
4832
4804
4818
4790
4807
4889
4757
4891
4945
4905
4756
4772
4865
5009
5021
4809
4806
4943
4968
4848
4734
4794
4889
4805
4877
4845
4915
4834
4723
4769
4937
4932
4860
4945
4924
5009
5119
5180
5017
4952
4920
5037
4957
5146
5092
5071
5093
4915
4874
5085
5083
4935
5191
5180
5015
5229
5136
5042
5039
5244
5172
5296
5176
5067
5171
5139
5194
5125
5246
5048
5225
5149
5060
5103
5174
5093
5429
5336
5075
5174
5359
5254
5295
5197
5087
5222
5295
5467
5351
5325
5404
5144
5236
5353
5408
5349
5434
5399
5297
5413
5376
5316
5289
5313
5368
5382
5351
5444
5427
5365
5546
5450
5419
5524
5436
5380
5447
5362
5550
5461
5496
5339
5450
5423
5495
5380
5539
5493
5436
5661
5580
5564
5602
5620
5537
5626
5727
5505
5597
5563
5641
5747
5623
5612
5672
5766
5756
5623
5598
5640
5689
5783
5832
5798
5720
5674
5679
5672
5770
5701
5721
5703
5916
5858
5748
5717
5948
5718
5844
5744
5859
5935
5875
5781
5817
5931
5826
5681
5937
5915
6108
5934
5902
6004
5957
6030
5962
6138
6082
6050
5933
5972
5911
6048
5873
6171
6015
6126
6140
5973
6148
6154
6109
6029
6066
6235
6094
6127
6213
6162
6233
6207
6111
6139
6104
6108
6156
6221
6325
6071
6036
6228
6158
6170
6372
6116
6208
6428
6388
6228
6424
6470
6275
6518
6400
6384
6599
6251
6215
6202
6363
6418
6354
6360
6245
6412
6333
6406
6299
6388
6467
6449
6480
6434
6427
6441
6493
6487
6421
6416
6517
6692
6426
6559
6533
6501
6576
6418
6569
6561
6458
6664
6570
6577
6605
6733
6477
6738
6696
6641
6758
6651
6633
6830
6595
6557
6836
6714
6677
6742
6676
6790
6830
6819
6521
6842
6840
6598
6789
6856
6733
6950
6755
7073
6765
6981
6766
6764
6909
6853
6962
6956
6904
6755
6727
6893
6759
6672
6953
6954
7105
6948
6980
7092
7189
7228
7008
6993
7156
7016
7080
7021
7222
7022
7065
7045
7031
7199
7184
7123
7181
7125
7327
7279
7341
7405
7289
7241
7220
7450
7397
7275
7310
7231
7287
7386
7296
7428
7368
7278
7308
7394
7392
7492
7657
7471
7339
7464
7348
7475
7442
7567
7616
7599
7434
7562
7496
7578
7397
7729
7736
7708
7814
7560
7670
7829
7693
7581
7851
7661
7663
7643
7989
7812
7589
7800
7801
7736
7775
7842
7958
8045
7836
7908
7789
7909
8171
7864
7872
7961
7912
8035
7899
7977
8041
7927
8147
8081
7893
8008
7862
8068
8053
7956
7904
8059
7979
7963
8038
8053
7977
8162
8491
8236
8218
8096
8217
8227
8187
8313
8189
8222
8281
8079
8333
8079
8357
8515
8344
8239
8298
8596
8286
8377
8617
8385
8420
8304
8485
8576
8622
8512
8490
8400
8534
8490
8741
8280
8561
8480
8776
8390
8607
8661
8627
8687
8630
8713
8591
8680
8541
8811
8717
8829
8606
8717
8864
8872
8708
8705
8749
8676
9015
8971
8911
9117
8912
8828
8727
8815
8846
9019
8908
8950
8834
8914
8983
9233
9108
9050
9193
9230
8914
9136
9017
9001
9113
9101
9240
9159
9086
9022
9128
9254
9189
9284
9066
9142
9153
9209
9112
9199
9298
9457
9354
9375
9412
9328
9317
9405
9561
9296
9336
9493
9476
9430
9537
9410
9640
9699
9590
9683
9489
9523
9491
9562
9737
9542
9577
9751
9622
9637
9508
9730
9706
9710
9598
9539
9760
9728
9594
9676
9731
9839
9722
9739
9808
9765
9655
10021
9937
9958
10084
9952
9791
9907
9728
9946
9661
10084
9942
9792
9784
9807
9717
9610
9731
9892
9877
9839
10123
10255
10053
10191
10269
10298
10387
10200
10219
10209
10407
10362
10527
10306
10752
10512
10548
10207
10508
10336
10429
10356
10470
10518
10530
10528
10645
10776
10520
10599
10530
10827
10656
10585
10502
10667
10663
10525
10825
10479
10812
10728
10714
10874
10695
10855
10705
10720
10929
10664
11026
10998
10763
11172
10946
11016
10825
10875
10998
11169
10890
11272
11041
10865
10948
11121
11030
11170
11151
10794
11239
11052
11084
11101
11070
11579
11596
11271
11304
11159
11356
11436
11487
11358
11483
11492
11466
11623
11420
11742
11428
11443
11783
11469
11513
11319
11497
11478
11392
11508
11887
11700
11492
11861
11827
11869
11702
11821
11559
11796
11769
11686
11902
11838
11977
11653
11877
11837
11762
11951
12034
12026
11950
11937
11922
12025
11914
12054
12017
11997
12017
12094
12034
12159
12378
12213
12075
12199
12205
12270
12308
12545
12353
12100
12474
12198
12408
12341
12301
12527
12271
12511
12322
12510
12458
12841
12370
12474
12552
12324
12588
12791
12607
12559
12776
12573
12870
12556
12907
12604
12755
12692
12848
13027
12772
12923
12857
12875
12746
12903
13115
12976
13103
12832
12858
13331
13005
13077
12746
13195
12806
13070
13154
12939
13129
13111
13114
13067
13246
13001
13281
13235
13001
13271
13286
13126
13262
13444
13178
13362
13576
13506
13723
13599
13562
13554
13412
13495
13529
13397
13865
14022
13842
13577
13503
13826
13830
13649
13960
13844
14044
13939
13846
13729
13780
13832
13814
13792
13861
14302
14036
14113
13745
14005
14020
14082
13940
14146
13882
14090
14228
13910
13644
14154
13732
14043
13883
14233
13963
14052
14075
14303
14527
14217
14267
14314
14497
14500
14355
14581
14829
14348
14555
14606
14678
14692
14692
14584
14598
14592
14891
14594
14610
14930
14907
14629
14973
14915
14716
14878
14838
14981
14864
14724
15223
14903
15074
14978
15020
15283
15172
15157
15233
15108
15293
15435
15185
15286
15315
15190
15010
15263
15221
15128
15357
15293
15397
15242
15117
15477
15188
15397
15701
15178
15267
15299
15146
15437
15520
15650
15639
15739
15917
15722
15936
15821
15899
15634
16002
15913
15806
16005
15856
15992
15648
16001
15581
16077
16098
15888
16167
15902
16040
15868
16047
16223
16289
16380
16045
16364
16159
16304
16202
16358
16533
16123
16367
16204
16314
16261
16420
16116
16713
16589
16215
16236
16439
16345
16532
16489
16506
16481
16616
16628
16797
16765
16669
16640
16908
16696
16817
16824
16512
16707
16488
16875
16727
16580
16619
16621
16701
16774
16458
16744
16950
16980
17255
17317
17185
17307
17482
17247
17182
17425
17371
17361
17447
17236
17581
17394
17390
17517
17260
17307
17632
17451
17310
17400
17351
16973
17214
17143
17287
17033
17170
16952
17240
17312
17168
17428
17148
17285
17312
17312
17796
17945
17785
17965
17988
18079
17945
18126
18072
17894
18146
17733
17658
17664
17110
16643
16645
16170
16199
16044
15401
15157
14598
14528
14579
14560
15451
15548
15794
16396
17033
17754
17637
18491
18612
18690
19238
19197
19081
19354
18738
18794
18698
18634
18677
18693
18853
18412
18766
18632
18888
18816
19032
19110
18712
18814
18856
19242
18827
18774
18757
18788
18672
18706
18610
19021
19028
19173
19472
19389
19304
19412
19244
19375
19272
19242
19482
19330
19234
19153
19202
19182
19252
19208
19530
19170
19308
19484
19393
19364
19487
19470
19279
19438
19700
19730
19672
19851
19416
19353
19575
19467
19904
19749
19898
19757
19908
19871
19793
20070
19552
19830
20110
20076
20032
19997
19867
20219
19878
20096
20138
20249
20212
19931
19890
19970
19840
19940
20420
20073
20068
20474
19988
20267
20397
20326
20166
20397
20601
20712
20503
20604
20660
20651
20800
20725
20843
20602
20784
20811
20953
20724
20512
21098
20786
20858
21058
20859
21058
21261
21305
21159
21069
21196
21149
21524
21155
21325
21322
20811
21063
20829
20529
20564
20454
20577
20348
20366
20160
20101
20117
20353
20537
20751
21478
21332
21980
21180
21643
21547
21412
21790
21609
21613
22132
21658
21788
21580
21961
21956
21762
21760
21625
22089
21948
21892
22016
21740
21867
22058
21833
22056
22024
22362
22165
22089
21861
22254
22121
22496
22094
22226
22378
22390
22224
22155
22312
22506
22507
22549
22338
22717
22864
22260
22492
23016
22714
22774
22743
22528
22658
22626
22869
22826
22985
22569
22742
22756
22981
22840
22746
23021
23304
23017
22711
23114
23389
22923
23072
22924
23114
23011
23052
22904
23366
23213
23293
23205
23523
23370
23382
23268
23059
23189
23142
23436
23563
23504
23585
23461
23391
23492
23460
23497
23528
23467
23573
23792
23780
23481
23947
23842
23908
23759
23722
23918
23529
23762
24084
23661
23690
24180
24132
23909
23854
24294
24131
24268
24409
24144
24121
24398
24367
24509
24276
24427
24119
24556
24925
24718
24469
24696
24250
24529
24664
24471
24621
24458
24381
24459
24509
24566
24678
24584
24710
24452
24654
25008
24494
25053
25000
24936
24881
24694
24906
24914
24916
25292
24749
24755
24749
24756
24791
25270
25152
24605
25522
25230
25269
25045
24970
25354
25422
25243
25306
25258
25360
25495
25471
25712
25348
25379
25417
24892
25090
25197
25152
25357
25394
25354
24945
25405
25242
25251
25382
25778
25831
25984
25604
25746
25652
26124
25949
25969
25888
25716
25844
25690
25818
25823
26119
25809
25764
26040
26316
26349
25933
26245
26208
26075
26104
26165
26276
26297
26189
26400
25969
26468
26242
26474
26105
26266
26414
26454
26325
26383
26172
26124
26363
26360
26353
26706
26106
26425
26788
27031
26933
26264
26336
26794
26714
26808
26917
26494
26828
26994
26782
27068
26887
26823
26822
26948
27243
26788
26909
26802
27088
26916
26894
26949
27022
27219
27140
27101
27246
27721
27382
27424
27456
26970
27549
27439
27574
27985
27301
27465
27536
27610
27435
27434
27410
27686
27208
27586
27468
27441
27588
27442
27541
27427
27586
27687
27095
27492
27740
27729
27765
27812
27786
27753
27589
27829
27506
27998
27857
27688
27904
27887
27546
27577
27865
28056
27700
27973
27818
27976
27915
28187
28228
27921
27870
28142
27934
28323
28035
28107
28087
28389
27890
28510
28180
28373
28552
27933
28182
28428
28277
28319
28456
28279
28433
27776
28125
28680
28355
28154
28688
28149
28244
28646
28607
28244
28603
28813
28555
28612
28504
28563
28793
28549
28532
28936
28736
28399
28635
28708
29205
28667
28694
28708
28781
28589
28474
29097
29068
28708
28578
29238
29085
28844
28920
28812
28914
28754
28767
28702
28902
28800
28165
28434
28133
28450
28180
28164
27788
28056
28319
28508
28546
28569
29302
29092
29124
29110
29142
29448
29213
29362
29459
29627
29480
29410
29531
29329
29564
29315
29638
29434
29271
29140
29238
29465
29205
29510
29147
29770
29590
29988
29294
29535
29866
29478
29498
29388
29404
29228
29516
29606
29306
29517
30062
29492
29376
29757
29709
29428
30016
29749
29597
29436
29480
29842
29644
29748
29595
29405
29492
29448
29986
30075
30197
29638
29444
29802
29614
29941
29748
29711
29853
29595
29990
30034
29590
29825
30093
30026
29831
29750
29926
30115
30018
30324
30185
30154
30226
30166
29880
30152
30068
29892
30171
29981
30188
29660
30237
30095
30234
29985
30138
30181
29807
29908
30281
30346
30040
30168
29849
30298
30092
30216
29906
30020
30022
30425
30336
30158
30428
30284
30130
30168
30191
30276
30402
30301
30123
30645
30160
30187
30346
30144
30632
30756
30442
30186
30406
30288
30480
30541
30091
30638
30628
30685
30580
30224
30410
30558
30290
30477
30408
30491
30662
30519
30873
30348
30252
30687
30303
30480
30517
30618
30454
30580
30714
30654
30984
30477
30689
30724
30924
30370
30386
30872
31077
30676
30433
30981
30957
31010
30746
30566
30732
30649
30858
30745
30980
30868
30580
31101
30774
31176
30976
31090
30873
30776
30804
31033
30411
30607
30882
30890
30914
30682
30716
30714
30520
30772
30484
30948
30821
30859
30884
31076
31148
30742
30700
30977
30718
30349
30754
30591
30772
30632
30619
30470
30890
30578
30762
30558
30776
31051
30761
30906
31156
31142
30996
31008
30555
30910
30957
30510
30726
30472
30740
30816
30906
30916
30807
30924
30858
30852
30690
30737
30860
31156
30764
30727
30490
30618
30721
31033
30712
30994
31498
30868
30850
30826
30438
30578
31145
31028
31218
31128
30904
31071
31220
30976
30953
31028
31460
30834
30917
31069
31066
30741
30784
30900
31016
30694
31150
30848
30896
30745
31080
30644
30208
30294
30813
30660
30500
30573
30440
30105
30703
30703
30804
30420
31026
30718
30758
30912
30986
31412
30806
31220
30541
30575
30503
30642
30624
30613
30476
30202
30336
30605
30297
30378
30017
30090
29713
30022
29482
29602
29853
29831
30036
30420
30285
30261
30132
30692
30233
30525
30800
30989
30678
31030
30474
31008
30669
30569
30283
30816
30501
30232
30260
30427
30522
30756
30480
30451
30468
30023
30341
30802
30301
30496
30532
30094
30660
30647
30660
30484
30581
30388
30538
30729
30548
30499
30171
30687
30457
30393
30683
30512
30662
30316
30312
29491
30236
29824
30084
30323
30383
30354
30122
30104
30428
29984
30057
29956
30178
30139
30212
29798
29959
29876
29793
30040
29787
29970
29610
29926
30092
30422
30030
29728
29835
29719
30271
29979
29330
29615
29745
29858
29536
29554
29596
29538
29873
29472
29684
29577
29483
29154
29626
29458
29583
29659
29669
29700
29330
29399
29380
29524
29467
29534
29607
29309
29405
29646
29284
29295
29213
29814
29358
29393
29485
29642
29022
29058
29279
29317
28978
29311
29206
29028
29100
29184
29043
29092
28810
29115
29133
28857
28980
29032
29009
28790
29078
28701
28976
29076
28646
28806
28809
28917
28857
29056
29172
28601
28884
28683
28440
28930
28681
29009
28353
28852
28338
28732
28278
28720
28623
28492
28416
28472
28509
28768
28009
28341
28370
28566
28586
28298
28160
28397
28048
27940
28232
27820
28112
28164
28248
28680
27981
28052
28402
27912
27863
28224
28061
28349
28008
27608
27881
27456
28083
27864
27663
27564
27570
27932
27776
27448
27819
27912
27656
27537
27447
27422
27521
27449
27416
27574
27177
27545
27529
27402
27122
27371
27122
27119
27698
27154
27239
27129
27137
27018
27026
27306
27170
26808
27129
27160
27060
27196
27214
27293
27054
26925
26896
27232
26770
27036
27024
26999
26645
26454
26122
26553
26182
26357
25898
26304
26144
25984
26040
26348
26527
26030
26335
26241
26276
26330
26563
26409
26642
26119
26386
26228
26025
26214
26132
26314
25975
26234
25728
25913
26119
25933
25638
26420
26216
25645
25728
25940
25929
25635
25646
25483
25495
25812
25193
25515
25258
25257
25476
25366
25224
25364
25206
25412
25204
25042
25089
24832
24955
25111
24820
25064
24684
24970
24900
25124
24486
24584
24698
25026
24891
24621
24752
24824
24637
24849
24619
24779
24872
25090
24557
24344
24562
24427
24773
24773
24265
24718
24382
24572
24510
24427
24461
24310
24444
24461
24380
24243
24365
24207
24324
24414
23687
23681
23691
23257
23505
23341
23471
23616
23651
23533
23529
23584
23525
23336
23065
23052
23129
23189
23040
23000
23300
23284
23206
22955
23048
23232
22901
23215
23092
23465
23508
22970
23304
23195
22973
22822
22986
22966
22958
22855
22585
22631
22693
22919
22899
22642
22644
22173
21835
21782
21515
21392
21817
22120
21974
21994
22041
21960
22016
22081
22036
22052
22139
22252
22357
22144
22212
21985
21909
21938
21884
22016
21831
21876
21674
21930
21894
21661
21890
21906
21864
21621
21716
21623
21241
21526
21290
21294
21372
21519
20917
21289
21359
21404
21208
21248
21166
21412
21305
21153
21076
21339
21166
21307
20631
21082
20810
20319
19984
20045
19773
19584
19881
20002
20182
20281
20506
20296
20261
20376
20170
20555
20291
20550
20649
20351
20371
20279
20116
20308
20372
20183
20175
20013
20085
20010
20155
19892
19669
19991
19738
20091
19400
19470
19516
19162
19046
19481
19260
19519
19460
19406
19204
19064
19156
19306
19478
19212
19245
19487
19003
19310
19080
19159
19262
18968
18885
19050
18477
18854
18948
18672
19327
18941
18744
18648
18710
18648
18909
18748
18688
18399
18414
18389
18565
18350
18480
18512
18088
18460
18086
18251
18048
18331
18148
18141
18052
17989
17942
17957
17913
17848
17974
17921
17896
17707
17772
17771
17547
17896
17678
17633
17710
17731
17296
17620
17783
17370
17519
17576
17219
17304
17495
17115
17455
17180
17404
17237
17204
17140
17081
16718
16472
16470
16196
16351
16781
16664
16552
16318
16472
16838
16354
16782
16710
16797
16784
16568
16478
16585
16482
16531
16433
16340
16284
16871
16508
16399
16285
16287
15943
16274
16110
16168
16085
16176
16143
16083
16024
16031
15752
16260
16085
15762
15725
15684
15821
15725
15812
15404
15764
15740
15786
15720
15631
15602
15635
15611
15608
15606
15357
15534
15589
15404
15646
15442
15240
15366
15402
15488
15422
15188
15127
15298
15566
15173
15207
15215
15074
15127
14818
15014
14903
14996
14953
15076
15257
15083
14852
15019
14774
14959
14786
14873
14851
14756
14931
14720
14824
14680
14602
14673
14628
14760
14799
14837
14464
14625
14502
14438
14546
14677
14487
14492
14385
14204
14377
14302
14388
14253
14465
14271
14400
14452
14333
14388
14303
14206
14183
14302
14167
14078
14206
14110
14138
14035
14105
14113
14011
13816
14205
14139
14127
13665
13746
13621
13968
13674
13939
14085
13730
13876
13624
13934
13704
13926
14055
13876
13678
13716
13771
13737
13943
13510
13733
13537
13489
13589
13615
13444
13521
13568
13596
13702
13510
13486
13479
13610
13613
13515
13410
13428
13734
13419
13274
13275
13500
13423
13429
13397
13390
13304
13207
13492
13296
13287
13266
13592
13413
13200
13219
13357
13178
13094
13270
13178
13400
13356
13193
13394
13278
13047
13338
13440
13100
13180
13205
13206
13411
13305
13198
13398
13136
13361
13080
13244
13224
13139
13284
13245
13257
13174
13290
13161
13276
13095
13110
13376
13048
13341
13304
13109
13140
13183
13119
13389
13267
13059
13210
13101
13378
13098
13106
13234
12929
13154
13386
13329
13000
13180
13222
13411
13283
13021
13157
13361
13194
13314
13209
13413
13218
13426
13114
13221
13288
13298
13342
13387
13287
13432
13271
13104
13366
13474
13514
13282
13331
13448
13528
13209
13380
13716
13253
13419
13362
13651
13581
13450
13557
13407
13562
13293
13752
13442
13377
13319
13450
13342
13465
13117
13257
13440
13345
13662
13316
13558
13609
13658
13885
13781
13717
13416
13627
13568
13444
13816
13558
13562
13627
13577
13458
13561
13499
13554
13684
13768
13647
13634
13726
13838
13948
14018
13861
14112
13859
13920
14022
14026
14128
14047
14018
14120
13940
13734
13892
13966
14062
14022
14121
14112
14062
13949
14126
14194
14041
14136
13955
14049
14196
14331
14197
14299
13891
14356
14213
14201
14368
14533
14520
14089
14255
14362
14461
14159
14347
14368
14270
14548
14678
14788
14456
14445
14564
14421
14618
14605
14503
14468
14310
14221
14176
14586
14244
14357
14404
14602
14445
14778
14788
14434
14725
14613
14681
14563
14577
14628
14566
14340
14912
14949
14848
14877
15036
14840
14923
14822
14841
14480
14841
15005
15023
14976
14829
14890
14952
15060
15145
15066
14919
15147
15101
15228
14985
14965
14862
15097
14979
15049
15158
15112
14755
14986
14895
14848
15136
15100
15004
15062
15229
15128
15208
15311
15104
15534
15204
15209
15245
14840
15470
15473
15516
15352
15540
15298
15390
15373
15538
15378
15334
15154
15292
15412
15348
15304
15160
15141
15355
15353
15372
15437
15480
15268
15247
15496
15209
15325
15389
15447
15474
15400
15543
15529
15440
15446
15636
15359
15224
15440
15417
15270
15457
15630
15583
15402
15269
15417
15481
15353
15210
15172
15127
14994
15018
14970
15195
15161
15139
15325
15546
15644
15718
15459
16000
15682
15564
15724
15458
15639
15633
15510
15789
15718
15425
15659
15616
15693
15796
15672
15586
15531
15637
15694
15530
15536
15685
15594
15809
15770
15787
15500
15616
15853
15764
15616
15566
15710
15525
15579
15779
15662
15806
15709
15558
15882
15483
15515
15765
15442
15435
15512
15327
15494
15562
15275
15376
15738
15530
15378
15516
15291
15283
15333
15608
15428
15438
15446
15530
15257
15581
15407
15648
15577
15365
15488
15364
15173
15268
15221
15225
15348
15293
15138
15312
15156
15176
15064
15275
15201
15070
15044
15050
15259
15019
15137
15154
15014
15100
14938
15056
15020
15067
15038
15096
14966
14844
14881
14809
14841
14836
14725
14941
14890
14973
14845
15012
14904
14750
14849
14646
14580
14722
14770
14918
14681
14498
14507
14789
14374
14536
14473
14269
14435
14356
14540
14494
14639
14377
14725
14113
14393
14332
14538
14355
14266
14342
14094
14075
14162
14075
14020
14204
14421
13929
13984
13833
13941
13836
13968
13926
13860
13266
13804
13782
13578
13916
13832
13718
13895
13677
13807
13644
13708
13633
13507
13360
13618
13509
13595
13286
13241
13388
13420
13443
13360
13355
13312
13147
13243
13150
13154
13026
13089
13001
12926
12850
13041
12938
12965
12858
12829
12826
13074
12864
12802
12741
12718
12677
12772
12668
12271
12821
12627
12442
12426
12566
12490
12532
12452
12550
12530
12333
12238
12304
11911
11993
12242
12233
12082
12059
11984
12024
11911
11848
11978
11894
11581
11592
11669
11760
11551
11695
11769
11578
11500
11597
11202
11470
11332
11247
11460
11302
11402
11264
11389
11443
11389
10813
10647
10487
10144
10491
10450
10517
10475
10567
10602
10621
10505
10757
10581
10707
10596
10462
10621
10478
10570
10128
10031
10206
10157
10234
10254
10001
10105
9878
9878
9786
9800
9814
9824
9762
9580
9715
9476
9605
9656
9513
9512
9231
9411
9344
9314
9292
9196
9076
9160
9120
9070
9205
9069
8753
8788
8757
8810
8711
8555
8524
8660
8799
8576
8391
8554
8492
8767
8405
8291
8133
8197
8010
8151
8140
8018
7982
7932
7997
8025
7782
7840
7675
7900
7887
7973
7741
7542
7544
7481
7315
7588
7403
7142
7426
7286
7391
7095
7026
7084
7039
7254
7092
7083
7039
6900
6863
6789
6791
6780
6816
6596
6662
6653
6657
6664
6461
6440
6405
6450
6347
6339
6292
6138
6334
6190
6109
6083
6228
6151
6155
5912
5869
6006
5997
5687
5971
5757
5736
5921
5744
5782
5657
5612
5501
5435
5474
5731
5400
5431
5261
5506
5342
5347
5277
5088
5241
5474
5348
5063
5013
5161
5031
4935
5091
5004
5063
5018
4877
4670
4663
4591
4666
4595
4683
4752
4709
4763
4556
4628
4689
4604
4553
4662
4404
4591
4374
4610
4531
4342
4456
4535
4512
4407
4280
4375
4423
4286
4206
4369
4350
4211
4252
4232
4243
4063
4244
4068
4173
4149
4104
4031
3965
4076
4116
3944
3897
4071
4047
4045
4042
3820
4055
3999
4004
3922
3902
3977
3980
3781
3835
3873
3854
3797
3818
3785
3795
3707
3789
3694
3805
3759
3710
3756
3601
3636
3736
3549
3698
3598
3614
3713
3666
3590
3694
3730
3534
3651
3677
3519
3620
3615
