4773
4898
4837
4881
4979
4965
4780
4881
4891
5018
4889
4834
4836
4893
5012
5154
4881
4878
4941
4951
5045
4880
4953
4912
4988
5111
4935
5027
5024
5157
5035
4888
4968
5027
4794
5085
4989
5012
5002
5194
5108
5046
5197
5085
5317
5031
5129
4932
5042
4971
5267
5064
5229
5081
5128
5070
5116
5033
5034
5167
5141
5215
5232
5068
5223
4946
5206
5079
5079
5185
5131
5156
5223
5310
5045
5387
5253
5222
5264
5310
5354
5274
5445
5344
5444
5435
5456
5286
5434
5229
5342
5428
5477
5426
5348
5394
5242
5446
5362
5480
5522
5400
5333
5691
5408
5445
5475
5299
5463
5337
5540
5465
5501
5594
5462
5596
5506
5599
5647
5445
5650
5552
5472
5550
5698
5723
5582
5647
5549
5627
5487
5658
5649
5634
5672
5625
5639
5800
5630
5556
5758
5773
5877
5769
5642
5671
5804
5844
5725
5763
5817
5681
5922
5745
5818
5981
5835
5747
5706
5657
5851
5674
5954
5869
5842
5877
5864
5768
5960
5772
5992
5816
5888
5730
5925
5856
6040
6070
5957
5810
6071
6081
6131
6036
5913
6141
5941
5896
6196
6249
6113
6030
5995
5961
5977
6176
6020
6026
6061
6175
6116
6056
6129
6093
6111
5925
6225
6180
5981
6132
6256
6204
6359
6223
6180
6147
6288
6160
6301
6356
6325
6390
6318
6031
6444
6301
6224
6426
6272
6313
6437
6310
6389
6386
6369
6356
6472
6406
6400
6541
6404
6360
6281
6579
6379
6308
6357
6602
6416
6552
6294
6590
6551
6421
6611
6572
6588
6392
6764
6468
6611
6501
6622
6643
6531
6549
6543
6636
6582
6627
6908
6757
6630
6599
6550
6597
6734
6714
6840
6761
6775
6590
6766
6674
6661
6784
6762
6779
6703
6756
6795
6589
6789
6905
6968
6839
6624
6852
6758
6899
7046
7079
6892
6824
6951
6966
6978
6956
7100
6920
7106
7138
7158
7002
7011
7040
7117
7031
6926
7101
7122
6973
7065
7074
6970
7116
7242
6982
7070
7278
7284
6997
7071
7155
7267
7203
7506
7254
7282
7299
7289
7296
7227
7194
7242
7142
7309
7188
7044
7257
6967
7192
7209
7252
7252
7266
7405
7371
7274
7388
7259
7407
7536
7372
7461
7527
7401
7533
7469
7592
7790
7463
7575
7556
7531
7433
7577
7554
7721
7467
7452
7613
7517
7591
7781
7688
7577
7657
7632
7772
7691
7806
7809
7837
7864
7706
7742
7748
7613
7700
7812
7770
7636
7651
7717
8071
7997
7789
7680
8093
7986
8000
8043
7942
8136
8138
7919
8119
8031
8221
7763
8050
7896
8098
8084
8092
8251
8034
8139
8160
8161
8291
8298
8165
8162
8177
8392
8338
8170
8198
8188
8414
8303
8157
8092
8541
8469
8456
8316
8315
8525
8499
8527
8454
8435
8534
8570
8334
8469
8392
8341
8482
8550
8364
8621
8672
8539
8568
8582
8678
8516
8647
8793
8371
8680
8720
8834
8532
8700
8712
8692
8732
8858
8871
8851
8711
8873
9044
8677
8714
8742
8999
9022
8865
8948
8904
8870
8838
8985
9021
8880
9229
8892
8976
9076
8940
9145
8846
8951
9103
8973
9306
9194
9219
9201
9214
9164
9267
9129
9245
9301
9249
9280
9138
9090
9261
9314
9227
9074
9283
9173
9484
9362
9284
9422
9404
9362
9429
9685
9731
9362
9618
9422
9510
9481
9574
9589
9556
9529
9556
9397
9614
9736
9595
9718
9677
9699
9680
9500
9750
9378
9682
9670
9786
9588
9776
9816
9613
9672
9820
9797
9704
9931
9679
9883
9884
9772
9950
9717
9963
10040
9889
9903
9757
9703
9993
10177
10084
10064
10064
10267
10155
10102
10168
10218
10106
10099
9905
10015
10391
10196
10365
10321
10266
10166
10247
10246
10170
10291
10370
10138
10173
10141
10593
10327
10589
10340
10457
10298
10463
10673
10373
10452
10491
10114
10330
10392
10397
10408
10309
10143
10140
10121
10248
10525
10420
10564
10723
10845
10904
10772
10747
10840
10938
10924
10752
11070
10836
10688
11036
10858
10844
10824
11008
10856
10905
11129
10763
10979
11070
11011
11297
11054
11167
11171
10969
10997
11138
11048
11178
11247
11009
11242
11143
11146
11315
10975
11328
11042
11375
11355
11410
11076
11415
11249
11430
11658
11424
11412
11418
11497
11550
11461
11558
11510
11819
11636
11520
11481
11608
11636
11585
11393
11389
11564
11561
11554
11670
11718
11837
11771
11900
11890
11993
11851
11962
11704
12100
12040
11991
11949
12064
12280
12039
11941
12012
11982
12202
11909
12015
12045
12201
12027
12242
12130
12255
12490
12352
12256
12310
12284
12349
12100
12408
12782
12516
12342
12262
12676
12311
12607
12652
12537
12779
12736
12533
12728
12649
12430
12818
12655
12669
12650
12532
12935
12822
12618
12847
13102
12814
12722
12886
12574
12616
12629
12767
12872
13254
12968
12964
13072
13172
12892
13111
13052
13057
12928
13101
12873
13087
12940
13326
13071
13214
12917
12836
13326
13219
13397
13348
13360
13206
13197
13468
13164
13453
13430
13448
13180
13728
13303
13505
13564
13709
13788
13598
13376
13637
13598
13777
13780
13917
13634
13401
13814
13900
13713
13909
13965
13890
13595
13699
14246
13753
13972
13795
14169
13952
14014
13899
13852
14180
13885
13987
14081
14044
14233
14184
14098
14522
14378
14346
13957
14491
14162
14464
14316
14394
14493
14435
14327
14356
14428
14698
14524
14472
14619
14483
14666
14514
14899
14566
14691
14580
14760
14599
14581
14538
14988
15032
14741
14728
14861
14565
14809
14848
14670
14882
14719
14448
14541
14289
14630
14838
14999
14787
14939
15042
15116
14942
15115
15383
15024
15259
15256
15382
15456
15308
15489
15435
15793
15299
15616
15412
15434
15471
15293
15393
15449
15627
15450
15562
15806
15819
15652
15921
15798
15602
15546
15659
15765
15642
15810
15784
15917
15856
16123
15798
15879
16005
15956
15984
15954
15917
16143
15922
16033
15989
15824
15880
15853
16087
16014
16074
16098
16324
15912
16220
16390
16493
16033
16175
16330
16436
16182
16565
16706
16612
16420
16672
16621
16676
16442
16773
16457
16656
16874
16722
16723
16633
16535
16717
16764
16857
16836
16748
16928
16813
17067
17106
17160
17042
16935
17016
17146
16926
17044
17082
16931
17024
17242
17312
17222
17034
17507
17066
17308
17000
17383
17532
17205
17355
17354
17239
17192
17414
17497
17732
17697
17801
17520
17912
17939
17685
17733
17853
17645
17988
17860
17470
17912
17684
17633
17728
18056
17529
17453
17796
17719
17593
18115
17805
17793
18131
18265
18142
18302
18518
18231
18455
18313
18596
18491
18201
18196
18394
18371
18419
18269
18380
18632
18620
18303
18192
18484
18236
18184
18501
18199
18246
17994
18132
18185
18166
18445
18577
18233
17942
18267
18256
18525
18611
18825
18883
19114
18982
19286
18968
18952
19161
19369
19028
18749
18805
18215
17961
17391
17226
16952
16822
16516
15933
15429
15473
15099
15117
16090
16182
16772
17586
17751
18622
18861
19557
19784
20110
20446
19832
20095
20020
20193
19872
19552
19910
20019
19880
19714
19852
19926
19712
19849
19944
20041
20076
20169
20097
20141
19878
19797
19781
19826
20055
19700
19828
19593
19922
20236
20295
20331
20398
20356
20288
20668
20421
20364
20212
20298
20504
20401
20620
20702
20736
20369
20322
20620
20397
20828
20204
20491
20758
20798
20544
20581
20351
20772
20699
20727
20520
20519
20608
20817
20510
20596
21194
20945
20665
21083
21108
20946
20923
21017
20916
20941
21049
21058
20982
20967
20736
20967
21086
21220
21146
21196
21218
21298
21224
21101
21093
21090
21382
20901
21138
21173
21328
21424
21644
20887
21412
21576
21848
21785
21936
22123
21771
21932
22023
22092
21990
22024
22310
21924
22371
22186
21916
22069
22204
22216
22176
22302
22459
22254
22444
22316
22365
22581
22359
22458
22234
22582
22148
22456
22176
22326
21666
21721
21840
21668
21553
21115
21342
21129
21458
21658
22107
22462
22870
22589
22855
22784
22964
22886
22979
23383
23116
22994
22995
23019
23376
23517
22856
23184
23523
23188
23613
23173
23384
23454
23462
23929
23529
23069
23240
23391
23248
23466
23356
23584
24080
23511
23345
23428
23501
23681
24105
23436
23380
23640
23519
23622
23802
23498
23890
23792
23858
24118
23929
23891
23796
24123
23885
23627
23732
24161
23901
24336
24036
24238
24158
24138
24232
24229
23920
24436
24397
24228
24550
24539
24393
24123
24494
24349
24260
24130
24516
24624
24478
24775
24818
24694
24791
24604
24509
24574
24863
24596
24600
24804
24591
24742
24856
25144
24876
24975
25034
24985
25057
25159
24887
24542
24916
24865
25044
25284
25320
25116
25230
25342
25112
25222
25197
24962
25392
25355
25685
25323
25664
25421
25629
25339
25797
25832
26118
25889
25976
26070
25803
25980
25733
25832
25947
25856
25911
26089
26084
26338
25984
26088
26023
25869
26269
25836
26008
26170
26537
26392
26165
26244
26520
26059
26205
26292
26345
26426
26378
26394
26304
26376
26720
26252
26348
26504
26552
26248
26321
26756
26326
26468
26565
26390
26299
26358
26692
26888
26639
26915
26688
26628
26954
26932
26768
26824
26913
26440
26959
26724
26688
26614
26614
26593
26552
26494
26356
26623
27102
26873
27269
27387
27184
27361
27267
27077
27290
27128
27290
27336
27517
27304
27733
27594
27477
27460
27650
27422
27645
27466
27754
28104
27876
27673
27766
28280
28075
28113
27812
27836
28124
28126
27718
28074
27924
27984
28105
27844
28041
28060
28261
27904
27988
27992
28114
28388
28149
28052
28069
28250
28228
28606
28292
28314
28452
28132
28388
28756
28842
28451
28788
28784
28228
28778
28829
28810
28748
28717
28557
28580
28884
28708
28989
28572
29138
28575
28671
28783
28720
28832
29184
29040
28845
29208
28875
28826
28751
29070
28988
29248
28907
29248
28748
29170
29064
28864
29086
29456
28967
29328
29236
28938
29206
29160
29300
28971
29096
29540
29320
29210
29281
29417
29234
28864
29522
29444
29312
29330
29230
29646
29210
29554
29658
29248
29258
29805
29517
29674
29723
29556
29350
29554
29684
29755
29638
29657
29901
29720
29532
29893
29736
29666
30120
29898
29514
30014
29919
29553
30250
30021
30212
29894
30029
30208
29997
30221
30266
29867
29960
30092
30158
30148
30240
29922
30459
30074
30340
29988
30639
30102
30500
30208
30112
30248
30262
30283
30476
30292
30378
30506
30490
30701
30408
30797
30584
30242
30509
30479
30802
30733
30659
30807
30998
30724
30453
30754
30531
30562
30758
30325
30297
30118
30468
30056
29787
30068
29818
30106
30218
29748
29877
29828
30266
30413
30636
31204
31115
31273
31232
31149
31257
31106
31198
31368
30848
30875
30957
31360
31421
31075
31306
31314
31673
31365
31337
31269
30848
30976
30965
31125
31033
30851
31336
31682
31096
31311
30998
31238
31739
31095
31476
31268
31514
31356
31478
31305
31068
31625
31556
31552
31860
31334
31266
31628
31603
31605
31387
31662
31604
30833
31571
31482
31850
31350
31645
31768
31834
31480
31791
31581
32094
31780
31452
31776
32106
31830
31686
32128
31788
31867
31971
32004
31553
31704
31644
31803
32000
31878
31976
32324
32105
31583
32191
31941
31925
31574
31882
31809
31525
32201
31780
32276
32375
32020
31777
32048
31800
32186
32108
31732
32104
32000
31884
31942
32199
32239
32000
31965
31776
32316
32340
31980
32040
32002
32144
32116
32627
32074
32260
32183
32290
31921
32299
32197
32439
32012
32288
32266
32345
32268
32141
32088
31878
32634
32634
32130
32658
32566
32352
32479
32409
32444
32193
32590
32088
32376
32599
32660
32859
32384
32458
32794
32980
32170
32555
32695
32431
32756
32691
32676
32328
32889
32701
32196
32886
32194
32502
32452
32614
32564
32700
32882
32400
32605
32594
32489
33070
32666
32321
32510
32614
32794
32601
32536
32474
32657
32599
32623
32905
32808
32551
32805
32432
32820
32804
33081
32758
32532
32992
32459
32821
32662
32778
32388
32877
32815
32677
32770
32441
32506
32687
33080
32292
32384
32971
32425
32357
32661
32772
32747
32979
32490
32885
32587
32742
33153
32900
32745
33263
32776
33066
32706
32813
32646
32747
32660
32796
32692
32768
32484
33062
33050
33256
32939
32403
32676
32812
33061
32469
32941
32413
32770
32948
33032
33226
33133
32968
32770
33118
32703
33054
32912
32900
32960
32873
32884
32934
32795
33133
32840
32938
32717
33282
33067
32731
33152
32773
33067
32957
32744
32759
33016
32509
32960
32746
32751
32656
32746
32725
32424
32520
32996
32692
32191
32548
31988
32333
32970
32509
32792
32633
32649
32536
32719
32792
32501
33051
32531
32666
33028
32402
32552
32776
32084
32466
32396
32468
32184
32506
32185
32461
31972
32025
31540
31620
31268
31734
31917
32102
31760
31661
32036
31945
31852
32320
32589
32629
32469
32581
32566
32588
32700
32621
32864
32740
32384
32552
32542
32548
32256
32536
32564
32904
32677
32417
32670
32764
32474
32557
32372
32650
32073
32788
32296
32189
32257
32513
32104
32514
32680
32247
32584
32728
32544
32058
32212
32605
32461
32493
32292
32602
31992
32256
32004
32468
31812
32226
32062
32216
32286
32041
32008
32138
31738
32143
31501
32324
31900
32280
31828
32008
31656
32256
31785
31864
31740
31748
31533
32116
31674
31777
32005
31650
32000
32251
31896
31912
31753
31725
31762
31386
31586
31478
31432
31672
31370
31469
31465
31832
31558
31286
31437
31557
31544
31451
31652
31140
31089
31189
31529
31380
31437
31498
31603
31484
31508
31346
31084
31065
31174
31566
31605
30699
31151
31099
30818
30872
30948
30964
31105
31374
31209
31188
31242
30853
30989
30874
31249
31150
30784
30690
30921
30976
30628
30682
31010
30616
30916
30736
30717
30745
30940
30937
30664
30762
30743
30872
30792
30336
30620
30806
30284
30187
30509
30164
30258
30370
30357
30437
30292
30394
30422
30009
30185
30476
30446
30330
30208
30374
30125
30077
29864
29892
29824
30035
29908
30054
29970
29977
29774
29833
30233
29990
29912
29614
29445
29714
30059
29850
29414
29964
29800
29429
29316
29597
29453
29700
29517
29988
29578
29402
29631
29403
29204
29138
29385
29031
29416
29317
29325
29248
29359
29192
29092
29052
28723
29462
29546
28987
29210
28806
28986
29237
28914
28841
28984
29130
28824
29048
28836
29120
28980
28893
28788
28872
29084
29012
28616
28468
28514
29082
28669
28304
28164
28009
27981
27924
28042
28399
28265
27796
27786
27835
27818
28081
27904
28356
28025
28308
28007
27626
28120
27845
28337
28182
28013
28202
27988
28292
27852
27615
27619
27880
27697
27489
27531
27510
27510
27927
27296
27363
27560
27634
27373
27212
27235
27210
27291
27101
27248
27140
27274
27140
27418
27451
27110
27222
26990
26804
26811
26797
26705
26533
26442
26629
26554
26632
26702
26419
26539
26790
26677
26660
26656
26640
26249
26490
26523
26260
26582
26434
26304
26376
26266
25883
26155
26264
26101
26518
26408
25986
25963
25992
26026
26072
25861
26025
25957
26165
25856
25600
25766
25940
25620
25736
25447
25329
24794
24896
24984
25211
25340
25466
24925
25314
25114
24848
25002
24933
24849
24610
24669
24603
24774
24838
24498
24682
24502
24611
24548
24486
24616
24582
24936
24832
24524
24598
24510
24679
24684
24988
24469
24612
24457
24342
24486
24430
24074
24518
24568
24484
23755
23863
23213
23104
22952
23306
23263
23423
23343
23078
23407
23158
23541
23423
23817
23885
23524
23764
23680
23800
23769
23386
23632
23401
23736
23245
23475
23438
23417
23542
23440
23402
23068
23210
23274
23279
22978
23235
22932
22972
22849
22920
22744
22802
22826
22914
22426
23048
22546
22552
22768
22541
22707
22318
22251
22559
22704
22474
22403
22370
22316
22018
21642
21215
21141
21460
21549
21404
21612
21796
21722
21884
21882
21915
21994
21742
21942
21774
21844
22132
21878
21493
21339
21220
21668
21719
21394
21760
21641
21265
21652
21318
21420
21290
21621
21154
20854
21045
20925
20808
20424
20581
20528
20554
20715
20610
20794
20512
20644
20759
20884
20922
20890
20632
20946
20547
20585
20613
20727
20394
20348
20525
20424
20306
20108
20213
20310
20496
20306
20056
20180
20106
19993
20086
20159
20143
19856
19828
19658
19840
19752
19939
19674
19796
19753
19880
19524
19398
19326
19488
19365
19572
19545
19695
19491
19621
19290
19490
19256
19217
19483
19166
19129
19194
19142
19198
18888
19134
18791
18905
18809
18920
19337
18962
19192
18852
19020
18865
19080
18786
18870
18666
18865
18827
18735
18483
18326
17984
17782
17858
18060
18198
18261
17832
18077
18344
17948
18140
18181
18303
18105
17821
18139
18164
18196
18267
18121
17911
17884
18142
18213
17853
17911
17608
17794
17857
17875
17562
17472
17579
17546
17240
17464
17468
17794
17817
17689
17648
17778
17321
17419
17569
17448
17601
17375
17555
17487
17298
17449
17528
17453
17009
17339
17434
17254
16983
17078
17118
16982
17222
17042
17167
17232
17113
16723
17033
16904
16891
17117
16652
16650
16937
16689
16886
16906
16600
16852
17044
16713
16914
16588
16736
16578
16504
16693
16757
16513
16612
16747
16665
16327
16385
16558
16383
16749
16390
16310
16624
16466
16403
16392
16477
16387
15897
15916
16092
16253
16110
16308
16322
16308
16295
16034
16227
16107
15943
16334
16116
16360
16103
16261
16084
16068
16186
15877
16211
16202
15978
16073
16100
16066
16123
15892
16139
16030
16025
16037
15927
15754
16384
15962
15915
15746
15889
16062
16123
15668
15884
16074
15931
15944
15813
15721
15701
15977
16004
15674
15943
15930
15948
15428
15902
15826
15872
15959
15892
15780
15698
15780
15923
15897
15812
15693
15798
15709
15690
15801
15511
15748
15581
15677
15691
15701
15778
15512
15484
15589
15629
15805
15820
15455
15704
15900
15708
15725
16018
15846
15741
15869
15874
15821
15787
15893
15684
15752
15834
15850
15704
15970
15943
15831
15737
16044
16037
15833
15968
15790
15796
15849
15944
15831
15862
16000
16065
15958
15644
15982
15878
16259
15909
15975
16072
15938
16101
16279
15950
16292
15841
15940
16277
16190
15956
16225
16093
15968
16217
16200
16075
16340
16302
16120
16180
16528
16448
16054
16484
16393
16364
16585
16204
16420
16361
16569
16443
16869
16673
16341
16693
16213
16593
16776
16696
16763
16673
16603
16596
16812
16632
16754
17024
16906
17334
16818
17012
16866
16900
16934
17006
16878
17005
17240
17227
17119
17272
17135
17261
17184
16970
17107
17044
17038
17326
16990
17259
17060
17186
17018
17426
17397
17738
17352
17745
17608
17511
17482
17204
17438
17457
17561
17533
17750
17721
17806
17428
17547
17766
17717
17814
17866
17726
17647
17869
17856
18346
18254
18263
18104
18152
18315
18449
18301
18215
18594
18809
18646
18391
18580
18520
18514
18971
18828
18633
18658
18740
18647
18888
18719
18923
18442
18735
18952
18734
19116
19460
19156
19003
19051
19218
19271
19402
19371
19586
19453
19525
19065
19389
19380
19666
19668
19348
19502
19804
19578
19682
19652
19734
19692
19451
20020
19712
19767
19660
19764
19811
19928
19550
19291
19668
19702
19652
20184
20288
20096
20264
19819
20231
20146
20348
20123
20152
19992
20170
20478
20461
20562
20605
20597
20447
20808
20547
20589
20598
20937
20764
20645
20706
20913
20975
20910
21106
21004
21028
20981
21165
21182
20786
20966
20810
21040
21160
21224
21348
21179
21192
20870
20902
21128
21272
20852
21121
21202
21300
21368
21300
21408
21451
21642
21600
21325
21490
21693
21760
21764
21552
21855
21720
21588
21480
21609
21801
21632
21646
21608
21693
21648
21739
21765
21851
21899
21742
21760
21788
22125
22208
22064
21741
22093
21896
22105
22215
21992
22075
22344
22212
22147
22221
21908
22292
22223
22204
22490
22252
22188
22330
22231
22086
22522
22377
22336
22508
22416
21946
22123
22016
21698
21930
21852
21719
21734
21796
21788
22113
22341
22685
22516
22561
22657
22759
22766
22776
22974
22725
22859
23058
22394
22626
22540
22742
23008
22648
22777
22592
22788
22592
22768
22527
22488
22737
22587
22844
22573
22556
23074
22948
22772
22993
22938
22941
22964
22852
22740
22441
22903
22607
22662
22922
22644
22756
22754
22692
22820
22418
22571
23034
22574
22408
22614
22492
22376
22540
22601
22576
22656
22492
22444
22535
22488
22866
22435
22432
22278
22607
22298
22129
22754
22172
22560
22601
22388
22248
22219
22340
22108
22316
22276
22395
22413
22111
22080
22062
22181
22404
21888
22004
22109
22160
21776
21895
22031
21754
21777
21982
22286
22021
21868
22134
22087
21922
22274
21763
21745
21917
21990
21642
21784
21701
21471
21354
21580
21713
21802
21453
21434
21638
21692
21309
21513
21481
21280
21514
20931
21162
21126
21048
20935
21253
20905
21158
21091
21246
20685
21083
20693
20760
21189
20960
20858
20873
20836
20686
20736
21017
20439
20973
20598
20621
20588
20431
20706
20549
20644
20382
20642
20413
20184
20100
20404
20160
20333
19980
19861
19858
19840
19768
19837
20062
20029
19849
19641
20112
19827
19820
19675
19468
19576
19376
19350
19359
19405
19585
19316
19092
19174
19241
19235
19274
18916
19062
19204
18849
19100
18734
18788
18639
18637
18825
18875
18726
18388
18481
18496
18197
18381
18314
18381
18218
18580
18085
18406
18165
18086
18139
17869
17893
17670
17649
17368
17600
17613
17654
17273
17264
17262
17313
17440
17291
17429
17465
17004
17072
16896
17162
16926
16580
16805
16389
16349
16398
16481
16343
16522
16384
16269
16379
16296
16060
16196
16406
16144
16148
15496
15428
15096
14714
14758
14392
14998
15032
15182
15396
15169
15259
15274
15301
15096
15073
14909
15148
14650
14681
14458
14612
14338
14090
14501
14384
14081
14285
14150
14225
14379
13952
13984
14034
13787
13738
13508
13657
13537
13600
13526
13428
13625
13024
13067
13088
12727
12921
12948
12793
12709
12682
12817
12684
12395
12576
12598
12518
12313
12132
12036
11993
11974
11938
11984
11765
12062
11628
11325
11634
11462
11319
11393
11176
11272
11333
11051
11204
11154
11039
10763
10800
10668
10677
10597
10556
10620
10438
10257
10468
10173
10136
10132
10034
10018
10033
9960
9716
9568
9638
9832
9527
9258
9441
9389
9312
9361
9304
9203
8979
9309
8943
8907
8711
8871
8877
8540
8520
8729
8410
8331
8640
8159
8177
8189
8311
8197
8175
8116
8111
7985
7941
7805
7706
7744
7734
7579
7729
7495
7608
7494
7496
7348
7478
7135
7211
7350
7334
7004
6964
6735
6916
6884
6972
7070
6667
6683
6592
6629
6650
6672
6616
6445
6353
6552
6393
6426
6468
6114
6041
5988
5867
5860
5748
5768
5901
6046
5851
5912
5843
5807
5666
5757
5610
5560
5598
5606
5632
5581
5727
5466
5525
5523
5553
5489
5410
5252
5467
5268
5258
5222
5284
5242
5311
5242
4952
5360
5070
5072
4972
5126
5013
5023
4975
4996
4908
4946
4888
4682
4609
4901
4849
4676
4712
4798
4767
4738
4702
4825
4693
4523
4608
4427
4440
4357
4541
4650
4439
4589
4651
4452
4381
4344
4515
4438
4424
4325
4338
4384
4330
4397
4275
4346
4428
4303
4161
4171
4161
4153
4338
4163
4194
