4786
4884
4597
4718
4506
4667
4554
4608
4819
4653
4774
4667
4582
4742
4761
4803
4815
4633
4617
4692
4789
4664
4692
4771
4739
4770
4763
4667
4820
4854
4666
4663
4798
4702
4666
4796
4744
4886
4734
4749
4745
4755
4767
4828
4757
4823
4856
4861
4817
4921
5133
4893
4942
4895
4966
4906
4914
4752
4868
5067
4976
4794
4940
4891
4894
4881
4749
4908
4916
4860
4948
4906
5040
4957
5062
4918
4860
4949
4978
4952
5130
5168
5272
5005
5128
5119
5209
4923
5032
5183
5046
5114
5054
5063
5103
5183
5157
5197
5409
5146
5141
5124
5236
5060
5306
5324
5221
5195
5072
5153
5184
5099
5140
5226
5266
5090
5183
5313
5268
5230
5270
5185
5279
5306
5376
5238
5379
5309
5230
5275
5155
5232
5530
5327
5232
5290
5370
5386
5593
5506
5322
5481
5465
5330
5428
5510
5474
5368
5454
5349
5653
5371
5602
5524
5517
5540
5660
5470
5694
5614
5579
5675
5674
5659
5670
5649
5915
5552
5514
5735
5539
5557
5686
5559
5639
5712
5689
5642
5580
5785
5697
5722
5733
5627
5789
5786
5729
5497
5828
5822
5790
5728
5800
5685
5590
5754
5899
5760
5839
5687
5884
5954
5951
5797
5835
5693
5656
5898
5765
5664
6088
5965
5980
5888
6103
6065
6034
6055
5922
5893
5972
6017
5862
6028
5935
5848
5973
6119
6031
5874
5850
5966
6102
6118
6063
6011
6052
6128
6155
6075
6131
6021
6048
6125
6244
6161
6135
6225
6227
6236
6295
6363
6231
6140
6210
6289
6365
6169
6380
6272
6217
6185
6287
6393
6184
6402
6270
6419
6263
6451
6448
6275
6436
6572
6330
6453
6376
6155
6365
6483
6472
6470
6376
6430
6354
6419
6537
6538
6500
6508
6369
6213
6454
6538
6564
6811
6538
6592
6468
6715
6606
6539
6391
6597
6472
6688
6697
6566
6574
6677
6757
6679
6747
6787
6668
6784
6810
6840
6839
6620
6811
6640
6619
6893
6862
6821
6804
6952
6528
6811
6935
6842
6673
6978
6770
6866
6998
6774
7010
6929
7031
7036
6870
6913
6758
6773
6852
6957
6982
6924
6913
6830
7024
6862
7030
6957
7065
7083
7215
6953
6884
6949
6880
6922
6992
7135
7051
6965
7112
7185
7020
7131
7305
7361
7078
7133
7129
7211
7440
7156
7335
7209
7089
7343
7332
7377
7447
7275
7355
7521
7285
7437
7444
7464
7205
7201
7499
7273
7410
7365
7547
7661
7210
7501
7498
7255
7426
7560
7702
7500
7556
7522
7436
7658
7677
7394
7554
7753
7607
7850
7547
7725
7707
7517
7662
7760
7775
7733
7744
7773
7767
7803
7822
7701
8063
7852
7890
7864
7911
7890
7831
8048
7800
7931
8103
7930
7998
7969
8037
7954
7781
7892
8106
7977
8072
7914
8063
8041
8070
7921
8138
7867
8092
7999
8160
8086
7993
8019
8226
8049
8257
8381
8151
8198
8376
8386
8120
8321
8437
8279
8285
8109
8251
8220
8331
8243
8366
8270
8303
8360
8419
8416
8604
8573
8620
8454
8349
8395
8408
8431
8530
8492
8451
8512
8688
8389
8500
8610
8646
8568
8764
8619
8869
8614
8684
8590
8621
8630
8816
8842
8880
8567
8804
8706
8716
8905
8652
8862
8942
8820
8900
8705
8834
8900
8799
8938
8850
8832
8889
9008
9209
9004
9015
9110
8908
9040
8986
8811
9002
8708
8970
9111
9239
9096
9157
9048
9095
9125
9200
9239
9051
9169
9089
9177
9133
9299
9457
9242
9218
9448
9519
9151
9325
9442
9606
9679
9466
9488
9294
9444
9401
9489
9662
9556
9504
9737
9474
9655
9655
9368
9404
9486
9593
9604
9541
9614
9694
9686
9652
9673
9805
9615
9767
9649
9882
10017
9488
9664
9850
9869
9818
9856
9866
10077
9960
9988
9834
9780
9957
9969
9741
9922
9975
9973
10059
9808
9874
9858
9893
9807
9714
9684
9795
9682
10056
9889
9965
10126
10143
10299
10452
10267
10349
10132
10387
10289
10121
10440
10392
10346
10468
10242
10448
10338
10460
10531
10593
10545
10443
10248
10686
10428
10596
10417
10603
10281
10548
10578
10882
10352
10852
10809
10640
10944
10794
10581
10790
10802
10737
10898
10688
10797
10736
10929
10856
10697
10856
10765
10979
11106
10954
10971
11118
11129
11053
10944
10912
11328
11039
11027
11017
10891
11051
11012
10919
10878
11012
10869
11053
11504
11392
11410
11446
11378
11363
11192
11361
11411
11528
11622
11528
11409
11459
11640
11460
11454
11554
11394
11418
11328
11574
11499
11654
11670
11472
11661
11722
11473
11521
11739
11593
11620
11568
11734
11728
11889
11828
11870
12017
11762
11698
11920
11899
11940
11918
11901
12008
11846
12040
12077
12020
11993
12356
12022
12088
12302
12188
12258
11998
12242
12152
12208
12321
12294
12239
12357
12353
12637
12382
12360
12755
12327
12399
12591
12545
12546
12600
12508
12416
12409
12527
12597
12455
12559
12366
12490
12772
12771
12468
12300
12817
12658
12395
12978
12684
12822
13071
12708
12977
12632
13082
12899
12981
12854
12714
12919
12720
12731
12887
13129
12950
12941
12937
13112
13004
13270
12924
13298
13095
13359
12924
13231
13117
13157
13315
13149
13027
13115
12957
13237
13275
13456
13430
13253
13256
13701
13514
13382
13474
13708
13440
13619
13540
13714
13643
13952
13755
13460
13786
13805
13623
13602
13914
13743
13989
13782
14153
13759
13830
13681
14009
13870
13962
13943
13829
13908
13927
13929
14071
14156
13949
13997
13960
14130
14157
14277
13840
14037
13887
14031
14000
14158
13549
14017
14369
14226
14090
14415
14325
14223
14489
14454
14560
14528
14626
14744
14743
14507
14720
14446
14724
14705
14925
14567
14626
14842
14754
14794
14754
14908
14819
14755
15032
14861
14949
14861
14712
14913
15086
15113
14861
14861
15008
15037
15151
15156
15261
15103
15092
14936
15241
15122
15565
15355
15206
15189
15351
15343
15117
15204
15342
15278
15143
15208
15265
15522
15565
15429
15342
15494
15505
15775
15505
15533
15737
15584
15436
15736
15740
15890
15733
15756
15625
15848
15951
15798
15781
15816
15709
15812
15600
15902
15703
15996
15887
16202
16085
16423
16026
16151
16103
16240
16379
16010
16196
16139
16433
16376
16099
16053
16324
16357
16282
16414
16717
16318
16141
16413
16393
16400
16452
16527
16503
16423
16571
16532
16557
16704
16662
16835
16417
16838
16377
16850
16483
16614
16876
16802
16854
16660
16662
16942
16700
16761
16451
16809
16770
16863
16684
16874
16848
17022
17367
17092
17282
17075
17317
17279
17365
17245
17217
17600
17335
17444
17309
17396
17709
17437
17437
17370
17629
17529
17349
17489
17202
17179
17291
17324
17291
17571
17172
17305
17257
17536
17405
17236
17246
17093
17318
17628
17677
17915
18124
17978
18064
17977
18218
18042
17986
17920
17802
18042
17843
17523
17478
16815
16562
16213
15934
15908
15499
15089
14858
14660
14721
14757
15145
15295
15898
16647
16999
17311
17867
18630
18808
19182
19048
19357
19136
18804
19283
19211
18998
18761
18755
19065
18535
18923
18844
18982
18737
19031
19133
19391
19195
18490
18802
18830
18905
19104
18688
19033
18884
19172
19215
19220
19008
18817
19086
19277
19183
19712
19517
19568
19531
19438
19316
19561
19088
19292
19338
19520
19302
19560
19380
19087
19334
19360
19592
19315
19476
19574
19472
19751
19749
19556
19401
19610
19803
19612
19672
19458
20053
20096
20014
19661
20045
19625
20046
19812
20020
20078
20075
19768
20084
20183
19853
20086
19927
20048
19849
20185
20097
19994
19846
20390
20144
20233
20059
20265
20567
20085
20202
20678
20313
20409
20420
20429
20138
20598
20705
20692
20713
20621
20518
20691
20821
21000
20948
21018
20851
21041
20948
20860
20885
20811
21163
21140
21066
21075
21183
21207
21368
21203
21391
21526
21366
21543
20925
21163
20920
20869
20928
20589
20593
20429
20571
20190
20079
20285
20246
20408
20251
20936
21104
21514
21461
21586
21770
21794
21802
21477
21575
21905
21815
21619
21654
21931
22024
22080
22065
21597
22169
22445
21752
21926
22100
21995
21898
22260
22246
22107
22256
21976
22096
22092
22421
22184
22161
22223
22301
22136
22424
22331
22404
22461
22397
22126
22622
22267
22566
22660
22573
22586
22813
22838
22766
22695
22656
22646
22901
22961
22798
22922
22870
22736
22933
22814
23109
22867
23330
23198
22725
23153
22941
23284
23146
23245
22914
23202
23274
23349
23062
23300
23281
23601
23185
23588
23238
23220
23528
23210
23222
23286
23357
23272
23342
23540
23246
23450
23776
23275
23694
23410
23556
23469
23663
23628
23579
24072
23647
23536
24266
23862
23999
24125
24055
24004
23918
23846
24346
24292
24148
24096
24413
24573
24128
24225
24346
24216
24357
24292
24489
24710
24591
24546
24281
24220
24728
24923
24581
24511
24726
24573
24514
24490
24777
24911
24805
24922
24488
24644
24780
24986
24846
24980
24987
25140
24900
24935
24690
25312
25120
25301
25124
25344
24724
24798
24859
25026
25106
24850
25088
25446
25302
25266
25485
25296
24932
25148
24970
25413
25588
25572
25691
25317
25556
25628
25291
25230
25289
25256
25530
25382
25041
25258
25191
25539
25259
25161
25108
25437
25524
25621
25753
25963
25991
25604
25883
25930
25762
25986
25837
25800
26070
25835
25864
26264
26089
26144
26149
26188
26113
26149
26095
26495
26224
26213
26425
26120
26485
25944
26341
26021
26516
26344
26132
26500
26583
26190
26590
26161
26108
26360
26342
26463
26267
26423
26372
26621
26596
26389
26887
26542
26641
26887
26891
26934
26841
26630
26840
26696
26492
26842
26856
26923
26744
26905
26818
26944
27138
26945
26948
26972
27164
27098
27475
27194
27270
27241
27664
27237
27610
27159
27312
27525
27305
27880
27352
27444
27496
27641
27508
27108
27698
27417
27988
27628
27569
27653
27925
27519
27502
27544
27812
27762
27615
27862
27581
27536
27464
27661
27740
27387
27563
27912
27682
27737
27762
27940
27583
27540
27477
27816
27626
27909
27508
27830
27866
27837
27696
28127
27950
28328
27762
27829
28224
27805
28466
28100
28101
28292
28436
28404
28070
27974
28504
27968
28148
28372
28074
28338
28718
28607
28397
28052
28310
28475
28217
28512
28594
28280
28089
28361
28607
28075
28591
28436
28685
28581
28679
28262
28632
28454
28806
28449
28723
28529
28946
28997
28633
28918
29006
28717
28810
28928
29066
28870
28828
28639
28778
28506
28953
28906
28710
29115
28653
29048
29129
29161
29184
29346
29108
29287
28984
28912
28950
28299
28522
28490
28660
28590
28116
28583
28205
28139
28234
28068
29288
28854
29286
29248
29617
29564
29402
28723
29490
29208
29830
29661
29770
29436
29767
29623
29657
29313
29577
29929
29534
29114
29401
29242
29442
29460
29511
29610
29248
29385
29837
29579
29756
29868
29829
29597
29460
29702
29724
29419
29617
29812
30184
29929
29776
29883
30185
30095
29534
29930
30154
29784
29512
29881
29968
29748
29643
29871
29603
29953
29849
30016
29770
30136
29820
29754
30044
29933
29839
29920
29926
29671
30172
29933
30321
29829
29992
30085
29638
29967
30350
30312
30217
30336
30272
30226
30413
30372
30147
29870
30627
30040
30180
30100
30294
30384
30042
29861
30440
30325
30570
30414
30233
30380
30708
30599
30144
30456
29845
30477
30232
30266
30479
30183
30174
30280
30146
30277
30540
30280
30564
30351
30442
30425
30682
30447
30440
30459
30445
30536
30536
30634
30361
30065
30577
30523
30512
30292
30516
30612
30386
30277
30505
30478
30709
30578
30638
30680
30701
30836
30680
30618
30766
30682
30612
30888
30853
30741
30874
30957
30745
30710
30676
30681
30768
30820
31273
30820
30628
30852
31272
31076
30538
30984
30762
30710
30860
30377
30660
30820
30868
31040
31022
30932
31001
31117
30851
31071
30920
31309
31080
31212
30760
30976
31080
31129
30590
30878
31020
31171
30891
30760
30635
30938
30475
30725
30802
31195
30830
31110
31163
30939
31260
30729
30946
30976
30993
30807
30937
31033
30892
30581
30921
30861
30472
30857
30855
31048
30839
31172
31156
31214
31185
30976
31090
30891
30866
31033
30884
31182
30999
30957
31036
30982
31142
30826
31061
31332
30996
30802
31085
31012
30741
30572
30652
31112
31046
31053
31140
31164
31450
30752
30996
30729
31502
31232
31109
30519
30702
30915
31060
30987
31114
31245
31062
31352
31308
31198
30729
31309
30702
30996
30864
31155
30936
30756
31302
30805
30741
31081
31257
30816
30872
30660
30921
31080
30938
30453
30565
30495
30809
30858
30376
30456
30570
30756
31163
30860
30714
31036
30733
30778
30898
31274
30684
30984
30744
30894
30959
30480
30888
30540
30601
30730
30173
30216
30687
30379
30396
30581
29603
29876
30157
29720
30026
30157
30299
30212
30215
30603
30330
30745
30890
31077
30809
30976
30723
31273
30660
31298
30644
30644
30494
30588
30628
30820
30811
30539
30436
30852
31046
30669
30706
30441
30610
31047
30884
30578
30706
30510
30600
30714
30658
30261
30710
30848
30551
30422
30752
30754
30682
30838
30512
30493
30277
30681
30282
30272
30232
30210
30189
30557
30340
30069
30566
30708
30319
30724
29917
30157
29796
30174
30419
30299
30468
30209
30154
30081
30160
30272
30314
30032
29936
29679
29972
29741
30016
29851
30007
29814
29864
30316
30029
29657
29916
29956
30075
29718
29574
29896
29933
29808
29972
29832
29620
29403
29521
29324
29535
29860
29924
29644
29936
29364
29563
29327
29793
29662
29850
29596
29352
29776
29157
29116
29069
29540
29830
29630
29323
28932
29210
29210
29307
29376
29349
29693
29546
29725
29208
29293
28820
29525
29323
29151
29072
28852
29165
28907
29020
28944
29161
28756
29167
29076
28990
28782
29034
28621
28520
29124
28893
28886
29051
28889
29089
28606
28802
28576
28772
28854
28633
28674
28606
28592
28702
28322
28497
28677
28591
28811
28417
28141
28635
28470
28386
28386
28540
28659
28248
28376
28456
28213
28128
28292
28244
28097
27986
28320
28094
28196
27893
28125
28168
28234
27780
27946
27886
27797
28255
28189
27716
27583
27816
27668
27744
27845
27990
27555
27595
27611
27861
27492
27323
27625
27400
27457
27370
27578
27715
27697
27555
27330
27493
27289
27166
27269
27156
27034
27209
27492
27416
27393
27058
27492
26938
27483
27484
27424
27028
27304
27192
27339
27228
27302
27100
27156
27450
26752
26554
26650
26607
26388
26591
26024
26392
26146
26210
25984
26112
26411
26065
26396
26097
26438
26445
26102
26569
26493
26361
26468
26389
26247
26112
26118
26479
26085
26176
26317
26120
26230
26083
26086
25856
26016
25896
26090
26005
25642
26106
25709
25460
25673
25786
25593
25327
25537
25696
25474
25241
25681
25528
25276
25134
25145
25295
25234
24950
25188
24786
24929
24956
24839
24692
25128
25157
24788
25080
25023
24864
24592
25145
25130
24805
25060
24791
24932
24822
24978
24843
24896
24839
24752
24807
24750
24769
24586
24445
24889
24457
24324
24460
24667
24777
24418
24241
24397
24040
24470
24516
24238
24202
24080
23924
23877
23428
23400
23411
23472
23611
23674
23782
23785
23304
23652
23406
23725
23210
23090
23197
22915
23213
23028
23277
23170
23260
23155
23324
23109
23157
23434
23412
23115
23174
23118
23058
23294
23143
22869
23194
23272
23163
23071
22980
22970
22889
22976
22807
23012
22752
22560
21876
21805
21760
21940
21983
22004
21986
21677
21943
21717
21804
22404
22122
22397
22470
22493
22154
22318
21925
21983
22167
21711
22091
22061
22074
21941
21777
21958
21800
21847
21717
22052
21872
21690
21700
21809
21408
21437
21402
21609
21484
21485
21528
21501
21060
21444
21718
21483
21270
21012
21291
20924
21008
21316
21698
21268
21104
20695
20846
20577
20032
20086
20036
19898
20256
20364
20521
20311
20300
20693
20486
20530
20447
20175
20533
20782
20311
20616
20597
20413
20247
20495
20233
20177
20058
20319
20080
19926
20107
19827
19917
19738
19788
20070
19676
19508
19468
19764
19382
19438
19496
19236
19612
19542
19176
19628
19413
19429
19270
19371
19255
19298
19194
19356
19059
19248
19179
19080
19006
18779
18900
18478
19017
18888
19008
18820
18660
18980
18642
18606
18730
18483
18827
18556
18779
18663
18550
18904
18401
18504
18597
18404
18463
18471
18360
17912
18338
18127
18276
18068
18354
17977
18005
18212
17984
17836
18102
17890
17590
17798
17898
17664
18043
17817
17789
18029
17749
17656
17705
17466
17835
17587
17718
17286
17300
17665
17412
17530
17569
17581
17292
17422
17386
17000
16785
16516
16484
16698
16775
16689
16700
16633
16671
16782
16512
16875
16793
16881
16833
16683
16558
16815
16640
16585
16710
16681
16613
16838
16744
16413
16346
16405
16420
16315
16111
16459
16077
15957
15896
15824
16194
16064
15987
16165
16286
15902
15965
15856
15662
15771
15981
15868
16169
15732
15927
15976
15660
15712
15915
15657
15849
15584
15891
15827
15606
15943
15528
15867
15448
15593
15467
15344
15575
15359
15222
15353
15093
15401
15268
15125
15021
15142
15185
14914
14919
15210
15175
14779
15163
15138
15029
15178
14969
15028
14848
15044
14935
14764
15038
14890
15316
14862
14720
14868
14893
14605
14960
14703
14651
14816
14516
14486
14454
14673
14726
14447
14676
14385
14379
14450
14493
14234
14299
14274
14198
14319
14336
14349
14329
14239
14380
14102
14180
14226
14280
14064
14268
14093
14203
14185
14169
14020
13912
14264
14116
14036
14051
14134
14135
14034
14086
13935
14024
14164
14190
14098
14222
14052
13917
14020
13775
13886
13954
13812
14018
13771
13774
13927
13902
13652
13902
13739
13656
13791
13790
13709
13788
13451
13773
13650
13472
13494
13441
13611
13636
13418
13732
13762
13667
13418
13513
13563
13403
13481
13492
13250
13548
13575
13329
13510
13513
13352
13593
13542
13554
13401
13623
13354
13350
13678
13397
13316
13372
13333
13241
13154
13585
13487
13498
13101
13277
13325
13124
13447
13432
13381
13598
13312
13335
13351
13426
13531
13639
13483
13361
13337
13268
13594
13508
13406
13279
13368
13623
13542
13502
13220
13514
13160
13560
13492
13316
13611
13453
13336
13640
13205
13524
13614
13121
13428
13307
13519
13424
13380
13410
13387
13519
13590
13425
13479
13404
13599
13468
13602
13595
13643
13370
13421
13778
13466
13656
13319
13592
13661
13382
13265
13643
13805
13529
13634
13711
13893
13650
13569
13633
13718
13783
13644
13860
13397
13739
13864
13618
13557
13894
13616
13629
13748
13682
13685
13785
13862
13883
13788
13725
13598
13757
13817
13917
14028
14145
13845
13819
13778
13647
13916
14080
13738
13622
13619
13972
14075
13900
13709
13780
13682
14184
14185
13946
13953
14219
14032
14130
14435
14220
14500
14121
14313
14294
14345
14077
14222
14360
14270
14402
14481
14294
14510
14481
14469
14424
14360
14332
14444
14447
14423
14212
14451
14459
14420
14491
14630
14741
14545
14669
14518
14765
14400
14565
14594
14813
14667
14571
14772
14662
14826
14951
14887
14712
14960
14814
14938
15013
14866
15212
14694
14890
14836
14776
14889
14810
14900
14885
14508
14505
14987
14884
14912
15246
14917
15304
15007
14890
15095
14925
15361
15277
15037
14928
14868
15157
15092
15156
15093
15166
15396
15254
15282
15376
15242
15445
15396
15596
15578
15225
15473
15267
15340
15188
15332
15581
15523
15518
15479
15407
15189
15477
15039
15533
15461
15618
15629
15495
15364
15544
15454
15118
15386
15401
15427
15638
15587
15584
15701
15585
15629
15779
15620
15605
15717
15650
15764
15901
15606
15585
15718
15783
15880
15802
15580
15718
15959
16023
15791
15754
15548
15648
15567
15828
15937
15651
15734
15604
15973
15749
15769
15812
15719
15749
15889
15695
15556
16051
15838
15943
15992
15807
15796
15817
15817
15841
16035
15947
16064
15908
15762
16004
15962
15872
15942
15790
15616
15769
15500
15728
15510
15540
15413
15612
15777
16139
16238
16042
16221
16126
16121
16134
16420
15943
16009
16263
16149
16181
16241
16116
16060
16100
16205
16058
15971
16212
16013
15859
16132
16012
15713
15957
16050
16078
16300
15796
16006
16330
16234
15917
15995
16410
16027
16199
16044
16335
16142
16307
15944
16276
16074
15915
16165
15789
16185
15835
16057
15906
16059
16116
15987
15905
16097
16095
15928
15873
15729
15815
16117
16141
15717
15689
15597
15996
16025
15787
15516
15843
15993
15964
15521
15955
15578
15598
15744
15917
16031
15853
15780
15684
15575
15330
15254
15540
15787
15543
15579
15768
15738
15577
15605
15663
15723
15360
15297
15349
15277
15675
15394
15429
14929
15542
15334
15102
15209
15276
15318
15205
15412
15358
15126
14937
15469
15244
15109
15124
15227
15354
15212
15164
15178
15004
15027
14943
14904
14842
14986
14783
14653
14884
15001
14797
14734
14834
14852
14618
14708
14750
14596
15048
14460
14564
14473
14643
14401
14595
14537
14420
14370
14393
14525
14475
14781
14424
14228
14224
14098
14225
14224
14148
14090
14189
13902
14184
14111
13894
13929
13850
13956
13987
13797
13827
13789
13666
13864
13879
13604
13782
13881
13605
13532
13582
13711
13573
13529
13604
13576
13568
13440
13493
13513
13288
13472
13338
13254
13042
13274
13159
13255
13017
13284
13073
13103
13042
13012
13074
12790
13046
13101
13066
12872
13163
12989
12792
13212
12934
12657
12578
12544
12494
12547
12328
12361
12431
12215
12286
12284
12200
12006
12358
12305
12209
12152
12107
12187
11942
11971
11970
11925
11723
11832
11832
11697
11603
11626
11764
11978
11444
11586
11565
11558
11616
11605
11355
10875
10616
10731
10330
10569
10596
10884
10987
10980
10963
10922
11238
11054
10999
10975
10855
10788
10945
10424
10548
10497
10591
10386
10372
10260
10252
10161
9992
10192
9988
10179
10380
10026
10113
9772
9948
10019
9976
9747
9730
9564
9558
9448
9642
9357
9408
9421
9331
9414
9391
9270
9389
9087
9078
9132
8970
9077
8842
9028
8834
8849
8718
8808
8784
8584
8840
8707
8522
8579
8376
8424
8412
8267
8349
8151
8262
8109
8098
8239
7999
7860
7873
7873
7886
7746
7836
7915
7725
7739
7574
7582
7529
7716
7546
7442
7382
7499
7329
7271
7208
7235
7159
7248
7081
6956
6986
6852
7123
6908
6927
6592
6786
6615
6702
6643
6575
6503
6627
6498
6370
6274
6552
6482
6148
6156
6416
6354
6234
6334
6074
6169
6042
6167
6040
5983
5871
5904
5664
5716
5934
5665
5650
5675
5654
5602
5589
5650
5573
5571
5444
5494
5477
5405
5489
5467
5297
5290
5316
5161
5239
5282
5012
5149
5095
4958
5069
5047
4753
5035
4771
4742
4664
4680
4903
4650
4918
4794
4728
4602
4575
4739
4674
4571
4619
4589
4566
4349
4720
4541
4578
4513
4534
4476
4630
4526
4403
4408
4374
4220
4417
4265
4268
4261
4270
4268
4257
4253
4109
4201
4207
4137
4242
4097
4219
4050
4125
4125
3842
4046
4031
3985
3933
3923
4024
3880
4074
3887
3818
3925
3809
3961
3891
3755
3699
3891
3916
3820
3723
3855
3728
3844
3697
3880
3691
3892
3949
3741
3610
3707
3600
3823
3685
3706
3685
3573
3662
3472
3640
3547
3594
3593
