4624
4664
4601
4552
4737
4793
4770
4643
4599
4591
4769
4658
4582
4601
4684
4589
4739
4704
4713
4768
4654
4664
4557
4685
4807
4615
4769
4748
4763
4704
4941
4653
4672
4724
4686
4687
4753
4623
4662
4846
4812
4647
4729
4833
4939
4823
4750
4877
4945
4833
5027
4936
4914
4946
4807
4916
4817
4803
4946
4895
4797
4759
4868
4944
4802
4847
4925
4859
4888
4978
4868
4877
5033
4954
4917
4940
5098
4997
4985
4814
5027
4893
5140
5139
5246
5154
5058
5172
4914
5134
4979
4984
5158
5074
5164
5207
5125
5123
5104
5184
5185
5279
5216
5198
5220
5262
5148
5159
5178
4986
5091
5295
5521
5125
5310
5237
5223
5286
5287
5350
5367
5366
5257
5219
5292
5416
5480
5391
5271
5396
5257
5377
5404
5429
5334
5362
5551
5365
5505
5295
5474
5671
5536
5511
5426
5522
5515
5403
5370
5475
5592
5408
5329
5349
5274
5618
5456
5494
5665
5527
5494
5569
5638
5743
5569
5534
5452
5626
5822
5611
5712
5727
5642
5489
5628
5551
5757
5550
5602
5547
5549
5570
5586
5768
5828
5750
5646
5695
5862
5633
5720
5712
5883
5617
5687
5731
5733
5614
5864
5764
5626
5891
5901
5833
5919
5764
5739
5930
5865
5735
5878
5852
5829
5987
5862
5935
5844
6001
5937
6091
5999
6124
5973
5951
5962
6054
5837
5960
5970
5997
5997
6065
5965
5920
6067
6029
6059
5975
6114
6101
6050
6205
6236
6000
6114
6276
6093
6135
6085
6175
6127
6177
6333
6130
6306
6205
6120
6368
6282
6211
6185
6378
6203
6196
5993
6371
6350
6432
6179
6508
6428
6261
6194
6372
6472
6245
6490
6238
6394
6319
6491
6567
6469
6215
6520
6437
6396
6474
6461
6395
6350
6507
6565
6596
6509
6309
6669
6680
6492
6591
6640
6606
6644
6534
6457
6647
6474
6644
6658
6453
6526
6564
6750
6813
6603
6475
6575
6680
6709
6611
6713
6579
6702
6749
6844
6824
6920
6843
6969
6780
6722
6927
6770
6799
6948
6862
6755
6905
6809
6924
6929
6919
6971
6969
6969
6916
6762
6998
6714
6821
6815
6917
6784
6919
7081
6996
7020
6949
7051
7117
7079
7224
7009
6989
7077
7009
7147
7072
7269
7115
7018
7074
7228
7239
7172
7225
7224
7059
7339
7180
7230
7187
7251
7343
7269
7151
7528
7546
7393
7265
7301
7390
7318
7239
7447
7223
7290
7103
7301
7363
7574
7369
7387
7511
7466
7305
7597
7592
7458
7669
7541
7610
7671
7432
7586
7608
7738
7387
7473
7636
7520
7580
7462
7729
7546
7458
7859
7625
7602
7883
7732
7774
7737
7789
7833
7584
7853
7765
7784
7798
8042
7926
7733
7916
7897
7808
7966
8113
7873
7686
7871
8153
8031
7962
7906
7961
7841
7965
8036
8030
7845
8153
8029
8035
8062
8220
8040
8088
8121
8243
8237
8454
8517
8289
8352
8363
8195
8263
8123
8183
8130
8212
8245
8345
8304
8412
8230
8333
8261
8283
8236
8496
8314
8439
8389
8290
8488
8397
8420
8359
8487
8388
8468
8433
8371
8572
8397
8568
8608
8585
8593
8698
8728
8669
8557
8661
8905
8803
8680
8508
8881
8875
8601
8597
8768
8582
8989
8909
8908
8732
8806
8804
8854
9037
9176
8830
8840
8971
8906
9052
8924
9067
8969
8991
8869
9101
9064
9030
8991
9078
8992
9097
8967
9229
8891
9127
9076
9246
9196
9142
9293
9019
9098
9023
9104
9225
9296
9198
9327
9347
9131
9305
9117
9546
9286
9499
9444
9577
9198
9420
9297
9604
9362
9367
9230
9472
9368
9533
9407
9741
9505
9631
9444
9607
9410
9506
9533
9686
9526
9504
9571
9699
9863
9408
9774
9728
9613
9869
9755
9698
9661
9887
9795
9774
9992
10043
9968
9822
9875
9954
9915
10063
9757
9930
9796
9880
9815
9652
9730
9919
9637
9752
9797
9786
9933
9961
10007
10267
10292
10105
10337
10039
10451
10194
10235
10373
10356
10228
10235
10340
10470
10306
10395
10496
10524
10207
10255
10426
10571
10585
10234
10404
10641
10410
10613
10678
10522
10691
10412
10576
10546
10600
10648
10920
10752
10776
10719
10768
10890
10775
10706
10794
10588
11076
10721
10820
10889
10746
10759
10738
10855
10688
10979
10747
11037
10996
10948
10838
11051
11057
11046
11180
11133
11037
11013
11050
10956
11338
11105
11072
11235
11183
11179
11306
11411
11445
11228
11236
11428
11547
11436
11588
11629
11507
11555
11434
11620
11559
11652
11607
11440
11606
11466
11491
11561
11701
11760
11713
11746
11818
11606
11633
11636
11595
11834
11760
11714
11688
11836
11689
11723
11699
11846
12021
12107
11825
11950
11872
12137
12250
12177
11864
11974
11959
12182
11987
12238
12267
12154
12277
12397
12426
12186
12390
12426
12157
12307
12300
12649
12496
12401
12485
12535
12568
12265
12332
12551
12374
12221
12383
12486
12476
12289
12605
12442
12584
12290
12517
12648
12482
12735
12645
12808
12681
12846
12678
12630
12917
12637
12935
12792
12897
12776
12882
12824
12942
12948
13050
13205
12925
12977
13228
12793
12814
13038
12939
13111
12932
12877
13156
13136
12971
13169
12818
13244
13156
13068
12961
13101
13066
13228
13273
13417
13278
13465
13450
13224
13354
13327
13748
13568
13409
13385
13385
13778
13641
13580
13642
13660
13849
13877
13768
14076
13998
13760
13748
13874
13913
13862
13786
13787
13869
13829
13964
13869
13791
14028
13971
14194
13802
13857
14150
14046
13846
13734
13858
13978
13950
13864
13817
13840
13975
13897
13909
14025
14000
14140
14354
14374
14280
14444
14356
14651
14520
14600
14680
14429
14504
14530
14447
14404
14633
14568
14554
14724
14510
14920
14314
14386
14572
14890
14700
14932
14877
14818
14860
14734
14942
15005
14716
14914
14876
14927
15063
14857
15164
15118
15172
14941
15078
15270
15193
15181
15387
15310
15076
15315
15276
15215
15261
15215
15086
15150
15424
15467
15289
15648
15380
15237
15186
15460
15663
15649
15291
15818
15650
15722
15508
15755
15932
15967
15685
16037
15980
15748
15730
15745
16030
15672
15699
15691
15790
15790
15977
15906
15840
15806
15878
16016
16145
16010
16141
16200
16333
16197
16438
16339
16267
16118
16212
16224
16235
15905
16229
16416
16074
16292
16122
16416
16391
16217
16530
16314
16512
16560
16533
16696
16679
16838
16940
16461
16707
16506
17175
16375
17161
16857
16721
16845
16607
16809
16724
16497
16488
16684
16631
16901
16533
16698
16605
17080
16749
16990
17120
17126
17309
17410
17421
17205
17450
17322
17345
17163
17188
17341
17604
17522
17243
17364
17306
17393
17562
17330
17464
17044
17430
17320
17218
17264
17128
17323
17276
17196
17225
16938
17150
17058
17374
17473
17789
17588
17782
17902
17961
18157
17922
18155
17920
18095
17623
17917
17878
17878
17362
17245
16653
16309
16216
15786
15772
15347
15270
14803
14792
14446
14600
14827
15247
15901
16520
17098
17634
18043
18306
18554
18936
18936
18893
18813
18868
18616
18588
18842
18631
18532
18969
18504
18719
18667
18581
18668
18724
18971
19076
18936
18932
18861
18828
18773
18975
18692
18965
18893
18847
18933
19004
18840
19004
19147
19238
19493
19418
19298
19366
19438
19520
19337
19464
19166
19358
19423
19451
19050
19521
19140
19042
19432
19389
19420
19481
19464
19134
19242
19433
19473
19616
19630
19512
19672
19469
19608
19417
19550
19658
19826
19403
20056
19812
19882
20114
19902
19742
19924
19981
19883
19918
19767
19868
19933
19776
19965
19784
20202
20053
20100
20020
20298
19712
20199
20066
20116
19952
20217
20244
20032
19987
20102
20237
20309
20333
20464
20741
20877
20643
20896
20640
20725
20973
20817
21124
20736
20810
20489
20715
20623
20813
20790
20789
21037
21305
21540
21293
21401
21476
21152
21484
21207
21316
21097
21147
20996
20885
20832
20351
20354
20302
20731
20363
20254
20012
20173
20203
20292
20612
21032
21893
21774
21518
21439
21490
21206
21685
21554
21976
21884
21426
21741
22080
22088
21972
21495
21993
21804
22111
22041
22169
21821
22072
22058
21940
21858
22091
22090
22068
21944
22196
22469
21912
22298
22034
21979
22274
22265
22259
22426
22236
22261
22116
22246
22216
22227
22582
22404
22461
22580
22760
22634
22749
22463
22598
22523
22548
22798
22562
22816
22957
22806
22863
22957
22784
23124
23126
23181
23244
22842
22878
23060
23005
22774
23125
23274
23128
23083
23006
22868
23526
23053
23242
23375
23516
23066
22996
23122
23479
23489
23460
23466
23322
23620
23600
23518
23432
23471
23840
23696
23643
23634
23876
23618
23454
23800
23875
23689
23600
23717
23852
23602
23816
24012
24020
23634
24186
24518
23918
23983
24007
24170
24403
24271
24148
24165
24359
24542
24511
24599
24378
24459
24578
24458
24548
24698
24650
24521
24640
24226
24732
24622
24405
24624
24813
24470
25003
24836
24765
24868
24931
24910
24884
25178
24838
24898
25166
24731
25048
25029
24943
25125
24969
25096
24854
24938
24936
24960
24897
25182
25082
25352
25194
25098
24750
25094
25159
25453
25106
25578
25492
24967
25490
24964
25178
25061
25394
25132
24864
24951
24987
24954
25236
25102
25088
25033
25169
25460
25496
25600
25563
25920
25784
25701
26116
25802
26024
25935
25829
26058
26013
26493
25806
25665
26267
25716
25664
26102
26084
25962
26091
26235
26316
25802
26122
25967
26296
26293
26376
26186
25919
26267
26557
26593
26650
26486
26621
26196
26200
26308
26157
26274
26208
26342
26585
26502
26132
26683
26193
26535
26339
26392
26427
26625
26780
26316
26852
26680
26735
26816
26792
27020
26752
26969
26720
26564
26601
26820
26571
27034
27018
26921
27028
27029
27099
26866
27394
27249
27322
27037
27357
27556
27187
27546
27534
27380
27215
27648
27590
27330
27671
27227
27813
27790
27741
27402
27080
27224
27684
27788
27788
27592
27414
27676
27753
27508
27460
27882
27573
27540
27757
27545
27638
27446
27672
27616
27608
27846
27533
27563
27684
27552
28142
27752
28017
27641
28260
27780
28157
28266
28164
27736
28136
28152
28133
27970
28075
28218
28185
28414
27970
27904
28182
28116
28236
28340
28484
28491
28404
28269
28226
28700
28186
28024
28120
28434
28410
28251
28380
28452
28585
28280
28534
28505
28137
28746
28729
28332
28617
28637
28365
28841
28262
28842
28718
28986
28582
28247
28938
28695
28746
28873
28751
28733
28701
29065
28602
28784
29148
28721
28809
29098
29195
28960
29060
28842
29002
29216
28857
29341
28781
28712
28251
28220
28397
28441
28390
28231
28404
28154
28102
28196
28190
28639
29170
28985
29337
29364
29444
29217
29024
29286
29301
29304
29652
29373
29516
28909
29549
29087
28909
29582
29435
29096
29085
29534
29771
29508
29695
29444
29578
29066
29540
29338
29437
29188
29239
29421
29708
29442
29684
28917
29329
29636
28884
29629
29516
29976
29752
29550
29792
29811
29625
29917
29813
29808
29589
29626
30070
29280
29670
29669
29586
29748
29990
29882
29709
29722
29588
29732
29356
29773
29876
29722
29787
30100
29742
29952
29705
30046
30055
29617
29952
29961
30082
29977
30104
30070
30216
30363
30106
30050
30318
30440
29661
30244
30024
29914
30196
30056
30094
30369
30190
30153
30145
30436
30236
29964
30182
30394
30250
29944
30247
29953
30089
29690
30009
30277
30600
29952
30317
29996
30050
29935
30100
30157
29783
30208
30279
30378
30096
30724
30139
30023
30553
30546
30408
30639
30428
30549
30106
30714
30180
30393
30308
30212
30436
30641
30157
30850
30480
30217
30675
30450
30554
30631
31133
30626
30545
30296
30700
30702
30278
30476
30769
30667
30595
30505
30427
30582
30602
30588
30313
30776
30529
30850
30473
31026
30737
30909
30489
30653
30681
30902
30701
30452
30673
31086
30552
30904
30596
30617
30812
30542
30708
30658
30610
30954
30407
30586
30976
30696
30548
30752
30898
30698
30584
30507
30732
30791
30442
30933
30676
30812
31354
30914
30772
31108
30946
30726
30578
30921
30381
30761
30781
30424
30580
30292
30637
30429
30653
30630
31138
30976
30622
30824
30778
30710
30730
31018
30813
30825
31195
30841
30784
30797
30976
30578
30762
31236
30828
30916
30946
30796
30293
30670
30938
30737
30728
31210
30926
30664
30552
30817
30810
30872
31010
30687
31125
31128
30878
30833
30997
31082
30918
31016
31132
30760
30940
31305
30587
30794
31112
30906
31008
31145
30840
31245
30530
30848
30826
31090
31157
30629
30740
31092
30834
30854
30929
30829
30808
30788
30909
30796
30752
30771
30412
30477
30500
30860
30862
31042
30557
30524
30863
30655
30976
30788
30537
30578
31000
30674
31117
30146
30697
30692
30358
30232
30356
30230
29893
30012
29856
29700
29756
30116
29835
29908
29829
29962
30084
30230
30218
30276
30612
30696
30976
30758
31010
30753
30618
30848
30591
30683
30836
30768
30413
30530
30667
30402
30602
30694
30690
30330
30516
30186
30405
30165
30151
30591
30554
30382
30840
30690
30536
30529
30308
30312
30250
30888
30509
30553
30433
30777
30409
30408
30746
30438
30353
30184
30368
30236
29908
30062
30276
29993
30219
30244
30554
30201
30394
29825
29892
30135
30413
29866
30120
30493
29921
29621
29846
30066
30064
29773
29992
29858
30264
29773
30232
29931
30052
29698
30061
29694
29932
29952
29807
30052
29630
29669
29585
29266
29270
29620
29592
29597
29606
29452
29237
29061
29256
29598
29620
29508
29511
29286
29790
29679
29338
29438
29723
29580
29224
29714
29510
29816
28982
29414
29257
29464
29090
29143
29341
28928
28908
29216
28892
29191
28949
28928
29379
29298
29625
28987
28996
29088
28997
28970
29212
29476
29116
28556
28832
28588
29142
28932
28878
28714
28982
29224
28786
28652
28612
28706
28644
28616
28643
28783
28248
28356
28738
28550
28877
28346
28534
28491
28518
28243
28300
28728
28551
28462
28396
28164
28302
28480
28984
28508
27968
28316
28218
28040
28146
28383
28109
28314
28271
28113
27882
28212
28228
27921
27962
27949
28035
27920
27913
27995
27997
27527
27610
27672
27956
28004
28013
27512
27827
27525
27257
28149
27734
27613
27752
27652
27670
27051
27310
27264
27434
27600
27628
27042
27327
27800
27455
27337
27321
27163
27812
27203
27115
27016
27141
27292
27026
26918
27094
27383
26772
27068
27016
27102
27434
27211
26938
27062
26938
26747
26994
26962
26715
26581
26613
26458
25931
26022
26363
26233
26037
25909
26394
26444
26001
26225
26193
26244
26492
26667
26282
26286
26445
26200
26093
26248
26137
25894
25997
26176
26018
26228
26261
25630
25784
26072
25753
25594
26230
25796
25835
25822
25741
26017
25816
25379
25444
25773
25286
25220
25824
25448
25376
25401
25428
25565
25404
25216
25106
25460
25241
25232
24998
24769
25028
24832
24874
25094
25034
24596
24779
24798
24685
24996
25018
25010
24648
24858
24922
24839
24441
24578
24676
24640
24892
24532
24347
24716
24534
24542
24724
24281
24455
24372
24205
24146
24764
24022
24244
24170
24377
24274
24640
24510
24200
24041
23921
23860
23854
23631
23546
23819
23768
23386
23434
23340
23387
23869
23716
23448
23309
23216
23160
23252
22830
23142
23376
22989
23316
22870
22954
22749
22972
23061
23140
23162
23348
23090
23015
23344
23350
23470
23129
22967
22731
23168
23028
22592
23159
22558
22861
23114
22708
22537
22124
22052
21812
22068
21864
22242
21585
21844
21813
21832
21907
21916
22266
22016
22300
22208
22234
22379
22144
21913
21938
22260
22133
22153
22130
22276
21789
22048
21749
21719
21697
21750
21979
21748
21553
21743
21479
21556
21571
21497
21680
21496
21484
21280
21000
21485
21324
21346
21302
21212
21320
21120
20970
21225
21176
21021
21196
21061
20611
20850
20476
20404
19805
19721
19910
20082
20216
20182
20221
20218
20131
20326
20509
20281
20474
20260
20262
20594
20543
20245
20101
20186
20279
20344
20015
19978
19989
20238
19976
19830
19908
19980
19908
19947
19843
19876
19413
19587
19506
19590
19330
19318
19324
19204
19492
19086
19104
19266
19226
19457
19191
19085
19448
19074
19365
19098
19131
19087
18968
19230
18976
19354
18570
19009
18916
19212
18853
18626
18801
18633
18641
18748
18765
18498
18614
18658
18474
18336
18206
18457
18442
18326
18415
18272
18271
18200
18029
18366
18066
18129
18316
18048
18165
18054
17823
17900
17816
17615
17734
18035
17707
17666
17762
17798
17880
17478
17835
17637
17430
17422
17516
17548
17521
17604
17316
17163
17553
17611
17471
17424
17285
17486
17474
16975
16983
16541
16941
16285
16546
16433
16548
16436
16478
16489
16512
16651
16692
16861
16404
16664
16302
16729
16585
16578
16563
16517
16438
16437
16512
16345
16276
16132
16397
16364
16392
16216
16238
16041
16091
16160
16116
16089
15876
16010
16153
15986
16078
15775
15767
15809
15698
15735
15889
15990
15854
15803
15598
15408
15849
15658
15311
15781
15700
15676
15545
15785
15542
15312
15590
15627
15771
15563
15755
15530
15465
14970
15377
15358
15180
14928
15085
15141
15223
14983
15155
15193
15035
15050
14808
14928
15204
14890
14849
14733
15047
14899
14807
14919
14788
14708
14836
14602
14819
14837
14669
14643
14730
14765
14696
14600
14313
14646
14351
14344
14485
14466
14446
14621
14392
14600
14472
14464
14072
14225
14301
14445
14491
14549
14270
14326
14261
14141
14218
14370
14296
14167
14203
14072
14106
14187
13966
13760
13977
14124
13900
14064
14014
13931
13791
14180
14169
13942
13799
13984
13914
13626
13856
13644
14013
13672
13788
13742
13656
13836
13923
13888
13706
13719
13602
13547
13665
13764
13591
13513
13678
13549
13540
13602
13530
13481
13604
13581
13588
13228
13292
13409
13578
13511
13413
13252
13341
13326
13497
13429
13213
13291
13254
13507
13529
13402
13422
13454
13432
13448
13454
13473
13323
13444
13364
13195
13294
13174
13213
13404
13130
13229
13434
13028
13440
13542
13546
13344
13349
13318
13132
13148
13198
13303
13166
13236
13070
13047
13314
13093
13059
13147
13213
13413
13104
13322
13322
13216
13232
13233
13052
13172
13366
13339
13211
13414
13356
13309
13418
13025
13161
13348
13241
13289
13236
13029
13150
13079
13341
13147
13205
13292
13151
13270
13313
13226
13290
13349
13050
13321
13362
13338
13185
13513
13346
13377
13592
13266
13542
13496
13544
13337
13647
13388
13379
13392
13448
13350
13513
13613
13326
13612
13519
13517
13660
13418
13306
13661
13688
13462
13483
13348
13394
13442
13339
13274
13435
13737
13382
13452
13614
13572
13381
13690
13464
13842
13531
13625
13717
13513
13780
13696
13679
13726
13486
13620
13642
13745
13630
13466
13453
13586
13737
13764
13677
13684
13693
13849
13975
13988
14130
14068
13854
14152
14000
14160
13975
14122
14123
14190
14105
14082
14230
14205
14195
14229
14145
14134
14225
14257
14154
13943
14108
14166
14318
14066
14309
14394
14332
14313
14157
14349
14335
14530
14438
14167
14434
14629
14189
14493
14088
14340
14348
14267
14542
14567
14725
14606
14450
14645
14517
14969
14702
14614
14454
14344
14557
14329
14344
14603
14626
14349
14468
14605
14631
14420
14959
14803
14762
14535
14969
14778
15108
14596
14720
14750
14734
14741
14872
14898
14850
14890
15123
14984
14984
15068
14897
15175
15141
15163
15254
14953
14952
14925
15024
15040
15074
14918
15086
15221
15096
15039
14849
15217
15274
14999
14967
15243
15081
15209
15085
14848
15258
14942
14962
15021
15240
15274
15149
15176
15307
15238
15343
15547
15556
15553
15392
15220
15368
15429
15564
15231
15404
15231
15424
15596
15402
15633
15457
15461
15400
15709
15894
15735
15465
15458
15556
15757
15725
15259
15817
15373
15684
15605
15611
15499
15676
15508
15437
15604
15508
15455
15604
15556
15633
15554
15700
15515
15443
15823
15766
15617
15865
15673
15524
15540
15881
15220
15439
15398
15213
15310
15310
15222
15281
15236
15379
15607
15835
15740
16042
15763
15574
15895
15872
15802
16000
15647
15732
15924
15608
15668
15607
15656
15778
15820
15895
15722
15925
15497
15960
15748
15693
15811
15597
15752
16001
15690
15636
15462
15830
15788
15819
15682
15773
15605
15938
15949
15949
15933
15801
15891
15748
15752
15648
15428
15761
15727
15919
15490
15991
15620
15606
15829
15471
15674
15732
15817
15381
15400
15534
15786
15569
15500
15590
15524
15494
15447
15306
15497
15311
15309
15093
15470
15395
15236
15372
15318
15320
15394
15757
15512
15342
15277
15282
15324
15516
15324
15271
15295
15425
15020
15318
15542
15255
15107
15379
15116
14996
15288
15060
15210
15177
14961
15084
14999
15058
14729
15041
14925
14957
14779
15000
14948
14862
14852
14837
14859
15004
14728
14601
14776
14928
14628
14870
14501
14224
14493
14736
14532
14509
14379
14281
14435
14530
14586
14310
14578
14457
14375
14360
14650
14389
14281
14129
14378
14250
14204
14368
14331
14133
14216
14245
14480
14005
13926
13946
14029
13746
13952
14034
14075
13896
13952
13620
13899
13760
13837
13850
13588
13656
13647
13687
13838
13696
13146
13605
13456
13292
13628
13304
13347
13460
13242
13542
13330
12966
13196
13364
13428
13038
13194
12998
13160
12929
13215
13106
12938
12937
12933
13003
13030
12838
12823
12454
12733
12882
12822
12858
12679
12771
12630
12669
12767
12575
12663
12647
12269
12426
12333
12184
12404
12128
12286
12072
12095
11989
12277
12167
11983
12108
12043
11898
12017
11944
11781
11592
11844
11537
11800
11892
11469
11456
11787
11517
11570
11572
11279
11324
11460
11286
11380
11198
11162
11117
11044
10488
10539
10401
10204
10337
10504
10576
10856
11056
10872
10608
10866
10637
10773
10728
10586
10522
10537
10530
10225
10410
10395
10285
10283
10264
10206
10026
10155
9838
10007
9977
9862
9938
9723
9731
9810
9627
9673
9636
9699
9518
9424
9254
9364
9231
9390
9242
9278
8931
9132
8989
9151
9287
8816
8937
8841
8820
8763
8868
8901
8721
8705
8633
8599
8565
8669
8464
8177
8363
8196
8129
8152
8163
8155
8198
7858
8050
8404
8205
7736
7867
7881
7910
7996
7783
7709
7625
7590
7655
7502
7446
7454
7531
7362
7524
7360
7364
7182
7160
7394
7138
7229
6958
7138
6859
6746
6735
6775
6798
6725
6724
6626
6685
6722
6720
6457
6592
6323
6394
6372
6426
6493
6297
6247
6150
6241
6133
6131
6148
5949
5978
5851
5998
5965
6092
5928
6023
5665
5832
5652
5683
5713
5634
5675
5537
5468
5674
5420
5618
5448
5426
5280
5195
5343
5206
5116
5370
5223
5138
5123
5122
5032
5053
5102
5008
5021
5175
4992
4811
4605
4649
4622
4657
4839
4780
4682
4773
4732
4700
4502
4731
4593
4449
4555
4579
4480
4488
4558
4545
4665
4499
4551
4360
4499
4237
4388
4292
4358
4401
4238
4430
4147
4401
4214
4107
4283
4100
4249
4183
4096
4059
4201
4113
4063
3919
4001
4080
4122
3921
3979
3935
3836
3887
3884
3980
4011
4010
3938
3704
3740
3754
3743
3791
3843
3760
3893
3688
3751
3724
3640
3768
3735
3608
3626
3652
3719
3741
3505
3624
3639
3674
3610
3449
3623
3609
3464
3778
3542
3575
3652
3557
