4923
4719
4688
4734
4767
4743
4810
4768
4816
4704
4818
4689
4761
4960
4847
4868
4693
4827
4778
4860
4723
4762
4878
4914
4906
4751
4817
4777
4647
5054
5005
4784
4730
4866
4709
4884
4840
4856
5000
4765
4949
4911
4977
4884
5221
4805
5046
5094
5111
5126
5071
5159
4990
5071
5103
4942
5020
4970
5025
4981
5034
4858
5069
5243
5058
5099
4963
5018
5142
5046
5118
5247
5008
5168
4955
5034
5044
5138
5241
5182
5250
5282
5222
5107
5264
5204
5245
5099
5344
5217
5490
5258
5254
5295
5373
5213
5241
5185
5323
5275
5352
5216
5392
5321
5249
5412
5497
5376
5289
5376
5373
5384
5397
5562
5280
5367
5264
5320
5393
5383
5387
5345
5305
5347
5450
5402
5602
5430
5444
5501
5430
5535
5572
5370
5505
5493
5734
5558
5533
5669
5492
5657
5684
5689
5611
5727
5649
5649
5573
5487
5705
5588
5573
5649
5662
5663
5631
5668
5796
5685
5752
5850
5524
5675
5902
5734
5856
5794
5804
5767
5795
5754
5827
5820
5733
5729
5766
5886
5790
5685
5824
5877
6001
5882
5800
5747
5814
5949
6018
6038
6047
5980
5981
5971
5849
5855
5925
5994
5830
5973
5857
5958
5855
6123
5991
5942
5980
6203
6113
6075
6009
5972
6088
5953
6139
6211
6105
6145
6324
6216
5996
6176
6385
6108
6251
6174
6056
6290
6354
6303
6149
6181
6241
6301
6044
6169
6155
6294
6263
6451
6379
6347
6236
6274
6413
6369
6489
6462
6239
6367
6426
6439
6351
6345
6372
6420
6282
6374
6476
6582
6738
6377
6496
6497
6456
6583
6619
6338
6646
6576
6507
6610
6331
6661
6591
6516
6550
6580
6520
6580
6566
6583
6493
6381
6611
6604
6499
6597
6626
6699
6594
6695
6507
6768
6794
6591
6744
6904
6675
6774
6840
6829
6805
6678
6734
6799
6716
6677
7037
6692
6913
7006
6785
6916
6840
7012
6899
6907
7012
6825
7047
6744
7003
6891
7004
6846
6991
7132
7101
7053
7025
7041
6890
7131
7010
6985
7162
7322
7092
7090
7307
7197
7024
7129
7060
7200
7067
7151
7220
7102
7202
7030
6997
7039
7154
7198
7190
7220
7400
7371
7343
7369
7547
7340
7378
7157
7436
7234
7272
7254
7486
7149
7291
7385
7516
7353
7382
7517
7434
7688
7533
7407
7555
7420
7398
7695
7441
7736
7589
7563
7773
7481
7675
7310
7645
7658
7458
7605
7500
7476
7527
7625
7569
7457
7849
7748
7857
7773
7682
7772
7886
7757
7734
7732
7979
7987
7870
7891
7967
8034
7879
7942
7717
7968
7972
7830
7865
7857
7958
7954
8257
8069
8011
8180
8274
8036
8023
8095
8120
8167
8062
8139
8136
8067
8022
8166
8266
8181
8259
8370
8154
8148
8246
8340
8382
8241
8149
8242
8218
8337
8251
8368
8488
8399
8279
8415
8558
8322
8364
8558
8717
8554
8387
8504
8525
8344
8448
8326
8551
8578
8533
8529
8519
8617
8720
8626
8626
8772
8681
8717
8551
8744
8644
8736
8728
8852
8825
8763
8773
8715
8789
8754
9003
8764
8961
9071
8905
8920
8780
9180
8886
9003
8948
9010
8954
9053
9017
8830
8925
8985
9132
9082
9233
8966
8891
9119
9158
9037
8976
9245
9133
8852
9243
9103
9009
9417
9007
9173
9029
9216
9250
9337
9135
9254
9251
9208
9306
9464
9325
9336
9372
9490
9432
9381
9641
9445
9532
9447
9532
9361
9665
9560
9500
9584
9093
9442
9525
9568
9606
9616
9592
9827
9490
9826
9741
9796
9620
9691
9674
9749
9945
9999
9974
9761
9805
9885
9835
9776
9742
9944
9871
9966
9802
9739
9926
10128
9796
9997
9864
9890
10089
10028
9933
10357
10258
10125
10046
10170
10175
10081
10179
10098
10233
10013
9893
10123
10109
10155
10235
10456
10203
10222
10286
10151
10235
10000
10358
10101
10194
10109
10057
10107
10133
10018
10489
10311
10614
10436
10388
10763
10580
10540
10773
10948
10708
10653
10904
10544
10841
10984
10934
10778
10806
10828
11008
10891
10616
10944
10645
10930
10734
10841
11022
10880
10933
11008
10978
10931
11028
10739
10809
10986
10987
10939
10908
10893
11110
10964
11236
11149
10941
11069
10988
11220
11305
11157
11492
11123
11385
11386
11354
11238
11277
11530
11230
11186
11492
11417
11520
11335
11415
11293
11405
11414
11482
11493
11289
11607
11656
11708
11759
11637
11706
11776
11673
11716
11756
11789
11983
11661
11733
11978
11768
11761
11669
11606
12038
11947
11852
11801
11847
11968
11974
11776
11833
12027
12139
11904
12045
12207
12135
12173
11904
12049
12106
12156
11893
12215
12345
12395
12544
12334
12570
12410
12518
12469
12652
12512
12536
12756
12496
12440
12731
12582
12586
12490
12480
12781
12716
12814
12873
12698
12516
12631
12772
12685
12604
12961
13072
12824
12780
12662
12736
13000
12893
13031
12568
12703
13094
12796
12862
12893
12733
13085
12864
13032
12961
12761
13092
13103
13044
13029
13041
12859
13028
13406
13222
13098
13165
13342
13258
13359
13158
13495
13420
13365
13352
13416
13437
13424
13546
13568
13314
13495
13474
13766
13600
13676
13742
13882
13498
13545
13577
13447
13736
13338
13524
13593
13680
13684
13832
13869
13960
13802
13955
13988
14004
13800
13772
14235
13742
14129
13899
14091
14218
13976
14339
14254
14377
14362
14200
14459
14283
14349
14295
14409
14407
14761
14024
14600
14266
14513
14486
14368
14406
14660
14408
14814
14668
14554
14558
14579
14348
14514
14509
14660
14436
14464
14380
14153
14368
14442
14488
14473
14671
14672
15060
14677
14669
14778
14642
14696
14962
14934
15062
15174
15042
14923
14864
15027
15263
15284
15347
15337
15126
15424
15070
15079
15464
15400
15492
15375
15322
15576
15349
15330
15322
15263
15360
15568
15305
15232
15727
15528
15231
15816
15530
15448
15441
15676
15576
15744
15700
15587
15680
15924
15848
15675
15902
15545
15534
15805
15906
15597
15815
15897
15876
15900
16190
16086
16069
16187
16181
16230
16141
16216
16121
16432
16032
16277
16245
16244
16217
15983
16276
16425
16155
16355
16489
16497
16349
16264
16449
16316
16330
16445
16634
16674
16434
16687
16566
16755
16691
16878
16960
16994
17210
16776
16755
16559
16770
16724
16591
16857
16868
16769
16873
16829
16640
16716
17180
17190
17009
17250
16908
17537
17070
17059
17247
17129
17386
17443
17585
17008
17348
17478
17587
17383
17451
17481
17427
17234
17513
17229
17236
17536
17406
17231
16843
17404
17582
17654
17806
17933
17700
18008
18140
18092
18128
17788
17993
18225
18079
17839
18059
18108
18082
18178
18189
18048
17728
18320
17895
18024
17940
18276
18066
18100
17965
17892
17904
17992
18264
17821
17772
18123
17846
18078
17988
18193
18490
18481
18750
18509
18834
18545
18688
18730
18612
18624
18630
18591
18336
18254
17972
17587
17274
16861
16610
16253
16228
15670
15323
15068
15096
15508
15732
16017
16293
17165
17707
18456
18877
18924
19691
19508
19625
19467
19596
19700
19900
19872
19557
19373
19461
19358
19369
19612
19516
19474
19384
19728
19696
19664
19757
19685
19437
19492
19499
19548
19286
19415
19391
19573
19653
19753
19807
19868
19993
19935
19956
20002
20198
20125
20160
19915
20186
19801
20260
20182
20102
20209
20126
20091
19917
20085
20117
19862
20368
20246
20184
20490
20297
20328
20500
20639
20322
20474
20687
20162
20319
20208
20581
20672
20410
20450
20392
20505
20666
20961
20392
20480
20904
20418
20928
20901
20693
20818
20317
20687
20778
20667
20785
21161
20900
20823
20911
20950
20708
20958
20920
21116
20915
20952
21046
21136
21023
20948
21160
21181
21545
21589
21735
21437
21471
21383
21651
21495
21795
21628
21605
21852
21668
21564
21898
21646
21960
21762
22023
22044
21762
22004
21760
22080
22038
21734
22431
22112
22127
21685
21723
21661
20971
21448
21485
21239
21382
21078
20715
20894
20918
20811
21450
21962
22230
22442
22455
22652
22074
22570
22388
22410
22799
22615
22954
22468
22695
22633
22976
22666
22658
22632
22836
22997
22816
22738
22784
23163
22973
23146
23122
22987
23210
22904
22832
23146
23104
23300
23042
22720
23157
23046
23272
23296
23263
23121
23405
23577
23278
23440
23445
23518
23460
23639
23706
23946
23517
23380
23561
23526
23866
23479
23636
23478
23628
23554
23774
23744
23572
23952
23766
24092
23872
23784
23988
23965
23813
23856
24009
23828
23674
23824
24012
24107
24109
24040
24029
23938
24437
24437
23932
24212
24011
24426
24132
24263
24262
24316
24184
24379
24396
24564
24388
24532
24893
24588
24250
24461
24516
24820
24760
24662
24866
25028
24582
24914
25147
24885
25046
24954
25200
24921
24926
24729
24974
24778
24901
25478
25484
25225
25248
25348
25180
25448
25226
25547
25534
25471
25462
25368
25290
25156
25389
25464
25716
25624
25508
25621
25394
25441
25749
25921
25632
25756
25478
25624
26260
25883
26006
26148
25973
25771
25764
25989
25690
25701
26052
26162
26037
26362
25862
26312
25768
26029
26100
25928
26317
26116
25883
25838
26221
26317
26399
26308
26413
26331
25936
26395
26390
26341
26226
26165
26300
26054
25772
26066
26029
25960
26384
26368
26285
26353
26333
26474
26818
26777
26965
26662
26939
26794
26607
27114
26789
27131
26834
26698
27136
27090
26780
26840
26570
26688
27373
27194
27073
27211
27157
27245
26889
27464
27026
27364
27684
27418
27464
27484
27036
27254
27330
27432
27254
27548
27421
27294
27591
27885
27275
27325
27448
27975
27909
27666
27741
27706
27391
27910
28186
27597
27963
28022
27808
27713
27912
28295
27922
28040
27777
27737
28075
27849
28025
28269
28249
28004
28386
28170
28367
28354
28520
28453
28278
28556
28330
28532
28219
28224
28444
28596
27904
28544
28558
28665
28756
28678
28532
28409
28949
28396
28689
28631
28868
28587
28399
28554
29197
28818
28795
28650
28811
28629
28680
28592
28795
28759
28438
29126
28845
28884
28632
28776
28869
28602
28701
29252
28952
28832
28928
28777
29012
29035
28722
29156
29146
29248
28928
29154
29030
28822
29385
29386
29108
28891
29208
29401
29228
29590
29248
29054
29573
29344
29330
29547
29513
29252
29333
29176
29658
29195
29559
29467
29344
29622
29227
29576
29738
29314
29292
29804
29677
29585
29861
29612
29514
29862
29497
30198
29961
29894
29988
29816
29834
29912
29636
29877
29635
30036
29589
29738
29572
30000
29996
30075
29895
30022
30080
29838
30121
30260
30139
29952
29990
29643
30187
30470
30240
30094
29844
29816
29332
29476
29562
29559
29485
29337
29228
29501
29476
29396
29908
29848
30365
30661
30706
30342
30588
30562
30650
30666
30389
30801
30702
30538
30904
30942
30912
30743
30745
30459
30480
31045
30549
30698
30650
30372
30976
30532
30485
30727
30748
30722
30826
30852
30489
30429
30120
30777
31104
30885
30634
30642
30725
30992
30607
30756
30570
30884
31060
30909
30867
30790
31013
30729
31348
31077
30604
30864
31330
31069
30928
31241
31123
31089
31022
31152
31144
31082
31237
30953
31448
31369
30954
31663
31285
31481
31709
31307
30913
31034
31028
31184
31354
31082
30853
31250
31563
31498
31287
31608
31605
31578
31142
31066
31458
31240
31525
31307
31442
31398
31661
31379
31592
31944
31165
31426
31252
31396
31748
31339
31537
31383
31385
31504
31542
31447
31384
31558
31453
31432
31750
31232
31814
31419
31565
31018
31581
31634
32024
31687
31470
31544
31884
31884
31752
31533
31734
31698
31588
31861
31718
31748
31965
32244
31851
32212
31716
31894
31704
31709
32075
31852
31983
31892
31749
31693
31921
31734
32128
31622
32221
32053
32114
32154
31800
31808
32059
32188
32050
31530
31499
31921
31800
32089
32056
31828
31516
32260
32020
31742
32278
31946
31878
32256
31970
31685
32196
32172
32213
31738
32128
31958
32130
31901
32128
31961
31776
32036
32025
31528
32034
31992
31876
32384
32008
32040
32342
32384
32016
32148
32357
32010
31933
31968
31931
32131
31768
32265
32042
31838
32242
31950
31811
31851
31828
31741
32061
32226
32048
32296
32324
32017
32337
32315
31856
32273
32055
32426
32399
32297
31948
32116
31931
32038
32038
32184
32424
31819
31981
32192
32112
32000
31720
32484
32192
31770
31980
32330
31872
32115
32216
32161
31872
32376
32146
32328
32470
32052
32034
32397
32106
31684
32342
32345
32265
32106
32212
31887
32306
32596
31915
32570
32537
32146
32475
32149
32321
32340
32261
32533
32458
32060
32278
32052
32264
32000
32312
31842
31908
32396
31974
31637
31953
31755
31740
31902
31732
31789
31705
32084
31983
32192
32134
32258
32365
32260
32264
31762
31604
31849
31611
31678
31823
31490
31298
31332
31462
31038
31157
30992
31020
31053
30841
31131
31069
31061
31298
31008
31662
31768
31755
31853
31872
31896
32453
31819
31906
32522
32090
32212
31986
32000
32068
31958
31786
32156
31515
31924
32008
31766
31689
31563
32088
31813
32069
32010
31601
32223
31812
31798
31837
32008
31704
31990
31573
31643
31554
31905
31673
31632
31899
31597
31707
31412
32049
31805
31470
31552
31334
31237
30993
31434
31611
31388
31855
31901
31259
31088
31784
31242
31353
31291
30976
31428
31440
31646
31372
31451
31050
31164
31195
31060
31195
31014
30820
31195
30976
31236
31249
31286
30992
31136
31174
31044
31049
31132
30653
30922
30944
31108
30873
30649
30916
31025
30788
30632
30749
30624
30710
30837
30898
30741
30828
31016
30363
30623
30776
31177
30812
30302
30661
30872
30640
30856
30665
30408
30882
30314
30685
30574
30202
30668
30720
30391
30288
30360
30393
30289
30413
30042
30294
30568
30272
30348
30464
29933
29782
30489
30289
30144
29686
30336
29952
30373
29925
30020
29961
30024
30212
30015
30101
29902
30269
29533
29851
29525
29958
30020
29818
29724
29647
29674
29252
29906
29716
29625
29673
29693
29517
29537
29434
29478
29333
29878
29460
29290
29282
29686
29195
29164
29209
29384
29646
29458
29259
29739
29133
29325
29529
29444
29087
29026
29083
29204
29095
29010
28769
29092
28859
28650
28635
28632
28590
28962
28762
28736
28445
28744
28402
28680
28744
28618
28841
28853
28789
28530
28751
28415
28543
28555
28517
28570
28612
28533
28388
28144
28173
28334
28557
28252
28292
28411
28299
28260
28374
28288
28148
28388
27725
28429
28160
28328
28167
28299
28416
28213
27776
28372
27972
27961
27688
27344
27114
27354
27268
27298
27329
27192
27300
27400
27432
27357
27255
27158
27671
27928
27526
27555
27252
27319
27351
27542
27308
27226
26999
27420
27083
27196
27089
27234
26733
26894
27040
26989
27237
27306
26784
26924
26893
26698
26494
26935
26696
26400
26364
26473
26624
26666
26820
26931
26117
26186
26413
26280
26326
26376
26357
26226
26232
25912
26085
25836
26041
25819
25982
25963
25657
26117
25705
25945
25794
25750
26136
25957
25899
25874
25762
25339
25926
25688
25626
25625
25668
25515
25278
25676
25344
25549
25434
25276
25376
25701
25303
25466
25227
25069
25270
25165
24772
25188
25188
25250
24964
24536
24744
24571
24603
24521
24650
24327
24609
24636
24674
24653
24428
24359
24308
24133
23844
23946
23654
23738
23747
24011
23788
24082
24121
24338
24016
24212
24158
24338
24237
24180
24276
24431
23938
24034
24020
23909
24104
23982
23952
23548
23944
23830
23937
24081
23893
23194
22700
22376
22743
22899
22500
22736
22759
22691
22553
22494
22610
23297
22841
23233
23022
23332
23244
23264
23097
23074
23338
22944
23277
22864
22711
23031
22652
22694
23011
22547
22568
22702
22765
22513
22621
22430
22566
22331
22210
22521
22328
22493
22463
22198
21918
21792
22331
22230
21963
22017
22117
21893
22109
22249
22068
22180
22118
21739
21465
21546
21126
20478
20493
20940
20747
20860
20979
20992
20865
21044
21025
21159
21306
21432
21272
21290
21188
21222
21353
21226
21027
21243
21370
20936
20930
21105
20680
21141
20788
20888
20493
20736
20710
20555
20853
20301
20400
20361
20388
20312
19989
20309
20295
20118
20168
20280
20057
20184
19948
20178
19951
19988
20101
19878
19890
19940
20070
19816
19625
19685
19528
20076
19602
20036
19726
19574
19814
19460
19335
19442
19487
19540
19190
19116
19218
19181
19141
19287
19311
19253
18920
19461
19050
19356
19289
18790
18808
18913
18761
18771
18436
18739
18665
18704
18553
18539
18560
18552
18591
18512
18402
18385
18543
18510
18438
18564
18312
18377
18555
18279
18354
18302
18042
18500
18180
17832
18222
18321
18222
18050
18381
18048
17819
17890
17293
16986
17167
17429
17102
17169
17394
17342
17451
17082
17320
17765
17707
17343
17626
17288
17509
17608
17361
17446
17250
17266
17274
17403
16952
17040
17172
17104
16953
16863
17172
17021
16737
16570
16957
16567
16877
16650
16746
16532
16502
16571
16952
16746
16557
16750
16960
16666
16457
16641
16620
16558
16474
16350
16580
16244
16319
16398
16296
16395
16152
16571
16237
16495
16167
16475
16160
16545
16030
16060
16041
16032
15828
15806
15804
15842
15655
15850
15914
15739
15974
15814
15736
16034
16160
15864
15897
15829
15576
15747
15836
15524
15656
15574
15653
15438
15819
15533
15512
15381
15540
15562
15851
15321
15109
15176
15186
15307
15150
15148
15285
15218
15181
15154
14996
15021
15210
15369
15048
15022
15172
15003
14996
15183
15244
15107
15166
14803
14962
15170
14702
14814
14889
14918
14923
14942
14866
14873
14932
14745
15000
14894
14680
14792
14749
14896
14560
14779
14526
14849
14810
14630
14723
14731
14633
14538
14708
14628
14372
14585
14592
14516
14721
14705
14447
14667
14712
14482
14362
14413
14347
14365
14346
14375
14546
14375
14612
14250
14329
14448
14368
14398
14292
14281
14326
13997
14185
14205
14390
14265
14174
14207
14116
14333
14262
14433
14464
14257
14416
14427
14280
14232
14488
14046
14415
14342
14355
14252
14187
14106
14200
14153
14068
14187
14183
14195
14402
14017
14320
14273
14420
14265
14285
14201
14169
14312
14300
14382
14043
14100
14209
14614
14247
14295
14288
14173
14033
14427
14063
14402
14344
14099
14106
14515
14499
14164
14087
14359
14244
14320
14300
14346
14406
14074
14360
14444
14096
14376
14496
14233
14309
14439
14413
14527
14522
14452
14230
14286
14649
14438
14647
14367
14669
14697
14726
14603
14329
14537
14455
14537
14472
14618
14611
14467
14793
14407
14793
14628
14813
14522
14597
14682
14865
14618
14925
14820
14641
14709
14701
14633
14660
15112
14746
14710
14653
14737
14946
14999
14997
14763
14940
14837
14795
14893
14866
14952
14960
14828
14912
14786
14831
14882
14993
14934
14792
15108
15090
14762
14828
14698
15492
15063
15214
15164
15209
15341
15276
15108
15573
15400
15402
15473
15406
15412
15584
15620
15470
15795
15592
15809
15412
15739
15727
15623
15878
15571
15600
15657
15484
16097
15757
15580
15450
15869
15668
15788
15914
15769
15839
16012
15953
16086
16104
16004
15751
16096
15989
16027
16112
15964
16072
16344
16221
16454
16240
16502
16384
16215
16310
16484
16488
16348
16262
16307
16261
16149
16008
16325
16253
16246
16196
16189
16250
16397
16278
16565
16628
16666
16403
16694
16746
16367
16564
16547
16749
16575
16582
16627
17063
16793
16665
16727
16785
16827
16692
16594
16816
16799
17058
16934
17068
16960
17046
16908
17234
17326
16855
16804
17068
17116
17024
16904
17012
17355
17014
17266
17088
17295
16900
17084
17010
17115
17130
17093
17142
17108
17355
17161
17234
17153
17132
17295
17321
17251
17460
17378
17741
17622
17403
17336
17320
17560
17774
17566
17725
17731
17622
17713
17576
17610
17637
17521
17697
17770
17894
17544
17684
17664
17467
17468
17960
17736
17887
17748
17851
17562
18000
17766
17766
17682
17733
17751
17805
17984
17730
17911
17565
17748
17845
18130
17648
17910
18173
18284
17708
17734
17608
17521
17467
17428
17334
17576
17365
17571
17390
18020
17937
18085
17878
17948
18029
18372
18132
18422
18143
18261
17986
18058
17867
18137
18152
17962
18006
18078
18186
17656
18058
17932
18075
17755
18148
17974
17741
18267
18181
17990
18024
18173
18205
18048
18052
18234
18143
18125
17882
18164
18250
17920
18002
17860
17849
17768
18108
17781
17901
18018
17844
18093
17954
18059
17866
17957
17842
17704
18134
18130
18027
17903
17811
17922
17753
17903
17742
17773
17734
17809
17787
18044
17716
17913
17852
17762
17678
17766
17508
17968
17686
17921
17634
17619
17762
17467
17657
17448
17442
17286
17456
17427
17472
17540
17552
17664
17337
17312
17203
17206
17277
17372
17224
17078
17312
17323
17016
16827
17086
17192
16913
17285
17267
16948
17243
17174
17193
17127
17199
16651
16827
16891
17006
16801
16790
16801
16710
16562
16938
16596
16531
16704
16586
16643
16546
16290
16675
16515
16640
16476
16632
16388
16669
16573
16763
16794
16263
16365
16295
16479
16357
16331
16158
16175
16218
16404
16217
16194
16048
16089
16026
15816
15889
15633
16056
15436
15998
15995
15712
15660
16023
15773
15805
15708
15817
15691
15587
15936
15446
15576
15279
15483
15578
15572
15092
15405
15286
15387
15098
15092
15312
15189
15029
15136
15054
15206
15019
15054
14880
14770
14684
14702
14857
14905
14635
14760
14959
14702
14600
14534
14321
14207
14473
14523
14200
14349
14605
14434
14313
14220
14210
14187
14158
14006
13972
13768
13915
13825
13900
13958
13977
13892
13783
13654
13661
13570
13581
13723
13454
13380
13516
13347
13286
12920
13097
13222
13296
12929
13016
12935
13065
12957
12798
12818
12874
12992
12960
12785
12296
12132
12001
11813
11813
11819
12180
12185
12085
12041
12170
12241
12292
12238
12214
12176
11942
12054
11801
11968
11697
11923
11708
11647
11760
11343
11353
11382
11320
11203
11261
11177
11067
11148
11297
10887
10789
11016
11016
10808
10813
10752
10938
10588
10773
10536
10554
10361
10447
10288
10296
10127
10301
9935
10244
9974
10172
9906
9906
9760
9921
9889
9598
9807
9381
9649
9540
9622
9373
9108
9339
9053
9019
9059
9020
9149
9058
8965
9085
9069
8788
8786
8739
8717
8567
8673
8716
8664
8626
8509
8310
8392
8254
8338
8142
8151
8088
8264
8052
7942
7838
7836
7706
7911
7939
7784
7550
7465
7499
7538
7461
7209
7312
7343
7421
7091
7238
7102
7155
7159
7293
6974
6893
6968
7052
6929
6846
6789
6839
6729
6513
6568
6582
6529
6488
6693
6393
6351
6204
6340
6121
6249
6162
6107
6111
6027
6081
6133
6010
6004
5932
5871
5789
5672
5767
5760
5807
5791
5607
5617
5622
5650
5699
5416
5488
5547
5604
5423
5256
5263
5268
4910
5029
4932
5007
5112
5064
5125
5042
4948
5019
5109
4890
4981
4823
4984
4851
5025
4828
4991
4924
4921
4869
4627
4588
4634
4591
4673
4629
4674
4540
4651
4446
4472
4714
4660
4457
4506
4458
4292
4416
4370
4220
4353
4362
4276
4267
4382
4394
4224
4276
4325
4218
4086
4264
4274
4226
4187
4138
4105
4173
4157
4053
4013
4011
4124
4175
4152
3972
4047
3953
4152
4121
4007
3794
3941
3862
3868
3899
3918
3896
3966
3815
3856
3710
3753
3830
3796
3728
3747
3800
3891
