10372
10799
10482
10198
10228
10453
10756
10789
10480
10479
10507
10708
10762
10560
10871
10672
10608
10652
10892
10814
10748
10832
11045
11090
10833
10840
10729
10925
10939
11041
11007
10937
10941
10897
11121
11160
11328
11064
11084
11104
11421
11219
11198
11114
11004
11420
11286
11255
11075
11250
11426
11304
11601
11520
11314
11490
11402
11672
11438
11348
11423
11521
11553
11540
11416
11306
11172
11416
11348
11408
11616
11581
11322
11828
11991
11949
11865
11844
11546
12119
11962
12116
12020
11922
11937
11993
12054
12066
11764
12150
12255
12298
12231
12427
11956
12077
12192
12139
12194
12125
12201
12058
12075
12288
12294
12275
12331
12374
12497
12436
12465
12548
12498
12600
12486
12692
12824
12667
12733
12649
12625
12879
12800
12852
12954
12875
12634
12878
12722
13007
12632
12836
13010
13293
12971
12653
13162
12978
13158
13007
13187
12970
13092
13160
13181
13028
12927
13245
13401
13204
13340
13277
13609
13454
13282
13388
13156
13498
13596
13427
13436
13412
13441
13520
13721
13701
13795
13824
13730
13801
13648
13666
13672
13876
13541
13909
14047
13817
13602
13762
13764
13979
13924
13865
14271
13955
14027
14067
14126
14101
14194
14193
14186
14384
14187
14218
14363
14648
14369
14141
14504
14404
14552
14573
14569
14477
14415
14400
14292
14572
14515
14479
14629
14524
14551
14701
14779
14677
14856
14795
14632
14777
14737
14787
14930
14877
15057
14922
15281
14756
14795
15066
15454
14958
15177
15137
15270
15238
15385
15305
15390
15519
15254
15436
15616
15256
15567
15654
15558
15554
15653
15560
15760
15682
15698
15552
15501
15582
15880
15687
15758
15740
15716
15706
15541
15897
15952
16012
16242
15992
16145
16096
16252
16299
15995
16293
16310
16121
16445
16206
16444
16245
16541
16385
16319
16500
16160
16401
16549
16428
16776
16350
16196
16563
16195
16463
16324
16816
16875
17243
17076
17025
17186
16863
16881
17035
17160
17069
17117
17359
17319
16980
17184
17391
17045
17460
17474
17384
17163
17362
17130
17312
17460
17451
17626
17350
17575
17628
17724
17716
17609
17624
17569
17947
17966
17611
17855
17623
17814
18011
17927
17842
18022
17974
17988
17633
17813
17851
17853
18126
18098
18027
17647
17667
17892
18052
18139
18171
18178
18344
18343
18288
18635
18658
18349
18679
18954
19006
18925
18688
18599
18900
18568
18649
18560
18976
19064
19062
19008
19020
18805
18700
18928
19402
19276
19403
19302
19384
19233
19493
19473
19610
19418
19771
19423
19765
19468
19804
19548
19609
19924
20011
19926
19712
19888
19897
19785
19948
19720
20000
19980
20114
20306
20377
20074
20275
20078
20326
20045
20174
20403
20299
20324
20598
20480
20873
20669
20682
20673
20690
20948
20946
21153
20786
20898
20996
20910
21144
21162
21061
21113
21447
20981
20921
21279
21426
21516
21188
21529
21339
21789
21522
21529
21780
21615
21582
21467
21657
21461
21807
21967
21976
21930
22205
21875
21626
21937
22251
22022
22069
21720
22170
22340
22458
22354
22459
22409
22101
22568
22533
22484
22192
22650
22729
22635
22632
22562
22759
22540
22888
22901
22776
23272
23017
23479
23094
23168
23146
23068
22972
23175
23334
23050
23272
23601
23114
23183
23473
23575
23533
23662
23600
23607
23897
23940
23826
23660
24283
24111
23932
24025
24246
23943
24217
23784
24144
24180
24387
24346
23976
24196
24323
24810
24507
24468
24287
24257
24664
24580
24398
24940
24945
24981
24731
24914
24520
24708
24938
24980
25192
25159
24960
25275
25293
25211
25253
25266
25123
25270
25591
25246
25565
25658
25576
25288
25909
25288
25688
25632
25542
25772
25782
25881
26075
25674
26192
25889
26223
26134
26036
26534
26428
26150
26269
26406
26468
26095
26280
26568
26646
27000
26624
26575
26708
26948
26692
26739
26665
27086
27465
27062
27040
27375
27351
27518
27501
27164
27261
27469
27420
27338
27386
27759
27404
27610
27573
27826
27914
27499
27796
27866
27724
27744
27962
27816
27360
27408
27798
27460
27462
27413
27313
27400
27276
27321
27136
27784
27963
28388
28745
29148
28851
28932
28996
29131
29016
29493
29275
29352
29060
29495
29027
29184
29414
29560
29357
29531
29534
29885
29797
29706
29458
29917
29717
29901
29781
29659
29896
30010
29882
29524
30256
30059
29957
29846
30164
30292
30023
30482
30422
30393
29984
30216
30439
30140
30496
30930
30749
30958
30893
30909
31133
30786
31240
30708
30925
30826
31112
31312
31211
31046
31395
30900
30842
31109
30933
31186
31334
30910
31238
31416
31417
31890
32178
32338
31992
32026
31956
32558
32277
32186
32768
32792
32630
33145
32626
32620
32644
32644
32361
32493
32614
32861
32458
32875
33125
32928
33398
33154
33262
32802
33704
33366
33237
33538
33812
33364
33572
33535
33732
33676
34176
33940
33816
34052
34094
34088
33874
33712
34132
34304
34422
33996
34306
34267
34154
34148
34804
34442
34926
35162
34554
35284
34735
34820
34616
35229
34739
35242
35059
35252
35348
34968
35089
35226
35320
35400
35640
35232
35309
34929
35242
34958
35238
35116
35802
35509
35530
35551
35656
35575
36052
35868
35926
36281
35993
36042
36109
36146
36389
36184
36340
36420
36522
36388
36621
36446
36016
36232
36719
36572
37128
36876
36827
37128
37143
37316
37185
37469
37194
37416
37101
37290
37402
37218
37273
37465
37302
37854
36874
37521
37468
37460
37865
37865
37778
37892
38033
38161
38032
38148
38331
37712
38220
38364
38411
38613
38616
38932
38464
38500
38969
39178
38964
39181
39370
39136
39512
39276
39236
39266
39412
39121
39400
39770
39398
39374
38858
39940
39828
40248
39926
39924
39662
39924
39647
39645
39732
39652
39807
39289
39627
39508
39176
39732
39280
39524
39853
40324
40256
40400
40605
40726
40824
40768
41079
41399
41226
41515
41707
41287
41562
41322
41848
41965
41540
42020
41686
41817
41764
41316
42101
41365
41685
42032
41866
42188
42220
41972
42161
42488
41867
42130
41958
42072
42223
42252
42316
42790
42276
42331
42646
43005
42927
43463
43017
43200
42953
42765
43396
43156
42747
43180
42890
43012
43641
43304
43605
43401
43536
43766
44051
43481
43701
43998
44230
44524
44294
43620
44264
44245
43898
44172
44394
44856
44326
44452
44166
44240
44376
44500
44328
44714
44729
44402
44916
44365
44692
44826
45327
44933
45061
45450
45252
45654
45370
45489
45579
45320
45890
45932
45130
45685
45657
45960
46052
45878
45627
45924
45652
45677
45796
45506
45485
45830
45764
46440
46162
46348
46120
46388
46426
46392
46747
46981
46712
46495
46596
46792
47285
47080
46669
46397
46409
46443
46336
46470
46479
46379
46253
46020
46114
46555
46941
47221
47853
47082
47648
47753
48192
47605
48521
47404
47598
47424
48005
47845
48244
47922
47860
48324
48414
48390
48474
47892
47794
47382
47652
47204
47524
47297
46601
47212
47252
46870
46539
47084
46216
46985
46840
47033
47071
47465
48118
48694
48856
48612
48733
48912
48812
48668
48694
48665
48859
48571
48339
47232
45755
44587
44086
43393
43138
42380
41417
39825
39174
38424
38737
39524
40424
41092
42604
44054
45412
47232
48442
49691
50857
50496
50966
50780
51020
51380
50370
50502
50675
49744
50444
50108
49908
49270
49929
49924
50116
50230
50532
50340
50368
49932
50078
49833
50091
49378
49958
49482
49833
50024
49689
50100
50267
50945
50484
50600
50778
51218
50768
50688
50661
51027
50682
50493
50792
50891
50310
50541
50573
50357
50276
50476
50500
50186
50395
50187
50095
50111
50924
50733
50829
50100
50553
50356
50346
50404
50376
50376
50701
50171
50473
50307
50980
50859
50600
50380
49954
50676
50696
50334
50584
50546
50716
50192
50397
50240
50167
50789
50745
50156
50762
50486
49974
50260
50646
50432
50635
50788
50887
50808
50726
50554
50996
51013
51050
51370
51328
51691
51380
51156
51370
51288
51365
51356
51084
50990
50970
51422
51222
51288
51477
51616
51084
51746
51410
51083
51602
51463
51748
51328
51853
51700
51462
51786
51563
51016
50253
49652
49041
49000
48453
48029
48946
48084
48443
47616
47611
48384
49618
50336
50874
51034
50752
50966
50960
50546
50363
50606
51221
51277
50957
51269
51080
50872
51179
50828
50909
50464
51352
50254
50710
50396
50596
51307
50521
50909
50486
50789
50304
50174
50213
50397
50404
50120
50249
50304
49739
49588
50340
50389
50137
50548
50005
50491
50174
50336
50102
50214
49844
50105
50042
50348
50394
50404
50095
50181
50041
50356
50116
49933
50159
50746
49913
50029
50110
49502
49936
49792
49882
50295
49749
49904
49723
49610
49768
49860
49952
49866
49293
49630
49392
48994
49339
49364
49453
49756
49493
49792
49145
49380
49340
49031
49858
49494
49656
49185
49364
49240
49195
49542
49307
49070
49092
49086
48717
48820
48836
49340
48905
49019
49185
49062
48773
49090
48912
49049
49436
48844
48808
48941
48642
49156
48916
49064
49098
49101
48585
48597
48707
48512
48736
49096
48338
48308
48512
48182
47975
48408
48493
48177
48384
48280
48029
48276
47788
47816
48132
48179
47705
47830
47661
47858
48269
47556
47571
48192
47456
47232
47812
47629
47421
47732
47755
47396
46637
46756
46410
46978
46464
46522
46763
47078
46664
46729
46856
46617
46341
46612
46829
46698
46469
46756
46602
46964
46570
46378
46618
45684
45828
45144
45314
45626
45932
45710
45579
45573
45748
46190
45632
45744
45917
46023
45893
45725
46158
45962
45864
46118
46053
45184
45474
45454
45700
45288
45402
45697
45226
45220
45624
45312
45476
46023
45349
45430
44823
45290
45016
45256
44975
44970
45154
45039
44817
44854
44884
44870
45277
44683
44352
44672
44746
44448
44394
44612
44096
44337
44524
44793
44169
44324
44297
44448
43912
44372
44468
44042
44112
44098
43526
43924
44144
43988
43994
43595
43792
44008
44392
44014
44013
43608
44030
43252
43287
43314
43428
43444
43563
43500
43668
43511
43332
43513
43371
43364
43728
43237
43338
43160
43057
43264
42989
43284
43050
42921
43284
42996
42678
43114
42802
42984
42728
42682
42791
43148
42676
43082
43080
42778
42593
42459
42550
42560
42394
42818
42272
42804
42328
42427
42397
42308
41816
42152
42612
42196
42649
41996
42112
41750
42122
42181
42193
41860
42341
42316
42498
41852
42248
41608
41832
42292
42340
41778
41695
41962
41988
41973
42148
41867
41600
42004
41755
41574
41884
41436
41908
41652
41798
41483
41925
41450
41396
41430
41560
41417
41402
41225
41450
41572
41370
40960
41200
41330
41396
41356
41362
40985
41116
40973
41284
41013
41180
40615
41122
40440
40939
41180
41024
40482
40876
40633
40532
40745
40346
40906
40913
40745
40992
40809
40908
40408
40470
40303
39617
39240
39444
39320
39512
39701
40200
39992
39814
39256
39404
39772
39431
40192
40346
40394
40148
40470
40626
40515
40152
40203
40150
40324
40448
40140
40576
39922
40085
40242
39914
39722
40366
40280
39956
39466
39699
39609
40053
39504
39870
40154
39675
39796
39690
39833
39733
39543
39665
39590
39860
39524
39835
39264
39469
39677
39816
39736
39462
39582
39624
39604
39628
39558
39348
39240
39508
39372
39451
39373
39531
39350
39128
39602
39467
39386
39168
38918
39329
39528
39319
39008
39366
39032
39056
39300
39493
38920
39279
38825
38954
39268
39178
39453
39119
38907
38868
39066
38909
39077
38806
38775
39071
39274
38868
38980
38884
39173
39178
38940
39277
39156
39063
39060
38907
38685
39168
39024
39067
38776
38804
38952
38616
38536
38836
38829
38726
38418
38650
38460
38489
38708
38668
38566
38660
38382
38756
39017
38749
38297
39012
38539
38756
38405
38510
38605
38420
38464
38130
38480
38458
38674
38733
38420
38172
38394
38128
38658
38221
38664
38644
38960
38538
38234
38445
38635
38509
38281
38546
38409
38421
38100
38356
38345
38425
38347
38180
37792
38580
38338
38185
38464
37648
38681
38300
38208
38506
37882
37960
38464
38060
37613
38184
38386
38008
37954
38114
37956
37806
37966
37860
37830
38180
38016
38436
38666
38018
38026
37689
37880
37755
37757
38202
38068
38002
38260
37568
37602
37929
37638
37670
37944
38192
37348
37547
37758
37637
37362
37364
37603
37557
37626
37315
37452
37376
37020
37382
37140
37412
37477
37716
37403
37796
37272
37396
37677
37369
37960
37668
37158
37422
37489
37455
37460
37511
37451
37405
37397
37292
37428
37422
37405
37195
37624
37386
37192
37345
37236
37033
37357
37568
37403
37732
37308
37386
37401
37000
37685
37353
37469
37586
37478
37636
37144
36784
37238
37190
37224
37060
37156
37527
37036
37168
36746
37467
37365
37393
37550
36838
36841
37066
36705
36980
37092
36804
36892
37019
36797
36857
36554
36418
36593
36778
36624
36632
36901
36712
36372
36715
36465
36621
36716
36297
36914
36359
36778
36899
36642
36365
36453
36188
36264
36280
36080
36437
36324
36306
36068
35580
35556
35904
35285
35580
35364
35501
35650
35670
35756
36128
36212
35984
35657
36185
36040
36196
36172
36008
36665
36293
36865
36424
36489
36328
36269
36108
36245
36276
36212
35836
35860
36264
35888
35853
35904
35606
35592
35670
35972
35672
36136
36096
35754
35596
36108
35851
35753
35794
35709
35636
35783
36244
35804
35653
35818
35753
35837
35878
35909
36038
35755
35246
35498
35209
35127
35298
35346
35296
34871
35226
35034
35180
35241
34566
34920
35111
35210
35280
34846
35470
35239
34919
35444
35178
35334
34760
35222
35140
35188
35154
34801
35044
35010
35140
34884
34584
34857
34882
34770
34088
34330
34691
34669
34370
34506
34677
34687
34492
34536
34394
34763
34267
34684
34553
34390
34629
34368
34153
34366
34468
34331
34328
34556
34253
34222
34452
34048
34512
34396
34390
34524
34346
34256
33986
34205
33696
33927
34171
33759
34179
33840
33682
34157
34107
33654
33920
34014
34179
33816
34186
33572
33920
33898
34187
33568
33770
33884
33900
33476
33677
33810
33544
33826
33792
33878
33780
33231
33843
33696
33781
33654
33603
33197
33588
33693
33802
33604
33268
33412
33408
33024
33562
33280
33738
33100
33122
32392
32474
31668
31936
31835
31589
32104
31844
31572
30809
31124
30890
31192
31622
31284
31764
31753
31540
31771
31828
31496
31401
31686
31576
31417
31556
31652
31620
31435
31476
31469
31360
31615
31252
31120
31308
31332
30776
31057
31011
30789
31032
30874
30925
30900
31572
31094
31224
31078
31218
31097
31647
31304
31630
31365
31588
31666
31962
31433
31973
32042
32092
32408
32484
32276
32439
32588
32918
33097
32870
32669
32588
32454
32623
32365
32461
32097
32305
32169
31828
32173
32317
32000
32184
31763
32036
32027
31809
31797
31877
32340
32292
32172
32277
32128
32507
32612
31976
32089
32540
32264
32374
32156
32316
32114
32547
32384
32150
32000
32094
32332
32200
32596
32261
32377
32330
32125
32125
31984
32411
32073
32346
32077
31956
32546
32173
31828
32226
32260
32498
31853
32153
32460
32116
32149
32014
31895
31770
31812
31632
31565
32009
32276
32198
31914
32314
32331
32420
32264
32490
32434
32454
32278
32677
32583
32526
33086
32605
32619
32730
32418
32394
31881
32410
32688
32411
32395
32432
32388
32614
32298
32374
32538
32730
32706
33291
32679
33290
33284
33024
32840
33024
32818
32602
32463
33050
33024
33097
33176
32909
32975
32740
32794
32693
32438
32819
32999
33322
33590
33513
33440
33209
33072
32992
33024
33178
33741
33704
34318
34136
33818
34125
34074
34348
33876
34543
34298
34257
34493
34884
34907
35245
34888
34805
35116
35178
34650
34217
34330
34008
33994
34445
35018
35201
34742
34777
34710
34664
34415
34860
34577
35382
35540
36014
36283
36142
36508
36588
36757
36808
36417
36700
36125
36960
36508
36912
36484
36781
37300
36828
37312
37450
37451
37533
37339
37830
37446
37609
37580
37894
38070
37868
38213
38080
38469
38400
38266
38667
39208
38482
38914
38949
39186
39296
39257
38888
39204
38594
39095
38701
39810
39638
39952
39812
39572
38932
38668
38726
38536
39503
39776
40516
41620
41755
41734
41746
41765
41403
41738
41796
42476
41850
41882
42898
42844
42524
42608
42516
42973
43392
43401
43482
43741
43373
43288
43742
43670
43788
44052
44136
43867
44212
44096
43984
43956
44770
45196
44824
45236
45595
45493
45604
45784
45993
45866
46253
46730
46778
46445
46788
46765
46842
46756
47530
47021
47836
47599
47504
47723
48132
47946
48333
47616
48405
48768
48888
49312
49344
49446
49486
49851
49496
49666
49964
49960
50276
50496
50486
50752
50900
51097
50864
51268
51435
51336
51726
51304
52125
52555
51894
52260
52456
52932
52645
53162
53083
53181
53593
53418
54063
53352
53764
54475
53690
54444
54216
54941
55156
55048
54968
55099
54776
55229
55016
55524
55515
55150
55190
55293
54347
54413
54006
54704
55424
56588
57115
57540
57317
56941
57004
56676
57306
57636
57988
58299
57932
57683
57936
58788
58362
58932
58373
58772
58880
59128
59432
58964
59316
59613
59588
59541
59780
59564
59290
59920
60058
59604
60778
61173
60693
60846
61089
60570
61108
60696
61592
62167
61853
62446
62578
63402
62346
62438
62976
63290
63632
63510
63466
63306
63319
63525
63680
63962
63744
63673
63908
64058
64268
64214
63588
63353
63064
63537
63780
64219
65157
65225
65535
65192
64794
65476
65476
65242
65535
65535
65535
65535
65535
65535
65535
65535
65535
65535
65535
65535
65535
65535
65535
65535
65535
65535
65535
65535
65535
65535
65535
65535
65535
65535
65535
65535
65535
65535
65535
65535
65535
65535
65535
65535
65535
65535
65535
65535
65535
65535
65535
65535
65535
65535
65535
65535
65535
65535
65535
65535
65535
65535
65535
65535
65535
65535
65535
65535
65535
65535
65535
65535
65535
65535
65535
65535
65535
65535
65535
65535
65535
65535
65535
65535
65535
65535
65535
65535
65535
65535
65535
65535
65535
65535
65535
65535
65535
65535
65535
65535
65535
65535
65535
65535
65535
65535
65535
65535
65535
65535
65535
65535
65535
65535
65535
65535
65535
65535
65535
65535
65535
65535
65535
65535
65535
65535
65535
65535
65535
65535
65535
65535
65535
65535
65535
65535
65535
65535
65535
65535
65535
65535
65535
65535
65535
65535
65535
65535
65535
65535
65535
65535
65535
65535
65535
65535
65535
65535
65535
65535
65535
65535
65535
65535
65535
65535
65535
65535
65535
65535
65535
65535
65535
65535
65535
65535
65535
65535
65535
65535
65535
65535
65535
65535
65535
65535
65535
65535
65535
65535
65535
65535
65535
65535
65535
65535
65535
65535
65535
65535
65535
65535
65535
65535
65535
65535
65535
65535
65535
65535
65535
65535
65535
65535
65535
65535
65535
65535
65535
65535
65535
65535
65535
65535
65535
65535
65535
65535
65535
65535
65535
65535
65535
65535
65535
65535
65535
65535
65535
65535
65535
65535
65420
65355
65246
65370
65258
64958
65526
65413
65389
65535
65535
65535
65535
65535
65535
65535
65535
65428
64876
65444
65470
65535
65175
64526
65190
64362
64870
64686
64714
64364
64004
63768
63744
63418
63561
63435
63149
62795
63284
63285
63067
63146
62676
62806
62244
62010
62335
62060
61802
61479
61243
61632
61162
61341
61360
60781
60805
61073
60678
60952
60433
60386
60140
59924
59776
59686
59064
58432
57898
57327
57278
57288
58731
57805
58040
57733
57654
57965
58203
58278
57492
57035
56868
56477
56654
56810
56537
56448
56474
56276
56301
56072
55579
55942
55756
55882
55348
55512
54810
54563
54744
55044
54492
54507
54003
54122
54020
53558
53273
53190
53748
53165
52508
52180
53292
52929
52670
52248
52819
52186
51866
51490
50745
50971
50904
50157
50484
50456
50894
50381
50184
50356
50228
49964
49774
49348
49580
49729
48998
48993
48897
48194
48452
48248
48039
48474
47368
47508
47700
47449
47029
47204
46713
46913
46642
46498
45913
46313
45785
45384
45609
45764
45114
44957
44608
44785
44741
44076
44342
44268
43860
43689
43636
43736
43486
43124
42642
42780
42699
42156
41780
41600
41197
41131
40900
41472
41510
41108
40155
39348
38792
38260
38870
39144
39544
39196
39189
39256
39148
39572
39428
39244
39003
38566
38696
38834
38336
38740
37796
37610
37736
37544
37379
36960
36841
36564
36965
36603
36461
35940
35592
35852
35632
35145
35362
34843
34642
35002
34898
34410
33880
33784
34226
33732
33783
33684
33024
32653
31613
30676
29485
29048
29531
30066
30697
30682
31283
30772
31483
30685
31008
30797
31052
30440
30666
29814
29730
29994
30192
29441
29209
29229
28623
28948
28540
28550
28255
27950
28205
27769
27702
27234
27044
26982
26924
26583
26788
26361
26026
26114
25842
25798
25702
25132
24852
24949
24786
24792
24510
24562
24486
23904
24037
24119
23865
23576
23034
23245
23168
22698
22691
22404
22544
22341
22364
22068
21980
21786
21689
21542
21436
21185
20876
20834
20741
20544
20618
20341
20106
19845
19729
19470
18994
18580
18220
18027
17448
17558
17314
17216
17259
17277
17243
16994
17053
16942
16772
16682
16493
16524
16334
16361
16188
15960
15848
15568
15482
15243
15419
15057
14999
14838
14848
14615
14427
14436
14344
14236
14251
14064
13829
13824
13772
13606
13613
13365
13019
13529
13394
12934
12882
12889
12757
13001
12548
12645
12377
12212
12251
12075
11892
11845
11738
11522
11573
11559
11299
11238
11188
11141
10745
10817
10733
10756
10554
10383
10233
10266
9973
10095
10002
10041
10072
10397
9961
10120
10084
9862
9933
9812
9659
9435
9826
9653
9688
9589
9492
9538
9320
9133
9186
9144
9060
9148
9034
8903
8968
8762
8704
8610
8546
8689
8181
8259
8410
8248
8222
7885
7573
7356
7447
7563
7638
7630
7471
7682
7671
7564
7584
7426
7343
7444
7545
7519
7330
7325
7047
7054
6830
6935
6636
6612
6724
6841
6694
6809
6895
6690
6775
6601
6484
6653
6569
6294
6610
6552
6430
6427
6145
6217
6199
6521
6069
6165
6098
6066
6004
5986
5921
5814
5891
5846
5780
5784
5862
5658
5809
5629
5678
5738
5547
5644
5543
5636
5679
5359
5352
5324
5544
5445
5330
5298
5295
5176
5274
5294
5037
5189
5156
5118
5037
5220
5031
4966
4874
4800
4767
4962
4973
4874
4817
4749
4989
4808
4845
4745
4882
4649
4695
4715
4634
4648
4603
4652
4820
4677
4632
4636
4520
4484
4589
4426
4477
4623
4482
4579
4641
4440
4491
4423
4227
4310
4223
4301
4319
4195
4244
4407
4318
4249
4269
4261
4176
4305
4125
4335
4209
4136
4240
4020
3975
4187
4120
4048
4050
4179
4197
4175
4038
3998
4109
4047
3958
4034
4025
4067
3867
3914
3984
3830
3963
3994
4060
3839
3889
4042
3945
4025
3880
3912
3962
3773
4029
3824
3760
3745
3650
3749
3731
3774
3802
3635
3847
3797
3738
3730
3770
3572
3600
3724
3766
3735
3596
3659
3492
3592
3680
3671
3541
3558
3600
3560
3689
3607
3602
3580
3802
3640
3574
3663
3505
3535
3582
3634
3529
3478
3669
3451
3521
3483
3373
3524
3563
3341
3501
3475
3547
3593
3457
3577
3440
3489
3571
3456
3449
3476
3382
3273
3365
3495
3453
3478
3316
3382
3314
3222
3397
3510
3585
3440
3359
3437
3481
3406
3491
3473
3348
3326
3360
3539
3343
3441
3409
3505
3380
3407
3399
3323
3435
3430
3420
3383
3400
3370
3301
3353
3348
