10478
10622
10870
10508
10634
10529
10560
10683
10528
10659
10540
10634
10542
10634
10650
10658
10806
10709
10573
11051
10711
10794
10837
10838
10921
10993
10849
10953
10829
10809
10964
10934
10998
10811
11065
11193
10997
11193
11156
11139
11168
10972
11173
11186
11225
11333
11444
11208
11355
11497
11203
11335
11244
11298
11313
11374
11268
11686
11476
11554
11273
11428
11251
11620
11531
11234
11116
11313
11593
11311
11552
11273
11458
11610
11763
11764
11837
11716
11633
11981
12115
12073
12165
12121
11964
11850
12098
11752
11915
12059
11858
12393
11988
11957
12115
12024
12045
12090
12052
12119
12143
12230
12360
12070
12409
12261
12211
12320
12397
12476
12598
12366
12444
12466
12511
12938
12749
12774
12635
12451
12702
12750
12573
12719
12483
12893
12601
12601
12741
12789
13065
12898
12813
12972
12693
13151
13062
13006
13260
12876
13229
12837
13036
13186
13054
13032
12981
13335
13389
13073
13212
13147
13401
13466
13332
13358
13300
13227
13392
13700
13701
13580
13357
13543
13629
13727
13562
13764
13728
13839
13522
13686
13622
13756
13900
13943
13790
13649
13696
13912
13995
13759
13897
13822
14010
13965
14127
14249
14059
14011
14075
14172
14221
14266
14160
14381
14437
14255
14196
14502
14206
14364
14360
14333
14390
14710
14664
14466
14566
14613
14473
14372
14721
14555
14490
14662
14504
14746
14698
14813
14880
14637
14728
14624
14874
14725
14798
14933
15033
14993
14903
14973
15061
14733
15045
15055
14942
15133
15421
15275
15346
15444
15642
15444
15343
15693
15330
15316
15478
15309
15499
15678
15589
15578
15631
15704
15772
15439
15581
15721
15839
15568
15958
15868
16122
15897
15891
16164
15882
15970
16279
15917
16237
15882
16335
16296
16488
16223
16318
16444
16528
16502
16504
16289
16334
16221
16171
16077
16265
16292
16273
16315
16373
16593
16344
16640
16467
16872
16954
16978
16847
16883
16834
16992
17170
17035
16973
17024
17075
16911
17034
16738
16972
17134
17403
16994
17332
17144
17357
17420
17486
17405
17204
17258
17488
17750
17627
17613
17730
17824
17736
17628
17582
17780
17835
18012
17751
17810
18009
18195
17978
18176
17910
17892
17722
17828
17754
17935
17860
17813
17933
17656
17716
17611
17860
18031
17866
18420
18360
18414
18236
18450
18724
18309
18682
18925
18560
18840
18651
18629
18589
18476
18858
18768
18737
18566
18820
19104
18826
19205
18946
19307
19108
19244
19107
19265
19179
19304
19029
19411
19150
19354
19425
19785
19430
19435
19694
19540
19515
19458
19481
19930
19886
19701
19858
20016
19940
20061
19994
20040
20116
20034
20248
20040
20143
20018
19853
20157
20464
20437
20389
20425
20271
20498
20489
20526
20660
20602
20748
20855
20840
20986
20892
21063
21051
21242
21274
21087
21111
20941
21210
21076
21146
21133
21385
21258
21138
21084
21274
21403
21512
21433
21511
21501
21805
21817
21493
21877
21715
21632
21938
21935
21612
22203
21866
21933
22038
21767
21967
22202
22226
22218
22190
22004
22319
22153
22232
22310
22426
22490
22341
22576
22544
22774
22748
23166
22760
22886
22786
22971
22731
22804
23019
22989
23028
23032
23307
23142
23212
23257
23357
23245
23539
23258
23268
23529
23412
23226
23498
23374
23515
23607
23604
23642
23748
24039
23957
23666
24026
23994
24187
23918
23908
24164
23936
23880
23969
24328
24181
24430
24308
24447
24251
24390
24530
24333
24450
24584
24408
24734
24557
24820
24782
24840
24820
24891
24678
24848
24955
25457
25270
24518
25421
25489
25268
25469
25476
25412
25010
24900
25412
25460
25236
25322
25304
25517
25531
25497
25636
25834
25591
25893
25945
26237
25819
25919
25996
26478
26168
26246
26176
26088
26114
26550
26693
26329
26521
26398
26752
26483
26689
26481
26568
27130
26822
26935
26667
27076
27172
27222
26780
27130
27238
27341
27301
27237
27241
27018
27399
27576
27054
27493
27464
27515
27273
27907
27981
27712
27701
27707
27702
27700
28020
28028
28061
27585
27882
27593
27639
27326
27066
27197
27125
27062
27090
27770
27572
27936
28154
28768
28804
28765
28701
28666
28972
28893
28852
28681
29549
29316
29278
29201
29423
29302
29153
29467
29407
29580
29837
29702
29637
29820
29437
29800
29857
29748
29533
29992
29942
29286
30018
29725
29910
29952
30356
29994
30236
30242
30267
30385
30208
30298
30074
29916
30500
30956
30648
30658
30570
30848
30682
30889
31050
30980
31354
31054
30882
31156
31279
30853
31332
31284
31316
31232
30985
30710
31650
31104
31542
31679
31163
31574
31500
31986
32284
31955
32154
32120
32075
32206
32520
32570
32388
33056
32698
32367
32317
32530
32734
32664
32938
32138
32838
33067
32922
32727
33357
32605
33080
32958
33034
33400
33078
33064
33101
33293
33251
33554
33629
33572
33428
33734
33418
34197
34048
33656
34027
33590
34164
34140
33937
33725
33962
34214
34160
34422
34349
34619
34454
34292
34360
34621
34988
34612
34603
35272
35309
34767
35012
35085
34944
35211
35046
34856
35256
35128
35496
35960
35042
35096
35085
35690
35693
35430
35385
35572
35611
35625
35532
35912
36042
36230
35807
36005
36229
36037
36123
36102
36021
36277
36096
36445
36890
36708
36318
36268
36448
36517
36825
37231
37207
36845
37188
37120
36816
36809
36682
36980
37464
37438
36928
36842
36838
37105
37514
37409
37052
37481
37563
37293
37376
37664
37598
37888
37611
38187
37972
38144
38028
38034
37732
38027
38534
38329
38213
38600
38714
38830
38104
39215
38944
38712
39069
39275
38794
39428
39516
39322
39357
38912
38924
40098
39624
39414
39374
39497
39596
39722
39912
40193
39733
40272
40000
39789
40158
39606
39644
39708
40236
39557
39518
39860
38868
39300
39138
39719
39560
39593
40264
40406
40125
40064
40683
40778
41378
41163
41637
41344
41664
41178
40799
41669
41536
41338
41328
41645
41674
41492
41444
42201
41661
42059
41844
41610
42212
41816
42125
42205
42240
41600
42169
42276
41881
42216
41935
41835
42226
42152
42649
42194
42680
42774
42829
43205
42789
43080
43108
43189
43226
42764
43022
42866
42939
42875
43526
42854
43328
43321
43584
43178
43535
43830
44173
43922
44052
43664
44400
44376
44133
44031
44177
44025
43876
44098
44426
44612
44440
44201
44599
44074
44473
44308
44694
44613
44937
45030
44610
44678
44901
44772
45242
45363
45206
45184
45428
45261
45451
45860
45554
46293
46017
45546
45800
45408
45965
46056
45765
45385
45840
45243
45828
45882
45892
46031
45584
46198
46008
45782
46546
46504
46722
46402
46500
46701
46601
46302
46449
46768
46536
46951
46932
46509
46366
46075
46592
45786
45624
46444
46308
45642
46137
46224
46627
46484
46868
47444
47528
47152
47977
47629
48262
47819
47976
47641
48220
48400
47860
48212
47641
47696
48162
48265
48010
47800
47821
47618
47577
47336
47277
47459
46813
47299
47083
47066
47296
46859
46965
47097
46662
46968
46681
47338
47768
47684
48260
48276
48868
49116
48768
48561
48728
48621
48583
48849
48964
48121
47442
46250
45223
43524
43125
42925
42264
41216
39948
39233
38197
38885
39397
40452
41877
43045
44288
45188
47421
48596
50168
50564
51037
51142
51275
50578
51067
50712
50780
50042
50351
50326
50088
50264
49515
49730
50132
50548
50203
50452
50265
50276
50372
49852
49762
49500
49286
49844
49451
49472
49318
49636
49664
50526
50458
50708
50941
50468
51220
50921
51080
51013
50916
50596
50984
50680
50516
50444
50189
50444
50176
50413
50285
49853
50532
49836
50497
50562
50523
50240
50676
50715
50489
50896
50574
50106
50372
50338
50892
50452
50821
50969
50645
50225
50402
50324
50506
50432
50157
50780
49965
50442
50286
49664
50396
50077
50741
50584
50808
50752
50288
50566
50411
50268
50438
50664
50644
50820
50304
50496
50472
50585
50939
50573
50874
51004
51200
51549
51864
51402
51392
50989
51216
51309
51476
51514
50708
51408
50972
51130
51061
51318
51131
51420
51207
51234
51631
51437
51656
51595
52040
51675
51757
51764
51588
51488
50954
50252
49516
49128
48956
48580
48760
48427
47989
47182
47680
47771
48091
49033
50133
51098
51126
51034
50652
51028
50774
51236
50912
51078
51133
51216
50852
50843
50736
50996
51096
50545
50638
50816
50869
50644
50617
50678
50806
50701
51110
50600
51221
50549
50488
50071
49638
50106
50066
50312
50212
50100
49728
50004
49592
50217
50152
50295
50278
49771
50108
50182
50285
50368
49808
50378
50014
49641
49741
50224
50376
49995
50312
49803
49956
49741
49886
49408
49380
49696
50150
49818
50047
49818
49597
49924
49396
49572
49263
49706
49445
49944
49316
49139
49849
49465
49108
49408
49352
49890
49456
49148
49334
49161
49172
49094
49451
48928
49128
49408
49325
49484
48938
49156
49359
49370
48822
48794
48997
48708
48710
49102
49101
49108
48830
48698
48731
48941
48770
49093
48888
48516
49203
49023
48740
49164
48468
48474
48714
49146
48896
48796
47983
48740
48512
48872
48462
48660
48697
48696
48692
48085
48170
48308
48525
48268
48350
47932
48038
48333
48160
47520
47804
47972
47552
47864
48093
47931
47744
48164
47662
47725
48090
47672
47579
47508
47276
47011
47432
46251
46902
46310
46613
46984
46901
47404
46962
46713
46639
46053
45989
46344
46773
46728
46888
46734
46813
46886
46618
46780
46336
45881
45685
45756
45501
45284
45880
45914
45458
46253
45134
44981
45518
45749
45825
46346
45892
45602
46210
46077
45528
45645
45864
45919
45384
45218
45982
45980
45794
46208
45144
45604
45722
45480
45851
45442
45471
45611
45241
44900
44852
45112
45157
44955
45050
44878
45213
45194
44504
44356
44902
44564
44490
44548
44740
44360
44692
44436
44288
44054
44208
44040
43804
44548
44518
43914
43853
44260
43987
44160
44557
43706
44180
44036
43662
44089
43677
43784
44182
43899
44166
43656
43664
43898
43452
43357
43764
43353
43016
43428
43177
43546
43845
43416
43282
43456
43584
43348
43016
43018
43380
43588
43759
43472
43264
43338
43629
43455
43008
43176
43341
43246
42636
42825
42948
43316
42624
42877
42846
42894
42377
42546
42152
42496
42282
42517
42863
42619
42468
42779
42266
42674
42560
41898
42564
42096
42262
42192
42280
41967
42052
41908
41732
41932
42331
41812
42061
42120
41866
42227
42162
41886
41813
42116
42027
41817
41838
41604
41885
41760
41913
41846
41853
41461
41518
42045
41712
41882
41415
41304
41643
41626
41232
41524
41216
41726
41272
41793
41281
41180
41510
41608
41192
41508
41275
41216
41448
41352
40754
41157
41165
40549
40922
40452
41492
40853
41186
40413
40831
41216
41228
40790
40939
40870
40914
41106
40843
41037
40874
41079
40884
40498
40396
40783
40884
40540
39797
39680
39582
39323
39440
39670
39862
40298
39851
39690
39570
39284
39535
39412
40221
40430
40344
40880
40422
40452
40170
40640
40386
40180
40388
40284
40356
40196
40153
40122
40153
40012
39910
40412
39976
40058
40204
39965
39814
40020
39821
39972
39772
39844
39933
39648
39892
39628
39733
39853
39599
39965
39413
39859
39604
39540
39806
40052
39492
39308
40026
39670
39640
39756
39400
39738
39340
39846
39364
39279
39432
39540
39514
39639
39220
39689
39986
39634
39110
39684
39445
39424
39083
39150
39016
39389
39586
39316
39310
38793
39000
39246
38957
38932
38856
39198
39216
39451
39380
39224
38676
39256
38977
38621
38610
38976
38891
38798
38878
39404
38917
38932
39024
39339
39174
38925
39128
38712
38834
39116
38724
38735
38636
39099
38800
38488
39140
38722
38505
38482
38356
38253
38779
38868
38538
38646
38653
38350
38429
38596
38775
38712
38668
38658
38421
38436
38584
38601
38432
38708
38004
38325
38300
38439
38176
38605
38650
38628
38414
38255
38489
38590
38317
38652
38362
38209
38502
38603
38570
38452
38104
38234
38383
38836
38660
38372
38564
38107
38102
38637
38706
38298
38126
38368
38324
38470
38016
38733
37913
38335
38232
37952
38402
38460
38112
37875
38144
38385
38228
38327
38400
38234
37995
37943
38126
38070
38130
38088
37937
38155
37920
37440
37959
37764
37789
37929
38026
38233
37952
38282
38218
38058
37837
37709
37664
37842
37881
37796
37743
37332
37396
37556
37684
37942
37157
37362
37690
37658
37444
37017
37195
37605
37578
37966
37627
37598
37261
37549
37870
37643
37644
37300
37252
37231
37522
37940
37784
37563
37515
37700
37486
37477
37178
37460
37474
37130
37235
37163
37531
37828
37256
37504
37164
37268
37052
37309
37504
37356
37220
37589
37570
37252
37546
37384
37554
37679
37120
37224
37316
37339
37092
37226
37178
37181
37296
37284
37224
37120
36916
36993
36973
36996
37096
36978
36864
36836
36842
36943
36527
36595
36589
36517
36522
36191
36469
36262
36537
36701
36740
36566
36555
36106
36696
36260
36496
36732
36406
37229
36556
36858
36523
36621
36040
35872
36084
36069
36194
35642
35976
35924
35588
35561
35878
35505
35614
35577
35828
35636
35977
35623
35848
35752
36260
35925
36149
36522
36401
36201
36307
36177
36292
35958
36298
36216
36186
36320
36170
35852
36567
35940
35710
36118
35872
36021
35817
35882
36229
35640
35554
35851
35928
35860
35912
35956
35970
35796
35638
35968
35931
36234
35760
35608
35765
35972
35559
35524
35649
35848
35884
35750
35924
35216
35282
35194
35124
35002
35180
35538
35686
35311
35106
35472
35146
35311
35191
34749
35254
35478
35477
34684
35150
35264
35237
34970
35360
34849
35084
34980
34832
35213
34821
35160
34918
35341
34914
35016
35378
34731
34674
34653
34552
34624
34246
34612
34644
34359
34667
34630
34641
34308
34474
34490
34504
34432
34348
34496
34701
34783
34506
34411
33990
34564
34604
34176
34458
34361
34190
34262
34022
34427
34165
34560
34082
33857
33984
33922
33940
33988
33980
33965
33783
34073
33798
34203
33740
33802
34107
34278
33626
34127
33764
34130
33684
33716
33748
33700
33484
33930
33573
33605
33605
33572
34349
33629
33428
33692
33581
33721
33288
33657
33163
33700
33288
33446
33476
33320
33839
33524
33697
33704
33511
33483
33720
33774
33608
32940
32317
32266
31701
31496
31217
31720
31740
31786
31496
31232
31098
31081
31298
31268
31481
31938
31508
31812
31280
31499
31716
31436
31453
31233
31759
31471
31699
31082
31338
31268
31301
31710
31492
31489
31709
31001
31264
31296
31033
30813
30858
30872
30949
31100
30885
31153
31062
31098
31326
31052
31438
31649
31546
31753
31684
31438
31860
31840
31720
31990
32078
32257
32104
32792
32596
32260
32204
32740
32647
32491
32692
32600
32832
32447
32285
32217
32061
32236
31940
32154
31981
31792
31901
32006
32074
32245
31988
32008
32026
31988
32105
32264
32384
32206
32484
32997
32116
32352
32261
32256
32208
32188
32659
32345
32372
32204
32209
32308
32740
32532
32064
32182
32468
32392
32484
32313
32459
32159
32134
32004
32554
32244
31891
32292
32266
32274
32062
32490
32378
32384
32222
32431
32310
32071
32122
31872
32144
32037
31930
32083
32142
31883
32168
31812
31876
32261
32546
32776
32821
32220
32175
32084
32708
32648
32773
32710
32540
32731
32420
32588
32121
32428
32428
32306
32526
32492
32909
32378
32948
32837
32612
32557
32746
32878
33316
32876
33024
33082
32884
32796
33008
32836
32654
32609
32817
32441
33072
33216
32806
32516
33160
32693
32712
32603
32928
32930
33338
33115
33656
33610
33544
32997
33318
32973
33157
32844
33128
33921
34024
34484
34332
34524
34532
34048
34900
34307
34568
34362
34474
34738
34745
35510
35243
35194
34681
34925
35064
34288
34099
34255
34231
34751
34841
35003
34533
35209
34492
34230
34069
34158
34992
35328
35931
36210
36217
36134
36482
36122
36472
36326
36411
36505
36452
36624
36701
37000
36712
37005
37227
36981
37051
37400
37172
37067
37709
37902
37823
37976
37534
37957
38260
38004
38420
38504
38410
38570
38425
38496
38825
38699
39000
38912
39305
39554
39268
38440
38699
38548
38485
39181
39098
39627
40211
40037
39488
39113
38436
38708
38890
39514
40457
41050
41289
41618
42178
41957
41716
41608
41930
41610
41984
42132
42632
42664
42498
43136
43369
42908
42816
43122
43220
43328
43136
43832
42891
43385
43449
43883
43885
43961
44144
44612
44516
43648
43770
44218
44727
45378
45460
45312
45523
46090
45976
46064
46402
46134
46720
46404
46541
46708
47181
47118
47051
46989
46980
47721
47732
47067
48149
48429
47754
48156
48489
48697
49240
49119
49108
49464
49364
49280
49670
49636
49900
49867
50221
50186
50720
50628
51117
51176
50853
50644
50854
51692
51310
51732
51910
51738
51877
52614
52159
52345
52357
52676
52945
52989
53425
53712
53601
54194
53453
54264
54094
54400
54948
54186
54664
54724
54895
55077
55054
54823
55158
55401
55165
54914
55053
55394
54848
54602
53795
54468
55046
55734
56372
57242
57045
56864
57540
56925
56825
57508
57752
58340
57876
57728
57874
57680
58292
58634
58285
58862
58586
59348
59179
59024
59181
59247
59392
59402
59675
59408
59576
59736
59528
59874
60234
60440
60568
60884
61096
60713
61214
60602
61350
60980
61464
62070
62562
62294
62502
62511
62638
62741
63616
63094
63576
63195
63925
63326
63204
63622
63516
63560
63789
63781
63961
64109
63930
63644
64347
63328
63439
63522
64148
64959
65170
65535
65535
65535
65437
65535
65305
65222
65535
65535
65535
65535
65535
65535
65535
65535
65535
65535
65535
65535
65535
65535
65535
65535
65535
65535
65535
65535
65535
65535
65535
65535
65535
65535
65535
65535
65535
65535
65535
65535
65535
65535
65535
65535
65535
65535
65535
65535
65535
65535
65535
65535
65535
65535
65535
65535
65535
65535
65535
65535
65535
65535
65535
65535
65535
65535
65535
65535
65535
65535
65535
65535
65535
65535
65535
65535
65535
65535
65535
65535
65535
65535
65535
65535
65535
65535
65535
65535
65535
65535
65535
65535
65535
65535
65535
65535
65535
65535
65535
65535
65535
65535
65535
65535
65535
65535
65535
65535
65535
65535
65535
65535
65535
65535
65535
65535
65535
65535
65535
65535
65535
65535
65535
65535
65535
65535
65535
65535
65535
65535
65535
65535
65535
65535
65535
65535
65535
65535
65535
65535
65535
65535
65535
65535
65535
65535
65535
65535
65535
65535
65535
65535
65535
65535
65535
65535
65535
65535
65535
65535
65535
65535
65535
65535
65535
65535
65535
65535
65535
65535
65535
65535
65535
65535
65535
65535
65535
65535
65535
65535
65535
65535
65535
65535
65535
65535
65535
65535
65535
65535
65535
65535
65535
65535
65535
65535
65535
65535
65535
65535
65535
65535
65535
65535
65535
65535
65535
65535
65535
65535
65535
65535
65535
65535
65535
65535
65535
65535
65535
65535
65535
65535
65535
65535
65535
65535
65535
65535
65535
65535
65535
65535
65535
65535
65535
65535
65535
65535
65535
65535
65535
65259
64665
64778
64628
65535
65316
65282
65277
65535
65535
65535
65535
65535
65535
65535
65356
65535
64698
65535
65208
65323
65339
65222
64534
64453
64677
64804
64644
64391
64913
63925
63744
63616
63508
63716
62917
62740
63772
63652
63076
62740
62988
62826
62491
62381
61527
62221
62016
62369
62121
61707
61423
61016
61224
61299
60610
60868
60714
60704
60778
60448
60544
59948
60038
60299
59706
59424
58843
58365
57626
57690
57830
58349
58068
58009
57483
57545
58013
58106
57961
57145
57078
56644
56472
56212
56310
56303
56850
56348
56500
56010
56538
56105
55770
56314
55524
55327
55189
54925
54374
54949
54900
54820
54381
54682
53709
54100
53904
53332
53160
53296
53615
53830
53134
52704
52712
52452
52251
51930
52249
51328
51085
50892
51052
50525
50964
50580
50692
50312
50110
50733
50102
50288
50180
49844
49693
49606
49147
49157
48974
48603
48212
48885
48288
48132
48056
47672
47645
47584
47212
47097
47034
46592
46890
46614
46025
45846
45915
46003
45929
45661
45209
45312
44943
44943
44758
44778
44546
44324
44216
43690
43753
43407
43402
43238
43064
42754
42701
42476
42140
42005
41216
41098
41128
41149
41044
41444
41531
40322
39309
38789
38420
38837
39522
39753
40128
39684
39492
38995
39441
38740
39052
38644
38722
38657
38200
38196
38101
38098
37920
37675
37993
37286
37096
36812
36589
36559
36313
36416
35943
36152
35709
35242
35093
35097
34550
34868
34868
34824
34420
34122
33972
33796
33920
33668
33758
33510
32624
31305
30170
29684
28746
29465
30219
30980
31346
30908
31012
30784
30953
30905
30434
30692
30687
29976
30022
30174
29957
29652
29482
29033
29152
29070
28874
28517
28601
28124
27988
27965
27913
27319
27110
27350
26880
27130
26756
26572
26441
25803
26262
26185
25617
25665
25572
25387
25346
24797
24719
24675
24725
24311
24064
23858
23849
23850
23513
23253
23213
22932
22769
22620
22587
22308
22244
22308
21944
21982
21634
21423
21477
21474
20815
20799
20980
20764
20556
20445
20232
19988
20021
19745
19616
19325
18886
18462
18416
17805
17242
17198
17314
17426
17188
17108
17088
16961
16934
16844
16762
16474
16558
16209
16152
16155
16000
15844
15410
15446
15336
15010
14942
14949
15046
14932
14987
14761
14612
14432
14371
14261
14156
13789
13874
13831
13508
13378
13506
13188
13232
13318
13165
12789
12913
12811
12967
12432
12653
12459
12292
12253
12008
12159
11808
11585
11747
11703
11617
11333
11417
11165
11004
11129
11047
10839
10704
10440
10468
10463
10280
10116
10147
10148
10161
10250
10131
10005
9994
9806
9978
9645
9737
9668
9557
9732
9715
9559
9656
9598
9292
9351
9381
9239
9151
9214
9020
9051
9031
8900
8590
8626
8557
8509
8488
8483
8651
8426
8449
8030
7680
7394
7399
7428
7558
7856
7400
7637
7580
7652
7495
7466
7493
7636
7488
7326
7504
7424
7276
7076
7197
6986
6682
6750
6780
6645
6721
6798
6638
6774
6725
6582
6742
6802
6469
6636
6588
6534
6511
6271
6183
6477
6442
6351
6115
6400
6146
6107
6005
6080
5845
5765
6124
5821
5796
5959
5683
5807
5708
5742
5610
5608
5603
5524
5383
5434
5420
5441
5341
5467
5493
5345
5336
5293
5178
5213
5260
5188
5139
5066
5144
5087
5067
4935
5116
5038
4886
4825
4852
4919
5067
4883
4919
5018
4903
4910
4802
4746
4734
4873
4879
4649
4712
4647
4740
4656
4642
4509
4565
4458
4612
4635
4521
4450
4491
4542
4486
4420
4502
4433
4543
4396
4343
4437
4388
4292
4417
4277
4416
4282
4274
4328
4190
4390
4354
4192
4209
4261
4242
4123
4243
4111
4152
4104
4153
4094
4097
4203
4026
4034
3995
4043
4022
4029
4075
4059
3911
4018
3883
3995
3958
4027
3877
3952
3968
4006
4012
3977
3928
3953
3861
3789
3922
3782
3792
3832
3942
3965
3794
3836
3813
3813
3788
3846
3719
3764
3681
3859
3715
3872
3649
3723
3543
3669
3534
3618
3566
3649
3686
3764
3664
3570
3683
3614
3645
3720
3687
3669
3608
3633
3635
3458
3624
3622
3540
3596
3656
3542
3611
3540
3430
3593
3532
3527
3609
3564
3518
3581
3631
3559
3500
3463
3365
3511
3513
3602
3465
3547
3611
3598
3486
3498
3558
3511
3501
3586
3426
3457
3381
3454
3412
3550
3462
3478
3345
3388
3458
3323
3294
3477
3355
3404
3396
3487
3421
3362
3326
3470
3387
3383
3506
3384
3387
3227
3571
3327
3351
3433
3282
3381
