7238
7314
7328
7419
7385
7441
7460
7302
7234
7342
7365
7340
7421
7135
7201
7278
7329
7460
7432
7478
7400
7464
7374
7434
7449
7458
7511
7524
7361
7513
7598
7631
7586
7657
7326
7546
7610
7549
7700
7562
7822
7675
7854
7820
7689
7791
7680
7720
7846
7549
7739
7757
7704
7723
7798
7894
7699
7847
7774
8009
7748
7762
7784
7818
7900
7897
7827
7638
7787
7884
7966
7732
7770
7925
7981
7978
7910
8121
8010
7913
8090
8013
8237
8089
8171
8215
8238
8314
8311
8019
8233
8124
8386
8221
8106
8297
8290
8275
8294
8082
8292
8412
8320
8404
8302
8321
8345
8459
8668
8313
8756
8561
8396
8589
8508
8514
8495
8501
8614
8416
8537
8658
8720
8400
8737
8667
8667
8605
8758
8661
8804
8767
8811
8661
8861
8738
8885
8873
8725
8818
8847
8832
8835
8833
8895
9040
9005
8922
9000
9200
9199
8956
9315
9142
8950
9150
8980
9158
9129
9114
9159
9272
8985
9179
9275
9582
9168
9273
9313
9158
9227
9269
9335
9407
9287
9301
9434
9338
9307
9386
9504
9444
9191
9489
9476
9516
9447
9696
9632
9508
9501
9535
9674
9588
9683
9545
9649
9586
9808
9615
9447
9741
9664
9837
9778
9871
9599
9751
9773
9878
9809
9764
10132
9887
10182
9946
10166
9732
9915
9893
10259
10042
10032
10069
10043
10091
10243
10163
10119
10261
9858
10038
10227
10176
10006
10116
10114
10359
10086
10390
10273
10304
10274
10211
10297
10526
10432
10359
10521
10283
10520
10542
10292
10529
10472
10596
10580
10596
10470
10600
10757
10886
10731
10568
10692
10623
10868
10748
10760
10740
10859
10793
10921
10904
10838
10862
11231
10948
11057
10899
10970
10878
10952
11149
10996
10940
10858
11201
10922
10864
10950
10904
10944
10950
11063
11388
11157
11316
11242
11404
11389
11229
11355
11078
11147
11444
11254
11336
11260
11400
11328
11392
11485
11579
11272
11584
11634
11510
11693
11560
11620
11742
11750
11704
11358
11812
11663
11741
11541
11655
12146
11772
11679
11694
11724
11721
11812
11873
11754
11748
11989
11802
11767
11881
12012
11979
11823
11652
11983
11864
11899
11680
11946
11784
11725
11980
12130
12243
12239
12506
12403
12370
12228
12475
12598
12264
12425
12523
12368
12714
12537
12574
12603
12660
12462
12640
12442
12727
12491
12494
12535
12605
12912
12649
12746
12832
12988
12873
13016
12667
12718
12936
12975
12597
12855
12708
13249
12968
13122
12946
13090
12851
13094
13157
13081
12945
13012
13086
13230
13190
13360
13344
13276
13458
13316
13441
13511
13389
13566
13474
13326
13568
13430
13737
13700
13675
13554
13760
13483
13550
13804
13824
13642
13784
13867
13918
14044
14020
14066
13857
13814
13876
14047
14067
13918
13881
14009
13999
14087
14102
14156
14037
14112
14235
14340
14185
14412
14297
14420
14142
14379
14372
14399
14410
14471
14592
14392
14452
14610
14432
14388
14649
14308
14814
14768
14630
14665
14858
14738
14743
14989
14979
14914
14863
14595
14971
14929
14925
14964
14962
15083
14790
15240
15063
15151
15032
15260
15238
15249
15446
15076
15389
15275
15172
15025
15424
15149
15377
15403
15431
15190
15507
15219
15560
15675
15436
15432
15767
15541
15669
15653
15850
15641
15517
15742
15837
15962
15740
15742
15991
15872
15944
16007
15967
15877
15929
16265
16024
15896
15927
16225
16285
16192
15988
15900
16026
16105
16477
16279
16261
16386
16212
16265
16410
16509
16409
16391
16570
16494
16651
16441
16912
16621
16656
16489
16367
16484
16661
16564
16777
16960
16861
16966
16984
17150
16941
17300
16906
16770
16810
17026
17001
17101
17252
17118
17279
17408
17338
17232
17418
17289
17334
17362
17226
17339
17476
17314
17394
17546
17466
17404
18025
17854
17342
17563
17643
17705
17664
17798
17846
17882
17992
17709
17636
17984
17820
18091
17850
18156
18218
17858
18291
18247
18134
18327
18011
17914
18228
17826
17572
17781
17554
17327
17804
17740
17686
18011
17972
18552
18622
18624
18668
18534
18834
18712
18851
18701
18961
18940
19098
18891
19068
19336
19006
19293
19196
19174
19233
19085
19428
19384
19170
19101
19513
19332
19229
19562
19254
19364
19528
19325
19290
19335
19439
19767
19256
19592
19449
19242
19226
19533
19578
19830
19594
20084
20079
19914
19753
19824
19891
19824
19947
19963
20013
20032
20131
20190
20361
20104
20029
20066
19985
20049
19636
19877
20265
20037
19912
20093
20141
20612
20494
20242
20437
20652
20830
20672
20602
20828
20913
20813
20916
21004
21172
21126
20712
20756
21178
20773
20963
20602
21082
21186
21140
21144
21264
21224
21086
21527
21101
21141
21151
21319
21720
21436
21422
21704
21702
21652
21280
21676
21465
21456
21663
21826
21802
22020
21693
21869
21925
21927
21900
21960
22100
22326
22151
22109
21972
22123
22089
22016
22228
22244
22254
22227
22684
22500
22474
22390
22698
22605
22603
22606
22885
22227
22458
22281
22217
22645
22706
22499
22658
22361
22639
22966
22578
22664
22513
22753
22967
22973
22903
23066
23121
23310
23124
23056
23268
23255
23140
23360
23349
23384
23349
23216
23300
23413
23624
23460
23668
23946
23746
23666
23624
23888
23885
23533
23794
23776
23976
23718
23755
23694
23850
23886
23834
24025
23576
23609
23852
23764
24118
24109
24314
24375
24160
24225
24261
24326
24378
24562
24471
24208
24361
24577
24192
24720
24710
24493
24412
24944
24845
24603
24741
24543
24594
24874
25012
24933
25095
25037
25041
25217
25278
25202
24832
25418
25289
25082
25292
25244
25088
25291
25378
25550
25414
25323
25581
25332
25259
25060
25061
25162
25056
25434
25025
25106
25019
25266
25572
25812
25714
25887
26185
26287
26196
26138
26342
26338
26396
26356
26422
26295
26676
26426
26860
26333
26452
26208
26493
26464
26285
26484
26784
26616
27042
26708
26965
26801
27042
26701
26709
26472
26678
26539
26866
26864
26944
27222
26916
27255
27394
27080
27489
27858
27350
27125
27359
27177
27524
27365
27257
27315
27582
27465
27558
27776
27398
27611
28029
27613
27757
28049
27818
28244
28073
28164
27924
27937
28214
28037
28145
28288
28236
28262
28297
28428
28428
28005
28426
28292
28573
28282
28612
28372
28372
28614
28774
28561
28361
28644
28857
28425
28857
28932
29124
28992
29338
29048
28876
29237
29374
29333
29200
29018
29194
28968
29191
28800
29076
28845
29048
28948
29306
29424
29101
29322
29720
29269
29424
29451
29161
29584
29882
29796
29932
29929
30016
30169
29995
29866
30357
29705
29318
29444
29772
29384
29467
29612
29410
29604
29549
29850
29896
30634
30600
30661
30756
30213
30590
30722
31254
30802
30568
30388
31197
31026
31029
30856
30754
30765
31015
30724
30840
30820
30540
30684
30950
30732
30159
30440
30761
30218
30401
30094
29868
30097
29894
30082
30157
30653
30632
30816
30871
31016
31451
31526
31444
31706
31625
31705
31770
31599
31268
31412
31474
30808
30470
29365
28874
28096
27275
26452
25817
25092
24048
24233
24666
24776
26176
27016
28238
29051
30056
31178
32288
32860
33156
33369
33288
33163
33448
33444
33290
32805
32968
33012
32964
33123
32824
32796
33142
32778
33234
33164
33078
33138
33090
33006
32458
32592
32800
32588
32734
32856
32517
32629
33053
32948
32948
33323
33744
33722
33422
33801
33528
33705
33642
33693
33828
33677
33835
33604
33838
33961
33870
33626
33629
33450
33381
33428
33718
33997
33912
33862
33922
33716
33803
33873
34304
33892
33849
33880
33822
34011
33885
34502
34613
34169
34328
34132
34088
34401
34087
34532
34293
34167
34240
34168
34372
34096
34920
34125
34354
34484
34706
34386
34336
34498
34365
34683
34548
34072
34868
34504
34592
34725
35072
34709
35003
35214
35036
35821
35471
35520
35364
35554
35660
35593
35413
35803
35409
35750
35892
35227
35464
35279
35549
35928
35712
35693
35981
35892
36108
35894
35930
35995
35865
36108
36359
36563
35904
36104
35736
35208
34614
34560
34095
33981
33826
33684
33200
33387
34196
34696
35245
36032
36352
36557
36130
36516
36507
36526
36178
36864
36813
36516
36999
36498
37034
37235
36708
36515
37120
36618
37005
36772
36950
36725
36468
36758
36626
37136
36734
36884
36918
37018
36992
36744
36846
37142
36998
37056
36953
36976
37278
36666
36870
37072
36907
36756
36937
37249
37096
37559
37321
37659
37288
37847
37445
37524
37345
37050
37086
37784
37288
37184
37676
37352
37369
37873
37664
37655
38144
37644
37197
37842
38052
37724
37855
37732
37734
38093
38070
37598
37716
37937
37673
37685
37543
37774
37766
37980
38084
38067
37784
37975
38331
37756
37924
38409
38091
38312
38020
38426
38455
38233
37991
38518
38260
38630
38756
38386
38510
38467
38719
38436
38163
38404
38472
38488
39124
38608
38817
38714
38751
39060
38500
38938
38961
39232
38816
38960
38860
39342
39172
39308
39040
39540
39476
39237
39088
38970
39748
39471
39263
39501
39168
39027
38980
39236
39342
39620
39384
39009
39269
39274
39308
39286
39339
39254
39642
39544
39197
39508
39371
39585
39464
39300
39144
39705
39274
38991
39133
38692
39237
38985
39685
39140
39216
39120
38930
39573
39355
39542
39384
39482
39492
39765
39442
39876
40276
39661
39248
39579
39642
39010
38794
39067
38922
38924
39173
38736
39042
39428
39696
39739
39754
39738
39909
39886
39793
39976
39970
39945
40064
39754
39958
39784
40015
39883
39883
40102
40166
40244
39919
39757
40120
40345
39988
40367
40200
39938
39670
40044
39821
40065
39916
40192
39956
39926
40292
40216
39905
40361
40265
39876
39993
39732
39894
40103
40222
40054
40027
39798
40017
40026
40245
40014
39898
40024
40741
40333
40113
40364
40727
39926
40364
40292
40103
40404
40644
40117
40260
40228
40077
40448
40294
40520
40192
40074
40440
40390
40356
40270
40304
40218
40471
40250
40242
40192
40462
40489
39896
40128
40660
40309
40571
40717
40260
40458
40567
39956
40105
40329
40642
40148
40352
40554
40596
39980
40714
40628
40596
40516
40179
40298
40192
40330
40478
40537
40648
40335
40874
40807
40416
40594
40348
40356
40700
40264
40556
40364
40655
40654
40887
40699
40322
41062
40320
40480
40811
40960
40443
40270
40276
40448
40885
40837
40437
40522
40696
40365
40669
40965
40960
41088
41152
41626
40985
41056
40996
40900
41261
40889
40620
40752
41236
40801
40484
40484
40618
41044
40647
40652
40368
40526
40553
40459
40852
40709
40824
40852
40906
40813
40221
40948
41058
40471
40909
40794
40619
40651
40489
40462
40933
40678
40842
40984
40769
40650
40432
40596
40468
40712
40918
40596
40927
40813
40783
39732
39976
39157
39706
39104
39441
39396
39066
39341
39485
40270
40232
40842
40971
40779
40742
40769
40733
40686
40500
41063
40726
40804
40788
40464
40618
40397
40256
40218
40244
40541
39852
40162
40368
40491
40332
40109
40528
40178
40624
40217
40169
40128
40229
40379
40377
39925
40474
40203
40296
40053
40670
40162
40322
40155
40493
40116
40212
40101
39798
39797
39778
40122
40322
40237
40336
40088
39788
39946
40116
40217
40148
39960
40164
39807
40417
40180
40022
40082
39863
39844
40100
39897
39811
39881
39772
40032
40457
39947
39925
39684
39823
40016
39882
39710
39824
40085
39863
39712
39924
39924
39663
39703
39496
39488
39894
39862
39673
39796
39534
39672
39683
40073
39933
39882
39552
39563
39542
39700
39406
39524
39396
39604
39492
39437
39214
39318
39593
39240
38952
39419
39060
39168
39168
39296
39412
39396
39239
39556
39354
39360
38965
39268
39560
38988
39104
39223
39306
38986
39168
39396
38858
39415
38836
39122
39092
39500
38838
39410
39381
39076
39000
38847
38682
38573
38927
39128
38920
38634
38724
38519
38337
38788
38964
38617
38714
38878
38657
38783
38970
38468
38491
38091
38410
39109
38520
38383
38638
38265
38280
38264
38210
38510
38413
38127
37780
38189
38391
38458
38237
38270
38028
38335
38116
38092
38122
37670
37730
38053
37992
37720
37629
38376
37879
37956
37741
37352
37789
37572
37880
37549
37243
37236
37574
37273
37588
37328
37352
37362
37060
37025
36297
37041
37228
37300
37060
36599
37148
36946
36869
36886
36884
36888
37002
36968
37036
37306
37037
36843
36677
36430
36429
37068
36610
36799
36374
36962
36546
36116
36260
36260
36186
36308
36296
36637
36292
36392
36184
36181
36259
36358
35692
36420
36042
36480
36041
35604
36253
35740
35990
36235
35509
36008
35957
36012
36266
36036
36078
35722
35355
35102
35261
35260
35752
35344
35560
35459
35260
35309
35240
35373
35203
35226
35232
35033
34602
34601
34484
34711
34959
34796
34957
34265
34637
34830
34754
34330
34605
34788
34230
33908
34468
34332
34805
34412
34616
34472
34216
34092
33879
33636
33163
33388
33003
32896
32820
32795
32877
32717
33125
32662
33024
32872
33024
32960
32921
32851
32882
32619
32954
33024
33516
33122
33355
33503
33478
33229
33124
32724
33331
32542
32884
32636
32668
32202
33261
32531
32500
32130
32646
32534
32324
32237
32450
32250
31849
32256
32017
31960
31869
32219
32160
32235
31570
32140
32000
31796
31560
31834
31466
31727
31465
31748
31781
31847
31400
31447
31576
31371
31080
30724
30509
30670
30502
30669
30672
30925
30521
30339
30589
30900
30617
30493
30853
30346
30600
30308
30340
30152
30310
30187
30088
30116
29960
29446
29878
29925
29553
29944
29701
29652
29713
29525
29778
29290
29527
29523
29241
28876
29302
29261
29084
29049
28768
29226
28778
28884
28777
28734
28910
28836
28701
28632
28732
28629
28411
28356
28264
28160
28230
28150
28566
28199
28130
27893
28027
28334
28277
27825
28138
27559
27733
27706
27429
27337
27752
27538
27348
27140
27144
27409
27159
26952
26948
27462
27268
27176
27008
26915
27122
26516
26933
26804
26834
26653
26996
26341
26484
26064
26150
26213
26085
26270
26101
25915
26256
26080
26005
26098
26328
26180
25865
25959
25984
25830
25738
25866
25618
25846
25395
25697
25665
25438
25304
24915
24584
23977
23647
23380
23691
23492
23739
23694
23460
23334
23223
23541
23753
23453
23690
23437
24042
23364
23417
23444
23348
23343
23316
23268
23228
22901
23012
23048
22875
23172
22932
22964
22630
22810
22429
22602
22534
22572
22642
21981
22356
22092
22235
22459
22430
22127
22333
22463
22258
22096
22329
22392
22447
22500
22411
22700
22784
22690
22799
22820
22842
23272
22662
22735
22610
22696
22922
22909
22811
22612
22662
22784
22420
22449
22468
22437
22315
21813
21844
21687
21547
21635
21612
21977
21749
21418
21456
21597
21911
21853
21609
21565
21908
21893
21752
21591
21627
21730
21398
21629
21512
21265
21317
21273
21147
21095
21225
21092
21266
20984
21358
21328
21151
20852
20818
20588
20757
20616
21063
20449
20701
20736
20986
20592
20415
20746
20774
20410
20445
20546
20576
20343
20557
20312
20300
20226
20101
20263
20154
20042
20032
20261
20315
20320
20141
20002
19991
20010
20136
20093
20158
20153
20029
19792
20128
19865
19880
19884
20069
19451
19232
19556
19770
19807
19750
19648
19578
19485
19308
19693
19369
19473
19696
19503
19605
19221
19451
19480
19640
19546
19326
19240
19291
19193
19302
19056
19092
19364
19059
19357
19099
19245
19181
19186
19291
18873
19120
19482
19224
19129
18780
18928
19082
18975
18996
18947
19435
19412
19209
19638
19575
19284
19365
19312
19464
19144
19242
19156
19524
19256
19384
19205
19220
19277
19383
19343
19300
18830
18666
18869
18894
18938
19028
19050
18974
18566
18971
18931
19172
19284
19183
19716
19413
19314
19964
19666
19996
19712
19714
19605
19695
19412
19592
19822
19546
19668
19652
19689
19404
19591
19933
19815
19861
19677
19688
19501
20009
19635
19523
19853
19935
19844
20114
19934
20228
20091
19930
20014
20049
20341
20072
20237
20302
20222
20194
20317
19823
19776
19668
19992
19803
20232
20073
19564
19814
19618
19705
20112
20170
20736
20639
20858
21325
20844
21052
21204
20842
21119
21418
21210
21444
21422
21367
21640
21328
21108
21429
21632
21339
21516
21685
21737
21558
21422
21412
21773
21698
21760
21760
22035
21860
21653
22095
21813
22095
22697
22381
22349
22120
22542
22349
22529
22505
22690
22751
23015
22987
22660
22830
22868
22866
23170
23131
23026
23364
23415
23078
23797
23525
23547
23689
23572
23667
23808
23852
23985
24022
24053
23793
24090
24436
24244
24490
24470
24570
24640
24973
24445
24684
25033
24904
24981
25081
24749
25213
25332
25120
25336
26024
25314
25293
25513
25700
25322
25728
25900
25912
26165
26136
25830
26185
26170
26345
26478
26468
26284
26596
26840
26713
26423
26490
26818
27369
26836
26631
26473
26865
26279
26105
26220
26412
26856
27264
27677
27956
27712
27492
27579
27492
27922
28049
27835
28212
28160
28146
28011
28447
28607
28906
28996
28473
28488
28472
28757
29108
28623
29084
29044
29295
28774
29045
29366
28949
29630
29370
29086
29595
29611
29956
29942
29996
29519
29786
30166
30016
30036
30056
30398
30765
30964
30344
30290
30947
30645
30848
31332
31384
30881
30928
31235
31572
31205
30954
31315
31254
31410
31044
31352
31251
31067
31361
31538
31770
31668
32004
31968
32521
31942
32200
32350
32539
32164
32138
32605
32350
32404
32519
32432
32690
32818
32771
32651
32746
32756
33133
33267
32875
33171
33145
33210
33723
33162
33578
32936
33061
33752
33224
33428
33797
33782
33647
33638
34194
34002
34445
34509
33958
34233
33989
34717
34210
34860
34521
34456
34865
34730
34553
34928
34795
34944
35018
35247
34708
35001
34845
34922
34548
35156
34852
35019
35097
35229
35426
35078
35279
35589
35408
35544
35629
35715
35992
35430
35828
36097
36005
35812
35775
35797
35732
35917
36405
35896
36020
35772
35960
36187
36058
36695
36453
36296
36292
36265
35888
36436
36240
36265
36409
36260
36100
36075
35920
36157
36400
36420
36550
36600
37192
36703
36521
37223
36752
36901
36980
36955
37220
36678
37120
36763
36917
36948
36992
36928
36932
36817
36928
36875
36812
37063
37072
36423
37106
36891
37031
37233
37389
37179
36845
36972
36964
37174
36852
36852
36868
36735
36941
37162
36919
36566
36957
36490
37120
37148
37186
37248
37184
37355
36742
37294
36852
36897
36820
37146
36853
36960
36893
36873
36730
37064
37278
36699
37069
37061
36549
36812
37128
36442
36360
36888
37060
37162
36854
36966
36541
36374
36654
36585
36847
36468
36747
36964
37261
36745
36594
36842
36740
36396
36325
36473
36178
36538
35947
36186
36056
36068
36243
35846
36341
35480
36160
36180
36070
35476
35758
35275
35635
35269
34918
34976
35024
35084
35304
35370
35012
35526
35336
35213
35024
34960
34989
34632
34762
34161
34346
34384
34148
33936
33956
33848
33726
33792
33615
33920
33964
34003
34048
34292
34188
34052
34228
34380
34012
34050
33884
33688
33475
33574
33849
33730
33419
33536
33246
33053
33445
33376
33309
32621
32970
33332
32698
32256
32356
32304
32404
32360
32519
32178
32166
32148
32040
31675
31913
31793
31624
31208
31650
31706
31770
31314
31524
31140
31167
30920
31000
30850
31000
30852
30898
30792
30721
30060
30372
30365
30242
29953
29294
28962
29209
28724
29236
29092
29164
29056
29151
28992
29101
29093
29071
28441
28713
28277
28072
28069
28406
28171
28048
27776
28034
28314
27962
27982
27432
27732
27561
27538
27319
27450
27057
27093
26960
27228
26852
26880
26770
26880
26657
26460
26438
26318
25750
26083
26026
25840
25932
25706
25412
25710
25396
25398
24981
24994
24619
24898
25076
24785
24485
24904
24423
24549
24770
24308
24269
24231
23996
24237
23909
24192
23435
23593
23747
23500
23151
23364
23188
23040
22829
22807
22848
22586
22510
22506
22526
22609
22276
22246
21780
21735
22114
22080
21733
21701
21589
21424
21531
21520
21037
21039
21225
20653
20696
20718
20952
20624
20372
20356
20482
20253
20056
19880
19344
19373
19220
19457
19510
19804
19567
19188
18469
18254
18108
18328
18688
18222
18878
18803
18607
18409
18325
18479
18276
18349
18011
18126
17988
17928
17890
17773
17699
17604
17886
17386
17610
17256
17308
16719
16871
16653
16640
16804
16704
16397
16305
16228
16186
16196
15906
16147
15930
15740
15796
15773
15757
15370
15402
15331
14900
14172
13908
13582
13568
13501
13929
14018
14253
14365
14460
14332
14267
14286
14107
14143
14011
13946
13960
13777
13769
13640
13602
13188
13010
13166
13327
13247
12856
12822
12867
12979
12816
12458
12600
12378
12324
12292
12084
12093
11992
12101
12011
11710
11649
11700
11623
11599
11202
11238
11123
11610
11205
11336
11054
10833
10866
10940
10693
10520
10360
10478
10485
10412
10229
10312
10090
10309
10083
9967
9888
9686
9925
10008
9683
9524
9547
9499
9417
9212
9351
9156
9344
8921
8935
8818
8714
8326
8117
8250
7964
8114
7725
7887
7868
7983
7728
7773
7853
7876
7775
7718
7749
7665
7706
7576
7457
7348
7374
7266
7032
7203
7275
7077
7015
6914
6958
6803
6831
6849
6621
6761
6708
6678
6701
6650
6356
6402
6561
6257
6340
6314
6301
6268
6070
6036
6070
6118
6148
5914
5968
5957
5856
5771
5748
5644
5550
5687
5649
5721
5532
5593
5625
5501
5440
5412
5310
5437
5260
5101
5222
4943
5142
5006
4977
5174
4961
4981
5060
5021
4990
5024
4989
4929
4957
4955
5030
5005
5010
4934
4902
4801
4641
4726
4680
4806
4525
4683
4681
4543
4492
4569
4601
4524
4612
4556
4405
4598
4510
4430
4304
4006
3963
4046
4159
3942
4150
4155
4184
3985
4002
4018
4086
4130
3932
4177
4252
4021
4148
4090
3907
3723
3721
3737
3820
3663
3873
3738
3821
3884
3734
3771
3775
3774
3763
3816
3789
3734
3741
3642
3676
3645
3585
3593
3680
3584
3450
3475
3442
3410
3498
3507
3519
3371
3350
3533
3461
3429
3422
3320
3377
3312
3398
3339
3292
3112
3309
3216
3286
3296
3294
3243
3229
3266
3038
3139
3031
3210
3178
3007
3066
3103
3081
3136
3016
3228
3086
3083
2976
2965
3182
3059
3117
3034
2988
3014
2975
3010
2998
2880
2982
2869
3010
2939
3057
2879
2978
2966
2909
2950
2813
2878
2943
2886
2874
2737
2801
2781
2807
2994
2792
2728
2879
2834
2915
2841
2765
2814
2810
2744
2770
2830
2725
2756
2724
2745
2801
2730
2789
2732
2768
2721
2635
2661
2763
2817
2710
2767
2714
2702
2686
2660
2676
2573
2609
2633
2614
2718
2601
2714
2731
2691
2693
2730
2651
2747
2707
2622
2665
2666
2703
2460
2626
2637
2614
2644
2640
2588
2604
2570
2507
2543
2578
2572
2504
2537
2562
2557
2610
2591
2505
2529
2473
2439
2639
2486
2585
2597
2557
2477
2550
2468
2334
2595
2589
2523
2509
2476
2382
2615
2437
2492
2507
2504
2544
2500
2528
2427
2420
2541
2430
2571
2584
2404
2415
2555
2450
2519
2433
2506
2494
2471
2532
2560
2484
2437
2480
2450
2497
2440
2460
2429
2517
2432
2460
2441
2446
2448
2436
2462
2571
2355
2401
2436
2411
2501
2374
2283
2364
2287
2324
2408
2335
2434
2434
2404
2377
2284
2458
2299
2350
2468
2349
2406
2414
2399
2414
2529
2405
