11932
11770
12100
12225
12221
12124
11836
11964
12261
12370
12108
12348
12153
12028
12142
12000
12230
12248
12297
12263
12159
12546
12316
12451
12438
12600
12604
12260
12344
12391
12396
12482
12731
12454
12826
12762
12657
12722
12545
12664
12693
12600
13022
12597
12411
12726
12660
12989
12859
12763
12884
12859
13021
12965
12959
13149
13180
12921
13285
13090
13166
12940
13037
12977
12766
13168
12940
12536
12922
12916
12971
13042
13232
13364
13188
13378
13245
13270
13426
13541
13592
13544
13576
13710
13430
13618
13644
13621
13644
13871
13784
13652
13915
14026
13681
13672
13872
13806
13748
13854
13741
13835
14206
13809
14101
13972
13988
13996
14111
14168
14276
14322
14333
14102
14341
13991
14245
14465
14488
14379
14317
14419
14532
14277
14720
14512
14695
14718
14553
14705
14940
14671
14732
14798
14720
14808
14652
14709
14854
14830
15064
14885
14977
14993
14785
14829
14967
15026
15106
15036
14993
14977
14987
15402
15316
15433
15132
15188
15301
15556
15333
15261
15294
15482
15652
15528
15517
15602
15812
15948
15714
15821
15697
15749
15714
15543
15510
15864
15537
15906
15920
15804
15652
15837
15957
16097
16086
16233
16052
16078
15897
16290
16350
16201
15949
16268
16386
16379
16397
16366
16298
16475
16307
16554
16374
16456
16247
16498
16468
16749
16838
16996
16692
16596
16769
16955
16665
16752
16939
17080
17016
16827
17005
16980
16900
17062
16867
17001
17253
17277
17256
17409
17314
17266
17055
17252
17437
17696
17279
17448
17567
17609
17349
17608
17684
17507
17578
17734
17755
17506
17468
17678
17913
18018
17786
17837
17992
17702
17651
17890
18249
18293
18141
18030
17997
18176
18172
18473
18296
18252
18580
18520
18688
18270
18700
18583
18469
18603
18566
18532
18752
18917
18825
18874
18701
18636
18545
18582
18768
18383
18496
18500
18688
18688
19012
19076
19286
19620
19400
19653
19480
19202
19291
19488
19353
19261
19658
19297
19904
19355
19435
19659
19724
20134
19780
19803
19988
19624
19815
20114
19926
19722
19641
19996
20104
20232
20331
20250
20317
20178
20218
20090
20091
20318
20045
20420
20367
20508
20443
20239
20718
20376
20663
20822
20553
20215
20618
20505
20407
20288
19884
20302
20246
20135
20562
20381
20659
20714
20602
20906
21244
21114
21226
21349
21146
21239
21285
21268
21591
21374
21330
21224
21327
21671
21429
21580
21214
21628
21577
21740
21414
21783
21700
21855
21782
21861
22234
22165
22101
22149
21908
22220
22229
22453
22250
22218
22502
22414
22810
22358
22669
22635
22810
22650
22414
22452
22685
22920
22793
22958
22980
23226
22898
23144
22898
22860
23445
23170
23268
23419
23133
23310
23278
23229
23244
23686
23272
23571
23604
23548
23640
23513
23751
23948
23786
24068
24154
23796
23884
23940
23978
24285
24033
24165
24011
23918
24541
24366
24592
24448
24756
24677
24477
24690
24570
24835
24757
24772
24896
24759
24832
24608
25037
25497
24788
24833
24952
25013
24939
24982
24896
24860
25284
25194
25403
25459
25549
25627
25710
25858
25539
25469
25604
25670
25646
25783
25796
26009
25832
25924
26185
25881
26342
25994
25896
26403
26402
26392
26112
26522
26261
26244
27016
26415
26688
26437
26628
26607
26652
26648
27068
27114
26738
27145
26914
27126
26936
26991
27172
27300
27404
27433
27161
27202
27379
27509
27616
27334
27127
27618
27504
27402
27920
27879
27661
27754
27852
27851
27746
27692
28192
27996
28314
28296
28072
28354
28322
28621
28344
28604
28493
28504
28571
28928
28605
28628
28617
28777
28781
28789
28708
28635
28859
29053
28875
28897
29194
29165
28928
29164
29056
29417
29516
29195
29621
29462
29409
29742
29646
29721
29876
29426
30002
29899
29905
30080
30016
30088
30114
29988
30302
30484
30178
30174
30326
30472
30554
30600
30624
30709
30744
30922
31105
30989
31344
30996
30969
30805
31292
31057
31580
31275
31388
31396
31526
31554
31310
31286
31613
31552
31884
31823
31884
31642
31756
31908
31282
31277
31273
31128
30808
30568
30564
30815
30772
31090
31193
32073
32222
32755
32613
32658
32606
32449
32952
32759
33414
32825
32876
33364
33269
33024
33186
33197
33272
33529
33398
33562
32942
33858
33348
33232
33455
33457
33291
33714
33705
33756
33700
33046
33780
33877
34048
33883
33780
33899
34025
34048
33646
34304
34336
34344
34048
33970
34561
34388
34664
34661
34554
34644
34502
34537
34646
34980
35052
34994
35333
35202
35277
35453
34628
35234
35246
34792
35044
34999
35144
35322
35172
35813
35436
35478
35790
36242
36178
36147
36416
36146
36352
36388
36774
36534
36538
36831
36717
36557
36225
36384
36224
36697
36493
36898
36416
36864
36965
36957
37081
37076
36602
37340
37339
37413
37218
37531
37549
37626
37902
37855
37784
37668
38054
37494
38424
38454
37869
38550
37636
38162
38124
38091
38386
38379
38234
38132
38663
38340
38857
38456
38836
38376
38710
39096
39276
38889
39251
39012
39498
39168
39290
39200
39296
39528
39512
39275
39312
39691
39302
39632
39595
39478
39670
39213
39749
40150
39796
39621
39657
39804
40203
39765
40091
40124
40309
40192
40624
40418
40923
40333
40220
40431
40466
40614
40684
40584
40378
40745
40751
40713
40699
40844
41334
41161
41190
41261
41365
41338
40932
41348
41560
41814
41719
41565
41476
41402
41236
41482
41576
41472
41240
41848
41654
42065
42004
42157
42436
42454
42632
42267
42456
42340
42326
42876
42162
42372
42712
42724
42908
42874
42710
42917
42926
43628
42874
42852
43304
43302
43033
43829
43453
43678
43912
43720
44058
43498
43892
43725
43819
44023
43537
43997
44169
44177
43950
43813
43682
43922
44012
43996
43635
43618
43728
43492
43390
43466
43321
43193
43831
44040
44032
44336
44552
44416
44682
45496
44949
45321
44748
45706
45312
45632
45292
45707
45224
45622
45653
45672
45472
45597
45658
45748
45357
45812
45625
45636
46006
46097
45722
45748
46681
46400
46176
46625
45882
45706
46009
45600
46388
46404
46608
46831
46340
46971
46570
46904
47209
47300
46779
46904
47049
46861
46596
46942
46876
46763
46872
46885
46720
46941
47255
47543
47372
47872
46857
47220
47497
47608
48024
48180
48027
48051
48119
48352
47800
48013
48070
48057
47769
47894
47917
48306
47938
47832
47880
48032
48073
48347
48445
47861
48063
48599
48914
49004
48741
48708
48990
48823
48804
49167
49318
49248
49434
49258
48941
49125
48996
49098
48589
48840
48921
48541
48754
48664
49080
48864
48902
48932
49037
49506
49357
49010
49032
49501
49880
49975
49700
49601
49468
49531
49778
49581
49753
49938
49892
48854
48670
48836
48690
48532
48957
48516
48952
49464
49298
49760
50316
50143
50304
50413
49944
50665
50560
50308
50056
50335
50342
50516
49998
50608
50006
50204
49792
50406
50618
50565
50440
49573
50327
50100
49997
49544
49452
49652
48752
48891
48757
48256
48725
48540
48644
49243
48708
49110
49670
50106
50525
50240
50532
50310
50950
51025
51101
50138
50176
50109
49809
49653
49152
48084
46468
45368
44646
43066
41410
39973
38847
37658
38175
38596
40048
41419
43482
45092
47200
48573
49536
51564
51649
52015
51996
51668
51346
51469
51492
51566
51364
51616
51151
50852
51165
50848
50806
50764
51000
51151
51053
50736
51160
50600
50212
49871
50062
49732
49584
49653
49738
49892
49606
49938
49668
50784
50626
50326
50362
51157
50568
50360
50340
50768
50860
50324
50721
50473
50676
50116
50138
49796
49525
49237
49555
49744
49488
49253
49288
50202
49828
49805
49743
49627
49210
49336
49231
49547
49288
49610
49559
49755
49126
49764
49998
49301
49082
49352
49040
49248
49156
49292
48723
48861
47888
48728
48617
47869
48738
48641
48427
48984
48768
48706
48186
48012
48459
48103
48155
48256
48331
47940
48333
48093
48640
48904
48653
48384
48660
48982
48570
48504
48846
48404
48761
48640
48225
48385
48212
48182
47880
48256
48312
48077
48246
48224
48119
47682
48436
47892
48010
47690
47925
47386
47904
48396
47668
47938
47143
46153
45169
44746
43840
43464
43149
43048
43503
43593
44891
44596
45769
46070
46509
46416
46498
46613
46069
45988
45984
45770
46393
45868
46144
46232
46344
46155
46062
45590
45465
45448
45620
45632
45402
45350
45278
44986
45012
45525
44852
45428
44724
44767
44236
44376
44840
44313
44268
43924
43864
44097
44004
43996
43592
43489
43439
43618
43511
44304
43660
43462
43276
43445
43404
42742
43122
42577
43592
42820
43203
42496
42884
42582
42845
42549
42546
42322
42488
42845
42342
42159
41994
41767
41902
42059
41032
41322
41620
41569
41524
41364
41290
41596
40884
41271
40635
40643
40893
40320
40644
40858
40392
40331
40128
40090
40021
40140
39963
40012
40082
39625
39296
39626
39144
39812
39291
39309
39168
39097
38852
38832
38661
39145
38960
38674
38786
38706
38282
38491
38662
38437
38182
38228
37949
37970
37748
38060
38180
37525
37632
37972
37704
37730
37254
37560
37073
37097
36634
36802
36164
36528
36549
36226
35925
36040
35739
36394
35987
35754
36020
35466
35402
35493
35127
35564
35257
35368
35072
35226
34684
34918
34906
34708
34630
34267
34404
34221
34328
33764
33600
33010
32762
32639
33249
32938
33242
33078
33129
32854
32735
32720
32265
32552
32757
32673
32566
32193
32285
32128
32007
31766
31504
30872
30649
30912
30470
30976
30486
30584
30984
30791
30825
30820
30618
30352
30196
30317
30218
30152
30068
30220
30117
29659
30104
29558
29428
29472
29242
28834
29121
29424
28839
28883
28819
28696
28686
28586
28539
28249
28371
28432
28242
27973
27829
27652
27605
27589
27704
27284
27154
27172
26998
27136
26898
26903
26541
26657
26400
26534
26184
26240
26424
25876
25952
25781
26018
25866
25664
25384
25709
25614
25225
25866
25109
24933
24960
25088
24768
24791
24444
24292
24507
24521
24408
24237
24028
24314
24173
24128
23802
24169
23730
23390
23523
23633
23177
22785
23125
23165
23012
23139
22784
22777
22667
22563
22560
22644
22579
22255
22569
22225
22234
21898
22147
21926
21881
21924
21962
21322
21217
21444
21636
21114
21402
21300
21348
21633
21175
21336
20736
20698
20601
20546
20721
20528
20168
20179
20293
20214
20106
20000
20105
19960
19746
19988
19819
19869
19459
19732
19528
19422
19274
19291
19390
19309
19152
19062
19222
19104
19011
18928
18671
19037
18885
18373
18533
18441
18525
18456
18337
17931
18205
18059
18192
17671
17755
17837
17769
17853
18051
17704
17892
17633
17209
17233
17129
17210
17080
17501
17294
17215
16964
16906
17018
16716
16970
16717
16940
16665
16443
16629
16447
16345
16349
16360
16375
16349
16220
16213
16564
16170
16054
16275
16148
15808
15603
15410
14950
14925
15139
15444
15262
15561
15736
15340
15424
15304
14982
15154
15349
15442
15424
15443
15461
15064
14592
14929
14761
15042
14841
14837
14813
14757
14675
14610
14380
14452
14274
14313
14319
14334
14442
14461
14465
14394
14200
14412
14421
14295
13995
14063
13878
13898
14028
13896
13696
13659
13766
13970
13810
13434
13660
13573
13641
13625
13725
13631
13552
13346
13304
13288
13349
13538
13298
13362
13327
13192
13308
13248
13286
13242
12918
13319
13172
12933
13313
12958
12886
13104
12652
12689
12653
12645
12604
12881
12736
12783
13050
12701
12973
12810
12605
12800
12545
12514
12253
12521
12456
12316
12508
12829
12601
12482
12630
12593
12461
12377
12442
12381
12314
12231
12510
12370
12183
12259
12384
12101
12242
12305
12364
12432
12126
12011
12197
12207
11995
12026
12079
12173
12221
12277
12057
11961
12081
12097
11913
11944
11937
11915
12007
12191
11695
11882
11756
11924
11735
11786
11901
12035
11964
11821
11943
11800
11732
11983
11731
12038
11712
12020
11866
11938
11842
11758
11741
11776
11976
11920
11857
11900
11603
11828
11595
11776
11779
11823
11946
11911
11652
11647
11856
11730
11550
11877
11631
11897
11649
11558
11677
11876
12103
11784
11914
11922
11757
11780
11879
11951
11633
11654
11950
11819
11693
11869
11819
11751
11719
11660
11914
11959
11691
11803
11694
11643
11670
11811
11864
12054
11878
11989
11915
11791
11694
11886
11675
11705
11762
11922
11913
11851
12014
11861
12010
11908
11672
11966
12117
11960
12106
12132
11992
11985
12159
12003
12172
12196
12218
11959
11920
12057
12049
12019
12235
12053
11957
12017
12204
12100
12379
12222
12094
12198
11999
12125
12243
12142
12430
12441
12396
12304
12392
12207
12511
12380
12255
12480
12376
12570
12411
12714
12458
12444
12559
12500
12505
12489
12266
12838
12737
12550
12578
12544
12465
12666
12561
12605
12757
12785
12726
12476
12570
12819
12768
12624
12791
12682
12545
12987
13009
12754
12891
12806
12932
12909
12710
12776
12978
12895
13044
12704
12955
12914
12756
13273
12937
13065
13022
13185
13000
13077
12936
13011
12821
12601
12708
12752
12662
12717
12878
12892
12726
13054
12976
13258
13202
12911
13076
12814
12993
13322
13053
13163
13329
13385
13392
13517
13550
13586
13484
13403
13562
13492
13464
13371
13340
13622
13647
13513
13508
13430
13772
13679
13480
13513
13540
13537
13906
13462
13479
13584
13847
13628
13731
13616
13638
13812
13876
13787
13995
13934
14026
13808
13956
13869
13806
14122
13943
13999
13712
13705
13992
13533
13908
13752
13888
13804
14016
13913
13751
13814
14097
14233
14271
13824
14041
14148
13957
13934
13964
14049
13955
14011
14370
13854
13913
14185
14417
14349
14166
14317
14506
14237
14164
14454
14034
13977
14096
14167
14305
14269
14183
14133
14445
14468
14452
14324
14293
14106
14528
14605
14537
14370
14365
14359
14420
14425
14506
14469
14387
14673
14321
14539
14389
14578
14545
14480
14428
14570
14214
14534
14485
14408
14623
14502
14776
14516
14522
14612
14742
14529
14607
14624
14730
14489
14654
14772
14624
14610
14702
14653
14717
14811
14890
14676
14669
14712
14671
14640
15060
14949
14750
14772
14946
14820
14804
14920
14872
14783
14953
15036
14949
15094
14684
14920
14964
14872
15027
14824
14999
15158
15161
15186
15076
14758
14486
14476
14500
14358
14433
14552
14126
13956
14356
14189
14218
14583
14794
14655
14368
14482
14509
14566
14678
14642
14644
14993
14980
14937
14682
14907
14592
14736
14661
14516
14602
15049
14937
14823
14916
14768
14692
14561
14987
14814
14598
14830
15033
14901
14989
14861
14834
15167
14925
15111
14960
15085
15223
15400
15171
15498
15386
15499
15524
15657
15742
15744
15923
15750
15828
16024
16037
15686
15851
16011
16160
15962
16117
16014
15952
16016
15850
15740
16021
15814
15861
15912
15828
16024
15732
16068
16353
16151
16361
16009
16092
16258
16022
16597
16412
16357
16396
16376
16452
16570
16388
16640
16631
16201
16479
16695
16523
16462
16614
16676
16589
16653
16740
16872
16612
16733
16741
16730
16756
16846
16903
16826
16817
17046
16921
17124
16978
17040
17340
16834
17028
17417
17333
16982
16945
17172
17428
16997
16990
17106
17046
17307
17192
17533
16932
17537
17745
17431
17728
17380
17540
18022
17823
17908
17880
17914
17898
17981
17869
18024
17722
17839
17780
17966
18083
17828
17812
17972
17936
18038
18317
18546
18309
18413
18264
18491
18480
18618
18198
18538
18484
17978
18748
18441
18538
18508
18784
18912
18631
18617
19128
18965
19049
18892
19016
18868
18963
18980
19447
19157
19102
19078
18955
19400
19426
19523
19791
20073
19945
19728
19654
20142
20142
20005
20136
20269
20373
20578
20409
20504
20462
20544
20738
20752
20934
20706
20624
20613
20450
20608
20911
20708
20610
20900
20520
20299
20614
20886
21101
21521
21768
21609
21642
21702
22268
22212
22186
22292
22135
22412
22389
22509
22593
22567
22683
22893
22965
23160
22833
23227
23362
23168
23126
23497
23376
23228
23752
23596
23923
23821
24044
24067
24074
24042
24026
24254
24582
24660
24388
25135
24971
25037
25040
24728
25066
24950
25197
25038
25485
25114
25626
25326
25181
24926
24299
24755
25220
25725
26252
26685
26784
26954
26891
27024
27437
27285
27386
27276
27547
27516
28084
27980
28305
28244
28548
28358
28485
28736
28945
28847
28994
28672
29298
28933
29563
29357
29312
29422
29780
29534
29658
29592
30153
30091
30724
30530
30901
30940
31053
30952
31558
31060
31719
31320
31817
32201
31880
32101
32020
32406
32377
32619
32354
32697
32905
33549
33108
33468
33701
33647
33809
34088
34249
34304
34425
34952
34776
35116
35030
35195
35643
35321
35614
35869
35802
35578
36122
36402
36554
36829
36774
36772
36731
37156
36985
37451
37462
38069
37858
37899
37643
38292
38365
38418
38809
39124
39336
39208
39403
39849
39381
39663
40064
40324
40202
40170
40415
40661
41051
40858
40784
40758
40938
40486
41070
40918
40676
40365
39962
40836
41364
41692
42661
42908
42848
42829
43024
42906
43020
43156
43520
44029
43300
44010
44264
44020
44304
44749
44756
44532
45185
44932
45748
45140
45258
45162
45530
45714
45890
45274
45810
45782
46124
46091
46564
46773
46733
46674
47248
47136
47284
47684
47616
47543
47816
48384
49016
48565
48740
48473
48555
48876
49572
49812
50118
49463
49623
49866
49872
49938
50384
50283
50041
50616
50378
50234
50262
50842
50565
50376
50389
51476
52044
51720
52324
52326
52352
52746
52422
52746
52687
52906
52846
52516
53162
52520
53190
53360
53210
53957
53716
53268
54041
54006
54349
54085
54516
54560
54324
54928
55016
54796
54708
55093
54612
54162
54948
54878
55898
56178
56472
56278
56481
56494
56516
56277
56152
56475
57284
56767
57512
57436
57188
57691
57556
57306
57051
57274
57898
57668
57833
58456
57898
57929
58010
57856
58188
58580
57786
58144
58357
59175
58852
59018
58762
58944
59332
59483
59580
59492
60114
59648
59672
59446
59835
60180
60006
60012
60509
60708
60550
60336
60124
60229
60672
60200
60157
60964
61062
60347
60712
60968
61568
61014
60730
60472
61021
61170
61307
61034
61147
61333
61008
61374
61434
61496
61893
62248
62198
61992
61898
62380
62600
62080
62008
62216
62532
62528
62216
62316
62134
62408
62268
62950
62144
62455
62424
63324
62812
63012
62837
62576
62412
62212
62424
62342
62640
62347
62731
62752
62335
62556
62628
62650
63032
62916
62756
62890
62584
63332
62940
62820
62922
63291
63050
62460
63056
62431
63358
63252
62976
63135
62666
62776
62624
63012
62740
63172
62532
62892
62447
62104
62839
62390
62772
62520
62333
63226
62950
62394
62200
62774
62638
61974
62720
62358
62852
62453
62301
62363
62468
62680
62440
62236
61260
62555
62084
62132
62632
61632
61716
61606
61708
61716
61749
61781
61450
61541
61661
61165
60893
60728
60442
60250
60197
59789
60240
60328
60420
60458
60045
60351
60304
60516
60452
59701
59629
59599
59425
59492
59259
58847
58724
58557
58532
57994
57368
57389
58069
57940
57865
58436
58538
58090
58629
58410
58580
58986
58050
58314
58690
58539
57828
58084
57562
58106
57856
57956
57508
57170
57271
57082
56757
56622
57176
56512
56652
56472
56148
55912
55990
55926
55442
56048
55528
55229
55213
55104
55424
54917
54848
54400
54596
54796
54580
54143
53974
54506
53624
53655
53679
52706
53380
53348
53099
53318
53248
52810
52580
52456
52617
51751
51633
50459
50712
50240
49706
50446
50125
50411
50005
50344
50164
50304
50132
50341
49382
49387
49224
48617
48552
48779
48484
49135
48900
48423
48872
48557
48107
48053
48308
47943
47575
47308
46916
47124
46996
47018
46888
46932
46381
46062
45801
45668
45736
45876
45408
45442
44987
45266
45229
44380
44405
44426
44418
44138
43638
43416
42891
43486
42973
42991
43212
42318
42422
43353
42356
41933
42252
41769
41652
41824
41403
41855
41113
41178
40890
40564
40420
40333
40588
40096
39882
39860
40100
39245
39156
39152
38924
38744
38384
38653
38260
38457
37998
37524
37796
37338
37510
37464
36819
36748
36472
36299
36678
36138
35899
35704
35995
35364
35448
35434
34978
35086
34978
34454
33844
33626
33385
33373
33426
33614
33076
33131
32358
31822
31040
31284
31656
31921
32493
32242
31576
32007
32175
31892
32008
31803
31723
31009
30796
30852
31060
30730
30103
29832
29928
30024
29924
29677
29250
29211
28811
28875
28428
28663
28358
28661
28341
28079
27663
27444
27598
27283
27497
27489
27307
27020
26784
26802
26734
26369
26128
25348
24445
23738
22740
22986
23109
24104
24200
24008
24650
24334
24302
24196
24025
23906
23724
23757
23428
23266
23396
23095
23057
22925
22588
22531
22206
22152
22018
21728
21606
21636
21346
21406
20984
21136
21154
20909
20757
20074
20432
20429
20038
20085
19645
19570
19171
19254
19177
19030
18858
18756
18809
18088
18102
18393
18048
17707
17896
17946
17509
17630
17516
17435
17157
17181
16973
16941
16640
16238
16489
16292
16315
16340
16188
15709
15554
15793
15267
15098
15266
15069
14799
14859
14476
14760
14303
14064
13766
13570
13433
13061
12800
12864
12660
12693
12864
12750
12811
12637
12649
12520
12326
12586
12449
11994
11825
11809
11780
11524
11316
11570
11190
11500
11130
11170
11092
10995
10885
10725
10673
10644
10395
10372
10451
10281
10328
10063
9972
9947
9930
10012
9731
9646
9600
9515
9631
9566
9350
9262
9333
9388
9087
9015
8855
8708
8848
8590
8606
8569
8541
8548
8460
8192
7991
8058
8220
7866
7991
7794
7940
7650
7591
7460
7513
7405
7630
7547
7563
7489
7578
7361
7451
7455
7364
7597
7281
7330
7193
7269
7112
7221
7060
6966
6959
6906
6870
6829
6890
6895
6723
6571
6517
6437
6574
6582
6480
6450
6340
6424
6174
5985
5810
5594
5691
5996
5830
5975
5792
5804
5866
5824
5747
5797
5851
5607
5878
5650
5704
5597
5671
5443
5539
5311
5128
5128
5206
5145
5213
5193
5186
5387
5127
5132
5105
5212
5110
5124
5089
5025
5092
4991
4965
4887
4798
4881
4731
4667
4864
4751
4666
4695
4693
4681
4622
4614
4534
4633
4754
4444
4570
4573
4510
4379
4524
4471
4454
4404
4439
4379
4303
4445
4236
4144
4173
4182
4180
4208
3971
4099
4059
4221
4040
4108
4019
4064
3945
3883
3944
4114
4012
4062
3926
3943
4015
3995
3818
3898
3852
3893
3877
3775
3967
3882
3880
3746
3754
3773
3698
3732
3698
3855
3754
3782
3717
3622
3732
3673
3644
3737
3629
3609
3587
3645
3621
3505
3568
3571
3530
3443
3537
3462
3499
3597
3581
3463
3344
3500
3545
3480
3386
3485
3522
3386
3222
3464
3323
3308
3307
3422
3388
3220
3367
3353
3341
3321
3415
3249
3338
3241
3179
3370
3259
3293
3366
3228
3062
3380
3362
3269
3231
3244
3345
3224
3142
3157
3137
3204
3217
3237
3109
3175
3168
3228
3111
3100
3181
3082
3136
3098
3137
3103
3089
3018
2992
3016
3075
3037
3078
3019
3031
3064
2988
3031
3061
3063
3138
3009
3147
2980
3135
3071
3155
3082
3009
2987
3040
2916
2934
2980
3071
3080
3062
2870
3014
2882
3010
3118
2973
2972
2975
2934
2967
2910
2982
2723
2944
2912
2837
2880
3004
2886
2932
3072
2948
3009
2961
2954
2951
2922
2795
2985
2929
2803
2947
2833
2868
2873
2900
2913
2929
2927
2839
2903
2909
2798
2854
2950
2781
2785
2872
2702
2796
2862
2910
2851
2839
2939
2942
2892
