11789
12104
11877
12113
12107
12158
12024
12022
11977
12002
12011
12255
12225
12189
12254
12253
12148
12366
12389
12426
12423
12367
12384
12377
12312
12420
12213
12221
12372
12758
12718
12350
12713
12504
12744
12785
12728
12851
12664
12644
12722
12951
12673
12641
12800
12731
12783
12848
12618
12981
12742
13072
13048
13160
12800
13118
13213
13064
13132
13160
13301
13101
13160
12912
13045
13082
13049
13071
12954
13039
13179
13201
13243
13386
13334
13277
13389
13647
13682
13705
13697
13531
13936
13689
13760
13761
13587
13711
13908
13547
13934
13536
13830
13894
13762
13778
13913
13963
13808
13813
13778
13979
13902
14172
14024
14121
14278
14239
14220
14316
14141
14508
14153
14182
14153
14416
14372
14500
14303
14333
14592
14631
14489
14802
14603
14728
14405
14817
14711
14466
15028
14943
15034
15006
14834
14836
14833
14844
15038
14890
14899
15148
14925
15065
14989
15187
15201
15037
15120
14988
15259
15095
15222
15214
15309
15474
15548
15563
15346
15447
15397
15549
15592
15464
15506
15408
15584
15693
15584
15721
15729
15665
15632
15743
16076
15679
15877
16083
15919
15671
16093
15901
16021
15862
16122
15839
15961
16475
16335
16037
16142
16323
16309
16115
16199
16470
16138
16260
16484
16231
16362
16228
16328
16586
16417
16356
16844
16525
16722
17006
16983
16761
16553
16640
17034
16574
16871
16617
16768
17114
17114
16747
16873
17266
16806
17177
17385
17202
16985
17140
17057
17144
17485
17547
17187
17380
17391
17445
17233
17529
17294
17646
17569
17581
17556
17417
17776
17604
17732
18072
17830
17920
17856
17780
18017
17897
18097
17732
18157
18221
18045
18148
17740
18112
18162
18347
18337
18459
18421
18464
18373
18819
18409
18806
18518
18648
18971
18568
18954
18768
19000
19067
18730
18863
18741
18702
18505
18619
18693
18820
18636
18846
18637
18850
18968
19060
19215
19412
19352
19452
19353
19552
19162
19231
19450
19741
19526
19652
19377
19446
19391
19705
19617
20027
19875
19476
20008
20070
19899
19734
20061
20134
20129
20421
20107
19885
20347
19976
20191
20102
20206
20209
20055
20242
20194
20158
20221
20712
20385
20818
20729
20767
20712
21065
20764
20412
20698
20501
20350
20443
20402
20226
20253
20374
20864
20650
20821
21026
21218
21138
21060
21040
21420
21180
21130
21181
21282
21564
21174
21122
21409
21407
21546
21640
21562
21830
21636
21672
21860
22218
22058
21763
21861
21948
21832
22039
21752
22049
22194
22134
21952
22290
22545
22346
22379
22304
22243
22434
22486
22320
22852
22525
22692
22641
22795
22703
22954
22821
22609
22969
23237
23177
23293
23289
22757
23083
23160
23315
23061
23068
23158
23348
23430
23482
23445
23556
23565
23498
23587
24044
23700
24004
23981
23762
24028
23899
24277
24156
24283
24132
24106
24059
23966
24708
24511
24613
24394
24422
24596
24642
24372
24438
24539
24776
24704
25015
24845
24495
24697
24683
25016
24973
25034
24853
24911
25423
24860
25259
25190
24932
25334
25358
25701
25652
25482
25359
25260
25146
25933
25856
25818
25608
25689
25926
25882
25867
25876
25920
26228
26112
25902
26300
26463
26129
26260
26429
26354
26688
26524
26164
26221
26612
26557
26566
26722
26822
26612
26880
26443
26848
26714
26591
26901
26910
26884
26996
27213
27057
26860
27446
27098
27348
27227
27527
27136
27960
27631
27704
27891
27690
27503
28028
27641
27510
27720
27810
28021
27808
27596
27673
28046
28077
28200
28394
28132
28244
28072
28814
28020
28683
28560
28724
28524
29070
28583
28928
28649
29298
28565
28948
28973
29021
28813
28985
28737
29226
28917
29285
29212
29023
29227
29232
29460
29245
29385
29940
29073
29734
29562
29509
30151
29884
30201
29942
30059
30178
30090
29992
30600
30353
30196
30582
30631
30314
30500
30749
30653
31084
30886
30745
30762
30981
30754
30779
31317
30679
31048
31274
31512
31403
31503
31264
31216
31559
31369
31724
31684
31929
31736
31525
31692
32074
32110
31822
31422
31413
31434
30991
31132
31285
30881
30924
30516
31097
31154
31150
31595
32074
32402
32478
32653
32520
32656
32539
32989
32642
33014
33569
33221
33512
33344
33353
33268
33358
33496
33188
33709
33723
33764
33480
33874
33901
33672
33600
33472
33490
33824
33816
34028
33866
34116
33825
33876
34205
33659
34082
34029
34354
34218
34285
34254
34316
34456
34538
34759
34906
34602
34670
34948
34630
34854
35290
34842
34746
35367
35300
35619
35521
35612
35085
35228
35101
34996
34756
34604
35092
34778
35509
35174
35562
35395
35908
36120
36580
36282
36559
35722
35924
36074
36538
36873
36714
36712
36864
36965
36902
36490
36799
37120
36794
36810
37230
36708
36741
37292
37217
37291
37284
37161
37612
37307
37248
37813
37396
37781
38060
38144
37472
37876
38048
37144
37672
38102
38118
38250
38430
38464
38113
38324
38178
38623
38884
38598
38318
38646
38673
38586
39179
38891
39093
38954
39316
39023
39255
39393
39712
38904
39414
39858
39424
39645
39558
39434
39854
40470
40022
39508
39682
39499
39876
39572
39628
39798
39568
39630
39932
39499
39739
40040
40164
40004
40420
40459
40322
40361
40618
40507
40749
40670
40809
40788
40416
40951
41090
41005
40960
40973
41226
40864
41280
41449
41263
41236
41589
41506
41429
41480
41472
41514
41961
41830
41460
41553
41773
41844
41972
41453
41774
41975
41709
41512
41504
41755
42010
42664
42488
42984
42596
42596
42314
42763
42756
42581
42586
42911
42776
42964
43198
42984
43083
43544
43450
43236
43330
43831
43416
43834
43428
43860
43822
43316
44102
43796
44298
43972
43548
43572
44059
44072
44568
43789
44102
43805
44397
43895
44052
44485
44341
43781
44303
43979
44096
43474
43572
43469
43584
43769
44188
44347
44501
44200
44656
44924
45269
45400
45408
45771
45483
45522
45852
45482
45771
45863
45548
45660
45165
45890
45608
45513
45664
45776
46228
46353
46324
46506
46011
46304
46234
46579
46386
46586
46292
45748
45866
46628
45978
45990
46253
46720
46763
46592
46928
47191
47396
46975
47092
46856
47126
47078
46922
47472
46728
47214
46975
47004
46973
47204
47184
47274
47212
47476
47535
47888
48079
48070
47595
48013
48036
47953
48095
48468
48347
48392
48106
48347
48683
48299
47944
48589
48404
48464
48621
48197
48089
48350
48138
48324
48594
48709
48688
49044
49133
49053
48935
48864
48564
49112
49472
49542
48902
49504
49186
49529
49352
49322
49220
49177
49021
48624
49018
48884
48701
49578
48858
49184
49524
49013
49706
49508
49777
49245
49970
49634
50053
49805
49936
49975
50280
50374
50212
49778
49736
49655
49417
48897
48838
49348
49130
48987
48494
49033
49370
48809
49509
50261
50368
50244
50309
50608
51060
51003
50688
50724
50349
50646
50308
51082
50652
50123
50589
49972
50637
50730
50434
50060
49832
50601
50432
50059
49552
49552
49193
49162
49356
49398
48724
48460
48780
49272
49416
49014
49380
50088
50392
50498
50996
50612
50621
50905
50794
51316
50854
50620
50312
50109
49812
49280
47816
46874
45098
44444
43480
41690
40283
38794
38298
37849
38728
39798
41589
43490
45673
47062
48358
49560
51725
52068
51928
52072
52213
52589
51976
52022
51483
51440
51152
51554
51484
51132
50671
50818
50730
50924
51306
51216
51179
51129
50598
50560
50468
50125
49756
49538
49313
49476
49805
50189
50580
50075
50644
50824
51076
50951
50856
50714
50823
50800
51060
50950
50629
50784
50372
50660
50111
50138
49860
49764
49674
49928
50134
49544
49466
49666
49819
49882
50444
49796
50070
49936
49722
49704
49560
49803
49837
49646
50041
49544
49560
49487
49995
49408
49304
49635
49408
49336
49344
48708
48889
49101
48516
48843
48384
48921
48905
48918
48662
48785
48761
48840
48460
48704
48756
48352
48372
48022
48640
48532
48403
48901
48640
48844
48284
48477
49062
48781
48706
48660
48564
48644
48920
48790
48714
48582
48089
48200
48488
48070
48314
48388
47894
48018
47936
48031
47820
48025
47912
48107
48025
48075
48516
48133
47862
47688
45930
45700
45120
44098
43944
43614
42919
43016
43690
43984
44935
45777
46377
46841
46596
46557
46908
46336
46254
46534
46740
46316
46661
46410
45899
46361
46173
45544
46242
45816
45810
45826
45912
45448
45469
45588
45406
45131
44877
45108
45076
44368
44845
44762
44449
44378
44872
44317
43941
44011
44344
43621
44246
43997
43909
43830
43785
43300
43590
43680
43892
43709
43786
43863
43176
43720
43275
43264
43025
43156
42396
42624
42536
42484
42728
42473
42444
42509
42542
41797
42253
41828
42240
42329
42164
41994
41373
41594
41385
40989
41176
41194
41844
41418
41500
41040
41270
40776
41347
41088
40528
40668
40858
40452
40093
40525
40361
40297
39579
39737
39764
39720
39988
39573
39596
39290
39488
39460
39080
39098
39348
38889
39180
38991
38800
38361
38844
38812
38265
38877
38530
38392
38128
38164
38164
37837
38233
38077
37421
37632
37796
37662
37691
38025
37376
37620
37453
36932
37082
36633
36814
36589
36606
36142
36224
36120
35958
36077
35888
35654
36020
35864
35679
35819
35516
35496
35392
35322
34992
35061
35379
35026
34689
34440
34598
34694
34334
34187
33804
33392
33129
32776
33098
33046
33316
33162
33181
33226
33002
32872
32758
32876
32956
32575
32916
32457
32346
32549
32228
32072
31748
31425
31088
30868
30953
30792
30850
30730
30875
30707
31109
30573
31049
30828
30564
30431
30422
30002
30121
30315
30394
30173
29832
29917
29852
29481
29535
29478
29103
29263
29109
29321
28906
28970
29053
28610
28651
28692
28309
28512
28135
28090
28144
27968
27450
28126
27620
27749
27186
27588
27432
27179
27115
27026
26906
26596
27008
27001
26362
26217
26227
26538
26291
26048
26150
25973
26209
25658
25364
25524
25484
25333
25256
25323
25442
25270
25473
24896
25128
24594
24581
24960
24660
24364
24228
24065
24171
23929
24111
24148
24255
23872
23778
23556
23334
23659
23317
23466
23269
23563
23136
23062
22730
22734
22763
22844
22377
22331
22604
22533
22246
22316
21967
22170
21988
21789
22200
21810
21824
21460
21277
21158
21446
21277
21420
21133
20966
20934
21141
20955
20748
20626
20772
20614
20420
20436
20588
20401
20343
20104
20084
19986
20072
19987
19832
19669
19871
19321
19860
19712
19451
19391
19366
19595
19032
19119
19338
19031
18980
18669
19432
19034
19037
18300
18422
18683
18382
18429
18255
18285
17965
18201
18314
18154
18184
17622
17821
17725
17788
17670
17709
17800
17753
17536
17467
17432
17401
17214
17257
17199
17083
16971
16934
17037
16801
16730
16830
16640
16863
16804
16759
16391
16365
16343
16501
16281
16348
16328
16466
16141
16240
16076
15924
16106
16093
15587
15197
15163
15156
15073
15202
15367
15301
15333
15396
15264
15147
15190
15357
15310
15280
15338
15246
15044
15077
14972
14845
14966
14951
14713
14720
14770
14816
14786
14570
14742
14676
14515
14600
14491
14392
14369
14514
14450
14337
14089
14112
14193
14196
14154
13938
14132
13934
13851
13748
13700
13771
14239
13733
13563
13795
13484
13550
13593
13685
13820
13585
13532
13531
13430
13437
13367
13373
13297
13306
13340
13268
13456
13129
13156
13232
13072
13197
13220
13171
13129
13051
13254
13053
12857
12824
13069
12854
13096
12912
12898
13034
12666
12938
12838
12740
12695
12749
12726
12601
12352
12467
12548
12680
12507
12376
12618
12308
12448
12330
12493
12429
12589
12356
12436
12424
12276
11941
12458
12404
12640
12249
12198
11949
11984
12202
12094
12170
12244
12073
12285
12162
11960
12241
11864
11995
12314
11899
11928
12137
12034
11940
12172
11823
11958
11874
11794
11946
11904
11930
11885
12108
12013
11819
11862
11833
11861
11939
12110
11904
12113
11810
12011
12100
12135
11979
11823
12070
11810
11807
12052
11866
11853
11893
12021
11669
11623
11809
11852
11743
11887
11818
11797
11785
11690
11604
11797
11778
11696
11759
11854
11707
11678
11840
11860
11835
11632
11904
11786
11640
11809
11755
11850
11812
11906
11850
11831
11740
11686
11716
11930
11975
11646
11627
11898
11893
11884
12093
11840
11852
11805
11937
11908
11893
12100
11853
11610
11807
11927
11885
12096
11794
11914
12058
11789
11922
11636
12056
11925
11826
11879
12181
12083
11977
12074
12142
12077
11954
12149
11974
12072
12022
11668
12096
11993
12007
12428
12080
12189
12250
12077
12099
12026
12041
12285
12411
12175
12146
12538
12127
12335
12269
12444
12410
12244
12354
12394
12348
12448
12171
12383
12578
12628
12681
12397
12544
12510
12702
12532
12533
12509
12683
12600
12586
12729
12883
12839
12644
12644
12600
12778
12765
12771
12711
13047
12680
12651
12669
12671
12574
12760
12466
12673
12535
12876
12676
12954
12942
12955
12892
12877
12800
12772
13146
12943
12814
12916
12690
12972
12880
12851
13057
13172
13090
12877
12997
12954
12832
13117
13122
12765
12955
12742
12949
12953
12861
12896
13039
13398
13082
13285
13186
13098
13330
13257
13351
13250
13205
13511
13397
13706
13460
13505
13738
13550
13653
13648
13383
13523
13749
13615
13528
13691
13396
13668
13368
13452
13828
13599
13556
13792
13581
13660
13588
13895
13733
13904
13795
13608
13713
13588
13691
13987
13833
13748
14049
13915
14180
14032
13999
14158
13849
14105
13740
13876
13961
13669
13803
13784
14009
13757
14062
13868
14022
14077
13863
13955
14026
14300
14216
14158
13896
14077
14452
14161
13963
14196
14388
14281
14194
14134
14221
14360
14347
14253
14240
14185
14357
14428
14341
14436
14324
14373
14237
14224
14286
14399
14459
14537
14271
14450
14683
14309
14592
14404
14290
14569
14272
14246
14486
14333
14508
14613
14572
14382
14468
14547
14634
14677
14672
14580
14608
14526
14556
14632
14645
14565
14457
14490
14648
14464
14644
14548
14745
14936
14714
14676
14671
14796
14683
14796
14690
14757
14685
14961
14842
14724
14697
14676
15204
14903
14705
14958
14888
14779
15036
15002
14932
14963
14858
15066
15276
14809
15274
15103
14848
14826
15054
15079
15139
15167
14940
15268
14926
15148
15381
15067
14810
14530
14468
14427
14581
14562
14414
14363
14212
13972
14445
14274
14355
14955
14829
14520
14632
14851
14749
14763
14764
14785
14732
14820
14936
14804
14621
14651
14696
14604
14520
14690
14738
14658
14888
14897
14777
14903
14680
14852
15083
14790
14930
14901
14976
15036
14907
14875
14957
14933
15087
15211
15655
15488
15384
15195
15428
15650
15652
15786
15730
16009
15606
15806
15830
16156
15940
16084
15991
16000
16080
16133
16095
16118
16100
16079
16241
16005
15979
16025
15975
16070
16126
15872
16059
16183
15759
16072
16412
16255
16207
16465
16328
16424
16385
16488
16090
16626
16108
16228
16602
16784
16302
16548
16577
16764
16909
16668
16518
16786
17045
16976
16729
16900
16847
16789
16861
16692
16897
17020
16817
17156
16964
17064
17109
17112
16850
17094
16923
17072
17216
17282
16956
16978
17133
17122
17125
17338
17194
17220
17274
17024
17153
17664
17804
17418
17689
17620
17778
17593
17493
17524
17723
17648
17850
17721
17973
17793
17847
17552
18473
17728
18038
17822
18119
18044
17977
18043
18015
17994
18219
18179
18123
18523
18610
18629
18599
18660
18872
18754
18490
18858
18496
18377
18710
18733
18500
18850
18858
18620
18801
18791
18922
19161
18882
18958
19019
19178
19132
19418
19312
19401
19124
19344
19212
19540
19652
20025
19894
19943
19904
20319
20285
19961
20268
20259
20447
20533
20398
20547
20300
20146
20737
20858
20839
20668
20929
20667
20503
20906
20457
21000
20888
20683
21056
20767
20602
20470
20704
21220
21609
22029
21801
22445
22267
21909
22216
22423
22126
22350
22660
22361
22399
22624
22497
22636
22632
22938
23245
23249
23236
23204
23373
23278
23445
23549
23426
23874
23594
23713
23947
23916
24244
24303
24298
24372
24532
24608
24585
24680
24873
24861
25309
24864
25570
25866
25515
25160
24744
25140
25417
25382
25301
25088
24794
24793
24737
25527
26018
26455
27224
27130
27305
27168
27886
27556
27497
27841
27532
28020
28323
27858
28228
28436
28648
28033
28484
28573
28793
29039
29068
29402
28933
29598
29353
29289
29600
29527
29793
29676
29601
29624
29864
30066
30284
30626
30509
30790
30940
31169
31576
31600
31944
31625
31296
31961
32000
32282
32395
32068
32886
32462
32639
33274
32984
33076
33675
33302
33655
33803
33878
34170
34332
34458
34602
34724
34906
35218
34687
35161
35188
35204
35658
35738
35817
35968
36452
36084
36187
36715
36616
36633
37120
37090
37636
37854
37663
37546
37627
38228
38590
38468
38433
38605
38292
38898
39418
39501
39395
39724
39451
39518
40120
40450
40044
40102
40155
40640
40654
41053
40918
41265
41517
40927
41482
40820
40996
41126
40922
40917
40740
41419
42011
42876
42907
42860
42556
42767
42666
43370
43778
43428
43967
43932
44236
43802
44325
44123
44469
44772
44500
45165
44920
45224
45312
45806
45532
45241
45634
45774
46011
46088
45876
46604
46500
46912
46720
47019
47296
47892
47576
47196
47497
47620
48310
48487
48574
48925
49083
49147
49002
49545
49367
49722
50260
49801
49272
49830
49899
50120
50484
50632
50560
50905
50669
50711
51378
50753
50944
51136
50617
51188
51604
51658
51883
52308
52580
52082
52650
52692
52876
52686
52763
53440
53180
53214
53385
53421
53001
54020
53304
53560
54378
54315
54220
54831
54554
54438
54400
54294
54848
55492
54860
54648
54724
55292
54996
55364
55428
56157
56046
56653
56317
56858
56532
56646
56735
56464
56953
56996
57518
57050
57021
57696
57302
57856
58148
57528
57803
58532
58205
58032
58349
57834
58456
58474
58292
58451
58634
59162
58988
58672
58587
59231
59576
59381
59284
59491
59844
59796
59732
60424
60180
60368
60068
60486
60034
61002
60181
60545
60533
60613
60544
60048
60695
60649
60796
61002
61141
60901
61488
60804
61328
61486
61258
61271
61082
61050
61268
61044
61092
61255
61696
61760
61448
61464
62042
61864
62360
62152
62312
62496
62581
62720
62080
62167
61976
62395
62443
62380
61985
62630
62632
62701
62474
62190
62317
63558
63828
62740
63053
62940
62764
63185
62554
63370
62720
62784
62856
63194
63161
63144
63316
63268
63248
63862
63066
63066
63236
62900
63564
63352
63341
62804
62886
62512
62810
62892
63419
62976
62823
63210
63316
62954
62992
62848
62868
62760
63286
63355
62664
62626
62784
62836
63036
62900
62420
62792
63174
63233
62738
63168
62808
62875
62332
63452
62862
62797
63021
62573
63478
63030
62789
63108
63076
62592
62676
62194
63239
62406
62442
62359
62324
61906
61661
62123
61918
61624
61869
61644
61634
61098
61504
60884
60704
61012
60361
60362
60488
59968
60716
60392
60287
60928
60612
60939
60171
60698
60119
59914
59354
59076
59450
59468
58786
58410
57994
57644
58088
58177
58500
58250
58500
58564
58988
58805
58880
58892
58454
58880
58996
58672
58239
58212
58544
57704
57997
57876
57897
57542
57428
57717
57949
57932
57802
57728
56996
56969
56436
56202
55937
56250
56052
56073
55994
56139
56365
55443
55053
55566
54841
54649
55096
54813
54644
54818
54112
54296
54827
53838
54207
53908
53905
53090
53700
53460
52981
53222
52405
52569
52791
52086
52104
51866
50934
50541
50248
50372
50929
50522
50606
50196
50548
51120
50730
50332
50304
49965
48986
49469
48788
48779
49220
48856
48554
48928
48772
48740
48708
48464
48141
48193
47890
48020
47898
47149
47128
47317
46943
46916
47058
46564
46116
46404
45942
46174
45620
45734
45568
45145
45420
45013
44619
44817
44811
44486
44618
43892
43276
42939
42980
43416
42718
43290
43380
42804
43028
42803
42698
42114
41973
41915
41707
41824
41892
41426
41499
40922
41000
40260
40488
40674
40198
39771
39812
39668
39130
39186
39416
39004
38912
38640
38472
38193
38410
38276
38211
37876
37936
37710
37495
37041
37428
37044
36802
36566
36204
36362
36116
35697
36249
35916
35738
35284
35230
35061
34612
34127
34026
33780
33716
33824
34004
33976
33368
32740
31956
31396
31620
31757
32220
32394
31640
32130
32149
31798
32135
31560
31650
31477
31050
31540
30660
30976
30552
30447
30313
30404
30208
29686
29772
29673
29274
29540
29526
29002
29076
28410
28996
28685
28260
28093
27954
27448
27721
27400
27374
27252
27215
26952
26634
26290
26426
25997
25040
24565
23420
23092
23192
23388
23934
24242
24318
24412
24192
24420
24192
24121
24174
23947
24138
23712
23602
23242
22968
23423
22933
22671
22525
22498
22265
22265
21977
22055
21586
21632
21484
21170
21289
20662
20959
20770
20490
20468
20260
20293
19957
20102
19693
19439
19510
19178
18985
19092
18857
19090
18986
18821
18269
18210
18053
18161
17559
17717
17725
17490
17400
17345
17225
17181
16804
16787
16501
16435
16488
16184
16238
16305
15988
15796
15617
15699
15213
15499
15335
14987
14904
14837
14184
14448
13949
13780
13600
13032
13006
13024
13044
12791
12914
12808
12809
12922
12893
12476
12400
12425
12278
12351
12196
11892
11901
11781
11609
11572
11445
11533
11408
11128
11155
11027
11108
10948
10763
10612
10681
10489
10461
10551
10509
10461
10240
10174
9794
9957
9820
9716
9672
9839
9594
9526
9579
9533
9197
9227
9173
8989
8890
8911
8790
8704
8721
8716
8676
8525
8616
8248
8325
8066
8139
8271
8034
7952
7812
7722
7529
7727
7474
7643
7560
7585
7599
7561
7535
7590
7665
7439
7396
7390
7658
7584
7368
7321
7274
7063
7051
7167
7188
6992
6940
6944
6960
6850
6635
6734
6750
6618
6565
6413
6586
6513
6440
6468
6119
6158
6052
5876
5934
5838
5907
5781
5806
5943
5792
5805
5853
5706
5733
5772
5650
5714
5804
5703
5653
5553
5468
5330
5273
5218
5150
5295
5352
5339
5284
5336
5148
5223
5251
5270
5077
5265
5124
5152
5086
5134
4837
4897
4970
4918
4938
4754
4786
4695
4721
4609
4787
4748
4801
4725
4526
4602
4524
4534
4611
4564
4425
4495
4398
4364
4474
4409
4331
4475
4294
4283
4305
4253
4061
4346
4251
4229
4162
4115
4036
4188
3966
4064
4012
4002
4082
3992
4001
3874
3876
3954
3995
4023
3970
3836
3978
3811
4016
3842
3855
3980
3892
3828
3769
3813
3871
3774
3703
3636
3737
3788
3815
3725
3757
3730
3770
3613
3637
3527
3707
3663
3628
3616
3595
3385
3559
3570
3636
3752
3520
3648
3559
3461
3560
3441
3509
3302
3455
3359
3477
3351
3460
3454
3421
3535
3346
3405
3266
3374
3446
3396
3375
3377
3247
3274
3318
3354
3399
3384
3306
3251
3330
3291
3210
3368
3257
3258
3225
3183
3275
3291
3182
3213
3239
3176
3224
3164
3177
3196
3188
3069
3047
3197
3015
3167
3220
3143
3087
3141
3119
3009
2998
2909
3064
2994
2982
2929
2968
3082
3110
2992
3079
2996
2945
2978
2933
3018
3030
2970
3121
3077
3020
3004
3044
3091
2936
2917
2946
2921
3050
3098
2956
2925
2981
2968
2916
2837
2897
2972
2986
2951
2867
2972
3068
3003
2982
2932
2952
2944
2853
3006
2851
2903
2954
2871
2825
2959
2848
2861
2866
2884
2946
2836
2881
2973
2958
3003
2878
2817
2870
2949
2832
2923
2834
2761
2856
2787
2858
2785
2933
2915
2912
2838
2818
2854
2837
2829
2876
2811
2858
