10234
10373
10283
10258
10377
10186
10201
10370
10109
10225
10266
10482
10372
10198
10430
10578
10304
10422
10161
10298
10469
10212
10473
10480
10593
10556
10794
10585
10592
10681
10599
10660
10595
10749
10677
10758
10773
10826
10628
10766
10692
10439
10752
10828
10714
10785
10876
10950
10897
10846
11069
11064
11269
11009
10969
11064
10975
11244
11229
10875
10897
10817
11177
11080
11066
10906
11109
10789
10869
11035
10890
11143
11273
11546
11271
11269
11297
11397
11420
11342
11509
11602
11419
11465
11631
11598
11540
11543
11706
11336
11562
11623
11840
11713
11495
11700
11681
11885
11661
11740
11684
11799
11828
11926
11772
11786
11869
12040
12212
11935
12119
12248
12166
12348
12180
12033
12224
12280
12186
12106
12286
12357
12254
12058
12528
12201
12242
12495
12554
12540
12342
12484
12568
12573
12550
12616
12372
12433
12760
12695
12457
12680
12649
12731
12580
12624
12953
12824
12750
12848
12865
12659
12802
13036
13058
12823
13029
12955
13275
13120
12907
13053
13059
13339
13160
13284
13156
13309
13285
13183
13553
13037
13207
13440
13256
13395
13337
13632
13192
13500
13610
13351
13488
13530
13368
13381
13520
13526
13821
13519
13687
13679
13678
13837
14023
13682
13667
13574
13602
13750
13991
13925
13958
13948
14024
13991
13930
14042
14010
13780
14051
14025
14301
14405
14198
14475
14064
14086
14008
14377
14396
14396
14153
13992
14289
14362
14388
14266
14509
14533
14683
14523
14868
14942
14752
14567
14683
14582
14751
14887
14852
15077
14829
14695
14918
14796
14818
14937
14877
15245
15094
15042
14888
15066
15249
15126
15081
15271
15147
15265
15220
15303
15245
15476
15165
15438
15383
15479
15221
15463
15514
15795
15853
15893
15594
15921
15594
15645
15933
15890
15753
16264
15920
15879
15787
15908
15582
15638
15669
15994
15580
15744
15949
15876
16014
16125
16260
16231
16489
16370
16248
16111
16245
16311
16351
16422
16468
16396
16492
16688
16856
16505
16892
16556
16661
16826
16628
16613
16889
16955
16707
17020
16859
16916
17078
16913
17067
16842
17235
17108
16900
17200
16884
17254
17138
16982
17126
17186
17209
17378
17583
17321
17300
17538
17410
17260
17277
17050
17186
17329
17189
17047
17148
17144
17076
17336
17207
17906
17739
17944
17728
17800
18058
18077
17898
17910
17844
17920
18091
17930
18041
17945
18116
18302
18093
18041
18318
17980
18409
18388
18316
18345
18533
18408
18404
18496
18801
18688
18779
18688
18636
18955
18880
18651
19034
18856
19038
18988
18665
19030
19092
19010
19063
19047
19189
19246
19023
19343
19189
19235
19047
19055
19433
19346
19565
19447
19322
19400
19718
19528
19463
19597
19771
19769
19695
19834
19921
19924
19805
20215
20002
20013
20359
20250
20120
20205
20271
20369
20059
20360
20306
20372
20256
20424
20428
20505
20148
20800
20502
20832
20628
20636
20726
20598
20914
20493
21069
20823
20690
20859
20961
20975
21042
21129
21133
20954
21030
21025
20897
21133
21264
21228
21432
21268
21016
21653
21268
21215
21286
21620
21516
21494
21860
21794
21691
21850
21718
21662
21866
21868
22088
22043
22045
21990
22207
22195
22107
22325
22261
22216
22273
22072
21999
22178
22404
22365
22335
22594
22447
22459
22369
22585
22516
22821
22840
22394
22789
22599
23253
22904
22995
23122
22605
23101
23064
23255
22942
23416
23080
23142
23301
23367
23235
23412
23098
23429
23810
23056
23980
23692
23518
23835
23691
23893
23629
23876
23766
23916
24001
23744
23908
23927
23816
24134
23949
24413
24281
23933
24034
24276
24671
24116
24413
24162
24500
24508
24477
24491
24335
24222
24692
24341
24680
24924
24746
24804
24758
24926
24938
24902
24961
24868
25074
25069
25322
25396
25195
25157
25459
25059
25652
25310
25658
25526
25765
25388
25710
25995
25692
25604
25816
25805
26129
25746
25731
25961
25973
26273
26004
26178
26301
26178
26202
26157
25992
26038
26596
26607
26574
26287
26463
26564
26734
26772
26429
26456
26331
26254
26336
25917
25812
25659
25621
25802
25796
26069
26327
26752
27136
27268
27244
27594
27457
27204
27435
27692
27549
27500
27519
27778
27933
27818
27541
28106
27985
28152
27862
28312
28198
27806
28109
28375
28013
28026
28089
28127
28052
28360
28165
28308
28520
28430
28490
28714
28034
28288
28465
28353
28699
28477
28377
28427
28311
28629
28717
28738
29098
28852
28900
28973
29024
29107
28952
28949
29540
28996
29385
29688
29252
29602
29366
29502
29268
28790
29169
29364
29382
29313
29115
29806
29325
29652
30196
29979
30267
30122
30119
30001
29622
30277
30517
30173
30356
30572
30672
30780
30336
30582
30692
30528
30154
30618
30464
30772
30597
30904
30770
31080
30980
31082
31052
31172
31054
31316
30965
31366
31526
31562
31134
31643
31523
30905
31851
31623
31640
31394
31946
32049
32080
31772
31204
31826
31582
31828
31732
31721
31836
32267
32159
32408
32362
32552
32361
32122
32676
32666
32368
32458
32824
32434
32987
32348
32217
33037
32428
32708
32593
32479
32680
32537
32324
33048
32744
32600
32281
32733
32674
32792
32978
33072
32656
33202
33314
33548
33186
33272
33616
33273
32960
33444
33349
33045
33382
33225
33408
33656
33347
33344
33298
33218
33741
33940
33947
33769
33984
33989
33756
33684
33856
34381
34198
33850
34048
33780
34022
33864
33668
33718
33865
33673
34048
34548
34412
34283
34188
34269
34280
34536
34538
34642
34608
34747
34700
34836
34612
34583
34984
34946
35125
35021
35038
35165
34968
34976
35164
35119
35149
35182
35334
35362
34835
35560
35450
35787
35216
35078
35418
35254
35618
35892
35812
35437
35515
35560
35903
35596
35577
35247
35380
35784
35300
34978
34842
35112
35104
35021
34687
35346
35450
35678
35669
35771
36612
36422
36106
36340
36294
36224
36410
36564
36306
36520
36570
36727
37017
36667
36096
36569
36020
36361
36749
36070
36493
36804
36602
36717
36735
36518
36854
36868
36317
36506
36747
36486
36364
36162
36830
36614
36996
37195
37076
36717
36810
37342
36788
37289
36662
37248
37258
37083
37005
36882
36890
36618
36651
37124
37441
36960
37120
36565
36864
37262
36776
37528
37316
37129
37017
37226
37398
37105
37412
37146
36992
37320
37257
37033
37129
36864
36854
37284
37323
37005
36928
37066
37156
37024
36756
37252
37303
37188
37309
37725
37176
37432
37212
37282
37041
37348
37538
37162
37451
37085
37120
37003
37179
37482
37353
36992
36833
36773
37140
37166
37094
36884
37336
37193
36836
37408
36892
37186
37517
37444
37700
37449
37302
37195
37470
37286
37359
36952
36903
37522
36763
36713
36436
36651
36374
36640
36419
36200
36540
36138
36460
36864
36669
37261
37060
37275
37156
37204
37436
37192
37019
36968
36896
36908
36906
37028
36416
36560
37202
36617
36809
36436
36352
36564
36326
36433
35600
36308
35662
36018
35383
34880
34996
34946
35018
35561
35338
35133
35020
35470
35698
35676
36381
36198
36292
36489
36578
36635
36316
35682
35672
35396
35549
35397
34530
33725
32489
31592
30780
29953
28973
27656
27419
27195
26950
28076
28584
29780
31087
32607
33259
34660
35508
35816
36756
36346
35816
36235
35904
36066
35508
35642
35497
35822
35340
34973
35048
34729
34628
34925
35106
34872
35022
35072
34473
34539
34140
34080
33868
33867
33938
33751
33748
33794
33984
34003
33782
34260
34280
34260
34452
34036
34077
34426
34186
33914
34104
33869
33572
33613
34144
33538
33178
33282
33140
33213
33006
32960
33040
33344
33028
33082
32870
33154
32965
32884
32882
33066
32434
32960
32452
32540
32437
32725
32244
32292
32510
32205
32584
31764
32094
31650
32116
31700
31180
31820
31108
31595
31144
31400
31440
31412
31450
31144
30968
31520
31088
31450
30596
30541
30779
30645
31040
30681
30882
30710
30675
30474
30598
31044
30999
30762
30792
30267
30628
30405
30633
30434
30190
30068
30699
29520
30006
30145
30272
29742
29896
29938
29834
29838
29851
29744
29658
29952
29552
29629
29508
29664
29827
29099
28816
28199
27623
26996
25741
25874
26091
26491
26624
27242
27252
27530
27754
28347
28335
28141
27940
27804
28190
27676
27748
27943
27813
27327
27599
27012
27194
26934
27181
27444
27397
27078
26621
26930
26916
26812
26589
26689
26582
26752
26532
26313
25908
25975
26379
25969
25780
25687
25949
25372
25593
25350
25269
25252
25428
25350
25396
25170
25181
25271
25001
24941
24704
24900
24976
24759
24857
24502
24574
24496
24591
24171
24171
24144
24082
24076
23700
23898
23913
23889
23766
23472
23434
23593
23683
23168
22998
23109
23043
23048
22805
22455
23253
22756
22792
22705
22498
22112
22536
22455
21960
22010
22188
21828
21818
21560
21738
21684
21595
21688
21227
21364
21493
21524
21570
21487
21128
21218
20998
20766
20906
20629
20869
20687
20587
20489
20309
20537
20351
20420
20260
20084
20158
20000
19984
19974
19649
19480
19680
19379
19306
19405
19590
19236
19149
19139
19238
19084
18917
18923
18729
18689
18585
18528
18889
18397
18409
18453
18276
18203
18124
18223
18160
17988
17822
17561
17574
17667
17544
17437
17673
17383
17387
17529
17044
16998
17195
17170
16634
16644
16308
16234
16017
16126
16328
16214
16666
16372
16160
16230
15942
15753
15997
15887
15693
15682
15625
15465
15534
15512
15443
15410
14880
14877
14756
14592
14848
14757
14756
14585
14582
14627
14606
14372
14486
14478
14400
14346
14472
14253
14135
14046
14079
13980
14040
13856
13702
13741
13494
13532
13704
13545
13430
13559
13546
13212
13358
13212
13192
12933
12972
13055
12751
12684
12721
12698
12733
12760
12432
12275
12416
12521
12395
12389
12268
12094
11952
11995
11975
11938
11712
11872
11609
11406
11636
11721
11433
11456
11498
11169
11362
11319
11164
11096
11209
11172
11006
10970
10882
10867
10857
10822
10674
10453
10717
10648
10405
10453
10393
10403
10159
10461
10282
10242
10186
10185
9785
10023
9914
10004
9948
9837
9792
9943
9811
9712
9692
9418
9377
9312
9466
9272
9394
9374
9428
9163
9097
9234
9113
9052
9151
9049
8847
8892
8950
9016
8666
8692
8612
8538
8555
8468
8338
8592
8324
8330
8484
8355
8087
8309
8292
8272
8229
8181
8179
7835
7738
7763
7866
7730
7614
7709
7727
7796
7674
7692
7515
7513
7543
7488
7359
7340
7493
7263
7240
7195
7332
7048
7142
7159
6882
7211
7067
6889
7039
6970
6827
6861
6876
6740
6665
6630
6865
6777
6589
6512
6623
6466
6395
6260
6478
6332
6412
6340
6313
6256
6195
6158
6146
6088
6047
6218
6100
6103
5913
6062
6055
5927
5828
5799
5816
5914
5824
5757
5889
5770
5584
5477
5296
5290
5153
5333
5399
5526
5507
5324
5300
5269
5268
5164
5296
5215
5156
5174
5137
5038
4948
5253
5012
4882
5040
4961
4986
4853
4914
4842
4710
4781
4683
4871
4808
4800
4584
4617
4621
4633
4528
4504
4515
4492
4513
4541
4539
4400
4468
4448
4410
4440
4319
4253
4325
4405
4256
4368
4234
4312
4136
4206
4109
4216
4118
4120
4105
3982
4183
3974
4018
4103
4032
4028
3960
3934
3918
3877
3900
3871
3875
3778
3806
3781
3713
3666
3799
3719
3668
3756
3660
3791
3682
3640
3695
3535
3435
3448
3524
3473
3522
3468
3413
3457
3521
3496
3528
3553
3513
3534
3417
3433
3394
3319
3404
3370
3387
3281
3357
3221
3273
3310
3210
3255
3252
3215
3204
3236
3241
3095
3328
3119
3201
3148
3207
3155
3111
3050
2945
3088
3155
3104
3232
3143
3179
3111
3019
3170
3127
3070
3022
2963
3096
2959
2963
3106
2997
2977
2931
2949
2940
2976
2959
2968
2868
2823
2939
2962
2816
2955
2983
2898
2930
2764
2931
2876
2822
2875
2899
2982
2899
2948
2834
2823
2843
2784
2863
2947
2769
2782
2784
2747
2778
2709
2743
2866
2817
2809
2775
2725
2812
2768
2793
2843
2718
2835
2586
2796
2786
2611
2705
2786
2852
2716
2710
2694
2772
2662
2788
2832
2758
2772
2736
2711
2685
2839
2688
2808
2743
2575
2696
2656
2703
2843
2657
2644
2685
2721
2691
2775
2788
2706
2718
2747
2720
2693
2669
2665
2636
2801
2832
2676
2757
2637
2669
2639
2676
2722
2712
2701
2662
2779
2658
2739
2724
2712
2766
2779
2697
2706
2762
2762
2799
2745
2735
2662
2696
2736
2831
2765
2651
2773
2810
2874
2771
2812
2649
2862
2719
2790
2857
2816
2707
2721
2723
2676
2659
2664
2811
2753
2652
2865
2773
2728
2919
2838
2782
2848
2851
2867
2768
2710
2736
2809
2789
2720
2787
2760
2802
2743
2762
2793
2701
2839
2905
2857
2910
2754
2894
2859
2747
2894
2840
2746
2782
2744
2719
2668
2826
2939
2900
2880
2895
2821
2889
2944
2820
2762
2902
2878
2862
2795
2900
2828
2859
3023
2955
2955
2829
2929
2922
3014
2821
2931
2849
2862
2987
2887
2904
2996
2861
2986
2837
3000
2982
3088
3003
2935
2934
3110
2935
3000
3086
3101
3083
2959
2981
3108
2925
3083
3138
3015
3051
3020
3042
3142
3076
3152
3083
3054
3118
3114
3157
3150
3139
3030
3090
3279
3037
3238
3111
3224
3134
3114
3197
3328
3108
3222
3222
3124
3134
3174
3176
3277
3029
3117
3244
3352
3075
3213
3138
3244
3125
3231
3337
3275
3289
3352
3249
3240
3359
3309
3263
3058
3498
3318
3289
3298
3359
3309
3431
3274
3270
3419
3313
3431
3407
3325
3413
3268
3412
3422
3464
3504
3304
3534
3449
3473
3480
3327
3450
3555
3378
3484
3540
3491
3517
3401
3502
3614
3505
3435
3495
3487
3462
3496
3581
3648
3533
3511
3562
3747
3622
3563
3649
3594
3699
3656
3661
3817
3788
3633
3743
3620
3666
3709
3724
3854
3719
3946
3698
3742
3922
3753
3823
3867
3795
3902
3821
3947
3864
3839
3905
3881
3981
3894
3913
3890
3840
4076
3911
3899
3982
3856
3890
3783
3797
3862
3908
3913
3964
3992
4057
3885
3960
3917
3909
4007
3939
4126
4043
4078
4001
4054
4278
4110
4128
4097
4270
4031
4172
4216
4129
4148
4233
4379
4239
4235
4346
4425
4432
4372
4299
4264
4201
4506
4464
4454
4400
4493
4454
4466
4520
4443
4461
4488
4622
4658
4601
4869
4760
4602
4820
4990
4940
4744
4812
4670
4810
4905
4780
4927
4958
5054
4929
5029
5030
5123
5001
4991
4979
5051
4952
5144
5128
5220
5132
5202
5162
5298
5110
5213
5361
5157
5435
5418
5437
5534
5469
5390
5482
5486
5497
5576
5648
5637
5825
5546
5469
5656
5553
5822
5815
5733
5862
5883
5872
5760
5859
5891
5798
5898
6108
6055
5928
6022
6219
6152
6201
6150
6082
6352
6125
6296
6255
6141
6188
6272
6372
6437
6402
6419
6586
6588
6607
6604
6659
6605
6586
6786
6766
6777
6774
6724
6944
6886
7051
7083
7016
7046
7096
7094
7158
7256
7201
7002
7156
7130
7146
7431
7219
7584
7558
7550
7547
7520
7540
7700
7494
7730
7761
7778
7809
7787
7812
7727
7832
7928
8063
8000
8116
8237
8315
8397
8079
8171
8272
8268
8295
8320
8411
8464
8449
8490
8635
8874
8925
9052
8909
8821
9097
8886
8970
9083
9253
9423
9351
9300
9458
9462
9585
9646
9686
9636
9641
9666
9777
9897
9771
10144
10061
10036
9674
9619
9610
9802
10160
10404
10662
10627
10816
10735
10763
10998
11000
11156
10957
11123
11156
11268
11258
11533
11434
11457
11510
11688
11764
11510
11707
11746
11834
12057
12014
12361
12137
12397
12462
12272
12376
12472
12690
12524
12838
12959
13324
13131
13020
13144
13357
13535
13477
13506
13634
13834
13796
13555
13826
14249
14062
14077
13548
13590
13489
13510
13558
14141
14636
14823
15109
14889
15316
15161
15440
15448
15693
15605
15558
15658
16042
16293
16207
16045
16403
16384
16381
16492
16640
16736
16951
16944
16977
17058
17095
17081
17550
17749
17384
17620
17358
17441
17701
18169
18337
18520
18479
18713
19108
18950
19033
19255
18968
19120
19154
19325
19617
19779
19828
19962
20125
20041
20334
20194
20330
20855
20753
20974
20736
21158
21174
21536
21245
21229
21726
21360
21622
22084
22292
22163
22336
22262
22613
22534
22646
22948
22857
23058
22969
23405
23432
23454
23938
24031
23861
24640
24276
24220
24349
24516
24363
24681
24851
25016
25253
25228
25249
25524
25760
25459
26095
25728
25960
26152
26335
26557
26752
26818
26913
27176
27197
26884
26968
27081
27192
27458
26968
26852
26568
26680
27352
27800
28253
29066
28471
28894
28566
28911
28928
28604
29448
29179
29460
29412
29593
29700
30109
30050
30026
30538
30549
30585
30558
30980
30712
31140
30945
31157
31319
30999
31409
31411
31592
32018
32003
32356
31976
32249
32196
32420
32364
32468
32846
32948
33024
33592
33417
33952
34238
33624
33378
34255
34354
34636
34461
34611
34589
34950
35010
35018
35149
35284
35033
35514
35072
35844
34987
35848
35739
35258
35385
35611
35786
36440
36507
36854
36864
36837
37028
37386
37005
37133
37318
37144
37524
37152
37622
37882
37388
38292
38426
37504
38420
38348
38326
38884
38272
38208
38946
38902
39195
39092
38797
38831
38498
38690
39213
39577
39332
39818
40196
39988
40068
40532
40210
40490
40538
40792
40641
40701
41284
40965
40966
41354
40960
41578
41350
41756
41846
41903
41602
42624
42264
41292
41666
42023
41525
42638
42341
42548
42496
42898
42748
43066
42632
43082
43176
42808
42965
43089
43664
43430
43769
43584
43544
43622
44009
43722
44204
43864
44352
43520
44028
44352
44778
44558
44196
44329
44504
44724
44586
44858
44847
45164
44381
44452
44608
45252
44549
44582
44391
44588
44733
45345
45044
45103
45322
45494
45674
45376
45828
45677
45239
45419
46084
45666
45659
46124
46370
46151
45740
45950
46185
46452
45963
46137
46220
46014
45988
46013
46648
46224
45896
45798
46148
46283
45834
46336
46004
46208
46412
46365
46644
46484
46681
46920
46438
46601
46426
46678
46706
46796
46756
46208
46595
46747
47108
46789
46747
46438
46660
46765
46510
47296
46997
46720
46548
46686
46896
46848
46964
46639
46670
46376
46573
47300
46244
47003
46688
47604
46838
46909
46570
46414
46728
46760
46966
46315
46912
46498
47214
46586
47269
47066
46996
46410
46373
46364
46065
46292
46509
46637
46126
46428
46656
46336
46044
45660
46008
45914
46244
45576
44804
45870
45432
45200
45221
45654
45632
45612
45206
45562
45545
45608
45704
45497
45465
45590
44730
44948
44244
44761
44096
43812
44020
43536
43821
43217
43786
43981
43961
44410
44091
44044
44712
44618
44480
44490
44212
44267
44224
43997
44160
43917
44011
43613
43620
43852
43332
43455
43449
43641
43317
43115
42926
43172
43162
42860
42497
42474
42581
42714
42866
42676
42016
42377
42116
42093
41860
42388
41384
41621
41600
41296
41558
41418
41292
41081
41098
41005
40842
40292
40773
40909
40331
40758
40692
40254
39896
40246
39341
39368
39334
38552
38517
38838
38436
38780
38708
38377
38333
38756
38588
38628
38698
38640
38324
38016
37500
37339
37222
37658
37598
37525
37208
37198
37266
37024
37032
37098
37066
37076
36716
37108
36390
36590
36244
36372
36200
35728
35976
35884
35749
35611
35444
35314
34944
34955
35092
34862
34868
34397
34446
34568
34054
34064
33913
33705
33252
32908
33103
33030
33321
33057
33131
33066
32842
33144
32930
32421
32763
32068
32358
32036
32324
31933
31768
31949
31657
31586
31303
31307
31300
30828
31105
30746
30875
30532
30043
30178
29753
30094
29580
29780
29404
29472
29519
28820
29044
29096
29030
28571
28649
28674
28522
28355
28042
28107
28132
28102
27825
27836
27611
27565
27339
26835
26888
26573
26061
26104
26529
26449
26536
25997
25096
24904
24752
24955
25100
25206
25565
25042
25199
24836
25173
25258
25165
24768
24587
24675
24644
24152
24238
24310
23868
24228
23925
24013
23292
23351
23519
23193
22925
23113
22901
22757
22399
22809
22388
22178
22144
22098
21486
21858
21930
21672
21593
21347
21277
21448
21060
21233
20908
19780
19470
18610
18167
18348
18957
19124
19430
19430
19370
19150
19225
19240
19310
19058
18837
18684
18663
18731
18599
18642
18475
18149
18068
17864
17789
17758
17810
17419
17359
17150
17394
16996
16968
16896
16502
16785
16478
16573
16234
16095
16245
15838
16178
15791
15621
15451
15258
15053
15314
15132
15215
15046
14906
14681
14753
14533
14521
14116
14079
14110
13800
14029
13993
13824
13568
13597
13778
13322
13257
13276
12997
13095
13025
12468
12603
12708
12603
12352
12207
12116
12282
12310
12020
11700
11442
11237
11374
10669
10859
10496
10229
10560
10235
10600
10416
10517
10200
10420
10057
10061
9908
9940
9970
9879
9598
9485
9534
9644
9382
9173
9140
8942
9066
8931
9039
8875
9009
8874
8850
8626
8568
8454
8433
8488
8389
8022
8155
8070
7979
8110
8061
7724
7789
7670
7731
7573
7515
7629
7547
7404
7494
7368
7305
7230
7015
7011
7129
6994
6982
6967
6713
6560
6708
6600
6565
6608
6394
6301
6339
6094
6243
6115
6173
6141
6173
6126
6222
6258
6184
6062
6067
5900
6049
5862
5947
5785
6004
5916
5834
5813
5677
5755
5695
5644
5615
5423
5455
5462
5450
5436
5404
5298
5242
5184
5192
5162
5319
5158
4943
4845
4557
4604
4823
4820
4819
4794
4826
4747
4704
4588
4702
4625
4692
4582
4788
4652
4609
4528
4527
4522
4336
4312
4170
4182
4186
4183
4382
4145
4254
4186
4221
4127
4157
4031
4068
4147
3996
4079
4118
4146
3935
3944
4025
3909
3751
3831
3877
3846
3770
3691
3687
3803
3663
3725
3722
3746
3653
3789
3699
3574
3631
3577
3528
3611
3606
3603
3439
3428
3383
3362
3295
3485
3329
3339
3438
3399
3335
3452
3481
3506
3434
3442
3297
3322
3288
3279
3284
3347
3143
3084
3182
3146
3236
3180
3178
3145
3112
3188
3066
2986
3056
2873
3014
2963
3107
3018
3053
3043
3072
3013
3111
3104
2952
3048
2959
3000
2991
2870
2920
2852
2855
2895
2926
2848
3010
2844
2944
2808
2849
2795
2907
2793
2911
2921
2910
2854
2815
2835
2701
2855
2829
2769
2806
2824
2826
2672
2639
2737
2767
2783
2767
2790
2650
2702
2707
2745
2767
2639
2716
2654
2641
2688
2719
2607
2640
2652
2682
2548
2702
2689
2605
2693
2535
2642
2641
2664
2531
2584
2629
2533
2565
2568
2427
2635
2605
2568
2590
2466
2535
2409
2561
2614
2406
2413
2500
2582
2431
2402
2513
2397
2531
2442
2604
2530
2552
2611
2549
2428
2560
2501
2409
2585
2483
2415
2548
2523
2479
2554
2578
2671
2479
2498
2514
2497
2470
2470
2525
2471
2535
2455
2464
2442
2409
2550
2330
2462
2454
2301
2354
2406
2405
2490
2496
2401
2513
2439
2361
2389
2450
2402
2481
2451
2296
2467
2434
2310
2333
2316
2305
2399
2234
2363
2341
2402
2297
2347
2415
2361
2378
2418
2327
2292
2371
2425
2367
2395
2505
2327
