8491
8690
8521
8629
8494
8483
8488
8600
8607
8827
8881
8741
8788
8784
8640
8730
8535
8956
8832
8590
8872
8694
8906
8768
8713
8714
8685
8749
8805
8668
9051
8874
8753
8931
9124
9309
8829
9060
8849
9108
9198
9162
9001
9166
9059
9015
9030
9181
9150
8918
9292
9253
9210
9037
9351
9145
9211
9451
9318
9326
9133
9163
9181
9268
9161
9336
9183
9340
9286
9132
9263
9320
9072
9402
9420
9375
9527
9434
9537
9512
9765
9701
9861
9800
9532
9805
9609
9624
9708
9690
9818
9733
9496
9551
9693
9640
9701
9892
9565
9684
9655
9680
9903
9984
9874
10014
9975
10061
9906
9888
9967
10157
10111
9875
9971
10226
10095
10099
10343
10198
10100
10174
10270
10439
10316
10348
10272
10505
10210
10178
10288
10326
10441
10298
10442
10602
10409
10603
10637
10615
10653
10471
10411
10609
10334
10457
10539
10475
10550
10559
10554
10568
10885
10716
10558
10824
10559
10680
10704
10675
10929
10746
10973
10880
10894
10826
11061
10667
10973
10892
11022
10842
10869
11103
11006
11139
11028
11247
11066
11290
11264
11089
11452
11148
11195
11034
11365
11268
11139
10991
11242
11274
11190
11195
11414
11407
11313
11215
11572
11599
11382
11340
11206
11528
11498
11711
11590
11535
11756
11812
11688
11812
11456
11690
11801
11670
11618
11588
11742
11756
11901
11712
11797
11913
11559
11964
11916
12023
11972
11874
12007
12107
11986
12191
11944
12296
12200
12245
12288
12289
12013
12209
12340
12358
12348
12123
12364
12121
12422
12628
12534
12357
12555
12520
12200
12237
12443
12391
12422
12434
12532
12472
12497
12676
12781
12651
12820
12460
12764
12898
12498
12830
12833
12767
12858
13045
12890
12937
13157
13227
13056
12962
13161
13113
12992
12971
13075
13034
12968
13043
12735
12892
12853
13056
13197
13224
13303
13428
13222
13391
13317
13408
13467
13568
13499
13547
13299
13498
13540
13462
13569
13400
13726
13634
13644
13659
13466
14020
13729
13933
13645
13830
13833
13815
14145
13657
13718
13952
13858
13877
14099
13868
14063
13890
13971
13996
14063
14200
13970
14234
14068
14156
14554
14599
13999
14502
14221
14037
14212
14246
13958
13854
13879
14057
14111
14190
14420
14899
14317
14538
14792
14633
14819
14628
14688
14664
14735
14878
14932
14572
14546
14886
14772
15082
15093
14709
14685
14917
15134
14870
15000
14936
15028
15268
15008
15033
15319
15416
15146
15589
15208
15456
15245
15100
15220
15259
15565
15533
15501
15177
15458
15601
15496
15547
15795
15721
15708
15660
15582
15732
15977
15936
15846
15905
16059
15916
15726
16197
15910
15931
15700
16011
16034
16061
16204
16141
15910
16156
16444
16439
16140
16384
16315
16189
16490
16392
16504
16475
16472
16786
16437
16664
16804
16586
16621
16792
16660
16825
16945
16522
16876
16708
16646
17054
16631
16948
16831
17050
17288
17004
17097
17036
17137
16938
17212
17388
17307
17234
17245
16964
17332
17440
17248
17376
17299
17274
17409
17496
17412
17483
17436
17730
17512
17965
17704
17635
17749
18101
17729
18052
17956
17956
18180
17988
17997
18048
18098
17910
18113
17810
18000
18243
18178
18448
18233
18262
18030
18173
18605
18524
18400
18491
18572
18421
18452
18217
18334
18636
18637
18465
18655
18688
18746
18901
18678
18638
19069
19050
18990
19022
18924
18852
19027
18929
19085
19266
19166
19280
18875
19156
19072
19156
19161
19173
19148
19370
19290
19260
19660
19325
19652
19822
19608
19679
19803
19756
19842
20054
19786
19720
19936
19805
19615
19980
19716
19860
19613
19657
19878
19997
19959
20021
20591
20078
20093
20334
20371
19916
20159
20323
20373
20318
20522
20776
20430
20428
20772
20480
20609
20505
20810
20659
20727
20571
20736
20758
20754
20834
20923
21066
21048
21131
20920
21181
21205
21028
20905
20958
21421
21144
21459
21328
21217
21374
21494
21340
21349
21596
21580
21478
21602
21652
21671
21453
21697
21660
21274
21348
21357
21139
20674
20869
20868
20625
20994
21124
21597
21705
21736
22041
22322
22459
22043
22135
22554
22369
22516
22932
22639
22686
22472
22930
22828
22458
23092
23164
22900
23049
22664
22906
22860
22724
22916
22870
22845
22936
23107
23168
23114
22989
23245
23305
23044
22910
22904
23069
23357
23068
23258
23202
23210
23405
23586
23536
23240
23744
23345
23327
23833
23640
23824
23790
24010
23796
23860
23976
24284
23989
23977
24372
23944
23767
23916
23516
23563
23244
23976
23791
24203
24477
24264
24406
24678
24332
24588
24730
24382
24757
24789
24426
25289
25104
24982
25288
25197
25272
24782
25088
25140
24904
25095
25306
25307
25484
25421
25430
25226
25335
25375
25670
25207
25659
25445
25466
25880
25712
25675
25670
25892
25728
26014
26012
26153
26017
26122
25841
26095
25856
26029
26070
25995
26082
26117
25912
26034
26429
26286
26152
26240
26557
26399
26498
26856
26794
26605
27051
26421
26756
26921
27012
26918
26935
27219
26905
26895
26732
26856
26939
27036
26902
26948
26890
26957
27138
27062
27036
26736
27420
27728
26994
27387
27630
27726
27506
27432
27796
27530
27889
27630
27840
27622
27776
28210
27636
28006
28096
27978
28174
28049
28027
28140
28315
28723
28405
28216
28211
28328
28246
28253
28292
28491
28050
28432
28407
28548
28521
28461
28440
28582
28282
28586
28576
28900
28625
28617
29261
29237
29374
29160
29275
29320
29172
29200
29084
28913
29408
29101
29467
29312
29709
29698
30034
29679
29585
29784
29920
30098
30132
29956
30137
29131
29977
29848
30090
29866
30496
30699
30468
30417
30358
30324
30454
30442
30516
30254
30765
30167
30442
30526
30364
30215
29975
29663
29962
30100
30244
30283
30387
30168
30770
30740
30793
31110
31372
31111
31341
31532
31316
31448
31686
31594
31556
31636
31739
31739
31912
31673
31370
31969
31764
31512
31881
31721
31928
32081
31936
31966
31558
32064
31956
31991
31914
32090
31896
31334
32026
31913
32298
32768
32363
32417
32498
32768
32744
32972
32960
32633
32538
32984
32730
32649
32864
32392
32848
33248
32794
32723
32732
33024
33421
32810
33104
33462
33299
33588
33502
33771
33260
33581
33436
34049
33897
33486
33704
33545
33909
33513
33914
34055
33964
34281
34405
33858
34034
33858
34184
33832
33765
34149
34066
34594
34509
34614
34661
34611
34460
35186
34916
34825
34936
34804
34842
34606
34724
34576
35204
34762
34837
34511
34809
34452
34704
35131
35158
35229
35416
35109
35096
35217
34858
35493
35559
35266
35712
35298
35444
36054
36170
36042
35834
35638
36026
35968
35456
35492
35513
35487
35621
35266
35819
35166
35348
35579
35994
35956
36574
36472
37033
37046
36699
36839
37165
36892
36819
36701
37024
37186
36966
36992
36669
36783
36964
37485
37064
36788
36923
37054
37126
37012
36703
36536
36514
36427
36564
36310
35661
36208
35710
36246
36149
36416
36811
37047
37223
37735
37926
37917
37884
38296
38230
38004
37947
37816
37464
37610
37165
36589
36132
35172
34381
33522
33268
32154
30894
29729
29352
29098
29108
29705
31104
32644
34274
34813
36394
37266
38794
39184
40184
39882
39354
40073
39626
39817
39941
39361
39670
39722
39701
39690
39332
39386
39470
39498
39725
39684
39948
39712
39626
39785
39400
39588
39585
39128
38817
39151
39300
39408
39918
39761
39469
39604
40263
40156
40635
40196
40509
40205
40810
40516
40941
40550
40676
40846
40916
40212
40021
40664
40228
40475
40406
40434
40610
40317
40712
40634
40413
40408
40907
41300
40994
40813
40677
41064
40656
40927
40865
41001
41258
41291
40969
41399
41088
41202
41096
41030
41142
41320
41585
41183
41096
41048
41131
41335
41472
41701
41463
41485
41652
41306
41710
41389
41997
41677
41646
41703
41614
41764
41771
41979
42396
42304
42429
42615
42730
42973
42761
42562
42868
42719
42794
42491
42683
42794
42964
43002
42774
42764
42821
43421
43204
43200
43521
43600
43397
43264
43392
43738
43502
43900
44029
43828
44249
43624
43344
42125
41728
41728
41677
40836
40884
40630
40538
40316
41594
42256
43034
43376
44005
44194
43987
44004
43650
44212
43981
44200
44288
44200
44072
44453
44716
44689
44164
44410
44507
44495
44882
44555
44173
44731
44846
44395
44429
44811
45260
44621
44523
44772
44987
44378
44660
44509
44500
44372
45170
44484
44932
44998
45098
44948
45132
44834
45469
44946
45104
45896
45348
45166
45274
45460
45744
45536
45400
45428
45620
45581
45493
46394
45740
45912
45377
45464
45892
45608
45066
45850
46368
46037
45604
45700
45290
45690
45706
45924
45521
46311
46062
46061
46084
45740
45562
46352
46132
46638
46158
46261
46647
46696
46506
46908
46749
46637
46660
46197
47137
46799
46628
46678
47102
47060
46843
47014
46854
46906
47237
46993
46540
47001
46888
47240
46882
47161
47454
47468
47650
47253
47480
47781
47620
47700
47127
47316
47589
47835
47872
47861
47452
48052
47498
48356
48281
48330
47549
48127
48213
47962
47817
47971
47874
48412
48095
48192
47597
48392
48326
47760
47738
48292
48110
47999
48121
47971
48410
48385
48461
48459
48724
48320
48660
48548
48125
48580
48313
47811
47876
47924
48040
47734
48108
47708
47526
48069
48308
48128
48116
48336
47906
48891
48461
48612
48324
48386
48770
48727
48696
48340
47942
48300
47850
48025
48154
47957
48152
48077
48586
48356
48257
48436
48952
48965
49067
49254
48939
49092
48932
49050
49290
48877
49139
49512
49536
49624
49691
49513
49162
49045
49580
49232
49426
49492
49444
49686
49146
49375
49267
49476
49248
49352
49344
49357
49268
49620
49478
49854
49368
49595
49242
49688
49508
49536
49266
49525
49488
49219
49625
49637
49322
49604
49977
49428
49592
49490
49503
50018
49428
49574
49834
49834
50244
49539
50148
50184
50102
50054
50056
49642
49664
50002
50090
49730
49617
49972
49828
49878
49408
49948
49966
49682
49944
49876
50234
50272
50246
50212
49775
50573
50184
50248
50248
49864
50106
49926
50432
49952
49966
50436
50150
50268
50266
50372
49901
50322
50057
49883
50154
50246
50570
50053
49986
50170
50432
50516
50352
50400
50354
50414
49960
50678
50188
50286
50261
49868
50353
50779
50484
49969
50596
50308
50407
50922
50484
50304
49962
50224
50740
50388
50664
50378
51122
50528
50502
50413
50571
50948
50628
50443
50228
50457
51076
50668
50304
50666
51240
50790
50838
50660
50890
50326
50403
50972
50484
50505
50442
51047
50586
50528
50560
50793
50844
50713
50628
50852
50618
50666
50848
50557
50376
50548
50506
50885
50664
50644
50496
50409
50546
50433
50774
50688
50837
50276
50939
50544
51352
50520
51014
50706
51115
50692
50861
50432
50261
49614
49508
49268
49300
49079
49240
48909
48780
48934
49096
50075
50240
51071
51401
51051
51028
50845
50228
50573
50720
50824
50893
50662
50538
50218
50690
51036
50597
50789
50571
50578
50907
50063
50484
50020
50868
50226
50304
50054
50155
50408
49817
50214
50272
49752
50619
50008
50532
50143
50529
50110
50500
50214
49912
50064
49952
50024
50344
50368
50140
50025
50493
50560
50386
49996
49998
50477
50314
50114
50648
50116
50432
50432
50285
49701
49839
50244
49386
49824
49578
49946
50320
50388
50106
50214
50129
49965
49957
49580
50164
49582
49740
49771
49908
49640
49624
50185
49616
49830
49874
49684
49460
49836
49489
49718
49536
49484
49408
49562
49428
49509
49484
49737
49442
49127
49627
49071
49241
49365
49354
49280
49476
49410
49432
49110
49664
48802
49486
49652
49574
49159
49164
49322
48838
49501
49339
49163
49040
48972
48736
48652
48982
49078
49021
49006
48941
48480
48999
48808
49210
48666
49514
48834
49280
48408
48808
48742
49078
48733
48469
48868
48928
48902
48810
49426
48645
48590
48384
48605
48256
48351
48536
49187
48340
48600
48651
48425
48260
47867
48293
48142
48054
48602
47754
48106
47997
48040
47914
47988
47673
48586
47958
47658
47620
48494
47926
47674
47370
47834
47511
47499
47628
47348
47637
46960
47306
47433
47093
47085
47300
47710
47194
47530
47432
47290
46929
46772
46932
47387
46882
46694
47140
46762
46648
46725
46722
46789
46486
46684
45978
46604
46548
46293
46273
45802
46436
46072
46229
46772
45999
46348
46278
46338
45944
46194
46210
45799
46362
46061
46045
45906
45632
45579
45819
45396
46030
45540
45898
45569
45658
45380
45411
45317
45685
45174
45432
44948
45673
45450
45097
45192
45444
45192
45334
44876
45252
44954
44861
44973
44924
44650
44779
44408
45042
44412
44208
44388
44564
44196
44592
44581
44141
44275
44260
44509
44260
44210
43981
43947
43977
44065
44136
43816
43483
43624
42957
42917
42717
42973
42814
42832
42941
42871
43053
42444
42873
42572
43111
42434
42902
42276
42512
42956
42485
42506
43062
42566
42486
42932
42221
41778
41682
40932
41299
41357
41034
40980
40997
41188
40675
41675
41034
41300
41472
41454
41284
41156
40744
40949
40826
40973
41152
40916
41149
41435
41225
40980
40971
41099
41237
40960
40754
40903
40788
40937
40813
40548
40480
40374
40452
40528
39985
39796
40154
40256
40014
39897
39626
40217
39402
39480
39986
39807
39232
39972
39476
39389
39309
39434
39104
39374
39700
39170
39322
39436
39388
39430
39181
39532
38792
38356
37995
37924
37573
37990
38344
37819
38440
38016
37853
37493
37721
38038
37696
37639
37956
38016
37478
37422
37152
37176
37088
37086
36635
37076
37058
36694
37376
36724
36997
36774
37035
36744
36666
36358
36730
36438
36457
36385
36332
36272
35730
35972
35681
35579
35908
35464
35348
35787
35575
35422
35528
35498
35336
34948
34750
34728
35105
35021
34672
35337
34465
34982
34746
34741
34605
34818
34312
34660
34445
34743
34184
34233
34256
34314
34315
34104
33814
33920
33988
33856
33413
33849
33503
33798
33920
33566
33348
33158
33172
33056
33015
32855
33267
32795
33024
32873
32724
32980
32896
32550
32971
32592
32694
32106
32189
32393
32462
32221
31786
32322
31789
31904
31897
32008
31892
31922
31788
31488
31621
31578
31321
31386
31570
30874
30443
29368
29132
29002
28938
28917
28919
28845
28476
28637
29068
28936
29244
29526
29250
29399
28784
28724
28907
28662
28842
28916
28780
28801
28522
28772
28196
28206
28110
27921
28332
28134
27750
27828
28183
27506
27855
27867
27684
27568
27479
27780
27476
27615
27421
27637
27583
27483
27493
27556
27791
27915
27303
27588
27862
27658
27924
27840
27768
27895
28208
28139
28501
28324
28500
27904
27986
27991
27924
27680
27529
27430
27683
27456
27237
27171
27348
27016
26825
26905
27067
26430
26880
26376
26454
26757
26860
26488
26804
26783
26629
26589
26676
26906
26388
26538
26378
26365
26270
26013
26509
26406
25984
26094
26112
26070
25872
25775
25949
25751
25701
25753
25920
25828
25444
25792
25888
25502
25578
25369
25453
25604
25368
25421
25514
25297
25186
24975
25227
25128
25053
24945
25129
25019
25017
24921
24761
25181
24868
24902
24561
24717
24797
24971
24309
24584
24882
24282
24754
24604
24616
24585
24360
24324
24750
24315
24409
24397
24221
24096
23958
23770
23604
23872
23842
24029
24018
23832
24213
23875
23912
24323
23961
24047
23918
23868
23800
23837
23748
23809
23885
23636
23429
23420
23382
23476
23535
23585
23730
23604
23388
23237
23483
23080
23293
23156
23045
23362
23475
23419
23251
23122
23219
23170
23220
23131
23860
23610
23407
23755
23562
23518
23565
23573
23700
23509
23686
23673
23355
23522
23889
23846
23622
23789
23707
23765
23450
23333
22878
23204
23076
22840
23304
23107
23120
22806
23199
23303
23261
23463
23562
23244
23728
23788
23842
23898
24074
23925
23997
23833
23956
24141
23785
24045
24059
24044
24261
23748
24111
24260
24000
23948
23949
23746
24073
24004
24172
24203
24543
24220
24413
24059
24422
24329
24216
24349
24456
24326
24442
24250
24803
24592
24480
24741
24909
24714
24136
24163
24025
24467
24446
24228
24684
24484
24081
24268
24301
24582
24972
25188
25165
25834
25322
25626
25998
25765
25669
25668
25924
25932
25728
26072
25888
26066
25932
25997
26134
26145
26196
25931
26440
26373
26211
26156
26409
26276
26694
26589
26405
26933
26482
26696
26854
26745
26651
27002
26964
27162
27066
27529
27511
27822
27969
27973
27768
28235
28036
27866
27732
28206
28213
28356
28196
28433
28472
28466
28461
28503
28752
28792
28736
28591
29067
28863
28909
28948
29124
29234
29589
29468
29476
29475
29332
29779
29990
29556
29890
30158
30175
30523
30425
30352
30629
30485
30442
30747
30840
30740
31001
30858
31100
31392
31337
31490
31562
31700
31412
31917
32052
32024
32138
32184
32352
32214
32298
32217
32496
32789
32581
32766
32638
32740
32757
32310
32320
32582
32551
32462
32266
32294
32428
32755
33431
33608
34284
34136
34164
34180
33725
33940
33972
34612
34542
34453
34534
34676
34516
34680
34921
34658
34846
34869
34936
34848
35493
35077
35203
35482
35096
35555
35382
35609
35261
35444
35834
36020
36065
36262
36674
36484
35899
36120
36368
36311
36648
36441
37062
37329
37376
37466
37398
37386
37484
37611
38257
38184
37868
37995
37865
38157
38333
38042
37793
37967
38331
38008
38806
38408
38302
37833
38472
38300
38992
39014
39063
39545
39192
39335
39531
39424
39178
39629
39341
40000
39604
40107
39821
39750
40169
39786
39961
40501
39957
40487
40729
40192
40299
40357
40960
40353
40735
40966
41060
41336
40535
41052
41144
41010
41243
41560
41544
41734
41813
41926
42091
41861
41632
42155
42112
42228
42240
42229
42292
42112
42309
42425
42451
42504
42616
42548
42826
42938
42516
42641
42986
42966
42704
42997
42966
42916
43092
43136
43530
43464
43290
43821
43530
43529
43746
43652
43470
43796
43332
43533
44178
43752
44166
44090
44172
44346
44519
43698
44160
44160
43995
44364
44548
44487
44677
44084
44618
44608
44486
44952
45056
44989
44200
44120
44874
44490
44525
44548
44637
45312
45060
45108
45188
45184
45433
45144
45291
45425
45572
45023
45600
45012
45365
44984
44770
45090
44909
45073
45401
45556
45156
45275
45188
45493
45517
45321
44986
45604
45344
45391
45400
45132
45413
45068
45021
45369
45352
45963
45413
45252
45708
45161
45485
45253
44953
45496
45312
45576
45478
45400
45492
45568
45780
45492
45490
45056
45568
45572
45612
44990
45358
45016
45138
44773
45327
45602
45328
45057
45158
44820
45500
45002
44761
45030
45766
44696
45148
45012
45332
44802
44660
44893
45451
44748
44952
44748
44939
45028
45068
44821
44708
44552
44984
44656
44797
44456
44701
44160
44098
43935
44348
44202
44452
43910
43924
43942
44178
43980
43444
43353
43064
42900
42843
42811
43192
42942
43361
43450
42941
43382
43405
43244
43192
42957
42521
43053
42024
42472
42329
42180
41605
41530
41434
41134
41363
41365
41128
41480
40949
41652
41770
41854
41721
42148
42001
41746
42132
41884
41637
41204
40909
41588
41156
41486
41174
40853
40900
40626
40831
40653
40726
40397
40504
40392
40084
39867
39620
40284
39843
40101
39700
39611
39332
39306
39447
39130
39466
39277
38954
38824
38890
38712
38436
38166
38244
38154
38157
38126
37952
37892
37634
37414
37876
37792
37026
37229
37018
37148
36846
36903
36192
35622
35416
35192
35485
35957
35682
35412
35660
36004
36148
35798
35975
35416
34718
35090
34756
34548
34402
34546
34460
34864
34704
34613
34612
34804
34109
33921
33985
33927
33669
33698
33369
33108
33024
33113
33028
32637
32701
32698
32776
32508
32392
32314
32172
32340
31866
32037
31371
31451
31304
31308
30998
30848
31018
30760
30548
30420
30606
30414
30454
30293
30216
30108
29833
30042
29763
29473
29483
29893
29095
28964
29531
29097
28994
28762
28730
28791
28655
28090
28154
28203
27821
27428
27522
27861
27322
27354
26886
26997
26899
26777
26865
26848
26352
26571
26397
26824
26224
26288
26013
25913
26026
25741
25508
25386
25424
25426
24859
25067
24917
24944
24921
24292
24124
23705
23626
24003
24049
24210
23532
22814
22430
21914
22285
22688
22862
22681
22997
22600
22912
23050
22914
22636
22666
22502
22273
22203
22341
21828
21611
22021
21621
21548
21437
21225
21147
20998
20820
20618
20536
20928
20561
20075
20318
20371
19961
19893
19863
19878
19433
19578
19692
19528
19282
19574
18965
18909
18997
18737
17988
17427
17058
16662
16468
16459
17051
17537
17209
17552
17643
17374
17322
17499
17466
17166
17072
17007
16845
16912
16760
16205
16680
16490
16500
16279
16066
16323
16093
15641
15636
15452
15612
15560
15394
15257
15137
14791
14987
14771
14851
14642
14585
14441
14158
14133
14092
14093
13661
13785
13806
13912
13773
13623
13205
13405
13396
13118
12954
12840
12566
12807
12676
12535
12591
12465
12360
12318
12155
12144
11903
12174
11769
11882
11574
11597
11603
11345
11401
11289
11164
11105
11060
10993
10895
10396
10535
10279
10031
9964
9860
9672
9610
9614
9709
9565
9737
9605
9679
9430
9433
9396
9458
9461
9380
9106
8832
8976
8941
8599
8508
8725
8592
8408
8397
8330
8442
8367
8248
8201
8060
8007
8220
7861
7812
7835
7702
7914
7720
7648
7588
7749
7461
7534
7371
7322
7419
7395
7266
6775
7083
7293
6984
7128
6932
6990
6945
6868
6686
6529
6724
6585
6523
6568
6255
6211
6325
6292
6171
6150
5894
5792
5999
6092
6089
6220
5943
6003
6169
6107
5968
5995
6062
5854
5845
5850
5836
5726
5921
5811
5904
5730
5670
5615
5585
5591
5556
5550
5612
5136
5632
5402
5314
5184
5383
5289
5379
5316
5185
5201
4896
4845
4747
4753
4852
4925
4841
4909
4869
4801
4741
4774
4885
4777
4816
4888
4759
4689
4718
4642
4534
4652
4407
4490
4356
4458
4514
4425
4432
4447
4329
4468
4527
4397
4218
4361
4451
4238
4286
4247
4143
4150
4282
4084
4162
4143
4057
4055
4054
4096
4087
3994
3979
3919
4038
4123
4091
4027
4034
3967
3903
3925
3903
3913
3854
3758
3853
3758
3812
3729
3675
3730
3875
3785
3805
3802
3660
3766
3655
3676
3628
3573
3759
3709
3549
3677
3623
3601
3631
3461
3664
3610
3360
3549
3575
3551
3532
3443
3432
3493
3461
3466
3514
3445
3290
3409
3424
3434
3311
3352
3355
3341
3282
3335
3311
3340
3274
3286
3395
3364
3325
3271
3326
3351
3248
3301
3299
3235
3277
3200
3228
3228
3213
3294
3177
3319
3224
3169
3243
3173
3146
3217
3279
3073
3166
3176
3106
3142
3108
3140
3122
3044
3098
3110
3153
3144
3190
3062
3069
3044
3048
3180
2971
3122
3120
3070
3099
2955
3018
3069
2926
3154
2930
3055
2961
2962
2923
3020
3072
3102
2875
3036
2962
3037
2868
2914
3013
2876
2922
2904
2754
2746
2860
2866
2827
2826
2916
2839
2994
2904
2804
2821
2937
2945
2760
2789
2746
2854
2788
2915
2866
2805
2853
2747
2931
2914
2825
2854
2938
2920
2795
3077
2810
2783
2788
2921
2877
2763
2809
2722
2763
2735
2784
2904
2887
2959
2887
2846
2709
2716
2745
2788
2724
2759
2839
2905
2823
2682
2752
2705
2772
2806
2705
2758
2712
2827
2695
2814
2713
2741
2761
2830
2699
2646
2709
2714
2691
2730
2769
2752
2659
2660
2765
2847
2786
2839
2862
2754
2670
