3393
3334
3492
3504
3341
3441
3464
3495
3405
3314
3297
3521
3491
3615
3307
3454
3537
3522
3471
3530
3434
3498
3417
3426
3419
3383
3369
3490
3476
3544
3529
3463
3588
3530
3563
3519
3528
3598
3554
3585
3606
3569
3436
3692
3474
3532
3524
3534
3676
3609
3599
3599
3681
3496
3772
3668
3616
3680
3652
3487
3651
3718
3568
3505
3501
3552
3591
3520
3587
3515
3623
3522
3725
3742
3592
3704
3533
3679
3833
3805
3915
3706
3698
3691
3729
3725
3671
3696
3739
3649
3689
3765
3696
3789
3848
3799
3704
3693
3693
3804
3714
3797
3823
3753
3794
3714
3792
3772
3714
3890
4009
3763
3877
3785
4005
3734
3879
3902
3821
3925
3861
3862
3711
3847
3950
3974
3887
3852
3892
3871
3850
3989
4084
3940
3848
3966
3939
3872
4093
3877
4000
4031
3973
4000
3902
3929
4050
3956
4086
3916
3896
4001
3953
4061
3895
3956
4188
3967
4187
4038
4008
4122
3918
4101
4143
3906
4087
4008
4089
3979
4113
4175
4111
4027
3953
3978
4199
4096
4153
4100
4029
4218
4114
4156
4210
4199
4307
4059
4324
4356
4199
4093
4267
4109
4174
4155
4145
4139
4176
4114
4176
4174
4255
4329
4277
4202
4107
4162
4133
4081
4324
4154
4353
4334
4157
4332
4240
4373
4326
4270
4436
4379
4359
4307
4280
4301
4277
4328
4435
4338
4393
4394
4304
4292
4441
4429
4343
4587
4471
4509
4512
4504
4348
4405
4384
4382
4377
4391
4362
4312
4504
4462
4520
4552
4568
4439
4517
4604
4718
4533
4484
4584
4417
4616
4413
4588
4568
4544
4563
4612
4711
4574
4763
4700
4723
4611
4752
4467
4633
4573
4772
4609
4645
4680
4682
4543
4581
4557
4734
4708
4713
4585
4794
4848
4723
4787
4760
4723
4786
4719
4714
4649
4634
4746
4836
4795
4750
4826
4940
4740
4951
4854
4936
4957
4678
4897
4919
4807
4954
4772
5022
4852
4846
4881
4968
4776
4814
4884
4877
4954
4873
4904
4936
5001
4904
4993
4972
5130
5165
4945
5042
5024
4930
5020
5108
4952
4964
4925
4885
4818
4988
4932
4797
5091
4941
5020
5148
5043
5035
5187
5084
5036
5269
5109
5171
5282
5162
5107
5197
5120
5153
5194
5137
5309
5013
5252
5015
5357
5114
5236
5211
5146
5249
5322
5300
5226
5399
5184
5217
5126
5372
5311
5291
5364
5416
5386
5470
5332
5217
5416
5374
5412
5367
5323
5495
5183
5455
5468
5520
5285
5287
5423
5319
5507
5448
5463
5461
5359
5507
5456
5631
5808
5526
5600
5612
5353
5699
5567
5615
5507
5597
5518
5589
5350
5631
5734
5533
5756
5721
5619
5702
5718
5690
5477
5897
5706
5741
5615
5665
5753
5658
5749
5711
5700
5742
5799
5800
5677
5839
5676
5876
5794
5760
5786
5936
5704
5865
5720
5879
5755
5851
5803
5864
5786
5952
5731
6019
5906
5868
5895
6006
5749
5974
6039
6011
6056
5892
6156
6084
6275
5911
5997
5936
6016
6041
6009
6140
6116
6009
5944
6072
6250
6287
6128
6129
6112
5888
6021
6126
6126
6208
5969
5897
6052
6302
6352
6273
6114
6138
6190
6232
6324
6056
6162
6264
6313
6281
6244
6237
6330
6328
6391
6314
6100
6269
6369
6271
6413
6516
6243
6361
6303
6493
6464
6520
6443
6537
6307
6559
6310
6539
6523
6666
6636
6536
6590
6560
6542
6597
6488
6381
6656
6448
6693
6580
6492
6888
6556
6395
6691
6678
6511
6786
6464
6678
6769
6656
6745
6872
6784
6605
6791
6829
6636
6761
6646
6692
6895
6900
6701
6813
6716
6709
6831
6972
6872
6860
6930
6939
6758
6833
6758
6837
6861
6948
7044
6848
6825
6864
6948
6937
6910
6813
7157
6907
6993
7086
7198
7094
7197
7092
7041
6898
6905
6799
6878
7003
6797
7074
6863
6775
6769
6851
7021
7126
7283
7095
7154
7170
7325
7335
7237
7365
7366
7330
7286
7322
7241
7449
7326
7291
7288
7350
7336
7454
7396
7376
7367
7382
7338
7405
7318
7417
7404
7403
7481
7672
7573
7704
7573
7470
7257
7660
7399
7541
7394
7537
7397
7298
7581
7673
7643
7392
7681
7563
7461
7644
7625
7547
7571
7657
7706
7785
7586
7896
7808
7613
7676
7894
7637
7579
7656
7643
7670
7645
7653
7690
7741
7819
7775
7983
7908
7920
7922
8045
8062
7894
7910
8091
7982
8033
8183
7972
8069
7928
8101
7884
7841
8027
7902
8119
8235
8366
8086
8041
8250
7911
8154
8266
8137
8110
8174
8196
8285
8192
8525
8231
8275
8286
8465
8368
8504
8461
8218
8276
8295
8202
8228
8564
8493
8516
8535
8352
8532
8514
8384
8530
8468
8524
8455
8418
8465
8606
8577
8686
8699
8668
8649
8751
8535
8895
8716
8871
8596
8888
8629
8690
8695
8786
8640
8608
8848
8685
8727
8704
8579
8774
8945
8842
8801
8820
8929
8971
8782
8802
8885
8781
8978
8895
9053
8936
8940
9019
8744
8832
9042
9018
9108
9212
9168
9065
9163
9295
9253
9329
9289
9029
9206
9086
9016
9085
9122
9051
9181
9167
9100
9289
9138
9233
9288
9212
9525
9504
9276
9369
9364
9325
9125
9371
9499
9349
9366
9414
9469
9499
9563
9747
9693
9730
9649
9671
9676
9468
9366
9591
9636
9535
9636
9650
9550
9521
9772
9639
9711
9673
9749
9728
9805
9697
9702
10004
9986
9826
9986
9708
10031
9935
9999
9876
9628
9820
9610
10093
9958
9740
9892
10022
10200
10285
10000
10211
10204
10024
10264
10305
10271
10311
10391
10188
10135
10468
10405
10342
10260
10361
10261
10293
10376
10410
10446
10333
10392
10368
10382
10456
10420
10553
10492
10426
10485
10561
10336
10457
10450
10632
10700
10481
10514
10627
10771
10655
10696
10483
10539
10889
10768
10385
10710
10661
10740
10628
10642
10777
10624
10591
10993
10628
10736
10723
10840
10984
10931
11008
10978
11051
10980
11017
10969
10843
10979
10935
11225
11052
11069
11055
11117
10804
11103
10926
11222
11148
10849
11028
11161
11107
10971
11192
11396
11254
11290
11324
11359
11245
11168
11280
11247
11246
11320
11571
11298
11439
11439
11336
11218
11264
11498
11477
11459
11612
11458
11415
11314
11420
11526
11390
11533
11486
11464
11568
11471
11574
11706
11739
11780
11688
11837
11940
11638
11585
11722
11595
11556
11550
11542
11508
11766
11612
11626
11549
11882
11904
11756
11874
11814
11966
12041
11787
12183
12385
12050
11980
12243
12364
12088
12042
12242
12228
12255
12295
12402
12613
12442
12159
12390
12183
12130
12066
11914
11901
11992
12085
11940
11733
12081
12071
12068
12237
12203
12238
12311
12325
12294
12559
12254
12530
12443
12425
12570
12528
12484
12656
12459
12468
12171
11959
11637
11650
11416
11244
11112
10745
10378
10074
9987
10138
10276
10528
10838
11207
11681
12007
12331
12755
13118
13411
13080
13339
13206
13352
13401
13286
13174
13232
13060
13194
13275
13237
13220
13203
12988
13408
13189
13485
13220
13204
13160
13126
13470
13291
13215
13146
13019
13288
13221
13364
13322
13500
13449
13593
13546
13469
13441
13622
13504
13730
13472
13720
13640
13609
13785
13723
13591
13815
13304
13626
13429
13824
13687
13421
13484
13711
13858
13812
13685
13822
13958
13708
13774
13948
13645
13646
13666
13906
13830
13824
13827
13781
13750
13962
13892
14007
14034
14260
14070
13644
14009
13850
13555
13944
13847
14012
14129
14184
14138
13902
14135
14193
13775
14031
13954
14089
14042
14020
14258
14024
13960
14365
14131
14374
14484
14593
14437
14500
14510
14407
14506
14460
14413
14580
14580
14616
14799
14659
14559
14633
15076
14866
14620
15025
14856
14877
15066
15084
14962
14744
14906
15029
15064
14842
14594
14606
14450
14508
14471
14472
14292
14213
14439
14056
14071
14167
14368
14674
15070
15033
15096
15384
15240
15161
15298
15406
15316
15546
15490
15421
15450
15222
15396
15060
15374
15318
15425
15599
15732
15617
15252
15765
15455
15561
15749
15258
15725
15531
15805
15528
15617
15581
15575
15676
15372
15661
15537
15656
15730
15961
15839
15718
16074
15604
16190
15956
15992
15884
16076
15890
16011
15827
15982
15981
15882
16176
16186
16000
16000
16007
16133
16014
15938
16354
16062
16235
16071
16133
16152
16282
16197
16018
16253
16372
16659
16337
16229
16396
16255
16398
16136
16662
16599
16388
16665
16476
16735
16368
16806
16713
16750
16932
16484
16516
16608
16871
16654
16475
16552
16939
16898
16886
16916
16889
16628
16840
16759
16861
16796
16651
17041
17249
16884
17044
16793
16949
16924
17139
17098
16939
17189
17252
17348
17176
17174
17290
16948
17209
17432
17192
17606
17516
17418
17410
17092
17324
17512
17397
17508
17309
17429
17420
17744
17611
17445
17554
17737
17529
17516
17701
17576
17371
17492
17808
17399
17949
17557
17564
17625
17744
17975
17958
17912
17578
17772
17751
17696
17618
17773
17704
17664
17642
18120
17664
17825
18003
17646
17850
17912
18206
18134
18132
17900
17720
18166
17834
18012
18363
17765
18014
17992
17723
17806
17944
17908
17876
17903
18060
18065
18026
18212
18282
18164
18346
18336
18688
18554
18262
18405
18061
18385
18494
18264
18600
18830
18376
18547
18592
18678
18901
18249
18600
18621
18628
18858
18446
18850
18657
18763
18802
18888
18937
18944
18838
18844
19015
18484
18922
19003
18952
18872
19102
18713
18594
19123
19021
18898
18956
19138
19108
19211
19145
19253
19383
19218
18722
19000
19283
19179
19428
19085
19288
19195
19033
19414
19258
19371
19438
19505
19322
19293
19370
19534
19821
19806
19620
19462
19435
18993
19494
19572
19643
19536
19450
19383
19844
19420
19762
19605
19790
19742
19574
19482
19578
19738
19770
19637
19534
19772
19712
19664
19501
19796
20020
19442
19660
20026
19954
19700
19797
20150
19636
19791
19912
19937
19664
19962
20036
20122
19691
20170
19901
19865
20248
20104
20068
20017
19869
20020
20166
20048
19988
20041
20293
20029
20066
20149
20100
20007
20428
20034
20002
20280
20221
20188
20116
20379
20405
20532
20317
20343
20410
20830
20371
20729
20291
20513
20360
20472
20156
20452
20292
20662
20633
20417
20708
20756
20676
19957
20724
20724
20672
20632
20634
20628
20633
20712
20660
20413
20476
20560
20663
20480
20826
20824
21072
20738
20872
20740
20887
20805
21115
20812
20772
20813
20761
20967
21068
20864
20921
20850
20644
20486
20498
20572
20643
20400
20249
20381
20186
20411
20692
20651
21220
21033
21493
21282
21169
21299
21053
20845
21152
21262
21368
21102
21124
21296
21470
21346
21384
21492
21222
21332
21416
21033
20969
21094
21486
21346
21112
21584
21350
21522
21494
21289
21802
21398
21554
21260
21445
21381
21525
21380
21401
21492
21482
21390
21652
21626
21534
21465
21773
21316
21554
21589
21739
21762
21641
21802
21661
21771
21467
21827
21920
21736
21674
21760
21599
21653
21768
21724
21654
21790
22044
21736
21412
21867
21868
21853
21896
22013
21810
21865
21806
21949
21921
22229
21818
21732
22148
21953
22011
22068
22297
21794
21906
21840
22222
21929
22097
21965
22088
22299
22046
21810
22298
21869
22107
22101
22271
22203
22126
22458
21914
22125
22055
22364
21967
21960
22248
21858
22329
22026
22475
21842
22313
22278
22503
22166
22405
22397
22336
22460
22048
22282
22298
22151
22308
22338
21958
22456
22210
22477
22519
22382
22325
22217
22489
22698
22395
22550
22716
22660
22562
22391
22338
22706
22586
22427
22472
22686
22383
22380
22580
22664
22921
22758
22397
22477
22836
22714
22912
22758
22534
22564
23002
23193
22790
22664
22804
22554
22738
22453
22986
22835
22856
22762
23078
22853
22715
22721
22769
22965
22509
23044
22411
22875
22859
22760
22838
22658
22599
22731
22804
22701
22836
22506
22698
22754
22884
22970
22918
22900
23064
22809
23120
22942
23017
22912
22684
22820
22666
22836
22729
22777
22744
22525
22477
22971
22680
22986
22590
23267
23049
22994
22799
22811
23040
23221
22932
22997
23194
22952
23300
23059
23036
22811
23002
23096
23182
22756
23122
22758
23497
22702
22931
23152
23080
23237
23131
22785
22975
23082
23184
22908
23173
22998
23250
23180
22880
22771
23088
23413
23140
23045
23428
22925
23470
23274
23282
23104
23284
23389
23162
23284
23110
23268
23430
23400
23418
23192
23177
22992
22980
23061
23072
22893
22912
22837
22824
23021
23108
22841
22833
23059
22866
22943
23114
23182
23291
22963
23216
22850
22882
22988
23028
23262
23307
23229
22560
23014
22826
23129
22878
22773
22950
22725
22986
22774
22757
22660
22716
22634
22717
22993
22557
22637
22437
22389
22861
23034
23050
22900
22759
23029
23132
23262
23334
23396
23246
23573
22939
23373
22950
23131
22953
22800
23217
22923
23076
23048
22920
22609
22964
22937
23040
23169
22895
23232
23253
23188
23049
23226
23606
22900
23551
23323
23049
23196
23248
22982
22960
23146
22954
23066
23052
23403
22877
23355
22884
23200
23137
22688
23054
22720
22906
22794
23140
22923
22787
23370
22848
22629
22797
22848
22936
22881
23032
23054
22793
22964
22824
23040
22806
22868
22810
22885
23093
22609
22604
22965
22837
23007
22772
23018
22989
22721
22898
22594
22784
22647
22763
22925
22804
23062
22402
22902
22849
22738
22386
22918
22529
22790
23012
22621
23042
22788
22656
22443
22763
22725
22602
22483
22744
22750
22539
22693
22758
22548
22620
22278
22729
22628
22451
22324
22407
22487
22573
22820
22271
22582
22642
22386
22122
22574
22441
22372
22625
22265
22736
22580
22428
22122
22543
22619
22139
22447
22244
22354
22236
22242
22484
22236
21839
22443
22317
22392
22186
22214
22196
22324
22187
22011
22234
22329
22358
22199
22252
22502
21913
21743
22333
22163
22066
22125
22144
21896
21961
22009
21926
22340
21718
21966
22068
21820
22104
22219
21917
21712
21978
21775
22148
21989
21709
21986
21600
21774
21950
21679
21640
21858
21941
21774
21654
21896
21245
21702
21828
21659
21608
21503
21591
21650
21403
21437
21305
21480
21397
21697
21539
21554
21390
21402
21223
21126
21156
21397
21362
21516
21340
21558
21569
21508
21242
21312
20959
21460
21317
21226
21280
21286
21126
21128
21130
20917
21493
21156
21006
21083
21197
21305
20737
20935
21184
20608
20936
20924
20873
20783
20492
20598
20820
20792
20437
20398
21050
20820
20889
20753
20840
20800
20618
20673
20916
20772
20710
20429
20742
20397
20772
20580
20940
20418
20488
20399
20422
20171
20468
20585
20204
20177
20041
20212
20452
20296
20162
20290
20079
20079
20264
20000
19982
20280
20127
20013
20228
20251
20036
20155
20069
20009
19851
19941
19584
19672
20056
20020
19665
19664
19876
19864
20096
19712
19798
19788
19645
19862
19822
19739
19861
19910
19602
19434
19674
19706
19480
19562
19247
19337
19652
19481
19514
19532
19286
19348
19377
19284
19310
19648
19175
19119
18863
19165
19183
18944
19109
19284
19128
18639
18982
18664
18778
18776
18626
18705
18720
18790
18555
18880
18576
18632
18393
18283
18501
18452
18452
18712
18340
18507
18446
18710
18808
18688
18735
18617
18474
18516
18539
18410
18764
18404
18192
18466
18674
18826
18584
18164
18213
18387
18420
18367
18182
17540
17689
17341
17307
17390
17416
17664
17540
17550
17540
17560
17657
17797
17716
17984
17785
17984
17871
17904
17974
17809
17878
17469
17838
17476
17765
17556
17510
17670
17810
17502
17353
17427
17584
17613
17157
17448
17360
17333
17253
17467
17231
17153
17157
17232
17429
16925
17063
17321
17020
17150
16664
16885
17024
17147
17156
17073
16780
16565
16718
16520
16319
15826
16183
16253
16143
16512
16434
16162
16319
16525
16504
16535
16712
16400
16514
16741
16564
16607
16601
16506
16302
16155
16185
16347
16229
16452
16041
16274
16342
15932
16023
16090
16008
15853
15897
16160
15571
15718
15442
15517
15721
15821
15776
15630
15871
15460
15597
15605
15807
15830
15584
15464
15440
15324
15240
15370
15327
15267
15325
15208
15234
15445
15310
15067
15102
15179
15224
15036
15028
15046
15249
15150
15252
15092
15038
14836
14966
15058
15217
14744
14938
14895
14554
14953
14733
14709
14582
14722
14772
14756
14561
14511
14570
14535
14368
14660
14656
14444
14413
14501
14403
14380
14239
14136
14123
14383
14404
14288
14228
14355
14120
14271
14236
14043
14340
14050
14138
14114
14070
14071
14162
14036
13849
13893
13452
13600
13412
13410
13560
13472
13457
13395
13632
13539
13573
13324
13627
13693
13611
13699
13623
13531
13570
13414
13365
13496
13475
13366
13340
13235
13501
13386
13045
13151
13167
13192
13278
12981
13093
13161
12955
12965
12886
13108
13209
12868
12811
12872
13083
12797
12752
12838
13081
12821
12426
12810
12723
12613
12698
12644
12810
12680
12690
12598
12691
12405
12710
12724
12526
12446
12569
12770
12461
12218
12434
12393
12265
12297
12190
12219
12255
12288
12091
12271
12131
12299
12228
12428
12043
12065
12154
12180
12078
12005
12165
12021
12236
11841
12258
12048
11944
12189
11830
12020
11956
11904
11564
11925
11654
11783
12056
11580
11475
11806
11633
11537
11637
11481
11392
11693
11467
11538
11635
11556
11661
11520
11575
11589
11365
11605
11556
11612
11408
11660
11498
11403
11397
11475
11532
11367
11226
11325
11241
11506
11286
11525
11211
11378
11479
11300
11259
11407
11353
11392
11310
10999
11086
11012
11021
11191
11211
11308
11352
10928
11131
10965
11159
10952
11149
11101
10953
10961
10972
10714
10805
10850
10770
10568
10813
10858
10871
11068
10892
10977
10798
10742
10614
10891
10997
10634
10716
10798
10869
10552
10692
10882
10831
10778
10934
10952
10720
10772
10528
10764
10783
10635
10716
10656
10813
10619
10511
10712
10610
10718
10780
10656
10520
10787
10653
10561
10704
10665
10386
10628
10649
10640
10765
10571
10544
10769
10598
10742
10572
10745
10582
10674
10442
10739
10665
10491
10768
10672
10589
10809
10620
10466
10701
10820
10514
10852
10605
10667
10696
10659
10447
10636
10509
10611
10724
10266
10451
10575
10483
10516
10607
10681
10609
10487
10594
10497
10807
10573
10665
10684
10506
10628
10732
10607
10567
10643
10995
10735
10696
10826
10781
10590
10957
10739
10781
10929
11016
10658
10610
10554
10825
10673
10706
10886
10566
10796
10802
10699
10712
10680
10807
10577
10852
10786
10703
10850
10850
10514
10941
10938
10706
10749
10895
10956
11014
10831
10984
10928
10900
10886
10904
10818
10669
11033
10745
10873
10957
10571
10816
10843
11018
10653
10874
10891
10945
10961
10959
11030
11064
11089
11463
11193
11262
11126
11068
11225
11168
11324
11228
11174
11186
11400
11630
11368
11250
11380
11284
11257
11415
11333
11383
11417
11394
11371
11558
11247
11563
11536
11318
11505
11837
11655
11864
11396
11556
11565
11593
11662
11640
11551
11727
11621
11681
11548
11731
11780
11849
11866
11558
11835
11859
11825
11943
11977
11752
11772
11846
11655
11804
11432
11721
11770
11920
11651
12070
12244
12015
11858
12222
12037
12172
12007
12156
11832
11810
12127
12038
12167
12240
12432
12376
12345
12200
12175
12370
12282
12318
12167
12246
12298
12216
12507
12340
12352
12266
12267
12338
12470
12370
12379
12498
12356
12447
12227
12702
12433
12453
12424
12575
12685
12420
12580
12398
12625
12382
12450
12809
12731
12424
12822
12821
12820
12613
12844
12279
12495
12833
12666
12603
12811
12818
12675
12890
12818
13122
12854
12666
12738
12897
12971
12635
12877
12772
12733
12982
12746
12878
13046
12766
13120
12828
12930
13042
12818
13099
12938
12873
13110
12922
12779
12937
12953
12995
13166
13115
13042
13209
12843
12808
12748
13002
13124
13200
12961
12969
12937
13015
12639
12514
12834
12845
12815
12648
12740
12785
12842
13133
13257
12926
13497
13124
13226
13321
13364
13206
13254
13201
13126
13176
13134
13122
13147
13031
13190
13423
13205
13311
13352
13348
13051
13318
13271
13310
13155
13243
13296
13218
13079
13262
13183
13414
13285
13440
13370
13208
13323
13389
13273
13238
13228
13380
13458
13366
13320
13356
13288
13012
13307
13286
13286
13158
13256
13187
13179
13262
13126
13197
13256
13399
13279
13365
13344
13299
12978
13122
13231
13179
13150
12987
13037
13351
13191
12955
13000
13359
13142
12979
13313
13131
12988
13176
13321
13211
13123
13160
13028
13070
12792
12892
13126
13088
13358
12822
12999
13088
13142
13073
13092
13162
13076
12955
13002
12928
12829
12954
13045
13120
13071
13244
12918
12909
12882
12815
12851
13004
12717
12811
13118
13044
13070
12716
12811
12858
12528
12561
12595
12599
12836
12754
12671
12694
12639
12476
12764
12795
12756
12586
12649
12656
12572
12765
12480
12488
12598
12599
12719
12333
12722
12673
12658
12327
12640
12438
12517
12379
12380
12139
12422
12527
12357
12227
12500
12051
12228
12191
12125
12132
12146
12114
11993
12261
12243
12213
12164
12165
12388
12115
11965
12054
11968
11842
12080
11947
11893
12041
12021
12229
11934
11787
11895
11810
11505
11854
11941
11628
11853
11688
11811
11758
11722
11776
11690
11747
11844
11665
11495
11734
11451
11812
11680
11355
11447
11437
11552
11750
11424
11386
11257
11116
11554
11269
11439
11138
11316
11135
11093
11164
11113
11010
11221
10987
11147
11098
10990
11255
11109
11147
10960
11098
10710
10775
10821
10727
10687
10569
10810
10682
10558
10797
11044
10891
10650
10568
10496
10543
10319
9885
10036
9808
10037
10040
10290
10274
10162
10301
10206
10125
10146
10433
10252
10009
10056
10146
10116
9958
9963
10039
10028
9893
9638
9887
9888
9695
9717
9613
9594
9528
9600
9490
9447
9504
9582
9393
9504
9429
9325
9267
9194
9366
8882
9149
9220
9111
9083
8975
8928
8894
8813
8992
8865
8900
8890
8723
8845
8791
8784
8707
8666
8738
8469
8463
8615
8416
8442
8312
8267
8306
8287
8161
8308
8399
8234
8248
8262
8399
8186
8182
7823
8186
8092
7951
8080
7912
7767
7628
7721
7775
7759
7691
7788
7531
7368
7435
7492
7533
7550
7572
7353
7316
7331
7332
7239
7100
7389
7122
7115
7106
7125
6993
6801
6924
6927
6858
6976
6862
6866
6914
6728
6809
6653
6657
6509
6357
6438
6334
6437
6421
6221
6195
6499
6176
6262
6155
6138
6106
6159
6148
6045
5965
5837
5854
5965
5782
5757
5871
5737
5810
5683
5624
5662
5499
5843
5567
5598
5573
5545
5588
5390
5449
5397
5447
5309
5053
4861
5036
4722
4746
4911
4937
4876
5107
4917
4945
5008
4885
4929
4795
4870
4763
4785
4658
4623
4648
4779
4863
4704
4734
4563
4516
4580
4509
4512
4589
4443
4526
4366
4422
4570
4354
4199
4251
4273
4157
4340
4201
4172
4374
4063
4085
4206
4058
4037
3994
3980
3941
3995
3874
3982
3842
3893
3868
3859
3834
3835
3799
3812
3794
3829
3748
3671
3655
3665
3847
3740
3630
3597
3645
3737
3532
3567
3515
3501
3464
3452
3271
3568
3513
3368
3371
3381
3442
3407
3328
3510
3227
3255
