3551
3438
3442
3457
3538
3547
3415
3618
3568
3328
3637
3456
3701
3448
3511
3634
3543
3576
3573
3487
3535
3558
3458
3571
3658
3545
3561
3575
3512
3463
3581
3590
3558
3646
3669
3605
3699
3544
3548
3613
3603
3598
3642
3593
3632
3634
3543
3622
3490
3660
3601
3677
3772
3510
3681
3689
3620
3648
3620
3667
3616
3609
3750
3698
3510
3430
3716
3686
3748
3629
3564
3751
3890
3658
3652
3747
3731
3641
3677
3843
3662
3773
3829
3706
3840
3778
3794
3712
3843
3801
3833
3792
3827
3883
3742
3807
3725
3838
3932
3802
3871
3842
3817
3883
3819
3864
3896
3823
4005
3755
3908
3920
3864
3890
3923
3838
3955
4012
4015
4041
3792
3944
3795
3863
3959
3819
3927
3834
3918
3867
3755
4048
4137
3866
3935
4119
4135
4085
4020
4006
3963
4087
4037
4164
4018
3991
3938
3956
3955
3943
3934
4132
4087
3986
4068
4120
4133
4228
4236
4158
3973
4038
4206
4098
4094
4195
4145
4155
4139
4173
4090
4009
4121
4060
4251
4099
4239
4189
4107
4118
4271
4251
4282
4133
4152
4048
4228
4310
4253
4327
4224
4257
4168
4127
4195
4272
4277
4185
4282
4237
4225
4336
4265
4312
4358
4194
4388
4263
4279
4365
4450
4376
4256
4425
4428
4361
4356
4393
4172
4346
4376
4385
4378
4445
4510
4489
4389
4489
4405
4416
4467
4557
4458
4389
4569
4372
4482
4548
4449
4594
4586
4407
4439
4533
4596
4585
4432
4585
4711
4484
4439
4500
4543
4499
4681
4547
4689
4608
4749
4459
4626
4693
4634
4819
4778
4628
4649
4504
4560
4620
4634
4578
4740
4749
4619
4699
4748
4797
4679
4737
4854
4750
4760
4671
4853
4886
4763
4746
4785
4814
4734
4627
4774
4788
4836
4714
4845
4869
4874
4863
4796
4882
4790
4890
4747
4816
4838
4829
4790
4726
5047
4879
4952
4981
4884
4957
4927
4870
4923
4998
4948
4877
4986
4895
4964
4993
4945
4982
4980
5083
5217
5068
4895
5079
5069
4983
5073
5167
5117
5147
5181
5194
4962
5070
4836
5090
5153
4989
4911
5129
5106
5183
5054
5124
5282
5034
5204
5134
5135
5305
5343
5323
4996
5094
5182
5082
5238
5206
5157
5131
5194
5238
5315
5364
5414
5261
5301
5282
5409
5503
5253
5218
5405
5293
5328
5450
5433
5223
5306
5358
5447
5355
5354
5333
5411
5318
5324
5314
5376
5461
5526
5494
5578
5486
5537
5594
5516
5547
5510
5575
5475
5466
5535
5510
5722
5509
5469
5527
5501
5658
5582
5575
5632
5550
5524
5686
5784
5686
5680
5840
5712
5613
5777
5784
5533
5662
5710
5709
5796
5734
5756
5926
5654
5777
5783
5887
5837
5855
5796
5899
5841
5797
5813
5783
5817
5990
5810
5775
5998
5828
5938
5831
5920
5913
5943
6035
6021
6035
6112
6052
5992
5954
6104
5832
6011
5947
6127
5995
5992
5994
5783
6004
5882
5962
6082
6122
6084
6173
6230
6252
6061
6071
6276
6002
6119
6101
6111
6075
6062
6086
6164
6250
6248
6228
6147
6229
6172
6215
6116
6212
6322
6283
6446
6192
6244
6371
6183
6290
6344
6464
6286
6330
6411
6303
6464
6509
6186
6342
6564
6577
6500
6553
6269
6441
6390
6405
6343
6657
6256
6436
6526
6516
6514
6500
6420
6565
6577
6698
6742
6704
6689
6536
6623
6861
6606
6582
6686
6508
6688
6663
6625
6609
6705
6779
6806
6646
6733
6794
6738
6552
6840
6912
6828
6890
6910
6916
6949
6704
6735
6847
6833
6814
6906
6953
6797
6916
6847
6910
6797
7253
6849
6880
6915
6900
7112
7078
7098
6942
7003
7044
7022
6970
6946
6869
7158
7092
7108
7015
7200
7257
7170
7050
7042
7144
7170
7144
7132
7121
7219
7194
7320
6987
7285
7101
7018
7023
7011
6869
7131
7277
7002
6884
7031
7133
7356
7125
7274
7457
7336
7504
7255
7412
7500
7685
7316
7727
7327
7376
7555
7479
7421
7542
7495
7362
7520
7610
7390
7578
7751
7588
7533
7603
7565
7563
7552
7448
7585
7591
7585
7488
7673
7556
7382
7770
7785
7777
7681
7605
7484
7685
7767
7860
7838
7701
7602
7801
7729
7732
7745
7777
7620
7718
7868
7699
7614
7727
7765
8171
7940
7887
7828
7839
8187
7965
7918
7936
7878
7687
7813
8006
8055
7979
8035
8052
8194
8192
8034
8214
8133
8376
8240
8282
7960
8135
8179
8199
8218
8308
8086
8354
8246
8183
8383
8293
8139
8377
8355
8374
8464
8384
8158
8528
8440
8525
8412
8300
8509
8402
8433
8622
8373
8619
8414
8437
8493
8480
8391
8696
8572
8504
8675
8683
8699
8520
8495
8557
8690
8736
8656
8852
8647
8705
8754
8752
8658
8770
8785
8773
8713
8735
8858
9006
9012
8978
8896
8730
8919
8717
8900
9005
8865
8685
8960
9012
8804
8937
9010
8941
9148
8884
9355
9115
9285
9173
9044
8954
8915
9053
9181
9065
9007
9180
9162
9291
9082
9154
9180
9252
9436
9570
9419
9298
9414
9237
9281
9335
9363
9290
9308
9394
9315
9315
9322
9445
9474
9370
9320
9396
9391
9446
9451
9325
9583
9615
9446
9534
9443
9632
9785
9950
9674
9812
9590
9568
9706
9658
9755
9975
9851
9562
9644
9947
9923
9956
9835
9804
9748
9859
9912
9956
9888
10106
9925
9843
10048
10061
10276
10141
10002
9986
10091
10020
10347
9934
10060
10081
10006
10107
9958
10051
9757
10082
9969
9981
10212
10226
10327
10059
10314
10509
10422
10205
10359
10350
10188
10529
10498
10379
10476
10527
10272
10505
10482
10516
10364
10458
10459
10616
10486
10743
10805
10586
10820
10713
10555
10772
10748
10950
10662
10737
10640
10850
10676
10610
10662
10678
10814
10938
10953
11018
10924
10981
10810
11024
10739
10810
11037
10897
10942
10757
10735
10784
10973
10774
10974
11025
10999
10909
11078
11137
11068
11146
11230
11396
11373
11128
10987
11271
11297
11030
11119
11205
11047
11192
11350
11437
11434
11379
11213
11464
11357
11284
11407
11219
11299
11458
11425
11473
11560
11388
11314
11399
11501
11482
11405
11533
11478
11657
11701
11698
11549
11561
11322
11441
11452
11618
11579
11533
11853
11726
11776
11723
11709
11831
11871
11825
11884
11975
11835
11892
11988
11842
11908
12052
11904
12226
12047
12154
11895
11872
11974
11909
11857
11980
11935
11779
11927
11924
11700
12037
11988
12059
12308
12095
12274
12110
12428
12485
12430
12100
12292
12641
12249
12083
12300
12604
12345
12368
12219
12492
12611
12544
12716
12403
12490
12516
12449
12193
12480
12184
12220
12218
12360
12202
12254
12352
12378
12279
12620
12658
12490
12669
12465
12838
12868
12992
12841
13017
12708
12965
13108
12616
12507
12624
12318
11975
11784
11487
11250
11310
10976
10556
10229
10256
10566
10685
10914
11205
11552
11966
12434
12504
13210
13332
13490
13400
13674
13440
13624
13748
13568
13430
13418
13524
13377
13420
13373
13580
13403
13374
13668
13380
13725
13592
13685
13533
13369
13295
13333
13757
13464
13656
13651
13661
13478
13610
13560
13559
13728
13805
13646
13817
13820
14004
13871
13756
13930
13950
13789
14353
14050
13966
13770
13834
13679
13770
13894
13960
13903
13855
13906
14061
13952
14084
14142
14096
14062
14441
13883
14062
13970
14161
14219
14021
14074
14019
14230
14154
14249
14046
14137
14194
14185
14286
14418
14040
14317
14216
14360
14327
14230
14442
14416
14474
13989
14307
14527
14219
14580
14446
14583
14309
14479
14554
14538
14508
14613
14617
15005
14839
14927
14881
14770
14783
14826
14543
14808
14864
14808
14796
15136
15054
15187
14832
15252
15182
15263
15155
15223
14933
14969
15286
15337
14936
15197
15471
15169
15452
15323
15453
14932
15024
14816
14747
14388
14892
14779
14284
14455
14482
14512
14560
14917
15253
15408
15564
15483
15661
15697
15801
15723
15354
15593
15669
15699
15557
15640
15794
15485
15683
15769
15665
15832
15680
15821
16162
16068
15828
15868
15835
15824
15876
16107
15908
15970
15746
16004
16282
16020
15988
15795
15990
15828
15814
16040
16279
16161
15769
16031
16277
16213
16200
16336
16315
16410
16384
16345
16276
16461
16410
16423
16486
16693
16408
16780
16349
15988
16515
16388
16490
16606
16701
16461
16553
16496
16452
16587
16543
16718
16832
16766
16605
16742
16749
16710
16740
16941
16866
16981
16730
16928
16984
16749
16782
16939
16874
16870
16997
17101
16925
16943
16960
17120
17072
16961
17170
17435
17085
17461
16996
17412
17537
17642
17053
17186
17642
17366
17572
17420
17413
17386
17664
17342
17518
17655
17657
17540
17693
17320
17414
17512
17524
17690
17917
17709
17832
17807
18085
17781
17952
17805
17915
17771
17728
17853
17777
17833
18041
18098
17938
17906
17936
17837
17846
18164
18149
17975
17755
18087
18182
18094
17957
17907
17898
17901
18219
18093
18000
17844
18078
18389
18108
18289
18417
18121
18468
18249
17860
18170
18285
18289
18332
18432
18460
18654
18428
18186
18392
18202
18376
18637
18376
18571
18321
18538
18420
18602
18525
18653
18356
18473
18553
18728
18796
18816
19054
18628
18957
18676
18838
18999
18865
18854
19160
18770
18811
18933
19046
19213
18921
18917
19014
18921
18813
19030
19021
19310
19190
19115
19307
19100
18846
18948
19526
18904
19494
19454
19325
19101
19252
19405
19224
19286
19445
19506
19541
19222
19229
19183
19348
19703
19447
19593
19339
19515
19445
19513
19692
19421
19490
19563
19753
19520
19601
19531
19554
19554
19464
19662
19685
20084
19646
19942
19908
19908
19757
19908
19834
20036
19858
19767
19650
19851
20079
19772
19910
19885
20051
20074
20224
19958
20090
20200
19997
20267
19962
20067
19979
20121
20044
19887
20013
19728
20245
20080
20057
19951
20390
20109
20225
20205
20372
20308
20298
20281
20475
20470
20351
20267
20317
20114
20481
20300
20281
20501
20372
20656
20397
20029
20264
20411
20665
20248
20475
20699
20020
20652
20332
20451
20699
20367
20266
20654
20801
20564
20345
20789
20561
20761
20636
20740
20762
20874
21000
20644
20954
20822
21045
20795
21204
21037
21093
20690
21081
20749
20552
20695
20971
20884
21234
20876
21220
21067
20930
20939
20946
21252
21209
21047
20749
21124
21085
21357
21195
21030
21375
21220
21112
21353
21218
21239
21264
21375
21513
21325
21322
21309
21129
21426
21339
21333
21361
21320
21345
21485
21446
21021
21342
21275
20822
21062
21190
21287
20662
20820
20930
20954
21192
21307
21274
21764
21760
21944
21554
21897
21682
21544
22000
21686
21743
21705
21795
21571
21875
21609
21618
21636
21885
21570
21708
21595
22170
21604
21821
21554
21750
21906
22266
21802
22255
21594
22104
22130
21692
21764
21899
21972
22158
21861
22146
21706
21885
22054
22315
21793
21914
22222
21700
22200
22180
22165
22075
22578
22084
21926
21994
22316
22260
22218
22264
22311
22379
22231
22463
22425
22292
22503
22303
22326
22145
22291
22155
21929
22213
22267
22308
22170
22289
22549
22459
22784
22600
22444
22605
22753
22683
22244
22790
22434
22611
22410
22204
22405
22471
22589
22821
22590
22363
22608
22606
22757
22582
22692
22938
22812
22619
22810
22892
22769
22722
22578
22925
22978
22649
22639
23180
22592
22794
22815
23085
22804
22862
22677
22877
22789
22742
22644
22968
23096
23127
22835
23098
22917
22902
22815
22952
22676
22944
22720
22842
22712
22898
22734
23130
22947
22774
22838
22789
23261
23176
23459
22842
22984
23208
22842
23177
23118
22861
23156
23354
22908
23362
22982
23040
23074
23229
23082
22949
23028
23325
23161
23353
23128
23229
23305
22826
23652
23245
22904
23108
23133
23265
22784
23161
23060
23352
22957
23257
23224
23181
22875
22893
23371
23298
23469
23251
23109
23293
23131
23564
23382
23396
23296
23124
23473
23415
23315
23284
23352
23240
22950
23533
23173
23412
23432
23289
23378
23204
23327
23519
23373
23522
23300
23469
23160
23702
23642
23437
23421
23642
23435
23379
23564
23628
23528
23558
23604
23332
23727
23834
23641
23366
23628
23605
23482
23418
23719
23557
23460
23628
23187
23611
23434
23840
23370
23643
23653
23754
23580
23476
23713
23744
23545
23524
23676
23858
23659
23761
23502
23858
23745
23732
23670
23691
23910
23733
23616
23737
23510
23700
24005
23770
23700
23999
23688
23782
23624
23828
23422
23490
23604
23519
23316
23629
23751
23348
23236
23368
23018
23637
23204
23455
23626
23413
23707
23741
23716
23636
23712
23518
23925
23381
23455
23577
23257
23640
23408
23640
23157
23276
23034
23510
23252
23194
23124
23316
23242
23112
23079
23128
23479
22942
23145
23469
23248
23547
23230
23406
23682
23554
23325
23435
24046
23620
23663
23571
23722
23551
23609
23471
23588
23784
23811
23776
23471
23604
23477
23465
23680
23762
23569
23870
23789
23381
23840
23731
23685
23784
23739
23762
23698
23869
23748
23708
23640
23513
23460
23828
23716
23510
23849
23886
23860
23729
23668
23409
23775
23486
23411
23066
23340
23549
23463
23597
23392
23271
23158
23390
23467
23198
23433
23371
23523
23390
23423
23738
23428
23820
23476
23449
23406
23242
23361
23301
23356
23482
23453
23286
23183
23330
23133
23114
23442
23224
22918
23354
23204
23218
23255
23116
23076
23141
23318
23242
23088
23197
23122
23496
23090
23005
23206
23104
23040
23341
23118
23245
23323
23168
23182
22713
23097
22989
22956
23168
23259
23222
23033
22883
22697
22996
22907
22938
23181
22656
22964
22856
23134
22677
23218
23040
22642
23141
22968
22774
22670
22861
22889
23022
22973
23014
23051
22813
22642
22733
22834
22906
22969
22622
22609
22699
22788
22908
22616
22853
23176
22457
22902
22755
22697
22710
22756
22736
22733
22666
22806
22268
22536
22808
22506
22550
22308
22502
22767
22420
22422
22652
22238
22292
22480
22362
22475
22194
22116
22453
22417
22268
22340
22379
22137
22262
22292
22422
22469
22257
21994
22151
22274
22187
22212
21842
22181
22122
22016
21983
21855
22252
22068
21899
21985
22360
22077
22028
21998
21985
21962
21780
21853
22152
21647
22022
21672
22056
21826
21929
21842
21978
21590
21962
21468
21906
21680
21620
22052
21740
21778
21752
21508
21953
21668
21600
21385
21425
21388
21776
21804
21684
21588
21400
21341
20940
20975
21337
21029
21160
21302
21268
20757
21007
21210
21348
21304
21158
21021
20992
21394
21342
21276
21226
21161
21193
21007
21250
21057
21294
20971
20892
20860
20715
20775
20877
21084
20636
20836
21050
20458
20556
20980
20550
21078
20702
20505
20815
20705
20730
20639
20470
20594
20617
20452
20434
20820
20715
20388
20632
20446
20345
20060
20332
20326
20662
20209
20518
20362
20492
20280
20295
20160
20217
20216
20090
20270
19824
20424
20154
20326
20346
20484
19958
20002
19905
20008
20040
19948
19832
20029
19712
20101
19802
20012
19913
19785
20064
19504
19657
19517
19792
19703
19690
19598
19474
19656
19564
19037
19052
19392
19072
19310
19017
19075
19221
19163
19193
19197
19172
18785
18838
18861
19019
18947
19029
18894
19013
18957
18896
18708
19021
19012
19125
18868
19096
19041
19200
19016
18604
18915
18817
18788
18630
19129
18800
18564
18906
18873
18666
18796
18709
18708
18354
18165
17896
17861
17947
17694
18115
17864
17861
18126
18090
18382
17770
18242
18491
18519
18645
18376
18404
18189
18031
18019
17742
18026
17969
18093
18007
18002
17784
18041
17969
17932
17656
18040
17591
17664
17863
18022
17610
17552
17838
17528
17743
17673
17658
17820
17501
17536
17481
17618
17472
17613
17185
17256
17288
17196
17494
17466
17116
16994
16941
16430
16334
16409
16738
16873
16728
16936
16658
16736
16729
16653
16863
16745
17312
16888
16896
16986
16645
16713
16966
16714
16657
16643
16919
16716
16830
16695
16745
16287
16529
16305
16323
16683
16415
16259
16269
16173
16040
15928
16011
16022
15933
15984
15960
15806
16233
15977
16072
15894
15895
15898
15872
15816
15668
15872
15857
15617
15860
15890
15585
15786
15605
15605
15566
15526
15467
15524
15409
15424
15306
15502
15384
15413
15479
15299
15356
15122
15533
15058
15237
15215
15326
15230
15094
15343
14863
15262
15071
15307
14980
14660
15127
14952
15083
14955
14762
14806
14734
14847
14902
14583
14782
14474
14523
14756
14536
14590
14625
14579
14772
14380
14327
14431
14269
14761
14505
14502
14540
14130
14498
14292
14338
14388
13955
13767
13734
14008
13664
13750
13871
13917
13862
13784
13795
13847
14014
13839
14229
13861
13912
13736
13854
13956
13800
13672
13605
13885
13750
13633
13475
13455
13892
13542
13828
13668
13624
13385
13374
13354
13296
13227
13274
13326
13576
13430
13311
13148
13200
13325
13206
13154
13286
13063
13155
13279
13133
13354
13167
13040
12988
12854
13157
13262
12861
13143
13112
12879
13069
12985
13005
12874
13095
12972
12677
12772
12841
12407
12602
12594
12617
12599
12571
12544
12829
12564
12455
12759
12658
12651
12914
12856
12494
12664
12407
12387
12275
12068
12354
12598
12538
12254
12562
12566
12484
12180
12064
12238
12212
12425
12124
12117
12136
12276
11993
12244
12082
12073
12001
11938
12160
11900
12180
12040
12140
11992
11684
12097
11983
11983
12255
12042
11817
11953
12029
11902
12070
11962
11863
11983
11921
11802
11791
11675
11701
11845
11563
12000
11649
11894
11506
11398
11721
11820
11485
11619
11756
11762
11594
11561
11619
11555
11759
11782
11684
11695
11624
11700
11599
11568
11636
11602
11533
11550
11524
11493
11474
11586
11520
11405
11778
11602
11382
11418
11562
11463
11520
11220
11146
11284
11132
11277
11342
11045
11221
11238
11253
11129
11444
11326
11341
11311
11228
11292
11498
11048
11344
11471
11151
11348
11348
11375
11144
11146
11434
11559
11194
11044
11464
11403
11376
11060
11194
11158
11268
11164
11218
11379
11281
11206
11320
11172
11046
11135
11265
11196
11329
11251
11180
11075
11407
11347
11391
11165
11050
11340
11140
11055
11150
11107
11287
11330
11377
11276
11268
11289
11245
11196
11275
11389
11355
11174
11302
11138
11421
11178
11234
11455
11437
11383
11436
11376
11506
11333
11448
11257
11579
11260
11357
11440
11450
11490
11286
11477
11675
11341
11643
11460
11602
11624
11243
11400
11357
11331
11498
11703
11462
11562
11401
11471
11616
11520
11475
11676
11449
11752
11520
11495
11554
11568
11626
11631
11512
11586
11677
11573
11720
11746
11690
12037
11957
11810
11437
11884
11592
11957
11940
11853
11738
11814
11869
11776
11684
11530
11737
11779
12099
11949
11726
11898
12004
12298
11957
12269
12266
12166
12189
12107
12420
12081
12205
12173
12254
12254
12481
12282
12346
12338
12475
12508
12552
12547
12322
12567
12578
12569
12390
12490
12454
12648
12532
12688
12822
12787
12575
12388
12850
12784
12609
12601
12649
12800
12735
12980
12714
12656
13002
12756
12949
12660
12989
12889
12929
12954
13113
13001
13277
12893
12935
12903
12918
13144
12974
12853
12883
12802
12779
12883
13318
13050
13084
13187
13131
13107
13281
13341
13286
13231
13328
13148
13275
13414
13447
13723
13650
13545
13499
13395
13396
13412
13597
13559
13595
13629
13992
13618
13659
13558
13458
13605
13606
13753
13621
13733
13594
13632
13834
13800
14069
13494
14070
13636
13597
13667
13668
13846
13794
13912
13621
13879
13761
14052
14064
14127
13997
13918
14121
14170
13992
14132
14193
14533
14166
14287
14432
14222
14350
14246
14213
14105
14048
14251
14352
14250
14066
14272
14368
14267
14430
14148
14471
14478
14130
14410
14390
14357
14294
14506
14358
14144
14575
14464
14425
14758
14497
14376
14361
14510
14568
14478
14406
14318
14408
14413
14642
14580
14491
14610
14657
14522
14454
13911
14289
14238
14411
14289
14254
14125
14457
14421
14200
14608
14680
14848
14517
14828
14884
14595
15122
14627
14911
14964
14934
14907
14848
14754
14799
14829
14856
15067
14702
14893
14673
14626
14748
14878
14494
14948
14827
14934
14473
14631
14719
14840
14888
14845
14804
14815
14893
14666
14701
14855
15074
14917
14702
14551
14862
15035
14991
14946
14851
14922
14828
15027
14915
15146
14813
15143
14874
14761
14988
14826
15074
14810
14721
14872
14857
15216
14704
14785
14513
14617
14788
14804
14893
14780
14807
15045
14940
14705
14794
14656
14580
14758
14930
14944
14649
14890
14692
14722
14826
14717
14922
14706
14639
14741
14799
14779
14895
14597
14516
14722
14651
14628
14385
14694
14670
14477
14592
14517
14546
14661
14649
14484
14762
14602
14525
14389
14703
14432
14574
14405
14491
14504
14494
14389
14473
14639
14317
14383
14169
14141
14329
14224
14574
14239
14268
14349
14057
14334
14448
14234
14319
14220
14162
14185
14040
14295
14182
14094
14182
14090
14093
14135
14113
14170
13938
14199
13961
14089
14038
13652
13981
13640
13832
13847
13876
13816
13825
13789
14003
13611
13880
13911
13689
13725
13658
13640
13422
13738
13760
13674
13565
13485
13571
13498
13700
13625
13292
13492
13348
13464
13333
13531
13306
13408
13376
13371
13305
13213
13292
13120
13146
13016
13163
13397
13143
13111
13090
13227
13073
13028
13085
13105
13052
13065
13149
13085
12813
12908
12841
12985
12841
12626
12654
12544
12596
12915
12488
12523
12379
12594
12501
12528
12590
12477
12488
12274
12554
12353
12298
12390
12294
12282
12090
11890
12085
11896
12165
12091
11904
12181
12213
11949
12036
11918
12202
11897
11673
11751
11291
11270
11144
10993
11011
11164
11446
11389
11705
11548
11402
11571
11630
11507
11554
11341
11236
11418
11211
11336
11251
11047
11135
11093
10849
10992
11162
10893
11062
10922
10766
10786
10694
10885
10609
10565
10598
10462
10734
10580
10384
10376
10554
10272
10136
10241
10381
10091
10289
10230
10118
10012
9993
9758
9753
9847
10159
9867
9876
9722
9716
9797
9747
9897
9617
9535
9493
9367
9393
9248
9312
9336
9341
9260
9128
9223
9186
9213
9307
9208
9036
8926
9003
9108
8762
8873
8873
8721
8638
8664
8729
8455
8678
8473
8479
8402
8476
8348
8390
8330
8370
8376
8221
8360
8133
8150
8097
7840
8146
8103
7713
7826
7843
7801
7645
7702
7740
7723
7474
7368
7614
7645
7419
7231
7376
7321
7157
7373
7149
7108
7039
6976
6963
7018
6853
7021
7027
6866
6888
6497
6954
6734
6612
6681
6584
6634
6696
6553
6400
6275
6567
6309
6226
6215
6119
6082
6243
6045
6163
6110
5868
6064
6006
6045
5931
5924
5672
5535
5572
5450
5317
5423
5497
5386
5338
5550
5480
5462
5484
5382
5300
5289
5299
5155
5217
5218
5201
5115
5188
5019
5240
5028
5024
4885
5008
5019
5017
4971
4782
4755
4645
4862
4702
4630
4674
4712
4571
4633
4540
4526
4377
4418
4468
4317
4269
4501
4519
4234
4380
4366
4158
4231
4230
4242
4144
3989
4206
4210
3970
4111
4036
4192
3853
4064
3918
3991
3966
3791
4018
3918
3801
3785
3814
3746
3699
3673
3799
3593
3624
3655
3631
3783
3713
3535
3669
3584
3545
3669
3663
3614
3501
