3477
3340
3448
3393
3513
3394
3423
3440
3342
3363
3405
3350
3412
3404
3424
3510
3380
3393
3595
3479
3325
3447
3551
3475
3435
3392
3333
3497
3363
3379
3366
3479
3457
3509
3406
3466
3496
3449
3587
3433
3384
3500
3547
3461
3533
3614
3554
3574
3586
3535
3549
3554
3596
3527
3663
3526
3512
3564
3511
3445
3623
3556
3501
3551
3373
3567
3584
3403
3481
3644
3686
3603
3686
3568
3608
3591
3749
3559
3537
3699
3745
3737
3623
3633
3682
3796
3691
3721
3765
3590
3648
3778
3657
3688
3682
3794
3703
3613
3877
3752
3642
3694
3618
3751
3729
3816
3735
3791
3900
3759
3705
3864
3863
3790
3692
3886
3848
3826
3785
3972
3852
3839
3724
3892
3894
3953
3906
3786
3878
3928
3829
3862
3899
3864
3899
3876
3939
3980
3918
3807
3780
3974
3754
4008
3980
3910
4052
3893
3993
3928
3946
3795
3957
3935
3948
3993
4029
4176
4019
3987
4085
3947
4047
4051
4007
4053
3920
4078
4189
3919
4050
4024
3970
4053
3858
4012
4150
4044
4131
4058
4146
4154
4063
4022
4148
4124
4015
3972
4204
3935
4124
4094
4067
4018
4127
4197
4231
4115
4227
4063
4124
4204
4161
4201
4135
4108
4036
4130
4166
4000
4195
4131
4400
4250
4132
4292
4300
4245
4274
4471
4262
4362
4398
4148
4338
4187
4404
4443
4381
4322
4294
4253
4269
4362
4258
4526
4299
4236
4328
4415
4341
4399
4483
4409
4431
4422
4430
4325
4503
4590
4482
4405
4404
4453
4403
4556
4493
4396
4528
4364
4447
4527
4431
4562
4395
4509
4568
4389
4580
4600
4545
4438
4670
4698
4567
4491
4640
4524
4518
4695
4592
4533
4620
4567
4686
4586
4648
4567
4783
4497
4578
4579
4554
4521
4651
4831
4674
4687
4672
4693
4814
4623
4706
4664
4782
4719
4777
4739
4876
4672
4731
4813
4809
4800
4749
4810
4753
4848
4850
4809
4748
4707
4800
4648
4724
4865
4661
4699
4802
4934
4854
4889
4773
4987
5006
4893
4995
4970
4958
4845
5050
4949
5001
4907
4977
4987
5106
4965
4824
4950
4768
4960
5120
5008
5047
5207
4987
5133
5025
5053
5086
4944
4983
5016
5234
5098
5090
4973
5004
5082
5017
4936
5129
5002
4986
5241
5161
5184
5197
5090
5175
5046
5169
5125
5279
5088
5174
5154
5055
5212
5285
5165
5272
5396
5282
5204
5220
5190
5198
5304
5383
5373
5174
5219
5354
5149
5356
5223
5209
5144
5280
5360
5305
5212
5392
5269
5207
5312
5354
5515
5448
5494
5440
5488
5541
5576
5474
5299
5678
5564
5600
5390
5474
5622
5326
5463
5605
5463
5394
5716
5565
5650
5462
5523
5506
5615
5559
5656
5534
5712
5474
5581
5585
5643
5670
5693
5709
5594
5684
5859
5758
5705
5831
5661
5787
5785
5777
5673
5718
5703
5763
5862
5712
5773
5946
5777
5761
5698
5760
5748
5755
5769
5858
5999
5712
5805
5963
6050
5870
5941
6013
5866
5823
5974
5837
5820
6028
5869
5840
5856
6072
5967
5919
6068
6082
6174
5928
6023
6112
6117
6141
6157
6249
6128
6357
6133
6148
6096
6052
6031
6236
6156
6181
6077
6232
6097
6146
6153
6182
6191
6393
6139
6352
6263
6155
6324
6254
6329
6402
6280
6269
6222
6326
6107
6273
6336
6581
6375
6360
6352
6430
6303
6381
6338
6456
6490
6422
6393
6355
6454
6566
6508
6420
6384
6525
6658
6432
6583
6408
6607
6566
6536
6431
6548
6640
6569
6550
6747
6588
6491
6656
6465
6539
6732
6649
6642
6504
6679
6699
6816
6596
6721
6574
6623
6764
6617
6532
6633
6612
6811
6720
6668
6714
6590
6870
7004
6890
6800
6928
6980
6871
6914
6952
7052
6851
6989
6857
6963
6948
6936
6917
7037
6887
7051
6864
6707
6930
6840
6913
6802
6744
6694
6748
6852
6918
7143
6977
7162
7303
7108
7160
7179
7227
7348
7421
7247
7327
7277
7237
7125
7292
6977
7287
7294
7366
7221
7140
7254
7414
7197
7298
7293
7468
7315
7348
7293
7210
7428
7450
7485
7346
7388
7326
7417
7360
7300
7515
7377
7154
7319
7308
7307
7521
7537
7616
7435
7433
7605
7508
7623
7438
7491
7561
7565
7432
7455
7574
7711
7709
7630
7568
7598
7591
7600
7404
7662
7542
7714
7842
7721
7801
7887
7710
7700
7976
7912
7863
7789
8007
8144
8069
7891
7915
7758
8022
7997
7836
7881
7944
7984
8126
8128
8092
7978
8228
8139
8087
8185
7901
8131
8041
7976
7919
8171
8088
8051
8278
8107
8192
7977
8368
8272
8225
8345
8286
8274
8248
8403
8202
8332
8405
8062
8336
8169
8258
8320
8398
8341
8444
8312
8355
8407
8288
8457
8396
8650
8538
8484
8508
8480
8458
8292
8618
8495
8749
8541
8605
8567
8393
8660
8568
8727
8597
8706
8762
8748
8621
8763
8762
8548
8690
8793
8791
8756
8773
8874
8943
8914
8842
8794
8845
8782
8882
9018
8910
8847
8931
9032
9129
8822
8839
8917
8939
9082
8912
8904
8971
8929
9037
8950
8942
8993
9166
9043
8835
8905
9096
9122
9281
9122
9379
9171
9282
9196
9189
9182
9226
9158
9334
9189
9062
8969
9304
9123
9396
9438
9358
9252
9439
9503
9437
9604
9513
9602
9286
9451
9632
9578
9508
9314
9596
9741
9604
9549
9580
9773
9724
9474
9770
9661
9467
9719
9733
9600
9674
9801
9771
9668
9580
9635
9707
9657
9497
9841
9661
9657
9780
9774
9809
9838
10152
10024
10180
9950
10044
10052
10195
10052
10128
9844
10210
10168
10312
10358
10292
9999
10111
10050
10177
10126
10365
10347
10226
10217
10333
10246
10502
10434
10385
10362
10368
10210
10414
10679
10548
10148
10437
10676
10485
10551
10632
10499
10514
10613
10626
10546
10545
10472
10572
10356
10463
10676
10391
10621
10317
10634
10577
10492
10449
10841
10537
10753
11266
10626
10670
10730
10654
10841
10750
11018
10791
10849
10897
10969
11054
10733
10877
10861
11007
10773
11094
10992
11106
10881
10894
10741
11006
10969
11043
11149
10889
11071
11123
10963
11176
11273
11211
11206
11215
11300
11099
11137
11242
11179
11062
10996
11326
11137
11194
11369
11108
11185
11114
11326
11462
11401
11297
11238
11475
11358
11558
11371
11492
11319
11795
11512
11579
11516
11416
11572
11392
11642
11364
11393
11611
11431
11235
11479
11678
11621
11656
11456
11444
11700
11719
12029
12004
11915
11877
11964
11973
12165
11794
12100
11994
11899
11829
11786
12129
12176
12052
12187
11971
11750
12294
11859
11803
12053
11686
11837
11933
11808
12053
11889
11695
11905
12131
11965
11980
12000
12056
12397
12287
12505
12476
12346
12504
12242
12109
12308
12332
12244
12524
11894
12061
11537
11293
10946
10828
10941
10629
10365
10205
9892
10095
10256
10573
10773
10941
11451
11808
12306
12525
13028
12757
13035
13142
13089
13241
13060
13126
13008
13181
12867
13226
12997
13028
13061
12989
13026
12964
13093
13320
13015
13236
13171
13061
12943
12836
12944
13171
12989
13105
13047
13114
13058
13168
13220
13442
13285
13474
13178
13512
13556
13612
13349
13485
13586
13312
13303
13344
13329
13702
13472
13416
13326
13482
13512
13517
13452
13629
13398
13368
13506
13361
13832
13629
13650
13668
13657
13844
13788
13581
13613
13864
13795
13720
13701
13554
13719
13734
13563
13857
13966
13788
13991
13773
13709
13770
13893
13533
13728
13798
13942
13812
13819
13862
13901
13829
14006
13794
13928
13941
14076
13910
13970
14159
14205
14326
14008
14219
14220
14608
14106
13952
14268
14344
14315
14486
14411
14514
14525
14459
14411
14400
14536
14556
14752
14731
14948
14720
14671
14761
14543
14709
14666
14571
14737
14708
14764
14424
14532
14138
14314
14167
14258
14278
14083
13612
13871
13853
14420
14605
14621
14699
14971
14959
15051
14837
14994
15140
14827
14841
15087
15242
14834
15130
15050
15236
15224
15122
15117
15143
15402
15297
15213
15339
15322
15140
15378
15514
15462
15652
15339
15302
15419
15054
15587
15043
15355
15429
15388
15538
15424
15338
15424
15484
15600
15506
15732
15708
15736
15771
15772
15825
15778
15861
15706
15757
15676
15882
15728
15897
15728
16032
15839
16000
15744
16122
15874
15814
15946
16169
16172
16016
16134
16122
16126
15914
15770
16022
16178
16068
15962
16042
16319
16308
16396
16278
16194
16274
16284
16215
16325
16324
16377
16312
16255
16540
16647
16210
16411
16407
16573
16762
16824
16501
16541
16548
16529
16459
16762
16623
16726
16776
16626
16751
16661
16701
16904
16842
16587
16932
17112
16871
16926
16858
16820
17114
16974
17128
16919
17040
17056
17131
17174
17020
17044
17256
16823
17367
17044
17146
17053
17159
17259
17083
17038
17332
17114
17326
17541
16960
17486
17302
17372
17340
17639
17339
17242
17273
17499
17666
17615
17633
17490
17489
17572
17382
17607
17458
17544
17396
17516
17558
17420
17529
17610
17590
17368
17492
17575
17812
17651
17772
17860
17723
18030
17748
17578
17866
17733
17519
17594
17824
17890
17882
17754
17492
17784
17681
17975
17879
17782
18166
18098
18140
18004
17981
18210
18180
18067
18101
18203
18444
18404
18409
18221
18459
18229
18542
18264
18632
18261
18300
18613
18237
18410
18690
18164
18496
18840
18231
18395
18515
18446
18544
18576
18596
18690
18356
18529
18648
18289
18464
18731
18901
18842
18458
18547
18971
18592
18618
18810
18844
18684
18696
18670
18884
19060
18936
18863
18779
18763
18701
18794
19075
18821
18924
19359
18745
19099
18984
19049
19030
19054
19031
19034
18916
19175
18904
19243
19137
19240
19300
19029
19406
19179
19080
19204
19443
19172
19354
19295
19366
19161
19209
19170
19320
19291
19142
19316
19561
19450
19473
19290
19482
19743
19248
19637
19643
19529
19600
19842
19551
19845
19730
19650
19629
19628
19382
19978
19736
19678
19668
19800
19620
19725
19703
19748
19904
19723
20082
19584
19692
19980
19797
19820
19885
20100
19924
19781
19675
19756
19978
19828
19990
19830
20122
19793
19943
19886
19712
20009
20128
20114
19950
20165
20088
20070
20296
20024
20197
20080
19924
20166
20163
20056
20421
20045
19950
20173
20100
20256
20409
20282
20129
20189
20142
20273
20426
20114
20426
20365
20407
20373
20060
20336
20286
20454
20765
20380
20550
20436
20756
20848
20646
20638
20598
20764
20683
20679
20550
20567
20904
20388
20379
20482
20027
19869
20180
20303
20239
20168
20156
19961
20157
20429
20278
20723
20877
20841
21003
20876
21161
20622
20869
20964
21069
21128
20661
20847
20757
20925
20714
20815
20800
21236
20853
21096
21208
21131
21082
21282
21097
20831
20973
20987
21147
21077
21108
21165
21350
20992
20992
21132
21198
21274
20958
21359
21198
21262
21098
21219
21174
21164
21306
21536
21464
21432
21233
21104
20999
21493
21170
21240
21906
21242
21574
21457
21317
21612
21403
21210
21428
21408
21666
21577
21244
21446
21172
21527
21386
21526
21696
21620
21128
21196
21673
21820
21784
21620
21589
21745
21625
21668
21460
21710
21556
21663
21825
21437
21760
21784
21612
21972
21764
21861
21951
21957
21764
21828
21733
22066
21793
21638
21774
21789
21685
21909
21855
21781
21827
22004
21748
21774
21989
21678
21837
21839
21840
21730
21958
22154
21832
21637
22408
22068
21950
22251
21890
22192
21992
21772
21711
22068
21989
21922
22194
22274
22080
22043
21922
22057
21864
21876
22374
22167
22090
22193
22140
21992
22228
22173
22104
22198
22395
22158
22176
22425
22522
22119
22172
22586
22304
22294
22144
22520
22195
22455
22172
22406
22381
22840
22495
22156
22481
22442
22292
22521
22453
22734
22473
22088
22520
22417
22153
22506
22172
22508
22226
22623
22693
22503
22432
22420
22920
22040
22527
22574
22257
22664
22420
22314
22454
22432
22514
22481
22619
22479
22588
22661
22797
22378
22472
22453
22233
22442
22494
22793
22106
22351
22310
22463
22356
22573
22346
22516
22650
22687
22452
22475
22713
22551
22784
22690
22981
22818
23049
22756
22625
22683
22494
22324
22644
22928
22308
22514
22685
22658
22614
22842
22670
22328
22795
22656
22633
22690
22858
22747
22906
22473
23046
22969
22606
22671
22854
22934
22933
22696
22666
22732
22760
22620
23179
22662
22669
22646
22556
22650
23104
22776
22567
22683
22760
22616
22802
22932
22760
22401
22614
22712
22715
22681
22790
22461
22411
22765
22610
22573
22438
22438
22402
22500
22614
22787
23173
22600
22891
22493
22710
23027
22758
22532
22656
22722
22639
22474
22427
22417
22333
22222
22399
22684
22330
22184
22174
22593
22223
22408
22117
22231
22426
22127
22260
22509
22523
22633
22500
22904
22985
23268
22637
22839
22804
22869
22820
22867
22759
22544
22660
22897
22453
23045
22660
22914
22724
22894
22664
22866
22517
22818
22647
23237
22818
22583
22658
22864
22870
22778
22784
22838
22836
22673
23132
22817
22523
22754
22752
22795
22546
22904
22619
22918
22713
22684
22707
22904
22549
22473
22635
22561
22402
22784
22685
22552
22571
22569
22515
22433
22258
22461
22487
22645
22347
22255
22232
22374
22304
22235
22257
22418
22492
22593
22606
22562
22412
22570
22410
22380
22467
22568
22317
22277
22303
22470
22116
22326
22184
22213
22413
22408
22340
22365
21992
22544
22392
22370
22440
22715
22184
22493
22398
22585
22500
22434
22333
22347
22447
22286
22155
22133
22425
22554
22303
22196
22632
21988
22026
22317
22263
22462
22068
22016
22233
22116
21947
22066
22176
21956
21888
21897
21978
21996
21956
21992
21748
22053
22144
22084
22029
22006
22021
22106
21784
21987
21940
21818
22062
21871
21976
21871
21830
22112
22012
21773
21830
21880
21652
21686
21925
21672
21862
22066
21760
21718
21483
21815
22158
21714
21722
21858
21571
21366
21723
21776
21780
21632
21528
21773
21928
21269
21766
21527
21745
21865
21371
21390
21506
21444
21463
21268
21568
21394
21220
21390
21615
21480
21154
21307
21039
21209
21276
21501
21594
21380
21495
21054
21172
21200
21508
21373
21210
21099
21192
21393
21505
21256
20923
20745
21017
21122
21157
21297
20960
21108
20904
21088
21195
21084
20920
21312
21056
20941
21120
20853
20953
20883
21019
20950
20736
20539
20720
20864
20660
20928
20550
20679
20506
20474
20500
20145
20431
20328
20288
20018
20634
20149
20216
20141
20186
20296
20384
20364
20536
20536
20468
20157
20333
20011
20633
20219
20102
20553
20106
20319
20327
20288
20402
20146
20191
20074
20321
19943
20064
19813
19947
19812
19762
19874
19715
19886
19994
19840
19765
19544
19574
19925
19778
19753
19686
19680
20022
19608
19778
19426
19467
19712
19543
19620
19372
19324
19380
19257
19445
19566
19417
19353
19612
19569
19326
19163
19261
19272
19158
19472
19254
19220
19131
19400
18962
19122
19012
19105
18936
19402
18804
18900
19519
19040
18928
19172
19110
18937
18970
18893
19219
18740
18959
18749
18777
18520
18548
18271
18570
18173
18452
18528
18699
18598
18724
18870
18356
18366
18375
18244
18232
18222
18253
18460
18184
18320
18162
18040
18341
17872
18092
18763
18321
18264
18234
18326
18237
18168
18018
18315
17977
18313
18292
18355
18181
18296
17952
18226
17984
17996
17889
17770
17404
17384
17012
16889
17163
17128
17428
17226
17189
17431
17370
17616
17418
17640
17526
17395
17560
17805
17464
17458
17687
17677
17384
17265
17206
17212
17450
17473
17420
17204
17100
17085
17496
17025
16914
16969
17308
17056
16762
17020
17085
17024
17046
16928
16997
16844
16896
16885
16850
16745
16800
16827
16957
16526
16735
16892
16791
16670
16567
15808
15997
15777
15911
15775
15872
15972
16095
16043
15808
15956
16291
15839
16530
16122
16285
16217
16156
15810
15924
15892
16246
16103
15957
15894
15910
15791
15862
15864
15887
15682
15817
15646
15889
15705
15573
15287
15337
15468
15295
15434
15225
15510
15240
15098
15148
15172
15137
15186
15359
15306
15105
15231
15415
15178
15490
15106
15396
15165
15433
14950
14994
15158
14738
14970
14960
14932
15028
14872
14924
15095
14777
14781
14864
14515
14713
14580
14681
14581
14839
14356
14532
14522
14556
14457
14509
14782
14453
14507
14318
14674
14402
14375
14390
14364
14291
13982
14212
13830
14129
14077
14113
14074
14066
14169
13983
14105
14061
14142
14002
13790
14102
13821
13910
13968
13742
13874
13956
13830
13798
13798
13726
13696
13609
13477
13323
13359
13125
13188
13158
13162
13140
13344
13066
13226
13367
13292
13520
13239
13304
13179
13354
13233
13335
13190
13231
13210
13003
13019
13202
13188
12868
12871
13030
12657
12964
12884
12725
12846
13061
12809
12792
12734
12827
12391
12602
12718
12656
12745
12442
12435
12392
12652
12462
12377
12779
12500
12254
12556
12421
12379
12324
12159
12393
12613
12490
12105
12456
12263
12317
12271
12357
12151
11804
12178
11937
11918
11915
11728
11868
12020
12020
11955
11916
11885
11933
11883
11804
11894
11802
11984
11881
11617
11784
11668
11798
12000
11573
11701
11933
11617
11660
11718
11508
11684
11469
11456
11660
11436
11470
11473
11363
11084
11374
11392
11178
11458
11130
11416
11279
11143
11347
11149
11368
11404
11290
11425
11426
11138
10968
11096
10982
11016
10889
11263
11002
11108
11135
11114
11138
11005
10894
10826
11082
10846
10973
10870
10987
10984
10867
10726
10938
10736
10741
11107
10626
11012
10886
10658
10885
10860
10591
10898
10802
10826
10731
10708
10698
10479
10675
10512
10685
10467
10663
10712
10560
10569
10685
10544
10400
10677
10373
10509
10449
10530
10601
10562
10521
10482
10579
10549
10372
10432
10480
10151
10277
10418
10210
10410
10174
10583
10410
10358
10485
10382
10603
10464
10348
10348
10135
10205
10304
10134
10360
10425
10286
10273
10058
10256
9997
10466
10286
10316
10143
10347
10451
10250
10153
10161
10092
10034
10098
10058
9962
10353
10042
9992
10123
10104
10113
10282
10261
10173
10264
10100
9924
10201
9945
10235
9963
10167
10169
10234
10048
9896
10073
10305
10326
10185
10277
10178
9935
10175
9921
10139
10237
10091
10122
10360
10135
10100
10249
10004
10005
10215
10175
10164
10002
10294
10282
10081
10046
10213
10069
10246
10155
10194
10061
10220
10114
10038
10171
10422
10251
10086
10227
10357
10377
10030
10069
10128
10434
10143
9940
9982
10413
10168
10258
9973
10082
10141
10228
10094
10052
10109
10206
10231
10262
10248
10143
10260
10381
10324
10282
10420
10218
10307
10159
10359
10120
10117
10183
10434
10010
10198
10162
10351
10315
10284
10353
10434
10383
10769
10458
10673
10349
10489
10765
10540
10538
10816
10620
10651
10665
10542
10517
10758
10843
10695
10794
10573
10680
10695
10634
10693
10742
10790
10932
10987
10826
10786
10698
10799
10653
10837
10708
10942
10838
10605
10749
10770
10957
10678
10979
10520
10622
10932
10952
10806
10927
11159
10975
10979
11039
11147
11033
11084
10885
11114
11073
10932
10989
10749
10748
11029
10791
10982
11135
10877
11238
10981
10937
11007
11018
11113
11250
11268
11070
11113
10998
11270
11076
11383
11212
11342
11275
11413
11464
11371
11231
11424
11334
11636
11558
11606
11413
11480
11336
11421
11379
11532
11546
11403
11533
11324
11628
11330
11466
11594
11525
11530
11562
11520
11496
11655
11565
11513
11641
11645
11535
11714
11901
11716
11690
11571
11644
11539
11549
11475
11824
11531
11761
11665
11713
11963
11543
11915
11784
11996
11875
11825
11657
11655
11785
11928
11972
11768
12013
11992
12020
11924
11948
11717
12004
11670
11868
11760
11941
11800
11943
11813
12114
11826
11949
11531
11998
11588
11810
11992
11999
11913
12099
12050
12041
12097
12030
11994
12213
11938
11868
11915
11793
11810
11853
11769
11806
11604
11719
11883
11609
11997
12065
12143
12143
12194
12125
11860
12138
12128
12172
12117
12184
12049
12236
12333
11922
12061
12278
12225
12213
12388
12155
12143
12410
12278
12113
12064
12215
12169
12192
12310
12198
12295
12331
12498
12190
12251
12108
12166
12208
12105
12194
12182
12043
12137
12209
12180
12310
12207
12325
12491
12137
12280
12348
12089
12042
12114
12093
11992
11910
12249
12138
12186
12298
12133
12175
11808
12255
12250
12084
12123
11896
11986
12130
12169
11931
12108
12110
12147
12013
12095
12043
12145
12162
11851
12158
12027
11936
11991
11862
11924
11941
12175
11943
11974
11855
11947
11994
12019
11603
12040
11656
11818
11954
11844
11956
11852
12035
11872
11789
11909
11951
11753
11842
11916
11877
11979
11642
11778
11780
11584
11525
11870
11829
11712
12023
11669
11816
11520
11766
11676
11624
11388
11652
11398
11513
11849
11454
11716
11379
11369
11686
11812
11499
11568
11791
11650
11501
11486
11413
11594
11301
11424
11444
11277
11336
11392
11530
11205
11323
11135
11223
11322
11229
11321
11297
11424
11405
11047
11265
10955
11140
11068
11201
11293
11255
11141
11076
10885
11086
10981
11323
10894
11065
10950
11074
11046
11034
11065
11156
10885
10756
10799
10911
10620
10769
10970
10681
10991
10897
10753
10817
10853
10731
10834
10657
10669
10611
10600
10576
10532
10547
10633
10384
10487
10726
10466
10638
10454
10783
10699
10397
10301
10192
10271
10375
10185
10274
10112
10258
10286
10362
10169
10210
10159
10387
10462
10171
10155
10053
10212
10088
10041
10026
9950
9888
9796
9982
9793
9936
9832
9915
9858
9640
9786
9888
9965
9892
9826
9641
9289
9099
9032
8939
9073
9226
9433
9303
9518
9540
9582
9478
9495
9296
9365
9364
9437
9294
9266
9121
8943
9062
9186
9059
8926
9056
8936
8950
8990
8898
8896
8742
8892
8713
8757
8669
8666
8604
8732
8537
8641
8588
8412
8541
8420
8502
8429
8474
8504
8466
8272
8198
8368
8202
8110
8166
8072
8180
8081
8088
7816
7875
7928
7873
7893
7910
7990
7897
7833
7869
7593
7844
7836
7721
7684
7588
7593
7633
7537
7338
7482
7356
7360
7471
7401
7578
7389
7223
7301
7110
7025
7064
7105
7116
6972
7110
6912
7182
6897
6980
6900
6955
6781
6852
6664
6617
6610
6610
6354
6594
6427
6581
6437
6404
6495
6414
6400
6300
6056
6490
6156
6165
6126
6254
6226
6049
6095
6097
6056
5976
6072
5924
5901
5835
5772
5818
5848
5862
5775
5733
5700
5787
5691
5583
5532
5568
5392
5521
5413
5316
5405
5324
5312
5174
5181
5279
5308
5265
4971
5110
5074
5036
5108
4971
5000
5012
4772
4708
4486
4531
4491
4507
4557
4711
4696
4696
4677
4688
4690
4637
4677
4581
4569
4342
4549
4420
4402
4351
4384
4477
4413
4442
4265
4258
4253
4301
4259
4276
4226
4296
4326
4034
4149
3961
4013
4133
3959
3914
4129
3938
3938
3916
3905
3821
3797
3720
3834
3767
3818
3757
3810
3702
3851
3665
3766
3751
3729
3599
3626
3631
3594
3534
3522
3495
3512
3548
3551
3396
3425
3593
3316
3456
3467
3315
3483
3364
3245
3465
3434
3283
3295
3347
3233
3153
3311
3087
3148
3115
3267
3142
3177
