3323
3360
3439
3399
3473
3486
3426
3362
3345
3351
3554
3510
3469
3368
3392
3490
3418
3359
3554
3342
3480
3362
3517
3443
3437
3466
3540
3478
3563
3473
3446
3546
3473
3536
3545
3386
3406
3637
3571
3610
3573
3491
3651
3668
3621
3534
3497
3542
3590
3524
3671
3464
3461
3511
3569
3607
3507
3580
3614
3539
3603
3673
3571
3576
3570
3529
3578
3620
3550
3462
3596
3597
3664
3711
3637
3568
3719
3688
3612
3729
3718
3775
3481
3739
3802
3704
3717
3659
3832
3758
3716
3654
3742
3652
3843
3762
3794
3593
3930
3638
3673
3613
3815
3800
3644
3748
3796
3726
3639
3731
3735
3743
3960
3650
3737
3855
3865
3881
3844
3950
4028
3732
3733
3789
3915
3884
4001
3781
3918
4015
3910
3853
3888
3891
3841
3912
3838
3844
4006
3857
4031
3973
3939
3950
3946
3932
3974
3898
3948
3928
3989
3948
4055
3846
3892
3930
3905
3981
3981
4019
4000
3943
3921
3989
3964
4149
3990
3960
3997
4024
4131
4122
4013
4210
4026
3925
4031
4083
4115
4039
4176
3962
4141
4011
4143
4176
4061
4251
4126
4089
4126
4163
4081
4040
4116
4160
4188
4271
4224
4076
4156
4103
4257
4095
4190
4327
4348
4198
4128
4140
4187
4054
4308
4178
4211
4226
4248
4192
4236
4232
4347
4333
4376
4222
4355
4424
4404
4342
4210
4346
4262
4400
4401
4205
4255
4385
4243
4380
4381
4314
4486
4378
4473
4437
4252
4481
4378
4367
4341
4477
4458
4474
4476
4312
4406
4304
4608
4505
4563
4509
4660
4487
4408
4570
4480
4456
4480
4522
4555
4529
4703
4632
4510
4538
4447
4573
4517
4643
4666
4636
4675
4686
4686
4832
4534
4673
4648
4716
4399
4455
4571
4654
4616
4673
4617
4782
4751
4688
4756
4699
4689
4803
4600
4710
4622
4691
4726
4730
4815
4717
4775
4717
4628
4706
4895
4745
4844
4877
4740
4788
5007
4970
4911
4782
4870
4837
4935
4846
4807
4777
4846
4904
4927
4978
4809
4999
4818
5103
5050
4994
4945
4882
4891
4999
4852
4876
4893
4914
4946
4939
4838
4739
4973
4933
4951
5036
5023
5010
5072
5100
4924
5022
5084
5020
5154
5117
4918
5114
5095
5150
5242
5250
5232
5252
5123
5117
5266
5128
5094
5041
5228
5071
5085
5304
5204
5216
5302
5192
5215
5261
5165
5432
5150
5238
5177
5249
5358
5239
5266
5318
5303
5409
5384
5424
5323
5261
5312
5336
5368
5198
5576
5286
5467
5352
5435
5328
5499
5378
5508
5241
5353
5427
5325
5526
5680
5464
5725
5508
5528
5565
5634
5557
5630
5450
5589
5620
5403
5480
5654
5570
5474
5612
5466
5647
5611
5690
5580
5761
5453
5720
5715
5728
5607
5777
5549
5664
5560
5757
5730
5666
5778
5787
5738
5665
5678
5661
5680
5724
5966
5754
5670
5802
5695
5773
5972
5869
5895
5732
5906
5656
5862
5838
5892
5972
5739
5970
5902
6029
5967
6034
6098
5896
6016
5843
5930
5932
5902
5924
6186
5910
5994
6006
5940
5953
6120
6083
6122
6073
5986
6109
5878
6200
6092
6230
6084
6306
6107
6086
6050
6067
6201
6284
6184
6153
6388
6227
6197
6140
6148
6106
6164
6464
6448
6296
6260
6344
6226
6505
6178
6452
6210
6349
6428
6273
6401
6312
6463
6389
6486
6394
6491
6580
6425
6532
6688
6524
6390
6503
6510
6538
6579
6663
6328
6560
6492
6495
6411
6608
6644
6606
6400
6505
6711
6673
6623
6534
6877
6892
6551
6589
6757
6622
6788
6689
6609
6675
6644
6896
6645
6856
6671
6649
6736
6663
6682
6703
6809
6802
6875
6794
6739
6834
6911
6719
6973
6916
6795
6830
6931
6901
6859
6839
6860
6970
7027
7126
6954
7096
6955
7092
7061
6878
6894
6943
6930
6927
6914
6791
7035
6848
6903
6837
6928
6870
6788
7122
7058
7141
7170
7215
7134
7169
7287
7135
7274
7214
7173
7253
7406
7223
7259
7339
7405
7346
7362
7291
7444
7340
7517
7143
7444
7362
7323
7405
7310
7422
7339
7444
7514
7101
7296
7330
7528
7224
7620
7446
7316
7463
7377
7433
7349
7382
7615
7467
7514
7690
7621
7523
7695
7605
7612
7878
7500
7682
7620
7658
7586
7352
7613
7726
7683
7622
7638
7379
7559
7492
7651
7773
7813
7631
7845
7745
7857
7756
7798
7930
7809
7780
7848
8072
7954
8058
8079
7868
8042
8079
8024
7892
7993
8217
8072
8047
8000
8233
8096
8135
8069
7990
8115
8042
8102
8125
7976
8052
8175
8002
8146
8126
8094
8303
8339
8240
8253
8089
8249
8250
8168
8443
8258
8357
8298
8228
8365
8279
8190
8356
8340
8466
8460
8391
8431
8442
8606
8369
8539
8561
8558
8464
8446
8544
8474
8435
8516
8685
8578
8580
8699
8498
8594
8797
8660
8798
8579
8632
8760
8606
8543
8473
8507
8586
8737
8611
8884
8791
8931
8541
8769
8890
8762
9078
8905
8989
8911
8956
8958
9048
9179
8901
9029
8712
9064
8930
9019
9040
9145
9032
9033
9188
8926
8873
8819
9035
9142
9103
9010
9030
9244
9163
9122
9195
9346
9197
9158
9302
9250
9353
9209
9293
9276
9199
9365
9084
9531
9437
9391
9508
9412
9312
9349
9417
9557
9658
9459
9581
9241
9647
9551
9549
9625
9694
9835
9544
9336
9779
9686
9882
9700
9800
9649
9807
9691
9775
9636
9676
9544
9740
9536
9663
9554
9721
9821
9720
9776
9649
9712
9732
9778
9708
10008
9808
9928
9972
9801
9993
10052
9946
10002
10059
10127
10220
10269
10018
10261
10291
10219
10073
10388
10188
10178
10105
10249
10242
10342
10443
10102
10437
10318
10518
10160
10388
10240
10392
10500
10232
10517
10364
10345
10423
10473
10379
10541
10562
10506
10712
10703
10772
10762
10778
10525
10719
10729
10428
10680
10817
10496
10928
10572
10552
10564
10690
10951
10700
10848
10769
10884
10818
10756
10833
10739
10810
10953
10972
10851
10926
10735
10954
10813
10740
10816
11179
10930
10677
10808
10788
10822
10893
11258
11003
10983
11206
11104
10952
11140
11271
11168
11208
11310
11389
11235
11189
11389
11289
11056
11201
11270
11122
11293
11226
11277
11289
11333
11243
11201
11204
11268
11454
11525
11456
11336
11411
11685
11414
11602
11560
11440
11536
11855
11506
11521
11645
11456
11582
11493
11557
11499
11817
11641
11369
11753
11442
11752
11728
11793
11892
11978
11768
11990
11934
11983
11963
12058
12046
11995
11960
11927
12269
12025
11920
12164
12069
11988
12106
11999
11908
12002
11941
11917
12116
11964
11888
11860
11970
11947
12071
11730
11755
11811
11918
11979
12089
12347
12116
12110
12254
12448
12482
12468
12327
12354
12654
12392
12401
12366
12145
11937
11748
11374
11165
10911
10677
10594
10204
10170
9935
10095
10452
10528
10950
11110
11436
11935
12293
12704
13079
13201
13100
12964
13294
12793
13211
13053
13094
12783
13058
13166
12885
13033
12826
12997
12978
13217
12977
13286
13162
13178
13271
12955
13053
12961
12819
13002
13087
12997
13076
13368
13392
13308
13249
13110
13408
13285
13470
13204
13485
13430
13608
13090
13332
13289
13600
13285
13221
13101
13272
13506
13282
13184
13389
13508
13384
13841
13423
13643
13415
13544
13576
13581
13723
13508
13528
13426
13549
13556
13640
13776
13782
13661
13910
13572
13447
13830
13803
13714
13664
13721
13602
13698
13950
13715
13797
13748
13859
13551
13992
13908
13826
13620
14254
13973
13957
13808
13984
13913
14089
13997
14271
14125
14236
14235
14321
14388
14442
14162
14431
14472
14474
14368
14434
14417
14419
14324
14357
14432
14284
14696
14579
14628
14503
14568
14487
14976
14948
14598
15035
14670
15085
14876
14725
14957
14735
14491
14445
14342
14288
14280
14252
14285
14126
13953
13773
14065
13897
14612
14776
14821
15121
14995
15066
14905
15090
14950
15113
15065
14938
14844
15206
15269
15416
15108
15182
15416
15360
15268
15136
15106
15127
15325
15471
15353
15252
15310
15348
15400
15298
15196
15433
15322
15517
15470
15380
15074
15590
15417
15754
15588
15589
15586
15289
15789
15797
15796
15630
15626
15707
15717
15856
15426
15819
15868
15810
15882
15808
16009
15823
15736
15981
15773
16072
15884
15799
15989
16110
16009
16172
16222
16102
15945
16165
16154
16102
16394
16389
15911
16138
16082
16206
16065
16520
16268
16295
16640
16394
16366
16536
16541
16311
16570
16495
16272
16494
16463
16537
16456
16456
16594
16874
16616
16424
16494
16500
16612
16773
16496
16538
16424
16611
16902
16704
16835
16874
16917
17004
16907
16990
16755
17087
16872
16868
17048
16871
17146
17076
17018
17137
17101
17143
17125
17222
17072
17278
17154
17086
17460
17269
17198
17417
17042
17226
17447
17220
17080
17508
17092
17330
17390
17075
17289
17323
17448
17430
17518
17173
17577
17448
17490
17586
17549
17536
17365
17410
17036
17515
17278
17892
17399
17578
17804
17608
17752
17733
17508
17772
17826
17753
17876
17738
17622
17595
17573
17588
17770
17872
17692
17621
17741
17618
17525
17988
17745
17529
17944
17900
17828
17912
18074
17956
18169
18058
18302
18276
18137
18202
18289
18280
18189
18153
18260
18194
18388
18427
18230
18277
18244
18176
18224
18322
18470
18514
18524
18351
18461
18752
18505
18476
18482
18669
18929
18720
18562
18507
18704
18831
18516
18863
18602
18571
18592
18820
18696
18854
18661
18772
18805
18689
18613
18954
18776
18796
19022
19017
19023
18797
19101
19387
18876
18646
18418
18886
19113
18924
19067
19421
19160
19045
19225
18875
19180
19081
19080
19627
19195
19393
19195
19014
19124
19264
19380
19250
19275
19287
19115
19237
19380
19558
19165
19361
19597
19110
19231
19369
19317
19330
19257
19156
19388
19364
19237
19626
19440
19613
19504
19433
19562
19537
19375
19549
19348
19415
19167
19666
19828
19653
19598
19914
19757
19704
19524
19453
19874
19746
19650
19867
19872
20052
19728
19978
19749
19918
20263
19593
20148
19738
19805
19982
19745
19925
20128
19914
20341
19824
19893
20017
20068
20214
20236
19994
20064
20008
20201
20245
19985
20060
20009
20288
20328
20540
19996
20349
20040
20096
20150
20331
20098
20495
20175
20306
20390
20564
20073
20181
20356
20306
20383
20444
20569
20232
20226
20800
20622
20428
20460
20430
20690
20448
20443
20454
20628
20785
20544
20576
20793
20717
20706
20724
20780
20518
20788
20379
20170
20226
20206
20218
20170
20007
20187
19755
20302
20308
20397
20623
21149
20763
20997
20937
20884
20761
20683
21000
20834
20848
21197
21024
20768
20920
21016
20957
20932
20848
20939
20877
21037
20901
21013
21140
21110
21089
21231
20849
21008
20809
20685
20958
21045
21022
21070
21040
21268
20964
20883
21011
21429
21250
20928
21165
20994
20992
21416
21570
21152
21482
21200
21221
21686
21476
21179
21461
21413
21522
21216
21748
21455
21284
21364
21588
21621
21436
21561
21666
21604
21568
21490
21402
21405
21642
21348
21683
21463
21704
21287
21684
21481
21490
21806
21549
22355
21595
21714
21568
21576
21644
21571
21268
21660
21808
21741
21778
21728
22106
21601
21876
21307
21476
21905
21782
21640
21892
22129
21966
21748
21698
21804
21753
22062
21675
21965
21849
21843
21444
21851
21903
21805
22085
21999
21801
22052
22219
21990
21880
22090
22021
21773
22274
21996
21911
22012
22104
22041
22189
22342
21995
22276
22197
22197
22144
21948
22310
22331
22250
21980
22194
22036
22162
22057
22269
22253
22183
22130
22351
22357
22601
22427
22404
22552
22344
22548
22196
22454
22384
22470
22310
22024
22404
22529
22597
22636
22330
22085
22550
22235
22288
22737
22345
22458
22391
22500
22324
22284
22576
22681
22495
22297
22647
22557
22510
22468
22407
22300
22506
22792
22726
22351
22356
22280
22372
22669
22568
22638
22888
22468
22579
22370
22379
22662
22370
22555
22545
22486
22452
22474
22454
22240
22344
22371
22738
22644
22748
22823
23015
22665
22881
22772
22938
23170
22661
22815
22720
22984
22850
22772
22958
22366
22571
22483
22586
22916
22751
22588
22802
22573
22512
22678
22784
22784
23077
22747
22555
22776
22974
22802
23149
22845
23019
23204
22720
22768
22894
22902
23252
22850
22756
22734
23017
23090
22852
22618
22719
22418
22621
22697
22964
22896
22657
22788
22667
22666
22994
23042
22788
22566
22863
22618
22367
22656
22635
22772
22594
22518
22676
22743
22550
22466
22736
22519
22984
22573
23045
22795
22384
22861
22685
22564
22957
22994
22693
22809
22736
22784
22664
22925
22624
22758
22624
22610
22414
22618
22424
22502
22285
22314
22148
22147
22436
22293
22550
22429
22733
22390
22545
22670
22620
22762
23186
23049
22833
22984
22909
23131
22831
23190
22964
22759
23181
22570
22952
22662
22984
22665
22966
22801
22824
22848
22616
22653
22897
22917
22799
22508
22816
22930
23044
22784
23018
22798
22725
23043
22834
22955
22729
22537
23050
22532
23045
23125
23088
22708
22349
22715
22515
22366
22637
22857
23019
22784
22816
22321
22540
22451
22772
22511
22522
22553
22822
22711
22597
22586
22684
22283
22365
22481
22286
22387
22602
22947
22596
22648
22186
22724
22610
22553
22628
22932
22266
22300
22451
22426
22455
22463
22309
22381
22333
22630
22698
22612
22280
22212
22093
22458
22026
22383
22107
22414
22404
22167
22246
22332
22282
22469
22552
22376
22528
22555
22396
22245
22424
22104
22413
22062
22205
21994
22318
22037
21783
22128
22055
22116
21969
22167
22488
22243
22018
22291
22032
22180
22127
22135
22212
22354
21871
22172
22136
22174
22169
22002
21990
21792
21736
21848
22053
21764
22359
21817
21869
22005
21711
21708
22140
21910
22040
22060
21940
21999
21751
21714
21635
21814
21549
21884
22040
21672
21977
21568
21675
21604
21708
21715
21738
21960
21632
21576
21828
21434
21285
21460
21553
21600
21529
21600
21494
21289
21773
21762
21642
21402
21610
21129
21410
21252
21668
21414
21286
21213
21521
21240
21375
21417
21320
21336
21171
21051
21348
21238
21290
21382
21238
21446
21189
21496
21145
21094
21130
21131
21188
21220
20901
21227
20892
20922
20980
21403
20739
20916
20912
20938
20986
20980
20984
20653
21298
21069
20826
20777
20966
20812
20858
20703
20996
20340
20726
20580
20166
20037
20459
20532
20430
20032
20298
20149
20562
20218
20526
20321
20317
20780
20436
20285
20229
20328
20089
20498
20235
20494
20373
20186
20379
20360
20296
20179
20406
20314
20108
20075
20244
20074
20321
20036
20162
19955
19961
19949
19657
19749
19972
19701
19902
19765
19819
19904
19608
19936
19666
19997
19868
19856
19924
20040
19678
19789
19704
19709
19630
19610
19296
19746
19564
19614
19631
19432
19492
19856
19794
19417
19135
19556
19544
19076
19452
19486
19712
19481
19488
19350
19221
19073
19292
19350
19396
19159
18984
19004
19348
19172
19141
18894
19292
19192
19151
19004
18871
18750
19018
18813
18921
18565
18537
18664
18587
18514
18904
18429
18624
18422
18590
18218
18312
18549
18134
17864
18219
18248
18388
18252
18244
18006
18054
18219
18143
18133
18366
18509
18199
18371
18309
18299
18142
18029
18452
18067
18324
18219
18073
17903
18170
18152
18128
18057
18154
18230
17560
17741
17252
17081
17201
17311
17318
17320
17086
17401
17241
17417
17489
17518
17569
17781
17737
17537
17410
17592
17479
17603
17606
17358
17388
17652
17399
17325
17352
17077
17392
17225
16953
17347
16982
17144
17494
17118
17504
17102
16964
16916
17180
17125
17259
17155
17065
16741
16860
16764
16947
16686
16779
16616
16904
16776
16961
16824
16579
16406
16212
16085
15749
15737
15994
16076
15896
16312
16336
15747
16141
16283
16234
16008
16168
16309
16381
16572
16122
16172
15798
16027
16036
16113
16235
16164
16081
15955
16107
15704
15979
15908
15872
15609
15753
15757
15502
15976
15349
15698
15302
15405
15538
15247
15316
15410
15310
15313
15509
15366
15595
15417
15334
15496
15068
15548
15324
15343
15258
14945
15146
14832
14889
14791
14949
14974
15050
14961
14786
15071
14869
14713
14789
15006
14616
15011
14541
14831
14772
14503
14795
14826
14730
14628
14254
14615
14350
14411
14483
14458
14275
14592
14248
14349
14502
14389
13994
14215
14381
13797
14151
14271
14041
13803
14185
14084
14099
14064
14108
13918
13957
14244
13892
13673
13958
13816
13863
13869
13844
14034
13827
14012
13789
13648
13616
13252
13023
12804
13254
13355
13188
13465
13112
13211
13140
13474
13182
13132
13287
13238
13166
13133
13076
13381
13117
13267
13261
12895
13165
13171
13069
12962
13246
13003
12667
12785
12691
12670
12829
12790
12724
12565
12864
12844
12753
12618
12558
12631
12523
12629
12554
12654
12700
12703
12588
12694
12394
12309
12702
12322
12531
12583
12368
12216
12484
12342
12442
12087
12082
12345
12459
12230
12374
12178
12225
11996
11898
11896
12110
12074
11994
11840
11864
11959
11898
12015
11904
11902
12024
11892
11906
11725
12044
11855
11895
11567
11528
12018
11639
11873
11572
11560
11506
11557
11646
11496
11606
11789
11562
11369
11636
11548
11578
11426
11395
11644
11325
11375
11158
11598
11570
11466
11471
11370
11577
11422
11246
11487
11465
11074
11384
11040
11200
11151
11215
11118
11001
11065
11210
11104
11199
10907
11116
10991
11026
10985
11240
10965
10791
10820
10943
10712
10977
11030
10863
10894
10893
10940
10805
10792
10663
10710
10862
11154
10770
10771
10551
10786
10766
10871
10712
10745
10678
10766
10683
10753
10359
10685
10607
10776
10787
10722
10615
10713
10720
10671
10607
10556
10683
10478
10571
10275
10292
10332
10381
10558
10554
10592
10717
10555
10258
10355
10425
10496
10637
10357
10510
10355
10549
10287
10298
10236
10420
10163
10268
10391
10152
10270
10348
10318
10454
10073
10245
10230
10302
10232
10268
10264
10155
10266
10296
10362
10090
10222
10372
10258
10468
10179
10200
10337
10275
10221
10189
10452
10429
10304
10194
10190
10217
10241
10336
10204
10330
10131
10227
10104
10164
10142
10015
10216
10178
10012
10016
10194
10278
10246
10427
10103
10498
10256
10337
10159
10535
10087
10456
10266
9928
10429
10094
10277
10255
10372
10118
10173
10159
10283
10191
10343
10559
10143
10219
10274
10315
10378
10083
10258
10059
10372
10388
10387
10334
10171
10318
10154
10190
10410
10288
10310
10349
10176
10512
10074
10274
10389
10260
10266
10263
10426
10484
10504
10440
10487
10429
10248
10223
10526
10285
10344
10288
10555
10265
10581
10373
10269
10331
10412
10499
10545
10310
10403
10476
10798
10564
10746
10491
10522
10629
10622
10615
10676
10919
11097
10602
10788
10539
10792
10723
10828
11006
10882
10938
10710
10891
10985
11178
11115
11010
11149
10795
10762
10656
11072
10870
11210
10902
10718
11071
10908
11082
10879
10921
11067
10876
11224
10996
11235
11268
10876
11025
11290
11171
11189
11180
10998
11348
11382
11023
10969
11091
10864
11236
11066
11332
11132
11193
11076
11097
11453
11041
11272
11304
11460
11243
11254
11096
11161
11299
11185
11248
11449
11385
11397
11272
11540
11315
11599
11636
11777
11437
11688
11767
11661
11575
11482
11789
11763
11571
11500
11727
11437
11782
11723
11574
11852
11583
11367
11780
11559
11638
11754
11722
11882
11839
11580
11496
11833
11645
11750
11366
11741
11965
11764
11894
12218
11994
11701
11895
11705
11946
12043
11849
12132
11981
12082
12187
11830
11976
12174
11949
11904
11929
12227
11881
12201
11880
11988
12013
11969
12060
12100
12128
11983
11987
11970
12317
12004
12168
12236
12311
12194
12138
12078
12201
12121
12120
12012
12099
11929
11980
12098
12180
12188
11922
12110
12307
12149
12132
12378
12303
12066
12099
11921
12111
12130
12059
12100
11935
11963
11986
12088
12035
12144
12121
12275
12352
12296
11957
12410
12508
12255
12449
12364
12677
12612
12305
12090
12130
12472
12313
12385
12253
12283
12521
12292
12416
12305
12528
12468
12094
12323
12244
12353
12391
12300
12324
12487
12218
12441
12276
12448
12302
12294
12402
12320
12420
11981
12367
12387
12545
12282
12401
12554
12584
12479
12612
12281
12342
12282
12270
12746
12394
12404
12358
12105
12357
12394
12577
12517
12374
12374
12353
12154
12196
12573
12267
12043
12214
12388
12247
12245
12342
12250
12207
12246
12321
12405
12145
12248
12348
12139
12461
12142
12044
12147
12058
12238
12075
12278
12155
12292
12106
12159
12004
12233
12081
12288
12143
11942
12173
12392
11916
12215
12236
12186
12042
11881
12116
11934
11972
11887
12111
12119
12078
12106
12036
11894
11997
11721
11733
11976
11422
11745
11927
11940
11962
11847
11755
11922
11778
11965
11756
11983
11690
11680
11737
11935
11776
11752
11792
11646
11955
11904
11820
11634
11806
11520
11840
11528
11501
11531
11426
11550
11545
11492
11485
11521
11310
11463
11329
11663
11411
11332
11495
11467
11589
11421
11252
11330
11290
11489
11412
11089
11214
11329
11245
11300
11148
11266
11206
11273
11083
11060
11221
11164
11280
11027
10999
10825
11043
11011
11117
10941
11015
11102
10897
10895
10850
10818
10860
10732
10868
10697
10785
10971
10752
10794
10701
10681
10718
10748
10862
10714
10670
10471
10474
10633
10698
10456
10553
10560
10349
10452
10638
10336
10410
10187
10374
10263
10257
10118
10458
10098
10150
10144
10263
10104
9991
9864
9770
9973
9970
10180
9947
10077
9952
10094
9869
9990
9974
9629
9480
9396
9248
9325
9369
9365
9447
9463
9785
9670
9617
9502
9598
9526
9414
9306
9433
9521
9355
9309
9256
9243
9202
9220
9248
9152
8997
9076
9136
8967
9067
8827
8943
8836
8903
8899
8968
8837
8765
8838
8749
8588
8804
8584
8618
8472
8550
8545
8289
8356
8535
8657
8366
8342
8411
8241
8335
8288
8214
8037
8334
8222
8141
8030
8194
8053
7860
7937
7890
7890
7744
7909
7778
7819
7775
7760
7654
7738
7684
7801
7729
7544
7531
7561
7497
7204
7288
7250
7383
7320
7455
7355
7234
7172
7335
7278
7127
7044
7152
7107
6849
6922
6954
6843
6830
6861
6692
6733
6731
6746
6666
6539
6522
6518
6694
6429
6432
6625
6506
6506
6493
6359
6283
6449
6354
6216
6341
6188
6007
6068
6015
6047
6143
5965
5988
5979
5951
5929
5783
5859
5966
5843
5743
5622
5529
5833
5549
5643
5446
5579
5390
5386
5323
5443
5355
5345
5373
5162
5184
5125
5205
5082
5039
5162
5112
5086
5109
4849
4800
4721
4701
4799
4756
4750
4643
4888
4621
4637
4699
4683
4704
4644
4638
4701
4643
4736
4532
4349
4424
4613
4589
4381
4371
4350
4345
4353
4297
4254
4208
4224
4223
4189
4169
4219
4157
4077
4078
3989
3914
4067
3987
3930
4015
3901
3884
3828
3968
3843
3877
3871
3843
3767
3797
3688
3813
3714
3563
3538
3584
3706
3570
3609
3651
3691
3514
3576
3516
3528
3511
3566
3504
3465
3466
3429
3496
3521
3383
3297
3298
3371
3267
3185
3292
3275
3240
3174
3233
3216
3288
3260
3279
