3431
3275
3260
3303
3410
3436
3459
3428
3489
3398
3474
3415
3417
3445
3432
3425
3662
3489
3575
3423
3452
3303
3461
3531
3398
3362
3429
3474
3411
3507
3418
3510
3440
3432
3506
3560
3343
3653
3506
3570
3601
3591
3562
3577
3406
3505
3515
3523
3530
3612
3613
3510
3570
3652
3665
3560
3591
3683
3506
3621
3477
3447
3604
3532
3517
3492
3533
3468
3654
3555
3638
3542
3666
3626
3655
3636
3655
3681
3754
3677
3744
3633
3686
3633
3648
3667
3706
3531
3806
3725
3729
3789
3620
3951
3833
3822
3777
3619
3650
3737
3770
3690
3698
3805
3790
3772
3682
3750
3863
3713
3764
3836
3792
3957
3845
3773
3864
3858
3860
3856
3806
3950
3724
3812
3812
3946
3945
4010
3837
3882
3895
3901
3898
3770
3911
3855
3789
3924
3824
3903
3892
3860
3917
3883
3792
3737
3937
3971
4084
3886
3886
3943
3897
3908
4022
4176
3965
4133
3961
4101
4130
4061
4006
3982
3999
4033
3989
4055
3978
4104
4065
4031
4106
3946
4055
4082
3995
3937
4088
4034
3958
4181
4071
4000
4103
4140
3976
4202
4193
4140
4283
4161
4046
4129
4079
4311
4151
4192
4252
4252
4200
4106
4226
4050
4190
4164
4106
4000
4191
4144
4168
4269
4363
4048
4224
3969
4299
4234
4395
4144
4254
4284
4259
4231
4343
4128
4203
4248
4302
4368
4308
4237
4334
4469
4315
4436
4497
4439
4424
4475
4375
4417
4559
4452
4447
4443
4516
4384
4481
4394
4430
4457
4527
4383
4536
4500
4512
4450
4558
4485
4496
4280
4502
4624
4511
4474
4497
4533
4505
4598
4596
4605
4746
4568
4485
4449
4557
4620
4513
4699
4607
4484
4523
4477
4652
4689
4603
4733
4531
4719
4684
4678
4684
4626
4780
4702
4625
4754
4717
4695
4557
4633
4670
4824
4716
4735
4873
4745
4874
4821
4673
4778
4939
4781
4778
4833
4797
4692
4770
4841
4857
4784
4894
4884
4729
4878
4803
4829
4900
4826
4814
4901
4856
5116
5074
4923
4919
4910
5037
5106
5048
4841
5071
4857
4909
4935
5015
4843
4948
4798
4908
5018
4958
4962
4969
5093
4934
5060
5020
5096
4967
4965
4973
5149
5030
5132
5085
5051
4928
5022
4994
5178
4978
4941
5109
5140
5075
5138
5184
5084
5100
5200
5030
5224
5305
5060
5186
5293
5155
5211
5322
5163
5176
5299
5274
5163
5331
5370
5416
5235
5301
5298
5260
5297
5183
5162
5306
5465
5371
5406
5455
5465
5366
5321
5257
5401
5339
5388
5213
5492
5376
5307
5476
5499
5446
5368
5538
5236
5548
5487
5576
5504
5624
5605
5555
5561
5594
5552
5482
5593
5522
5564
5541
5593
5589
5599
5652
5444
5702
5676
5773
5650
5721
5560
5834
5674
5905
5754
5794
5777
5730
5726
5833
5956
5796
5862
5664
5595
5801
5705
5693
5650
5681
5862
5909
5862
5931
5725
5961
6011
5843
5868
5832
5796
5762
5848
6060
5871
5930
6102
5960
5957
5904
5968
5984
5997
6086
6198
5997
6070
5965
6068
6102
6033
6110
6054
6080
5821
5885
5918
5991
6073
6106
6138
6043
6071
6112
6045
6201
6082
6227
6164
6075
6194
6124
6254
6082
6297
6168
6043
6380
6292
6195
6315
6338
6349
6213
6432
6241
6264
6239
6390
6397
6310
6607
6484
6336
6430
6528
6428
6485
6453
6436
6424
6558
6377
6424
6368
6468
6538
6563
6395
6529
6565
6381
6718
6446
6379
6459
6632
6667
6501
6592
6590
6623
6469
6716
6487
6755
6730
6721
6792
6803
6657
6668
6717
6606
6837
6889
6743
6661
6625
6635
6638
6759
6589
6743
6724
6713
6905
6934
6869
6701
6984
6874
7025
6804
6860
6846
6940
6819
6938
7027
6926
7023
7142
7099
6867
6998
6909
7103
7009
6919
6926
7028
6771
6703
6804
6589
6958
6778
6722
6936
6746
7000
6883
7087
7284
7167
7252
7085
7193
7196
7196
7259
7026
7254
7170
7309
7215
7356
7264
7219
7413
7296
7290
7327
7253
7448
7122
7179
7355
7357
7277
7367
7359
7395
7445
7347
7374
7424
7213
7243
7381
7301
7492
7290
7456
7292
7452
7177
7455
7685
7393
7449
7501
7464
7395
7463
7543
7507
7511
7718
7608
7644
7669
7597
7632
7342
7429
7619
7641
7942
7430
7772
7525
7822
7782
7718
7647
7885
7802
7923
7833
7839
7965
7712
7954
7987
8149
7954
8072
7947
7909
7967
7973
7828
8173
8172
7932
8065
8181
8009
8050
8191
8230
8172
8199
8087
8059
8272
7939
8005
8057
8036
8076
8073
8072
8142
8266
8306
8239
8134
8212
8282
8418
8199
8433
8413
8300
8264
8244
8300
8105
8513
8387
8296
8527
8378
8507
8453
8445
8267
8568
8456
8678
8565
8697
8362
8607
8470
8408
8556
8586
8619
8570
8606
8562
8630
8668
8678
8620
8587
8827
8699
8713
8861
8789
8654
8778
8935
8695
8916
8954
8712
8741
8779
8820
8854
9011
8936
8953
8934
8971
9017
8814
8911
8780
8990
8864
9001
9140
8877
9238
9051
9052
9133
9097
8995
8845
8986
9165
9169
9034
9139
9041
9268
9244
8959
9161
9280
9261
9246
9176
9181
9238
9412
9117
9111
9087
9000
9261
9202
9223
9367
9392
9379
9472
9363
9687
9547
9581
9568
9509
9629
9759
9587
9691
9706
9738
9325
9514
9683
9606
9637
9876
9856
9491
9627
9922
9633
9765
9730
9860
9730
9809
9782
9732
9813
9446
9522
9765
9665
9729
9732
9740
9918
9886
9935
9799
10093
9921
10071
10100
9901
9929
10180
10113
10378
10138
10132
10394
10082
10224
10224
10309
10215
10235
10040
10155
10265
10370
10054
10507
10123
10159
10347
10159
10389
10403
10334
10410
10348
10448
10281
10434
10392
10436
10365
10542
10643
10745
10372
10831
10569
10496
10623
10324
10631
10511
10370
10563
10493
10549
10691
10708
10632
10579
10761
10621
10802
10625
10648
10708
11033
10706
10648
10975
10792
10860
11026
10925
11037
10807
10867
11041
10774
10620
10771
10968
10964
10816
11026
11122
11061
10961
11009
11035
11109
10916
11104
10982
11234
11292
11044
11101
11156
11286
11109
11146
11203
11057
10985
11370
11163
11323
11104
11319
11098
11278
11268
11110
11283
11409
11161
11215
11552
11489
11401
11441
11635
11505
11501
11700
11237
11688
11328
11581
11413
11341
11352
11548
11477
11343
11565
11532
11381
11401
11685
11540
11605
11845
11994
11749
11933
12018
11738
12025
12143
11940
12010
12009
11878
11947
12073
11928
12212
12077
12246
11950
12214
12411
11789
11895
12021
11963
12156
11900
11817
11951
11920
11985
11858
11744
11968
12033
11888
11726
11793
11956
12155
12034
12218
12212
12308
12625
12474
12425
12452
12520
12576
12345
12322
12183
11880
11440
11343
11273
11008
11081
10442
10291
10185
10014
9993
10094
10545
10973
11132
11498
12096
12187
12601
12952
12965
12962
13012
13038
13190
12973
13116
13001
12951
13105
13060
12887
13084
12930
12794
13101
13134
13135
13155
12967
13218
13158
13029
13035
12841
13019
12874
12910
13208
12754
13046
13279
13100
13062
13144
13460
13364
13340
13263
13335
13550
13380
13483
13418
13250
13613
13354
13413
13337
13501
13421
13343
13317
13197
13592
13597
13275
13464
13275
13473
13687
13765
13524
13752
13536
13628
13420
13711
13632
14052
13579
13614
13768
13777
13663
13988
13716
13500
13808
13675
13896
13729
13508
13861
13728
13866
14007
13989
13584
13958
13771
13960
13916
14012
13911
13842
14017
13996
14123
13969
13956
14189
14438
14109
14368
14308
14244
14410
14344
14226
14364
14228
14490
14428
14494
14517
14436
14313
14477
14459
14377
14586
14821
14650
14667
14804
14776
14593
14555
14973
14836
14733
14851
14818
14760
14534
14632
14276
14230
14429
14454
14403
14029
13957
13710
14062
13793
14031
14691
14648
14711
14999
14938
15127
15006
15053
14985
15330
14879
15130
15199
15229
15367
14938
14985
15532
15092
15458
15191
15471
15490
15344
15260
15183
15279
15425
15020
15186
15548
15370
15269
15446
15511
15369
15700
15488
15418
15742
15399
15567
15588
15609
15560
15752
15668
15822
15964
15412
15377
15844
15675
16001
15868
15822
15814
15919
15827
15660
15948
16119
16026
15917
16036
16027
16024
15724
15755
16185
15866
15984
15845
15889
16310
15885
16163
15786
16215
15950
15880
16149
16158
16464
16142
16335
16384
16238
16192
16372
16258
16442
16428
16434
16604
16314
16406
16576
16305
16480
16413
16556
16477
16705
16523
16626
16669
16632
16448
16552
17078
16604
16536
16847
16390
16621
16820
16824
16539
16821
17145
16916
16968
16606
16751
16822
16908
17099
16849
17173
17517
16854
16972
17158
17097
17459
17269
17252
17046
17078
17282
17262
17065
17181
17053
17322
17086
17116
17197
17030
17154
17325
17664
17146
17321
17221
17450
17579
17395
17584
17567
17568
17474
17600
17604
17474
17492
17685
17460
17133
17484
17525
17916
17624
17440
17267
17536
17584
17746
17741
17813
18075
17690
17979
17868
18009
17798
18166
17909
17868
17516
17647
17408
18018
17565
17933
17574
17588
17839
17558
17640
18058
18516
18122
17847
18114
18256
18310
18286
18137
18180
18246
18054
18223
18208
18150
18376
18431
18462
18484
18248
18540
18367
18112
18440
18537
18324
18622
18413
18875
18573
18438
18658
18494
18571
18904
18349
18675
18650
18562
18422
18701
18645
18491
18711
18620
18538
18916
18523
18956
18644
19004
18776
18624
19140
18816
18790
18930
19037
18910
18720
18816
18752
19194
19026
19145
19034
19137
18932
19256
18933
19252
19186
19136
18937
18978
18885
19240
19008
19098
19292
19253
19092
19408
19266
19360
19151
19388
19039
19379
19441
19229
19277
19198
19319
19296
19423
19360
19148
19406
19333
19286
19389
19657
19405
19520
19537
19587
19432
19504
19694
19463
19389
19382
19516
19673
19727
19756
19895
19717
19914
19806
19556
19668
19556
19578
19399
19924
19695
19994
19605
19968
19686
19826
19928
19774
20000
19652
19787
19766
19801
19584
20365
19785
19771
19659
20065
19848
20068
20262
19911
19924
19900
20584
20005
19927
20010
20098
20049
20017
20380
20194
20338
20237
20324
20171
19976
20354
20251
20234
20198
20192
20238
20008
20697
20658
20269
20562
20585
20022
20088
20618
19963
20657
20350
20594
20562
20415
20681
20408
20437
20554
20701
20677
20621
20616
20763
20744
20601
20832
20917
20746
20820
20531
20229
20340
20101
20174
20296
19892
20406
20329
20033
20361
20153
20514
20799
20608
20996
20715
20935
20909
20893
20841
20666
20740
21037
21092
21087
21091
21193
20870
21341
21204
21079
20832
20847
20774
20708
21269
20930
20916
21212
20769
21189
21303
21275
21227
21019
20920
21275
21073
20971
21190
21237
21251
21309
20992
21220
21270
21012
21352
21261
21307
21322
21297
21112
21133
21138
21569
21476
21120
21316
21318
21258
21460
21681
21229
21329
21244
21555
21608
21661
21740
21333
21522
21599
21428
21635
21598
21579
21726
21512
21476
21680
21517
21532
21790
21744
21528
21526
21974
21624
21800
21672
21695
22037
21937
21696
21924
21733
21965
21760
21921
21805
21720
21860
22045
22016
21727
22144
21828
21914
21821
21924
21680
21885
21877
21864
22217
21652
21937
21716
22145
21813
21685
21810
21898
22042
21913
22246
22086
22166
22262
21888
22080
22010
22469
21602
22204
21940
21771
21929
21855
22264
22068
21958
22234
22280
22074
22194
21989
22185
22192
21989
22325
22116
22325
22426
22210
22423
22299
22144
22146
22309
22270
22146
22389
22478
22267
22224
22219
22580
22302
22255
22287
22157
22062
22320
22189
22420
22367
22345
22372
22546
22587
22684
22419
22403
22505
22582
22198
22530
22203
22267
22602
22489
22644
22656
22254
22477
22618
22589
22424
22692
22444
22336
22357
22557
22388
22552
22631
22382
22588
22885
22452
22568
22792
22656
22565
22521
22756
22532
22615
22668
22525
22700
22354
22459
22407
22272
22568
22275
22452
22628
22372
22573
22594
22741
22759
22631
22802
22584
22793
22707
23101
22618
22841
22993
22410
22784
22608
22582
22680
22509
22514
22792
22609
22641
22624
23050
22624
22602
22826
22981
22784
23112
22716
22829
22420
22815
22704
23008
22862
22817
23046
22905
22830
22925
22760
22864
22649
22894
22754
22980
23106
23126
22938
23013
22797
23131
22889
23040
22713
22900
22468
22801
22681
22913
22485
22501
22861
22560
22752
22619
22773
22820
22810
22484
22544
22662
22665
22801
23090
22944
23017
22656
22566
22948
22775
22716
22936
22554
22683
22584
22266
22374
22592
22618
22505
22572
22727
22596
22546
22516
22211
22415
22669
22395
22514
22080
22427
22608
22433
22408
22482
22509
22829
22778
22727
22693
22841
22912
22766
22812
22661
22828
23014
22698
22518
22516
22797
22642
22538
22705
22896
22647
22548
22633
22991
22596
22693
22532
22745
23096
22349
22890
22786
22784
22760
22934
22835
23062
22957
23302
23018
22629
22925
22908
22946
23085
22959
22843
22763
22380
22666
22391
22712
22516
22808
22620
22795
22512
22482
22682
22637
22586
22790
22298
23003
22674
22340
22443
22520
22676
22634
22443
22187
22495
22274
22180
22658
22435
22492
22515
22850
22901
22694
22450
22583
22529
22439
22559
22416
22297
22301
22282
22573
22362
22132
22540
22320
22265
22572
22272
22317
22353
22274
22328
22094
22283
22488
22139
22373
22033
22435
22386
22171
22002
22298
22377
21973
22321
22539
22530
21908
21870
22394
22122
22386
22136
21858
22237
21965
22068
21971
22298
22406
22478
22109
22066
21888
22080
22134
22093
22201
22140
21812
22121
22203
21949
22150
21979
21854
21811
22193
21580
22172
22004
21860
22075
21840
22152
21851
22176
21543
21835
21700
21878
21733
21729
21881
21637
21788
21730
21552
21732
21726
22006
21786
21874
21942
21271
21358
21486
21840
21584
21557
21593
21708
21696
21690
21668
21684
21608
21628
21342
21471
21690
21464
21330
21504
21393
21574
21578
21320
21402
21636
21307
21106
21386
21343
21185
21265
21364
21327
21290
21195
21256
21066
21268
21012
21141
21195
21186
21239
21102
21331
21051
21214
21316
21390
21260
21122
20970
21252
20990
20996
21026
21098
20972
21065
20633
21172
21140
20821
20950
20961
21197
20988
20994
20756
20752
20902
20603
20549
20202
20466
20138
20301
20394
20124
20138
20331
20326
20270
20676
20384
20237
20516
20570
20402
20287
20629
20337
20241
20138
20160
20394
20486
20397
20063
20118
19990
20010
20056
20318
19986
19924
19924
20042
20180
20317
19899
19887
19686
19959
19669
19980
20023
20013
19793
19794
20148
20133
19832
19952
19968
19729
19790
19712
19784
19712
19944
19694
19423
19460
19797
19828
19656
19412
19429
19408
19665
19273
19478
19361
19713
19192
19428
19348
19541
19589
19746
19430
19488
19177
19563
19319
19364
19018
19184
19239
19220
19251
18950
19119
19129
18944
19239
19012
19181
19035
18957
18990
18980
18660
18838
18585
18808
18797
18714
18329
18433
18520
18561
18650
18315
18393
18477
18448
18496
18279
18121
18309
18097
18043
18271
18420
18383
18055
18164
18296
18114
18364
18533
18197
18265
18325
18338
18308
18373
18059
18181
18212
18185
18057
18294
17941
18053
18175
17980
18070
18084
18005
17610
17370
17448
17261
17000
17109
17268
17428
17070
17580
17223
17589
17402
17604
17552
17683
17406
17550
17493
17640
17307
17757
17253
17456
17327
17348
17365
17494
17249
17105
17127
17162
17209
17474
17066
17024
16843
17149
16844
17024
16822
17074
16898
17108
16966
17020
16618
17206
17095
16696
17023
16493
16628
16616
16828
16710
16781
16869
16522
16430
16145
15834
15828
15663
15781
16052
15844
16064
15959
16073
16367
16388
16247
16116
16436
16149
16133
16276
16074
16289
16181
16212
16176
15972
16116
16146
15963
15926
15664
16073
15940
15606
15854
16066
15826
15474
15601
15370
15566
15530
15634
15654
15317
15370
15558
15332
15489
15557
15303
15556
15273
15138
15429
15229
15174
15251
15117
15438
14928
15078
15241
15085
15104
14945
15198
14748
14814
14935
15179
15135
14824
14842
14610
14938
14806
14778
14428
14637
14830
14524
14610
14490
14468
14754
14510
14435
14610
14601
14420
14189
14249
14294
14243
14537
13995
14026
14173
14081
14180
14086
14206
13989
14191
13956
14094
14142
14128
13990
14092
14085
13771
13899
13907
13809
13817
13728
13933
13865
14050
13704
13977
13754
13633
13812
13205
13401
13102
13069
13158
13136
13033
13232
13209
13279
13259
13347
13446
13205
13327
13343
13469
13250
13027
13293
13228
13202
13065
13260
13146
13108
12945
13090
12960
12925
12881
12883
12934
13000
12666
12916
12993
12925
12765
12610
12690
12885
12592
12630
12432
12564
12690
12614
12522
12682
12463
12478
12510
12464
12352
12578
12470
12558
12375
12279
12507
12269
12161
12238
12432
12263
12329
12134
12168
12125
12073
11977
11831
11962
11769
12038
12140
11737
11784
11851
11833
11833
11910
11880
12084
11820
12124
11934
11791
11973
11561
11847
11806
11658
11747
11640
11753
11512
11834
11486
11593
11733
11508
11632
11378
11673
11620
11446
11338
11109
11335
11328
11282
11492
11328
11177
11362
11392
11499
11374
11520
11266
11286
11355
11226
11385
11106
10987
11316
11108
11319
11145
11304
11117
11102
10857
11208
11120
11099
11006
10968
10880
10867
10932
10860
10778
11124
10804
10935
10887
10824
10930
10970
10880
10758
10800
10912
10685
10685
10669
10914
10728
10937
10716
10682
10579
10928
10841
10606
10597
10618
10776
10728
10554
10649
10781
10594
10556
10554
10425
10557
10714
10361
10564
10741
10544
10414
10462
10401
10656
10308
10505
10485
10328
10458
10469
10450
10323
10289
10433
10465
10387
10493
10362
10414
10108
10398
10329
10336
10353
10162
10238
10324
10272
10442
10399
10188
10271
10238
10287
10127
10343
10231
10381
10126
10246
10132
10355
10020
9946
10225
10053
10154
10072
9994
10150
10019
10039
10167
10240
9931
10022
10255
10066
10212
10183
10151
10223
10076
10150
10329
10022
10356
10148
10174
10272
10054
10265
10038
10192
10332
10065
10212
10048
10395
10132
10134
10106
10226
10353
10229
10173
10167
10140
10242
10107
10329
10208
10114
10298
10151
10322
10326
10405
10469
10089
10258
10274
10334
10329
10233
10090
10469
10123
10154
10180
10073
10557
10231
10025
10480
10179
10315
10028
9982
10376
10218
9986
10475
10297
10159
10179
10312
10361
10286
10594
10405
10299
10312
10372
10279
10392
10235
10304
10284
10215
10359
10295
10211
10237
10260
10537
10440
10641
10272
10383
10486
10476
10434
10538
10390
10525
10746
10788
10512
10596
10566
10621
10706
10499
10717
10794
10732
10526
10679
10602
10610
10665
10673
10742
10790
10843
10674
10642
10722
10619
10719
10797
10772
10809
10898
10884
10942
10986
10957
11052
10918
10920
11078
11053
11024
11083
10975
10735
10824
11160
10980
11126
11122
11087
11194
10965
11101
11008
10948
11149
10997
11276
11078
11055
10970
11083
10961
11149
11044
11284
11353
11183
11254
11528
11280
11460
11608
11483
11253
11079
11422
11310
11397
11673
11509
11652
11545
11666
11436
11350
11481
11496
11597
11642
11616
11594
11294
11372
11684
11701
11556
11527
11532
11536
11457
11560
11810
11604
11671
11408
11802
11972
11709
11732
11661
11768
11947
11707
11714
11785
11533
11925
11773
11880
11759
11916
11818
11500
11596
11979
11880
11802
11702
11934
12013
11944
12141
11825
11804
11920
11821
11904
11904
12079
12180
11994
11805
11961
11937
12034
12156
11732
11962
12125
12015
11948
12097
11869
12091
11874
12064
11965
11973
12056
12051
12138
12116
12004
12095
11761
12116
12158
11968
12039
12114
12087
12080
12284
12253
12282
12002
11930
11890
11846
11918
11862
11783
11781
11718
12045
12084
12130
12620
12458
12140
12223
12215
12329
12333
12286
12247
12290
12338
12501
12220
12035
12418
12400
12292
12365
12224
12416
12496
12184
12128
12076
12370
12043
12416
12218
12407
12180
12227
12133
12188
12218
12335
12169
12309
12370
12219
12320
12152
12428
12361
12441
12106
12287
12424
12339
12158
12476
12343
12175
12420
12340
12262
12425
12317
12178
12304
12299
12237
12169
12310
12305
12210
12393
12205
12553
12109
12245
12330
12417
12238
12143
12028
12321
12182
12105
11974
12103
12118
12015
12025
12211
12285
12069
12187
12308
12045
12198
12052
12171
12022
12113
12073
12242
12080
12002
12221
11983
11959
11925
12086
12196
11974
12038
12240
12070
12034
11725
11840
12260
11758
11863
11945
11996
11933
11800
11905
11829
12020
11972
11877
11877
12032
11850
11705
11690
11636
11848
11836
11782
11355
11765
11556
11931
11688
11684
11721
11857
11572
11593
11835
11754
11545
11722
11632
11480
11576
11648
11638
11654
11557
11637
11694
11520
11463
11417
11486
11520
11502
11572
11462
11388
11254
11316
11441
11210
11227
11148
11453
11298
11242
11394
11378
11199
11144
11326
10956
10996
11041
11019
11092
10898
11328
11086
11194
11028
11110
10835
11109
10868
10893
10937
10888
10974
11036
10889
10968
10830
10782
10843
10786
10616
10788
10676
10782
10633
10718
10534
10921
10652
10979
10818
10767
10963
10714
10694
10618
10580
10459
10509
10455
10577
10261
10249
10456
10394
10348
10384
10392
10371
10368
10216
10434
10287
10296
10340
10117
10162
10193
9924
10013
10003
9959
10200
9976
10048
9954
10170
9992
9911
10066
9896
9898
9882
9791
9628
9445
9183
8964
9181
9153
9070
9293
9517
9532
9528
9605
9380
9572
9642
9530
9388
9422
9327
9398
9421
9337
9377
9196
9062
8869
9171
8879
9008
8904
9064
9105
8855
8831
8780
8836
8873
8856
8929
8727
8892
8746
8486
8618
8697
8426
8449
8549
8472
8518
8596
8402
8504
8556
8408
8376
8138
8382
8072
8088
8136
8116
8027
8143
7966
8059
7942
7958
7896
7758
7817
7803
7656
7710
7613
7852
7607
7612
7587
7649
7663
7408
7581
7530
7480
7518
7442
7384
7385
7415
7419
7126
7345
7140
7225
7200
7145
6994
6947
6988
7037
6791
6805
6897
6820
6851
6772
6660
6720
6794
6642
6589
6574
6614
6561
6658
6662
6490
6278
6464
6424
6365
6207
6359
6352
6183
6310
6222
6037
6180
6065
5956
6005
5797
6024
5890
5935
5851
5731
5955
5905
5757
5789
5650
5606
5592
5592
5560
5483
5479
5492
5420
5435
5439
5321
5422
5245
5217
5242
5161
5165
5209
5069
5127
5165
5048
4917
4771
4750
4767
4685
4446
4614
4581
4670
4722
4737
4730
4748
4697
4632
4656
4670
4547
4683
4587
4378
4503
4354
4451
4441
4288
4419
4414
4354
4239
4279
4163
4206
4219
4278
4168
4193
4152
4145
4010
4010
3958
4086
4088
4003
3968
3861
3819
3973
3945
3776
3830
3692
3866
3732
3780
3737
3768
3541
3535
3570
3546
3552
3658
3555
3592
3656
3609
3515
3600
3476
3346
3492
3479
3452
3455
3491
3401
3353
3399
3328
3509
3241
3313
3374
3236
3260
3417
3185
3207
3371
3204
3227
3174
3204
3115
