3471
3511
3600
3508
3526
3468
3493
3617
3490
3319
3568
3484
3440
3364
3319
3535
3608
3598
3484
3486
3401
3493
3567
3463
3503
3530
3435
3508
3571
3577
3432
3464
3603
3488
3457
3541
3581
3515
3619
3612
3561
3569
3559
3593
3506
3627
3473
3544
3615
3527
3616
3664
3636
3714
3828
3581
3848
3506
3715
3641
3594
3598
3661
3631
3710
3629
3617
3527
3625
3566
3515
3707
3718
3692
3695
3749
3805
3711
3655
3870
3662
3735
3792
3743
3721
3806
3722
3744
3717
3868
3774
3799
3738
3748
3910
3835
3781
3856
3843
3898
3757
3858
3800
3901
3955
3948
3782
3843
3860
3874
3765
3803
3913
3928
3901
3853
3661
3807
3864
3866
3771
3825
3834
3978
3993
3930
3707
4033
3981
3983
4040
4061
3975
3956
3980
3979
4051
3968
4065
3890
3905
3994
3988
3985
4011
4005
4143
4006
4022
3965
4034
3945
4020
4021
3980
4070
4000
3962
4186
4152
4053
3897
4073
4095
4219
4305
4147
4041
4052
4102
4181
4164
4119
4109
4136
4131
4186
4117
4112
4181
4179
4205
4162
4232
4104
4370
4151
4155
4272
4158
4187
4348
4214
4274
4064
4176
4124
4128
4365
4153
4197
4262
4364
4185
4304
4368
4425
4348
4185
4248
4455
4132
4096
4381
4359
4284
4293
4251
4349
4354
4477
4405
4410
4346
4379
4313
4319
4543
4323
4358
4354
4420
4317
4419
4557
4381
4495
4430
4635
4482
4422
4602
4484
4436
4640
4451
4592
4535
4554
4549
4620
4522
4474
4596
4534
4686
4511
4630
4583
4649
4522
4626
4550
4723
4721
4663
4680
4581
4714
4754
4634
4586
4736
4696
4724
4655
4823
4667
4815
4766
4783
4817
4662
4698
4677
4710
4727
4612
4618
4809
4614
4536
4772
4738
4781
4883
4805
4884
4786
4964
4723
4773
4711
4821
4914
4871
4762
4902
4865
4890
4874
4939
4868
5009
4990
4965
5103
4940
4894
4877
5071
5039
4988
4966
4880
4877
4857
4887
5114
4983
5033
4923
4874
5116
5002
5176
5150
5288
4960
4985
5133
4889
5028
4888
4995
4878
5161
5103
4895
5087
4915
5127
5135
5025
5097
5107
5134
5243
5161
5320
5135
5001
5239
5151
5128
5069
5142
5122
5216
5314
5320
5205
5337
5403
5243
5424
5181
5001
5306
5326
5413
5362
5165
5241
5381
5395
5300
5345
5284
5228
5369
5369
5299
5342
5481
5495
5430
5416
5460
5484
5570
5382
5491
5275
5347
5393
5396
5438
5511
5410
5407
5445
5573
5416
5466
5483
5572
5401
5506
5568
5658
5540
5553
5568
5651
5590
5494
5732
5640
5653
5703
5689
5683
5621
5834
5686
5808
5617
5740
5525
5746
5664
5649
5781
5823
5835
5951
5807
5827
5806
5946
5897
5743
5973
5744
5814
5850
5864
5673
5889
5858
5798
5852
5880
5923
6031
6029
6078
5675
5955
5963
6038
5933
6009
6118
6016
6112
5946
5917
6086
5915
5904
6047
6007
6085
6094
6187
6067
5951
5946
6189
6132
6182
6128
6033
6069
6150
6238
6181
6181
6095
6111
6114
6102
6164
6239
6383
6219
6140
6249
6177
6084
6183
5993
6246
6288
6211
6288
6333
6362
6192
6394
6431
6275
6363
6484
6121
6406
6331
6382
6287
6358
6394
6540
6238
6152
6395
6308
6297
6572
6495
6395
6428
6431
6583
6346
6603
6507
6624
6331
6649
6447
6807
6755
6596
6617
6545
6647
6538
6648
6473
6545
6458
6795
6607
6498
6666
6661
6781
6656
6888
6776
6845
6903
6847
6650
6891
6881
6822
6671
6962
6759
6692
6755
6754
6934
6925
6905
7076
6906
6886
6952
6834
6928
6991
7050
6970
6975
7106
7085
6929
7056
7003
6870
7103
7049
6941
6950
7111
7086
6929
7086
7062
6953
7189
7408
7081
6996
7243
7244
7098
7292
7072
7106
7045
7162
7072
6868
7169
7167
7212
6941
6966
7158
7046
7241
7284
7328
7407
7311
7168
7385
7288
7410
7401
7248
7277
7298
7388
7168
7457
7365
7372
7601
7597
7548
7529
7268
7509
7495
7419
7557
7562
7521
7734
7644
7545
7644
7371
7461
7706
7448
7690
7599
7714
7474
7669
7503
7620
7687
7543
7581
7494
7553
7708
7679
7610
7730
7740
7440
7605
7766
7714
7865
7797
7844
7818
7763
7855
7671
7734
7978
7644
7754
7790
7964
8084
7764
7938
7952
7970
7898
7837
8159
8023
8209
8032
8007
8231
8303
8375
8135
8014
8032
8136
8051
8061
8202
8377
7993
8203
8240
8282
8129
8272
8345
8182
8344
8390
8370
8452
8225
8123
8352
8300
8512
8408
8022
8202
8306
8484
8328
8329
8553
8253
8333
8563
8643
8556
8338
8338
8475
8572
8475
8645
8570
8474
8697
8758
8589
8539
8522
8687
8596
8754
8704
8607
8768
8867
8814
8635
8695
8995
8804
9044
8778
8802
8642
8656
8759
8933
8823
8690
8868
8849
8986
8776
8994
8947
8743
8996
8923
8757
9030
8951
9236
9048
9158
9083
8895
9093
9020
9132
9119
8950
8893
9175
9083
9549
9045
9306
9336
9332
9244
9325
9324
9472
9344
9239
9285
9357
9190
9229
9220
9199
9184
9196
9210
9252
9104
9421
9461
9608
9412
9635
9720
9484
9717
9488
9567
9700
9669
9604
9539
9774
9673
9515
9534
9697
9711
9541
9839
9722
9956
9925
9753
9781
9825
9666
9730
9798
9857
9885
9835
9936
9951
9866
9972
9994
10090
10078
10152
9982
10136
10242
10191
9892
9934
10178
9778
9822
9806
10102
10051
10119
9941
10131
10124
10508
10178
10382
10276
10128
10452
10449
10368
10422
10389
10277
10350
10353
10439
10747
10761
10264
10471
10369
10430
10342
10557
10440
10718
10621
10635
10600
10752
10621
10634
10740
10583
10720
10778
10614
10820
10786
10872
10646
10680
10797
10901
10945
10861
10857
10981
10968
10882
10764
10704
10744
10946
10866
11074
10888
10906
10791
10874
10994
10791
10711
11149
10914
10940
11155
11086
11078
11133
11028
11254
11012
11177
11425
11160
11156
11151
11085
11304
11204
11398
11265
11293
11479
11133
11259
11477
11168
11286
11308
11471
11362
11312
11243
11570
11245
11423
11591
11487
11707
11505
11718
11483
11396
11594
11566
11596
11474
11493
11751
11598
11447
11556
11692
11404
11802
11798
11602
11670
11974
11698
11540
12050
12000
12067
12054
11977
11782
11677
11845
11951
11980
11741
11731
11754
11751
11789
11866
11645
11671
11953
11738
11982
11804
11802
12014
12164
12141
12117
12167
12216
12288
12142
12271
12376
12562
12296
12114
12437
12500
12259
12107
12438
12349
12267
12201
12224
12366
12376
12183
12061
12123
11958
12143
12043
12076
12162
12322
12112
12419
12332
12438
12210
12547
12733
12876
12680
12961
12956
12801
13101
12624
12826
12746
12665
12631
12791
12315
11910
11506
11451
11348
11055
10864
10239
10184
10383
10331
10646
10827
10980
11522
11838
12328
12651
12957
13387
13289
13517
13710
13487
13304
13744
13337
13505
13367
13284
13308
13430
13382
13472
13242
13369
13431
13523
13538
13798
13582
13656
13335
13429
13396
13300
13493
13386
13532
13546
13464
13649
13462
13420
13524
13843
13914
13751
13710
13883
13653
13775
13793
13706
13775
13896
13639
13715
13605
13818
13684
13771
13898
13781
13959
13716
13824
14051
13630
13949
13908
13992
14235
14297
13990
13765
13661
14185
14171
14015
13883
14106
14251
13992
14090
13914
14065
14079
14084
14198
14323
14180
14086
14223
14159
14376
14174
14276
14317
14317
14171
14218
14193
14426
14259
14376
14160
14514
14486
14486
14500
14484
14430
14497
14421
14666
14664
14770
14902
14749
14619
14933
14716
15136
14724
14629
14907
14690
14716
15142
15141
14927
15057
15253
15206
14941
14809
15236
15277
15176
15259
15365
15346
15339
15159
15005
15102
14716
14671
14516
14697
14680
14507
14426
14276
14395
14579
14464
14810
14956
15488
15384
15410
15277
15404
15420
15242
15460
15616
15698
15575
15838
15546
15616
16005
15508
15725
15698
15788
15805
15723
15643
15547
15946
15637
15558
15594
15982
15733
15784
15624
16093
15807
15853
15791
15694
16014
16032
15976
16056
16213
16058
15582
16027
16215
16460
16102
16025
16244
16182
16041
16326
16027
16133
16213
15958
16506
16310
16409
16403
16461
16237
16370
16144
16406
16410
16210
16627
16389
16630
16633
16356
16613
16603
16835
16356
16861
16673
16849
16388
16628
16672
16373
16712
16714
16900
17130
16687
16782
16630
16797
16845
16571
16820
16786
16706
17004
16756
17270
16982
16957
17368
16954
17198
17130
17272
17181
17091
17174
17176
17159
17076
17337
17111
17118
17242
17219
17229
17337
17346
17489
17248
17432
17444
17558
17128
17289
17375
17790
17440
17564
17485
17606
17830
17864
17629
17584
17760
17586
17698
17938
17706
17805
17864
17817
17668
17594
17920
17690
17838
17924
18197
17752
18120
17716
17981
18071
18045
17842
17685
18224
18020
17865
18011
17821
18018
17885
18141
18300
18156
17869
17972
17968
17784
17956
17910
17920
18416
18396
18239
18416
18587
18217
18505
18388
18436
18364
18592
18139
18080
18260
18425
18160
18473
18278
18165
17988
18436
18445
18324
18433
18776
18642
18562
18982
18895
18911
19048
18893
18762
18724
18552
18639
18826
18774
19006
18779
18929
18887
18944
18840
19189
18841
19056
18768
18910
18900
18728
18644
18868
19016
18770
19140
19224
19006
18725
19245
18961
19406
19318
19325
19251
19301
19356
19366
19236
19230
19316
19360
19178
19750
19690
18994
19371
19482
19556
19412
19131
19506
19744
19528
19387
19285
19797
19604
19750
19481
19435
19720
19678
19613
19490
19483
19418
19776
19672
19609
19659
19855
19714
19712
19816
19896
19592
19811
20061
19726
19844
20076
19670
19885
19840
19894
19749
19688
19639
19898
19926
19981
20108
19993
19976
20096
20146
20076
20274
20011
20337
20026
20030
20222
19755
20026
20142
20096
20072
19930
20049
20429
20090
20072
20422
20228
20318
20212
20260
20436
20537
20394
20422
20452
20379
20457
20271
20153
20383
20447
20439
20164
20530
20624
20394
20535
20722
21034
20509
20486
20477
20660
20621
20505
20804
20555
20490
20648
20601
20813
20847
20558
20788
20736
20821
20968
20669
20397
20854
20672
20794
20909
20900
20939
21024
20779
20957
21154
20893
20752
20957
20790
20868
20926
21020
20904
21137
21064
21016
21103
21142
21146
21369
21117
21062
20948
21516
21303
21453
21214
21424
21650
21502
20881
21364
20954
20804
20394
20556
20868
20642
20762
20649
20532
20557
20428
21046
21070
21188
21154
21755
21712
21486
21533
21467
21588
21787
21419
21598
21423
21636
21670
21632
21419
21532
21606
21392
21762
21669
21748
21638
21231
21810
21810
21720
21629
21814
21542
21562
21658
21644
21719
21412
21806
21643
21656
21693
21850
21718
21740
21908
21963
22001
21705
21812
21924
22117
21853
21709
21681
22022
21917
21791
21957
21951
22070
22182
22203
22085
22066
22282
21735
22114
21919
22242
22245
21953
21993
22019
22244
22589
22136
22069
22205
22160
22224
22421
22404
22144
22449
22286
21973
22332
22285
22024
22048
22424
22206
22218
22206
22444
22093
22596
22367
22517
22664
22710
22452
22512
22502
22666
22581
22212
22327
22707
22471
22296
22266
22091
22358
22556
22514
22528
22383
22863
22438
22624
22374
22421
22697
22568
22588
22594
22617
22566
22458
22758
22555
22600
22482
22515
22717
22813
22571
22830
23046
23110
22771
22989
22600
22743
22901
22860
22813
22843
23026
22986
22848
22844
22698
22505
23005
23141
22817
22989
23211
22725
23126
23148
22769
23144
22928
22626
23068
22982
23128
22923
23026
23080
22784
22778
23089
23211
23230
23146
23121
22946
23023
23220
23275
23188
23064
22984
22855
22872
23309
22939
23130
23149
23202
22892
23123
23186
22937
23374
22958
22778
23212
22942
23389
23296
23290
22966
22982
23383
23467
23330
23306
23141
23109
22940
23084
23274
23357
23144
23149
23543
23104
23268
23378
23005
22925
23319
23229
23265
23223
23004
23220
23510
23381
23304
23330
23492
23582
23072
23358
23491
23428
23450
23524
23429
23518
23508
23456
23075
23443
23279
23188
23228
23482
23174
23496
23633
23530
23497
23479
23680
23858
23328
23789
23381
23281
23325
23684
23400
23668
23550
23360
23585
23336
23277
23634
23425
23532
23430
23450
23452
23680
23636
23496
23486
23288
23659
23402
23796
23746
23491
23479
23431
23373
23447
23146
23266
23437
23380
23245
23485
23256
23053
23332
23011
23732
23560
23696
23355
23229
23557
23337
23343
23412
23418
23537
23553
23739
23397
23036
23285
23213
23304
23108
23076
22905
23279
23304
23104
22680
23046
23042
22775
23153
23019
23149
23201
23268
22858
22986
23492
23168
23514
23482
23533
23445
23505
23573
24026
23441
23716
23899
23606
23916
23383
23492
23650
23484
23522
23567
23495
23478
23389
23355
23253
23521
23402
23240
23333
23360
23202
23680
23840
23533
23704
23370
23526
23442
23784
23525
23483
23422
23840
23373
23586
23460
23765
23888
23265
23524
23263
23539
23168
23421
23289
23606
23035
23375
23142
23390
23332
23243
23150
23402
23093
23145
23220
23110
23032
23306
23181
22758
23104
23238
23446
23553
23393
23233
23225
23098
23018
23500
23308
22960
23151
22998
23303
23029
22965
23159
23067
23020
23133
23094
23053
23069
22958
23130
22802
23014
23056
22671
22900
22756
22857
22738
22940
22996
23260
22926
22816
23050
23021
22982
22648
22909
22980
23112
23048
22820
22910
22685
22698
22796
23148
22688
22829
22454
23055
22925
23048
22765
22801
22869
22582
22882
22818
22825
22872
22798
22725
22528
22728
22317
22872
22612
22424
22529
22361
22864
22405
22676
22740
22642
22682
22764
22924
22454
22459
22599
22442
22656
22394
22331
22477
22410
22418
21920
22397
22454
22302
22740
22201
22674
22539
22327
21938
22356
22224
22347
21975
22180
22118
22237
22216
22299
22424
22084
22285
21919
22200
22144
22317
22213
22279
21802
21880
21761
21921
22238
22231
22162
21928
21930
22090
22122
21966
21626
21780
22173
21770
21652
21999
21942
21644
21684
21993
21664
21666
21993
21810
21746
21612
21605
21717
21673
21662
21581
21797
21847
21904
21667
21704
21845
21556
21466
21740
21590
21692
21690
21744
21540
21376
21375
21620
21397
21298
21307
21074
21348
21222
20844
21052
20708
20829
20739
20687
20504
21013
21001
21062
20959
21018
20841
21112
21079
20952
21295
20955
21327
20882
20858
21016
21162
21342
20906
20913
20923
20969
20698
20864
21131
20701
20698
20662
20554
20768
20583
20530
20762
20678
20452
20610
20436
20172
20388
20558
20433
20378
20353
20583
20377
20396
20534
20160
20278
20236
20377
20204
20089
20489
20090
19823
20025
20123
20124
20059
20090
20228
20351
19947
19680
19988
20045
19841
20020
20077
19908
19972
20160
19835
19897
19624
19912
19638
19427
19728
19918
19976
19913
19816
19915
19574
19606
19636
19540
19398
19762
19564
19557
19649
19434
19368
19450
19015
19083
19108
19292
19029
18989
19019
19245
18911
19122
19097
19057
18968
18746
18637
18560
18840
18848
18920
18778
18711
18624
18789
18675
18808
18503
18961
18971
19099
18996
19117
18825
18908
18852
18705
18744
18699
18896
18727
18466
18719
18656
18540
18566
18637
18239
18200
17760
17761
17705
17888
18107
17706
17997
17871
17736
17670
17781
18048
18215
17870
17896
18370
17994
18029
17848
17988
17818
18222
17956
18159
17948
17857
17978
17798
17885
17932
17824
17794
17894
17858
17540
17656
17780
17540
17705
17637
17683
17270
17417
17364
17500
17530
17467
17650
17316
17474
17370
17547
17307
17066
17165
17234
17318
17141
17085
16535
16454
16354
16093
16367
16502
16765
16574
16410
16440
16557
16670
16726
16973
16811
16844
16727
16754
16901
16744
16569
16573
16683
16372
16462
16520
16394
16370
16377
16345
16216
16405
16419
16399
16213
16131
16274
16013
15988
15866
16005
16025
15581
15867
15865
15677
15916
15606
16057
16043
15705
15876
15607
16020
15877
15645
15577
15841
15950
15724
15678
15589
15642
15636
15194
15620
15791
15595
15250
15538
15409
15448
15371
15372
15258
15277
15168
15388
15286
15206
14885
15193
15266
15143
14937
15100
14975
15040
15113
14781
15002
14760
14593
15051
14937
14885
14788
14502
14845
14582
14333
14635
14632
14802
14633
14432
14660
14664
14147
14601
14461
14390
14299
14642
14453
14401
14222
14402
14235
14525
14080
14151
14134
14060
13836
13836
13770
13627
13578
13608
13760
13559
13737
13738
13819
13799
13781
13728
13793
13760
13541
13903
13512
13534
13653
13600
13504
13440
13586
13600
13645
13606
13613
13498
13457
13384
13200
13315
13348
13214
13178
13242
13130
13422
13308
13081
13166
13143
12900
13216
13220
13053
13260
13285
13167
13126
12874
13012
13022
12779
13134
12904
12828
12895
12823
12874
12763
12874
12781
12866
12788
12668
12861
12617
12918
12568
12692
12595
12554
12742
12668
12546
12660
12653
12269
12504
12472
12378
12725
12471
12196
12228
12624
12316
12331
12217
12195
12268
12304
12269
12327
12137
12241
12211
12107
11953
12211
12169
12187
12191
11883
12079
11946
11954
11980
11991
11994
11853
11869
11981
12053
11900
11874
11705
11806
11613
11701
11834
11797
11964
11723
11817
12048
11997
11874
11812
11628
11750
11703
11664
11635
11632
11639
11525
11534
11630
11660
11658
11496
11505
11436
11686
11300
11372
11414
11564
11467
11332
11596
11526
11523
11618
11496
11426
11397
11364
11477
11392
11263
11254
11520
11100
11145
11257
11403
11423
11230
11092
11305
11254
11358
11258
11129
11275
11365
10968
11288
11212
11039
11033
10986
10954
10986
11096
11087
10810
11008
11069
11105
11269
11180
11126
11026
11030
11107
11079
11022
11112
11009
10907
11043
11040
11166
10970
11175
10977
11109
10965
11097
11038
11167
10842
11195
10972
11067
10949
10799
11028
11188
11104
11278
10956
10964
11155
11131
10904
11051
10894
11036
10874
10964
10992
11045
11003
10926
10960
11004
10925
10955
11071
10767
10969
10963
10988
10942
11121
11103
10868
10899
10948
10921
11210
11040
10974
11035
10942
11346
11123
11173
11304
11002
10965
11060
11159
11123
11121
11160
11085
11447
11045
11324
11105
11318
11106
11108
11025
11004
11166
11476
11222
11300
11152
11214
11367
11211
11410
11308
11393
11186
11066
11233
11293
11370
11271
11254
11211
11369
11171
11412
11297
11242
11521
11416
11412
11502
11360
11316
11394
11540
11366
11328
11639
11696
11289
11291
11459
11502
11384
11435
11440
11448
11538
11412
11514
11462
11572
11488
11490
11414
11702
11416
11670
11552
11682
11930
12070
11708
11689
12135
11653
12053
12118
11985
11942
11772
12253
11970
11988
11984
12044
12024
12046
12165
12228
12191
11917
12026
12226
12215
11994
12104
12256
12093
12363
12254
12118
12364
12373
12166
12343
12402
12369
12183
12255
12330
12292
12317
12340
12377
12486
12343
12416
12341
12663
12497
12532
12366
12615
12322
12357
12699
12567
12560
12411
12452
12544
12240
12692
12753
12744
12772
12851
12860
12861
12847
12978
12777
12839
12730
12981
12817
12800
13010
13245
13284
13035
13097
13093
13142
13003
13195
13121
13176
13140
13483
12870
13220
13072
13381
13413
13269
13128
13145
13539
13390
13348
13315
13379
13462
13496
13343
13284
13126
13263
13476
13133
13591
13311
13319
13380
13466
13510
13626
13584
13490
13570
13568
13776
13919
13405
13835
13667
13515
13394
13717
13623
13613
13553
13690
13799
13845
13613
13752
13927
13724
13768
13809
13501
13801
13657
13757
13668
13996
13796
13916
14053
13904
14041
13861
13961
14031
13977
13926
13966
13895
13735
13858
13837
13756
13880
13869
14106
13907
14034
13781
14114
14135
14144
14129
13910
13736
13613
13512
13612
13722
13960
13505
13525
13508
13785
14172
14369
14148
14417
14294
13957
14081
14425
14178
14316
14318
14395
14116
14233
14408
13995
14263
14154
14378
14254
14487
14044
14345
14327
14449
13993
14371
14231
14464
14352
14565
14130
14533
14122
14496
14487
14287
14506
14402
14068
14245
14111
14475
14295
14606
14210
14230
14424
14308
14354
14426
14292
14085
14475
14299
14570
14153
14340
14203
14426
14224
14331
14503
14254
14005
14384
14122
14306
14154
14277
14291
14297
14240
14222
14129
14273
14244
14384
14178
14367
14365
14368
14038
14286
14199
14139
14157
14127
13900
14002
14092
14010
14236
14311
13957
14178
14216
14390
14116
14258
14133
13968
13753
14207
14026
13981
14123
13762
14102
13981
13998
14013
13893
14169
14029
13980
13790
13748
13991
13916
13795
13802
13893
13821
13922
13833
13702
13677
13966
13810
13707
13354
13724
13421
13706
13579
13681
13627
13622
13629
13650
13494
13773
13906
13428
13570
13725
13584
13617
13580
13690
13690
13691
13739
13508
13510
13506
13527
13588
13163
13397
13296
13341
13476
13333
13233
13265
13395
13309
13321
13482
13338
13369
13414
13239
13204
13052
13292
13151
13170
13200
12909
13028
13029
13086
12792
13060
12979
12947
12880
12888
13039
12958
12741
13040
12843
12882
12776
12772
12952
12678
12824
12692
12656
12806
12673
12730
12562
12597
12506
12677
12326
12554
12560
12586
12381
12703
12664
12371
12313
12428
12443
12250
12077
12212
12174
12194
12232
12098
12038
11849
12142
12204
11899
11930
12108
12120
12134
11876
11922
12035
11681
11599
11840
11666
11558
11584
11582
11768
11554
11556
11565
11635
11485
11545
11627
11511
11595
11511
11336
10982
10850
10450
10461
10520
11063
10996
10933
11135
11076
11236
11119
11157
11094
11125
10974
10764
11070
10920
10602
10768
10748
10629
10452
10390
10509
10750
10540
10651
10662
10373
10380
10360
10396
10275
10368
10157
10015
10359
10207
10164
10082
9817
10124
9778
9929
9726
9844
9954
9780
9772
9681
9627
9629
9744
9604
9583
9440
9389
9476
9339
9362
9293
9194
9312
9078
9258
9210
9234
9105
9075
8818
9014
9076
8833
8700
8762
8730
8854
8597
8988
8639
8593
8688
8511
8692
8534
8442
8499
8448
8358
8292
8299
8335
8218
8308
8015
8193
7853
7914
7931
8043
8082
7677
7877
7796
7919
7706
7609
7704
7433
7384
7428
7418
7337
7476
7474
7415
7209
7407
7428
7336
7148
7062
7121
7287
7106
7028
7007
6987
7070
6881
6789
6874
6670
6608
6592
6801
6529
6468
6707
6667
6519
6303
6382
6479
6353
6329
6212
6115
6483
6336
6133
5927
5967
6092
6050
5953
6041
5772
5949
5870
5858
5843
5747
5610
5565
5405
5199
5051
4953
5172
5187
5354
5218
5468
5154
5241
5299
5259
5328
5062
5092
5110
5179
5033
4921
4875
5100
4958
4723
4856
4750
4902
4960
4699
4780
4740
4733
4818
4701
4710
4619
4474
4429
4444
4743
4472
4392
4276
4443
4259
4251
4328
4105
4244
4248
4101
4043
4186
4203
4285
3971
4104
3987
4120
4114
4002
3839
4045
4078
3877
3918
3900
3815
3868
3829
3887
3761
3813
3810
3733
3747
3678
3640
3651
3713
3687
3621
3646
3549
3472
3506
3412
3514
3563
3414
3529
3398
3423
3386
