3494
3497
3482
3449
3449
3480
3358
3556
3683
3470
3405
3502
3499
3431
3460
3382
3546
3463
3472
3448
3494
3613
3542
3456
3511
3526
3590
3518
3551
3592
3636
3408
3552
3631
3510
3607
3565
3560
3582
3504
3669
3576
3489
3633
3593
3543
3622
3652
3553
3531
3708
3612
3529
3652
3529
3592
3660
3680
3714
3707
3565
3574
3598
3633
3592
3617
3587
3561
3626
3673
3658
3757
3643
3660
3661
3737
3595
3696
3774
3676
3659
3695
3709
3721
3732
3739
3767
3756
3912
3836
3805
3842
3715
3814
3768
3771
3832
3771
3875
3765
3777
3842
3871
3891
3695
3906
3828
3846
3721
3833
3939
3780
3889
3951
3834
4025
3748
3860
3926
3965
3995
3967
3804
3956
3856
3951
4084
4066
3967
3903
3904
3933
3885
4051
3818
3893
3926
3951
4066
3953
3851
3944
4059
4003
4113
4121
4076
4065
3920
3953
4038
3988
3922
3979
3889
4031
4077
4066
3972
4069
4125
4006
4161
4218
4115
4107
4246
4286
3986
4020
4093
4096
4125
3981
4126
3947
4075
4130
4068
4175
4151
4350
4208
4182
4253
4283
4248
4142
4285
4192
4180
4281
4193
4137
4269
4126
4199
4373
4245
4235
4320
4236
4267
4340
4272
4200
4163
4249
4323
4189
4428
4182
4315
4221
4237
4250
4220
4353
4278
4424
4365
4350
4335
4361
4580
4441
4376
4460
4234
4423
4535
4446
4316
4386
4524
4388
4337
4482
4538
4616
4624
4597
4388
4441
4432
4644
4317
4508
4635
4585
4596
4575
4661
4592
4599
4433
4606
4559
4677
4572
4553
4699
4682
4585
4659
4573
4653
4556
4739
4678
4655
4651
4680
4662
4661
4726
4646
4630
4565
4667
4843
4602
4606
4520
4698
4727
4574
4796
4700
4747
4652
4698
4696
4829
4788
4791
4841
4858
4788
4834
4803
4916
4649
4746
4777
4801
4987
4865
4853
4685
4964
4966
4978
5128
4950
4945
5039
4972
5049
4826
5017
4888
4956
4992
4797
4969
4918
4935
4940
4986
5058
4940
5165
5037
5042
5035
5137
4978
4995
5090
5086
5075
5081
5106
5028
5087
4997
5011
5152
4975
5092
5007
5018
5140
5062
4991
5335
5073
5049
5093
5185
5306
5202
5341
5303
5256
5237
5086
5213
5185
5082
5168
5131
5270
5174
5154
5277
5285
5364
5345
5347
5334
5240
5395
5260
5433
5428
5549
5322
5436
5200
5280
5357
5312
5283
5463
5348
5386
5382
5452
5366
5596
5523
5305
5359
5567
5533
5456
5521
5371
5530
5498
5546
5547
5559
5554
5517
5611
5423
5538
5617
5488
5588
5733
5574
5546
5583
5519
5650
5606
5765
5716
5508
5686
5726
5700
5709
5483
5720
5774
5748
5629
5785
5605
5763
5714
5808
5705
5737
5652
5915
5743
5740
5816
5734
5818
5835
5858
5874
5824
5657
5891
5865
5804
5957
5823
5975
5974
5893
6003
5988
6038
5875
6018
5986
5982
6050
5787
6095
5985
5849
5996
5930
6004
5983
6176
5967
6013
6170
6351
6056
6104
6177
6107
6141
6245
5973
6159
6158
6126
6142
5984
6036
6161
6225
6246
6200
6019
6278
6176
6244
6131
6225
6419
6316
6347
6318
6316
6265
6329
6311
6329
6119
6185
6443
6394
6503
6356
6318
6487
6454
6491
6473
6342
6436
6584
6426
6517
6309
6394
6477
6462
6466
6578
6483
6514
6393
6460
6602
6568
6559
6752
6532
6580
6502
6631
6769
6529
6735
6720
6605
6676
6790
6619
6788
6571
6588
6456
6856
6650
6634
6701
6789
6662
6724
6712
6981
6770
6732
6713
6863
6752
6823
6731
6831
6902
6844
6858
6926
6929
6847
6817
6835
6871
6879
6796
7148
6897
7016
7140
6966
7151
6964
7016
7059
7043
6852
7161
6958
7099
7001
7074
7196
7086
7186
7181
7042
7189
7217
7110
7083
7023
7032
7205
6956
7158
6837
7209
6939
7088
7101
6884
7005
7129
7239
7244
7239
7374
7418
7343
7274
7329
7472
7352
7514
7415
7442
7348
7479
7343
7503
7424
7327
7532
7369
7444
7379
7499
7357
7573
7583
7458
7552
7516
7658
7592
7503
7619
7453
7316
7621
7498
7682
7609
7480
7680
7582
7748
7523
7547
7615
7497
7755
7673
7866
7571
7652
7721
7876
7775
7648
7876
7794
7698
7859
7897
7947
7870
7910
7979
7898
7873
7562
7824
7719
7795
7937
7957
7974
8079
8090
8039
8121
8107
7998
7897
7964
8101
8275
8080
8025
7973
7975
8091
8245
8122
8095
8188
8228
8264
8234
8157
8232
8021
8332
8111
8478
8205
8192
8300
8450
8237
8197
8432
8469
8142
8538
8245
8461
8553
8608
8436
8545
8369
8525
8457
8475
8511
8454
8472
8595
8529
8587
8593
8346
8521
8650
8652
8515
8603
8651
8630
8796
8792
8700
8687
8837
8924
8837
8604
8597
8818
8687
8843
8735
8754
8868
8580
8868
8695
8685
8682
8769
8985
8680
8815
8749
8798
8626
9091
8991
8963
8961
8954
9156
8797
8992
9063
9163
9167
9210
8904
9114
9218
9260
9338
9073
9398
9249
9070
9303
9221
9022
9120
9336
9351
9222
9485
9226
9304
9203
9241
9303
9223
9307
9096
9287
9303
9382
9193
9483
9287
9502
9428
9530
9556
9481
9701
9650
9661
9711
9561
9504
9482
9636
9609
9801
9681
9797
9756
9737
9838
9732
9707
9737
9825
9668
9872
9951
9660
9726
9900
9809
10052
9898
10191
9949
9846
10100
9839
10034
10409
9888
10001
9840
10027
10065
10083
9917
9901
9765
9947
10058
10063
10118
10154
10111
10115
10079
10341
10280
10320
10413
10101
10327
10564
10420
10542
10402
10407
10427
10225
10530
10438
10262
10391
10496
10539
10572
10663
10582
10633
10553
10434
10521
10712
10633
10624
10547
10644
10780
10569
10590
10655
10554
10739
10746
10692
10694
10667
10967
10823
10715
10729
11091
10674
10884
10849
10749
10560
10888
10714
10786
10873
11055
10984
10752
11130
11125
11037
10845
10810
11181
10930
11168
11083
10851
11070
10947
10974
11247
11186
11050
11126
10967
11304
10906
11212
11196
11386
11244
11138
11166
11163
11552
11313
11268
11265
11514
11522
11399
11293
11338
11476
11423
11376
11689
11494
11371
11741
11562
11786
11552
11309
11442
11500
11441
11552
11553
11943
11640
11456
11810
11520
11576
11818
11810
11718
11807
11901
11936
12142
11732
11687
11838
11954
11869
11949
11883
11720
11593
11933
11720
11552
11593
11860
11540
11756
11545
11880
11912
11953
11845
12232
12087
12160
12113
12108
11979
12316
12259
12216
12366
12463
12416
12587
12397
12355
12089
12383
12561
12185
12406
12171
12597
12205
12266
12234
12372
12267
12064
11940
12251
12068
12055
12036
12078
12179
12248
12572
12606
12740
12782
12750
12800
12679
12827
12802
12700
12924
12788
12699
12608
12337
12072
11949
11450
11482
11339
10940
10823
10622
10443
10164
10199
10325
10993
11054
11344
11769
12149
12606
12825
13256
13485
13498
13395
13644
13652
13555
13609
13327
13350
13323
13440
13097
13142
13366
13315
13344
13217
13581
13648
13677
13688
13357
13434
13588
13318
13385
13298
13380
13288
13320
13204
13369
13582
13543
13405
13638
13799
13486
13762
13794
13939
13882
13638
13838
13636
13673
13780
13768
13876
13578
13340
13791
13557
13492
13536
13906
13811
13851
13942
13843
13918
14028
13868
13987
13970
13746
14033
14035
14056
13986
14097
13954
13933
13961
14040
14124
14095
14009
14672
14140
14102
14027
13984
14184
14050
13956
14141
14247
14036
14170
14193
14284
14260
14280
14306
14163
14489
14376
14312
14638
14397
14160
14496
14529
14421
14564
14632
14658
14610
14857
14573
14676
14854
14798
15037
14762
14840
14630
14756
14902
14904
15252
15052
14986
15117
14848
15066
15130
15093
15057
15153
15334
15272
15076
15295
14893
14925
15090
14612
14630
14600
14644
14639
14172
14040
14364
14221
14619
14788
14933
15567
15667
15458
15505
15618
15311
15596
15547
15573
15359
15601
15335
15529
15660
15722
15863
15315
15428
16033
15894
15775
15748
15807
15426
15652
15901
15719
15476
15770
15774
15993
15870
15800
15892
16008
15913
16089
15709
15789
15837
15752
16078
16132
15729
15901
15960
15979
16082
16263
15844
16251
16210
16028
16279
16070
15941
16301
16148
16328
16272
16258
16268
16139
16270
16107
16314
16489
16628
16303
16345
16505
16504
16345
16694
16450
16417
16522
16813
16504
16564
16418
16724
16653
16921
16924
16768
16614
16953
16773
16827
16796
16827
16988
16632
16930
16936
16904
16776
16984
17039
17061
17067
16810
17056
17049
17073
16914
17097
17460
16896
16943
16788
16924
17108
17116
17134
17161
16943
17384
17122
17332
17343
17076
17203
17560
17664
17302
17475
17322
17501
17876
17465
17680
17550
17565
17568
17732
17509
17736
17508
17380
17629
17630
17672
17552
17735
17865
17691
18022
17674
17666
17578
17822
17604
17880
18011
17712
17850
18034
18019
17993
18070
18043
17826
18061
17822
17810
17797
18134
18132
18263
18038
18266
17722
18002
17900
18045
18421
18437
18317
18538
18354
18507
18445
18345
18452
18496
18197
18081
18341
18297
18344
18134
17886
18204
18299
17960
18212
18126
18218
18574
18521
18463
18472
18383
18837
18632
18858
18949
18638
18740
18470
18298
18856
18936
19128
18852
18757
18907
18898
19000
19164
18839
19331
19080
18688
18898
18639
19040
19230
18846
19097
18854
18905
18979
19094
19147
19226
19034
19393
18964
19195
19144
19474
19345
19217
19050
19060
19180
19157
19261
19185
19161
19061
19386
19382
19442
19640
19529
19407
19396
19418
19338
19347
19371
19463
19725
19574
19637
19676
19556
19391
19469
19688
19644
19889
19409
19259
19456
19490
19361
19746
19716
19684
19491
19772
19648
19908
19996
19901
19884
19908
19861
20014
19898
19812
19759
19476
19828
19912
19813
19932
19864
19962
19942
19793
19945
20101
20036
20179
20229
20235
20180
20034
20246
20148
20170
20243
20230
20049
20089
20420
20268
20158
20422
20285
20179
20082
20299
20260
20327
20213
20179
20437
20340
20165
20368
20481
20351
20460
20282
20542
20590
20701
20379
20629
20704
20638
20460
20370
20686
20506
20713
20748
20894
20758
20672
20612
21190
20968
20525
20887
20334
20854
20650
21089
20556
21076
20484
20470
20777
21104
21051
20818
20721
20674
20952
20862
20609
20938
21124
20844
21146
21083
20852
20895
21082
20884
20987
20925
21197
21268
21162
21522
21160
21166
21392
21148
21365
21160
21326
21252
20986
20884
20497
20586
20845
20873
20946
20736
20662
20517
20896
21099
21131
21221
21623
21564
21593
21499
21696
21427
21674
21737
21608
21408
21374
21428
21597
21453
21522
21471
21365
21487
21584
21437
21679
21282
21474
21461
21285
21673
21841
21652
21366
21777
21470
21785
21632
21780
21556
21703
21832
21704
21613
21622
22111
21634
21913
21744
21557
21881
21772
21908
21800
21932
21940
22114
22129
21690
22020
22412
21937
22012
21777
21889
22020
21988
22075
21867
22075
21858
21917
21878
21995
21814
22314
22098
22229
22345
22132
22009
22010
22213
22212
22488
22201
22492
22109
22422
22379
22291
22475
22564
22438
22313
22596
22059
22326
22151
22474
22532
22517
22340
22362
22388
22463
22612
22634
22675
22413
22761
22452
22332
22244
22710
22262
22329
22397
22211
22458
22678
22669
22537
22377
22356
22471
22733
22842
22769
22393
22529
22562
22482
22526
22471
22537
22637
22868
22674
22913
22595
22809
22488
22506
22885
22485
22644
22706
22609
22600
22565
22890
22848
22971
22598
22741
22746
23064
22785
22772
22528
22793
22927
23077
22845
22992
22737
22860
23016
22650
22934
22891
23021
22839
23173
22984
22811
23273
23007
22959
23158
23099
22797
22948
23168
22895
23190
23393
23134
22711
22900
22827
23092
23124
23181
22936
23351
22891
23046
23051
22612
22804
23352
23112
23082
23028
22924
22821
23040
23070
23162
23342
23337
23438
23372
23110
23031
23364
23093
23112
23194
23195
23128
22950
23112
22784
22997
23052
22836
23050
23073
23277
23186
23101
23053
23302
23561
23265
23400
23140
23116
23517
23131
23470
23394
23088
23860
23062
23498
23622
22774
23282
23651
23243
23380
23376
23232
23430
23343
23140
23212
23622
23480
23519
23551
23446
23407
23222
23756
23468
23294
23262
23682
23544
23655
23598
23481
23493
23414
23284
23290
23521
23602
23415
23688
23469
23738
23390
23351
23292
23592
23573
23620
23644
23306
23243
23342
23209
23128
23150
23117
23551
23461
23413
23321
23168
23222
23381
23213
23322
23169
23466
23351
23403
23266
23301
23567
23481
23432
23703
23353
23432
23380
22897
23031
23104
23420
23158
23036
23186
22916
22873
22908
23102
22768
22864
22785
22874
23176
23041
22841
23126
23220
23608
23622
23412
23644
23808
23402
23243
23616
23607
23478
23354
23492
23565
23236
23588
23430
23282
23533
23327
23482
23209
23199
23407
23214
23371
23369
23487
23530
23457
23366
23428
23579
23215
23460
23223
23284
23410
23641
23286
23197
23270
23412
23514
23642
23380
23566
23459
23204
23305
22954
23202
23027
23003
23352
23030
23534
23466
23144
22962
23180
23116
22987
23000
23188
23314
23168
22840
23126
22877
23396
23242
23393
23041
23041
23500
22690
22940
22854
23403
23114
23078
23119
23150
23245
23146
23050
23162
22944
23149
22774
23279
23256
23296
22984
22897
22618
23229
23019
23112
23163
23121
23213
22980
23014
22660
22827
23320
22916
23208
22645
23028
22736
22774
22887
22680
22784
23130
22971
23015
23046
22838
22935
22916
22687
22801
22486
22660
23193
22906
22792
22801
22980
22949
22436
22669
22568
22721
22651
22586
22747
22304
22661
22657
22633
22559
22740
22518
22624
22514
22523
22377
22532
22571
22438
22362
22538
22452
22321
22547
22616
22816
22459
22139
22242
22146
21850
22208
22070
22420
22123
22391
22491
22384
21963
22410
22473
22364
22137
21915
22287
22210
22313
22092
21882
22276
22058
21999
22059
22104
22228
22019
22333
22140
22241
22066
22177
21724
22038
22212
22096
21901
21632
21550
21772
21806
21866
21748
21867
21863
21760
21559
21796
21901
21781
21675
21876
21763
21633
21644
21805
21646
21781
21798
21688
21289
21785
21985
21690
21498
21644
21430
21399
21812
21457
21272
21494
21288
21690
21521
21320
20998
21286
21453
21772
21280
21333
21623
21420
21546
21029
21277
21146
21045
21094
20841
20887
20786
20717
20827
20857
20711
20954
21191
21194
21029
20994
21195
20970
20836
20804
21054
20954
21051
20843
20949
20873
20900
20965
20629
20861
20642
20955
20512
20484
20580
20496
20573
20708
20338
20477
20230
20623
20276
20454
20292
20550
20668
20264
20319
20212
20219
20280
20109
20469
20473
19997
20290
20317
20236
20120
20092
19977
20103
20046
20020
20165
20067
19832
19817
20090
19947
19891
20192
19648
20246
19670
19850
19934
19746
20122
19700
19609
19786
19727
19706
19856
19687
19695
19649
19670
19740
19629
19690
19768
19747
19424
19402
19790
19527
19584
19570
19556
19278
19036
19220
18962
18976
18962
18878
19060
18904
19108
19158
19013
19326
18734
19035
18848
18740
18546
18790
18616
18932
18768
18747
18575
18919
18692
18793
18700
18982
18786
18824
18855
18477
18922
18587
18818
18683
18536
18399
18285
18716
18564
18435
18606
18639
18434
18472
18173
18102
17724
17560
17692
17740
17589
17852
17600
17669
17757
18121
18084
17960
18046
18150
18252
18109
18252
18052
18041
17841
17948
18052
18052
17870
17876
17984
17588
17912
17700
17726
17929
17625
17693
17374
17626
17659
17771
17461
17550
17512
17243
17461
17404
17496
17309
17069
17257
17282
17399
17457
17173
17580
17172
17431
17191
17464
17028
16796
16544
16026
16408
16064
16190
16248
16402
16594
16382
16704
16627
16492
16896
16909
16625
16748
16606
16804
16774
16759
16622
16353
16584
16346
16405
16237
16337
16313
16249
16693
16317
16295
16357
16105
16227
16128
16119
16160
16044
15558
15735
15772
15914
15839
15790
15956
15750
15758
15606
15717
16034
15953
15990
15822
15594
15731
15806
15471
15579
15723
15484
15593
15587
15636
15291
15706
15182
15357
15471
15234
15536
15029
15432
15351
15326
15673
15230
15212
15049
15096
15085
14994
14857
15023
15089
14889
14815
15013
14964
14924
14876
14732
15044
14813
14968
14616
14763
14542
14762
14496
14525
14656
14607
14779
14518
14330
14548
14218
14377
14429
14536
14357
14230
14251
14367
14370
14260
14257
14182
14457
14310
14284
14102
14167
13508
13694
13730
13440
13771
13707
13391
13592
13642
13698
13710
13562
13660
13896
13796
13508
13689
13451
13682
13832
13748
13632
13680
13476
13356
13371
13476
13409
13589
13581
13297
13416
13233
13361
13161
13449
13252
13213
13242
13272
13311
13093
13176
12924
12721
13192
13095
13030
13185
13064
13037
13179
13252
12712
12938
12793
12749
12794
12826
12720
12876
12885
12757
12801
12725
12645
12925
12788
12816
12676
12741
12605
12612
12464
12613
12566
12538
12537
12524
12590
12155
12114
12486
12250
12574
12498
12464
12146
12263
12227
12400
12500
12152
12273
12289
12133
12180
12208
12155
11966
11980
11999
12059
12489
12218
12084
11773
11988
11687
11767
12092
11866
11744
11871
11845
11933
11903
12070
12054
11892
11799
11663
11869
11853
11979
11813
11645
11945
11552
11695
11733
11681
11693
11673
11458
11642
11547
11432
11463
11542
11672
11638
11477
11504
11302
11388
11431
11410
11598
11578
11477
11386
11380
11386
11368
11506
11231
11379
11375
11490
11679
11229
11396
11319
11252
11478
11034
11268
11348
11199
11403
11395
10986
11132
11270
11194
11215
11103
11200
11122
11352
11172
11148
11142
11093
11266
11272
11274
11050
11348
10905
11284
10999
11075
11136
11244
11082
10927
10994
10873
11130
10923
10855
10992
10986
10692
11051
10728
10984
10863
10998
10986
10917
11018
10948
11053
10909
10868
10587
11085
10951
11199
10900
10881
10946
10904
10882
10820
10802
11211
10905
11043
10870
10899
10934
10841
10839
10963
10939
11112
10856
10907
10972
10899
10987
10966
10726
11057
10918
10945
11083
10964
11064
11269
10969
10902
11173
10795
10983
10902
11012
11200
11019
10863
11029
10982
11041
11099
11065
11084
10989
10807
10920
10922
11222
11167
11184
11031
10995
11137
11054
10932
11147
11096
11281
11078
11212
11069
11137
11055
11188
11341
10980
11313
11058
11008
11257
11258
11163
11181
11052
11262
11318
11102
11173
11027
11063
11062
11380
11187
11257
11212
11064
11176
11365
11316
11454
11368
11389
11356
11145
11018
11181
11022
11416
11395
11284
11226
11458
11501
11490
11328
11374
11420
11531
11579
11539
11660
11437
11671
11669
11757
11722
11835
11780
11823
11952
11748
11836
11973
11997
11754
11984
12006
12063
11982
11776
11976
11683
11815
12070
11906
12025
11871
12062
12159
12172
11985
12117
12175
12180
12258
12206
12072
12246
11986
12111
12223
12220
12013
12167
12293
12335
12464
12442
12172
12345
12217
12388
12566
12270
12342
12118
12352
12585
12275
12332
12500
12693
12504
12328
11960
12609
12551
12496
12684
12796
12472
12630
12656
12783
12906
12756
12685
12432
12474
12595
12536
12621
12806
12969
12889
12918
12988
12791
12916
12940
12975
12840
13002
12988
13099
13020
13019
13004
13051
13014
13018
13167
13192
13102
13183
13261
12925
13154
13148
13298
13256
13351
13226
13021
13140
13128
13153
13390
12928
13377
13482
13526
13388
13396
13093
13321
13417
13356
13305
13384
13414
13373
13535
13622
13530
13568
13655
13539
13512
13486
13408
13503
13569
13714
13644
13821
13621
13537
13669
13569
13575
13850
13752
13791
13498
13785
13602
13772
13742
13557
13805
13700
13855
13570
13848
13775
13778
13831
13559
13540
13648
13797
13796
13692
13964
13964
13973
13939
13469
13853
13653
13499
13611
13558
13719
13453
13360
13360
13457
13731
13876
14057
13941
13959
13833
13942
14002
14010
13947
14241
14128
14085
14051
13901
13928
13992
14383
14198
14250
14099
13888
14381
13895
14255
14253
13974
14249
13881
14056
14155
13856
13943
14127
14216
14093
14145
13846
14185
14105
14157
14277
14173
13979
14076
13882
14294
14172
14046
14172
13748
13934
14297
14252
13861
14012
14027
13908
14052
14277
14021
14084
14291
14160
13995
14218
14278
14075
13820
14215
14349
14096
14152
14285
14014
13881
14147
14216
14157
14110
14326
14139
14002
14151
14052
13890
13741
14037
13940
13892
13783
14165
14135
13985
13862
13918
14056
14134
13762
14029
14001
13737
13898
13656
13784
14004
13816
13856
13805
13912
13598
14163
13676
13878
13561
13805
13655
13785
13641
13579
13547
13632
13842
13602
13632
13608
13665
13613
13534
13716
13406
13576
13344
13498
13618
13435
13539
13657
13549
13446
13612
13602
13603
13460
13525
13517
13372
13421
13442
13449
13286
13476
13410
13514
13210
13254
13251
13335
13241
13281
13169
13073
13244
13156
13051
12932
13036
13223
13275
13056
12932
13176
13092
13160
13005
12889
13222
12948
13033
12975
12971
12758
12960
12904
12878
12800
12642
12791
12844
12787
12676
12568
12675
12692
12760
12507
12529
12582
12391
12566
12695
12663
12577
12691
12429
12394
12481
12277
12444
12280
12337
12423
12440
12334
12270
12426
12285
12203
12278
12063
12062
11965
12040
12082
12057
11788
11976
12165
11876
12069
11965
11874
11908
11937
11896
12069
11949
11684
11565
11633
11831
11334
11472
11488
11463
11405
11380
11417
11561
11644
11451
11355
11408
11540
11392
11573
11516
11386
11241
10904
10811
10590
10539
10200
10566
10780
10834
10890
10976
10909
10940
11011
10974
10837
11077
10711
10605
10691
10645
10784
10708
10415
10526
10256
10674
10648
10650
10352
10297
10388
10109
10432
10140
10119
10113
10025
10114
10057
9994
9978
10071
9796
9892
9808
9934
9692
9756
9553
9755
9462
9468
9561
9463
9346
9580
9501
9516
9312
9153
9464
9271
9251
9390
9069
9148
9035
9174
8893
9204
8792
8711
8598
8720
8936
8797
8776
8862
8795
8883
8597
8584
8619
8646
8539
8257
8564
8169
8525
8280
8266
8189
8188
8287
7982
8164
8132
7956
8031
7941
8101
7942
7820
7817
7607
7750
7626
7609
7558
7750
7652
7468
7557
7419
7508
7291
7443
7393
7232
7241
7147
7120
7282
7160
7014
6929
7089
7022
6917
6849
6948
6777
6797
6854
6712
6696
6748
6614
6495
6548
6447
6405
6323
6249
6246
6418
6250
6571
6294
6067
6116
6255
6105
6042
5874
6104
6031
6001
5799
5817
5883
5732
5613
5657
5802
5715
5814
5477
5330
5292
5137
4938
5028
5041
5284
5314
5158
5285
5182
5142
5234
5234
5038
5036
4973
5084
5059
4962
5042
4934
4949
4847
4706
4852
5015
4740
4657
4737
4638
4468
4727
4609
4436
4487
4629
4522
4367
4374
4354
4485
4356
4335
4155
4375
4340
4188
4291
4143
4265
3988
4106
4172
4132
4020
4168
4073
3942
3929
3965
3970
3877
3751
3889
3897
3773
3983
3768
3818
4001
3788
3710
3752
3799
3619
3659
3569
3699
3703
3574
3562
3540
3608
3463
3448
3400
3591
3457
3387
3551
3516
3472
3392
