3471
3706
3567
3734
3674
3614
3638
3547
3626
3549
3533
3493
3555
3519
3547
3638
3724
3602
3692
3621
3719
3643
3699
3651
3584
3557
3665
3548
3726
3776
3787
3670
3609
3826
3840
3846
3740
3645
3737
3754
3760
3752
3742
3873
3661
3759
3748
3654
3794
3618
3812
3737
3780
3730
3871
3778
3759
3784
3761
3850
3631
3945
3819
3736
3690
3743
3804
3865
3838
3833
3787
3771
3845
3728
3739
3777
3892
3836
3866
3915
3971
3967
3834
3969
3894
3945
3828
3769
4014
4027
3797
4112
3977
3902
3927
3944
3907
3866
3922
3959
3942
3976
3892
4031
4006
3862
3893
3888
3976
4013
4037
3968
4007
4020
4128
4045
3969
4126
4005
4043
4046
3983
4027
4093
4102
4141
4094
4022
3979
3986
3885
3974
4118
4011
4058
4107
4207
4099
4136
4101
4159
4118
4247
4174
4321
4208
4074
4092
4049
4152
4136
4105
4071
4181
4280
4131
4269
4287
4244
4179
4283
4125
4209
4156
4352
4303
4245
4175
4194
4242
4220
4291
4378
4352
4507
4252
4164
4226
4308
4349
4293
4318
4347
4323
4411
4315
4251
4368
4461
4330
4264
4384
4318
4449
4294
4433
4424
4381
4397
4409
4320
4512
4252
4364
4423
4246
4479
4394
4391
4404
4387
4366
4530
4424
4605
4528
4525
4486
4523
4527
4593
4360
4264
4620
4511
4454
4490
4580
4601
4602
4578
4603
4524
4538
4609
4602
4595
4669
4565
4514
4660
4609
4590
4696
4703
4682
4611
4736
4676
4686
4649
4755
4758
4756
4694
4497
4822
4690
4930
4976
4644
4813
4641
4863
4706
4893
4817
4870
4753
4804
4789
4964
4913
4861
4682
4680
4850
4662
4754
4904
4853
4885
4921
5071
5031
4826
4780
4953
4949
4794
4972
4749
4823
4877
4944
4987
4967
5014
4794
5017
4975
5136
4818
4880
4996
5099
5055
5236
5013
4980
5158
4980
5093
4901
5095
5125
5208
5014
5107
5071
5062
5085
5166
5281
5181
5088
5213
5266
5203
5054
5157
5185
5127
5165
5241
5217
5253
5345
5268
5241
5291
5226
5268
5195
5215
5248
5365
5147
5161
4963
4978
5125
5230
5320
5256
5255
5414
5395
5453
5276
5228
5402
5423
5233
5435
5430
5455
5455
5547
5554
5449
5451
5367
5632
5439
5252
5418
5568
5629
5346
5453
5515
5465
5504
5581
5659
5484
5529
5468
5567
5415
5567
5501
5594
5586
5596
5747
5685
5628
5552
5589
5626
5657
5636
5642
5787
5658
5748
5609
5749
5824
5660
5768
5709
5670
5764
5882
5492
5629
5837
5819
5838
5742
5922
5835
6010
5928
5814
5864
5849
5749
5875
5922
5867
5860
6006
6006
5776
5935
5965
6113
5932
6058
5978
5961
5991
6084
6068
6035
5985
6075
6002
5986
5941
6015
6072
6084
6089
6193
6002
6242
6095
6085
6242
6151
6171
6086
6061
6134
6223
6218
6239
6136
6258
6323
6178
6148
6187
6134
6225
6325
6207
6173
6313
6120
6376
6213
6440
6268
6382
6476
6269
6254
6272
6312
6422
6390
6515
6409
6418
6342
6289
6283
6389
6434
6471
6470
6523
6447
6574
6478
6574
6520
6324
6348
6591
6461
6501
6553
6711
6663
6553
6781
6583
6666
6443
6664
6560
6619
6712
6652
6539
6701
6674
6507
6730
6727
6737
6734
6721
6763
6808
6714
6683
6712
6768
6676
6746
6868
6849
6824
6804
6817
6988
6990
6869
6741
6929
6814
6759
6819
6874
6832
6829
6914
6994
7135
7224
7067
7051
6994
6870
7125
6980
7056
6939
7109
7056
7260
6990
7065
7144
7082
7210
7015
7027
7322
7303
6962
7145
7062
7173
7276
7316
7179
7128
7081
7026
7147
7272
7338
7391
7153
7415
7216
7226
7381
7228
7282
7429
7275
7505
7205
7300
7341
7095
7564
7388
7229
7382
7512
7431
7588
7436
7392
7327
7297
7533
7201
7161
7522
7314
7377
7256
7579
7411
7616
7639
7401
7677
7557
7770
7473
7748
7749
7793
7802
7800
7845
7560
7454
7812
7653
7707
7715
7783
7855
7631
7843
7800
7710
7834
7923
7847
8070
7871
7869
8050
7906
7819
7934
7855
7904
7842
7905
7998
7866
8062
8020
7793
8050
8052
8019
8186
7971
8033
8094
8003
8081
8039
8123
8155
7990
8233
8180
8148
8053
8153
7990
8106
8281
8045
8117
8208
8136
8174
8140
8290
8387
8309
8411
8489
8136
8262
8258
8632
8232
8630
8280
8355
8499
8681
8431
8673
8561
8630
8528
8717
8717
8710
8733
8511
8763
8595
8549
8824
8488
8569
8516
8618
8658
8940
8727
8695
8684
8938
8590
8619
8716
8833
8897
9197
8824
8733
8850
8719
8803
8940
8984
8853
8907
9028
8855
9033
8884
9032
8915
8981
8959
9069
9030
8900
9140
8910
8978
9164
9211
9047
9336
9193
9123
9112
9274
9228
9345
9275
9114
9193
9129
9205
9157
9173
9235
9406
8990
9220
9046
9345
9242
9174
9386
9378
9568
9376
9391
9523
9619
9391
9351
9307
9175
9294
9528
9573
9530
9463
9463
9538
9715
9646
9911
9871
9684
9628
9620
9358
9641
9746
9521
9661
9655
9689
9901
9856
9579
9641
9477
9880
9953
9716
9723
9892
9770
9792
10052
9931
10080
9856
9871
9910
10129
9803
10151
9992
10212
10037
10283
10100
10196
9989
10286
10168
10001
10156
10140
10191
10507
10192
10310
10381
10284
10371
10370
10350
10232
10621
10445
10463
10413
10310
10329
10328
10468
10471
10496
10496
10324
10214
10217
10177
10369
10442
10432
10430
10420
10491
10352
10410
10746
10318
10641
10637
10563
10491
10932
10834
10840
10705
10939
10714
10789
11110
10973
10777
10843
10967
10719
11095
10888
10930
10954
11072
11118
10914
11306
11128
11114
11072
10684
11099
11156
11149
11119
11302
11335
11257
11464
11166
11185
11194
11165
11304
11419
11440
11469
11291
11364
11312
11350
11188
11114
11382
11308
10989
11134
11419
11561
11370
11188
11504
11522
11642
11632
11539
11595
11681
11475
11638
11527
11667
11580
11929
11626
11710
11621
11686
11430
11571
11604
11842
11675
11514
11461
11862
11694
11743
11804
11784
11555
11764
11816
11989
11705
11830
11725
11914
12096
11933
11986
11988
12125
12027
11994
11970
12242
11986
12065
12191
12089
12181
11920
12154
12121
12184
12223
12238
12427
12322
12235
12237
12469
12192
12330
12427
12240
12539
12236
12694
12285
12519
12419
12194
12367
12264
12347
12355
12123
12192
12445
12384
12429
12540
12589
12664
12701
12752
12713
12746
12804
12774
12642
12682
12784
12587
12844
13109
12783
12749
13008
12967
13113
12935
12538
12827
12536
13087
12971
12868
12672
12834
12863
12635
12695
12722
12686
12643
12673
12828
12836
13166
13098
13137
12996
13191
13318
13443
13349
13539
13239
13321
13206
13259
13113
13035
12866
12645
12154
11926
11906
11480
11290
11070
10769
10730
10810
11115
11342
11642
11934
12292
12629
13034
13442
13841
13884
13882
14163
13992
14083
14113
13999
13889
13966
14022
13958
14100
14088
14037
13912
13812
13916
14207
14258
13945
14190
13874
13813
13960
13957
13973
13819
13946
13999
14130
14072
14292
14376
14077
14366
14323
14333
14356
14418
14196
14509
14187
14341
14526
14697
14351
14601
14334
14350
14627
14164
14400
14434
14404
14428
14562
14604
14444
14450
14755
14303
14557
14660
14466
14594
14623
14619
14707
14726
14843
14934
14568
14642
14926
14657
14672
14672
15118
14859
14746
14852
14442
14977
14770
14668
14863
14668
15149
15354
14875
14848
15092
14882
14923
15026
15337
14997
14938
14872
15293
15043
15078
14992
15250
15407
15113
15420
15458
15326
15381
15398
15462
15435
15499
15753
15618
15591
15364
15701
15785
15367
15722
15642
15782
15758
15730
15961
15753
15620
15970
15734
16000
15988
15780
15876
15683
15655
15213
15229
15221
15167
15069
15194
15012
14761
14788
15180
15162
15689
15954
15829
16275
16182
16230
15991
16180
16242
16358
16425
16230
16228
16349
16333
16090
16266
16333
16429
16632
16325
16514
16299
16356
16166
16311
16338
16397
16538
16407
16586
16319
16640
16698
16718
16564
16510
16523
16587
16678
16523
16701
16819
16715
16993
16570
16779
16921
16915
16713
16884
17131
17010
16868
16884
17239
16640
16939
16889
16870
16986
17080
16952
17000
16877
17079
17101
16940
17081
17199
17113
16898
17002
16966
17212
16989
17197
17123
17216
17450
17226
17444
17348
17135
17052
17692
17364
17698
17822
17408
17512
17526
17710
17528
17645
17529
17924
17798
17640
17850
17817
17745
17948
17839
17657
17805
17680
17757
17863
18000
18056
18053
18244
18082
18044
18023
18174
17809
17951
18241
18183
17952
18053
18307
18224
18261
18228
18236
18268
18180
17964
18126
18101
18439
18371
18477
18432
18444
18319
18431
18048
18440
18670
18467
18710
18401
18542
18749
18603
18240
18644
18604
18818
18772
18955
18519
18766
18589
18846
18790
18779
18573
18585
18715
18944
18798
18715
18799
18713
18651
18592
18805
18677
18651
18904
18905
18682
18714
18938
19221
19391
19263
19093
19154
19504
19132
19226
19208
18871
19054
18970
18982
19149
18931
19058
19062
18836
19054
18904
19142
19139
19356
19301
19344
19316
19261
19555
19317
19473
19366
19577
19628
19560
19620
19578
19700
19813
19623
19607
19224
19917
19780
19858
19764
19648
19702
19626
19846
19647
19673
19819
19713
20070
19900
19919
19770
19931
20112
19783
20108
19938
19912
19864
20200
20064
20232
19877
20124
20338
20442
20458
20045
20299
19881
20298
20020
20381
20249
20448
20038
20157
20516
20120
20635
20338
20511
20443
20277
20610
20379
20685
20338
20399
20640
20518
20507
20513
20192
20564
20589
20583
20396
20545
20328
20682
20567
20593
20594
20662
20433
20484
20683
21007
20527
20526
20794
20760
20736
20987
20641
20601
20857
21071
20779
20829
20880
21062
20712
21224
20907
20833
20854
20853
20793
20967
21356
21135
21202
21056
21218
21330
21108
21290
21159
21716
21274
21252
21306
21208
21316
21108
21252
21341
21165
21632
21240
21106
21180
21129
21380
21577
21201
21826
22081
21578
21557
21353
21606
21460
21408
21425
21644
21442
21867
21702
21709
21716
21838
21435
21833
21185
21550
21773
21609
21752
21693
21581
21763
21600
21375
21798
21956
21760
21596
21931
21986
22157
21780
21492
21738
21839
22068
22157
22073
22165
21959
22069
21877
21944
22005
22161
22076
22115
22165
22162
22303
22340
21956
22038
22127
22574
22100
22045
22199
22025
21745
21471
21681
21615
21729
21768
21878
21536
21556
21699
22022
22035
22320
22346
22340
22756
22583
22463
22144
22717
22461
22180
22299
22784
22609
22500
22420
22497
22852
22498
22336
22384
22694
22642
22530
22466
22656
22645
22580
22696
22586
22607
22660
22656
22561
22567
22804
22364
22743
22795
22744
22728
22784
22709
22531
22720
23074
22784
22695
22804
22943
22426
22996
22716
23006
22998
22555
22916
22821
22796
23000
23083
23076
22919
22950
22776
23095
23295
22876
23174
23260
23336
23254
23095
23169
23566
23323
23322
23045
23057
23286
23415
23057
23378
22702
23605
23464
23054
23050
23382
23275
23397
23220
23260
23370
23461
23578
23546
23278
23423
23528
23600
23643
23461
23761
23350
23418
23445
23596
23666
23668
23341
23234
23269
23800
23352
23632
23765
23344
23704
23295
23936
23403
23985
23739
23734
23714
23770
23808
23405
23972
23467
23858
23563
23904
23725
23752
23276
23514
23562
23707
23928
23731
23810
23936
23938
23940
23767
24119
23944
23634
23724
23853
23950
23669
24111
23823
23705
23764
24067
23821
23789
23919
23944
23950
24413
23751
24165
23786
23946
23990
23994
24443
23971
23877
23749
24008
23892
24141
24165
23885
24037
24011
24081
24060
24256
24360
24117
24056
23952
24229
23837
24025
24166
24286
24024
24077
24128
23800
24040
24500
24543
24428
24440
24110
24175
24196
24362
24345
24379
24454
24054
24502
24240
24164
23965
24431
24011
24446
24238
24004
24102
24294
24037
24340
23872
23987
23941
24154
24390
24186
24580
24439
24362
24475
24402
24617
24682
24403
24267
24464
24457
24520
24368
24490
24235
24550
24379
24410
24295
24580
24394
24340
24374
24553
24098
24836
24454
24740
24516
24730
24441
24316
24601
24372
24426
24328
24508
24549
24661
24572
24750
24529
24598
24474
24728
24804
24398
24548
24553
24756
24558
24412
24810
24645
24340
24726
24789
24810
24531
24347
24614
24491
24104
24300
24219
24548
24389
24243
24406
24116
24428
24493
24276
24340
24288
24362
24742
24280
24292
24456
24277
24608
24439
24681
24836
24454
24506
24502
24236
23958
24340
24205
24612
24192
24476
24524
24237
24121
24186
23884
23828
23952
24383
24001
24073
24338
23966
24590
24144
24438
24314
24549
24812
24573
24539
24650
24709
24389
24570
25014
24653
24477
24491
24717
24442
24790
24657
24460
24581
24282
24814
24568
24704
24644
24672
24244
24441
24778
24345
24733
24571
24560
24542
24777
24599
24411
24576
24536
24691
24456
24363
24567
24500
24799
24482
24656
24580
24160
24151
24192
24064
24266
23976
24680
24316
24372
23947
23863
24201
24050
24106
24082
24602
24502
24458
24500
24345
24386
24153
24338
24003
24218
24506
24340
24562
24041
24506
24388
24042
24166
24330
24075
23970
24485
24283
24457
24212
24016
24192
23919
24028
24314
24169
24153
24069
23851
23954
23883
24080
24088
23972
23728
24055
23739
23978
23820
24248
23864
23808
24040
23932
23884
24141
23729
23963
23908
23952
23883
24160
23672
23962
24034
23911
24078
23737
23866
23702
24028
23994
23746
23604
23650
23882
23771
23846
23746
23940
23557
23589
23353
23695
23881
23625
23732
23633
23381
23757
23437
23927
23737
23988
23824
23730
23452
23691
23430
23478
23220
23519
23773
23584
23758
23619
23618
23536
23761
23526
23317
23329
23439
23344
23177
23581
23269
23073
23316
23117
23320
23005
23381
23222
23394
23360
23476
23076
23149
23147
23342
23047
22935
23461
23447
23184
23190
22764
22664
23094
23002
22855
23137
23032
22925
22953
22839
22971
23092
23243
23080
23078
22890
22929
22806
22843
22995
22806
22988
23029
22666
23212
22672
22675
22842
22794
22792
22925
22676
22610
22637
22466
23008
22619
22677
22473
22470
22637
22514
22378
22619
22442
22341
22523
22786
22146
22309
21958
22226
22530
22177
22701
22025
22172
21753
21822
21909
21597
22036
21727
21604
21666
22016
21784
21782
21803
22084
21958
21941
22108
21973
22084
21860
21804
21880
21901
21853
21731
21679
22249
21930
21845
21720
21621
21764
21568
21589
21562
21576
21787
21261
21626
21592
21358
21092
21181
21493
21422
21273
21121
21765
21190
21308
21522
21463
21435
21266
21238
21096
20948
21225
21544
21076
21076
21009
21385
21014
21040
20949
21226
21034
20890
21026
20649
21272
21040
21234
20857
20820
20736
20608
20652
20666
20865
20793
20814
20532
20626
20829
20617
20804
20680
20744
20386
20678
20562
20558
20666
20598
20426
20151
20314
20544
20374
20305
20258
20291
20020
20379
19970
20000
19992
20090
20016
19877
19772
19926
19671
20136
19910
20087
19452
19598
19586
19598
19825
19674
19594
19632
19380
19712
19946
20047
19607
19861
19478
20128
19820
19736
19517
19464
19798
19446
19796
19713
19413
19428
19104
19464
19492
19739
19296
18864
18820
18681
18795
18650
18539
18522
18714
18406
18841
18631
18858
19205
19038
18828
19228
19055
18879
18799
19098
18932
18827
18954
18628
19028
18807
18647
18744
18802
18852
18509
18516
18222
18598
18466
18646
18473
18214
18500
18291
18433
18470
18445
18185
18208
18036
17888
18498
18392
18166
18069
17963
17973
18295
18266
18164
18026
18048
17984
17912
17508
17208
17002
16974
17018
17558
17252
17359
17162
17473
17457
17518
17384
17768
17432
17664
17606
17722
17479
17452
17384
17299
17298
17360
17488
17496
17317
17019
16960
17060
17120
17279
17024
16998
17161
16847
16752
17014
16711
16740
16733
16718
16422
16970
16669
16811
16719
16911
16920
16930
16586
16530
16811
16469
16596
16427
16618
16362
16444
16505
16542
16512
16456
16456
16183
16447
16241
16287
16240
15974
16175
16308
16173
16027
16020
16156
16026
16041
16066
15988
16084
16001
15964
15836
15938
15750
15746
15451
15721
15693
15729
15757
15564
15680
15620
15584
15348
15459
15658
15239
15562
15272
15582
15209
15387
15179
15371
15260
15441
15500
15305
15565
15418
15588
15148
15175
15148
15273
15411
14912
15135
15178
15111
14972
14301
14674
14794
14474
14384
14487
14620
14569
14555
14526
14517
14848
14727
14492
14597
14748
14660
14388
14531
14636
14278
14568
14577
14301
14666
14482
14242
14486
14564
14637
14255
14222
14360
14167
14124
14188
14328
14069
13834
14149
13997
14032
14109
14159
14071
13972
14079
13897
14159
13941
13946
14013
13983
13880
14154
13961
13814
13990
13821
13980
13738
13874
13812
13960
13916
13840
14024
13791
13850
13697
13466
13432
13562
13550
13373
13361
13460
13406
13601
13340
13526
13381
13389
13315
13471
13580
13355
13479
13440
13587
13383
13724
13252
13228
13278
13231
13276
13276
13113
13012
13144
13045
13140
13340
13298
13320
13310
13067
13129
13049
12785
13120
13058
13109
13028
13242
13114
13000
13068
12966
13156
12846
13106
12736
13175
12826
12874
12872
12962
12884
13013
12796
12704
12740
12843
12830
12823
12673
12864
12660
12775
12666
12836
12676
12698
12704
12559
12356
12806
12736
12875
12682
12749
12763
12548
12797
12507
12901
12771
12903
12923
12781
12754
12647
12716
12589
12826
12562
12630
12476
12593
12626
12576
12648
12411
12692
12634
12873
12632
12854
12751
12672
12390
12624
12710
12312
12391
12113
12502
12260
12724
12242
12491
12691
12367
12266
12517
12461
12567
12696
12459
12457
12544
12650
12532
12229
12506
12257
12558
12427
12722
12491
12781
12588
12651
12655
12634
12500
12558
12434
12547
12525
12572
12626
12540
12807
12607
12616
12466
12647
12413
12385
12459
12492
12772
12756
12603
12587
12622
12652
12750
12714
12544
12484
12739
12873
12644
12650
12674
12843
12662
12729
12672
12929
12680
12570
12834
12660
12397
12804
12744
12901
12817
12795
12979
12832
12974
12950
12934
13022
13034
12920
13031
13213
13244
13086
13045
13285
13210
13022
13237
13251
13246
13247
13236
13047
13283
13257
13113
13302
13204
13465
13384
13284
13261
13305
13525
13320
13572
13467
13476
13412
13490
13339
13414
13237
13619
13634
13492
13448
13716
13591
13453
13594
13747
13853
13819
13865
13789
13580
13585
13785
13637
13789
13683
13700
13914
14077
13744
13686
13808
13783
13733
14082
13858
13991
13988
14207
14322
14395
14206
14249
14314
14512
14318
14389
14528
14565
14458
14705
14561
14704
14385
14484
14779
15034
14816
14601
14603
14685
14901
14785
14743
14852
14824
14888
15122
15121
14888
15069
15065
15012
15060
14958
15180
15336
15271
15322
15270
15085
15175
15292
15574
15500
15493
15582
15461
15556
15582
15709
15402
15857
15850
15495
15498
15713
15970
15630
15406
15460
15563
15362
15884
15667
15851
15910
16335
16046
16253
16394
16117
16164
16135
16034
15934
15791
15932
16038
16109
16095
16502
16576
16450
16326
16268
16373
16644
16682
16602
16902
16840
16627
16693
16782
16720
16552
16650
17153
16949
17019
16826
16909
17114
16754
16640
16792
17245
17121
16928
16997
16912
17009
16898
16684
16874
16739
16963
17164
17321
17360
17078
17520
17638
17278
17099
17714
17526
17555
17552
17748
17394
17828
17503
17389
17719
17924
17418
17674
17614
17199
17896
17588
17803
17549
18000
17786
17540
17835
17705
17798
17816
18061
17994
17654
17643
18073
17866
18010
18025
17826
17876
17891
17894
17762
18197
18059
17844
18041
18040
18152
17821
18034
18130
18372
18282
18212
17621
17933
17665
17924
17962
18093
17786
17531
17536
17903
18076
18237
18698
18418
18408
18345
18700
18594
18636
18736
18724
18752
18690
18316
18624
18938
18302
18704
18549
18926
18352
18772
18666
18660
18609
18818
18746
18775
18634
18576
18688
18279
18629
18824
18827
18918
18480
19002
18564
18897
18808
18613
18776
18704
18596
18760
18667
18502
18505
18990
18783
18637
18920
19048
18719
18875
18780
18688
18821
18849
19006
18710
18648
18709
18844
18572
18720
18868
18714
18580
18819
18747
18913
18877
18569
18527
18870
18776
18936
18448
18720
18627
18680
18670
18500
18609
18524
18500
18504
18514
18435
18529
18514
18521
18327
18415
18447
18552
18385
18560
18372
18740
18496
18340
18280
18253
18758
18456
18153
18388
18598
18404
18342
18723
18362
18356
18405
18318
18171
18389
18133
18261
18228
18309
18493
18373
18421
18322
18071
18228
18036
17961
18114
18048
17913
17936
18189
17933
18140
17912
17920
18211
18207
18075
18074
18108
18107
17949
17650
17674
17828
17776
18012
17568
17890
17571
17700
17741
17740
17626
17885
17714
17486
17499
17251
17440
17669
17514
17290
17448
17477
17464
17456
17307
17440
17355
17300
17357
17306
17426
17189
17178
16918
17295
17034
16866
17070
17020
16868
16949
17179
17143
16859
16949
16826
16986
16930
17012
16816
16907
16793
16644
16849
16532
16957
16592
16848
16739
16502
16625
16441
16493
16599
16292
16458
16307
16323
16370
16048
16144
16632
16116
16008
16192
16183
16152
16118
15905
16100
15865
16048
15690
15725
15760
15715
15690
15730
15782
15496
15460
15886
15791
15576
15565
15628
15455
15133
15218
15178
15316
15270
15189
15323
15120
15157
15236
15050
15022
15224
15030
14582
14058
13774
14084
13733
14324
14288
14728
14542
14712
14530
14632
14558
14812
14333
14335
14352
14197
14082
13966
14019
13948
14077
13910
13958
13754
13675
13785
13841
13690
13645
13568
13634
13510
13229
13571
13467
13309
13200
13226
13316
13150
12865
13205
13224
13041
13108
12923
12882
12836
12829
12503
12695
12635
12562
12353
12740
12436
12501
12521
12269
12276
12353
12342
12166
12267
12246
11798
11828
11991
11593
11610
11633
11537
11563
11595
11680
11544
11421
11414
11394
11132
11433
11338
11441
11193
11063
10872
11209
10980
11110
10645
10742
10742
10576
10504
10700
10442
10432
10348
10612
10537
10342
10223
10216
10116
9861
9853
10257
9916
9805
9775
9694
9704
9595
9577
9421
9631
9445
9217
9396
9515
9176
9284
9331
9362
8961
8866
8776
8766
8916
8748
8604
8860
8690
8676
8847
8597
8426
8521
8266
8204
8210
8174
8242
7985
8183
8022
7810
8149
7861
7796
7611
7457
7628
7517
7445
7259
7482
7545
7259
7309
7435
7313
7075
7247
6940
6763
6504
6422
6380
6301
6415
6554
6723
6886
6735
6491
6626
6383
6568
6238
6409
6370
6368
6314
6280
6114
6066
6133
6292
6043
6102
5874
5807
5842
5955
5642
5795
5773
5808
5625
5651
5596
5646
5679
5569
5394
5453
5387
5439
5144
5220
5158
5277
5118
5154
5033
4943
5092
5053
4962
4997
4880
4716
4831
4623
4782
4700
4653
4800
4775
4663
4683
4558
4562
4515
4507
4625
4403
4550
4407
4360
4330
4312
4146
4371
4303
4413
4439
4173
4243
4092
4099
4118
4151
4118
4162
4039
3997
3974
