4411
4440
4442
4437
4445
4352
4302
4495
4327
4401
4400
4346
4242
4317
4443
4477
4325
4442
4534
4523
4435
4425
4477
4434
4383
4481
4462
4524
4472
4528
4515
4352
4513
4543
4614
4554
4521
4552
4542
4425
4529
4452
4605
4532
4468
4539
4658
4531
4498
4655
4619
4648
4593
4459
4598
4667
4690
4683
4696
4588
4481
4605
4527
4628
4364
4573
4614
4672
4761
4568
4663
4592
4692
4686
4797
4691
4699
4628
4774
4641
4750
4814
4717
4817
4702
4751
4844
4772
4772
4807
4827
4852
4765
4816
4829
4815
4951
4723
4755
4807
4735
4734
4800
4828
4985
4903
4806
4813
4998
4984
4908
4959
4990
4993
4851
5113
5051
5056
4947
5062
5035
5021
5095
4912
5050
4996
4958
4982
5106
5123
5100
5008
5010
4891
5064
5092
5116
5215
5187
5035
5268
5086
5229
5213
5244
4995
5093
4993
5244
5077
5152
5358
5026
5074
5182
5233
5344
5388
5338
5247
5276
5165
5373
5267
5221
5202
5202
5119
5278
5274
5191
5304
5232
5426
5484
5391
5475
5313
5400
5275
5421
5444
5378
5399
5192
5366
5262
5617
5376
5537
5344
5461
5408
5480
5411
5494
5523
5398
5538
5458
5317
5391
5462
5444
5416
5333
5494
5532
5611
5580
5582
5570
5684
5667
5638
5630
5510
5605
5582
5558
5600
5626
5666
5790
5464
5726
5682
5640
5753
5714
5824
5774
5651
5813
5790
5840
5890
5812
5933
5876
5891
5672
5850
5668
6053
5966
5733
5776
5880
6040
5753
5960
6034
6203
5782
6038
5804
5893
5980
6052
6047
5969
6028
5952
6213
5942
6084
6194
6114
5967
6172
6016
6197
6058
5974
6071
6014
6040
6225
6240
6028
6073
6168
6219
6070
6109
6361
6214
6079
6201
6120
6279
6095
6328
6414
6348
6218
6145
6289
6371
6194
6324
6376
6316
6246
6369
6490
6272
6468
6261
6370
6478
6342
6544
6356
6426
6506
6281
6391
6371
6355
6416
6423
6453
6586
6584
6548
6625
6559
6592
6616
6550
6765
6588
6553
6823
6551
6575
6624
6540
6734
6606
6650
6650
6623
6764
6738
6860
6496
6742
6831
6596
6603
6575
6854
6715
6650
6846
6765
6875
6884
6850
6969
6760
7051
6772
6822
6817
7099
6941
6993
6903
6998
6845
6918
6977
6870
7076
7108
7050
7077
7186
7040
6976
7032
7114
7032
7133
7168
7028
7135
7150
7026
7107
6995
7070
7275
6942
7202
7199
7296
7168
7252
7317
7254
7381
7322
7243
7543
7204
7242
7108
7443
7401
7316
7349
7557
7329
7547
7559
7520
7441
7393
7556
7426
7362
7544
7764
7498
7501
7552
7499
7566
7618
7626
7690
7632
7433
7533
7521
7651
7805
7723
7614
7616
7900
7581
7618
7658
7840
7911
7829
7806
7614
7894
8044
7891
7846
7831
7654
7840
7776
7736
7921
7748
8034
7916
7946
7945
7833
8048
8028
7963
8021
8214
7942
8062
8103
8025
8186
8145
8217
7947
8217
7938
8164
8206
8218
8245
8217
8397
8219
8199
8234
8187
8102
8060
8288
8363
8303
8224
8350
8439
8214
8308
8370
8303
8237
8425
8500
8262
8413
8258
8384
8365
8435
8567
8590
8278
8322
8438
8474
8454
8622
8722
8783
8526
8541
8540
8711
8569
8562
8675
8697
8672
8346
8760
8755
8485
8716
8744
8603
8824
8810
8828
8909
8774
8736
8729
9022
8824
8871
9010
8931
8942
8813
8967
8818
8992
9265
9003
9191
9209
9080
8984
8997
9228
8894
9025
8973
9318
8968
9067
9200
9271
9186
9109
9277
8998
9423
9360
9336
9271
9237
9445
9158
9332
9288
9392
9364
9468
9083
9405
9490
9425
9261
9389
9180
9829
9440
9538
9468
9544
9428
9639
9512
9635
9393
9591
9844
9741
9573
9403
9530
9672
9685
9568
9800
9709
9745
9618
9545
9864
9538
9640
9537
9302
9515
9589
9716
9577
9556
9491
9509
9889
9733
10089
10058
9958
10160
10137
9960
9988
10021
10097
10280
10320
9900
10047
10149
10249
10167
10083
10095
10302
10179
10228
10225
10116
10104
10261
10169
10371
10322
10194
10580
10325
10413
10198
10433
10404
10622
10387
10336
10277
10500
10521
10452
10289
10203
10261
10274
10412
10678
10343
10484
10382
10540
10642
10718
10612
10581
10811
10677
10688
10938
10852
10765
10923
10727
10854
10669
10504
10790
10546
10755
10767
10892
10957
11000
11118
11081
11183
11062
11208
10981
11034
11004
11183
11348
11108
11259
11325
11242
11332
11050
11027
11322
11409
11420
11351
11228
11262
11508
11371
11266
11309
11505
11382
11415
11371
11330
11468
11611
11625
11603
11392
11573
11660
11424
11448
11756
11604
11692
11565
11562
11825
11497
11883
11690
11531
11931
11814
11948
12120
11966
11913
11941
12008
11794
11951
11815
12119
11925
11918
12007
11826
11917
12186
12049
12101
12052
12147
12246
12140
12187
12103
12219
12196
12246
12199
12334
12207
12361
12378
12340
12364
12349
12432
12492
12418
12477
12633
12404
12397
12545
12536
12482
12509
12488
12400
12467
12450
12585
12454
12930
12860
12385
12882
12739
12938
12859
12937
12595
12964
12781
12850
12785
12633
12981
12964
12865
13097
12781
12648
12708
12904
13045
13239
13090
12921
13361
13233
13172
13182
13199
13032
13258
13360
13412
13405
13496
13293
13253
13253
13510
13402
13129
13413
13362
13598
13444
13615
13654
13689
13554
13749
13869
13741
13653
13717
13737
13711
13670
13901
13826
13929
13842
13924
13981
14013
13664
13957
13738
13987
14124
13790
13813
13786
13671
13787
13729
13888
13815
13875
14097
14134
14181
13843
14058
14165
14062
14271
14282
14448
14457
14379
14567
14327
14437
14444
14438
14539
14519
14216
14573
14574
14573
14823
14658
14801
14531
14789
14564
14872
14791
14808
14861
14808
14708
15074
14753
15049
15016
15169
15104
14904
14722
14934
15016
15214
15152
14920
15090
15104
15252
15256
15020
15110
15117
15065
15097
15050
15407
15210
15460
15215
15482
15238
15449
15218
15639
15426
15488
15666
15360
15868
15415
15440
15634
15655
15669
15631
15588
15698
15720
15634
15312
15788
15579
15437
15469
15787
15795
15830
15793
15885
16003
16037
16140
16055
16255
16001
16254
15802
16084
16180
16149
16098
15796
16119
16159
16134
15977
16139
15872
15955
16293
16245
16192
16255
16344
16351
16361
16500
16811
16438
16467
16484
16892
16585
16802
16652
16660
16963
16680
16793
16882
16692
16501
16466
16554
16369
16429
16482
16740
16842
16280
16389
16400
16650
16827
16986
17254
17243
17152
17198
17200
16971
17315
17260
17325
17353
17336
17250
17405
17405
17488
17314
17492
17682
17437
17390
17188
17333
17549
17314
17091
17060
17028
17231
17215
17232
16980
17373
17247
17493
17204
16831
17159
17540
17744
17612
17882
18062
18182
18113
17883
17587
17907
17984
18068
17664
17474
16873
16652
15968
15921
15945
15700
15516
14685
14233
14389
14421
14924
14952
15497
16205
16605
17375
17656
18078
18944
18698
18709
18998
18688
18989
19259
18980
18812
19040
18900
19012
19025
18976
18972
18819
18709
19000
18863
19000
19162
18628
19170
18927
19004
18744
18714
18600
19048
18917
19062
18898
19126
18845
19228
19311
19431
19336
19492
19678
19588
19470
19425
19249
19590
19636
19531
19368
19402
19423
19366
19594
19442
19426
19540
19359
19253
19515
19275
19648
19692
19668
19849
19671
19882
19649
19658
19700
19891
19780
19821
20054
20157
19748
20118
20114
19824
19888
19962
19968
19844
20176
20173
20345
20144
19874
19909
20433
19932
20102
20165
19787
20491
20280
20106
20346
20068
20436
20342
20422
20331
20191
20361
20344
20278
20552
21014
20848
20828
20810
21058
20779
21177
21043
21079
21019
21240
21205
21205
21314
20931
21364
21229
21325
21137
21216
21308
21562
21494
21295
21753
21689
21860
21525
21787
21316
21309
21150
20978
20908
20914
20737
20773
20452
20445
20109
20143
20284
20854
20894
21384
21753
21732
22100
22053
22085
22067
21988
22212
22133
22249
22175
22364
22262
22146
22118
21869
22282
21918
22364
22283
21981
22222
22180
22261
22461
22438
22373
22269
22236
22424
22333
22785
22645
22566
22201
22427
22205
22764
22833
22740
22639
22833
22827
22988
22494
23092
22877
22876
22880
23013
22882
22978
23094
22870
22826
23330
23407
22966
23267
23477
23252
23072
23234
23307
23576
23263
23333
23576
23360
23354
23380
23370
23524
23087
23268
23229
23793
23626
23485
23379
23602
23893
23605
23290
24328
23862
23949
23760
23956
23564
24136
23944
24046
24108
24330
24142
24552
24262
24334
24155
24267
24150
24377
24372
24465
24089
24582
24633
24296
24511
24279
24510
24582
24429
24558
24714
24516
25008
24775
24872
24598
25004
24813
24589
24804
24590
24724
25018
25188
25240
25230
24892
24980
24954
25534
25131
25154
25431
25220
25156
25197
25269
25316
25397
25286
25318
25760
25430
25330
25322
25507
25533
25249
25583
25373
25643
25742
25562
25976
25975
25610
25603
25889
25499
25768
25583
25508
25804
26072
25769
25518
26009
25694
25800
25710
25716
25932
25894
26042
26138
26118
26232
26141
26255
26303
25984
25936
26097
25996
26057
25709
26173
26218
25861
25934
25920
26112
26240
26151
26494
26558
26661
26404
26596
26790
26781
26669
26872
26858
27016
26991
27316
26988
26842
26820
27129
27018
26634
26669
27057
26902
26976
27264
27349
26960
27041
26888
27052
27093
27157
27149
27286
27389
27377
27098
27352
27117
27513
27406
27522
27524
27450
27567
27545
27582
27683
27675
27009
27317
27334
27712
27782
27498
27776
27532
27691
27949
27629
27796
27954
27765
27892
27914
28042
28054
28120
28197
27613
27979
28053
28266
28256
28276
28346
28086
28421
28411
28017
28059
28100
28392
28315
28526
28148
28477
28721
28319
28188
28238
28706
28511
28484
28582
28662
28584
28377
28426
28513
28400
28676
28249
28688
28856
28477
28728
29106
28816
28558
28585
28561
28866
28941
28749
28987
28634
28952
28860
29034
28612
28909
28928
29172
29147
29324
28804
28757
29057
29216
29140
29089
28891
29476
29288
29076
29338
29707
29377
29429
29367
29424
29234
29167
29156
29620
29656
29128
29369
29602
29645
29272
29565
29577
29526
29780
29929
29793
29780
29882
29785
29824
29849
29739
30057
30014
29844
29906
29869
29647
30322
29757
30148
30152
29854
29984
30148
30509
30208
30115
30091
29888
29669
29784
30122
30068
29995
30314
30306
30102
30281
30417
30480
29952
29908
30226
30349
30066
30384
30516
30472
30288
30430
30222
29713
29826
30324
29796
29812
29981
29730
29826
29661
29417
29576
30328
30134
30915
30856
31088
30811
30989
30776
30634
30906
30923
30772
30420
31037
31021
30796
30467
30948
30829
31140
30848
31094
31159
30650
31265
31144
31221
30665
31420
31062
31002
30822
31331
31223
31000
31284
31354
31109
31547
31223
31163
31289
31176
31298
31272
31016
31525
31638
31284
31148
31169
31316
31341
31474
31538
31384
31464
31695
31518
31325
31458
31360
31675
31793
31448
31698
31498
31662
31562
31446
31442
31912
31638
31736
32038
31798
32000
31798
31656
31728
31836
31808
32092
31832
32008
31901
32128
31940
31890
31971
32137
32178
31778
32064
31978
31978
32569
31979
32576
32309
32074
32544
32489
32368
32507
32119
32148
32106
32256
32233
32228
32296
32415
32178
32296
32267
32200
32300
32049
32327
32386
32470
32210
32525
32053
32806
32354
32236
32472
32647
32718
32276
32569
32462
32541
32804
32483
32518
32600
32817
32392
32509
32574
32292
32450
32872
33094
32404
32688
32726
32612
32839
32692
32582
32896
32808
32384
32887
33025
32676
32603
32956
33104
33160
32718
32725
33052
32914
33172
33166
32903
32802
33060
33156
32794
33024
33147
33309
32973
33173
33254
32984
32768
32808
33240
33106
33194
32870
33153
32907
33065
33190
33236
32916
33226
33273
33125
33241
33122
33098
33339
33140
33316
33064
33588
33302
33322
33457
33364
32922
33557
33773
33324
33272
33476
33125
33280
33034
33661
33302
33361
32996
33428
33125
32856
33068
33496
33412
33520
33416
33313
33453
33412
33135
33492
33466
33426
33818
33692
33467
33578
33501
33628
33258
33934
33553
33200
33300
33101
33428
33332
33572
33523
33588
33354
33496
33898
33690
33708
33660
33546
33753
33636
33818
33577
33802
33737
33030
33391
33614
33995
33732
33546
33241
33652
33892
33860
33771
33675
33965
33586
33771
33726
33573
33620
33824
33530
33693
34180
33517
33574
33636
33844
33620
33056
33327
33978
33408
33672
33549
33544
33286
33408
33466
33493
33451
33640
33448
33365
33861
33575
33544
34075
33761
33957
33461
33476
33706
33300
33602
33322
33212
33224
33622
32916
33386
33068
33114
33140
33241
32957
32869
32634
32834
32806
33464
32870
33099
33172
32964
33444
33391
33590
33773
33840
33718
33952
33802
34106
33610
33979
33974
33903
34075
33704
33884
33228
33450
33765
33674
33589
33624
33280
33553
33653
33654
34107
33824
33708
33675
33583
33505
33750
33773
33585
33657
33810
33384
33742
33820
33803
33896
33914
33924
34015
33896
33882
33605
33478
33668
33322
33628
33350
33037
33706
33738
33359
33309
33392
33012
33068
33298
33830
33598
33580
33697
33478
33202
32872
33380
33067
33229
33332
33194
32996
33088
33156
33368
33240
33738
33396
33144
33272
33154
33296
33546
33525
33130
33253
32896
33024
33046
33040
33140
32936
33088
33284
32921
32653
32480
33364
33470
33154
32786
32768
32804
32970
33124
33143
33031
32922
32916
33097
33133
32984
33060
32926
32764
33211
32877
32340
32486
32812
32749
32384
32168
32885
32384
32643
32414
33058
32348
32848
32810
32474
32539
32762
32466
32693
32564
32192
32605
32896
32441
32314
32244
32486
32002
32794
32405
32348
32548
32460
32068
32580
32732
32494
31984
32438
32436
32393
32096
32443
32346
32397
32215
32587
32173
31688
31832
32201
32206
31922
32125
32282
31806
31865
31937
32036
31808
31737
32280
31962
32064
32202
31876
31597
31780
32000
31733
31484
31694
31860
31669
31750
31689
31498
31654
32009
31535
31599
31842
31626
31193
31390
31618
31516
31396
31781
31210
31172
31312
31040
31508
30891
31659
30673
30963
31482
31240
31603
31435
30962
30761
30941
31204
31082
31063
31058
30888
30730
30906
31113
30960
30874
30888
30714
30978
31001
30838
30664
30848
30580
30504
30939
30745
30898
30546
31114
30269
30311
30562
30273
30171
29643
29615
29933
29610
30142
29673
30178
29889
29729
30039
30232
30046
30647
29852
30224
30119
30136
29984
30018
29918
30005
30203
29554
30296
30359
29794
29723
29497
29645
29876
29476
29870
29860
29479
29484
29924
29658
29371
29073
29556
29210
29124
29602
29499
29228
29037
29125
29025
29494
28854
29540
29158
29050
29100
29032
28917
28504
28694
28637
28707
28715
28758
28724
28580
28529
28516
28522
28500
28493
28580
28731
28928
28557
28720
28950
28362
28457
28709
28644
28352
28474
28122
28342
28392
28213
27867
28327
28043
28045
28402
28205
27880
27976
28168
27824
27698
27535
27533
27783
27449
27702
27005
27110
27245
27185
26947
27383
27177
27040
27345
27426
27264
26905
26964
26890
26574
26701
26522
26708
26392
26638
26506
26410
26829
26860
26996
27155
26915
27211
26648
26714
26554
27204
26939
26612
26820
26996
26716
26565
26660
26659
26686
26628
26602
26514
26228
25792
25652
25305
25162
25186
25173
25384
25156
25217
25553
25234
25842
25809
25719
25868
25665
25444
25478
25856
25996
25700
25444
25629
25638
25535
25734
25437
25224
25180
25206
25145
25136
25016
25398
25117
25278
25216
25193
25001
24810
25031
24690
24954
24948
24916
24674
24944
24588
24506
24563
25002
24378
24116
24555
24128
24885
24319
24403
23995
23762
23864
23012
23254
23264
23444
23368
23381
23109
23514
23079
23439
23493
23880
23696
24014
23620
23830
23792
23487
23540
23541
23378
23345
23406
23266
23318
23356
23192
23496
23178
23247
22865
22984
22882
23064
22818
22819
22520
22580
22508
21988
22243
22504
22428
22413
22086
22525
22463
22312
22412
22304
22202
22431
22194
22471
22217
22031
22255
21750
21949
21694
21892
21940
21862
21432
21616
21580
21624
21740
21412
21718
21578
21497
21422
21419
21373
21409
21188
21364
21031
20902
20890
21076
21000
21281
21077
21242
20730
20970
20892
20778
20826
21009
20555
20730
20649
20465
20546
20549
20603
20555
20301
20446
20274
20589
20493
20328
20243
19956
20267
19860
20156
19939
20090
20298
20208
20163
19894
20038
19904
19478
19700
19894
19834
19233
18956
18954
18909
18907
18891
18713
18910
18985
18810
18885
19094
19238
19240
19118
19084
18770
18805
18769
18688
19011
18888
18613
18836
18793
18712
18770
18489
18419
18363
18481
18707
18126
18472
18182
18298
18221
18498
18255
18185
18492
18312
18250
17989
18025
17779
17835
18028
17704
17903
17928
17824
18205
17734
17951
17560
17792
17544
17627
17536
17428
17631
17896
17621
17456
17622
17398
17454
17605
17263
17453
17165
17357
17003
17309
17138
17097
17012
16843
16901
16869
16734
16772
16868
16856
17013
16977
16692
16916
16698
16423
16447
16678
16394
16408
16373
16516
16740
16287
16473
16291
16277
16395
16171
16174
16171
16006
15834
15719
15648
15894
15959
16107
15908
15829
15875
15739
15680
15901
15855
15837
15676
15648
15827
15638
15439
15822
15430
15513
15482
15300
15382
15482
15552
15685
15586
15378
15240
15265
15430
15489
15085
15204
14748
15157
15210
15115
15087
15145
14970
15183
15162
14757
14946
14984
14844
14902
14580
14745
14891
15020
14980
14777
14913
14729
14651
14566
14738
14658
14632
14604
14619
14440
14670
14551
14435
14340
14132
14347
14412
14512
14560
14432
14504
14470
14176
14082
14089
14066
14174
14143
14104
14413
14369
14284
14075
13991
14118
14388
14122
14108
14145
14065
14274
14116
14004
13858
14022
13783
14022
13857
13850
13861
13806
13915
13674
13877
13767
13851
13667
13637
13766
13647
13806
13498
13630
13722
13479
13763
13453
13584
13914
13432
13749
13837
13621
13682
13631
13585
13412
13505
13642
13552
13540
13568
13826
13646
13625
13449
13158
13474
13564
13458
13284
13680
13539
13304
13344
13064
13318
13461
13528
13380
13473
13489
13409
13388
13612
13284
13282
13445
13229
13608
13549
13440
13456
13618
13412
13141
13466
13245
13349
13154
13336
13483
13624
13328
13474
13220
13160
13304
13383
13185
13371
13395
13482
13399
13337
13348
13321
13252
13286
13343
13088
13192
13043
13291
13328
13257
13344
13401
13178
13521
13115
13313
13465
13464
13314
13158
13326
13180
12928
13132
13355
13058
13240
13310
13090
13333
13252
13044
13009
13390
13199
13668
13336
13537
13410
13495
13568
13559
13426
13261
13514
13604
13410
13576
13622
13441
13562
13576
13449
13621
13554
13578
13594
13517
13624
13514
13593
13400
13585
13568
13717
13371
13713
13397
13446
13752
13303
13426
13530
13416
13677
13678
13814
13661
13784
13504
13625
13728
13939
13853
13606
13596
13874
13770
13604
13691
13816
13889
13963
13595
13690
13440
13748
13937
13536
13771
13919
13669
13678
13208
13364
13558
13938
13906
14098
13927
14032
14009
14036
13703
13878
13942
13815
14034
13779
14046
14024
14078
14014
14101
14308
14365
13958
14029
14178
13860
14000
14288
13865
14441
14270
14106
14258
14217
13897
14196
14313
14216
14021
14317
14148
14262
14197
14008
14153
14380
14163
14322
14340
14042
14207
14199
14221
14215
14074
14344
14395
14484
14059
14004
14178
14287
14240
14502
14500
14376
14137
14465
14610
14424
14342
14401
14577
14094
14319
14356
14381
14601
14334
14299
14602
14366
14416
14599
14380
14309
14455
14234
14595
14384
14404
14601
14382
14491
14351
14323
14604
14337
14421
14308
14552
14434
14396
14436
14351
14329
14265
14253
14516
14420
14579
14400
14486
14194
13869
13867
14201
14065
14375
14101
13790
14216
14166
14351
14628
14637
14528
14682
14458
14972
14674
14582
14648
14681
14735
14287
14570
14454
14466
14515
14632
14673
14630
14114
14630
14667
14306
14872
14523
14488
14449
14565
14613
14565
14784
14313
14628
14253
14397
14552
14459
14596
14513
14562
14555
14446
14274
14409
14182
14773
14534
14494
14450
14775
14567
14344
14339
14417
14514
14297
14509
14437
14289
14116
14009
14372
14340
14286
14465
14328
14369
14126
14288
14454
14205
14210
14382
14349
14404
14081
14164
14341
14187
14141
14248
14297
14354
14062
13993
14223
14353
14052
13974
14481
14303
14056
14272
14137
14150
14232
14233
14099
14057
13934
14141
14002
13934
14149
14161
14055
14166
13871
13922
14165
13963
13857
14264
13923
13978
13800
14054
13780
13776
13768
13799
14080
13892
13769
13977
13774
13757
13648
13740
13611
13302
13422
13818
13839
13656
13754
13581
13606
13526
13770
13767
13777
13689
13780
13497
13551
13689
13494
13602
13629
13508
13651
13317
13537
13430
13510
13450
13509
13611
13218
13227
13306
13446
13247
13168
13131
13298
13256
13114
13418
13117
13134
13181
13288
13226
13097
13181
13005
13108
12946
13090
13103
12864
12794
12961
12757
12772
12998
12788
12616
12793
12911
12873
12563
12868
12708
12654
12797
12545
12522
12606
12764
12501
12623
12991
12668
12702
12444
12630
12404
12381
12512
12462
12545
12402
12404
12450
12578
12166
12315
12064
12267
12148
12187
11933
11924
11926
11997
11978
12113
12028
12139
12192
12088
12022
12022
11932
11761
11848
11698
11864
11576
11796
11547
11443
11590
11447
11670
11412
11340
11684
11618
11495
11588
11596
11539
11313
11325
11269
10767
10668
10493
10566
10789
10756
11035
11031
10928
10875
11080
11190
10971
11273
10939
10964
10966
10629
10651
10754
10788
10676
10580
10721
10530
10473
10415
10344
10246
10436
10724
10554
10137
10355
10398
10356
10163
10014
10322
10060
10078
10085
9995
10022
9845
10008
9856
9720
9984
9861
9814
9570
9449
9524
9755
9636
9669
9341
9586
9475
9376
9267
9305
9428
9487
9297
9373
9151
9084
9097
8669
8855
8993
8839
8872
8938
8858
8738
8845
8903
8941
8542
8596
8523
8665
8493
8602
8464
8322
8324
8571
8433
8484
8217
8069
8334
8208
8222
8095
8048
7851
7936
8161
7975
7970
7898
7781
7893
7593
7671
7516
7614
7611
7611
7704
7517
7383
7240
7353
7344
7374
7188
7142
7136
7261
7221
7277
7211
7059
6876
7034
6889
6797
6717
6810
6733
6716
6547
6776
6537
6698
6640
6594
6493
6422
6503
6509
6360
6225
6295
6411
6286
6211
6148
6046
6097
5982
6112
6032
5911
5920
5984
6008
5729
5754
5885
5788
5666
5472
5376
5245
5240
5290
5355
5478
5447
5588
5467
5243
5318
5167
5280
5246
5279
5083
5184
5017
5184
5092
5086
5070
4967
4914
4908
4901
5011
4816
4964
4708
4771
4767
4716
4725
4695
4721
4591
4666
4635
4697
4501
4549
4519
4514
4550
4460
4406
4484
4434
4364
4326
4282
4247
4240
4399
4112
4079
4268
4210
4170
4112
4060
4012
4100
3997
3928
4119
3965
3926
3986
3986
3852
3853
3957
4001
3914
3780
3773
3881
3884
3732
3744
3801
3800
3765
3817
3822
3740
3792
3635
3648
3740
