3401
3353
3460
3544
3477
3529
3282
3445
3441
3400
3495
3498
3521
3491
3423
3523
3435
3462
3398
3504
3406
3365
3506
3558
3509
3652
3479
3487
3518
3533
3455
3590
3455
3429
3414
3579
3495
3582
3567
3435
3426
3534
3591
3634
3614
3582
3571
3568
3626
3620
3648
3620
3627
3635
3758
3587
3674
3603
3562
3552
3531
3517
3549
3666
3592
3646
3551
3626
3557
3539
3530
3500
3575
3626
3581
3575
3556
3652
3627
3641
3723
3705
3801
3731
3705
3686
3684
3652
3787
3644
3716
3676
3667
3691
3665
3695
3750
3817
3788
3716
3762
3817
3690
3863
3913
3873
3687
3871
3868
3851
3746
3851
3837
3818
3833
3909
3862
3834
3845
3854
3906
3735
3785
3921
3889
3881
3897
3937
3848
3934
3914
3921
3957
3906
3977
3865
3967
4052
3947
3963
3957
4046
3948
4017
3773
4025
3927
4019
3988
4057
4085
3999
4025
4002
3903
4031
3930
3870
4031
4031
3868
4031
3961
3973
4050
3970
4050
4068
4067
3990
4089
4142
3869
4079
3889
3943
3972
4148
4105
4114
4055
4192
4128
4211
4238
4037
4049
4156
4155
4143
4226
4066
4341
4147
4119
4213
4168
4133
4189
4084
4224
4171
4093
4234
4126
4210
4189
4248
4261
4266
4357
4232
4270
4280
4259
4512
4329
4355
4331
4271
4366
4389
4320
4303
4351
4251
4281
4189
4139
4378
4357
4324
4282
4333
4341
4499
4279
4386
4540
4568
4505
4395
4376
4427
4451
4398
4581
4456
4416
4509
4512
4326
4455
4453
4550
4554
4581
4487
4553
4527
4582
4575
4573
4553
4488
4528
4398
4550
4583
4660
4574
4541
4591
4651
4542
4682
4612
4606
4649
4712
4676
4465
4544
4610
4576
4632
4563
4754
4728
4547
4525
4649
4637
4663
4682
4778
4812
4730
4573
4813
4866
4734
4698
4742
4826
4888
4692
4866
4681
4764
4582
4798
4890
4936
4927
4910
4680
4812
4819
5013
4821
4751
4852
4891
4949
4705
4825
4899
4846
4877
5021
4845
4888
5077
4966
5080
5030
4868
5167
4933
4991
5011
4866
4999
4951
5045
4853
4899
4854
4863
4940
4999
4792
4924
5008
5042
5227
5158
4939
5209
5012
4977
5178
5106
5123
5039
5042
5211
5075
5087
5114
5175
5258
5364
5226
5149
5074
5162
5284
5220
5197
5250
5044
5329
5126
5292
5211
5172
5239
5189
5284
5364
5325
5250
5287
5157
5238
5274
5334
5311
5469
5338
5335
5330
5491
5350
5358
5320
5405
5426
5422
5345
5492
5514
5376
5393
5497
5350
5408
5438
5488
5457
5515
5487
5400
5539
5680
5580
5437
5443
5611
5469
5607
5560
5623
5558
5596
5602
5736
5620
5499
5650
5547
5674
5549
5674
5738
5659
5701
5723
5577
5793
5801
5772
5650
5756
5816
5717
5822
5744
5710
5685
5882
5780
5777
5659
5928
5706
5767
5801
5847
5701
5765
5879
5873
6043
5854
5856
5897
6040
5742
6031
5999
5939
5945
5940
5806
5843
5921
5922
5986
6087
5916
5796
5874
5988
6154
6054
5812
5987
5902
6053
6106
6140
6126
6205
6162
6284
6196
6197
6156
6024
6133
6237
6149
6349
6171
6106
6292
6189
6089
6185
6259
6166
6277
6086
6173
6199
6175
6233
6457
6404
6359
6375
6196
6450
6394
6328
6405
6359
6266
6409
6368
6540
6527
6555
6337
6406
6437
6490
6364
6466
6333
6626
6499
6386
6532
6465
6625
6685
6474
6503
6548
6469
6481
6598
6661
6607
6632
6623
6659
6556
6566
6706
6773
6716
6722
6610
6658
6552
6685
6642
6744
6643
6583
6660
6835
6752
6702
6750
6817
6762
6788
6841
7066
6925
6618
6697
6987
6759
6748
6866
6676
6763
6733
6896
6939
6966
6996
6847
6837
6825
6906
6991
6854
6962
7039
6958
6944
7151
7039
7004
7124
7089
6922
7107
6976
6658
6837
7053
6946
6829
6884
7044
7021
7194
7064
7264
7113
7261
7137
7280
7241
7219
7462
7258
7280
7377
7280
7191
7402
7213
7402
7482
7350
7448
7225
7358
7352
7223
7225
7279
7391
7504
7442
7554
7415
7252
7558
7349
7571
7285
7391
7412
7432
7473
7452
7505
7518
7699
7433
7411
7586
7614
7620
7428
7369
7488
7724
7647
7691
7666
7492
7567
7817
7688
7754
7729
7567
7735
7580
7517
7641
7545
7742
7801
7704
7714
7682
7817
7658
7907
7853
7784
7876
7930
7757
7861
8012
7988
7867
8133
8137
8090
8202
7903
8086
7956
8093
7948
7888
8146
8049
8098
8186
8093
8115
7987
8205
8032
8317
8194
8244
8200
8221
8092
8175
8231
8342
8213
8237
8217
8423
8314
8259
8174
8502
8460
8385
8376
8295
8248
8154
8492
8204
8486
8476
8541
8556
8481
8661
8578
8638
8483
8502
8488
8668
8645
8398
8574
8514
8815
8688
8409
8604
8628
8601
8670
8579
8722
8699
8711
8603
8704
8650
8858
8666
8849
8840
8763
8684
8777
8796
8910
8937
8644
8943
9115
8940
8983
8787
8763
8919
8867
9010
8996
8942
9168
8928
9199
9001
9036
8948
9031
9117
9009
9244
9061
9032
9098
9003
9130
9410
9065
9175
9299
9220
9197
9179
9275
9270
9328
9515
9294
9345
9459
9213
9444
9152
9387
9626
9199
9336
9398
9663
9822
9611
9741
9514
9341
9786
9695
9541
9564
9720
9570
9927
9808
9494
9788
9784
9639
9638
9724
9557
9823
9903
9950
9850
9931
9831
9690
9772
9986
10031
9660
9828
9728
9724
9734
9611
9972
9795
9731
9762
9893
10072
9805
9944
9916
10140
10224
10115
10151
10063
10098
10333
10034
10032
10201
10185
10353
10287
10395
10218
10339
10368
10180
10296
10339
10432
10345
10216
10312
10555
10202
10223
10735
10529
10467
10365
10385
10581
10548
10526
10619
10660
10662
10472
10652
10538
10762
10745
10615
10477
10628
10598
10815
10699
10563
10614
10628
10541
10589
10607
10681
10593
10692
10618
10819
10857
10675
10872
10960
11118
11082
10996
11108
11049
10985
11092
10943
11146
11197
10954
11052
11003
11067
10866
11045
10909
10790
10829
10974
10948
11163
11028
11076
11256
11140
11202
11148
11171
11232
11445
11215
11520
11404
11242
11384
11272
11287
11222
11454
11455
11156
11346
11322
11394
11488
11250
11485
11450
11530
11299
11531
11574
11373
11608
11612
11718
11725
11671
11576
11648
11940
11430
11648
11785
11581
11740
11540
11569
11718
11426
11656
11689
11607
11566
11594
11547
12037
12064
11932
12078
11911
11987
12184
11974
12057
12128
12149
12028
12109
12307
12064
12281
11999
11970
12364
12149
12179
12213
11991
12023
12186
12212
12155
12072
11975
12061
11986
11973
11988
12007
11850
11915
11892
12123
12256
12091
12364
12487
12344
12438
12516
12496
12682
12397
12507
12619
12237
12283
12155
11732
11814
11600
11272
10950
10875
10451
10458
10156
10179
9958
10261
10625
10660
11335
11656
12137
12198
12504
13032
13237
13493
13033
13080
13317
13313
13122
13531
13188
13353
13277
12942
12968
12936
12970
12890
13162
13482
13128
13387
13168
12948
13091
13074
12987
13215
13237
13159
13011
13144
13472
13279
13183
13541
13221
13428
13609
13379
13802
13533
13509
13682
13693
13571
13685
13638
13611
13665
13592
13426
13575
13145
13530
13723
13515
13505
13772
13574
13719
13549
13858
13798
13418
13900
13648
14077
13773
13784
13721
13685
13826
13840
14016
13735
13740
13732
13844
13958
13857
13852
13830
13762
14075
14115
13915
13975
14170
14070
14118
14058
14397
14194
14127
14022
14094
14225
14152
14217
14132
14288
14072
14104
14222
14163
14592
14675
14316
14421
14621
14263
14530
14322
14434
14616
14938
14606
14782
14634
14453
14553
14727
14628
14681
14833
14842
14853
14988
14951
15020
14878
14960
15183
15333
14998
15130
14709
14696
14426
14626
14426
14474
14145
14197
14246
14126
14033
13989
14525
14548
14891
15081
15051
15298
14832
15200
15178
15352
15253
15023
15256
15400
15197
15309
15460
15388
15508
15429
15455
15433
15347
15518
15312
15444
15315
15214
15428
15525
15390
15588
15416
15350
15285
15693
15616
15528
15607
15814
15868
15436
15560
15888
15525
15337
15768
16091
15839
15768
15784
15638
15854
15907
16057
15868
15737
15826
15906
15997
15666
16148
16106
16294
15833
16259
16102
16044
16558
16120
16316
16193
16073
15973
16133
16422
16343
16120
16188
16442
15986
16217
16158
16210
16411
16329
16565
16361
16693
16378
16610
16584
16690
16501
16290
16396
16542
16613
16565
16477
16609
16774
16432
16565
16872
16921
16713
16684
16724
16965
16907
16838
17114
16548
16964
16877
17005
16697
16715
16571
17099
17229
17078
17229
17105
17092
16950
16852
17204
17258
16985
17029
17264
17184
17275
17341
16955
17672
17349
17246
17410
17373
17402
17569
17427
17165
17717
17293
17527
17675
17635
17373
17482
17400
17246
17564
17635
17684
17763
17583
17700
17809
17828
17702
17776
17694
17716
17304
17653
17768
17608
17900
17839
17792
17826
17850
17723
17621
17523
17866
18059
17750
18149
17942
18124
17912
18021
18359
17898
17994
18056
17647
17618
17968
17654
17793
17694
17739
17999
17874
17677
17967
18151
18492
18476
18280
18058
18471
18618
18569
18512
18378
18457
18406
18409
18367
18656
18633
18615
18630
18887
18476
18616
18520
18564
18811
18924
18767
18681
18666
18570
18694
18548
18952
18776
18675
18596
18630
18664
18715
19054
19016
18708
18597
19023
18985
19154
19107
18822
19020
19103
18887
19022
18608
18849
19010
19073
19284
19391
19047
19076
19166
19459
19197
19269
18930
19519
19075
19326
19283
19120
19236
19077
19295
19284
19365
19063
19335
19321
19452
19460
19196
19231
19413
19488
19469
19437
19510
19712
19362
19445
19338
19558
19455
19442
19520
19577
19450
19551
19712
19391
19492
19213
19756
19841
20042
19496
19528
19554
19781
19667
19599
19564
19723
19788
19502
19652
20022
19914
19787
19728
19931
20270
19960
19968
19757
20004
20001
19873
19941
19976
20110
19790
20033
19998
20111
20037
19886
19933
20028
20083
19690
20093
20166
20132
20304
20328
19949
20079
19879
20324
20218
20260
20317
20219
20037
20492
20612
20475
20452
20013
20368
20458
20384
20206
20164
20126
20383
20463
20419
20427
20228
20468
20792
20340
20423
20641
20779
20589
20637
20603
20408
20430
20653
20262
20633
20351
20612
20460
20673
20808
20938
20844
20724
20736
20548
20809
20962
20802
20986
20888
20938
21012
20612
20582
20379
20647
20266
20676
20536
20189
20684
20368
20283
20395
20136
20694
20950
21001
21220
21017
21045
21167
21348
21380
21147
21064
21101
21238
21462
20811
21350
21046
21288
21088
21221
21198
21050
21340
21672
21028
21373
21191
21323
21282
21400
21076
21336
21150
21515
21020
21496
21199
21163
21288
21421
21844
21389
21460
21612
21634
21956
21236
21452
21328
21431
21241
21406
21371
21672
21656
21404
21380
21786
21537
21612
21445
21777
21460
21473
21460
21676
21333
21890
21690
21700
21897
21883
21979
21797
21858
21740
22090
22119
22188
21645
21873
21796
21668
21674
22012
21750
22023
21944
21930
21952
21928
21882
21955
22081
22129
21828
22161
21662
22073
21988
21752
21834
22129
22102
22084
21963
22254
22146
22110
21918
22124
22216
22473
21946
21864
22016
22276
22133
21913
22333
22092
22098
22185
22138
22473
22285
22218
22206
22325
22381
22305
22333
22505
22485
22376
22340
22369
22315
22062
22238
22249
22140
22285
22416
22605
22297
22419
22338
22731
22454
22597
22724
22373
22300
22536
22917
22421
22479
22612
22686
22594
22855
22627
22516
22763
22533
22596
22680
22628
22356
22368
22692
22509
22491
22388
22651
22692
22727
22774
22219
22746
22573
22814
22720
22494
22713
22592
22576
22749
22980
23003
23082
22500
22619
22537
22788
22667
23093
22907
22679
22786
22989
22720
22582
22509
22974
22805
22814
22862
22790
22784
22666
23055
22746
22602
22923
22715
22918
22770
22644
22762
22701
22930
22880
22932
22685
22933
22891
22800
22877
22776
22572
22649
22906
22756
23006
23007
23096
22358
22837
22853
22966
22872
22472
23002
23232
22884
22890
22630
22968
22969
23029
22892
22882
23106
23035
23017
22946
23153
23290
23070
22941
23404
23013
22986
23145
22906
23090
23389
23023
23290
23238
23213
23101
23213
23414
22817
23190
23001
23128
23130
22948
23058
23178
23275
22925
23060
23078
22874
22877
23037
23112
23282
22692
22762
23096
22800
22767
22747
22857
22903
22885
22914
22598
22793
23087
22881
22889
23129
22637
23020
23213
22792
22980
23139
23255
23224
23041
23341
22918
22789
22520
22994
22970
22505
22598
22701
22735
22360
22725
22438
22531
23036
22413
22981
22784
22650
22514
22258
22979
22784
22627
23124
23153
23289
22867
22922
23136
22920
23358
23049
23040
23233
23055
23157
23020
23104
23140
23049
23326
23068
23117
22976
22920
23146
23001
23061
23194
22948
22884
22951
23104
23361
23313
22737
23232
23334
23270
23248
23254
23345
23349
23258
22949
23153
23531
23133
23080
22853
22808
22565
22843
22740
22816
22776
22826
22568
22820
22905
22365
22717
22761
22870
23040
22934
22945
22989
22697
22744
22704
22599
22365
22696
22578
22931
22812
22728
22784
22736
23077
22471
23033
22823
22997
22788
23204
22797
22686
22479
22523
22854
22600
23003
22376
22788
22556
22614
22461
22736
22810
22912
22648
22536
22644
22656
22255
22582
22434
22690
22797
22680
22958
22500
22326
22663
22329
22656
22524
22504
22879
22247
22349
22275
22252
22605
22592
22314
22359
22294
22196
22382
22455
22700
22306
22154
22484
22532
22218
21982
22236
22196
22088
22263
22447
22321
22404
22449
22463
22102
22116
22308
22274
22175
22266
22391
21835
22031
22132
22112
22277
22226
22130
22122
21953
22237
21684
21810
21924
21856
22167
21616
21900
22232
21841
22298
21977
22251
21654
21684
21904
21720
21779
21941
22106
21736
21880
21483
21821
21814
21665
22028
21850
21794
21649
21569
21860
21908
21669
21679
21958
21764
21597
21273
21524
21434
21456
21582
21829
21569
21129
21666
21481
21522
21451
21218
21573
21290
21281
21487
21536
21607
21237
21117
21490
21258
21314
21141
21032
21332
21394
21240
21105
21354
21065
21382
21074
20846
21081
21170
21082
21268
21085
21160
21030
21206
21057
21018
20917
20620
20879
20619
20722
20853
20558
20491
20289
20628
20382
20236
20308
20521
20640
20210
20484
20583
20347
20490
20730
20841
20383
20668
20604
20230
20394
20619
20736
20620
20604
20453
20571
20822
20450
20330
20379
20231
20368
20152
20438
20102
20165
20051
20162
20040
19930
20072
20170
20302
20106
20333
20015
20155
19947
20186
19860
19955
20226
19960
19581
20099
20073
19689
19747
19676
19750
19714
20093
19840
19681
19868
19606
19753
19578
19556
19894
19497
19433
19331
19303
19547
19648
19597
19629
19557
19503
19632
19484
19526
19278
19380
19409
19314
19542
19469
19437
19278
19108
19391
19253
19358
19319
19190
18845
18964
18808
19181
18804
18692
18424
18756
18574
18745
18706
18504
18449
18605
18501
18677
18593
18572
18251
18228
18539
18366
18617
18451
18187
18575
18470
18447
18600
18572
18656
18330
18455
18662
18309
18507
18458
18564
18465
17992
18300
18442
18299
18164
18248
18208
18396
18265
17997
17789
17396
17356
17374
17308
17449
17557
17277
17563
17712
17706
17432
17737
17590
17920
17581
17817
17551
17755
17979
17669
17466
17650
17866
17730
17630
17519
17691
17364
17459
17191
17235
17460
17397
17442
17372
17266
17258
17151
17273
17061
17253
17106
17045
17537
17306
16998
17228
17261
16745
16973
16988
17167
17024
17197
17108
16925
16716
16715
16770
16640
16180
15971
15805
15842
16222
16046
16194
16247
16061
16120
16170
16308
16534
16476
16576
16611
16156
16432
16330
16287
16061
16422
16189
16522
16188
15970
16121
16098
16092
15978
16155
15680
15986
15768
15797
15891
15476
15721
15790
15468
15278
15690
15592
15552
15593
15711
15508
15731
15630
15608
15392
15554
15416
15500
15620
15303
15481
15381
15286
15400
15122
15377
15150
14946
14858
15293
15034
15086
15218
14970
15039
15026
15419
15065
14842
14715
15186
14914
14941
14813
14630
14642
14640
14818
14540
14824
14848
14623
14791
14409
14494
14761
14449
14347
14636
14187
14646
14543
14422
14175
14226
14230
14428
14384
14318
14317
13861
13998
14207
14170
14248
13952
14041
13903
14037
14065
13778
14283
14155
13949
14045
13710
13957
13481
13381
13344
13361
13297
13391
13506
13320
13409
13536
13275
13479
13318
13351
13202
13305
13480
13332
13357
13568
13466
13152
13290
13160
13331
13381
13032
13282
13284
13132
13026
12882
12861
13098
12818
12920
12994
12724
13224
13000
12752
12815
12970
12852
12750
12610
12778
12815
12451
12592
12731
12645
12553
12462
12643
12780
12595
12586
12550
12502
12662
12409
12382
12458
12450
12562
12234
12362
12279
12453
12357
12220
12377
12181
12037
12070
12140
12177
12068
12183
12278
11793
12130
12075
12124
12050
11900
12008
12110
12101
11901
11962
12085
11914
11935
12075
11968
11814
11998
11759
11716
11801
12026
11940
12045
11564
11574
11867
11722
11679
11396
11548
11677
11658
11594
11535
11377
11589
11419
11507
11460
11676
11565
11419
11275
11493
11396
11361
11700
11483
11386
11482
11373
11187
11020
11145
11541
11102
11187
11398
11093
11287
11112
11035
11213
11134
11293
11216
11074
11088
10893
11017
10900
11032
11083
10877
10873
11080
11075
11167
11076
11195
10979
11119
11025
10810
10749
10982
10888
10765
10894
11077
10812
10777
10914
10889
10833
10523
10669
10763
10730
10720
10900
10755
10599
10856
10571
10796
10602
10676
10571
10632
10605
10524
10488
10656
10561
10459
10727
10695
10709
10722
10544
10531
10477
10432
10622
10733
10483
10595
10318
10578
10427
10282
10452
10598
10598
10344
10358
10320
10368
10669
10476
10381
10508
10487
10504
10190
10477
10369
10473
10448
10447
10452
10584
10362
10326
10419
10377
10446
10460
10308
10413
10382
10661
10369
10440
10624
10476
10309
10406
10505
10703
10502
10388
10478
10362
10346
10395
10511
10555
10468
10498
10387
10568
10550
10529
10387
10474
10599
10503
10402
10271
10501
10619
10483
10590
10395
10584
10516
10463
10535
10542
10678
10557
10443
10666
10573
10597
10571
10436
10737
10472
10478
10587
10390
10529
10674
10432
10637
10774
10875
10542
10545
10625
10505
10462
10709
10646
10713
10779
10437
10636
10429
10648
10779
10839
10674
10742
10654
10685
10673
10532
10717
10696
10425
10671
10794
10653
10775
10676
10846
10851
10773
10804
10853
11055
10928
11103
10990
11058
10912
11125
11152
10935
10877
11108
11068
11100
11035
11042
11293
10949
11185
11107
11086
11190
11157
11186
11257
11142
11140
11124
11129
11156
11415
11322
11332
11178
11271
11321
11419
11494
11413
11430
11426
11483
11305
11296
11324
11330
11336
11617
11303
11582
11503
11392
11447
11553
11452
11424
11585
11717
11646
11523
11512
11549
11444
11681
11604
11332
11599
11521
11535
11670
11514
11770
11837
11877
11876
11832
11629
11834
11791
11833
11589
11987
11798
11905
11863
11816
11981
11930
12019
11757
11868
12096
11939
11954
11986
12185
12121
12073
12100
12091
12199
12142
12016
12390
12059
12046
12045
12249
12284
12079
12333
12204
12198
12155
12322
12318
12116
12034
12090
12088
12049
11935
12316
12220
12334
12429
12273
12446
12500
12494
12676
12511
12298
12609
12495
12298
12601
12644
12587
12663
12440
12378
12617
12911
12600
12651
12692
12676
12480
12551
12382
12586
12626
12452
12535
12698
12675
12696
12346
12786
12581
12766
12725
12521
12612
12755
12488
12447
12908
12704
12864
12875
12648
12773
12660
12526
12538
12908
12640
12894
12814
12586
12774
12532
12532
12394
12559
12228
12538
12327
12660
12573
12868
13045
12923
12796
12826
12940
12951
13060
12864
13051
13137
13214
12898
12800
12884
12702
12892
12888
12825
12624
12919
12786
13061
12937
12803
12747
12788
12866
12764
12867
13086
12921
13046
13008
13109
13050
12820
12767
12996
12643
13036
12983
12785
12913
12832
12960
13078
12950
12805
12908
13026
12941
12863
12928
13066
12900
12776
12861
12862
12854
12890
13059
13032
12676
12581
12933
13021
12915
12689
12986
12980
12886
13146
12852
12778
12967
12733
13001
12882
12898
12848
12705
12959
12672
12818
12786
12923
12761
12820
12695
12642
12795
12845
12685
12930
12865
12796
12746
12800
12584
12721
12596
12646
12544
12555
12675
12714
12736
12495
12669
12666
12820
12510
12596
12650
12604
12469
12649
12562
12520
12440
12483
12460
12461
12644
12493
12506
12408
12508
12166
12464
12448
12337
12394
12028
12317
12428
12184
12412
12257
12202
12225
12249
12045
12314
12286
12313
12255
12265
12389
12363
12257
12167
12150
12103
12159
12180
12363
12176
11969
12050
12354
12047
11968
11976
12189
12056
12032
12233
11949
11803
11991
11985
11880
11940
11852
11861
12132
11772
12027
11700
11924
11750
11689
11640
11609
11763
11792
11815
11802
11559
11749
11593
11710
11574
11558
11642
11471
11661
11478
11396
11277
11652
11196
11373
11607
11413
11443
11199
11277
11297
11244
11407
11153
11172
11311
11428
11351
11197
11142
11241
11231
11044
11231
10868
11103
10971
10988
10977
10882
10865
10915
10965
10895
10949
11023
10791
10644
10734
10816
10607
10438
10471
10484
10718
10651
10414
10506
10573
10527
10315
10650
10274
10441
10576
10451
10465
10514
10048
9938
9575
9529
9661
9678
9800
9849
10090
9919
9856
9881
9929
9898
9994
10140
9760
9639
9996
9702
9715
9717
9853
9560
9569
9514
9541
9337
9472
9545
9572
9413
9414
9310
9352
9438
9333
9120
9276
9317
9286
9048
9030
9236
8958
9060
8854
8783
8870
8929
8882
8841
8708
8856
8543
8772
8636
8483
8571
8602
8486
8631
8299
8315
8442
8470
8344
8332
8306
8013
8303
8085
8091
8445
8079
8060
8165
7955
8142
7917
8003
7738
7920
7764
7742
7891
7698
7683
7743
7635
7550
7783
7562
7626
7476
7294
7357
7426
7405
7588
7446
7188
7403
7223
7317
7087
7056
7009
6851
6882
6937
7108
6780
6830
6943
6800
6852
6757
6723
6813
6642
6553
6691
6490
6251
6556
6391
6445
6427
6501
6315
6152
6312
6363
6351
5975
6018
6114
6127
5934
6077
5830
6029
5883
5928
5817
5927
5796
5783
5857
5741
5776
5717
5579
5641
5770
5468
5466
5293
5238
5319
5213
5248
5283
5291
5132
5307
5189
5035
4981
4681
4876
4862
4880
4833
4880
4976
4923
4833
4687
4808
4873
4640
4621
4719
4626
4526
4652
4598
4698
4544
4574
4538
4515
4403
4491
4394
4314
4237
4284
4285
4269
4099
4275
4232
4347
4200
4170
4178
4068
4121
4043
4103
4047
4185
4101
3916
3915
4094
3843
3856
3872
3883
3838
3833
3863
3816
3849
3750
3796
3613
3804
3662
3710
3589
3663
3631
3643
3612
3552
3596
3542
3450
3451
3498
3383
3553
3425
3472
3344
3378
3402
3299
3268
3315
3321
3402
3485
3262
3180
3209
3324
