3601
3369
3375
3636
3548
3571
3404
3614
3542
3515
3561
3565
3623
3513
3615
3564
3645
3625
3587
3715
3453
3637
3598
3502
3635
3478
3546
3633
3606
3780
3754
3701
3611
3607
3727
3691
3648
3725
3584
3761
3720
3684
3603
3590
3716
3775
3623
3698
3779
3755
3815
3590
3686
3732
3499
3748
3767
3627
3589
3789
3759
3796
3784
3716
3653
3696
3712
3779
3560
3789
3743
3815
3694
3726
3647
3687
3736
3788
3738
3827
3865
3831
3985
3846
3627
3986
3940
3839
3831
4087
3758
3908
3833
3849
3875
3768
3882
3767
3906
3775
3969
3972
3942
3736
4002
3969
3912
3975
3946
3845
3946
4006
4023
3938
3940
3963
3952
4067
4018
4148
4043
3966
3923
3910
4093
4029
4053
4097
3898
4066
4045
4033
3985
4078
4058
4103
4023
3993
4080
4044
3880
4057
4025
4100
4023
4001
4226
4094
4256
4093
4173
4112
4157
4155
4101
4024
4156
4246
4153
4331
4187
3984
4072
4303
4182
4161
4323
4253
4145
4057
4137
4208
4099
4168
4156
4196
4224
4271
4280
4225
4248
4193
4144
4224
4263
4324
4312
4271
4320
4266
4434
4320
4337
4168
4269
4244
4309
4326
4288
4357
4217
4338
4303
4324
4448
4420
4386
4395
4415
4424
4277
4392
4505
4424
4428
4477
4331
4424
4424
4359
4512
4471
4400
4458
4409
4532
4545
4364
4518
4470
4438
4476
4456
4416
4347
4510
4636
4565
4530
4714
4463
4553
4512
4708
4696
4758
4661
4433
4659
4521
4709
4589
4666
4582
4651
4702
4657
4611
4610
4748
4737
4605
4585
4528
4854
4686
4748
4670
4684
4800
4684
4691
4870
4734
4776
4731
4698
4757
4811
4742
4810
4784
4891
4877
4914
4701
4759
4858
4847
4737
4828
4750
4749
4856
4853
4769
4870
4921
4800
4930
4795
4831
5000
5019
4825
4957
4926
4976
5040
4971
4990
5060
5064
5065
4992
5023
4979
5038
4972
5071
5137
4984
5023
5044
4969
5051
5124
4965
5198
4978
5173
5186
5115
4883
5062
5081
5224
5062
5193
5064
5130
5092
5088
5061
4957
5209
5131
5077
4937
5058
5080
5217
5129
5211
5044
5192
5171
5209
5270
5229
5288
5359
5212
5198
5358
5298
5295
5343
5256
5356
5257
5244
5302
5359
5322
5302
5451
5334
5350
5227
5583
5465
5283
5383
5441
5448
5497
5483
5325
5501
5454
5428
5467
5569
5314
5392
5530
5437
5358
5472
5711
5423
5540
5536
5697
5523
5524
5522
5580
5431
5619
5564
5664
5641
5770
5619
5504
5504
5621
5728
5690
5708
5591
5647
5806
5773
5704
5712
5722
5498
5587
5862
5760
5908
5729
5808
5948
5729
5963
5764
5708
5895
5750
5752
5836
6000
5793
5736
5880
6097
5770
5971
5876
5778
5882
5970
5921
5973
5967
5856
5932
5976
5983
5833
5964
6160
5999
6004
5963
5941
6027
6049
5837
6067
6041
6178
6068
6148
6090
6078
5844
6081
6224
6145
6056
6240
6135
6251
6132
6357
6302
6216
6173
6201
6267
6108
6230
6253
6221
6045
6186
6314
6236
6356
6203
6390
6358
6202
6338
6311
6273
6386
6423
6381
6477
6121
6445
6365
6417
6426
6311
6298
6307
6484
6407
6679
6550
6608
6456
6522
6586
6464
6533
6519
6576
6534
6379
6591
6528
6505
6743
6608
6512
6540
6582
6694
6619
6804
6565
6724
6608
6758
6746
6678
6724
6634
6736
6828
6725
6727
6946
6831
6967
6780
7021
6901
6840
6763
6784
6891
6986
6833
7035
6935
6818
6845
6744
7106
6977
6914
6932
7158
6829
6947
6865
6982
6935
6970
7100
7167
7000
7040
6992
7047
7050
7084
6985
7012
7009
6996
7021
7144
7044
7176
7343
7126
7151
6980
7197
7105
6990
7095
7292
7322
7325
7194
7342
7485
7234
7276
7216
7212
7387
7238
7141
7125
7120
7224
6944
7236
7268
7127
7009
7324
7237
7299
7297
7325
7629
7624
7458
7566
7506
7547
7590
7444
7595
7604
7669
7658
7887
7649
7782
7546
7563
7697
7554
7550
7510
7684
7594
7606
7599
7750
7734
7680
7715
7706
7692
7705
7724
7818
7712
7716
7842
7835
7665
7717
7685
7781
7682
7791
7800
7762
7859
7874
8012
7882
7632
7921
7821
7974
8061
7910
8016
7862
7854
8086
7985
7984
7844
8059
7981
7889
7931
8104
7845
7968
8058
8055
8244
8141
8141
8192
8166
8108
8192
8291
8307
8156
8237
8183
8399
8468
8186
8413
8459
8315
8366
8227
8348
8177
8399
8305
8408
8427
8472
8560
8426
8519
8462
8526
8395
8612
8728
8377
8595
8536
8479
8612
8484
8699
8605
8497
8454
8380
8565
8562
8841
8665
8713
8615
8562
8893
8796
8802
8765
8868
8680
8901
9024
8763
8858
9004
8970
8767
8901
8812
9011
8821
8853
9021
9058
9032
8827
8961
9070
8832
9172
8913
9040
9162
8936
9085
8963
8829
8961
9137
9056
9035
9276
9102
9132
9339
9034
9309
9159
9293
9098
9198
9148
9045
9344
9117
9362
9431
9398
9369
9333
9207
9583
9538
9535
9543
9741
9440
9385
9550
9552
9547
9444
9396
9549
9418
9627
9604
9466
9296
9555
9730
9502
9681
9937
9558
9692
9804
9866
9521
9728
9792
9703
9814
9838
9866
10045
9922
9897
9918
9780
9774
9950
9926
9992
9949
9801
10045
10098
10205
9991
10081
10158
9964
10033
10075
10090
10272
9876
10238
10221
10132
10232
10224
10214
10082
10281
10351
10165
10153
9971
10151
10026
10215
10193
10232
10170
10221
10518
10216
10520
10368
10331
10539
10508
10507
10504
10625
10496
10648
10600
10609
10820
10524
10560
10674
10654
10534
10427
10507
10740
10667
10797
10866
10606
10685
10854
10820
10995
10714
10950
10814
10991
10963
10938
11068
10886
10872
10878
11010
10851
10767
11045
11092
10968
11124
11237
10871
11142
10936
11170
11031
11065
11233
11190
11032
11382
11161
10986
11028
11128
11432
11340
11345
11142
11306
11286
11262
11313
11177
11276
11485
11394
11335
11463
11549
11528
11343
11490
11270
11492
11421
11275
11492
11428
11381
11448
11554
11458
11393
11471
11777
11509
11497
11735
11886
11751
11660
11709
11849
11714
11492
11595
11798
11692
11851
11623
11683
11652
11724
11738
11886
12000
12015
11791
11726
11732
11915
12228
11917
11998
11849
12007
12156
12005
12098
12011
12190
12168
12221
12068
11872
12020
11938
12012
12094
12058
12219
12036
12090
11990
12213
12022
12346
12367
12164
12596
12333
12391
12459
12551
12662
12319
12548
12617
12498
12665
12554
12684
12647
12582
12644
12608
12701
12718
12898
12474
12673
12492
12439
12266
12414
12492
12209
12503
12493
12386
12432
12410
12252
12271
12445
12661
12900
12982
12917
12879
12898
13188
13072
12951
12854
12992
12982
12970
12634
12544
11962
12039
11908
11649
11420
11034
10547
10592
10342
10394
10594
11010
11102
11710
12170
12795
12974
12909
13448
13776
13702
13642
13716
14056
13779
13917
13777
13510
13510
13707
13456
13572
13716
13440
13744
13510
14078
13583
13620
13620
13816
13786
13546
13686
13669
13553
13647
13457
13782
13654
13805
13771
13897
14058
14036
13896
13986
13922
14439
14000
14084
13990
13940
13947
14009
14031
14159
14192
13866
14155
14137
14188
14228
14030
14001
14090
14484
14042
14155
14177
14217
14054
14287
14218
14012
14456
14400
14232
14227
14223
14337
14314
14530
14278
14424
14301
14592
14374
14265
14438
14266
14286
14420
14570
14552
14709
14412
14532
14283
14581
14464
14500
14622
14837
14903
14786
14634
14786
14710
14906
14640
14826
15082
14838
14716
14884
14940
14882
14961
14908
14880
15022
15140
15035
15296
15098
15297
15041
15137
15151
15490
15508
15247
15248
15440
15530
15183
15627
15664
15587
15378
15605
15899
15589
15068
15051
15191
14969
14831
15112
14924
14756
14541
14534
14772
14768
14932
15222
15399
15789
15869
15703
15458
15837
15638
15988
15794
15731
15986
15804
16035
15865
15877
15732
15635
15960
15868
16170
16042
16335
15832
16089
16006
16015
16003
16133
16197
16199
15944
16271
16072
16467
16249
16458
16264
16194
16162
15936
16362
16128
16319
16318
16274
16546
16390
16640
16452
16375
16406
16538
16701
16459
16517
16649
16668
16394
16680
16546
16553
16506
16605
16394
16830
16545
16810
16804
16929
16705
16438
16886
17207
16685
16660
17092
16634
16765
16804
16903
16919
16906
16896
16818
17147
17214
17124
16919
16872
16914
16991
17225
17081
17491
17188
17090
17346
17224
17328
17362
17304
17477
17051
17584
17362
17688
17253
17361
17435
17325
17391
17586
17615
17681
17724
17641
17241
17529
17561
17882
17652
17611
17453
18037
17646
17860
17764
17778
17872
17768
17856
18124
18060
17976
17750
17999
18018
17668
18049
18322
18137
17686
18135
17893
18008
17984
18052
18243
18052
17953
18019
18117
18217
18399
18222
18066
18240
18513
17903
18537
18212
18275
18457
18012
18420
18132
18507
18428
18198
18460
18504
18619
18288
18397
18421
18262
18346
18415
18366
18484
18619
18677
18543
18500
18628
18695
18826
18388
18395
18541
18671
18521
18438
18438
18503
18550
18659
18608
18729
18532
18780
18900
18660
18949
19060
19195
19363
19053
19208
19364
18946
18980
19122
19081
19418
19170
19302
19188
19053
19050
19270
19588
19316
19383
19528
19605
19526
19524
19476
19546
19116
19595
19242
19470
19559
19454
19504
19886
19492
19293
19677
19558
19496
19612
19740
19819
19492
19706
19816
19704
19876
19881
19769
19754
19910
19769
19646
20088
19878
19929
19844
20020
19619
20072
19757
20057
20020
19883
19970
19899
20122
20151
19942
20210
19908
19935
20015
19849
20160
20032
20086
19955
20332
20123
20393
20173
20151
20380
20166
20045
19883
20125
20340
20050
20138
20425
20238
20679
20218
20202
20394
20130
20346
20458
20351
20301
20608
20530
20485
20551
20240
20481
20778
20766
20660
20664
20662
20281
20449
20753
20956
20835
20580
20662
20692
20651
20571
20724
20500
20477
20534
20710
20837
21064
20530
20537
20800
21016
20600
20572
20885
20634
20875
20728
20650
20488
20982
21038
20762
21068
21127
21048
21306
21448
21241
20876
21312
21010
21147
21197
20983
20996
20978
20802
20673
20893
21251
21070
21350
21373
21562
20984
21216
21181
21549
21226
21385
21243
21436
21349
21460
21072
21524
21697
21456
21576
21659
21382
21343
21292
21724
21476
21512
21298
21690
21640
21301
21730
21752
21559
21666
21764
21487
21446
21385
21015
21188
21120
20994
21373
21101
21192
21010
21361
21290
21574
21818
22000
22003
22064
22150
22105
21918
22283
22095
21997
22138
21973
22094
21760
22188
22196
21968
21783
22204
21969
22179
21624
22112
21821
21765
21738
21998
21936
22047
22145
22326
21967
21943
21999
21870
22004
22081
22324
22176
22159
22020
22205
22080
22242
22472
22058
22252
22510
22233
22787
22308
22461
22326
22198
22415
22493
22709
22315
22615
22360
22428
22558
22466
22235
22794
22339
22810
22794
22375
22500
22532
22536
22769
22372
22371
22426
22635
22665
22348
22714
22650
22487
22689
22598
22538
22840
22590
23282
22704
23064
22704
22812
22490
22875
22722
22845
22854
22906
23128
22706
22854
22694
22840
22977
22810
23022
22816
22934
23177
23077
22648
22962
22776
22846
22740
23116
22992
22634
22939
23115
23262
22802
23147
23071
22964
23145
22937
23181
22951
23024
22958
23007
23122
23282
23089
23300
22858
23350
23104
23298
23261
23212
23168
23373
23104
22720
23254
23422
23321
23178
23568
23258
23400
23385
22979
23152
23200
23421
23228
23499
23526
23518
23632
23431
23524
23464
23447
23382
23097
23586
23238
23040
23323
23370
23585
23860
23632
23472
23381
23312
23616
23496
23649
23812
23517
23675
23672
23640
23810
23565
23845
23423
23423
23257
23354
23523
23318
23602
23680
23323
23781
23553
23574
23840
23597
23644
23268
23710
23769
23634
23803
23837
23724
23680
23598
23565
23800
23374
23533
23766
23476
23640
23642
23604
23862
23784
23387
23890
23704
23705
23795
23862
24128
23931
23816
23898
24149
23919
23652
23640
23680
23991
23769
23550
23854
23936
23818
23898
23736
23568
23832
23892
23648
23810
24113
23669
23762
23972
23898
23786
24202
23944
23880
23747
23840
23954
23812
24112
23737
24376
23725
23813
24242
24472
24422
24196
23988
24040
23970
24141
24260
24020
24047
23755
23720
24146
23944
23965
23844
24102
24046
23620
23460
23610
23878
23754
23790
24024
23658
23740
23797
23922
23560
23812
23844
23688
23776
23714
24108
23656
23684
24134
23885
23716
23960
24050
23760
23762
23860
23473
23823
23475
23673
23745
23498
23228
23179
23444
23315
23272
23234
23207
23265
23599
23621
23500
23756
23733
23351
23576
23972
24144
23757
23744
23995
23998
23888
23850
23961
24122
24336
24328
23784
23786
23965
23842
23937
24328
24034
23720
23992
23763
23917
23968
23894
23951
24069
23877
24204
23915
23752
23946
23982
24141
23739
24024
24096
24187
23772
24005
23813
24050
24026
23989
23956
23926
23941
23670
23733
23354
23622
23502
23862
23738
23830
23732
24187
23389
23346
24023
24018
23980
23874
23405
23831
23776
23797
23602
23836
23652
24084
23545
23728
23669
23934
23514
23896
23849
23882
23748
23683
23712
23506
23265
23507
23444
23509
23508
23371
23377
23540
23613
23714
23618
23763
23283
23304
23388
23372
23487
23261
23537
23375
23355
23196
23177
23391
23682
23296
23589
23314
23431
23560
23248
23658
23553
23221
23069
23245
23046
23204
23334
23208
23072
23579
23157
23226
23238
23012
22924
22978
23348
23517
23005
23346
23207
22909
23111
23098
23282
23355
23277
22995
23236
23195
23017
23402
22740
22942
22684
23140
23040
22996
23251
22919
22927
22829
23016
22934
22708
22849
23079
22710
22876
22857
22824
23078
23100
23068
22832
22628
22679
23005
22692
22852
22756
22912
22509
22749
22656
22283
22650
22829
22508
22808
22144
22555
22477
22548
22708
22678
22964
22651
22618
22574
22469
22524
22838
22479
22642
22420
22322
22505
22313
22016
22343
22666
22356
22507
22114
22254
22319
22078
22504
22436
22281
22152
22494
22075
22490
22252
22282
22148
22308
22052
21957
22129
22139
22203
21802
22084
22230
21937
21920
22100
22075
22114
21877
21925
21962
21797
22118
21983
21797
21710
21888
21869
22004
21568
21547
21160
20954
21128
21171
21436
21297
21246
21218
20957
21544
21432
21411
21733
21604
21168
21434
21332
21080
21194
21532
21300
21418
21429
21368
21322
21270
21281
21288
21341
21349
21090
21332
21390
21030
21140
21362
20973
21131
20895
20900
20966
21188
20906
20869
21023
20764
20740
20397
20874
20862
20866
20804
20758
20752
20719
20489
20993
20729
20488
20441
20568
20556
20586
20497
20600
20500
20436
20491
20125
20560
20743
20310
20582
20088
20234
20316
20331
20151
20472
20306
20478
20149
20328
19925
19945
20194
20026
19911
20141
20028
19690
20136
19960
20074
20077
19955
19612
20015
19374
19702
19909
19530
19503
19782
19332
19156
19361
19211
19292
19628
19531
19445
19409
19538
19414
19428
19001
19242
19232
18972
19306
19154
19152
18782
19224
18872
19118
19274
19058
19652
19226
19218
19128
19300
19221
19276
19368
19292
19031
18939
18667
19209
19024
18916
18844
18964
18974
18752
18506
18248
18083
18130
18098
17976
18349
17880
18320
18220
18120
18450
18585
18507
18468
18557
18532
18524
18395
18372
18075
18294
18536
18531
18121
18409
18195
18053
18163
18267
18155
18116
18217
18081
18130
18002
17764
18154
17856
17664
17730
17940
17656
17910
17946
17736
17680
17668
17927
18012
17802
17632
17560
17773
17303
17283
17316
17565
17391
17268
17305
16701
16528
16573
16708
16659
16763
17012
16760
17041
17274
17082
17224
17037
17265
17313
17012
17029
16814
17046
16820
16778
17110
16771
17301
16886
16668
16708
16706
16879
16709
16750
16711
16355
16744
16651
16225
15989
16364
16054
16229
16397
16230
16172
16268
16228
16259
16295
16229
16253
16186
16115
16020
15978
15942
16216
16108
16158
16033
16020
15863
15752
15762
15692
15976
15810
15749
15654
15517
15509
15912
15670
15775
15611
15670
15355
15830
15450
15420
15660
15358
15410
15385
15507
15606
15111
15078
15435
15106
15326
15337
15492
15289
15334
15055
15114
15302
15095
15095
14960
15108
15010
14703
15006
14823
14997
14918
14770
14676
14916
14824
14774
14721
14797
14631
14794
14610
14656
14667
14402
14571
14818
14483
14292
14116
14133
13944
13947
14019
14250
13960
14096
14230
13939
14252
14000
14106
14368
14191
14126
13977
13755
14190
13972
14168
13842
13904
13986
14122
13912
13848
14039
14104
13607
13601
13722
13881
13671
13743
13522
13546
13840
13829
13853
13702
13650
13421
13440
13416
13409
13500
13366
13475
13536
13632
13684
13230
13406
13511
13505
13417
13417
13405
13288
13172
13148
13260
12997
13224
13217
13304
13279
13340
13202
13027
12961
13163
13047
13036
12823
12950
12928
12846
12973
12929
12634
12653
12813
12947
13088
12876
12957
12891
12865
12545
12552
12747
12508
12514
12651
12632
12632
12650
12610
12460
12559
12686
12677
12692
12800
12436
12366
12141
12416
12593
12287
12229
12285
12544
12518
12473
12282
12610
12228
12404
12408
12346
12271
12202
12177
12356
12381
12207
12168
12377
12314
12053
12176
12297
11981
11958
12183
11968
12018
12175
12099
12246
12166
12052
11923
11785
11842
11974
11856
12233
12040
12024
12162
11931
12020
11972
11854
11990
11987
12189
11886
11627
11878
11645
11819
11982
12065
11848
11917
11673
11773
11928
11854
11530
11746
11769
11714
11855
11913
11816
11666
11575
11625
11676
11581
11471
11568
11636
11619
11438
11436
11826
11896
11723
11590
11467
11793
11750
11701
11684
11985
11621
11763
11638
11558
11549
11515
11720
11645
11662
11624
11613
11646
11663
11565
11604
11463
11505
11582
11721
11486
11634
11649
11654
11468
11743
11396
11362
11618
11671
11576
11972
11661
11532
11780
11697
11640
11702
11729
11604
11722
11608
11766
11716
11572
11572
11520
11657
11797
11569
11741
11829
11754
11780
11711
11720
11621
11826
11666
11776
11778
11784
11868
12079
11750
11694
11768
11621
11752
11520
11926
11791
11897
12027
11936
12034
11598
11896
11940
11852
12052
11759
12083
12022
12364
11939
11869
12158
11924
11951
12001
12069
11979
12085
12172
12238
12050
11904
11990
12123
12211
12185
12043
11982
12023
11929
12090
12137
12003
12171
12028
11974
12441
12284
12258
12504
12296
12359
12129
12000
12390
12452
12173
12203
12332
12250
12267
12139
12314
12354
12416
12587
12500
12444
12637
12521
12638
12778
12999
12941
12828
12812
12808
12866
12740
12877
12941
12984
12996
12800
12800
13082
13166
13257
13043
13293
13298
13013
13068
13028
12800
13021
13136
13224
13176
13258
13294
13289
13232
13623
13202
13272
13690
13315
13284
13436
13600
13557
13392
13514
13269
13466
13596
13467
13650
13717
13472
13647
13738
13749
13733
13528
13764
13410
13643
13811
13920
14038
14072
13586
13504
13802
13673
13572
13946
14269
14041
13830
14150
14124
14013
14171
14059
13931
13830
14028
14263
14055
14298
14456
14352
14330
14464
14213
14372
14404
14297
14264
14330
14325
14556
14522
14244
14540
14728
14694
14650
14718
14690
14747
14624
14717
14661
14934
14986
14650
14758
14849
14951
14669
14641
14362
14708
14572
14540
14934
14878
14958
15029
14808
14940
15009
15116
15297
15063
15000
15130
14931
14954
15170
15314
15429
15025
15088
14829
15229
15188
15444
15224
15182
15115
15272
15228
15284
15101
15217
15185
15320
15242
15270
15554
15298
15586
15332
15436
15022
15124
15385
15630
15532
15497
15574
15334
15522
15506
15320
15477
15547
15263
15412
15445
15989
15770
15816
15364
15352
15273
15426
15408
15146
15407
15018
15112
15468
15347
15489
15749
15910
16124
15908
15853
15812
15676
16153
15799
16022
15910
16083
16065
15802
15826
15862
15880
15786
15784
16022
15861
15735
16028
15919
15744
15866
16097
16034
16134
15709
15937
15750
15807
15696
15967
16148
15892
16024
15814
15898
15917
15795
15890
16158
16195
16060
16148
15586
15886
15904
15881
16010
15973
16009
16012
16035
16069
16039
15829
16202
15773
16142
15905
15885
15817
15736
15881
15765
15904
15848
15816
15902
15887
15780
16074
15695
15825
15822
15776
15790
15668
15978
15651
16013
16235
15630
15909
15751
15812
16027
15751
15686
15930
15685
15842
15513
15675
15905
15770
15739
15692
15624
15693
15554
15520
15618
15439
15705
15455
15700
15526
15504
15494
15560
15420
15602
15414
15634
15632
15496
15497
15622
15724
15766
15407
15623
15502
15254
15424
15032
15237
14918
15111
15088
15209
15049
15115
15405
15354
15357
15392
15258
15506
15181
15099
15261
15099
15357
14954
15089
15533
15087
15179
15125
14977
15172
15181
15100
15083
15067
14957
14613
14836
14557
14864
14745
14831
14681
14747
14991
14550
14859
14841
14655
14609
14559
14843
14679
14482
14620
14584
14621
14582
14634
14362
14502
14398
14692
14553
14350
14404
14253
14377
14575
14239
14368
14275
14116
14258
14287
14089
14020
13968
14137
14249
14141
14138
13903
14011
13697
14014
13844
14210
13878
13933
13688
13665
13769
13846
13948
13634
13899
13853
13851
13740
13499
13798
13709
13396
13440
13420
13477
13351
13401
13326
13454
13344
13366
13022
13088
12993
13170
13006
13219
13194
12972
13045
12881
12941
12754
13101
12954
12802
13083
13108
12912
12983
12539
12298
12185
11978
11787
11900
11899
11965
12180
12407
12501
12545
12270
12164
12414
12052
12440
12172
12146
12042
11991
12157
11776
11886
11904
11767
11909
11563
11562
11669
11733
11460
11569
11584
11522
11706
11438
11574
11292
11395
11393
11197
11321
10960
11211
11165
10941
10943
10970
10994
10836
10855
10862
10858
10786
10747
10637
10630
10695
10413
10614
10468
10490
10217
10384
10437
10505
10159
10485
10356
10044
10170
9804
9987
10134
10006
9719
9792
9894
9646
9934
9839
9697
9693
9441
9818
9406
9567
9561
9379
9597
9397
9315
9267
9306
9324
9304
9166
8973
9108
9020
8888
8688
8558
8557
8679
8678
8712
8527
8501
8497
8475
8409
8368
8426
8277
8315
8362
8090
8078
8071
7998
8067
8058
7955
8137
7833
7888
7962
7873
7719
7621
7554
7545
7700
7530
7592
7449
7461
7329
7483
7208
7265
7296
7155
7198
7145
7107
7126
6837
6993
6923
6648
6750
6708
6535
6495
6589
6421
6485
6412
6444
6336
6296
6452
6506
6322
6351
6197
5943
5751
5761
5584
5511
5603
5802
5728
5915
5787
5795
5737
5729
5638
5371
5439
5567
5370
5395
5380
5496
5506
5293
5312
5139
5155
5222
4980
5114
4997
5141
5142
5016
5110
5068
4860
5003
4853
4750
4807
4730
4763
4973
4660
4868
4815
4558
4478
4483
4571
4588
4685
4456
4477
4406
4282
4383
4456
4249
4247
4340
4310
4187
4202
4217
4215
4103
4057
4239
4225
4015
4122
3930
4129
4045
3982
3908
3810
3901
4022
3769
3934
3709
3720
3776
3769
3829
3585
3727
3709
3678
3611
3597
3696
