3459
3489
3457
3365
3400
3513
3597
3591
3530
3427
3485
3288
3495
3627
3324
3433
3475
3468
3441
3570
3569
3526
3477
3425
3532
3500
3441
3502
3525
3543
3559
3460
3469
3431
3497
3450
3635
3505
3413
3564
3390
3544
3585
3565
3521
3630
3609
3561
3654
3627
3659
3605
3690
3741
3590
3698
3626
3529
3649
3631
3643
3451
3572
3648
3569
3500
3621
3590
3637
3598
3511
3605
3615
3652
3734
3782
3695
3870
3710
3764
3669
3731
3849
3825
3696
3758
3834
3767
3727
3642
3731
3908
3760
3685
3684
3842
3698
3813
3814
3780
3867
3866
3809
3848
3813
3924
3886
3820
3694
3761
3881
3764
3890
3825
4058
3923
3851
3867
3961
3922
3729
3805
3805
3993
3906
3920
3927
3953
3949
3749
3983
3867
4121
3928
3947
3946
3884
3998
3949
3966
4004
4063
3978
3910
3971
3993
3960
3973
4016
4048
3899
4075
3914
4096
3992
3923
4053
3944
4011
3857
4164
4102
4174
4036
4128
4149
4096
4056
4061
4068
4113
4031
4230
4196
4187
4062
4153
4070
4224
4097
4077
4098
4079
4176
4156
4075
4034
4176
4090
4109
4074
4183
4109
4166
4133
4263
4249
4178
4259
4149
4183
4296
4172
4251
4166
4255
4303
4401
4229
4281
4360
4369
4260
4210
4194
4364
4239
4193
4355
4277
4257
4452
4239
4302
4395
4271
4425
4312
4425
4464
4454
4421
4319
4364
4347
4337
4438
4347
4397
4379
4417
4482
4524
4480
4465
4700
4532
4443
4600
4466
4610
4530
4431
4546
4522
4537
4518
4497
4487
4633
4649
4551
4658
4579
4374
4580
4625
4586
4728
4552
4640
4689
4731
4574
4736
4682
4774
4706
4690
4691
4806
4600
4559
4647
4730
4748
4619
4681
4766
4637
4684
4838
4822
4550
4858
4809
4815
4653
4764
4711
4740
4835
4753
4925
4830
4696
4676
4808
4916
4820
4824
5028
5000
4804
4936
4889
4934
5029
4959
4941
4872
4778
5006
5017
4942
4983
4944
5051
5019
4957
4946
4926
5162
5031
5017
4935
4863
5127
4981
5043
5008
5127
5093
5231
4993
4909
5051
5027
5017
4896
4925
4912
5176
5058
5162
5182
4917
5183
5133
5104
5032
5198
5369
5180
5204
5052
5227
5296
5239
5261
5162
5127
5222
5199
5029
5185
5337
5284
5297
5197
5202
5211
5293
5214
5367
5342
5264
5280
5269
5271
5546
5421
5381
5398
5298
5202
5412
5273
5224
5539
5414
5333
5346
5420
5441
5617
5504
5423
5421
5561
5524
5498
5653
5427
5511
5606
5516
5576
5487
5547
5612
5511
5621
5625
5522
5648
5608
5601
5460
5661
5629
5633
5734
5446
5552
5585
5944
5612
5599
5718
5763
5706
5599
5821
5553
5725
5682
5783
5769
5623
5617
5739
5761
6036
5804
5997
5818
5861
5942
5775
5744
5907
5932
5791
5962
6012
5870
5915
5925
5905
5902
5861
6063
5962
5924
5936
6077
5962
5964
5868
5903
6022
5978
6039
6048
6043
5938
6055
6020
6023
6018
5946
6029
6148
6107
6186
6157
6153
6165
6050
6215
6071
6237
6057
5996
6081
5872
6024
6239
6328
6115
6328
6163
6193
6257
6274
6364
6311
6339
6347
6104
6206
6269
6424
6236
6259
6207
6359
6456
6241
6508
6315
6297
6282
6306
6408
6232
6647
6514
6481
6514
6519
6476
6369
6461
6524
6299
6345
6411
6468
6516
6653
6668
6560
6665
6377
6641
6424
6537
6509
6617
6633
6622
6646
6676
6673
6733
6774
6780
6658
6483
6590
6666
6712
6475
6739
6801
6739
6619
6884
6797
6786
6779
6788
6872
6863
6869
6809
6922
6914
6873
6891
6924
6983
6873
6813
6878
6803
6921
7012
7119
6932
6868
7019
7112
7059
6954
6963
7044
7035
6973
6983
6957
7173
7007
7103
7290
7094
6930
7190
7117
7124
7042
7010
6956
6920
6971
7024
6914
7134
6968
6975
6941
6964
7163
7065
7172
7447
7316
7306
7293
7275
7337
7335
7306
7540
7288
7264
7335
7491
7350
7330
7294
7418
7543
7403
7402
7436
7335
7363
7662
7341
7563
7626
7356
7469
7426
7468
7454
7446
7558
7574
7534
7581
7502
7761
7669
7432
7593
7496
7519
7657
7584
7529
7669
7791
7737
7522
7646
7830
7684
7816
7694
7817
7814
7867
7716
7747
7691
7699
7763
7675
7808
7914
7645
7931
7894
7829
7880
8022
7845
7936
7853
7881
7855
7932
7762
8045
8040
8061
8054
8205
8230
8296
8142
8033
8219
8183
8144
8108
8205
8199
8352
8457
8274
8282
8155
8244
8156
8153
8220
8108
8361
8277
8415
8314
8278
8390
8324
8289
8183
8372
8284
8442
8180
8587
8356
8294
8481
8479
8430
8484
8513
8414
8576
8633
8369
8628
8492
8380
8595
8605
8515
8712
8624
8517
8819
8844
8545
8719
8869
8789
8754
8804
8685
8865
8709
8781
8741
8951
8738
8823
8632
8963
8629
8779
8774
8787
8770
8824
8953
9044
8894
8982
9012
9143
9050
8888
8992
8937
8933
8980
8914
9225
9192
9063
9001
9012
9069
9066
9044
9189
9195
9209
9236
9328
9061
9443
9074
9200
8956
9106
9256
9139
9194
9241
9297
9441
9448
9282
9472
9501
9436
9313
9301
9313
9425
9485
9631
9476
9498
9594
9222
9472
9549
9508
9376
9504
9660
9833
9620
9838
9692
9672
9770
9899
9829
9595
9783
9641
9658
9824
9998
9696
9804
9934
9982
9900
9855
10103
9947
9966
10009
10214
9872
9888
9924
9943
10024
9704
9829
9881
9709
10052
10108
9893
10054
9966
10215
9819
10259
10112
10401
10201
10168
10364
10231
10048
10375
10205
10158
10293
10447
10438
10188
10090
10456
10481
10480
10431
10511
10404
10586
10404
10612
10598
10424
10414
10347
10573
10528
10454
10704
10646
10755
10621
10701
10662
10772
10465
10807
10880
10736
10860
10840
10866
10705
10917
10925
10741
10776
10740
10784
10715
10699
10813
10575
10874
10676
10930
10854
10958
11101
11078
11243
10989
11080
10885
10825
10994
10948
11140
11210
11165
11115
11367
11237
11156
11204
11218
11032
11123
11231
11068
11433
11224
11190
11218
11229
11378
11494
11291
11304
11467
11261
11413
11516
11588
11610
11592
11549
11586
11313
11503
11497
11321
11546
11492
11446
11545
11645
11659
11494
11509
11442
11682
11474
11824
11405
11556
11873
11816
11645
11792
11628
11716
11948
11962
11733
11766
11778
11790
11736
11504
11820
11689
11321
11520
11939
11828
11850
11930
11820
12154
12392
11978
12082
12199
12231
12012
12086
12090
12481
12217
12067
12310
12307
12293
12295
12216
12486
12296
12262
12180
12251
12008
11944
12176
12115
12150
12061
11983
11974
11955
12202
12140
12085
12058
12351
12066
12330
12573
12591
12534
12864
12858
12691
12775
12318
12699
12695
12570
12642
12298
12350
11722
11695
11438
11240
10909
10600
10476
10166
10277
10331
10484
10662
11006
11295
11780
12158
12460
13066
13238
13446
13504
13151
13370
13466
13248
13465
13271
13271
13276
13115
13168
13114
13176
13241
13254
13347
13321
13309
13348
13220
13188
13253
13195
13214
13364
13608
13312
13212
13106
13330
13353
13442
13419
13553
13576
13720
13705
13732
13708
13746
13632
13701
13850
13469
13402
13771
13780
13501
13840
13672
13769
13486
13611
13765
13909
13624
13841
13547
13842
13764
13903
13835
13608
14088
13688
14028
13874
14205
13993
13911
14091
13816
13889
14295
14005
13806
14117
14218
14037
14047
14044
13844
14368
14130
14002
14116
14107
14171
14471
14337
14276
14287
14212
13967
14223
14405
14450
14170
14472
14203
14359
14484
14437
14552
14356
14681
14501
14569
14404
14490
14496
14616
14781
14727
14960
14868
14773
15055
14628
14868
14898
14989
15153
14989
15000
15034
14779
15170
15052
15248
14986
15114
15087
15225
14996
14516
14518
14469
14180
14507
14452
14392
14162
14077
14266
14221
14365
14661
15117
14966
15353
15386
15309
15294
15365
15305
15265
15550
15320
15476
15441
15704
15577
15620
15462
15308
15310
15386
15703
15453
15636
15637
15547
15498
15466
15337
15779
15612
15581
15892
15456
15674
15872
15996
15713
15432
15712
15880
15965
16077
15834
15908
15938
15872
15963
16148
15758
15866
16154
16372
16106
15912
15971
15860
16171
16059
16031
16255
16154
15903
16097
16119
16044
16072
16525
16390
16321
16270
16303
16308
16216
16295
16405
16411
16251
16221
16708
16656
16412
16492
16340
16412
16632
16619
16728
16891
16820
16476
16949
16668
16685
16580
16867
16685
16809
17012
16836
16989
16925
16995
17032
17017
16790
17101
17262
17202
17031
17179
16943
16884
17277
17090
17049
17200
16949
16887
17128
17101
17097
17381
17140
17390
17290
17082
17415
17413
17606
17210
17497
17641
17323
17596
17448
17649
17019
17628
17565
17612
17601
17626
18085
17619
17538
17597
17642
17610
18141
17418
17733
17639
17710
17691
17736
17702
17924
17605
17803
17595
17796
17927
17941
17691
17354
17755
17557
17656
17815
17554
17924
18129
18189
17869
17885
17784
17959
17844
17804
18151
18181
18286
18262
18219
18154
18266
18140
18318
18138
17978
17964
17952
18066
18053
18287
17929
17967
18110
18392
17931
18548
18488
18365
18577
18160
18420
18586
18442
18900
18573
18779
18640
18950
18609
18716
18885
18628
18634
18688
18774
18660
18819
18762
18404
18966
18724
18688
18969
18917
18642
18861
18889
18960
19234
19006
18970
18852
19208
19156
19079
18976
19009
19048
19049
18817
18864
19268
19047
18898
19074
18885
19235
19148
19178
19034
19056
18898
19248
19152
19452
19401
19499
19355
19338
19630
19288
19421
19316
19590
19584
19534
19472
19447
19517
19520
19317
19418
19672
19644
19358
19504
19396
19648
19671
19540
19631
19639
19712
19679
19817
19749
20115
19691
19636
19417
19585
19822
19793
19554
19865
19810
19780
19925
20091
19642
20020
19832
19813
19805
20118
20073
19862
19948
19650
19886
19863
19906
19893
19817
20010
20026
19998
19843
20241
19886
19925
20244
19846
19996
20076
20299
20256
20121
20230
19988
20088
20407
20267
20546
20360
20203
20532
20356
20517
20263
19918
20611
20417
20474
20444
20474
20772
20567
20616
20244
20621
20697
20512
20520
20511
20289
20412
20453
20710
20446
20601
20616
20688
20730
20468
20707
20860
20361
20872
20526
20625
20818
20812
20601
20736
20786
20452
20370
20660
20715
20676
20726
20757
20645
20746
21099
20796
20898
20958
21273
21274
20888
21032
20805
20938
21351
21120
21228
20289
20636
20629
20482
20690
20698
20389
20521
20709
20523
20812
20984
21141
21436
21460
21246
21321
21239
21420
21276
21547
21234
21413
21640
21156
21253
21447
21078
21205
21718
21555
21142
21560
21344
21664
21194
21825
21433
21401
21602
21649
21394
21501
21414
21215
21479
21202
21828
21451
21285
21568
21648
21604
21437
21611
21764
21558
22018
21669
22040
21650
21760
21645
22347
21950
21618
21996
21821
21668
21777
21576
22165
22040
21794
21988
21778
22207
21850
21925
22268
21874
22084
21914
22144
21876
21840
22094
22255
21993
22212
22153
21940
22288
22137
21858
21945
21914
22083
21864
21853
21677
22018
22048
22127
22060
22006
22418
21895
22246
22498
22219
22506
22127
22360
22122
22716
22508
22090
22221
22202
22120
22253
22322
22265
22316
22810
22168
22452
22434
22612
22392
22228
22242
22362
22319
22552
22317
22338
22188
22574
22482
22052
22573
22612
22710
22389
22544
22242
22542
22262
22429
22858
22736
22490
22553
22280
22455
22503
22748
22688
22555
22568
22916
23172
22733
22918
22784
22964
22920
22365
22918
22666
22713
23016
22376
22812
22741
22737
22754
22744
22916
22680
22624
22806
22622
22913
22940
22962
22987
22657
22872
22915
22997
22848
23032
23206
22973
23017
22736
22736
23137
22975
22724
22837
23014
23157
23050
23169
22996
22897
22826
22696
22994
22863
22797
22749
22669
22961
23040
22986
23169
23089
23204
22711
23218
23304
22745
23318
22906
22824
23140
23464
23003
22836
22955
22628
22892
22951
23204
23040
23070
23336
23176
23308
22922
23069
22877
23277
23240
23413
23092
23218
23334
22981
22937
22966
23040
23282
23140
23272
23163
23320
23208
23101
23040
23334
23491
23070
23088
23481
23036
23234
23009
22876
23496
23360
23263
22969
23016
23163
23106
23256
23182
23188
23006
23570
23258
23051
23512
23401
23414
23399
23304
23157
23482
23410
23119
23429
23435
23124
23477
23279
23240
23150
23188
23049
22908
22837
22932
22953
23125
23209
23096
23074
23289
22950
22888
22902
23499
23100
23382
23054
23364
23204
23109
23218
23420
23361
23332
23091
23005
22953
22878
22941
22918
22997
22845
22932
22967
22586
22856
22644
22743
22912
22614
22932
22806
22844
22948
22829
22984
23066
23277
23141
23152
23309
23176
23551
23214
23624
23380
23712
22805
23229
23270
22948
23212
23092
23096
23399
23316
23236
23186
23108
23478
23259
23460
23190
23129
23606
23483
23460
23287
23703
23332
23120
23419
23217
23121
22994
23290
23362
23046
23476
23620
23383
23549
23300
23567
23257
22988
22784
23096
22929
23114
22746
23166
22888
23047
23031
23021
22850
22992
23129
23153
23165
23168
23128
23019
22998
22999
23058
22734
22797
23081
22580
23000
23078
22996
23073
23274
23019
22975
22987
23266
22831
22930
22909
22645
22682
22676
22784
22921
22886
22784
22904
22929
22750
23056
22870
22859
22945
22889
22764
22906
22641
22685
22954
22768
22602
22944
23042
23097
22840
22746
22856
22521
22758
22720
22712
22966
22548
22772
22798
22602
22571
22784
22531
22616
22760
22888
22765
22769
22810
22330
22758
22890
22604
22592
22596
22538
22564
22709
22413
22145
22587
22312
22505
22322
22034
22217
22515
22139
22271
22445
22228
22349
22418
22564
22129
22054
22425
22161
22177
22299
22112
22024
22347
22194
22210
22228
22612
22103
22177
22388
22363
22264
22425
22172
21990
22423
22082
21809
21801
21937
21722
21770
21710
21919
21676
22065
21828
22262
21950
22222
22080
22163
21976
21932
22011
21803
22059
21995
21665
21760
21687
21704
21556
21989
21787
21410
22064
21229
21885
22036
21520
21804
21387
21501
21949
21417
21660
21644
21499
21658
21416
21640
21704
21432
21484
21611
21540
21370
21556
21425
21048
21301
21479
21549
21383
21372
21617
21276
21272
21146
21286
21240
21270
21488
20890
20922
21298
20984
20992
20752
20680
20781
20520
20555
20602
20564
20685
20766
20631
20892
21101
20857
20996
21019
20832
20930
20808
20840
20765
20953
20882
20722
20713
20587
20445
20764
20763
20646
20596
20952
20740
20784
20688
20532
20533
20565
20318
20422
20195
20263
20030
20202
20475
20441
20076
19883
20180
20541
20250
20102
20128
20271
20002
20346
20372
19951
19867
20011
19945
20049
20153
19805
19870
19598
20017
19912
19982
19722
19996
19855
20162
19890
19632
19913
19572
19820
19768
19545
19728
19568
19697
19686
19629
19469
19826
19602
19340
19503
19497
19423
19220
19427
19416
19390
19380
19643
19194
19309
19332
19061
19240
18822
18755
19260
19086
19000
18813
18969
18860
18785
19119
18560
18920
18696
18631
18518
18538
18573
18679
18573
18989
18954
18417
18620
18966
18524
18858
18582
18862
18737
18792
18874
18646
18792
18900
18736
18646
18743
18750
18472
18636
18277
18324
18503
18604
18360
17911
17800
17400
17294
17710
17711
17768
17471
17327
17861
17833
17996
18091
18030
18012
17876
18328
18251
17965
17862
18188
17709
17976
17710
17860
17759
17755
17607
17830
17562
17675
17578
17734
17556
17477
17416
17278
17430
17422
17363
17175
17278
17579
17305
17438
17330
17002
17290
17156
17286
17222
17228
17067
17104
17040
16893
16922
17168
17143
16851
16454
16629
16261
16036
16176
16436
16517
16430
16376
16378
16370
16640
16559
16565
16804
16591
16749
16795
16868
16448
16619
16372
16492
16599
16464
16916
16549
16171
16404
15942
16549
16106
16072
16004
16270
16040
16032
15930
15954
15850
15627
16019
15744
15940
15748
15944
15883
15724
15846
15692
15816
15657
15757
15691
15734
15559
15979
15676
15460
15517
15242
15457
15469
15506
15371
15438
15125
15139
15294
15260
15150
15318
14958
15098
14957
15058
15143
15225
14962
15410
14848
14932
15009
14971
14804
14849
14809
14712
14747
14696
14817
14660
14614
14636
14707
14911
14400
14912
14468
14493
14326
14388
14391
14502
14478
14382
14345
14460
14408
14172
14465
14357
14132
14214
13925
14458
14096
14364
14174
13961
14044
14189
14221
13810
13677
13648
13643
13526
13421
13928
13642
13529
13357
13515
13575
13760
13732
13611
13612
13583
13699
13535
13665
13735
13595
13525
13354
13477
13645
13402
13423
13226
13335
13297
13513
13275
13089
13099
13209
13001
13023
13250
13160
13137
13161
13034
13150
12907
13110
12801
12784
13221
12974
12908
12771
13058
13046
12951
12795
12727
12918
12942
13173
12672
12909
12859
12619
12681
12488
12709
12651
12713
12406
12644
12498
12519
12372
12482
12416
12300
12482
12456
12258
12370
12169
12572
12300
12280
12206
12481
12349
11981
12233
12343
12267
12216
12260
12076
11933
12138
12201
12009
12128
12175
11962
12118
11973
12155
12376
11782
11682
11779
11787
11808
11994
11836
11991
11735
11571
11884
11629
11675
11773
11582
11894
11742
11755
11717
11685
11887
11882
11668
11603
11638
11684
11620
11478
11582
11422
11812
11507
11770
11493
11451
11320
11422
11348
11482
11444
11330
11476
11141
11394
11361
11093
11271
11310
11139
11043
11226
11318
11383
11121
11446
11260
11103
11175
11188
11288
11211
11085
11089
10824
11087
11190
11226
10996
10841
11018
11011
11088
11069
10853
11050
11025
10980
10909
11083
10730
11100
10903
10698
10855
10904
10917
11004
10699
10847
11077
10927
10792
11028
10980
11202
11082
10912
10911
10940
10854
10824
10938
10857
10804
10910
10852
10953
10799
10695
10701
10900
10863
10976
10858
10813
10713
10637
10865
10785
10747
10727
10597
10478
10670
10615
10620
10773
10776
10968
10934
10574
10938
10876
10757
10747
10557
10711
10722
10728
10711
10618
10790
10788
10975
10865
10659
10684
10933
10784
10989
10664
10853
10778
10605
10707
10680
10773
10804
10894
10783
10889
10996
10778
10802
10890
10917
10927
11047
10954
10786
10836
10804
10950
10666
10912
10789
10601
10868
10997
11042
10838
10914
10837
10567
10877
10907
10781
11016
11194
11046
10887
11142
11125
11003
11180
11148
11107
11092
11162
10958
11179
11113
11181
11147
11116
10998
10811
10917
11170
10943
10990
11092
11209
11308
11098
11002
10823
11392
11165
11062
11069
11304
11047
11299
10954
11266
10714
11014
11155
11393
11134
11067
11483
11286
11366
11510
11426
11378
11583
11671
11425
11537
11434
11700
11654
11546
11503
11692
11650
11806
11807
11504
11754
11566
11697
11552
11597
11681
11706
11673
11910
11845
11701
11727
11811
11809
11850
11875
11866
11846
11978
11823
11679
11937
11966
11953
11859
12120
11965
12148
12049
11999
12137
12059
12153
11884
12246
12148
12088
12159
11814
12047
12038
12103
12061
12148
12030
11933
12186
12180
12309
12507
12191
12251
12436
12352
12301
12400
12103
12335
12398
12314
12420
12537
12511
12616
12760
12229
12721
12587
12655
12456
12709
12679
12550
12667
12631
12794
12654
12794
12734
12703
12837
12908
12768
12745
12587
12673
12813
12784
12548
12729
12818
12520
12742
12781
12748
12862
12616
12738
12850
12719
12899
13138
13100
13030
13220
12932
13097
13218
13104
13160
13088
12990
13146
13000
13098
13172
12985
12990
13097
13133
13028
13240
13126
12978
12964
13254
13167
13043
13151
13001
13197
13108
13119
13037
13100
13290
13494
13147
13405
13173
13304
13300
13490
13394
12985
13236
13240
13274
13338
13418
13304
13612
13222
13254
13594
13655
13461
13444
13428
13159
13279
13188
13262
13236
13366
12917
13128
12967
13140
13302
13568
14029
13608
13605
13588
13580
13589
13677
13570
13642
13601
13568
13807
13355
13458
13787
13769
13614
13649
13764
13388
13699
13651
13533
13623
13580
13701
13558
13573
13728
13644
13545
13613
13901
13541
14062
13633
13545
13752
13704
13849
13366
13804
13790
13789
13616
13655
13372
13672
13492
13562
13673
13622
13782
13611
13562
13738
13654
13824
13505
13580
13800
13656
13762
13599
13685
13654
13771
13745
13594
13604
13685
13570
13592
13420
13302
13476
13712
13310
13709
13620
13460
13609
13577
13595
13519
13642
13684
13555
13371
13611
13521
13616
13624
13308
13362
13578
13284
13289
13290
13268
13139
13437
13701
13180
13554
13271
13444
13590
13418
13293
13365
13394
13245
13194
12970
13320
13084
13230
13138
13407
13239
13344
13220
13118
13302
13091
13050
12994
13163
13023
13140
13043
13064
12845
12850
13230
13057
13255
13025
12899
13160
13043
12955
12990
12909
12988
12825
12926
13113
13246
13005
12811
12899
12972
12639
12836
12962
12833
12944
12815
12956
12861
12633
12562
12654
12736
12710
12727
12424
12724
12548
12660
12389
12408
12611
12577
12545
12718
12521
12528
12360
12406
12461
12350
12218
12261
12561
12469
12406
12249
12038
12220
12305
12370
12282
12055
12084
12049
12160
12038
12128
12180
12118
12113
12100
12194
11940
12124
11923
11909
11892
11752
12056
12057
12144
11870
12006
12014
11957
11971
11698
11773
11584
11557
11637
11850
11780
11594
11398
11585
11410
11568
11370
11406
11441
11380
11463
11250
11432
11239
11522
11212
11101
11312
11249
11252
11175
11106
11141
10837
11050
11116
10973
11147
11269
11023
11019
10713
10508
10002
10138
10043
10171
10627
10421
10614
10506
10823
10651
10428
10654
10350
10554
10556
10324
10370
10386
10207
10155
10056
10209
10311
10103
9999
10248
10206
10108
10097
10066
9779
10090
9765
10074
9733
9816
9695
9776
9781
9734
9556
9589
9610
9473
9508
9255
9404
9259
9233
9342
9284
9103
9275
9284
9224
9323
9223
8915
9069
9066
9311
8907
8864
8733
8785
8810
8666
8572
8454
8465
8684
8718
8489
8585
8545
8542
8177
8512
8261
8554
8316
8270
8260
8272
8265
8088
8150
8096
8002
7956
7895
7740
8004
7909
7706
7646
7740
7644
7679
7492
7664
7552
7365
7422
7468
7426
7406
7288
7533
7306
7309
7252
7065
7220
7303
7135
7110
7007
7098
6782
7050
7073
6787
6863
6747
6815
6885
6659
6668
6809
6510
6623
6522
6549
6406
6365
6434
6422
6306
6288
6333
6242
6295
6147
6174
6035
6002
6004
6015
6090
5993
5813
5897
5717
5821
5748
5587
5673
5753
5541
5693
5553
5575
5495
5388
5459
5193
4975
5023
4950
4964
5004
5060
5186
5076
5058
4905
5079
5077
5077
4929
4914
4945
4957
4933
4809
4855
4835
4737
4870
4725
4676
4549
4606
4582
4591
4488
4433
4598
4404
4486
4424
4488
4475
4262
4278
4377
4292
4207
4281
4195
4224
4290
4132
4187
4143
4067
4047
4148
3957
4086
3838
3934
3972
3967
3736
3718
3909
3906
3850
3771
3818
3874
3693
3686
3846
3786
3703
3626
3799
3869
3594
3501
3535
3632
3458
3522
3464
3412
3518
3451
3599
3396
3320
3526
3383
3365
3371
3302
3423
