4969
5016
4930
4962
4986
4950
4991
4933
5082
4840
4807
5018
4977
4933
5109
5009
4850
4977
5096
5034
4959
4823
5045
4900
5042
5124
4964
5086
4945
5045
5146
4893
5029
5148
5154
5074
5171
5171
5233
5138
5273
5134
5202
5231
5154
5161
5181
5185
5205
5331
5202
5192
5198
5140
5285
5138
5252
5322
5392
5372
5151
5244
5258
5239
5088
5207
5083
5166
5359
5285
5401
5142
5380
5397
5292
5462
5497
5278
5308
5365
5463
5342
5339
5480
5412
5452
5498
5299
5517
5235
5305
5404
5425
5515
5423
5442
5527
5562
5465
5449
5408
5612
5617
5601
5497
5421
5701
5588
5522
5621
5468
5632
5627
5684
5515
5682
5515
5736
5423
5548
5612
5624
5653
5792
5744
5770
5699
5807
5819
5802
5645
5827
5748
5787
5796
5831
5831
5860
5808
5835
5770
5857
5878
5839
5794
5907
6009
5875
5852
5662
5792
5852
5811
5929
5867
5952
5936
6001
5912
5983
5821
6012
6068
5914
5928
5989
6125
5992
5941
5942
6011
6074
6249
6091
6057
6064
6100
6074
6027
5975
6354
6190
6133
6191
6125
6165
6036
6180
6134
6353
6395
6299
6183
6132
6356
6304
6273
6168
6193
6248
6034
6310
6073
6347
6142
6187
6265
6231
6305
6221
6158
6356
6397
6201
6290
6423
6450
6269
6474
6200
6432
6356
6503
6287
6352
6436
6354
6523
6416
6620
6354
6639
6547
6639
6543
6447
6491
6507
6708
6551
6618
6580
6567
6637
6782
6821
6653
6656
6705
6735
6568
6682
6739
6711
6683
6885
6616
6749
6820
6713
6788
6713
6685
6808
6766
6793
6840
6858
6851
7053
6883
6865
6859
7062
6872
6845
6800
6987
7021
7053
6883
7007
6816
7037
6973
7032
6936
7094
7135
7089
6994
6874
6936
6944
7027
7049
7113
7187
7140
7344
7157
7055
7296
7244
7222
7116
7235
7260
7156
7254
7347
7341
7117
7383
7227
7464
7335
7501
7333
7171
7522
7424
7392
7465
7466
7421
7473
7360
7447
7382
7544
7409
7334
7587
7538
7657
7594
7484
7743
7748
7537
7600
7448
7553
7510
7641
7518
7596
7480
7552
7480
7427
7760
7706
7751
7831
7653
7689
7738
7646
7843
7554
7876
7817
7895
7770
7813
7762
7567
7836
7825
8069
7779
7874
7988
7891
7799
7864
7905
7886
7891
7822
7956
8078
7946
8074
8088
8108
8076
8135
8257
8164
8374
8156
8378
8116
8275
8190
8234
8145
8359
8204
8129
8123
8322
8296
8363
8401
8300
8282
8170
8391
8329
8357
8327
8385
8268
8244
8426
8271
8267
8552
8400
8552
8542
8456
8513
8566
8623
8628
8506
8665
8606
8660
8636
8776
8603
8709
8839
8592
8717
8608
8848
8694
8710
8949
8782
8863
8965
8704
8695
8946
8810
8813
8799
8923
8756
8946
8702
8886
9140
9041
9197
8970
9089
9137
9083
9092
9258
9250
9249
9135
9179
8858
8844
9012
9176
9167
9018
9195
9243
9269
9300
9374
9143
9244
9390
9176
9266
9409
9120
9372
9320
9357
9484
9425
9461
9361
9395
9382
9647
9718
9415
9606
9472
9564
9513
9588
9514
9458
9516
9672
9654
9588
9419
9721
9665
9786
9673
9752
9891
9742
9806
9606
9594
9659
9666
9663
9613
9835
9937
9857
9984
9837
10002
9852
9812
10043
10074
9895
10191
10049
10236
10215
10362
10229
10369
10053
10232
10116
10249
10315
9844
10270
10379
10221
10280
10320
10222
10363
10378
10146
10232
10381
10317
10627
10318
10290
10465
10409
10709
10340
10549
10536
10546
10721
10681
10542
10385
10719
10454
10678
10535
10597
10499
10648
10740
10824
10830
10754
10466
10728
10827
10793
10698
10805
10875
10614
10826
10756
10956
11114
10863
10979
10804
10792
10908
11030
11080
10880
10773
11019
10989
10829
11278
11179
11212
11040
11157
11208
10983
11077
11188
10965
11077
10743
11079
10949
10775
10755
10678
10810
10749
10878
11090
11168
11439
11410
11396
11424
11629
11480
11658
11732
11646
11738
11878
11624
11728
11554
11626
11580
11589
11892
11760
11782
11770
11549
11862
11910
11668
11625
11997
11673
11764
11931
11992
11823
11637
11871
11716
11763
11782
11967
11978
12018
11822
12128
11820
11926
11895
12181
11988
12074
11965
12120
12253
12207
12254
12312
12411
12400
12129
12132
12322
12297
12192
12312
12525
12322
12252
12332
12207
12364
12297
12407
12228
12317
12680
12539
12492
12554
12842
12619
12597
12741
12576
12759
12818
12893
12912
13028
12969
12748
12956
12854
12910
12862
12874
13149
12867
12887
13057
12886
13160
13389
13180
13265
13176
13337
12922
13099
13456
13242
13367
13301
13284
13283
13274
13386
13341
13042
13318
13545
13607
13280
13389
13539
13541
13752
13526
13339
13640
13688
13572
13604
13713
13816
13994
13806
13837
13471
13737
13858
13746
13844
14021
13685
13876
14014
13908
13873
14168
14052
14042
14136
13864
13691
14170
14022
14115
14083
14068
13998
13894
14008
14222
14058
14276
14233
14464
14067
14394
14393
14560
14458
14313
14403
14535
14644
14485
14658
14612
14912
14796
14592
14742
14730
14762
14677
14864
14869
14979
15076
14963
15243
15178
14954
14767
14881
14950
14968
14938
15114
15128
14880
15108
15052
15385
14944
14816
15139
15320
15285
15269
15308
15074
15257
15288
15601
15278
15099
15334
15575
15616
15528
15588
15536
15736
15756
15520
15792
15791
15611
15773
15874
15673
15787
16242
15994
15828
15930
15903
15717
15983
16048
16134
16167
15900
16139
16108
16006
16072
16204
16412
15990
16171
16234
16128
15848
15950
15972
15863
16168
16205
16293
16187
16574
16608
16536
16751
16720
16745
16980
16901
16933
16946
17030
16797
16878
16667
16983
16834
16964
16950
16881
16966
17135
16983
17148
17126
17159
17131
17379
17162
17117
17093
17370
17199
17364
17342
17342
17212
17422
17104
17606
17274
17291
17465
17571
17646
17641
17684
17713
17621
17425
17403
17737
17432
17752
17499
17596
17656
17434
17519
17706
17725
18074
17781
17974
17993
18317
17924
17993
18134
17913
18262
17946
18074
18138
18029
18336
18129
18166
18274
18593
18328
18139
18271
18324
18431
18152
18649
18399
18132
18484
18831
18565
18749
18607
18462
18453
19101
19146
18697
18747
18748
18809
18810
18755
18857
19076
18588
18903
18891
18586
18758
18664
18626
18832
19067
18972
18976
19332
19114
19364
18869
19300
19021
19477
19269
19564
19321
19666
19532
19467
19396
19770
19435
19327
19362
19226
19206
19445
19530
19300
19547
19225
19356
19569
19567
19774
20012
20170
19985
19790
20509
20210
20237
20180
20041
20441
20150
20672
20206
20621
20622
20553
20283
20608
20495
20335
20321
20399
20162
20431
20408
19989
20006
20389
19733
20021
20023
19918
19988
20071
20242
20232
20286
20457
20295
21062
20853
20638
20986
20956
21137
21039
20744
20993
21008
21132
20778
20667
19960
19659
19014
19113
18640
18577
18000
17016
16801
16695
16640
17185
17362
18132
18784
19666
20234
20882
21632
22327
22268
22424
22147
22132
22296
22479
22134
22315
22244
22148
22219
22137
22285
21684
21824
22141
22338
22506
22144
22545
22317
21892
22251
22376
22138
22396
22034
22283
22308
22268
22125
22491
22628
22538
22580
22968
22957
23032
23289
23110
22532
22663
22887
23055
23164
23203
22864
22953
22756
22930
23060
22660
22997
23083
23205
23108
23352
23320
23168
23208
23358
23206
23403
23084
23477
23228
23602
23189
23524
23703
23226
23337
23581
23622
23529
23689
23626
23525
23784
23610
23621
23460
23988
23668
23908
23530
23908
23876
23980
23808
23821
24042
24043
24004
23778
24008
24000
23974
24332
24366
24197
24172
24488
24386
24374
24725
24610
24840
25120
24748
24276
24788
24925
25137
24964
25088
24864
24788
24784
25339
25321
25682
25124
25362
25637
25436
25388
25413
25547
25562
25445
25707
25896
25990
25460
25612
24854
24940
24873
24752
24571
24626
24573
23965
23910
23943
24660
24600
25001
25605
25834
26393
25953
26120
25823
25749
25510
26077
26180
26082
26092
26208
26701
26420
26102
27009
26314
26481
26525
26720
26467
26346
26489
26912
26914
26559
26701
26463
26819
26661
26943
26857
26861
26797
26740
26477
26987
26908
26986
26932
27157
26914
27420
27114
26788
27093
27206
27398
27425
27174
27489
27373
27435
27280
26962
27373
27653
27460
27650
27367
28020
27586
27888
27762
27871
27761
27788
27729
28056
28261
28040
27962
27709
27893
27995
28137
28491
28172
28244
28548
28587
28389
28276
28058
28396
28498
28635
28363
28506
28672
28549
28575
28741
28655
28550
28494
28728
28720
28672
28800
29088
28876
29106
29496
28957
28664
28713
29164
29301
29312
29460
29390
29101
29076
29634
29408
29700
29634
29566
29752
29712
29749
29956
29359
29760
30037
30085
29764
29896
30200
29992
30025
29940
30295
30226
30056
29750
30477
29962
30139
30098
30062
30442
30464
30250
30676
30456
30253
30516
30445
30670
30618
30702
30849
30600
30714
30597
30343
30744
31156
31270
31085
30822
30563
30763
30756
30402
31124
31086
31232
31085
30840
30560
30784
31290
31317
31116
31656
31287
31108
31613
31466
31371
31461
31508
31540
31272
31556
31380
31305
31122
31664
31208
31276
31273
31275
31021
31419
31496
31786
32052
32037
32411
32236
32210
32303
32120
32518
32468
32294
31937
32366
32338
32325
32650
32612
32776
32426
32971
32933
32620
32501
32888
32612
32964
32699
32960
32684
32954
32694
32628
33125
33048
32905
33026
33096
33411
33434
33255
32872
33622
33645
33345
33305
33362
33758
33314
33284
33266
33592
33384
33297
33444
33449
33965
33185
33496
33531
33821
34036
33796
33757
33759
33682
33792
33661
33668
34037
33600
34095
33914
33792
33792
33978
34144
34683
33735
34027
34278
33717
33908
34093
34567
34394
34211
34221
34629
34642
34413
34314
34434
34700
34724
34662
34586
34778
34724
34881
35099
34792
34521
34548
34634
34860
34944
35238
35058
34876
35138
35456
35074
34765
35002
35092
35221
35056
35328
35028
35179
35082
35295
35464
35691
35051
35508
35502
35578
35606
35472
35290
35519
35675
35961
35755
36000
35957
35742
35938
35879
35720
35752
35737
36326
35940
35700
36330
36114
35992
36116
36022
36593
36283
36258
36320
36298
36443
36506
36169
36468
36626
36436
36392
36294
36331
36331
36407
36692
36331
36373
36756
36653
36690
36902
37284
36916
36928
36850
36571
36574
36820
36740
36654
37034
36712
36820
36928
37092
37014
36730
37349
37462
37258
37042
37278
37531
37322
37562
37530
37596
37826
37220
37276
37187
36598
36850
36766
36912
36698
36410
36588
36377
36084
36345
36598
37140
37906
37754
38274
37867
37970
37973
38084
38103
37921
38390
38216
38169
37957
38148
37984
38294
38184
38532
38053
38498
38438
38698
38380
37798
38017
37946
38091
38233
38584
37821
38372
38252
38336
37832
38447
38772
38368
38750
38792
38244
38730
38153
38541
39066
38644
38123
38572
38308
38501
38144
39172
38568
38964
38715
39048
38859
38820
38664
38864
39009
39060
38964
39456
39365
39634
39589
39262
39361
39222
39025
39494
39429
39348
39168
39241
39461
39228
39354
39778
39892
39674
39552
39712
39470
39456
39842
39673
39320
39502
40074
39627
39933
39318
39464
39765
39867
39626
40112
40034
39968
40052
40120
40051
40118
40090
40493
40052
40087
39896
40098
40486
40512
40336
40492
40117
40633
40180
40568
40347
40666
39578
40241
40528
40377
40815
40042
40091
40648
40169
40013
41130
40821
40724
41035
40520
40257
40712
40891
40598
40920
40395
40936
40352
40276
41122
40733
40683
40716
40836
41412
41310
40662
41294
41098
41160
41112
40555
41382
41152
40724
41216
41384
41745
41264
41706
41510
41137
41033
41425
41216
41240
41577
41092
41496
40701
41472
41315
41448
41076
41304
41693
42061
41677
41556
41354
41684
41757
41490
41764
41300
41958
41540
41865
41600
41738
41830
41750
41782
42011
41737
41707
42452
41682
41984
41780
41501
41812
41891
42090
42104
41606
42456
41434
42074
41644
42138
41614
41544
41384
41388
41818
41388
41972
41369
41777
42120
41853
42150
42273
42359
42084
42377
42597
42460
42678
42258
42245
42475
42459
42361
42032
42017
42772
42569
42074
42442
42249
42443
42293
42384
42240
42397
42538
42540
42029
42532
42438
42582
42480
42410
42455
42598
42731
42888
42742
42664
42372
42897
43362
42792
42604
42796
42805
43317
43428
42774
42674
42653
42943
42964
42932
42921
42726
42982
42697
42613
42304
42607
42702
42871
43014
42458
42468
42163
42205
42607
42114
42564
42631
42313
42322
42388
42068
42736
42875
43028
42560
42904
42708
42724
42955
43008
42904
43203
43274
43140
42852
42724
42459
42315
42552
42344
42262
42702
42368
42716
41831
41925
41604
42144
41884
42101
42226
42263
42274
41902
42538
41911
42605
43191
43291
43476
43447
43008
43341
43352
43606
43223
43367
43176
43207
42757
42924
43296
43592
43110
43541
42812
43165
43084
43236
43104
42905
43088
43094
43264
42909
43294
43028
43203
43418
43439
43336
43215
43706
43813
43291
43643
42933
43051
43520
43576
43892
43596
43593
43450
43029
42874
42612
42725
43064
43246
43291
43126
43072
42692
42860
42604
42612
42876
42831
42636
43284
43018
43057
43236
42779
42832
43301
42779
42628
43040
43035
42625
43072
42900
43275
43165
42890
43216
43200
43054
42954
43196
42772
42830
42628
42596
42923
42565
42888
43056
42571
42696
42780
42908
43072
42739
42781
42794
42962
42950
42971
42868
42852
42953
42714
42957
43136
42712
42338
42889
42664
42704
42879
42568
42844
42528
42208
42260
42600
42651
42352
42697
42704
42676
42356
41956
42400
42184
42516
42375
42824
42473
42449
41944
42406
42112
42324
42064
42532
42608
42012
42458
42347
42312
42194
42507
42101
42166
42074
42244
42086
42027
42026
42178
42358
42102
42344
41941
42829
42269
41993
42347
41917
41702
41645
41668
41782
41576
41978
41805
41992
41985
42112
41919
41819
41828
41780
41716
42010
41908
41876
41642
41536
42000
41626
41822
41585
41780
41732
41760
41780
41621
41562
41325
41589
41240
41184
41180
41165
40694
41434
41805
41216
42027
41509
41272
41365
40974
41562
40977
41172
41280
40736
40906
40808
41322
40685
41316
40985
41049
41003
40813
40938
40849
40266
41012
40914
40986
40576
41271
41098
40478
40833
40714
40976
40938
40831
40665
40293
40374
40502
40485
40890
40758
40692
40776
40692
39640
39798
39449
39957
39518
39250
39386
39597
39940
39597
39227
39552
40076
40448
40112
39813
39966
39990
39773
39735
39622
40022
39702
39844
39765
40064
39778
39408
39403
39398
39272
39512
39533
39912
39669
39448
38872
39273
39351
39442
39176
38969
39252
39348
38921
39212
39005
39242
38807
38788
38517
38866
38885
38990
39291
38818
38656
38740
38731
38732
38663
38887
38632
38926
38764
38739
38594
38861
38518
38107
38230
38152
38400
38422
38367
38217
38080
38114
38182
38358
38408
37716
37973
37944
37920
38090
37925
37796
37940
37534
38016
38026
37364
37794
38016
37499
37466
37656
37302
37533
37513
37191
36949
36701
36651
36494
36352
36506
36902
36522
36756
36906
36864
36794
36582
37062
36679
36200
36022
35642
36042
36025
36345
36321
35932
35974
35882
36264
36326
36405
36512
36818
36144
36332
36294
36266
35988
36068
36096
36076
36020
36050
35928
35970
35770
36013
36107
35948
35382
35392
34298
34214
34404
34474
34222
35018
34427
34170
34264
34085
34409
34933
35245
35166
35096
35348
34742
34920
35048
35072
34802
34929
34782
34546
34968
34796
34630
34628
34527
34597
34522
34661
34527
34269
34136
34381
34282
34413
33986
34011
33824
34008
34031
33871
33429
33990
33908
33849
33416
33830
33792
33888
33515
33792
33548
33344
33439
33500
33364
32128
32509
31717
31476
32064
32152
31801
32327
32015
32264
32385
32852
32971
33041
32869
33063
32885
32815
32840
32721
32532
32565
32325
32223
32330
32660
32597
32439
32350
32281
32244
32186
32138
32227
31898
31991
31545
31571
31460
31212
31071
31406
30976
31301
31232
31337
31352
31488
31232
31527
31531
31384
30992
30875
31228
31145
31318
31192
31131
31254
31052
31248
30933
30256
30646
30650
30858
30480
30631
30474
30574
30394
30038
30389
30501
30647
30300
30266
30361
30038
30090
30109
30232
30170
29705
29996
29826
29805
29992
29498
29896
29533
29912
29866
29435
29792
29210
30058
29406
29291
29293
29167
29652
29470
29544
29825
29083
29352
29184
29290
29133
29282
29039
29100
28944
29028
29184
28877
29068
29149
28964
28938
28874
28460
27971
27690
27889
27736
27785
27662
28127
27880
27478
27497
27722
28001
28408
28250
28116
28184
28104
28341
27989
28026
27986
28023
28278
28004
27776
27771
27753
27274
28163
27512
27366
27362
27754
27204
27556
27803
27392
27146
27312
27508
27271
27338
27288
27461
26744
27236
27067
27340
27341
27449
27487
27588
27145
27009
26916
27008
27142
27382
27175
27064
26896
27088
26706
27000
27044
26870
27060
26987
27082
26526
26600
26749
26457
26441
26287
26663
26396
26357
26644
26362
26329
26363
26399
26596
26663
26600
26570
26185
26528
26302
26404
25913
26258
25909
26615
26449
26167
26314
26149
26178
26329
25972
26149
26365
26075
26010
26187
25905
25962
25720
25993
26196
26020
25782
26174
25994
25832
26438
26485
25949
26249
26222
26269
26422
26254
26264
26125
26200
25833
25922
25693
25828
26002
25892
26344
25878
26284
26045
26164
26092
25896
26000
25873
25790
26317
26116
25728
26198
26165
25749
26092
26205
26016
26120
26186
26162
26210
26032
26479
25978
26505
26200
26170
26095
25828
26335
26235
26272
26423
26090
26220
26466
25822
26077
26154
26324
26456
26305
25856
26292
26552
26363
26328
26212
26274
26501
26303
26388
26223
26510
26407
26430
26506
26729
26409
26478
26654
26900
26519
26931
26880
27063
26752
26753
26978
26620
26999
27030
26924
26806
27019
26967
26989
26864
27168
27074
26971
27064
26826
26858
27018
27136
27056
27409
27183
27176
27289
27704
27417
27313
27442
27577
27330
27597
27244
27365
28406
27723
27433
28034
27764
28107
28280
28357
28293
28025
28471
28333
28574
28294
28092
28339
28432
28566
28705
28683
28648
28680
28678
28627
28746
29098
29089
29118
29045
29490
29024
29236
29214
29130
29056
29656
29796
29204
29689
30086
29527
29662
30120
30006
29882
29990
30145
30199
30336
30373
30825
30667
30666
30571
30632
30861
30952
30428
30886
30939
31172
30808
31101
31446
31379
31271
31326
31177
31478
31218
31333
31622
32244
31779
31688
32262
31563
31652
32103
32690
32707
32732
32458
32842
32492
32549
32690
32890
32698
32933
33041
33195
33462
32575
33253
32823
33157
33169
33220
33462
33825
34086
34810
34564
34589
34678
35149
34593
34730
34976
34936
35481
35542
35498
35494
35654
35944
36026
35806
36075
36788
35709
35790
36352
36426
36427
36482
36189
36634
36794
37035
36781
37520
37069
37416
37730
37532
37458
37727
37725
38114
37920
38016
38294
38726
38376
38509
38344
38900
38932
38855
38821
39442
39400
39266
39460
39565
39382
39852
39677
39678
39390
39930
39576
39514
39340
38855
38903
40084
40294
40825
41241
40873
40671
41554
41419
41586
41088
41088
40468
41289
41364
42176
42066
42448
42874
42827
42664
42461
42732
42922
43346
43083
43115
43210
43125
43520
43404
43610
43656
43428
43865
43544
44042
43716
44078
43883
44314
44048
44194
44288
44266
44495
44554
44499
44526
43786
44353
44025
44381
44849
45344
45000
45867
45972
46054
45284
45716
45723
46039
46209
46208
46050
46010
46464
46074
46792
46533
46635
46491
46883
46964
46864
47027
47193
46998
46925
46974
47418
47098
47112
47492
46871
46701
47337
47368
47574
47509
47658
47465
47864
47990
47898
48111
47492
47931
47880
48055
48216
48036
47956
48731
48985
48178
48845
48660
48912
49309
48632
48683
48196
48220
48048
48009
47706
48020
47510
47094
47156
47863
48730
48558
50075
50360
50090
50176
50388
50236
50368
50604
50330
50260
49828
50077
50074
50340
50292
50676
50692
50204
49970
50482
50137
50777
50660
50593
50108
50500
50413
50790
50458
50820
50596
50554
50968
50688
51412
50900
50859
50464
50918
50966
50674
51338
50964
51264
50606
50918
51328
51271
51383
51565
51480
50952
51655
50957
51362
51284
50984
51010
51688
51328
51358
51392
51034
51174
51456
51151
51421
51210
51166
51350
51348
51183
51032
51357
51099
51641
51397
51092
51542
51604
51208
51393
51276
51332
51526
51345
50612
51125
50916
50746
51115
51027
51004
51164
51572
50800
50532
51034
51462
50765
51319
51636
51300
51444
50788
51310
51004
50486
51465
50853
51095
50612
50438
50386
50795
50661
50818
50084
50628
50524
50308
50062
49940
50892
50520
50152
49908
50320
49716
50068
50054
50320
49754
49270
49696
49792
49740
49546
50390
50180
49701
50010
49940
49668
49832
49259
49384
49493
49625
49096
49412
49316
49972
49272
49408
49541
49226
49453
49289
48772
48962
49207
48439
48772
48427
48684
48658
48604
48424
48411
49122
48170
48628
48905
47688
47914
48466
48198
48106
47886
47620
47881
47834
47298
47336
47321
47360
47605
47737
47182
47276
46946
47286
47148
47051
46990
46744
46952
46804
46633
46602
46416
47168
46856
46772
46225
46528
46685
45972
46322
46581
45851
46073
46058
45883
45716
45707
45720
45965
45497
44973
45428
44662
45289
44906
44845
44788
45035
44418
44332
44809
44374
44794
44728
44692
44773
44347
43671
44228
43430
43305
43419
43291
43136
42986
42866
42760
42939
42873
42664
42408
42305
42919
42742
42897
42408
41985
41467
40637
39277
38582
38692
39290
39878
40218
40795
40660
40801
41052
41252
41121
40765
40678
40706
40448
39945
40120
40045
39764
39820
39470
39424
39067
39040
38595
38868
38596
38638
38493
38488
38400
38026
37792
37902
37822
37732
37428
37355
37317
36706
36539
36536
36358
36335
36634
35814
35861
36012
35868
35556
35515
35154
35016
34976
34342
35072
34572
34586
34880
33908
34541
33903
34104
34048
33642
33092
32829
33000
32772
32596
32340
32298
32786
32596
32386
32083
31824
31872
32132
31451
31213
31480
31380
31416
30837
30655
30658
30496
29952
29677
30148
29670
29535
29081
29106
29146
29373
28928
28938
28436
28486
28397
28101
27804
27848
27653
27403
27498
27272
26959
26532
26797
27029
26458
26411
25880
25981
25637
25690
25581
25508
25090
25010
25032
24708
24909
24605
24094
24088
23915
23565
23773
23514
23533
23090
23164
22814
22704
22632
22922
22186
21927
22086
22157
21770
21375
21150
21257
20952
20915
20992
20819
20486
20276
20120
20107
19777
19769
19621
19224
19365
19233
19087
19172
18458
17651
17268
16824
16665
16786
16678
17243
17650
17540
17034
16907
17076
16839
16682
16476
16549
16216
16136
16072
16138
15541
15867
15660
15369
15557
15295
15011
15130
14989
14646
14614
14650
14524
14372
14242
13938
13973
13975
13526
13637
13769
13456
13615
13230
13293
12971
13103
12618
12668
12421
12503
12586
12316
12200
12157
11867
11840
11659
11650
11773
11449
11384
11548
11318
11472
11018
10964
11013
10966
10830
10757
10632
10650
10636
10525
10348
10121
10009
10052
10060
9820
9852
9768
9865
9542
9668
9601
9395
9404
9294
9326
9070
9134
8966
