3351
3292
3250
3256
3332
3352
3236
3302
3390
3416
3407
3351
3339
3253
3268
3269
3289
3279
3338
3293
3315
3259
3324
3259
3351
3418
3302
3421
3336
3358
3404
3462
3534
3428
3400
3378
3315
3468
3509
3384
3374
3464
3500
3440
3498
3395
3434
3321
3412
3366
3464
3460
3540
3435
3388
3456
3439
3349
3468
3431
3382
3329
3608
3407
3499
3496
3284
3517
3496
3520
3446
3403
3476
3563
3717
3578
3485
3622
3628
3515
3517
3541
3628
3518
3555
3536
3569
3522
3593
3374
3510
3513
3652
3662
3491
3753
3721
3617
3565
3690
3498
3584
3627
3597
3548
3780
3720
3727
3658
3661
3753
3679
3733
3725
3464
3776
3623
3717
3676
3676
3643
3730
3721
3818
3800
3701
3714
3651
3713
3703
3646
3734
3663
3757
3794
3787
3782
3912
3806
3724
3629
3694
3820
3733
3769
3780
3708
3912
3631
3896
3746
3800
3921
3846
3872
3862
3713
3878
3913
3849
3758
3816
3919
3865
3834
3891
3939
3964
3823
3863
3889
3829
3815
3748
3873
3800
3877
3793
3859
3930
3994
4076
3876
4057
3922
3945
4023
4049
3976
3993
3998
3937
3978
3925
4010
3964
4066
3979
4011
4067
3813
4052
4067
3868
4083
4012
3963
3993
3904
3948
4193
4156
4124
4131
4079
4118
4067
4138
3971
4019
4109
4034
4059
3896
4100
4089
3994
4051
4188
4155
4027
4221
4001
4226
3984
4123
4210
4222
4083
4095
4168
4122
4225
4142
4201
4324
4183
4313
4145
4208
4267
4285
4188
4234
4182
4340
4105
4310
4399
4441
4361
4162
4304
4295
4298
4294
4284
4345
4313
4294
4311
4273
4347
4339
4291
4265
4335
4330
4367
4395
4202
4368
4318
4360
4366
4357
4460
4464
4382
4456
4472
4475
4396
4345
4409
4385
4574
4547
4519
4506
4498
4469
4449
4429
4452
4471
4455
4461
4362
4434
4523
4540
4516
4457
4469
4527
4547
4540
4667
4586
4477
4676
4586
4650
4731
4647
4538
4537
4669
4723
4655
4669
4724
4667
4742
4673
4648
4625
4642
4649
4726
4776
4685
4588
4755
4624
4774
4624
4760
4498
4661
4641
4608
4824
4770
4686
4971
4859
4606
4796
4804
4787
4869
4897
4853
4793
4732
4780
4717
4786
4928
5016
4905
4906
4927
4869
4909
4928
4915
4892
4923
4853
4910
5001
4870
4946
4949
4904
5058
4829
4866
5062
4990
5037
4885
4998
5015
5013
5062
5344
5037
5006
4999
5035
4888
5019
5141
5054
4974
5014
5074
5148
5051
5089
5126
5145
5139
5160
5057
5111
4984
5204
5082
5087
5206
5176
5167
5315
5197
5197
5075
5194
5261
5445
5279
5103
5352
5293
5357
5314
5272
5320
5366
5280
5128
5352
5291
5338
5444
5406
5423
5497
5351
5424
5337
5319
5547
5177
5341
5296
5472
5275
5377
5484
5479
5411
5489
5421
5384
5413
5561
5596
5509
5426
5487
5445
5505
5419
5561
5488
5597
5529
5505
5688
5626
5529
5498
5596
5525
5657
5509
5563
5686
5728
5664
5693
5739
5651
5573
5580
5487
5561
5638
5636
5551
5794
5655
5712
5468
5576
5699
5686
5677
5868
5764
5692
5820
5725
5567
5767
5663
5775
5641
5611
5933
5835
6002
5877
5736
5878
5889
5968
5949
5851
5932
5933
5879
5920
5906
5786
5908
5936
6099
5870
6023
6010
5952
5941
5886
6078
6107
5958
5961
6090
6098
6110
5901
5959
5955
6046
6083
6008
6063
6167
6095
6019
6110
6066
6104
6047
6189
6208
6140
6191
6122
6230
6347
6210
6167
6349
6170
5989
6254
6311
6324
6168
6238
6264
6223
6240
6442
6424
6232
6382
6524
6287
6231
6309
6479
6515
6268
6445
6338
6460
6466
6439
6296
6481
6298
6347
6526
6218
6365
6473
6538
6390
6386
6495
6581
6654
6383
6532
6456
6579
6380
6402
6456
6466
6370
6204
6412
6340
6500
6436
6492
6444
6537
6501
6709
6659
6612
6755
6658
6712
6648
6825
6652
6798
6713
6815
6907
6780
6816
6746
6847
6725
6849
6588
6775
6874
6849
6712
6831
6694
6817
6925
6891
6812
6896
6743
6806
6830
6849
6972
6980
6733
6837
7029
6922
7021
6845
6869
6850
6986
6981
6895
7060
6916
6982
6971
6952
6932
6897
7062
6935
6964
7020
7192
6849
6931
7051
7036
6948
6881
6893
7070
7075
7208
7065
7216
7277
7359
7230
7502
7353
7313
7157
7314
7374
7413
7509
7394
7374
7309
7427
7207
7335
7231
7343
7156
7476
7362
7501
7476
7464
7561
7607
7504
7528
7608
7664
7601
7501
7577
7520
7528
7476
7297
7368
7430
7540
7512
7618
7762
7585
7488
7818
7839
7654
7709
7874
7738
7873
7647
7572
7797
7772
7680
7647
7819
7834
7677
7786
7723
7893
7801
7849
7709
7906
7773
7863
7926
8024
8097
7799
7956
7951
7813
7710
7831
7753
7952
7864
7901
7946
7767
8041
7817
7849
8099
7968
8090
7915
8192
8101
8077
8071
8046
8253
8012
8004
8166
8109
8216
8130
8206
8222
8335
8328
8146
8344
8333
8122
8328
8234
8472
8418
8350
8379
8244
8286
8192
8383
8517
8377
8462
8271
8433
8312
8412
8465
8594
8388
8416
8702
8543
8713
8594
8565
8519
8584
8461
8680
8649
8757
8858
8691
8822
8706
8870
8794
8861
8670
8712
8698
8640
8876
8703
8825
8894
8823
8887
8748
8882
8891
8985
8943
8831
9060
8818
9055
8940
9011
9059
8950
8984
8891
8980
8688
8775
8808
8964
8769
8894
9207
9017
9142
9083
9068
9124
9038
9255
9339
9293
9394
9222
9096
9135
9395
9416
9330
9332
9412
9222
9376
9314
9476
9537
9485
9398
9557
9363
9353
9549
9400
9480
9606
9508
9664
9576
9515
9518
9546
9576
9686
9566
9909
9716
9649
9686
9827
9581
9546
9720
9660
9792
9595
9488
9647
9645
9557
9705
9591
9553
9593
9614
9670
9740
9901
9880
9933
9821
9865
9801
9953
10051
9970
9906
9868
9835
9785
9901
9948
9942
9930
10054
9894
9881
10045
10103
10146
10250
10130
10011
10144
10157
10205
10009
10211
10316
10289
10060
10107
10197
10276
10257
10105
10114
10320
10071
10171
10041
10154
10174
10031
10320
10221
10237
10383
10563
10291
10169
10304
10311
10388
10546
10587
10447
10579
10429
10410
10612
10690
10327
10568
10606
10368
10616
10685
10636
10609
10681
10603
10615
10397
10600
10516
10294
10458
10604
10658
10749
10926
10704
11071
10841
11030
10848
10925
10950
10769
10859
11058
10856
10989
11093
11199
10987
10961
11120
11100
11078
10888
10883
11032
10637
10902
11021
10909
11092
10829
10927
10764
10698
10749
10882
10811
10780
11033
11362
11057
11373
11303
11323
11334
11500
11465
11226
11350
11279
11292
11307
11227
11098
10652
10604
10509
10368
10067
10070
9733
9487
9137
9238
9174
9388
9662
9924
10191
10496
11037
11297
11487
11829
11914
11862
11802
11942
11755
11933
11944
12010
11850
11796
11710
11909
11873
11576
11791
11834
11993
11895
11967
12011
11836
11977
12006
11656
11969
11776
11966
11919
11998
11916
11733
12095
12104
11959
11939
12145
12240
12135
12396
12239
12202
12120
12454
12551
12045
12174
12382
12062
12292
12041
12268
12267
12372
12271
12098
12200
12280
12202
12253
12247
12309
12578
12503
12227
12211
12314
12508
12349
12533
12277
12556
12537
12544
12456
12458
12375
12470
12668
12564
12487
12782
12669
12590
12401
12386
12563
12954
12375
12540
12458
12757
12448
12421
12461
12857
12476
12667
12772
12859
12783
12847
12589
12783
12847
12746
12744
13047
13046
13171
12956
12934
13195
12917
12981
13253
13224
13220
13063
13193
13161
13067
13073
13212
13227
13179
13285
13284
13300
13220
13476
13547
13407
13673
13742
13440
13300
13018
13050
12789
12840
13145
12882
13015
12525
12579
12467
12616
13126
13348
13121
13675
13767
13508
13653
13402
13683
13637
13735
13652
13499
13765
13786
13830
13691
13612
13815
13717
13717
13722
13861
13664
13931
13800
13947
13843
13778
13824
13774
13861
14045
14057
14180
13839
14099
13899
13806
13892
13929
14168
13998
13970
14135
14052
14098
14091
14313
14352
14357
14307
14366
14512
14333
14175
14226
14138
14337
14267
14262
14494
14518
14187
14285
14518
14301
14410
14586
14336
14436
14520
14564
14549
14592
14556
14682
14686
14380
14452
14550
14701
14609
14555
14805
14721
14798
14723
14906
14980
14679
14637
14821
15043
14705
14787
14916
14788
14730
14920
14817
14891
14906
14952
14863
15110
14954
14884
14861
14912
15199
15129
14958
15107
15274
15042
15398
14904
15413
15074
14895
15193
15389
15199
15150
15208
15504
15380
15305
15252
15445
15264
15496
15249
15297
15242
15481
15401
15356
15357
15494
15602
15554
15800
15599
15490
15515
15638
15424
15559
15658
15580
15788
15713
15846
15702
15482
15775
15526
15904
15905
15630
15938
16159
16052
15607
15997
16013
15795
15776
15916
15900
15919
15855
15892
15928
15886
15842
15757
15853
16004
16015
16226
16024
16053
16105
16262
16167
15898
15778
15841
16027
16042
15820
15955
16027
15849
15900
15787
15995
15917
15933
16351
16647
16460
16405
16310
16564
16197
16424
16452
16650
16431
16418
16408
16226
16484
16532
16653
16495
16475
16507
16617
16532
16612
16854
16518
16512
16391
16645
16733
16493
16603
16611
16411
17298
16701
16776
16642
16933
16634
16825
16628
16828
16971
17180
16634
17003
17190
16853
16984
16905
16847
16866
16946
16886
16902
16960
17028
17269
17252
17030
16989
17126
17224
17099
17276
17364
17471
17054
17416
17364
17126
16996
17045
16971
17306
16914
17304
17419
17258
17369
17520
17145
17310
16996
17238
17617
17150
17467
17742
17268
17140
17359
17384
17686
17443
17485
17339
17146
17877
17381
17664
17619
17481
17492
17166
17668
17576
17490
17374
17598
17732
17519
17684
17537
17878
17467
17450
17564
17898
17586
17616
17739
17734
17819
17907
17946
17790
17738
18026
17917
17904
17860
17952
17767
17585
17774
17936
17988
17930
17751
18096
17832
17906
17834
17720
17860
17883
17996
18216
18085
17770
18098
18142
18372
18223
18041
18194
18164
18122
18221
18135
18029
18454
18318
18143
18250
18277
18237
18310
17954
18192
18205
18234
18123
18491
18155
18193
18240
18562
18918
18387
18482
18418
18379
18324
18660
18158
18426
18303
18697
18424
18622
18361
18450
18829
18488
18331
18581
18816
18667
18606
18702
18439
18196
18139
18237
18097
18168
18509
18484
18034
17869
18290
18159
18219
18382
18427
18850
19039
18539
18845
18971
19100
18929
18976
18906
18678
18760
18560
18879
19116
18924
18758
18888
18861
18712
18763
18821
18790
18721
18850
18937
18958
18845
18683
18778
19004
19002
19220
18939
19300
18982
18577
18851
18746
18945
18982
19030
18834
18961
19229
18884
19114
19136
19165
19116
19039
19158
19289
19225
18887
19053
19157
19137
19155
19266
19049
19209
19076
18949
19482
19014
19494
19499
19379
19284
19508
19467
19256
19354
18910
19308
19401
19554
19496
19163
19530
19389
19636
19329
19588
19464
19450
19516
19430
19492
19494
19469
19395
19579
19640
19787
19462
19488
19492
19454
19275
19280
19694
19757
19542
19613
19559
19676
20032
19475
19352
19511
19706
19350
19540
19656
19467
19634
19485
19500
19835
19484
19556
19720
19681
20321
19635
19996
19716
19813
19661
19814
19982
19629
19817
19699
20089
19736
19791
19693
20082
19708
19861
19837
19946
20073
19983
20078
19862
20044
19782
19941
20186
19897
19922
19724
19852
19854
20196
20190
20090
19887
19773
20126
19875
20134
19969
19963
20367
20112
20091
19947
19826
19978
20236
20170
20034
20001
20229
20025
20345
20109
20136
20260
19988
20276
19930
20093
20116
20109
20013
20152
20032
20027
20138
20246
19920
20217
20169
20007
20070
20379
20168
20048
20042
19980
20163
20466
20393
20096
20091
20189
20238
20056
19866
20145
20207
20044
20017
20101
20180
20202
20213
20236
20112
19934
20385
20280
20265
20309
20171
20041
20282
20172
20328
20533
20440
20150
20187
20384
20561
20227
20168
20180
20442
20266
20154
20566
20360
20369
20381
20337
20360
20363
20404
20516
20208
20326
20516
20391
20490
20452
20642
20530
20438
20196
20754
20199
20429
20392
20736
20602
20360
20643
20428
20586
20230
20403
20507
20591
20408
20481
20316
20349
20532
20552
20466
20514
20389
20364
20182
20096
20388
19892
20379
20058
20450
20348
20006
20381
20541
20132
20202
20110
20513
20385
20390
20354
20204
20186
20329
20441
20273
20411
20022
20249
20460
20155
19784
19879
20185
20142
20122
20372
20216
20341
19901
20148
19978
20180
19982
19778
19963
20167
20306
20148
20512
20361
20012
20202
20559
20624
20950
20561
20542
20415
20532
20635
20412
20382
20396
20614
19980
20436
20587
20244
20404
20229
20241
20122
20368
20454
20422
20539
20318
20377
20440
20300
20304
20669
20214
20463
20664
20170
20540
20445
20320
20458
20431
20520
20375
20594
20396
20381
20614
20572
20349
20017
20276
20135
20084
19945
20590
20337
20062
20230
20256
20080
20091
20126
20338
20225
20215
20272
20325
20007
20115
20183
19936
19982
19887
20221
20082
19986
20240
20356
20006
20228
19992
20110
20309
20101
20406
20182
20041
19938
20180
20059
20321
20121
20161
20397
20113
19959
19942
20160
19976
19917
19856
19912
20000
20118
20013
20034
20068
19941
19847
20053
20232
20116
20012
20066
20011
19956
19835
19958
19680
19878
19846
19922
19822
19848
19655
19947
19720
19803
19733
19690
19852
19988
20068
19750
19796
19642
19827
19538
19769
19872
19464
19572
19956
19834
19757
19861
19754
19865
19546
19585
19791
19722
19740
19773
19592
19634
19795
19560
19744
19686
19565
19456
19705
19602
19338
19423
19804
19493
19476
19344
19389
19052
19650
19428
19641
19316
19172
19514
19215
19215
19365
19285
19254
19344
19244
19355
19428
19311
19531
19392
19367
19471
19214
19370
19368
19137
19187
19096
19150
18893
18895
19163
18982
19065
19078
19127
19078
18928
19314
19359
18789
19293
19120
19094
18728
19045
18801
19167
19020
18681
18781
18782
18625
18806
19045
18836
18837
19000
18663
18807
19186
18799
18810
18944
18709
18552
18930
18796
18764
19220
18840
18884
18629
18581
18624
18688
18740
18753
18800
18610
18464
18564
18296
18424
17902
18296
18211
18176
18294
18377
18232
18356
18309
18358
18526
18223
18372
18282
18340
18472
18083
18105
18492
18209
18301
18244
18084
18282
18192
18290
18428
17954
18292
18192
18029
17927
17998
17920
18069
17728
17933
17794
17859
17874
18075
17808
17890
17962
18086
17819
17730
17700
17737
17687
17450
17862
18004
18087
17525
17476
17519
17774
17372
17594
17536
17363
17591
17460
17309
17416
17374
17723
17590
17549
17258
17525
17426
17516
17295
17262
17473
17324
17322
17166
16957
17324
17096
17132
17380
17141
17168
16971
17288
17079
17162
17149
17199
17284
17017
17032
17157
16987
16997
16677
16914
16728
16440
16376
16750
16429
16757
16492
16645
16841
16839
16731
16562
16298
16136
16359
16220
16334
16557
16646
16517
16181
16152
16231
16540
16516
16298
16319
16436
16376
16368
16218
16607
16333
16242
16536
16166
16404
16164
16463
16322
16498
16221
16214
16341
15967
15897
15881
15130
15574
15524
15690
15500
15361
15437
15579
15730
15760
15619
15803
15896
15616
15913
15879
15776
15812
16005
15650
15435
15813
15489
15790
15603
15526
15309
15409
15452
15109
15504
15412
15531
15549
15220
15453
15306
15346
15124
15382
15361
15268
15236
15073
15402
15407
14837
15200
15197
14986
15044
14960
14961
15085
15208
14984
15039
14744
14865
14414
14205
14026
13962
14191
14521
14423
14148
14268
14612
14348
14652
14571
14763
14637
14557
14717
14490
14438
14585
14452
14266
14555
14505
14617
14596
14122
14137
14084
14388
14335
13985
13929
14068
14101
13824
14070
13932
13924
13705
13978
13581
13765
13779
13630
13703
13788
13924
13842
13720
13904
13598
13948
13844
13764
13562
13484
13738
13608
13512
13577
13666
13526
13479
13652
13302
13568
13437
13316
13480
13320
13263
13092
13210
13241
13160
13440
13213
13205
12973
13047
13221
13283
13136
13188
13065
13021
12818
12836
12982
12764
12996
12872
12793
12924
12744
12865
12845
12838
12658
12673
12674
12883
12551
12714
12408
12672
12562
12564
12424
12692
12503
12688
12654
12588
12495
12495
12582
12536
12613
12308
12473
11837
12106
12079
11813
11940
11692
11864
11997
11853
11740
11827
11794
12070
11951
11928
11944
11882
11901
11778
11652
12033
11778
11860
11924
12060
11949
11785
11698
11563
11664
11825
11853
11640
11574
11269
11658
11416
11554
11524
11245
11456
11486
11334
11432
11382
11241
11098
11592
11416
11306
11447
11275
11313
11464
11122
11279
11036
11305
11044
11108
11242
11201
11140
11070
11228
10938
11234
11053
10968
11000
10901
10928
10693
10690
10793
10875
10802
10934
10924
10695
10816
10593
10736
10612
10628
10877
10778
10741
10525
10585
10568
10648
10772
10511
10250
10477
10292
10458
10546
10626
10606
10569
10404
10581
10337
10437
10335
10384
10233
10273
10102
10387
10137
10339
9979
10306
10395
10099
10157
10171
10165
10285
10062
10157
10065
10258
10316
10017
10132
9945
9792
10108
10210
10028
9836
9822
10069
9822
9958
9864
10027
9913
9895
9989
9960
9862
10040
9820
9739
9750
9687
9701
9589
9672
9788
9665
9589
9826
9523
9665
9590
9704
9816
9708
9576
9597
9718
9624
9680
9600
9619
9534
9545
9305
9444
9516
9620
9544
9340
9253
9474
9584
9341
9414
9442
9412
9360
9328
9166
9336
9251
9238
9224
9461
9432
9398
9158
9447
9338
9316
9509
9532
9306
9214
9401
9029
9431
9208
9274
9276
9273
9147
9234
9347
9105
9428
9083
9096
9096
9244
9187
9230
9139
9104
9302
9307
9269
9280
9326
9128
9078
9140
9277
9157
9152
9015
8950
9076
9151
9417
9198
9281
9326
9131
9012
9188
9117
9011
9109
9047
9087
9227
8989
9048
9046
8914
9082
8982
9069
8874
9106
9011
9102
9004
9049
9180
8960
9036
9087
9176
9046
8975
8942
9186
9297
9156
8993
9176
9204
9037
9017
8947
9110
9375
9238
8981
9246
9088
9122
9037
9291
9227
9170
9264
9193
9146
9099
9165
9080
9316
9209
9455
9073
9353
8992
9150
8849
9289
9191
9274
9298
9164
9110
9250
9117
9256
9021
9277
9472
9046
8953
9030
9126
9171
9060
9168
9181
9063
9226
9051
8993
9002
9182
9265
9070
9241
9189
9277
9227
9292
9550
9285
9298
9439
9342
9570
9370
9391
9472
9380
9404
9532
9364
9362
9587
9437
9583
9499
9564
9436
9686
9530
9602
9577
9481
9701
9819
9650
9844
9744
9718
9856
9634
9648
9635
9630
9598
9807
9621
9798
9732
9804
9641
9970
9677
9897
9778
9585
9753
9885
9692
9565
9967
9696
10056
9818
9833
9714
9849
9889
9874
9994
9632
9806
9788
9696
10010
10033
9995
10060
10111
9765
9972
10043
10071
10173
9808
9827
9933
10026
10006
9971
10117
9997
10102
10127
10007
10106
9913
10016
10254
10166
10148
9883
10229
10173
10204
10226
10447
10097
10228
10254
10337
10200
10386
10281
10228
10069
10332
10021
10189
10008
10298
10034
10189
10235
10470
10170
10443
10307
10252
10460
10535
10474
10505
10526
10520
10446
10306
10523
10217
10537
10245
10270
10442
10452
10456
10590
10551
10318
10314
10708
10726
10514
10415
10397
10496
10538
10517
10478
10393
10428
10506
10372
10436
10410
10555
10489
10538
10653
10612
10733
10597
10372
10450
10467
10752
10680
10557
10595
10534
10663
10573
10656
10761
10845
10503
10388
10340
10436
10479
10379
10492
10322
10356
10276
10128
10484
10651
10810
10762
10681
10655
10980
10801
10650
10790
10638
10416
10959
10496
10749
10551
10845
10658
10660
10540
10560
10856
10809
10636
10635
10638
10534
10734
10720
10644
10637
10735
10869
10803
10789
10679
10822
10843
10865
10576
10523
10740
10584
10577
10834
10659
10688
10736
10906
10758
10669
10556
10622
10678
10694
10649
10801
10598
10653
10625
10653
10741
10636
10591
10669
10742
10691
10561
10655
10636
10666
10871
10757
10621
10757
10566
10560
10663
10729
10610
10378
10655
10644
10619
10404
10712
10493
10514
10742
10551
10448
10437
10529
10527
10601
10645
10519
10629
10422
10617
10481
10441
10720
10403
10452
10394
10427
10251
10649
10523
10351
10563
10588
10432
10449
10369
10350
10237
10437
10130
10274
10246
10485
10188
10368
10342
10496
10125
10404
10299
10152
10210
10339
10084
10332
10118
10256
9916
10212
10079
10356
10291
10174
10209
10161
10281
10057
10184
9756
10100
10110
10224
10153
10186
10105
10171
10228
10070
10042
10089
10039
9959
9729
9789
9806
9913
10029
9964
9811
9828
9816
9778
9805
9816
9945
10049
9868
9605
9890
9795
9661
9756
9678
9809
9842
9670
9736
9826
9856
9628
9649
9599
9660
9724
9684
9587
9466
9336
9413
9784
9498
9626
9461
9405
9553
9613
9418
9366
9535
9640
9197
9502
9301
9281
9480
9243
9289
9285
9350
9309
9275
9307
9086
9090
9166
9210
9365
9280
9326
9102
9266
8992
9338
8918
8920
8934
9074
9029
8838
8896
9019
9064
8920
8873
8448
8880
8757
8859
8705
8628
8739
8908
8907
8632
8761
8682
8894
8789
8649
8473
8386
8116
7985
8070
8268
8121
8227
8323
8502
8379
8196
8440
8428
8518
8331
8254
8316
8304
8165
8116
8164
8066
8228
8188
7983
8046
8168
7922
8034
7902
7900
8072
7855
7681
7753
7916
7686
7686
7924
7605
7654
7589
7617
7596
7641
7322
7710
7414
7253
7538
7433
7366
7257
7404
7361
7272
7377
7285
7161
7126
7307
7005
7022
6966
7220
7126
6986
6899
6940
6764
6726
6920
6897
6872
7044
6858
6706
6904
6596
6857
6813
6686
6725
6756
6612
6639
6464
6415
6622
6465
6496
6404
6559
6272
6425
6390
6273
6159
6326
6063
6201
6266
6243
6294
6136
5853
6041
5950
5956
6209
5989
5967
6048
5850
5846
5659
5814
5716
5834
5707
5722
5719
5588
5561
5693
5595
5623
5615
5387
5411
5364
5344
5331
5405
5446
5268
5305
5266
5124
5220
5190
5167
5052
5047
4998
5108
5204
4956
4962
5055
4855
4866
4772
4909
4872
4806
4832
4682
4813
4811
4843
4644
4626
4684
4525
4611
4541
4431
4434
4270
4238
4264
4279
4385
4470
4569
4348
4191
4162
4288
4317
4374
4100
4071
4153
4317
4122
4098
4236
4072
3926
4179
4018
4153
3837
3941
4026
3954
4010
3863
3904
3963
3827
3770
3888
3898
3707
3714
3671
3765
3734
3730
3712
3728
3681
3550
3540
3624
3581
3663
3540
3611
3472
3493
3524
3440
3508
3308
3383
3518
3394
3324
3303
3340
3386
3383
3540
3298
3419
3223
3305
3370
3357
3185
3108
3224
3132
3183
3153
3281
3167
3166
3225
3073
3093
3132
3006
3080
3014
3013
3108
