3223
3222
3296
3277
3266
3332
3257
3377
3319
3334
3275
3353
3304
3338
3364
3385
3373
3245
3378
3465
3323
3377
3222
3261
3277
3268
3321
3392
3432
3340
3410
3243
3379
3442
3439
3444
3329
3452
3445
3387
3501
3444
3451
3327
3510
3291
3391
3413
3494
3503
3416
3396
3380
3445
3407
3416
3577
3544
3453
3444
3559
3413
3564
3357
3498
3407
3562
3438
3422
3586
3545
3499
3491
3567
3588
3504
3604
3453
3572
3560
3574
3543
3514
3453
3595
3582
3651
3612
3622
3588
3738
3677
3618
3474
3729
3629
3525
3680
3612
3560
3544
3563
3584
3597
3698
3707
3658
3684
3700
3700
3715
3692
3689
3684
3749
3609
3660
3722
3786
3445
3758
3586
3786
3634
3751
3581
3740
3689
3578
3660
3696
3614
3869
3741
3754
3752
3770
3842
3911
3725
3832
3731
3612
3853
3813
3870
3802
3792
3734
3836
3894
3847
3831
3873
3820
3855
3788
3956
3928
3878
3964
3976
3768
3758
3871
3831
3868
3901
3875
3864
3842
4037
3971
3969
3934
3891
3913
3742
3927
4020
3962
3902
3858
3925
3972
3984
4036
4033
3912
3983
4085
3957
3983
4038
3885
3900
4031
4031
3974
3947
3942
4084
3869
4076
4031
3940
4143
4015
4276
4073
3989
4010
4088
4000
4160
4123
4064
3962
3971
4059
4098
4089
4048
4180
4230
4165
4170
4116
4108
4006
4138
4147
4112
4258
4147
4122
4120
4082
4146
4100
4298
4192
4140
4301
4252
4286
4424
4190
4294
4329
4193
4228
4219
4272
4215
4237
4233
4393
4335
4234
4203
4498
4348
4230
4229
4315
4299
4431
4258
4435
4409
4392
4270
4436
4435
4301
4315
4448
4265
4436
4484
4401
4492
4396
4340
4262
4504
4330
4402
4450
4295
4507
4378
4380
4438
4492
4432
4449
4485
4537
4632
4481
4456
4470
4621
4439
4332
4385
4516
4483
4614
4580
4611
4504
4701
4713
4672
4516
4548
4532
4556
4667
4501
4673
4623
4612
4744
4664
4656
4585
4648
4676
4537
4617
4562
4629
4615
4832
4809
4703
4760
4575
4749
4634
4586
4700
4846
4745
4682
4498
4635
4676
4648
4747
4782
4715
4783
4960
4891
4704
4841
4807
4714
4797
4885
4728
4906
4819
4883
4763
4846
4727
4944
4929
4762
4860
4940
4819
4873
5093
4835
4756
4852
4856
5001
4971
4999
4792
4947
5098
4908
4954
4935
4918
4968
4949
4799
5000
5057
5001
5104
5014
5053
5114
5134
5033
4953
4877
5020
5025
5042
4982
5003
5025
5052
5087
5026
5172
5004
5070
5100
5198
5122
5134
5304
5171
5222
5195
5148
5192
5016
5202
5054
5259
5244
5273
5398
5442
5352
5390
5220
5324
5232
5276
5287
5268
5411
5330
5231
5386
5435
5336
5409
5228
5428
5439
5335
5283
5426
5254
5466
5345
5485
5497
5290
5299
5456
5370
5359
5327
5551
5649
5411
5574
5478
5617
5540
5397
5572
5561
5440
5325
5422
5475
5417
5457
5591
5532
5509
5551
5515
5691
5570
5494
5575
5725
5852
5624
5489
5578
5669
5599
5693
5569
5632
5701
6025
5608
5729
5987
5781
5716
5776
5758
5846
5666
5777
5746
5584
5727
5710
5750
5761
5865
5686
5753
5828
5847
5991
5829
5922
5724
5989
5891
5852
5883
5833
5949
5895
6021
5949
5903
5966
6064
5899
5869
6081
5830
5858
6040
5979
6119
5981
5943
5983
6131
6070
6017
6129
5952
5911
5926
6095
6223
6171
5953
6209
5990
6162
6094
6020
6059
6349
6319
6171
5890
6147
6204
6164
6272
6352
6281
6245
6380
6290
6138
6308
6246
6069
6298
6338
6319
6267
6305
6149
6143
6442
6258
6491
6508
6232
6253
6449
6453
6496
6340
6400
6420
6546
6366
6456
6380
6495
6545
6505
6420
6465
6374
6487
6656
6612
6468
6506
6393
6236
6440
6217
6216
6277
6313
6471
6295
6317
6470
6526
6445
6603
6757
6625
6746
6664
6663
6669
6694
6824
6821
6836
6788
6697
6573
6749
6643
6690
6875
6870
6790
6840
6733
6807
6915
6707
6943
6739
6906
6826
6889
6782
6766
6937
6878
6824
7045
6926
6938
7003
6968
6953
6923
6998
6944
6880
6942
6952
6993
7009
6893
6939
7032
6991
6965
6951
7287
6998
7022
7184
7106
7166
6955
7169
6938
7185
7204
6901
6966
7006
7020
6973
7173
7190
7145
7169
7219
7274
7378
7275
7476
7213
7226
7673
7350
7297
7318
7250
7406
7357
7306
7317
7397
7409
7252
7411
7447
7302
7583
7572
7708
7517
7293
7593
7582
7542
7690
7329
7727
7711
7683
7561
7522
7416
7738
7565
7723
7490
7548
7671
7720
7588
7538
7606
7808
7813
7738
7745
7834
7784
7714
7973
7753
7736
7840
7533
7617
7985
7884
8029
7851
7775
7909
7907
8002
7999
7956
8079
8024
7838
7880
8036
7985
7967
7947
8032
7853
7979
7983
7882
8029
7843
8029
8226
8213
8405
8069
8074
8155
8281
8042
8192
8162
8054
8193
8252
8123
8404
8189
8220
8209
8070
8329
8396
8246
8372
8291
8258
8205
8303
8152
8281
8448
8448
8400
8389
8355
8450
8515
8377
8445
8260
8510
8463
8399
8583
8498
8569
8440
8646
8588
8570
8407
8656
8433
8374
8518
8501
8503
8628
8706
8500
8784
8705
8710
9004
8618
8823
8685
8662
8956
8861
8938
8764
8886
8926
9054
8885
8925
8859
8937
8927
8827
8928
8825
9077
9021
8877
8990
9139
9040
8965
8895
8938
8820
8728
8926
8922
8826
8920
9157
9041
9038
9346
8874
9084
9202
9215
9396
9320
9240
9202
9072
9230
9282
9450
9309
9314
9381
9482
9322
9201
9276
9390
9354
9135
9306
9501
9481
9398
9405
9484
9534
9414
9557
9518
9482
9700
9563
9575
9635
9638
9409
9647
9555
9687
9656
9815
9569
9890
9784
9572
9642
9748
9761
9748
9797
9672
9718
9827
9648
9638
9868
9828
9782
9589
9814
9881
9753
9744
10037
9869
9951
9898
10225
9931
10127
9993
9848
10157
9957
10020
10031
10106
10034
9980
9940
10023
9975
10195
9880
10129
10100
10341
10195
10329
10218
10177
10333
10218
10132
10308
10197
10077
10092
10184
10227
10403
10028
10171
10238
10170
10410
10393
10234
10255
10272
10273
10354
10234
10603
10419
10479
10522
10562
10545
10566
10474
10519
10470
10610
10330
10754
10492
10434
10340
10486
10501
10538
10641
10237
10711
10349
10580
10574
10536
10651
10741
10984
10632
10747
11020
10848
11100
10903
10980
11056
10804
11109
11045
10949
11080
10949
11046
11239
10924
11004
11229
10732
11108
10776
10954
10871
11028
11093
10854
10882
10741
10856
11112
10834
10746
10831
10804
11028
11202
11319
11366
11072
11227
11226
11433
11208
11075
11348
11263
11425
11250
11038
10873
10566
10343
10310
10283
9883
9650
9357
9238
9186
9074
9547
9688
10144
10293
10368
11010
11312
11522
11891
11930
11951
11875
12059
11980
12001
11806
12000
12093
11841
11913
12052
11934
11627
11935
11960
11803
11740
11970
12058
11953
11674
11736
11853
11776
11906
11860
11930
11756
11973
11800
12101
11901
12052
12197
12208
12172
12130
12397
12237
12223
12182
12332
12341
12088
12149
12403
12221
11946
12264
12134
12078
12327
12355
12426
12231
12507
12206
12241
12241
12305
12427
12296
12315
12292
12311
12454
12342
12533
12423
12612
12257
12524
12313
12536
12514
12425
12628
12474
12690
12580
12612
12550
12617
12661
12494
12484
12552
12649
12786
12811
12375
12574
12698
12682
12750
12617
12582
12676
12873
12891
12890
12672
12870
12837
13039
12973
12966
13179
13080
12927
13145
12853
13240
13085
13198
12970
13021
13037
13161
13133
13309
13172
13206
13244
13244
13333
13324
13273
13537
13629
13634
13573
13395
13636
13094
13097
13018
13028
12778
12746
12928
13174
12616
12923
12634
12751
13053
13038
13091
13569
13981
13522
13700
13491
13465
13620
13509
13485
13738
13602
13480
13614
13786
14019
13984
14207
13902
13880
13974
14162
13870
13969
13777
13896
13958
13875
13832
13985
13893
13868
14039
13960
14153
14128
14069
14159
13939
13827
14299
14338
14027
14308
14141
14029
14068
13935
14478
14419
14193
14336
14469
14565
14347
14104
14592
14250
14362
14394
14493
14391
14342
14642
14307
14503
14536
14396
14394
14500
14459
14650
14538
14520
14389
14557
14749
14626
14565
14417
14356
14809
14584
14829
14577
14612
15030
14843
14777
14812
14602
14663
14895
14838
15093
14820
14968
14705
15095
15007
14778
14930
14935
14896
15026
15094
15120
15131
14978
15009
15191
15264
15169
15386
15299
15146
15178
15363
15191
15236
15492
15294
15406
15366
15309
15248
15394
15373
15377
15338
15341
15407
15680
15418
15339
15520
15456
15509
15691
15493
15625
15785
15513
15420
15552
15642
15537
15704
15511
15744
15834
15898
15760
15860
15678
15829
15453
15881
15590
15767
15768
15895
16006
15833
15975
15432
15849
15819
15654
16055
16132
15917
15974
15855
15771
15946
15782
16024
16104
15958
15876
16216
15991
16349
16159
16406
16158
16159
16144
15928
15820
15866
16130
15710
16132
16029
16090
16130
15988
16066
16212
16109
16120
16621
16115
16453
16244
16362
16342
16621
16465
16384
16577
16397
16612
16586
16515
16444
16825
16716
16462
16767
16912
16597
16946
16700
16715
16795
16776
16745
16640
16697
16741
16714
16827
16973
16905
16859
16936
16824
17174
16516
16934
16892
16906
16955
16643
17002
16959
16730
16951
16825
16776
17276
16901
16960
16972
16820
17195
17014
17234
17088
17086
17294
17307
16575
17213
17290
17424
17102
17318
17124
17322
17201
17087
17302
17452
17232
17279
17304
17430
17390
17454
17192
17362
17329
17272
17266
17436
17412
17581
17347
17572
17504
17397
17468
17536
17418
17481
17364
17566
17339
17578
17329
17745
17588
17540
17643
17664
17485
17683
17378
17773
17556
17752
17652
17761
17585
17966
17538
17774
18034
17842
17958
17716
17741
18055
17789
18034
17898
17664
17488
17862
17813
17835
17972
17857
17797
18154
17789
18000
17991
18330
17997
17762
17940
18084
18005
18005
18220
18031
18100
18018
18279
17902
17956
18366
18321
18013
18130
18085
17972
18338
17905
18428
18381
18112
17972
18308
18182
18280
17824
18092
18380
17983
18312
18194
18222
18625
18327
18106
18295
18183
18446
18244
18452
18476
18334
18577
18541
18809
18311
18484
18519
18613
18610
18472
18628
18624
18443
18587
18366
18716
18365
18192
18056
18116
18005
17882
18348
18073
17652
18064
17923
18271
18453
18693
18838
18891
19219
18632
19031
18696
18968
18820
18831
18691
18813
18904
18800
18921
18842
18832
19038
18760
18732
18883
18810
18736
18954
18774
18712
19137
18738
18634
18804
18730
18891
19232
19065
19298
18957
19098
18908
19004
19206
19010
18933
19226
18954
18858
19163
19204
18747
19444
19068
19146
19222
19278
19223
19186
18840
19234
19417
19664
19450
19236
19142
19149
19212
19468
19397
19091
19400
19209
19355
19352
19504
19119
19383
19482
19753
19452
19400
19106
19287
19558
19469
19473
19777
19594
19472
19164
19300
19546
19700
19418
19530
19528
19600
19302
19783
19553
19744
19605
19500
19348
19586
19356
19460
19668
19533
19732
19648
19765
19611
19594
19266
19532
19636
19389
19834
19492
19782
19525
19688
19835
19612
19805
19802
19815
19515
19508
19726
19666
19804
19826
19814
19712
19739
19818
19855
19898
19766
19893
20266
19584
19834
19781
20120
19769
19794
19962
20048
20109
19755
19738
19953
19788
19883
19913
19762
19702
20425
20210
19977
20086
20084
20078
20032
20004
20008
19753
20082
20217
19992
19818
19766
20083
19949
20141
19976
20076
20180
20004
20042
20382
20205
19888
20126
20068
19801
20182
20221
20218
20253
20242
20281
20425
20230
20319
20276
20053
20140
20142
20275
20327
20549
20196
20182
20038
19922
20021
20288
20644
20300
19960
20258
20429
20410
20185
20247
19992
20063
20375
20451
20281
20157
19950
20157
20034
20121
20484
20243
20626
20127
20220
20300
20459
20251
20373
20484
20270
20618
20138
20370
20596
20580
20457
20573
20352
20333
20337
20224
20443
20285
20048
20308
20632
20476
20450
20680
20208
20180
20261
20366
20472
20624
20432
20708
20708
20693
20422
20340
20234
20528
20524
20437
20836
20589
20530
20311
20159
20337
20438
20531
20741
20377
20597
20712
20473
20454
20705
20462
20516
20422
20550
20351
20764
20308
20318
20584
20351
20608
20505
20437
20492
20108
20366
20158
20393
20649
20372
20386
20401
19962
20473
20446
20588
20308
20678
20337
20160
20497
20270
20546
20365
20146
20349
20421
20376
20300
19872
19956
19970
20154
19805
19919
20077
20069
20086
20130
20024
20110
20519
20382
20525
20770
20753
20586
20164
20463
20480
20431
20754
20351
20327
20256
20303
20429
20630
20186
20652
20632
20436
20538
20213
20487
20552
20655
20646
20306
20536
20567
20090
20897
20389
20751
20596
20500
20447
20557
20476
20434
20538
20480
20590
20245
20132
20627
20406
20522
20278
19924
20061
20079
20012
20299
20404
20460
20160
20203
20075
20036
20172
20320
20019
20108
20090
20328
20089
19928
20266
20161
20062
19898
19979
20013
19776
20630
20091
20228
20273
20222
20090
20298
20227
20290
20327
20062
19889
20164
20149
20153
20136
19962
20304
20024
19832
20119
20183
19878
20013
20183
20238
20060
19946
19940
19850
19819
20032
20035
20201
19854
19938
20012
19983
19612
19644
20158
19629
19694
19889
19919
20005
19771
19856
19995
19726
19744
19782
19997
20144
20205
19801
20026
19802
19946
19675
20029
19875
19898
19617
19844
19938
19483
19954
19669
19620
19658
19628
19634
19498
19871
19700
19682
19640
19542
19410
19804
19437
19738
19626
19654
19517
19283
19404
19787
19588
19657
19790
19267
19345
19470
19346
19705
19399
19433
19212
19375
19415
19394
19327
19310
19353
19600
19573
19465
19373
19345
19433
19481
19280
19381
19274
19272
19342
19564
19382
19481
19048
19175
19048
19178
19020
19234
19177
18836
18932
19354
19002
19183
19055
18982
19083
18944
18901
19271
19030
18971
18860
19050
19193
18730
19009
19062
19101
18922
19284
18728
18721
18885
18706
18702
18921
18503
18656
18804
18716
18740
18820
18654
18842
18778
19004
18432
18532
18933
19019
18940
18737
18661
18756
18514
18454
18143
18320
18484
18199
18068
18341
18202
18208
18078
18253
18248
18037
18092
18113
18371
18174
18488
18735
18477
18347
18357
18372
18180
18458
18260
18194
18082
18180
17860
18209
18054
18141
18056
18319
17874
18136
17827
17946
17830
17739
17554
17717
17980
17913
17895
17920
17768
17815
17696
18032
17933
17805
17984
17962
17739
17774
17747
17801
17434
17545
17495
17527
17576
17536
17668
17515
17396
17386
17668
17208
17664
17194
17562
17682
17456
17245
17336
17220
17628
17516
17215
17367
17390
17261
17383
17366
17398
17210
17220
17221
17100
17291
17168
17118
17021
16882
17096
17107
17024
17009
17310
17018
16874
16986
16601
16828
16374
16541
16359
16555
16409
16453
16547
16616
16597
16613
16437
16308
16364
16311
16402
16361
16330
16317
16263
16640
16432
16223
16300
16600
16518
16690
16607
16578
16376
16595
16218
16548
16301
16220
16469
16142
16235
16122
15958
16386
16010
16114
16006
15732
15641
15725
15307
15390
15620
15418
15562
15281
15402
15668
15721
15733
15794
15972
16158
16039
16024
15765
15581
15716
15384
15569
15659
15776
15908
15552
15396
15684
15621
15415
15488
15471
15412
15382
15260
15415
15430
15277
15188
15245
15332
15403
15254
15338
15209
15245
14971
15082
15060
15262
14968
14897
15146
14927
15163
14933
14941
14813
14780
14541
14109
14151
14262
14138
14421
14634
14411
14472
14659
14458
14515
14736
15090
14753
14740
14646
14451
14374
14538
14453
14361
14365
14487
14534
14507
14395
14410
14186
14324
14144
14100
14241
14423
14167
14016
13764
14052
13698
13896
13762
13806
13696
13903
13765
13899
13858
13634
13812
13764
13547
13664
13812
13582
13889
13665
13837
13576
13780
13501
13365
13599
13533
13584
13426
13522
13433
13554
13486
13443
13284
13526
13541
13316
13195
13290
12985
13456
13400
13249
13302
13013
13127
13119
13169
12868
13159
12977
13192
13008
12811
12872
12972
12924
12753
12921
12932
13045
12921
12742
12730
12892
12795
12594
12596
12672
12891
12672
12789
12562
12637
12639
12609
12472
12546
12372
12441
12740
12594
12452
12449
12279
12371
12371
12044
12029
11637
11810
11785
12134
11995
12209
11779
12051
12079
11967
12039
11748
11953
12139
11784
11799
11838
11577
12163
11813
11988
11764
11620
11864
11567
11829
11614
11706
11563
11822
11579
11547
11512
11609
11551
11589
11296
11383
11505
11516
11524
11538
11476
11241
11315
11441
11574
11346
11197
11079
11451
11429
11476
11073
11193
11292
11173
11262
11263
11089
11315
11195
10997
11024
11303
10857
11105
11133
11120
11035
10914
10945
10696
10917
10886
10996
10666
10852
10643
10796
10723
10860
10852
10849
10688
10704
10804
10741
10642
10565
10819
10742
10500
10670
10798
10639
10584
10525
10486
10314
10621
10422
10488
10432
10436
10171
10407
10146
10278
10338
10135
10329
10367
10177
10511
10237
10194
10076
10265
10053
10281
10441
10306
10136
10116
10075
10414
10307
10055
9945
10070
10090
9961
10149
9865
10078
9807
10038
9914
9812
9825
9810
9982
10057
9878
9980
9877
9774
9750
9723
9933
9748
9836
9968
9807
9900
9902
9716
9780
9835
9664
9566
9662
9939
9724
9826
9613
9694
9629
9718
9453
9673
9693
9443
9728
9664
9314
9571
9507
9499
9476
9391
9541
9274
9453
9343
9537
9540
9174
9499
9349
9427
9473
9405
9339
9437
9430
9439
9565
9544
9443
9418
9434
9432
9435
9238
9242
9373
9474
9081
9179
9117
9275
9387
9252
9412
9197
9456
9268
9300
9245
9266
9328
9181
9348
9197
9340
9070
9129
9330
9398
9300
8973
9121
9216
9336
9266
9079
9186
9235
9322
9298
9165
9297
9385
9240
9045
9246
9266
9288
9173
9246
9192
9233
9094
9217
9192
9172
9173
9139
9459
9219
9168
9197
9147
9188
9149
9007
9126
9251
9136
9183
9202
9276
9291
9295
9363
9404
9242
9312
9115
9112
9346
9387
9232
9174
9146
9356
9257
9236
9172
9328
9090
9069
9362
9501
9261
9280
9326
9392
9229
9179
9014
9130
9225
9289
9148
9242
9166
9392
9467
9134
9308
9439
9523
9473
9451
9238
9448
9262
9220
9145
9319
9298
9441
9435
9267
9307
9268
9346
9471
9310
9477
9354
9364
9487
9580
9608
9689
9355
9662
9737
9616
9613
9544
9513
9786
9532
9544
9731
9478
9652
9586
9557
9710
9609
9754
9540
9767
9586
9709
9640
9705
9638
9821
9806
9606
9733
9803
10013
9773
9880
9845
9922
9724
9898
9652
9819
9780
9770
9756
10004
9880
9927
9824
10028
10115
9925
9734
10174
9926
9804
9861
9789
9919
9832
9992
10043
10006
9858
9876
9817
9881
10010
10126
9966
9831
10211
10182
10013
10141
10014
10213
9932
10116
10029
10275
10148
10479
10314
10098
10165
10163
10245
10298
10343
10340
10019
10169
10566
10217
10084
10219
10309
10385
10261
10458
10414
10435
10195
10517
10496
10156
10247
10276
10277
10222
10351
10322
10560
10544
10496
10164
10218
10457
10610
10446
10570
10513
10752
10496
10515
10588
10540
10516
10511
10617
10486
10627
10463
10617
10628
10548
10625
10352
10564
10641
10546
10590
10507
10608
10669
10568
10617
10881
10724
10625
10779
10696
10689
10608
10761
10907
10534
10691
10870
10652
10809
10604
10451
10759
10706
10838
10608
10619
10752
10728
11017
10670
10687
10773
10632
10877
10827
10576
10652
10617
10608
10612
10477
10459
10388
10613
10752
10828
10752
10967
10913
10835
10897
10758
11003
10992
10852
10931
10725
10952
10781
10807
10757
10880
10704
10883
10870
10955
10800
10939
10910
10772
10705
11047
10812
10830
10884
10672
10800
10965
11061
10863
11086
10923
10912
10837
10960
10862
10711
10791
10858
10719
10906
10998
10910
11009
10948
10956
10905
10870
10891
11104
10817
10754
10829
10861
10930
10772
10864
10817
10697
10895
11019
10852
10800
10899
10762
11087
10890
10972
10894
10808
10540
10634
10735
10762
10630
10800
10738
10688
10970
10590
10762
11090
10804
10817
10828
10804
10900
10675
10661
10829
10700
10834
10758
10774
10520
10736
10795
10677
10719
10795
10973
10718
10596
10600
10500
10586
10665
10316
10770
10466
10658
10455
10457
10726
10368
10482
10589
10565
10767
10690
10525
10610
10604
10341
10365
10380
10199
10318
10186
10406
10406
10480
10443
10253
10654
10666
10459
10456
10178
10232
10287
10416
10233
10203
10505
10174
10380
10347
10213
10351
10077
10234
10061
10133
10004
9977
10064
10084
9966
10122
9982
9883
9926
10059
9837
10006
9987
10115
10084
10187
10040
9993
9958
10126
10100
9962
10070
9970
9858
9880
9848
9854
9863
9822
9859
9614
9806
9762
9902
9756
10026
9487
9888
9909
9924
9457
9742
9678
9439
9773
9489
9634
9595
9685
9442
9550
9534
9591
9352
9340
9401
9556
9346
9360
9538
9220
9341
9435
9369
9273
9188
9224
9309
9204
9264
9331
9178
9148
9157
9206
9115
9211
9338
8990
9034
9253
9076
8962
8972
8844
8833
8902
8696
8970
8949
8984
8841
8914
8973
9147
9026
8900
8994
8760
8585
8358
8355
8097
8142
8389
8357
8398
8239
8422
8529
8585
8569
8520
8591
8484
8470
8421
8245
8409
8223
8232
8355
8272
8292
8057
8138
7949
8234
7986
7984
8008
8082
7986
8029
7750
7881
7815
8050
7964
7910
7657
7848
7638
7461
7677
7637
7402
7660
7568
7592
7643
7630
7444
7520
7418
7445
7550
7284
7379
7324
7246
7347
7452
7417
7220
7057
7258
7133
6989
7020
7053
6812
7112
7033
6804
6954
6694
6938
7103
6933
6852
6903
6593
6728
6805
6889
6702
6468
6435
6550
6500
6523
6515
6612
6571
6312
6477
6338
6234
6353
6259
6321
6422
6326
6210
6218
6156
6081
6058
6048
5960
6003
6002
5963
5808
5850
6031
5918
5764
5639
5656
5855
5634
5665
5766
5683
5584
5710
5596
5400
5350
5360
5467
5455
5487
5536
5365
5341
5437
5312
5476
5169
5316
5133
5170
5319
5159
5246
5004
5082
5133
5012
5067
5040
4828
4793
4922
4830
4878
4779
4736
4695
4833
4583
4679
4679
4591
4481
4405
4319
4247
4370
4428
4437
4262
4365
4567
4214
4286
4301
4300
4237
4266
4333
4231
4146
4221
4015
4271
4185
4141
4186
4115
4150
3871
3802
4046
4051
4113
4047
3919
3891
3917
3712
3966
3718
3878
3859
3723
3819
3763
3815
3711
3725
3874
3669
3541
3686
3651
3649
3607
3606
3645
3587
3537
3430
3363
3372
3552
3485
3471
3417
3407
3420
3413
3436
3423
3478
3282
3362
3326
3419
3288
3189
3280
3138
3156
3223
3143
3222
3248
3171
3150
3131
3166
3099
3156
3068
3290
3178
3118
