3325
3303
3376
3375
3311
3253
3345
3333
3400
3396
3249
3237
3180
3296
3244
3288
3384
3307
3330
3376
3336
3430
3146
3325
3400
3344
3309
3358
3358
3370
3446
3336
3462
3447
3409
3404
3536
3412
3510
3406
3424
3402
3377
3433
3377
3477
3451
3492
3546
3522
3397
3474
3421
3362
3494
3566
3426
3416
3386
3465
3411
3501
3501
3391
3356
3465
3465
3298
3328
3295
3434
3471
3368
3439
3485
3546
3433
3628
3536
3491
3574
3587
3639
3632
3568
3525
3600
3660
3632
3586
3514
3733
3444
3523
3577
3593
3524
3518
3731
3566
3629
3580
3635
3660
3771
3643
3602
3693
3582
3707
3699
3673
3678
3754
3713
3696
3653
3696
3645
3690
3649
3647
3766
3741
3741
3606
3783
3722
3730
3678
3751
3638
3707
3832
3659
3754
3848
3763
3742
3717
3809
3781
3828
3710
3802
3799
3692
3777
3725
3860
3870
3683
3698
3774
3932
3879
3762
3783
3768
3691
3769
3751
3925
3705
3814
3857
3806
3926
3820
3960
3868
3786
3760
4034
3837
3833
3815
3959
3900
3997
3926
3909
3976
3956
3819
4037
4056
3897
3983
3978
3940
4005
4099
3970
3981
3984
3878
3967
3965
3979
4030
3962
3929
3940
3908
4033
3965
3990
3972
4049
4048
4167
4152
3962
4109
4089
4103
4063
3974
3978
4143
3909
4067
3955
3939
3989
4088
4155
3985
4103
4096
4114
4110
4170
4141
4092
4087
4111
4168
4203
4142
4115
4182
4238
4218
4353
4210
4312
4216
4297
4157
4312
4270
4239
4397
4280
4287
4170
4233
4219
4264
4362
4367
4388
4266
4469
4484
4328
4425
4460
4391
4289
4297
4460
4287
4319
4310
4379
4370
4373
4414
4520
4293
4325
4400
4482
4417
4445
4521
4498
4293
4433
4302
4454
4372
4526
4469
4377
4519
4438
4467
4373
4267
4500
4463
4386
4482
4528
4370
4632
4495
4687
4515
4622
4643
4576
4485
4675
4605
4628
4711
4578
4610
4654
4456
4728
4786
4567
4688
4683
4620
4591
4736
4458
4770
4635
4708
4619
4593
4746
4680
4502
4702
4639
4696
4516
4592
4771
4643
4751
4510
4514
4702
4584
4747
4720
4494
4739
4799
4716
4855
4791
4765
4733
4778
4858
4837
4750
5037
4927
4858
4758
4788
4713
4785
4963
4870
4774
4763
4948
4921
4989
4836
4978
4811
5012
5037
4966
4986
4916
4843
4923
4936
4991
4957
4952
5027
4985
5075
4945
5058
5032
5005
5014
5119
4963
5079
4909
5017
5096
5138
5066
5013
5280
5304
5062
5150
5056
5242
5019
5094
5147
5168
5003
5137
5177
5154
5080
5226
5248
5129
5139
5155
5262
5169
5183
5263
5257
5215
5050
5119
5159
5244
5148
5298
5296
5184
5223
5245
5316
5428
5417
5333
5266
5485
5480
5356
5330
5560
5424
5413
5528
5362
5293
5468
5367
5356
5471
5453
5561
5365
5548
5598
5641
5692
5402
5628
5567
5452
5681
5356
5541
5557
5546
5441
5540
5555
5650
5436
5621
5506
5654
5637
5654
5648
5677
5551
5514
5474
5625
5653
5623
5487
5716
5789
5637
5714
5587
5651
5798
5664
5566
5689
5696
5656
5605
5645
5675
5684
5753
5758
5968
5733
5853
5618
5904
5697
5974
5676
5904
5542
5912
5783
5896
5750
5861
5829
5989
5816
5970
6109
5729
5940
5969
5950
6013
6001
6143
5764
5935
5913
6128
6012
5950
5934
6097
6032
5969
6078
6262
6056
6053
6057
6077
6141
6279
6329
6149
6105
6278
6097
6115
6164
6236
6175
6348
6298
6294
6107
6194
6163
6232
6465
6245
6185
6418
6158
6233
6417
6314
6293
6376
6380
6244
6178
6224
6373
6301
6440
6246
6328
6436
6247
6392
6426
6416
6401
6378
6402
6328
6377
6465
6553
6484
6433
6475
6546
6547
6528
6506
6362
6539
6419
6393
6341
6439
6397
6351
6303
6300
6313
6338
6484
6531
6580
6558
6473
6644
6871
6656
6618
6581
6630
6678
6907
6966
6621
6811
6621
6801
6703
6648
6854
6631
6731
6676
6861
6810
6717
6804
6849
6716
6817
6924
6832
6820
6852
6998
6778
6786
7051
6739
6828
6724
7094
6948
6891
6858
6863
6996
7012
7150
6944
7014
7094
7011
7043
7003
6897
6972
7093
7026
7013
7112
7105
7213
7314
7132
6946
7201
7117
7053
7132
6984
7159
6872
7082
7190
7189
7389
7296
7386
7362
7367
7196
7235
7481
7448
7525
7417
7414
7210
7511
7213
7343
7515
7255
7392
7493
7203
7284
7334
7282
7580
7455
7404
7596
7581
7667
7608
7442
7607
7444
7450
7618
7720
7437
7457
7630
7634
7481
7592
7611
7572
7761
7640
7621
7621
7670
7646
7729
7712
7659
7745
7768
7793
7579
7709
7710
7763
7845
7795
7680
7749
7637
8016
7974
7890
7769
7836
7880
7832
7734
7941
8003
7957
7918
8041
8022
8202
7979
8157
7938
7927
8025
7990
8074
7888
7910
7934
8034
8122
8016
8206
8061
8300
8264
8168
8114
8147
8048
8230
8151
8276
8008
8169
8149
8263
8222
8280
8300
8477
8337
8263
8322
8398
8397
8442
8392
8169
8263
8109
8426
8201
8250
8229
8187
8620
8314
8376
8569
8634
8691
8483
8423
8484
8530
8687
8411
8507
8536
8638
8554
8612
8638
8609
8802
8723
8907
8611
8813
8623
8796
8717
8856
8747
8771
9038
8996
8801
8821
8769
8950
8868
9069
8985
8962
8893
8884
8815
8930
8893
8934
8925
9016
9000
8844
8955
9002
8912
8718
9060
8939
8846
9071
8973
9213
8878
9217
8968
9236
9182
9197
9120
9188
9482
9193
9275
9468
9402
9376
9292
9444
9294
9332
9467
9409
9255
9482
9365
9277
9320
9444
9516
9283
9565
9409
9556
9504
9702
9715
9454
9638
9400
9737
9595
9627
9382
9515
9572
9714
9668
9710
9538
9652
9606
9821
9655
9722
9701
9755
9712
9757
9678
9871
9790
9721
9754
9788
9875
9848
10022
9986
9800
9818
9879
10128
9646
9969
9987
9870
9976
10001
10007
10083
10011
9820
10009
9994
10042
10027
10070
9802
9973
10211
9979
10052
10160
10009
10048
10048
10207
10269
10216
10126
10225
10164
10115
10050
10292
10084
10354
10304
10433
10402
10103
10233
10144
10230
10275
10431
10264
10397
10333
10449
10231
10356
10590
10629
10496
10474
10579
10592
10562
10736
10642
10571
10397
10670
10452
10425
10470
10496
10704
10867
10551
10382
10223
10391
10548
10616
10687
10863
10712
10847
10752
10753
11044
10765
10841
10935
11051
11037
10993
11065
10957
11002
10776
11036
11050
10985
11054
10793
10972
10860
10944
11129
10801
10812
11119
10781
10932
11021
10824
10916
10660
10852
10792
11041
10900
11030
11310
11484
11267
11093
11325
11343
11204
11230
11264
11261
11371
11356
11106
10845
10703
10405
10266
10138
9870
9738
9382
9264
9365
9215
9469
9732
10000
10051
10528
10802
11139
11636
11756
11787
12019
12070
12111
12125
11988
12033
12041
11916
11858
11703
11685
11818
11777
11805
12087
12100
11926
12102
11969
11888
11984
11914
11817
12093
11876
11860
11863
11837
11885
12016
11948
12090
12044
12263
12061
12289
12033
12270
11902
12143
12187
12205
12296
12298
12318
12274
12094
12124
12127
12266
12140
12366
12210
12010
12251
12426
12188
12100
12308
12187
12141
12373
12223
12149
12165
12414
12448
12459
12306
12448
12672
12591
12552
12515
12579
12432
12469
12601
12510
12586
12570
12460
12474
12687
12672
12538
12531
12514
12648
12706
12763
12673
12557
12672
12565
12817
12634
12554
12967
12796
12800
12745
12912
12657
13128
13037
12880
13226
12899
13404
12967
12910
13231
13193
13148
13150
13173
13185
13340
13299
13163
13505
13404
13301
13385
13197
13360
13305
13079
13622
13384
13547
13335
13287
13440
13114
13232
12925
12894
12828
13031
12657
12818
12573
12478
12880
13028
13129
13161
13589
13521
13696
13558
13509
13481
13583
13679
13867
13612
13716
13624
13655
13804
13707
13768
13796
13793
13945
14015
13706
13861
13789
13780
13793
14075
13870
14117
13818
13731
13914
13869
13898
13971
14012
14125
13879
14240
14172
14452
13861
14180
14004
14029
14300
14537
14151
14264
14271
14164
14203
14306
14588
14605
14109
14219
14122
14266
14473
14354
14353
14320
14392
14457
14596
14450
14576
14540
14733
14594
14488
14302
14580
14763
14431
14404
14816
14656
14632
14626
14722
14598
14809
14773
14578
14765
14708
14813
14913
14698
14666
14667
14981
14704
14948
14745
14645
15108
15226
14902
14877
14693
14777
15173
15113
14916
14923
15060
15168
15092
14980
14955
15106
15267
15190
15340
15420
15395
15177
15058
15088
15602
15251
15326
15183
14984
15350
15402
15569
15304
15140
15308
15665
15380
15285
15594
15381
15418
15644
15381
15334
15664
15658
15645
15891
15673
15629
15770
15591
15645
15704
15444
15796
15799
15829
15648
16146
15825
15850
15773
15925
15958
15723
15600
15750
15664
15688
15744
15791
15704
15880
15872
15752
15736
15771
16036
15873
16319
16034
15856
16036
16223
16032
16051
16390
16114
15917
16082
16030
15836
15975
15644
15812
15936
16021
15851
16139
16100
16330
16113
16297
16109
16397
16255
16237
16159
16342
16501
16604
16516
16362
16645
16450
16455
16520
16217
16736
16448
16580
16598
16710
16497
16460
16424
16552
16521
16810
16611
16512
16616
16651
16689
16813
16596
16730
16648
16891
16801
16786
16826
16868
16474
17016
16999
16640
16719
17052
16883
16953
17152
17146
16836
16777
16896
17112
16834
17195
17365
16902
17113
16983
17292
17124
17115
17183
17101
17024
17198
17153
16986
17370
17277
17274
17293
17206
17326
16874
17269
17258
17243
17348
17430
17305
17082
17524
17521
17524
17542
17108
17402
17354
17314
17332
17476
17432
17436
17240
17556
17554
17403
17566
17525
17498
17549
17476
17621
17582
17667
17762
17848
17569
17704
17549
17725
17618
17778
17682
17478
17786
17744
17886
17957
17855
17783
17511
18000
17798
17892
17464
17853
17932
17868
17984
17894
17558
17986
17929
17862
17768
17892
17908
17724
18044
18123
18083
17996
18084
18235
17998
17997
17929
18149
18238
18311
18060
18133
18196
18115
18217
18436
18316
18244
18030
18037
18237
18253
18122
18148
18008
18393
18258
18185
18233
18621
18125
18362
18140
18262
18415
18324
18366
18309
18351
18359
18248
18126
18123
18159
18568
18420
18624
18495
18583
18397
18613
18938
18414
18610
18548
18666
18422
18416
18422
18201
18178
18163
18250
18266
18331
18218
17805
18244
18148
18217
18560
18784
18736
18976
18828
18868
18918
18540
18909
18760
18885
18735
18768
18861
18894
19268
18853
18797
19046
18793
18539
18832
18929
18705
19072
18985
18904
19140
19008
18946
18752
18807
19038
18726
18965
18974
18888
19206
19116
19033
19277
19225
19193
19020
18966
19410
19127
19322
19156
19314
18970
19250
19193
19329
19380
19104
19275
19317
19311
19172
19221
19500
19417
19221
19201
18859
19426
19515
19686
19098
19619
19504
19617
19493
19559
19265
19210
19104
19339
19357
19514
19578
19468
19350
19552
19629
19410
19554
19568
19712
19431
19687
19594
19508
19522
19566
19310
19554
19492
19469
19588
19362
19659
19804
20052
19958
19863
19617
19861
19642
19506
19624
19351
19829
19428
19754
19747
19653
19517
19483
19372
19624
19825
19748
19782
20090
19576
19851
19698
19682
19608
19919
19852
19605
19727
19974
19872
19785
19869
19736
19755
19940
19636
20006
19997
19830
19769
19972
19951
19860
19905
19876
19858
19935
20121
19932
19898
20100
19908
20211
19775
20000
20091
20086
19950
19955
20134
20271
19974
19957
19960
19963
20123
19948
20332
20037
20108
20168
19801
20306
19988
20126
20168
20150
20212
20032
20114
20283
20203
20062
20229
19831
20251
20032
20423
20107
20134
19988
20144
20240
20330
20392
20744
20262
20022
20109
20017
20365
20052
20345
20381
20415
20361
20153
20475
20427
20242
20178
19885
20464
20226
19956
19980
20438
19945
20168
20280
20146
20305
19996
20173
20470
20318
20229
20552
20386
20522
20298
20141
19963
20224
20313
20363
20586
20423
20524
20409
20198
20387
20772
20475
20490
20618
20238
20360
20437
20658
20632
20468
20518
20549
20418
20574
20718
20548
20414
20366
20678
20488
20626
20404
20845
20838
20516
20795
20719
20776
20392
20383
20615
20338
20253
20697
20502
20481
20486
20449
20444
20611
20132
20257
20182
20484
20410
20429
20440
20413
20171
20374
20268
20187
20149
20331
20043
20588
20456
20617
20536
20257
20772
20186
20414
20321
20612
20685
20469
20601
20538
20522
20562
20036
20276
20224
20015
20183
20084
19938
20396
19931
20232
19985
20026
20078
19899
20216
20280
20067
19976
19964
19986
20545
20336
20332
20351
20358
20290
20404
20582
20685
20855
20549
20772
20229
20426
20634
20396
20621
20177
20436
20555
20292
20215
20267
20244
20374
20362
20546
20505
20632
20633
20736
20892
20657
20520
20329
20584
20076
20784
20352
20249
20332
20482
20565
20573
20509
20614
20448
20535
20112
20432
20153
20082
20313
20342
20386
20773
20155
20389
20076
19972
20078
20170
20229
20325
20376
20351
20296
20219
20350
20170
20048
20276
20413
20413
20105
20068
20256
20090
20160
20085
20271
20304
20117
20370
20043
20061
20347
20157
19910
19732
19968
20116
20463
19931
19985
20184
20013
20302
20202
20075
20014
20140
19970
20281
20168
19851
20424
20162
19907
20207
20219
20098
19951
19999
20121
20102
19849
20014
20278
19622
19588
19988
19956
19842
20112
20033
19918
20125
20132
19832
19930
19917
20001
19835
19938
19751
19748
19932
19667
19972
19888
19634
19790
19670
19828
20004
20037
19403
19453
19567
19780
19832
19716
19617
19564
19167
19773
19734
19431
19722
19381
19626
19604
19517
19251
19494
19607
19573
19382
19455
19505
19325
19721
19672
19338
19538
19154
19488
19427
19648
19356
19498
19277
19368
19348
19222
19105
19250
19434
19370
19397
19293
19155
18873
19302
19218
18982
19049
19040
19512
19238
19090
19088
18888
19243
19085
18922
18866
19081
19307
19133
19178
18972
19082
18884
18944
18770
18935
18950
18874
18651
18657
19088
18695
19145
19138
19084
18887
18900
18884
18802
18962
18898
18932
18965
18669
18792
18703
18715
19016
18801
18571
18876
18741
18705
18620
18390
18666
18801
18503
18332
18076
18235
18372
18379
18322
18522
18086
18092
17953
18464
18383
18241
18678
18205
18301
18267
18376
18268
18086
18323
18130
18020
18220
18290
18013
17935
18581
18286
18354
18122
18313
17854
17813
18018
18298
18174
17972
18227
17940
18092
17753
17774
17780
17618
17682
18070
17540
17796
17920
17476
17609
17618
17878
18056
17606
17789
17560
17595
17592
17547
17605
17724
17625
17472
17666
17318
17503
17437
17795
17422
17559
17320
17448
17704
17676
17372
17249
17618
17583
17306
17361
17498
17287
17388
17160
17253
17226
17242
17156
17048
16946
16992
17029
17147
17181
16986
16911
16956
17048
17044
16831
17060
16730
16753
16450
16296
16541
16717
16617
16481
16410
16758
16606
16727
16665
16516
16503
16520
16182
16301
16458
16351
16532
16177
16389
16361
16653
16489
16440
16631
16349
16464
16651
16562
16316
16280
16082
16441
16140
16414
16360
16265
16146
16206
16171
16383
16377
15853
15801
15478
15638
15556
15787
15605
15455
15419
15445
15461
15390
15624
15907
15798
15967
15802
15696
15910
16143
15774
15579
15786
15575
15616
15597
15408
15654
15205
15949
15464
15284
15512
15535
15387
15464
15484
15285
15358
15509
15413
15177
15456
15520
15327
15393
15140
15078
15350
15084
15264
15242
15051
15067
14833
15108
15308
15318
15099
15175
14832
14486
14536
14095
14000
14269
14443
14217
14373
14269
14597
14484
14564
14612
14569
14621
14519
14636
14683
14573
14705
14573
14649
14390
14735
14394
14340
14445
14371
14186
14276
14340
14134
14244
14338
14237
14322
14392
14032
13804
13740
13997
14109
14062
13814
13777
13827
13947
13874
13826
13994
13707
13797
13774
14060
13681
13811
13764
13696
13495
13946
13677
13515
13434
13283
13447
13445
13348
13672
13287
13376
13402
13660
13277
13408
13243
13203
13402
13346
13465
13303
12935
13158
12970
13352
13094
13244
13193
13046
13003
13073
13069
13067
12881
12643
13108
13016
12959
13236
12804
12772
12621
12594
12852
12778
12808
12571
12918
12657
12663
12547
12593
12786
12581
12518
12470
12585
12449
12496
12585
12511
12629
12536
12278
12249
12248
12096
12010
11980
11982
11904
11962
12170
11845
11917
11918
12033
11964
11970
12041
11992
11857
11876
11763
12130
12053
11927
11844
12038
11916
11821
11759
11925
11895
11462
11669
11883
11608
11440
11588
11681
11641
11602
11684
11657
11649
11604
11624
11455
11497
11325
11463
11421
11376
11286
11331
11366
11428
11325
11331
11599
11135
11256
11333
11309
11290
11122
11049
11186
11178
11152
11147
11070
11277
11181
11081
10885
10860
10848
11028
11052
10823
10992
10941
10982
10901
10851
10729
10938
10852
10821
10957
10655
10724
10718
10773
10933
10793
10795
10545
10496
10707
10680
10582
10669
10586
10839
10711
10824
10653
10560
10506
10797
10193
10509
10386
10323
10290
10555
10424
10401
10282
10454
10276
10501
10587
10428
10212
10219
10162
10388
10266
10295
10070
10139
10391
10160
10163
10012
10010
10178
10245
10162
10197
10063
9961
9887
10033
10236
9950
10026
9938
9980
9877
10069
10198
10109
9966
9967
9867
9968
9944
9983
9886
9825
9834
9852
9997
9768
9903
9872
9736
9787
9948
9884
10018
9780
9652
9883
9610
9746
9837
9771
9745
9619
9696
9662
9788
9685
9459
9679
9538
9552
9538
9707
9554
9633
9704
9541
9546
9528
9459
9781
9525
9667
9583
9581
9713
9580
9522
9531
9618
9580
9409
9391
9548
9466
9368
9500
9437
9491
9564
9650
9692
9414
9406
9610
9499
9416
9455
9389
9343
9503
9657
9458
9425
9628
9575
9391
9464
9567
9435
9506
9452
9441
9437
9432
9401
9237
9531
9276
9487
9287
9369
9384
9297
9590
9365
9445
9524
9369
9483
9333
9441
9341
9473
9222
9482
9601
9558
9358
9388
9418
9242
9242
9600
9553
9462
9419
9295
9436
9480
9549
9496
9482
9428
9641
9681
9504
9501
9371
9529
9405
9454
9517
9719
9397
9488
9460
9623
9258
9501
9599
9583
9500
9539
9616
9617
9567
9460
9565
9512
9398
9606
9586
9542
9574
9773
9644
9568
9588
9853
9831
9586
9709
9594
9852
9576
9677
9714
9668
9488
9522
9469
9604
9642
9826
9685
9771
9828
9817
9800
9911
9936
10159
10049
9952
9920
10013
9802
9980
9906
9774
9991
10075
10204
9782
10046
10272
10164
10156
10185
10056
10036
9972
10045
10136
10018
10010
10194
10080
10176
9956
10149
10250
10248
9874
10143
10206
10188
10127
10305
10198
10321
10287
10320
10337
10363
10442
10411
10305
10552
10369
10309
10245
10412
10435
10229
10358
10480
10533
10442
10328
10406
10542
10199
10326
10341
10424
10275
10633
10625
10625
10622
10489
10555
10709
10610
10480
10513
10892
10596
10437
10677
10645
10811
10850
10915
10523
10833
10749
11150
10818
10781
10769
10794
10929
10732
10990
10940
10913
10988
10906
10857
10951
10863
10792
10953
10812
11053
10877
10944
10982
10888
10729
10884
10937
10941
11041
10760
10937
11040
11149
11232
11009
11255
11069
11241
11109
11169
11074
11222
11020
11017
11396
11269
11160
11054
11419
11220
11190
11099
11162
11174
11051
11355
11222
11242
11187
11128
11372
11396
11236
11104
11247
11212
11356
11080
11144
11470
11388
11178
11495
11376
11237
11568
11328
11233
11268
11491
11128
11479
11203
11373
11040
11320
11524
11357
11424
11370
11231
11343
11171
11030
11214
11205
11151
10986
10986
11222
11138
11586
11558
11542
11671
11589
11649
11716
11553
11702
11725
11626
11564
11456
11798
11469
11666
11547
11387
11721
11742
11354
11485
11493
11414
11577
11538
11657
11313
11636
11408
11463
11499
11298
11778
11578
11546
11715
11574
11627
11643
11860
11615
11710
11626
11437
11421
11700
11465
11639
11594
11398
11579
11668
11452
11566
11498
11498
11835
11626
11709
11482
11747
11492
11387
11594
11560
11445
11379
11655
11424
11450
11364
11500
11415
11418
11621
11371
11577
11376
11440
11472
11369
11420
11556
11428
11845
11452
11540
11441
11380
11531
11336
11537
11397
11560
11332
11588
11485
11366
11106
11195
11249
11364
11449
11335
11258
11229
11185
11215
11345
11401
11385
11197
11305
11346
11097
11511
11068
11189
11336
11060
11384
11318
11514
11313
11271
11020
11228
11240
11320
11029
11065
11102
11018
11101
11003
11056
11074
11048
11097
11184
11045
11070
11064
10953
10937
10823
10820
10850
10912
10753
11116
11077
10869
11114
10989
10952
10888
10797
10895
10874
10845
10482
10779
10611
10700
10679
10693
10651
10932
10688
10719
10558
10706
10749
10728
10797
10544
10789
10561
10557
10447
10540
10519
10396
10408
10421
10681
10602
10460
10437
10482
10240
10544
10341
10283
10434
10366
10204
10417
10369
10395
10293
9967
10408
10289
10269
10240
10258
10120
10002
10168
10222
10100
10324
9917
10024
10180
10155
9971
9984
9978
9826
9700
9825
9777
10089
10042
9931
9737
9678
9866
9772
9771
9766
9704
9623
9593
9685
9931
9547
9673
9437
9560
9444
9544
9360
9203
9554
9386
9141
9300
9482
9487
9460
9530
9369
9386
9423
8946
8841
8954
8662
8851
8829
9086
8974
9079
9160
8860
9017
9162
8952
8962
9012
9022
8765
8825
8930
8835
8897
8833
8772
8533
8576
8428
8675
8468
8660
8460
8632
8340
8478
8280
8419
8340
8369
8308
8205
8378
8075
8186
7963
8164
8395
7980
8118
7966
7997
7955
7808
7894
7722
7990
7677
7829
7689
7897
7779
7758
7780
7638
7777
7552
7632
7761
7389
7441
7506
7418
7388
7237
7434
7319
7354
7332
7536
7313
7371
7220
7270
7184
7185
7020
7224
7075
6778
7188
7110
6768
6994
6955
6988
6975
6722
6863
6792
6775
6801
6714
6592
6560
6505
6696
6417
6362
6502
6423
6450
6499
6317
6237
6200
6286
6237
6384
6472
6244
6225
6156
6218
6111
6130
5857
5940
5810
5880
6058
5773
5975
5703
5867
5716
5691
5574
5638
5557
5533
5570
5594
5596
5603
5460
5465
5443
5312
5446
5438
5315
5359
5275
5156
5149
5136
5001
5159
5147
4976
5051
5121
4979
4964
4810
5025
5019
4945
4883
4564
4628
4485
4477
4544
4589
4457
4644
4701
4643
4454
4434
4528
4543
4533
4421
4400
4415
4412
4359
4263
4395
4389
4228
4516
4249
4256
4177
4160
4129
4180
4258
4077
4084
3976
4108
3982
4010
4038
4015
3881
3900
3889
3982
3966
3860
3733
3843
3735
3759
3697
3796
3734
3716
3754
3764
3489
3752
3499
3539
3467
3572
3556
3646
3697
3480
3513
3551
3522
3560
3518
3479
3321
3394
3455
3419
3361
3337
3215
3419
3239
3231
3347
3226
3306
3257
3388
3064
3253
3171
3088
3173
3263
3209
