3274
3350
3329
3263
3295
3301
3434
3252
3257
3378
3231
3283
3477
3355
3484
3408
3372
3233
3271
3429
3310
3457
3335
3357
3373
3392
3371
3351
3334
3273
3524
3349
3415
3285
3286
3422
3302
3440
3308
3358
3410
3368
3394
3566
3385
3484
3505
3552
3498
3565
3489
3445
3332
3416
3526
3523
3509
3389
3489
3522
3430
3399
3331
3510
3426
3247
3476
3214
3529
3551
3478
3503
3537
3476
3495
3609
3498
3496
3674
3474
3574
3579
3429
3597
3629
3572
3586
3561
3646
3555
3781
3629
3581
3608
3586
3442
3470
3557
3546
3638
3792
3525
3579
3623
3510
3563
3816
3638
3665
3609
3549
3666
3726
3806
3770
3647
3702
3614
3677
3676
3743
3594
3685
3749
3615
3723
3640
3692
3694
3801
3792
3758
3781
3690
3738
3748
3774
3740
3758
3739
3752
3746
3874
3751
3778
3723
3885
3842
3914
3768
3806
3766
3951
3853
3860
3776
3697
3802
3821
3839
3791
3832
3849
3835
3901
3896
3984
3677
3803
3843
3845
3910
3755
3864
3848
3817
3866
3903
3844
4023
4083
3914
3988
3901
3807
4072
3922
3885
3999
3862
4044
3905
3895
3865
3940
4090
3981
4096
3992
3932
4001
3903
3944
4059
4020
3924
4026
4001
4154
4013
4112
3992
4022
4122
4124
4122
4091
4061
4087
4074
4069
4031
4136
4070
4088
4028
4073
4167
4049
4124
4084
4085
4164
4214
4232
4160
4138
4090
4063
4237
4233
4285
4156
4175
4138
4165
4305
4250
4360
4189
4206
4288
4197
4369
4282
4294
4264
4364
4151
4093
4269
4318
4259
4310
4209
4408
4267
4472
4388
4474
4392
4454
4316
4371
4348
4383
4231
4343
4402
4340
4310
4386
4359
4328
4388
4389
4160
4354
4436
4320
4586
4482
4449
4451
4384
4407
4485
4456
4474
4452
4488
4538
4435
4608
4493
4451
4376
4615
4484
4476
4496
4582
4751
4607
4440
4588
4612
4701
4444
4560
4633
4506
4674
4614
4556
4621
4688
4596
4579
4754
4559
4650
4716
4737
4689
4657
4737
4609
4665
4685
4550
4614
4740
4534
4718
4753
4709
4680
4702
4662
4666
4662
4650
4690
4760
4749
4703
4641
4640
4835
4928
4794
4813
4780
4848
4776
4757
4898
4877
4873
4728
4907
4822
4839
4660
4825
4886
4985
4894
4881
4920
4851
4890
4816
5107
4921
4925
4921
5081
5007
4976
5096
4862
4996
4943
5004
4924
4796
4850
4953
5132
5160
5094
5121
5015
5067
5010
4999
5080
4930
5007
5018
5074
5122
5082
5197
4996
5189
5116
5216
5118
5069
5197
5163
5272
5021
5194
5213
5321
5216
5287
5162
5173
5200
5338
5305
5270
5326
5243
5237
5288
5348
5257
5286
5433
5356
5108
5317
5189
5302
5231
5303
5262
5352
5321
5430
5322
5352
5417
5378
5329
5414
5318
5557
5428
5359
5280
5386
5445
5385
5289
5406
5425
5523
5496
5379
5512
5405
5499
5521
5348
5454
5410
5511
5519
5493
5513
5475
5601
5545
5424
5544
5630
5538
5680
5559
5598
5488
5665
5490
5547
5676
5583
5653
5529
5642
5679
5556
5777
5716
5619
5760
5686
5695
5672
5664
5605
5623
5843
5708
5745
5715
5760
5772
5817
5861
5785
5748
5949
5941
5790
5663
5835
5929
5869
5886
5905
5903
5766
5781
5897
5937
5956
5916
5992
5854
6070
5988
5932
6039
5974
5991
6140
5969
5994
6068
6158
5956
6093
6036
5934
5946
5995
6011
6089
6166
6157
6086
6144
6189
6339
6137
6292
6239
6073
6087
6093
6120
6214
6159
6266
6174
6308
6206
6300
6258
6077
6477
6277
6382
6441
6215
6185
6232
6301
6394
6405
6397
6309
6290
6464
6429
6465
6351
6486
6373
6228
6463
6292
6350
6384
6369
6448
6481
6549
6618
6431
6491
6493
6470
6447
6515
6464
6468
6301
6468
6365
6385
6429
6210
6351
6333
6424
6616
6507
6526
6659
6521
6684
6656
6742
6708
6706
6702
6719
6811
6768
6719
6750
6795
6844
6738
6701
6765
6769
6676
6714
6877
6816
6694
6909
6815
6863
6837
6811
6912
6609
6805
6844
6600
6789
6868
6965
6855
6812
6822
7052
6656
6822
6779
7003
6924
6862
6842
6881
7133
7131
7004
7077
7127
7002
6901
7046
6865
7112
6953
7122
6996
6996
7122
6752
6961
7113
7000
7095
7026
7186
7250
7080
7273
7172
7230
7133
7357
7249
7434
7161
7236
7351
7465
7301
7121
7338
7253
7402
7481
7491
7328
7191
7350
7432
7538
7596
7534
7399
7554
7624
7446
7607
7449
7510
7364
7316
7345
7799
7642
7595
7576
7462
7438
7699
7660
7661
7641
7509
7635
7833
7675
7896
7621
7624
7659
7736
7762
7420
7688
7842
7633
7800
7923
7935
7962
7803
7803
8034
7570
7733
7830
7883
7864
7780
7843
7624
7931
7885
8020
7826
7748
7778
7946
8013
7821
7928
7946
7944
7991
7865
7869
7838
8106
8022
8042
7910
8094
8114
8102
8127
8134
8441
8205
8070
8040
8084
8048
8136
8205
8118
8321
8205
8234
8246
8248
8270
8377
8310
8402
8216
8407
8390
8352
8273
8292
8359
8449
8343
8431
8296
8438
8443
8420
8466
8408
8571
8607
8610
8565
8765
8452
8605
8522
8346
8466
8625
8650
8469
8374
8634
8758
8763
8690
8747
8752
8665
8609
8764
8729
8888
8788
8724
8791
8722
8772
8732
8720
8724
8821
8783
8917
8853
8748
8848
9053
9018
8850
9128
8932
8872
8823
8886
8661
8719
9038
8871
9120
9033
8874
9182
8988
9037
9110
9221
9169
9256
9180
9131
9312
9297
9249
9302
9370
9353
9440
9252
9375
9281
9406
9279
9433
9423
9408
9330
9458
9585
9483
9527
9435
9392
9443
9477
9319
9436
9268
9528
9545
9460
9444
9762
9596
9526
9581
9514
9782
9535
9594
9448
9486
9467
9736
9693
9681
9774
9648
9707
9483
9771
9731
9781
9733
9701
9783
9662
9997
9737
9925
10076
9888
9900
10010
9845
9982
10027
9997
9971
9810
10108
10060
10028
9644
9959
9945
10267
9769
9994
10088
10164
10144
10169
10093
10167
10078
10187
10128
10141
10160
10423
10486
10313
10275
10269
10136
10199
10217
10246
10266
10061
10098
10333
10246
10482
10289
10352
10257
10224
10475
10173
10228
10423
10312
10590
10532
10726
10483
10663
10550
10507
10470
10686
10610
10307
10596
10543
10624
10265
10336
10317
10448
10440
10478
10460
10497
10722
10715
10779
10686
10719
10643
10752
10895
10965
10742
11105
10910
10950
10990
10793
10909
10877
10874
11152
11008
10962
10805
10772
10808
11028
11148
10860
10768
10899
10640
10791
10807
10778
11038
10954
10927
10869
10768
10880
11117
11049
10954
11202
11185
11209
11382
11338
11289
11283
11284
11274
11380
11348
11011
10711
10760
10355
10124
9894
10034
9849
9378
9368
9137
9346
9551
9564
9852
10152
10376
10847
11066
11574
11725
11813
11979
11885
11777
12166
11889
12081
11951
11830
12029
11895
11854
11746
11937
11842
11760
11776
11889
11796
11934
12016
11898
11964
11917
11912
12053
11805
11726
11823
11869
11716
11842
12053
11962
12187
12262
12153
12340
12300
12293
12071
12206
12310
11858
12250
12143
12208
12209
12068
12213
12282
12219
12226
12223
12437
12061
12369
12276
12011
12341
12315
12498
12334
12394
12272
12545
12502
12410
12405
12478
12506
12426
12426
12546
12480
12558
12720
12566
12411
12365
12544
12579
12448
12576
12289
12573
12681
12283
12807
12613
12957
12502
12781
12699
12635
12797
12571
12669
12687
12874
12619
12893
12877
12970
12917
12958
12933
12906
13044
12929
12965
13061
13256
13264
13261
13337
13345
13158
13257
12872
13233
13220
13555
13324
13016
13436
13214
13395
13257
13713
13393
13409
13749
13454
13525
13374
13283
13197
13089
12937
12999
12836
12808
12433
12706
12363
12564
13070
13043
13141
13441
13568
13826
13692
13722
13741
13766
13696
13412
13611
13802
13647
13658
13814
13605
13605
13773
13910
13856
13787
14133
13741
14119
13958
13786
13958
13773
13900
13893
13932
14025
13924
14091
14017
13885
14097
13961
14154
14112
14286
14085
14260
14205
14161
14251
14189
14484
14350
14155
14235
14176
14480
14150
14335
13976
14584
14394
14530
14502
14537
14340
14321
14200
14540
14848
14573
14332
14480
14671
14506
14259
14643
14267
14487
14584
14464
14725
14646
14439
14833
14594
14510
14823
14630
14888
14526
14899
14929
14446
14790
14734
14805
14818
14621
15160
14904
14674
14817
14949
15076
14858
14685
14981
15149
14979
14891
14926
15022
14964
15113
15286
15134
15061
15082
15310
15178
15119
15424
15136
14945
15519
15092
15130
15319
15348
15348
15422
15706
15316
15306
15470
15616
15531
15509
15722
15391
15215
15964
15260
15400
15458
15422
15588
15730
15634
15371
15503
15592
15294
15618
15639
15796
15731
15633
15755
15993
15667
15721
15706
15723
15700
15952
15616
15704
15748
15624
15875
15860
15741
15558
16068
15982
15738
15964
15688
16013
16024
16075
16408
16157
16265
16204
16206
15967
16259
15996
16069
16010
15902
16009
15754
15936
16161
15927
15910
16068
15738
15961
15967
16162
16366
16389
16125
16056
16471
16553
16462
16584
16550
16722
16758
16522
16525
16505
16530
16653
16586
16452
16461
16676
16601
16825
16617
16684
16666
16538
16525
16831
16837
16850
16558
16851
16728
16598
16667
16624
16605
16682
16725
16838
16906
16841
16972
16814
16744
16889
16736
17129
16898
16888
16808
16566
17047
16900
17042
17135
17014
17025
17159
17129
17273
17002
17177
17142
17006
17249
17021
17252
17230
16943
17004
17396
17140
17343
17371
17300
17282
17389
17237
17343
17213
17197
17526
17331
17516
17564
17237
17434
17529
17277
17515
17443
17482
17518
17621
17335
17746
17557
17504
17436
17373
17686
17446
17676
17693
17541
17652
17712
17562
17489
17259
17687
17574
17518
17845
17789
17831
17812
17804
17777
17715
17664
17802
17690
17700
17700
17680
17803
17691
17578
17880
17892
17879
17707
18013
17884
17777
17907
18168
17966
17846
18260
18006
17963
17932
18171
18013
18030
18228
17887
18070
18062
18432
18180
18064
18018
18318
18034
18058
17914
18203
18186
17927
17968
18428
17926
18303
18252
18293
18498
18680
18266
18095
18225
18292
18284
18415
18145
18298
18010
18426
18323
18630
18625
18666
18282
18397
18356
18468
18347
18479
18571
18539
18247
18596
18662
18729
18532
18981
18705
18104
18356
18437
18171
17967
17922
18437
18070
18284
17892
18014
18095
18063
18283
18523
18679
18784
18842
18763
18934
18988
18748
18790
18841
18909
18963
18810
18809
18898
19246
18628
18962
18564
18794
18589
18816
18700
18817
18930
18869
18830
19212
18635
19041
19022
19067
18969
19018
18821
18821
19005
18994
18655
19108
18948
18926
19128
19225
19022
18968
19046
19064
19123
19213
18998
18954
19229
19113
19244
19306
19225
19226
19093
18973
19080
19323
19270
19529
19318
19323
19419
19602
19156
19468
19529
19350
19240
19165
19221
19566
19385
19299
19311
19208
19513
19492
19588
19167
19604
19541
19418
19598
19388
19384
19437
19393
19535
19303
19701
19536
19596
19471
19627
19741
19842
19736
19744
19402
19790
19712
19948
19604
19813
19503
19513
19458
19656
19524
19252
19813
19388
19680
19430
19419
19640
19738
19830
19592
19876
19778
19619
19536
19863
19805
19628
19752
19997
19787
20106
19891
19972
19757
20040
19932
19307
19770
20150
19930
20096
19679
19920
19908
19998
19842
20005
20008
20336
19782
19895
19874
20021
20112
19890
19914
20308
20157
20325
20037
19828
19934
19882
20039
19849
19912
20007
20088
20409
20213
19904
19964
20068
20044
19946
20004
20108
20033
20007
20152
20266
20113
19958
20015
20232
20378
19692
19994
20157
20111
20128
19984
20445
20126
20306
20106
20167
20310
20253
20161
20068
20057
20244
20397
20390
20034
20408
20156
20362
20152
20186
20288
20495
19725
20021
19949
20090
20150
19949
20420
20349
20292
20078
20356
20210
20390
20320
20578
20566
20195
20562
20308
20529
20315
20234
20490
20456
20168
20446
20241
20214
20271
20241
20424
19956
20466
20334
20382
20528
20234
20608
20266
20309
20403
20284
20380
20383
20383
20165
20211
20213
20346
20528
20407
20629
20505
20515
20260
20326
20302
20434
20784
20477
20532
20517
20349
20588
20587
20429
20552
20364
20393
20488
20374
20230
20463
20392
20154
20266
20357
19968
20277
20512
20412
20260
20295
20202
20529
20256
20052
20104
20444
20255
20510
20489
20365
20530
20620
20247
20332
20533
20402
20180
20242
20245
20434
20546
20114
20098
20187
19949
20370
19815
20012
19942
19987
19915
20120
19944
20148
20166
20016
20190
20165
20116
20193
20409
20802
20403
20612
20433
20614
20545
20849
20496
20446
20705
20490
20590
20345
20521
20586
20283
20351
20740
20758
20362
20357
20308
20199
20236
20580
20049
20540
20517
20365
20157
20463
20458
20592
20388
20692
20413
20669
20308
20210
20780
20564
20685
20665
20571
20463
20538
20107
20234
20267
20377
20132
20156
20109
20231
20166
20202
20313
20038
20505
20105
20315
20021
20160
20363
20196
20201
20389
20016
20259
20443
20118
20360
20204
19949
20208
20488
20418
20392
20331
20101
20000
20251
20245
20200
20264
19858
20088
19802
20126
19897
19822
19858
20188
20059
20187
20203
20016
20038
20120
19863
19985
19764
19999
19851
19944
19898
20110
20077
20149
20168
20079
19725
19914
20195
19802
19950
19917
19888
20015
19786
19901
20133
19978
19796
20065
19840
19871
19899
19978
19988
19964
20006
19869
19566
20024
19835
19808
19798
19578
19604
19833
19868
19575
19736
19662
19668
19533
19824
19540
19790
19867
19666
19881
19780
19745
19536
19648
19407
19573
19447
19346
19565
19666
19164
19469
19696
19407
19535
19670
19458
19161
19549
19022
19496
19734
19557
19235
19304
19780
19169
19688
19553
19092
19152
19314
19036
19227
19426
19244
19310
19303
19460
19284
19492
19316
19288
19227
19213
19204
19268
18888
18840
19048
19049
19136
19378
18981
19128
18940
18906
19418
19072
18859
19095
19200
18931
18768
18998
18909
18852
18886
18979
19015
18929
18969
18694
18410
18889
18956
18599
18958
19032
18952
18548
18924
19020
18700
19014
18607
18606
18810
18773
18429
18404
18729
18732
18565
18804
18512
18351
18200
18259
18437
18361
18540
17990
18362
18221
18247
18384
18285
18218
18528
18116
18372
18138
18507
18442
18356
18437
18406
18242
18392
18433
18250
17803
18277
18351
18082
18170
18218
18078
18120
18170
18122
18056
17920
18176
18132
18073
17723
17839
17688
17620
17714
17742
17848
17819
17810
17766
17829
17842
17647
17717
17873
17706
17708
17495
17920
17498
17629
17426
17686
17542
17462
17494
17594
17364
17218
17184
17233
17284
17306
17456
17298
17352
17460
17366
17388
17577
17236
17373
17325
17068
17224
17286
17307
17274
17538
17156
17129
16942
16918
17105
17037
17076
16829
17333
16853
17156
17126
16796
16596
16399
16731
16424
16506
16570
16828
16591
16646
16632
16821
16508
16345
16612
16277
16284
16072
16514
16434
16493
16240
16234
16155
16326
16426
16351
16314
16152
16464
16464
16346
16228
16378
16690
16446
16445
16378
16582
16251
16234
16230
16311
16028
16197
16249
15794
16157
15538
15282
15456
15698
15450
15116
15446
15195
15604
15657
15368
15627
15962
15676
15924
15825
15876
15544
15925
15467
15653
15510
15648
15771
15702
15321
15427
15380
15275
15428
15524
15417
15577
15270
15477
15623
15424
15284
15233
14971
15438
15294
15231
14945
15040
15480
15201
15194
15209
15012
14986
14990
15104
15022
15287
14837
15149
15012
14738
14532
14342
14545
14041
14139
14202
14335
14432
14264
14345
14662
14718
14775
14725
14465
14825
14660
14641
14516
14283
14246
14361
14253
14582
14301
14207
14388
14309
14268
14385
14084
14209
14284
14092
14305
14037
14047
14219
13722
13942
13543
13876
13873
13840
13872
13780
13796
13722
13851
14013
13968
13787
13827
13775
13655
13578
13749
13837
13472
13251
13478
13584
13444
13511
13499
13543
13254
13432
13282
13455
13491
13164
13400
13434
13349
13091
13265
13344
13182
12966
13024
13030
13042
13162
13198
12960
13185
12987
12892
12852
12557
12876
12866
12936
12614
12923
12811
12516
12512
12728
12716
12835
12717
12825
12474
12448
12785
12662
12805
12732
12527
12425
12629
12214
12504
12496
12250
12584
12272
12430
12371
12309
12521
12161
12178
11715
11830
11722
11812
11942
11770
12066
11965
11806
11986
11621
12062
12092
11994
11807
11828
12053
11856
11877
11892
11913
11466
11773
11802
11803
11604
11450
11766
11709
11945
11380
11706
11608
11300
11472
11446
11541
11435
11381
11607
11321
11525
11370
11396
11438
11422
11399
11031
11405
11256
11538
11299
11135
11199
11174
11078
11329
11276
11296
11090
11029
11122
10789
10916
11076
11046
10986
10991
11099
10892
10961
10872
10816
10726
10928
10965
10616
10820
10786
10740
10662
10651
10604
10496
10672
10542
10582
10525
10647
10837
10376
10439
10652
10402
10590
10415
10512
10438
10510
10333
10426
10228
10385
10361
10224
10506
10268
10219
10207
10474
10127
10316
10183
10150
10138
9922
10108
10223
10360
10217
9991
10180
10056
10064
10080
10149
10020
10060
10037
9882
10093
10215
9985
9818
9915
9962
9926
9830
9889
9956
10009
10022
9728
9857
9734
9811
9913
9863
9781
9656
9979
9627
9842
9840
9767
9706
9399
9566
9684
9738
9768
9829
9589
9751
9494
9586
9400
9571
9792
9530
9541
9658
9642
9605
9408
9750
9668
9425
9387
9336
9440
9257
9663
9290
9177
9300
9169
9326
9447
9371
9292
9278
9285
9364
9312
9423
9363
9405
9220
9405
9190
9381
9324
9354
9210
9280
9276
9280
9172
9162
9203
9199
9218
9278
9368
9126
9216
9221
9160
9146
9215
9209
9115
9095
9165
8995
9189
9067
9258
9128
9155
8989
8958
9099
9083
9270
9068
9383
9130
8952
8998
8986
9125
9198
9156
9093
9052
8937
9184
9005
9075
9337
9111
8839
9325
9003
8996
9072
8994
8920
9204
9021
9059
9149
9090
9067
9034
8840
9030
9170
8951
8915
9028
8976
9095
9106
9119
9008
9154
9111
9100
8949
9064
9184
8993
8959
9161
9268
9038
9114
9096
9172
9048
9214
9005
9078
9107
9243
9254
9312
9230
8864
9153
9077
8858
8995
8933
8936
8723
8921
9068
9203
9215
9150
9270
9322
9280
9099
9164
9135
9397
9133
9064
8885
9112
9110
9333
9025
9084
8987
9027
9225
9234
9389
9147
9219
9435
9389
9371
9354
9476
9295
9400
9229
9479
9392
9336
9369
9541
9401
9378
9295
9643
9418
9429
9554
9497
9461
9402
9445
9322
9467
9269
9288
9479
9568
9353
9512
9709
9472
9483
9637
9758
9561
9681
9459
9565
9923
9595
9619
9716
9544
9628
9387
9566
9588
9688
9643
9659
9673
9806
9705
9496
9816
9508
9806
9501
9754
9524
9557
9543
9524
9684
9948
9652
9767
9757
9879
10113
9769
9813
9992
9957
9802
9527
9735
9761
10159
10007
9869
9911
10054
9878
9937
9889
9984
10218
10002
9957
10150
10052
10073
10047
10070
10025
10130
9928
10032
9984
10126
9963
10082
10133
10129
10187
10325
9888
9953
10158
10171
10304
10022
10005
10090
9998
10130
10153
10334
10285
10134
10123
10267
10109
10107
10196
10277
10300
10396
10301
10541
10370
10144
10534
10236
10531
10227
10273
10227
10507
10286
10186
10234
10647
10194
10239
10639
10288
10464
10287
10268
10468
10394
10379
10300
10386
10536
10327
10360
10249
10387
10071
10214
10338
10490
10373
10410
10388
10295
10445
10312
10335
10461
10479
10384
10448
10288
10491
9990
10340
10266
10239
9908
10256
10038
10260
10728
10556
10626
10770
10524
10438
10516
10650
10701
10555
10662
10621
10535
10422
10509
10557
10606
10610
10704
10615
10651
10499
10647
10514
10516
10522
10596
10616
10397
10392
10557
10622
10523
10516
10500
10805
10441
10522
10658
10501
10536
10537
10515
10552
10340
10503
10629
10662
10533
10532
10604
10429
10564
10444
10432
10534
10789
10789
10691
10513
10582
10734
10508
10587
10280
10870
10565
10535
10507
10593
10532
10567
10410
10523
10566
10588
10354
10631
10487
10651
10386
10400
10582
10412
10477
10411
10194
10332
10435
10450
10477
10511
10510
10330
10612
10330
10375
10468
10450
10283
10020
10175
10311
10374
10207
10364
10288
10158
10469
10363
10481
10360
10472
10185
10313
10292
10360
10156
10288
10339
9992
10196
10368
10068
10233
10244
10134
10279
9826
10251
9970
10292
9959
9975
10175
9944
9998
9940
10167
10092
10260
10052
9866
9851
9846
10144
10218
10113
10020
9866
10206
10197
9993
9975
9873
9882
9800
9968
9902
9761
9866
9974
9760
9593
9912
9828
9621
9821
9704
9682
9882
9683
9612
9723
9714
9869
9686
9602
9730
9669
9666
9434
9601
9515
9626
9679
9332
9561
9480
9630
9491
9457
9500
9400
9287
9613
9660
9366
9388
9460
9223
9363
9282
9353
9305
9367
9231
9472
9307
9263
9293
9189
9316
9058
9390
8977
9357
9253
9227
9290
9086
9341
9187
9130
8950
9074
8998
9044
8892
8916
9079
8868
8817
8835
8932
9016
8951
8869
8965
8626
8920
8704
8886
8595
8765
8611
8651
8698
8562
8622
8677
8512
8440
8689
8607
8552
8598
8689
8425
8275
8260
8092
7674
7747
7900
8114
8047
8232
8232
8186
8254
8169
8263
8265
8256
8041
8143
8176
8060
8058
7969
8033
7892
7934
7769
7858
7928
7956
7843
7996
7882
7728
7692
7564
7723
7761
7715
7813
7502
7685
7713
7583
7395
7477
7419
7223
7387
7391
7326
7403
7309
7027
7373
7405
7236
7351
7228
7301
7055
7283
7016
7151
7019
7023
7020
6926
6930
6997
6877
6742
6714
6643
6790
6708
6802
6700
6739
6718
6788
6641
6638
6600
6647
6430
6662
6533
6604
6431
6565
6287
6336
6250
6281
6134
6384
6233
6208
6103
6154
6185
6334
6164
6098
6077
5973
6098
6068
5893
5910
5930
5997
5862
5747
5725
5868
5576
5755
5743
5791
5572
5664
5674
5550
5618
5476
5454
5511
5513
5603
5194
5446
5346
5343
5394
5278
5285
5339
5312
5171
5105
5141
5094
5043
5084
4989
5053
5071
5078
4921
4896
4715
4809
4833
4908
4792
4663
4815
4687
4646
4573
4666
4647
4681
4557
4588
4613
4489
4496
4377
4276
4165
4173
4233
4360
4382
4262
4386
4309
4291
4315
4209
4224
4096
4178
4131
4033
4061
4070
4208
4143
3981
4102
4015
3965
3982
3988
3943
3855
3960
3846
3922
3896
3821
3835
3778
3712
3813
3790
3850
3740
3739
3638
3645
3591
3684
3633
3564
3652
3532
3623
3494
3604
3400
3407
3541
3410
3407
3373
3379
3427
3550
3384
3362
3300
3322
3376
3318
3539
3382
3256
3195
3330
3229
3219
3294
3155
3113
3163
3273
3152
3264
3252
3136
3187
3212
3138
3200
3054
3094
3140
3100
