3378
3437
3293
3395
3332
3352
3377
3426
3333
3304
3345
3320
3212
3364
3338
3373
3339
3292
3223
3412
3480
3275
3299
3458
3353
3418
3332
3475
3448
3425
3446
3501
3531
3397
3475
3464
3380
3391
3440
3399
3559
3502
3420
3624
3414
3586
3639
3412
3458
3535
3688
3461
3510
3555
3490
3449
3443
3475
3505
3627
3464
3462
3497
3500
3528
3461
3386
3491
3551
3540
3405
3451
3501
3501
3420
3537
3537
3492
3610
3644
3565
3640
3476
3542
3466
3528
3680
3550
3606
3511
3550
3645
3649
3633
3600
3639
3515
3704
3604
3592
3579
3536
3606
3830
3644
3846
3603
3756
3695
3723
3632
3689
3682
3727
3714
3577
3673
3602
3756
3722
3734
3702
3690
3845
3698
3744
3800
3903
3731
3725
3732
3765
3714
3835
3801
3738
3856
3813
3807
3803
3838
3830
3747
3775
3931
3723
3852
3750
3760
3891
3749
3985
3926
3834
3708
3827
3845
3860
3913
3876
3946
4072
3987
4012
3862
3869
4170
3919
3881
3869
3894
3764
3914
3900
3937
3801
3897
4015
3913
3951
3936
3932
4025
3841
4052
3939
3955
3935
4029
3992
4059
3968
3916
3934
3988
4119
3913
4049
4024
4168
4078
3990
3962
4024
3999
4218
4132
4211
4017
4012
4056
3950
4059
4122
4157
4079
4089
4183
4103
3990
4112
4272
4102
4190
4129
4162
4076
4172
4157
4124
4177
4219
4303
4100
4196
4143
4215
4155
4221
4117
4180
4174
4177
4296
4387
4282
4224
4217
4207
4270
4308
4322
4480
4263
4390
4363
4316
4466
4282
4218
4347
4373
4198
4317
4317
4409
4458
4449
4408
4341
4404
4410
4604
4276
4302
4399
4409
4482
4389
4503
4400
4511
4335
4412
4304
4354
4426
4411
4485
4341
4504
4437
4509
4568
4406
4318
4466
4617
4546
4549
4431
4438
4427
4561
4386
4622
4419
4537
4609
4538
4516
4580
4451
4602
4535
4530
4661
4630
4680
4509
4737
4635
4680
4798
4625
4679
4713
4690
4703
4676
4652
4537
4613
4774
4700
4821
4632
4760
4740
4784
4663
4777
4725
4765
4786
4827
4796
4398
4632
4712
4656
4582
4787
4822
4686
4898
4744
4564
4808
4865
4719
4894
4885
4845
4945
4782
4810
4955
4787
4822
4951
4888
4833
4974
4828
4752
4959
5094
4922
4831
4878
4815
4878
4917
4701
4773
5138
4849
4936
4920
4966
5064
5159
4873
5077
4969
5008
5004
5025
4986
5132
4917
4967
5060
5038
5143
5111
5150
5092
5055
5147
4927
4910
5083
5146
5129
5140
5357
5124
5117
5292
5410
5029
5192
5242
5142
5294
5122
5230
5238
5214
5112
5248
5222
5269
5330
5383
5249
5310
5234
5486
5249
5345
5273
5299
5146
5604
5514
5386
5366
5400
5309
5285
5456
5413
5371
5608
5441
5376
5416
5389
5372
5466
5434
5557
5455
5666
5331
5536
5492
5641
5569
5478
5447
5332
5356
5516
5715
5507
5469
5645
5447
5474
5616
5350
5405
5584
5624
5541
5612
5508
5591
5677
5604
5644
5598
5658
5746
5738
5691
5723
5709
5731
5727
5788
5773
5853
5511
5644
5654
5885
5778
5721
5922
5816
5921
5869
5894
5791
5906
5685
5882
5847
5892
5623
5884
5777
5839
6019
5970
5947
5929
5934
5804
5863
5797
5889
5883
5859
6001
5818
6052
6112
6033
5965
6040
5972
6049
6029
6080
6052
5979
6117
6152
6052
6025
5871
6152
6024
6143
5956
5944
6210
6273
6177
6177
5989
6178
6137
6134
6215
6110
6195
6141
6098
6263
6300
6160
6338
6342
6291
6285
6173
6377
6210
6190
6338
6304
6251
6416
6319
6186
6300
6410
6536
6405
6434
6262
6426
6341
6426
6465
6503
6343
6453
6435
6414
6530
6268
6426
6448
6363
6467
6516
6629
6575
6538
6537
6408
6575
6410
6496
6484
6452
6496
6427
6251
6218
6385
6397
6372
6343
6384
6445
6535
6590
6633
6701
6824
6729
6749
6742
6813
6796
6684
6818
6744
6929
6898
6805
6846
6770
6849
6727
6932
6815
6762
6902
6900
6918
6748
6843
6946
6978
6745
6936
7031
6766
6924
6745
6944
6861
6895
6902
6669
6944
7014
6920
6888
7069
6964
6857
7119
6803
7053
7127
7221
7280
7086
7076
6922
7119
6997
7052
7043
7141
7024
7073
7197
7129
7101
6964
6929
7106
7103
7234
7163
7034
7105
7357
7235
7231
7177
7113
7207
7450
7127
7273
7324
7330
7302
7373
7506
7453
7402
7421
7409
7458
7366
7361
7405
7264
7424
7774
7521
7536
7549
7693
7644
7935
7578
7578
7578
7437
7658
7510
7489
7533
7529
7682
7496
7557
7592
7476
7621
7808
7632
7573
7642
7814
7841
7776
7800
7760
7812
7719
7942
7784
7836
7837
7766
7893
7804
7898
8082
7963
7744
7759
7714
7948
7709
7799
7957
7966
7809
7922
7859
7835
7984
8105
7962
7915
7976
7919
8022
7891
8110
8267
8031
8169
8111
8224
8140
8020
8309
8060
8109
8171
8310
8253
8186
8192
8071
8137
8210
8297
8231
8571
8088
8622
8626
8432
8260
8415
8208
8297
8508
8423
8370
8258
8454
8420
8475
8575
8362
8330
8330
8611
8317
8498
8518
8548
8540
8653
8694
8475
8621
8461
8580
8619
8478
8381
8633
8364
8681
8772
8852
8790
8897
8542
8637
8951
8712
8706
8855
8965
8987
8894
8821
9011
8804
8962
8812
8895
8933
8755
8984
9002
9177
8958
9131
9042
9080
8904
8946
9269
8938
9156
8980
8947
8842
8900
9120
9040
8896
8986
8948
8927
9124
9066
9087
9310
9166
9472
9261
9530
9632
9339
9160
9487
9455
9257
9374
9366
9301
9354
9325
9450
9475
9334
9305
9419
9492
9534
9331
9229
9582
9533
9536
9618
9443
9498
9613
9501
9594
9635
9438
9620
9662
9610
9876
9669
9887
9922
9815
9705
9709
9668
9701
9648
9440
9773
10084
9660
9861
9888
9704
9910
9752
9916
9910
10161
9847
9821
10049
10186
10127
9832
9888
9748
10007
9983
10019
10237
10078
10095
10018
9932
9959
9998
9951
10027
10057
9843
10132
10215
10296
10287
10104
10292
10145
10139
10103
10011
10223
10164
10348
10323
10605
10298
10134
10301
10288
10411
10332
10134
10357
10253
10496
10444
10425
10364
10132
10256
10554
10358
10672
10305
10268
10503
10315
10580
10626
10876
10658
10847
10696
10734
10641
10398
10410
10567
10851
10506
10774
10573
10518
10638
10434
10731
10562
10658
10691
11116
11124
10858
10823
10977
10841
10777
10778
11099
10828
10916
10968
11141
10938
10954
11119
11039
10920
10893
10795
11202
11256
10930
11033
10960
10930
10832
10883
10846
10685
10762
10968
10794
10849
11005
10877
11273
11345
11168
11287
11196
11500
11357
11380
11511
11394
11413
11379
11366
11387
10972
11004
10629
10376
10268
10238
9910
9719
9651
9220
9083
9392
9402
9648
10038
10433
10522
10941
11261
11448
11713
12013
12021
12276
12123
12043
12006
11978
11993
11945
12140
11686
11858
11703
11954
11618
11863
11880
11917
12106
12096
11819
11964
11928
11851
12007
11819
11910
12106
12038
11927
11997
12153
12207
12079
12253
12193
12069
12127
12412
12228
12233
12126
12362
12196
12365
12482
12277
12177
12242
12206
12074
12249
12225
12468
12375
12396
12309
12198
12337
12143
12308
12432
12582
12413
12292
12217
12328
12539
12483
12417
12552
12473
12486
12590
12676
12672
12611
12776
12373
12488
12501
12585
12530
12617
12564
12644
12564
12556
12606
12790
12663
12670
12829
12860
12711
12888
12797
12616
12676
13046
12675
12947
12941
12907
12897
12911
13044
13243
13067
13291
13162
13172
12996
13297
13163
13196
13290
13261
13140
13510
13137
13273
13233
13108
13205
13356
13516
13382
13241
13764
13487
13482
13713
13800
13491
13541
13230
13262
13152
13097
13189
12981
13195
12639
12612
12708
12809
12876
13096
13210
13675
13732
13517
13818
13612
13467
13596
13812
13842
13824
13611
13796
13854
14072
14054
13774
13906
13861
14025
13913
13873
13925
13910
13916
13877
13852
13884
14070
13979
13794
14076
14022
13971
14186
14028
14032
14169
14335
14196
14106
14135
14365
14107
14540
13976
14170
14263
14187
14132
14261
14372
14233
14407
14206
14283
14774
14438
14328
14449
14567
14812
14286
14362
14225
14520
14763
14558
14675
14580
14266
14662
14636
14546
14453
14524
14699
14604
14668
14833
14539
14271
14985
14875
14767
14837
14930
14960
15035
15165
14596
14787
14948
14989
14949
15090
14676
15079
14969
14953
14660
14945
15014
15108
15013
14971
14977
15240
15320
15101
15261
15029
15624
15258
15284
15095
15218
15403
15114
15376
15317
15378
15548
15557
15237
15232
15665
15496
15221
15364
15509
15633
15305
15374
15581
15467
15467
15560
15409
15471
15294
15481
15432
16008
15512
15565
15462
15715
15716
15665
15964
15529
15617
15704
15770
15922
15894
16040
15746
15744
15670
16150
16111
16285
15752
15754
15945
15694
15933
15764
15874
16107
16158
15949
15758
15775
15947
15925
16004
16298
16084
16066
16242
16101
15963
16350
16213
15997
16160
16189
16126
15893
16153
15952
15897
16056
15690
16205
16020
15946
16397
16176
16354
16088
16425
16567
16518
16225
16501
16552
16505
16484
16534
16569
16537
16414
16459
16455
16596
16717
16577
16597
16499
16772
16789
16927
16822
16734
16898
16641
16818
16717
16680
16878
16640
16790
16806
16893
17107
16887
16878
16975
16715
16825
16866
16633
16773
16918
17051
16802
17056
16857
17203
16952
16813
17010
16885
17009
17013
16945
17111
17028
17163
17135
17284
16750
17096
17374
17438
17192
17057
17242
16954
17537
17378
17164
17032
17142
17196
17268
17372
17170
17425
17478
17181
17346
17395
17539
17193
17563
17360
17839
17338
17233
17294
17589
17220
17796
17510
17532
17604
17412
17802
17618
17557
17700
17434
17572
17591
17605
17898
17555
17920
17707
17620
17745
17705
17930
17688
17720
17988
17823
17546
17901
17821
17433
17902
17737
17893
17959
17738
17711
18181
18047
17926
17683
17902
17835
17907
17838
18002
18088
18066
18056
18014
17869
18063
18439
18190
18154
18104
18243
17973
18173
18430
18020
18422
18367
18265
18237
18563
18475
18056
17949
17994
18560
18422
18453
18296
18546
18445
17982
18097
18328
18328
18614
18288
18357
18240
18385
18425
18499
18340
18393
18477
18441
18709
18649
18560
18666
18580
18120
18580
18781
18651
18448
18453
18536
18520
18760
18717
18694
18589
18316
18311
18560
18405
18069
18341
18198
18263
18250
18196
18414
18340
18782
18547
18739
18777
18996
18704
19092
18918
19059
18916
18968
18926
18740
19123
18853
18806
19022
18974
19160
19032
19024
19048
18983
18812
18852
18907
18893
18858
18940
19122
19072
18991
18767
19044
18891
19161
18895
19076
19108
19142
18964
19162
19309
19192
19019
19232
19400
19010
19224
19428
19305
19285
19314
19290
19259
19170
19470
19272
19219
19319
19213
19172
19345
19435
19258
19184
19190
19554
19541
19500
19634
19470
19604
19644
19350
19378
19372
19224
19544
19714
19697
19464
19662
19484
19772
19494
19600
19652
19517
19342
19493
19558
19610
19600
19632
19833
19610
19382
19592
19732
19662
19621
19802
19768
19536
19714
19615
19673
19452
19697
19470
19885
19844
19764
19712
19428
19502
19565
19992
19530
19722
19796
19952
20102
20093
19478
20383
19798
20217
20036
19756
19939
19917
19690
19691
20126
19904
19585
19859
20098
20070
20239
19915
19650
19826
20020
19862
20042
19803
19805
20199
20148
20256
20069
20154
20028
20207
19976
20078
19880
19908
20276
19814
19844
20040
20102
20118
19787
20014
19908
19789
19790
20118
20127
20180
20489
19977
19874
20365
20296
20118
20299
20012
20251
20050
20290
20278
20214
20190
20168
20375
20220
20294
20273
20355
20292
20133
20148
20189
20190
20055
20333
20053
20108
20352
20418
20418
20270
20267
20293
20311
20406
20324
20267
20480
20189
20393
20014
20176
20346
20215
20166
20006
19959
19943
20155
20164
20477
20634
20482
20438
20225
20278
20704
20658
20730
20314
20111
20452
20555
20152
20480
20234
20486
20101
20298
20190
20586
20414
20560
20381
20399
20195
20170
20512
20660
20277
20341
20703
20388
20399
20261
20584
20714
20741
20534
20181
20442
20268
20442
20373
20541
20301
20578
20367
20578
20528
20253
20612
20714
20585
20741
20670
20608
20636
20515
20295
20471
20440
20238
20164
20822
20518
20586
20374
20274
20235
20229
20315
20480
20174
20484
20184
20150
20620
20220
20516
20399
20283
20198
20377
20406
20633
20694
20676
20797
20467
20568
20484
20289
20434
20120
20139
20053
20132
20361
20360
20296
19741
19957
19993
20147
20027
20019
20226
19971
20056
20502
20256
20759
20403
20608
20530
20544
20500
20704
20610
20513
20586
20603
20593
20646
20665
20346
20340
20669
20392
20463
20238
20600
20609
20622
20214
20520
20360
20474
20873
20553
20672
20624
20529
20604
20629
20676
20484
20444
20394
20488
20564
20198
20536
20281
20507
20658
20999
20480
20450
20491
20332
20154
20391
20275
20233
20728
20349
20536
20314
20214
20463
20552
20244
20262
20242
20268
20180
20230
20247
20065
20228
20136
20252
20269
20127
20376
20316
19902
20342
20252
20296
20421
20134
20383
20411
20232
20045
20181
20004
20256
20218
20459
20228
20114
20388
20144
19994
20079
20052
20052
20049
20297
20463
20204
20232
20238
20413
20157
20303
20004
19868
20294
20062
20197
19890
19781
19915
20162
20020
19905
20027
20225
19697
19928
20182
20068
19955
19860
20011
20084
19773
20052
19881
19642
19834
20002
19800
19552
19887
19512
19737
20154
19808
19816
19769
19595
20106
19962
19845
19730
19919
19795
19563
19689
19718
19662
19551
19648
19931
19712
19642
19638
19412
19478
19544
19590
19209
19592
19463
19351
19720
19352
19408
19535
19648
19402
19528
19303
19418
19704
19850
19892
19495
19449
19654
19598
19414
19338
19390
19326
19211
19122
19299
19520
19664
19386
19376
19378
19259
19187
19193
19254
18949
19354
19035
19256
19052
19298
19230
19206
19465
19394
18899
19093
19001
19154
19179
19016
18996
19022
19101
19011
18869
18693
19155
19071
18771
18847
18948
19057
18946
19108
19015
19166
19130
19039
18845
18931
18821
18711
18772
18758
18935
18778
18793
19122
18764
18715
18922
18880
18778
18338
18552
18318
18184
18421
18246
18253
18103
18237
18218
18384
18302
18509
18420
18346
18126
18516
18652
18351
18696
18364
18125
18550
18404
18402
18172
18344
18234
18242
18263
18078
18310
17800
17706
18107
17929
18148
18269
18055
18137
18040
17757
18294
18015
17625
18095
18141
17816
17904
17713
17978
17956
17921
17604
17970
17770
17920
17732
17555
17701
17780
17455
17816
17531
17735
17430
17668
17642
17644
17270
17400
17682
17517
17489
17587
17405
17217
17457
17514
17235
17263
17611
17593
17277
17242
17236
17391
17137
17451
17376
17130
17174
17284
17244
17437
16917
17154
17174
17195
17362
17162
17113
17160
17054
17094
16853
16740
16619
16608
16656
16720
16522
16896
16944
16756
16658
16656
16738
16377
16506
16202
16711
16518
16437
16432
16413
16492
16482
16328
16598
16411
16416
16631
16419
16503
16598
16480
16250
16395
16496
16417
16467
16502
16174
16231
16052
16430
16388
16608
16031
16054
15768
15690
15534
15549
15583
15825
15544
15622
15493
15645
15741
15728
16013
15970
15825
15859
15915
15680
16065
15771
15814
15882
16032
15791
15810
15651
15778
15446
15400
15656
15354
15685
15538
15254
15431
15305
15456
15299
15281
15556
15225
15369
15281
15181
15198
15498
15176
15408
15178
15071
15438
15252
15357
15223
15235
15065
15142
14880
14944
14405
14538
14270
14303
14376
14317
14564
14456
14537
14697
14784
14745
14774
14853
14684
14662
14698
15170
14796
14642
14900
14867
14688
14567
14722
14464
14306
14325
14305
14481
14521
14435
14213
14369
14293
14416
14260
14042
13933
14015
13732
14005
13792
13933
13892
13937
13749
14091
13974
14121
13889
14203
14058
14052
13807
14000
13875
13819
13575
13681
13650
13642
13741
13653
13633
13573
13868
13619
13708
13798
13677
13597
13807
13679
13410
13557
13662
13397
13467
13568
13454
13326
13261
13352
13476
13301
13295
13018
13242
13220
13058
13308
13251
13166
13131
13214
13120
12953
12805
12785
12767
12824
13028
13313
12873
12764
12881
12790
12826
12712
12683
12753
12724
13074
12778
12701
12811
13013
12842
12786
12620
12745
12800
12407
12316
12143
12136
12162
12314
12137
12318
12045
12202
11922
12237
12137
12410
12378
12066
12182
12246
12126
12111
12265
11850
12148
12164
12021
12167
12170
12106
12116
12278
12160
12057
11877
11960
12031
11782
11754
11945
11638
11507
11835
11695
11986
11644
11669
11691
11634
11617
11619
11613
11576
11642
11727
11457
11525
11529
11674
11556
11467
11769
11373
11245
11508
11438
11621
11374
11466
11309
11445
11564
11470
11663
11426
11267
11195
11051
11460
11086
11341
11133
11050
11190
11345
11298
11221
11232
11119
10846
11324
11134
11126
10986
10969
11205
11172
11144
10972
11084
11219
10995
11329
10994
10939
11166
10941
11011
10736
10961
10806
10738
10478
10764
10794
10767
10776
10629
10726
10761
10956
10892
10770
11089
10728
10812
10757
10541
10720
10635
10577
10778
10590
10602
10561
10475
10460
10744
10826
10705
10602
10427
10677
10550
10795
10616
10633
10371
10342
10580
10204
10241
10317
10462
10428
10524
10323
10265
10414
10460
10289
10380
10510
10536
10479
10538
10503
10621
10241
10258
10279
10195
10407
10407
10450
10427
10255
10445
10332
10122
10150
10414
10085
10358
10221
10391
10137
10307
10058
10221
10027
10213
10258
10154
10097
10253
10311
10265
10264
10229
10285
10364
10262
10022
10066
10187
9997
10195
10203
10218
10086
10218
10005
10164
10299
10150
9970
10209
10323
10111
10256
10076
10261
10108
10016
10036
10071
10248
10004
10073
10131
10327
10180
9915
10184
9963
10152
10214
10112
10258
10226
10264
10272
10138
10152
10353
10177
10292
10132
10370
10136
10279
10360
10335
10294
10415
10260
10301
10294
10139
10345
10203
10334
10428
10164
10368
10344
10427
10415
10337
10410
10165
10500
10436
10507
10372
10378
10392
10530
10246
10410
10303
10496
10337
10375
10327
10442
10532
10580
10459
10368
10604
10708
10554
10586
10496
10639
10368
10453
10453
10659
10522
10472
10708
10498
10500
10762
10492
10284
10840
10867
10909
10536
10664
10631
10654
10530
10564
10669
10626
10800
10713
10835
10785
10551
10673
10709
10975
10522
10775
10955
10612
10756
10898
10731
10706
10917
11076
11188
10890
11142
11222
11247
11280
11138
11201
11354
11288
11112
11171
11355
11337
11118
11354
11061
11417
11332
11614
11499
11365
11625
11287
11544
11565
11321
11569
11455
11557
11329
11532
11707
11581
11613
11640
11714
11618
11716
11736
11547
11724
11877
11841
11808
11732
11990
11733
11736
11782
11841
11880
11675
12116
11957
11750
11940
11946
11860
11767
11765
11964
12291
11930
12100
11808
11976
11691
11993
12205
12202
12097
12119
12309
12150
12213
12170
12296
12399
12482
12251
12113
12377
12268
12321
12594
12616
12504
12424
12632
12473
12363
12466
12716
12700
12548
12429
12642
12690
12792
12614
12619
12649
12690
12729
12594
12834
12534
12871
12719
12826
12697
12868
12653
12841
12572
12616
12659
12600
12896
12808
12658
12819
13228
13239
13204
13065
12999
12928
12941
13129
13082
13064
13182
13107
13146
13181
13138
13318
13300
13163
13334
13208
13341
13191
13126
13032
13058
13273
13146
13069
13318
13420
13304
13445
13400
13116
13392
13191
13348
13349
13468
13466
13530
13492
13460
13236
13357
13428
13320
13369
13412
13328
13211
13317
13372
13390
13525
13585
13549
13488
13338
13314
13331
13396
13282
13282
13300
13165
13160
13484
13487
13634
13654
13571
13608
13717
13645
13582
13655
13844
13757
13868
13788
13666
13710
13840
13871
13729
13750
13818
13994
13909
13764
13794
13765
13860
13812
13805
13872
13728
13685
13935
13806
13721
13897
14004
13876
13767
13704
13784
13695
13798
13754
13655
13890
13753
13883
13793
13934
13964
13776
13821
13770
13933
13884
13978
13698
13946
13792
13876
13752
13511
13656
13736
13828
13819
13776
13664
13844
13576
13910
13622
13739
13667
13526
13960
13735
13594
13853
13836
13710
13553
13661
13554
13696
13681
13753
13598
13680
13662
13717
13706
13784
13506
13572
13727
13578
13638
13627
13682
13537
13727
13544
14078
13497
13558
13596
13504
13394
13406
13657
13658
13766
13568
13579
13458
13495
13275
13528
13588
13508
13415
13416
13377
13222
13589
13299
13151
13318
13348
13483
13045
13331
13170
13414
13213
13199
13119
13279
13339
13328
13415
13316
13033
12930
13237
13185
13262
13167
13533
13117
13229
13180
13092
13132
13220
12909
13205
13081
12962
12905
13094
12845
12888
12837
13044
12860
12786
12845
12764
12940
12871
12813
12914
12740
12639
12829
12618
12600
12452
12564
12565
12656
12662
12680
12539
12612
12459
12489
12509
12535
12522
12547
12378
12310
12211
12521
12674
12292
12474
12072
12335
12358
12249
12202
12356
12369
12145
12162
12208
12110
12228
12051
11954
11936
12189
12060
12416
12191
12017
11953
12076
11918
12095
12021
11876
11751
11963
11875
11550
11907
11759
11954
11393
11385
11674
11436
11832
11315
11802
11496
11412
11475
11580
11290
11189
11412
11328
11262
11328
11292
11414
11133
11052
11340
11166
11162
11120
11162
10991
10629
10553
10184
10248
10296
10427
10646
10661
11095
10701
10779
10825
10617
10738
10810
10732
10558
10683
10538
10469
10573
10502
10528
10377
10266
10140
10331
10238
10324
10278
10242
10304
10039
10129
9912
10005
9866
10194
9966
9977
9976
9782
9764
9513
9621
9783
9567
9580
9667
9619
9529
9544
9316
9463
9118
9312
9213
9331
9057
9272
9244
9094
9037
9320
8989
9260
9050
8924
8980
8943
8892
8647
8818
8746
8639
8804
8826
8687
8714
8667
8828
8410
8548
8414
8517
8506
8231
8355
8316
8338
8030
8302
8082
7894
8163
8092
7949
7865
7837
7956
7856
7927
7747
7901
7756
7577
7490
7466
7557
7440
7452
7213
7484
7381
7275
7414
7272
7231
7376
7021
7205
7075
6864
7203
7094
7065
7073
6798
6678
6843
6730
6680
6824
6702
6850
6749
6519
6577
6572
6480
6567
6481
6292
6307
6309
6307
6195
6190
6310
6272
6162
5967
5966
5914
5984
5935
6103
5942
5780
5863
5886
5775
5720
5646
5702
5843
5618
5339
5239
5073
5111
5055
5108
5222
5407
5147
5202
5245
5174
5308
5344
5044
5224
4904
5069
5061
4955
5131
4871
4897
4902
5016
4896
4762
4649
4896
4643
4600
4781
4655
4681
4679
4691
4525
4433
4581
4491
4423
4392
4331
4252
4291
4314
4260
4117
4287
4283
4286
4225
4147
4320
4151
4184
4237
4072
4049
3891
4068
3952
3959
3780
3972
3876
3861
3804
3842
3922
3933
3794
3849
3741
3922
3682
3742
3760
3756
3601
3607
3720
3652
3694
3480
3593
3602
3593
3634
3574
3542
3544
3556
3363
