3312
3217
3347
3307
3374
3322
3345
3206
3345
3283
3318
3345
3402
3304
3292
3285
3338
3399
3341
3188
3437
3347
3349
3365
3474
3395
3400
3307
3404
3273
3527
3416
3349
3307
3411
3370
3328
3443
3425
3385
3402
3428
3421
3473
3461
3394
3554
3344
3469
3466
3430
3481
3477
3383
3472
3382
3465
3415
3475
3492
3501
3468
3434
3396
3369
3407
3537
3433
3541
3385
3519
3343
3424
3497
3566
3471
3494
3558
3588
3618
3637
3575
3606
3537
3568
3621
3572
3482
3464
3631
3609
3524
3630
3710
3676
3618
3656
3583
3533
3635
3603
3593
3587
3699
3588
3650
3673
3624
3585
3692
3686
3743
3756
3588
3665
3577
3639
3745
3739
3732
3708
3752
3544
3839
3679
3794
3788
3750
3789
3884
3765
3643
3821
3689
3714
3745
3757
3753
3825
3666
3804
3764
3660
3806
3727
3672
3762
3955
3816
3900
3773
3952
3837
3799
3713
3725
3859
3810
3968
3816
3959
3942
3844
3800
3820
3947
3884
3880
3855
3858
3874
3833
3918
3922
3974
3856
3985
3969
3882
3770
3844
4001
3908
3951
4101
3903
3946
3884
3953
3994
3956
4006
4027
3840
4046
3953
4075
3933
4034
4050
3976
3902
3845
4155
4052
3936
3951
3949
4091
4005
4022
3998
4078
4108
4078
4127
4060
4112
4015
4124
4204
4238
4039
4150
4108
4072
4092
4082
4198
4184
4028
4240
4151
4111
4229
4080
4195
4149
4230
4314
4131
4223
4302
4277
4261
4088
4257
4219
4245
4365
4288
4345
4261
4436
4187
4278
4233
4366
4309
4194
4310
4186
4108
4245
4288
4323
4321
4352
4315
4334
4309
4381
4372
4584
4397
4269
4324
4387
4333
4410
4347
4319
4345
4264
4309
4331
4420
4484
4452
4288
4341
4368
4291
4482
4640
4514
4559
4327
4510
4468
4354
4546
4448
4540
4611
4569
4480
4422
4550
4611
4480
4540
4507
4482
4533
4601
4448
4588
4560
4588
4507
4438
4541
4648
4642
4676
4673
4660
4586
4668
4669
4706
4586
4737
4725
4737
4741
4607
4646
4808
4709
4747
4739
4755
4817
4665
4605
4722
4676
4790
4522
4587
4714
4636
4683
4742
4609
4749
4895
4818
4737
4765
4770
4637
4723
4801
4995
4718
4733
4833
4608
4815
4842
4900
4720
4675
4847
4876
5006
4848
4875
5026
4939
5042
4921
4906
4977
4937
4939
4933
4928
4803
4987
4964
5022
4913
5077
5025
5120
5122
5009
4993
5096
4971
5122
5053
5170
5083
5064
5164
5125
5070
5016
5205
5145
5135
5136
5241
5210
5235
5094
5167
5168
5065
5164
5194
5215
5287
5160
5050
5149
5236
5143
5312
5332
5247
5132
5114
5233
5253
5149
5291
5188
5372
5305
5381
5213
5307
5234
5299
5394
5298
5347
5217
5427
5263
5355
5288
5493
5232
5329
5365
5480
5323
5354
5453
5209
5367
5513
5421
5382
5572
5376
5466
5489
5486
5650
5494
5477
5579
5569
5500
5546
5678
5538
5555
5667
5470
5713
5537
5725
5548
5546
5558
5575
5561
5530
5560
5604
5662
5504
5833
5710
5719
5884
5586
5532
5749
5649
5901
5803
5624
5965
5677
5712
5819
5822
5782
5683
5741
5996
5853
5889
5769
5709
5876
5836
5937
5913
5806
5908
5861
5776
6101
5853
5786
5682
5948
5767
5821
5953
5931
5964
6081
5989
5862
5993
5884
6026
6067
6014
6037
5822
6053
6015
5943
6014
6208
6081
6127
5838
6122
6111
6173
6331
5953
6148
5935
6083
6116
6123
6206
6013
6314
6132
6126
6205
5990
6178
6380
6022
6162
6228
6226
6123
6156
6293
6402
6219
6331
6338
6453
6465
6130
6187
6181
6382
6356
6471
6302
6538
6371
6323
6307
6432
6350
6446
6374
6382
6393
6239
6426
6409
6448
6490
6576
6436
6567
6543
6566
6687
6657
6386
6565
6238
6343
6319
6311
6346
6387
6393
6385
6589
6503
6521
6508
6480
6623
6716
6719
6498
6491
6620
6658
6724
6586
6719
6804
6657
6635
6815
6697
6623
6934
6833
6705
6713
6920
6623
6789
6924
6888
6829
6670
6825
6786
6808
6753
6774
6912
6863
6856
6816
6876
6997
6824
6839
7022
6943
6931
6929
7032
6983
6782
6877
6866
6879
6968
7204
6983
7085
6822
6916
7059
7267
7074
7133
7064
7145
6913
6957
6939
7067
6916
7090
7177
7185
6969
7105
7065
7278
7279
7172
7178
7055
7220
7410
7165
7401
7330
7251
7284
7317
7155
7343
7349
7511
7370
7528
7318
7298
7717
7435
7399
7563
7407
7322
7470
7464
7559
7502
7393
7414
7533
7703
7583
7581
7528
7492
7469
7593
7778
7635
7748
7658
7821
7463
7591
7614
7591
7671
7654
7675
7885
7894
7665
7893
7756
7875
7841
7791
7794
7793
7796
7756
7754
7966
7848
7856
7800
7891
7953
8013
8080
7990
7949
7693
7832
7828
7968
7823
8058
7932
8054
7965
7951
7917
7997
8002
8022
8082
8077
8252
8181
8215
8248
8132
8122
8046
8196
8149
8021
8156
8170
8440
8145
8240
8371
8198
8218
8361
8509
8318
8221
8136
8399
8434
8260
8240
8400
8326
8314
8371
8384
8480
8314
8404
8358
8470
8343
8431
8400
8613
8405
8628
8664
8566
8602
8591
8577
8473
8660
8549
8589
8648
8634
8480
8668
8953
8749
8780
8889
8791
8760
8818
8745
8788
8888
8874
8803
8769
8800
8870
8926
8938
8893
9237
8910
8870
9006
8828
8928
8781
9071
8902
8968
8882
9094
8830
9050
8704
8857
8880
8996
8958
9038
8933
9078
9191
9009
9044
9257
9109
9177
9232
9351
9205
9076
9117
9364
9425
9310
9222
9098
9508
9429
9229
9335
9162
9361
9336
9280
9478
9504
9381
9180
9765
9540
9534
9593
9628
9357
9364
9604
9764
9536
9620
9710
9493
9588
9711
9757
9507
9677
9649
9562
9670
9593
9595
9595
9735
9788
9840
9852
9898
9668
9652
9920
9794
9787
9732
9839
9907
9839
10006
10047
9909
10027
10039
9804
10027
10109
10173
10009
10056
10028
9924
9809
10044
9805
10009
10018
10058
10184
9988
10214
10109
10210
10136
10251
10068
10063
10149
10294
10368
10279
10351
10285
10045
10158
10059
10412
10459
10359
10139
10186
10068
10442
10233
10339
10411
10272
10236
10343
10472
10684
10422
10295
10449
10408
10662
10607
10497
10642
10624
10514
11056
10696
10678
10606
10538
10560
10600
10640
10651
10700
10582
10458
10421
10733
10680
10697
10778
10790
10743
11054
11037
10574
10987
10962
10887
11044
11075
10969
10741
10954
10988
10668
11041
11093
11173
10845
11101
11118
10865
10871
10917
11111
10754
10801
10874
10812
10975
10790
10783
10825
10608
10795
11046
10928
11131
11181
11427
11269
11117
11267
11231
11298
11565
11197
11593
11235
11340
11108
10880
10438
10648
10050
10243
9899
9560
9440
9194
9176
9045
9287
9554
9899
10132
10681
10980
11328
11588
11856
11725
12016
11774
11879
11995
12004
11957
11940
11934
11827
11885
11904
11833
11907
11828
11903
11796
11926
12042
12163
11853
11936
11860
11656
11868
11976
11876
11910
12084
11968
11816
12075
12030
12106
12002
12121
11962
12215
12318
12420
12172
12170
12206
12066
12200
12180
12278
12106
12090
11892
12293
12172
12269
11981
12128
12345
12292
12242
12318
12332
12185
12508
12455
12097
12450
12212
12237
12315
12407
12340
12507
12365
12550
12603
12660
12402
12649
12461
12594
12684
12405
12588
12338
12686
12761
12357
12607
12714
12768
12506
12693
12461
12629
12855
12580
12612
12868
12687
12806
12716
12812
12808
12636
12851
12897
12768
13070
12918
13047
13062
13008
13045
13113
13094
13342
13142
13076
13082
13035
13034
13075
13130
13270
13134
13180
13396
13320
13247
13376
13248
13381
13457
13429
13377
13294
13459
13286
13133
12990
12972
13019
12892
12790
12602
12599
12402
12612
12803
12878
13332
13684
13652
13796
13796
13643
13750
13387
13701
13506
13572
13768
13641
13503
13918
13766
13684
13871
13797
13788
13748
13750
13747
13908
13801
13773
14031
13890
14036
13869
13882
13872
13831
13956
14064
13957
14055
13970
14056
14024
14281
14032
13964
13974
14134
14116
14086
14008
14303
14398
14260
14353
14521
14441
14271
14414
14150
14575
14340
14512
14269
14266
14476
14298
14123
14395
14574
14344
14484
14605
14586
14406
14618
14416
14552
14588
14210
14638
14663
14277
14697
14620
14781
14452
14720
14732
14904
14804
14726
14758
14842
14829
15061
14712
14682
14896
14716
14891
14793
14679
15095
15022
15111
14884
15049
15240
14900
15126
15044
15116
14861
15207
15289
15329
15322
14992
15353
15148
15225
15424
15178
15391
15142
15128
15453
15348
15422
15398
15320
15362
15191
15304
15347
15480
15589
15544
15544
15481
15569
15441
15589
15595
15524
15525
15347
15621
15682
15493
15351
15691
15771
15839
15689
15732
15568
15785
16014
15789
15636
15688
15629
15962
15679
15616
15683
15797
15686
15642
15733
15786
15972
15634
15988
15873
15926
15646
15858
15793
16007
16181
16045
16321
16046
16261
16174
16036
16005
15979
15961
16090
15908
15905
16114
16164
15880
15936
15928
15877
16118
16100
16175
16279
16111
16442
16284
16493
16266
16273
16640
16494
16598
16333
16365
16456
16569
16546
16512
16418
16742
16669
16892
16560
16846
16552
16264
16689
16558
16578
16586
16815
16826
16584
16828
17024
16690
17069
16836
16493
16829
16686
16785
16738
17035
16822
16843
16782
16922
17040
16985
16863
16948
16826
17123
16843
17169
17021
17216
16969
16983
16805
17138
17514
17014
17207
17176
17130
17272
17248
17426
17460
17322
17131
17126
17176
17267
17589
17241
17200
17312
17338
17127
17409
17246
17266
17476
17441
17330
17271
17478
17239
17152
17604
17410
17903
17057
17346
17620
17614
17290
17345
17618
17542
17489
17428
17540
17649
17636
17697
17268
17878
17606
17572
17622
17952
17725
17809
17828
17640
18060
17720
17928
17808
17592
17544
17907
17581
17644
17490
17975
17834
17755
18040
17972
17981
17903
18084
17984
18176
17989
17860
18052
17829
17986
17825
18088
17989
18036
18002
17962
18076
17952
18244
18253
18042
18159
17897
18003
18048
18185
18442
18300
18186
18106
18322
18229
17995
18372
18192
18170
18297
17990
18034
18404
18548
18498
18001
18205
18581
18238
18444
18434
18349
18351
18187
18312
18424
18344
18444
18590
18415
18653
18596
18501
18561
18682
18449
18520
18522
18688
18520
18724
18487
18411
18492
18440
18029
18137
18204
18176
18269
18406
18110
18056
18068
18445
18536
18789
18554
18849
18788
18843
18877
18836
18906
18922
18740
18714
19019
18757
18576
18576
19080
18832
18614
18910
18812
19050
19010
19001
18744
19034
18922
18868
18895
18900
18924
19038
19140
18605
18752
19197
19077
19016
18884
18768
19108
18948
19135
19014
19301
19111
18953
18772
19274
19186
19210
19462
19042
19069
19309
19228
19106
18973
19208
19156
19259
19509
19483
19130
19349
19166
19252
19572
19258
19434
19373
19058
19447
19319
19624
19595
19424
19400
19182
19584
19435
19359
19522
19467
19449
19291
19346
19818
19434
19352
19181
19567
19854
19503
19536
19408
19546
19372
19246
19622
19469
19674
19588
19538
19641
19562
19493
19573
19382
19620
19810
19467
19612
19724
19418
19525
19672
19576
19784
19361
19524
19593
20060
19525
19417
19847
19852
19570
19865
19714
19844
19764
19531
19628
19810
19706
19597
19621
19501
19627
19840
19772
19978
20037
19946
20048
19893
20237
19950
19921
20084
19981
20000
19961
20037
20163
20086
19801
20050
20097
19692
19903
19990
19931
20023
20032
19991
19880
20265
19952
20270
19918
20129
19780
19822
20101
20218
20128
19969
20540
19992
20012
19972
20314
20260
20166
19853
20453
20025
20228
20020
20186
19988
20129
20270
20219
20115
20098
20261
20317
20322
20229
20237
20228
20008
20329
20040
20525
20024
20153
20244
20069
20266
20154
20050
20183
20072
20178
20070
20060
20041
20063
20156
20215
20310
20248
20032
20492
20324
20388
20318
20335
20553
20564
20488
20314
20363
20452
20396
19964
20264
20325
20489
20123
20391
20373
20194
19977
20284
20293
20503
20316
20534
20380
20197
20697
20373
20719
20505
20363
20515
20705
20534
20503
20666
20349
20656
20617
20504
20612
20601
20329
20299
20282
20559
20749
20488
20480
20377
20860
20274
20358
20525
20516
20558
20390
20823
20334
20312
20384
20350
20424
20196
20236
20500
20258
20357
20328
20596
20385
20443
20312
20008
20285
20477
20240
20194
20299
20112
20351
20282
20494
20419
20664
20544
20348
20427
20251
20652
20294
19870
20114
20273
20425
20276
20220
20042
20006
19879
19922
20141
19666
20177
20013
20216
20333
20202
20155
20141
20188
19948
20341
20476
20359
20493
20409
20409
20346
20356
20608
20484
20254
20462
20587
20152
20452
20661
20472
20590
20356
20530
20216
20295
20478
20663
20282
20270
20470
20548
20223
20318
20351
20321
20507
20008
20277
20340
20566
20461
20359
20614
20096
20568
20313
20424
20536
20321
20497
20196
20232
20181
20315
20409
20404
20260
20296
20109
20368
19997
20293
20198
20503
20633
20039
20296
20117
20325
20150
20181
19984
19989
20076
20311
20109
20144
19863
20162
20096
20232
20077
20005
20477
20101
20030
20113
20150
20282
20001
20064
20198
19996
20108
20180
19813
19926
20111
19930
20350
20383
20125
20103
20269
20182
19820
19962
19783
19929
20004
20046
20043
19985
19900
20186
20194
20041
19702
20070
19998
19887
19791
19364
19836
19999
19696
20059
19884
19690
19734
20052
19801
20054
19920
19973
19815
20045
19879
19419
19840
19893
19989
19748
19824
19997
19898
19584
19879
19697
19619
20009
19993
19680
19867
19628
19608
19654
19846
19457
19501
19268
19727
19653
19717
19349
19371
19456
19662
19553
19697
19550
19593
19484
19442
19562
18804
19365
19380
19523
19419
19332
19280
19348
19594
19268
19353
19036
19546
19300
19520
19268
19220
18982
19175
19472
19349
19348
19236
19311
19122
19101
19293
19033
19315
19027
19054
19092
19302
19116
19318
19140
19194
19074
18944
19289
19041
19044
18845
19046
18748
19192
18922
18632
18795
18932
18781
18831
18982
18976
19122
18721
18789
18986
18525
18549
18936
19073
18900
18759
18648
18572
18607
18460
18910
18740
18762
18590
18864
18555
18898
18678
18508
18001
18401
18357
18291
18131
18137
17934
18377
18534
17812
18106
18128
18609
18416
18207
18401
18520
18285
17842
17835
18272
18438
18329
18351
18129
18137
18162
18457
18412
18324
18286
18229
17926
18112
17977
17924
18190
18266
18098
18021
17652
17748
17830
17899
17725
17924
17876
17940
17980
17770
17843
17824
17898
17782
17781
17676
17621
17604
17405
17408
17690
17478
17526
17487
17430
17638
17367
17702
17305
17829
17463
17296
17536
17377
17472
17672
17489
17537
17172
17349
17333
17552
17278
17197
17327
17195
17391
16933
17081
17249
17141
17071
17241
16938
17016
17079
16896
16982
17193
16973
16775
16756
16941
16725
16842
16563
16732
16505
16613
16778
16764
16765
16815
16586
16640
16501
16535
16623
16429
16419
16240
16543
16724
16455
16377
16428
16221
16374
16498
16252
16582
16535
16016
16602
16495
16359
16324
16372
16148
16290
16290
16424
16200
16253
16255
16234
16221
16170
16008
15932
15780
15570
15460
15591
15469
15700
15447
15581
15765
15639
15661
15594
15593
15875
15802
15918
15858
16020
15852
15862
15862
15639
15618
15480
15878
15476
15337
15574
15432
15590
15648
15573
15525
15427
15369
15553
15076
15238
15160
15358
15305
15208
15051
15037
15030
15180
15275
15085
14887
14967
15263
15113
15124
15069
15227
15094
14917
14798
14660
14581
14170
14180
14139
14161
14603
14356
14529
14376
14297
14408
14495
14837
14744
14748
14475
14496
14337
14254
14585
14402
14335
14667
14635
14387
14445
14383
14543
14147
14335
14264
14196
14314
14370
13993
14045
14069
13889
13949
14017
13905
13769
13568
13730
13972
13652
13916
14133
13927
13974
13701
13658
13726
13897
13734
13965
13990
13647
13499
13720
13625
13662
13414
13633
13592
13519
13421
13453
13377
13568
13428
13443
13346
13556
13070
13172
13418
13332
13245
13258
13157
12981
13080
12998
12996
13221
13083
13011
12997
13018
13053
13042
12879
13205
12875
12899
12696
12973
12560
12831
12662
12810
12708
12490
12790
12410
12772
12568
12605
12582
12644
12555
12505
12755
12426
12407
12217
12368
12548
12300
12352
12148
12288
12394
12532
12015
11860
11761
12020
12021
11870
11926
11900
11959
11988
11693
11766
12020
12029
11984
11922
11777
12239
11907
11834
11847
11748
11688
11733
11657
11598
11973
11817
11768
11691
11648
11548
11522
11635
11629
11463
11711
11345
11553
11392
11353
11396
11409
11364
11554
11242
11287
11614
11396
11253
11366
11345
11408
11100
11420
11403
11256
11367
11233
11318
11236
11042
11146
11096
11230
11119
11247
10968
10954
10845
11018
11133
10946
10768
11017
10899
10698
10808
10855
10839
10704
10787
10707
10827
10578
10419
10743
10695
10860
10725
10600
10675
10572
10558
10575
10680
10501
10525
10637
10412
10446
10508
10396
10616
10507
10199
10344
10300
10355
10358
10310
10358
10397
10432
10264
10356
10227
10164
10229
10339
10376
10174
10251
10299
10158
10351
10281
10044
9968
10178
10285
10175
10013
10246
10202
10094
9899
10056
9954
9884
10036
9940
9920
9885
10145
9976
9820
9787
9938
9952
9982
9890
9749
9964
9687
9754
9808
9690
9629
9657
9741
9763
9881
9667
9549
10058
9811
9722
9671
9708
9553
9563
9630
9472
9770
9481
9680
9480
9510
9438
9596
9527
9432
9330
9484
9404
9613
9428
9321
9458
9491
9477
9616
9511
9615
9534
9433
9492
9292
9659
9391
9437
9320
9291
9243
9602
9225
9369
9390
9427
9183
9482
9290
9195
9256
9306
9505
9385
9369
9391
9247
9242
9477
9457
9193
9298
9313
9198
9313
9498
9154
9286
9421
9204
9155
9431
9376
9225
9126
9094
9174
9070
9295
9088
9354
9162
9173
9387
9292
9428
9299
9378
9344
9296
9136
9381
9143
8975
9165
9386
9240
9174
9265
9299
9271
9064
9327
9101
9350
9278
9206
9397
9477
9455
9344
9285
9265
8989
9481
9264
9347
9272
9335
9463
9380
9189
9465
9436
9277
9336
9367
9291
9213
9320
9279
9176
9296
9267
9248
9332
9391
9485
9148
9300
9279
9078
9328
9346
9283
9535
9362
9197
9195
9298
9299
9519
9451
9336
9423
9236
9493
9497
9451
9574
9445
9411
9261
9315
9325
9195
9105
9127
9478
9354
9495
9507
9653
9800
9809
9694
9590
9605
9800
9714
9762
9823
9577
9642
9810
9477
9748
9688
9950
9849
9614
9815
9773
9772
9905
9924
9726
9860
9595
9687
9761
9647
10184
9665
9891
9790
9755
10057
9978
9845
9766
9701
9969
9836
9927
9703
9839
9782
10057
10122
9924
9985
9980
9894
10113
10087
9923
10090
10063
9897
9861
9989
9868
10158
9965
9913
9832
9930
9925
9966
10428
10213
10265
10197
9994
10079
10314
10239
10158
10229
9928
10071
10123
10196
10438
10603
10184
10431
10313
10332
10292
10357
10375
10269
10371
10411
10241
10465
10258
10568
10435
10268
10350
10309
10396
10500
10408
10420
10532
10557
10438
10409
10584
10332
10628
10370
10368
10530
10673
10382
10611
10471
10449
10676
10887
10424
10902
10644
10734
10682
10719
10742
10641
10296
10652
10882
10484
10608
10796
10611
10488
10764
10866
10774
10716
10783
10772
10840
10765
10842
10674
10952
10695
10984
10842
10709
10726
10507
10792
10822
10746
10828
10721
10825
10561
10827
10851
11025
10667
10811
10575
10880
10699
10970
10728
10745
10794
10731
10852
10591
10959
10710
10745
10699
10830
10721
10895
10748
10540
10564
10724
10848
10989
11028
11023
10991
11289
11185
11035
10985
11101
11085
10945
10942
11130
11012
11155
10968
11124
10969
10954
10954
11241
11115
11042
10873
10744
10870
11140
11058
11004
10958
10901
11169
10953
11269
11087
10927
11094
10996
11020
10969
11007
11124
11108
11131
11112
11015
11229
10933
10996
11148
10986
11162
10982
10921
11050
10858
10954
11033
11167
10920
10877
10924
10812
10894
10767
11122
10981
11091
11013
10924
10842
10714
11068
10836
11057
10985
10999
10964
10880
10673
10971
11082
10773
11073
10847
11060
10892
10979
10898
10792
10931
10890
10905
10742
11023
10805
10889
10973
10810
10748
10854
10966
10599
10762
10852
10673
10796
10890
10596
10808
10737
10667
10919
10630
10703
10671
10757
10770
10641
10684
10557
10797
10670
10613
10645
10847
10562
10471
10436
10539
10592
10686
10557
10539
10592
10369
10477
10598
10349
10532
10544
10516
10627
10630
10657
10155
10575
10536
10436
10403
10418
10488
10509
10413
10199
10324
10509
10319
10234
10523
10202
10191
10252
10455
10365
10122
10306
10290
10164
10124
10162
9966
10315
10105
10226
10315
10149
10039
9945
9854
10109
10023
9985
10016
9815
9924
10183
9887
9920
9722
9894
10139
10039
9915
9838
9740
9818
9646
9780
9777
9837
9722
9679
9979
9882
9836
9734
9768
9650
9588
9753
9764
9772
9748
9622
9680
9573
9676
9514
9347
9277
9371
9349
9457
9324
9485
9344
9242
9452
9504
9408
9259
9167
9243
9221
9459
9328
9133
9008
9171
9154
9204
9177
9132
8922
9021
9118
8999
9143
9087
9038
8925
8825
8921
9080
8741
9089
8772
8700
8571
8388
8402
8385
8340
8457
8572
8776
8663
8740
8696
8729
8713
8577
8535
8506
8541
8296
8552
8361
8434
8218
8427
8238
8228
8168
8192
8349
8200
8047
8036
8016
7978
8060
7934
8115
7888
8114
7973
7924
7946
7963
7786
7680
7681
7887
7610
7602
7696
7803
7627
7858
7560
7424
7425
7577
7447
7503
7334
7514
7412
7373
7524
7307
7400
7281
7188
7236
7108
7116
7087
6942
6929
7135
6902
6815
7090
7100
7047
7096
6761
6798
6872
7078
6944
6811
6718
6721
6690
6500
6516
6528
6583
6653
6587
6506
6507
6346
6351
6396
6317
6270
6301
6377
6171
6206
6178
6124
6242
6239
6097
6237
6077
5954
6109
6005
5841
5858
5855
5800
5862
5881
5850
6008
5808
5659
5749
5723
5587
5702
5414
5568
5442
5676
5595
5473
5588
5512
5266
5263
5241
5373
5174
5257
5138
5344
5168
5106
5226
5065
5126
5070
5141
4842
4948
4795
4948
4810
5001
4823
4759
4737
4703
4758
4628
4612
4494
4435
4377
4382
4395
4347
4376
4247
4385
4481
4376
4336
4342
4374
4301
4362
4232
4324
4325
4240
4300
4209
4245
4142
4164
4133
4217
4076
4059
3998
3887
4081
4017
3975
3989
3912
3987
3971
3853
3912
4017
3774
3809
3816
3744
3757
3728
3735
3650
3726
3724
3690
3667
3620
3676
3510
3596
3572
3523
3610
3523
3596
3591
3328
3425
3402
3424
3358
3421
3449
3433
3468
3338
3390
3362
3398
3514
3147
3331
3320
3175
3368
3166
3137
3139
3243
3122
3262
3193
3259
3241
3165
3153
3021
3118
