3516
3385
3316
3337
3369
3431
3328
3302
3310
3284
3357
3330
3332
3354
3263
3371
3476
3484
3383
3275
3396
3387
3250
3423
3453
3334
3212
3302
3246
3331
3403
3296
3440
3497
3313
3413
3351
3538
3437
3453
3438
3419
3430
3432
3493
3394
3460
3577
3484
3339
3632
3464
3411
3472
3481
3310
3497
3479
3389
3413
3400
3452
3461
3497
3398
3409
3517
3420
3521
3492
3367
3618
3431
3489
3467
3530
3426
3558
3485
3551
3567
3497
3537
3608
3528
3759
3585
3453
3447
3599
3610
3497
3646
3532
3530
3558
3599
3635
3471
3552
3638
3664
3677
3799
3742
3614
3682
3713
3616
3521
3620
3458
3688
3623
3608
3621
3558
3705
3591
3717
3792
3833
3618
3697
3559
3680
3686
3660
3744
3658
3810
3762
3607
3682
3744
3736
3694
3848
3737
3837
3780
3897
3832
3699
3840
3754
3846
3755
3689
3723
3726
3800
3807
3753
3810
3849
3852
3752
3900
3953
3954
3881
3941
3887
3854
3808
3888
3805
3828
3890
3839
4008
3940
3829
3927
3881
3935
3954
4122
3974
4044
3887
4031
3943
3924
3961
3860
4045
3929
3904
4030
4011
3978
3863
4004
4035
3898
4103
4021
3979
3956
4064
4013
4032
3935
4049
4090
4029
3982
4162
4054
4189
4133
4144
4081
4136
3956
4108
4168
4035
4094
4095
4069
4124
3997
4078
4119
4047
4142
4149
4120
4250
4113
4104
4172
4060
4140
4192
4216
4231
4185
4280
4169
4167
4254
4195
4273
4262
4228
4313
4130
4211
4327
4177
4251
4280
4253
4224
4202
4244
4254
4142
4271
4412
4405
4321
4221
4332
4394
4266
4450
4444
4443
4313
4299
4307
4340
4357
4409
4547
4461
4409
4430
4474
4318
4413
4436
4352
4368
4353
4414
4341
4431
4465
4480
4624
4342
4442
4527
4500
4429
4528
4306
4334
4526
4585
4412
4565
4562
4528
4599
4736
4543
4590
4425
4548
4591
4631
4539
4515
4639
4528
4495
4497
4633
4491
4767
4676
4687
4596
4646
4578
4574
4622
4643
4593
4690
4691
4730
4675
4665
4663
4549
4600
4569
4677
4557
4666
4497
4663
4494
4740
4710
4777
4812
4682
4804
4761
4835
4677
4526
4803
4794
4904
4770
4641
4958
4725
4775
4860
4937
4738
4782
4843
4998
4945
5002
4936
5028
5047
4961
5028
4871
5093
5063
4767
4960
4966
5046
4746
4794
4796
4837
5046
4963
4875
5013
4991
4948
4933
5069
5139
4969
4836
5128
5018
5058
5098
5075
5020
4876
5021
4929
5213
5082
4970
5012
5101
4919
5086
5241
5293
5170
5118
5123
5151
5318
5090
5160
5234
5276
5316
5216
5227
4997
5337
5295
5145
5258
5235
5374
5303
5371
5125
5229
5396
5142
5198
5355
5324
5371
5268
5354
5404
5354
5300
5433
5224
5398
5395
5370
5448
5256
5325
5347
5302
5420
5465
5649
5467
5450
5570
5467
5257
5437
5465
5362
5229
5463
5508
5498
5584
5323
5582
5558
5532
5733
5413
5610
5472
5637
5466
5632
5524
5580
5594
5659
5610
5639
5547
5694
5466
5679
5659
5778
5599
5718
5728
5665
5655
5693
5569
5862
5634
5692
5807
5613
5587
5751
5796
5773
5982
5776
5689
5863
5854
5687
5769
5732
5767
5875
5713
5817
5985
5932
5749
5953
5873
5960
6044
5794
5926
5893
5832
6011
5961
6013
5921
6135
5929
5845
5929
6144
5934
6052
5861
6196
6135
6080
6049
5973
5948
6134
6202
5953
6080
5940
6052
6030
6191
6221
6008
6047
6177
6047
6085
6211
6262
6382
6192
6266
6307
6147
6272
6313
6148
6333
6256
6230
6276
6154
6203
6272
6256
6372
6297
6303
6438
6457
6371
6099
6330
6635
6270
6288
6582
6408
6517
6530
6461
6382
6354
6307
6484
6552
6416
6546
6476
6603
6426
6370
6375
6459
6629
6418
6564
6412
6548
6373
6301
6377
6459
6224
6324
6430
6554
6497
6584
6749
6668
6670
6631
6744
6638
6792
6902
6683
6731
6728
6457
6859
6863
6803
6686
6858
6793
6758
6773
6828
6861
7008
6766
6787
6928
6823
6784
6893
6986
6927
6856
6848
6686
6884
7059
6794
7036
6870
6897
6846
6799
6870
6819
7039
6854
6818
7055
7016
6928
7032
7005
6919
7079
6928
7102
7215
6954
7254
7087
7176
7314
7174
7104
7102
7166
7048
7087
7069
7072
7137
7220
7244
7113
7321
7200
7333
7279
7196
7530
7372
7371
7304
7455
7227
7467
7438
7436
7450
7332
7383
7428
7391
7452
7634
7512
7410
7505
7571
7500
7554
7717
7497
7477
7328
7418
7543
7737
7685
7512
7401
7418
7654
7594
7377
7565
7506
7764
7733
7592
7688
7790
7783
7936
7570
7666
7629
7655
7897
7750
7953
7999
7881
7805
7663
7804
7688
7906
7739
7834
8011
7870
7780
7894
8056
7994
7918
7983
8070
7993
7864
7857
8091
7911
8161
7915
7915
8043
7979
8114
8127
8152
8103
7981
7987
8043
8148
8105
8091
8082
8204
8161
8186
8239
8126
8480
8026
8307
8099
8467
8154
8060
8299
8094
8246
8151
8502
8468
8351
8463
8329
8518
8361
8407
8526
8497
8527
8396
8409
8283
8484
8459
8573
8557
8613
8473
8421
8475
8472
8437
8746
8482
8532
8628
8633
8702
8449
8481
8555
8751
8973
8726
8468
8772
8781
8707
8828
8830
8880
8985
8859
8783
8726
8835
9093
8810
8891
8987
8765
8688
8820
8923
9029
9006
9025
9008
8815
9199
9191
9045
8974
8655
8853
9008
9040
8829
8874
9126
9106
9070
9043
8939
9204
9180
8958
9253
9194
9269
9173
9303
9504
9231
9306
9352
9461
9314
9252
9414
9321
9364
9247
9379
9429
9590
9480
9478
9457
9514
9306
9576
9446
9414
9639
9504
9397
9463
9484
9478
9637
9567
9600
9653
9635
9680
9581
9877
9741
9466
9680
9453
9622
9650
9669
9549
9714
9858
9703
9602
9851
9723
9684
9858
9717
9858
10002
9800
9865
9970
9890
9831
9999
10122
9880
9907
9973
9861
10040
10227
10104
9914
10057
10100
9916
9768
10090
9918
9973
10083
10124
10226
10184
10270
10202
10154
10196
10196
10132
10469
10034
10243
10114
10454
10320
10301
10263
10158
10507
10240
10203
10250
10365
10155
10418
10278
10274
10258
10031
10266
10465
10628
10660
10593
10521
10557
10750
10473
10489
10506
10843
10594
10258
10411
10699
10677
10450
10332
10600
10599
10731
10564
10498
10565
10585
10650
10887
10965
11050
10986
10653
10951
11055
10849
11048
10770
10913
11002
11083
11174
11221
11298
10966
11239
11234
11214
11072
10995
11204
10844
10756
11149
10906
11032
10838
10666
10613
10803
10807
10702
10810
10839
10859
10860
10992
11198
11120
11153
11115
11283
11346
11450
11346
11119
11502
11336
11186
11191
10852
10504
10205
10185
9953
9911
9489
9548
9286
9141
9318
9476
9512
9802
10129
10559
10824
11188
11552
11624
11669
12147
11995
11944
11820
11867
12059
11927
11744
11760
11791
11835
11932
11662
11705
11852
11928
12020
11833
11931
11900
11738
11922
11637
12040
11773
11812
11919
11639
12093
11962
11924
12142
12224
12045
12294
12077
12191
12032
12099
12208
12201
11999
12164
12252
12002
12225
12212
12166
12420
12176
12195
12126
12012
12189
12232
12451
12610
12308
12172
12188
12182
12547
12297
12421
12306
12401
12557
12583
12491
12577
12489
12461
12401
12333
12328
12438
12690
12361
12443
12498
12442
12538
12695
12445
12460
12497
12840
12520
12428
12603
12689
12652
12373
12635
12530
12745
13067
12565
12584
12818
12572
12876
12789
13045
12782
13019
13269
12993
12980
12941
12845
13011
13180
13061
13251
13196
13090
13085
13200
13192
13370
13440
13176
13097
13185
13499
13562
13398
13282
13303
13611
13609
13374
13242
13401
13268
12928
13006
12682
12882
12800
12761
12910
12705
12887
12589
12837
13098
13268
13711
13482
13934
13655
13546
13562
13643
13476
13493
13826
13857
13782
13685
13828
13713
13834
13931
13749
13932
13836
13811
13929
14025
13832
13839
13926
13994
13898
14001
13864
13935
13969
14006
13757
14067
14008
14026
13963
13901
14065
14156
14180
14250
14074
14073
13988
13977
14354
14387
14016
14344
14068
14227
14269
14098
14187
14349
14458
14185
14154
14358
14317
14365
14372
14485
14661
14391
14584
14425
14620
14408
14532
14490
14601
14540
14518
14480
14584
14455
14737
14658
14891
14692
14874
14717
14717
14819
14890
14636
14938
14662
14930
14729
14791
15059
14866
14988
15094
14894
14753
14943
14905
15094
14925
15000
14890
15078
15074
14860
14899
15226
15176
15163
15097
15162
15179
15428
15118
15510
15261
15289
15325
15305
15182
15380
15446
15504
15401
15189
15554
15202
15568
15492
15400
15747
15541
15751
15389
15601
15747
15801
15691
15594
15885
15845
15442
15460
15754
15847
15708
15540
15701
15644
15554
15616
15802
15924
15812
15678
15655
15883
16019
15781
15826
15720
15947
15844
15901
15676
15782
15951
16077
15920
15686
15925
16084
16030
15996
15907
16010
16094
15981
16358
16021
15904
16076
15941
15921
15944
15996
16063
16344
15906
16038
15877
15705
15959
16119
16267
15979
16530
16272
16253
16213
16259
16249
16499
16284
16235
16524
16556
16450
16557
16526
16338
16680
16356
16771
16596
16686
16705
16472
16597
16514
16190
16682
16666
16604
16408
16866
16682
16640
16701
16912
16711
16778
16811
17030
16809
17129
16633
17297
16805
16590
16548
16659
16967
16832
16751
16854
16999
16849
17349
17180
16908
17236
17002
17245
17051
17218
17076
17316
17270
17226
17012
17124
17013
17273
17036
17152
17037
17075
17292
16838
17322
17266
17330
17482
17257
17252
17304
17453
17628
17365
17384
17357
17271
17680
17129
17166
17517
17233
17458
17408
17581
17192
17211
17247
17644
17387
17518
17392
17320
17397
17704
17750
17801
17472
17645
17722
17440
17625
17655
17676
17645
17418
17580
17874
17958
17722
18004
17822
17696
17828
17832
17759
18020
17706
18029
17979
17829
17920
17636
17884
17905
17878
18071
18020
17768
17857
17898
17710
17826
17901
17837
18000
18468
18458
18041
17945
18152
17962
18057
18358
18190
18007
18238
17949
18208
18272
18301
18168
18200
18218
18302
18012
18155
18283
18238
18092
18244
18350
18391
18443
18193
18379
18271
18298
18226
18079
18475
18383
18308
18359
18174
18395
18378
18795
18262
18258
18503
18666
18514
18743
18573
18508
18704
18774
18701
18669
18422
18590
18471
18388
18281
18382
18303
18512
18150
18126
17946
17816
18203
18313
18402
18822
18702
18810
18804
18757
18780
18996
19038
19138
18791
18842
18896
19314
19124
18821
18785
18612
19115
19085
18857
18973
18818
19076
19001
18968
19010
18628
18860
19238
18954
19102
18700
18944
18983
18845
18823
18871
18874
19025
18886
19124
19095
18987
19172
19009
19053
18763
18949
19219
19093
19129
19460
19163
19096
18947
18845
19362
19100
19076
19322
19172
18978
18888
19211
18916
19498
18970
19365
19553
19124
19301
19269
19306
19314
19270
19465
19542
19156
19453
19485
19520
19156
19467
19442
19555
19260
19385
19685
19512
19578
19432
19725
19564
19533
19504
19649
19157
19550
19687
19612
19387
20142
19554
19621
19382
19288
19560
19526
19682
19367
19697
19575
19678
19674
19642
19916
19720
19658
19252
19632
19744
19718
19783
19866
19562
19901
19623
19437
19533
19608
19824
19862
19996
19694
19769
20041
19976
19813
19800
19958
19805
19540
19948
19882
19541
19627
19847
20149
19758
19941
19933
19968
19854
19992
19904
20027
19942
20112
19764
19965
19933
19795
20025
20126
20136
20268
20235
20372
20195
20436
20193
20216
19980
20229
20105
20161
19905
19890
20210
20128
20399
19924
20087
19995
19713
20183
20241
20149
20298
20324
20319
20106
20123
20003
20172
19988
20190
20126
20132
20363
20349
20212
20335
19972
20002
20285
20535
20413
20501
20153
20215
20213
20554
20276
20007
20276
19883
20421
20358
20050
20187
20135
20169
20090
20471
20173
20246
20452
20438
20474
20452
20104
20386
20285
20367
20371
20365
20100
20098
20554
20443
20438
20276
20152
20322
20228
20198
20271
20317
20279
19980
20491
20482
20063
20378
20650
20373
20286
20305
20696
20392
20660
20516
20544
20812
20530
20594
20535
20772
20608
20404
20500
20372
20409
20389
20544
20469
20512
20581
20561
20780
20382
20729
20212
20788
20386
20618
20725
20466
20472
20540
20562
20398
20218
20125
20207
20284
20356
20546
20241
20215
19816
20362
19866
20618
20398
20496
20500
20278
20235
20620
20509
20518
20827
20297
20362
20159
19789
20508
20247
20114
20376
19842
20234
20157
20157
20061
20048
19894
20132
19866
20093
19841
19892
20057
20089
20083
20367
20411
20181
20397
20675
20367
20681
20837
20530
20544
20319
20588
20450
20550
20380
20491
20525
20404
20208
20394
20490
20619
20628
20308
20368
20605
20363
20242
20485
20383
20628
20534
20378
20425
20631
20140
20381
20370
20569
20228
20548
20377
20104
20481
20677
20626
20557
20718
20238
20262
20132
19902
20244
20125
20042
20130
20408
20470
20552
20279
20080
20026
20319
20045
20378
20413
20308
20156
20042
20004
20073
19977
19993
20191
20347
20252
20024
20188
20235
20390
20164
20210
20137
20005
19919
20168
20258
20201
20228
19933
20210
20048
20013
20020
20314
20123
20099
20149
19702
20219
20048
20054
19713
20093
20106
19642
19996
19995
20002
20246
20034
20077
19591
20148
20325
20096
20090
20099
20105
20020
19806
19973
19845
19776
19882
19944
19692
19837
19957
20120
19898
19938
19993
19512
19798
19837
19988
19956
19953
19522
19284
19826
19588
19613
19628
19752
19565
19641
19468
19641
19960
19594
19624
19818
19405
19549
19546
19599
19807
19886
19340
19820
19820
19801
19584
19806
19384
19456
19417
19696
19594
19284
19559
19594
19712
19642
19910
19461
19401
19203
19357
19239
19358
19525
19584
19292
19268
19172
19397
19376
19344
19599
19444
19235
19117
19185
19385
19489
19152
19182
19210
19359
19023
19294
19063
19091
18693
19018
19311
19233
19289
19240
19000
18828
19292
19096
19165
18842
19257
19072
19100
18776
18535
18881
19022
19061
19001
18864
18556
19008
18701
18757
19064
18837
18954
18834
18690
18653
18859
18738
18752
18786
18646
18531
18892
18621
18743
18797
18480
18831
18613
18562
18421
18322
18223
18351
18315
18148
18336
18184
18000
18197
18254
18355
18585
18612
18408
18366
18306
18586
18400
18466
18248
18176
18375
18287
18092
18401
18312
18102
18395
18230
17962
17947
17960
17988
17867
18116
18105
17944
17920
17904
17812
18076
17550
17815
18086
17761
18038
17590
17646
17875
18122
17804
17887
17676
17839
17631
17499
17452
17337
17600
17557
17624
17656
17670
17431
17700
17397
17230
17657
17272
17416
17318
17308
17437
17356
17512
17305
17309
17383
17408
17343
17506
17124
17499
17138
17192
17035
17132
16993
17180
17122
16960
17037
16984
17219
16989
17064
17210
16821
17121
16953
16852
17015
16657
16562
16716
16698
16669
16836
16665
16646
16874
16740
16795
16432
16438
16462
16350
16170
16273
16308
16230
15782
16436
16184
16330
16444
16350
16503
16502
16512
16392
16499
16580
16424
16088
16219
16337
16218
16619
16578
16288
16360
16392
16683
16231
16327
16340
16178
16212
15772
15448
15127
15552
15419
15431
15518
15333
15458
15377
15455
15754
15428
15688
15805
15825
15897
15986
15497
15549
15880
15583
15636
15554
15762
15719
15497
15586
15659
15480
15398
15570
15594
15332
15211
15455
15254
15088
15248
15410
15153
15250
15025
15283
15222
15270
15263
15180
15148
15037
14866
15226
14888
15049
15160
14961
14850
15112
14566
14483
14234
14409
14321
13973
14561
14347
14350
14554
14574
14300
14836
14725
14666
14825
14487
14756
14751
14599
14356
14553
14353
14578
14664
14537
14395
14429
14294
14270
14218
14159
14228
14039
14129
14175
14027
13938
14043
14052
13709
14063
13879
13726
13813
13724
13792
13986
13830
13767
13890
13941
13683
13937
13616
13504
13430
13577
13587
13498
13716
13236
13545
13597
13511
13668
13692
13108
13206
13187
13404
13133
13200
13316
13236
13357
13318
13273
13197
13236
13294
13124
13049
13060
13049
13155
12986
13025
13101
13277
13020
12900
12781
12984
12973
12864
12945
12798
12772
12701
12537
13036
12475
12580
12555
12660
12617
12620
12528
12746
12580
12573
12726
12440
12515
12774
12253
12546
12420
12416
12634
12393
12365
12287
12010
12141
11997
11885
11787
11779
11630
11883
11848
11926
11813
11812
11808
11980
12188
11893
11975
11948
12088
11707
11850
11733
11596
11720
12144
11699
11802
11660
11806
11878
11557
11664
11793
11531
11644
11512
11395
11474
11693
11423
11388
11454
11372
11247
11608
11516
11146
11509
11404
11360
11296
11334
11244
11244
11133
10971
11190
11058
11351
11066
11278
11126
11211
11058
11069
11058
11163
10845
11092
10917
11074
11101
10917
10994
10640
10719
10581
10734
10789
10888
10758
10645
10681
10735
10688
10802
10633
10381
10562
10517
10636
10705
10298
10413
10636
10539
10589
10406
10314
10393
10298
10408
10317
10368
10483
10425
10287
10355
10261
10378
10171
10290
10391
10049
10158
10231
10109
10118
10278
10087
10264
10159
10180
10100
10081
10002
9832
10131
10101
9788
10027
10196
10074
9922
10059
9788
9992
9841
9821
9979
9835
9883
9961
9880
9875
9708
9988
9753
9642
9845
9798
9707
10010
9719
9836
9860
9761
9696
9769
9680
9520
9370
9673
9669
9653
9554
9382
9573
9551
9569
9562
9498
9786
9621
9635
9568
9336
9435
9507
9472
9288
9508
9574
9446
9434
9324
9365
9362
9446
9213
9295
9396
9253
9145
9336
9284
9148
9238
9252
9212
9240
9357
9211
9345
9255
9177
9231
9135
9269
9332
9146
9130
9150
9182
9169
9082
9205
9178
9108
9097
9114
9099
9140
9279
9048
9086
9035
9154
9066
9197
9254
9019
8996
9079
9016
8992
8899
9259
8911
9015
9022
8905
9026
9209
9024
9036
8978
9023
9152
9030
9140
8809
8857
8811
8884
9149
8974
8962
9097
8974
8931
8998
8822
9013
8968
8845
9027
8923
8736
9017
9194
8837
8906
8943
9005
9172
8934
9153
8818
8966
9131
9008
8837
9095
8754
9069
9195
9070
8909
9137
9145
9117
8795
9030
8960
8955
9094
9017
9318
8980
8972
8923
9067
9220
8989
8951
8974
9072
8769
8837
9206
8973
9162
8842
9064
8938
9074
8918
8996
9049
8949
8884
8858
8964
9124
8945
8978
9104
8936
8948
9058
8948
9055
9413
8924
9039
9156
9042
9363
9180
9290
9153
9124
9089
9191
9207
9352
9350
9053
9349
9097
9424
9515
9170
9397
9377
9193
9270
9327
9237
9520
9569
9517
9430
9452
9309
9138
9277
9558
9543
9357
9380
9486
9583
9650
9392
9412
9399
9417
9581
9472
9469
9526
9554
9530
9524
9509
9648
9490
9656
9630
9716
9637
9768
9463
9662
9466
9570
9444
9595
9439
9574
9573
9486
9512
9647
9779
9826
9736
9708
9793
9533
9796
9665
9723
9620
9703
9530
9623
9618
9910
9788
9728
9739
9792
9820
9804
9931
10002
9769
10157
9907
9822
9815
9854
9761
9843
9583
10012
9777
9874
10048
9937
9905
10001
9945
10017
10087
9980
9781
9925
9885
9819
9964
10065
9786
9968
10061
10156
10188
9981
10044
10118
10154
9974
10114
10133
9933
10073
10033
10122
10164
10032
10058
10034
10040
10507
10199
10046
10149
10174
10100
10106
10081
10265
10006
10229
10405
10354
10349
10244
10238
10155
10374
10407
10235
9928
10324
10359
10092
9993
10310
10245
10227
10065
10214
10260
10049
10105
10147
10314
10261
10170
10095
10452
10199
10019
10051
10312
10038
9931
10030
10170
9967
10245
9987
10007
10298
10390
10290
10581
10020
10360
10537
10333
10223
10341
10645
10447
10561
10341
10527
10398
10346
10471
10332
10583
10452
10546
10442
10286
10243
10356
10384
10469
10628
10506
10478
10357
10432
10296
10374
10485
10506
10212
10359
10246
10087
10370
10414
10425
10482
10212
10300
10343
10102
10404
10305
10388
10234
10760
10369
10560
10338
10325
10228
10441
10381
10308
10424
10219
10469
10264
10427
10406
10279
10368
10324
10292
10219
10222
10240
10204
10296
10347
10353
10308
10116
10169
10497
10330
10283
10395
10122
10119
10269
10247
10220
10306
10010
10224
10467
10362
10093
10253
10331
10323
10221
10236
10082
10062
10065
10106
10071
9828
10249
10118
10087
10130
10082
9997
10273
10014
10097
10178
10012
10250
9905
9997
10139
9861
10121
10046
10236
9837
9882
9835
9768
9789
9870
9796
9846
9818
10011
9825
9723
9620
9701
9752
9779
9763
9816
9766
9834
9844
9758
9986
9946
9830
10031
9671
9666
9820
9762
9712
9600
9531
9674
9572
9719
9542
9592
9607
9938
9690
9676
9828
9649
9527
9501
9371
9561
9450
9300
9522
9398
9476
9550
9362
9412
9329
9403
9458
9242
9423
9367
9408
9253
9229
9097
9353
9409
9391
9300
9331
9169
9282
9115
9314
9189
9309
9203
9396
9225
9249
9131
9222
8996
8995
8844
8891
9057
9087
9241
9114
9178
8808
8892
8977
9125
8843
8884
8963
8781
8878
8745
8540
8861
8794
8750
8850
8793
8717
8545
8668
8626
8630
8724
8681
8490
8395
8378
8338
8171
8243
8590
8614
8475
8622
8536
8345
8290
8358
8359
8434
8335
8192
8096
7824
7934
7673
7733
8010
7925
7899
8022
7866
8200
8204
8080
8133
8050
7841
7973
7786
7940
7768
8019
7943
7984
7737
7800
7697
7620
7741
7810
7738
7708
7708
7337
7693
7492
7574
7538
7657
7553
7513
7358
7368
7443
7319
7112
7147
7376
7318
7207
7192
7128
7228
7132
7088
7043
7288
7035
7019
6890
6936
7031
6962
6951
6900
6890
6802
6750
6766
6816
6683
6542
6817
6689
6662
6645
6586
6771
6529
6601
6588
6620
6409
6360
6281
6517
6567
6469
6445
6108
6272
6190
6178
6165
6283
6102
6177
6180
6003
6164
5937
5852
5769
6007
5904
5817
5914
6004
5767
5775
5922
5885
5906
5822
5773
5746
5525
5682
5645
5629
5662
5532
5596
5478
5538
5504
5493
5381
5234
5367
5430
5379
5215
5243
5312
5120
5088
5238
5143
5070
5158
5064
5109
4977
5081
4925
4878
4890
4796
4798
4788
4795
4848
4734
4682
4861
4697
4624
4460
4715
4596
4761
4542
4513
4571
4622
4657
4337
4427
4195
4168
4148
4165
4243
4159
4366
4216
4111
4379
4306
4269
4204
4097
4143
4207
4203
4209
4118
4029
4069
4081
3944
3940
3927
4004
4053
3877
3812
3876
3757
3827
3748
3781
3729
3849
3747
3785
3688
3809
3577
3722
3684
3499
3667
3551
3542
3575
3401
3597
3415
3494
3424
3544
3579
3442
3541
3440
3485
3383
3451
3353
3364
3313
3402
3217
3209
3300
3260
3304
3298
3168
3266
3287
3392
3224
3270
3106
3158
3153
3131
3176
3247
3175
3203
3037
3125
3089
3029
2995
2985
3127
2947
