3294
3280
3485
3277
3318
3398
3386
3404
3269
3189
3343
3268
3182
3250
3253
3298
3365
3345
3321
3453
3236
3432
3405
3337
3486
3534
3394
3407
3407
3350
3204
3428
3436
3304
3429
3460
3357
3379
3477
3435
3445
3362
3456
3421
3405
3500
3596
3504
3429
3673
3538
3475
3462
3335
3526
3485
3621
3381
3380
3600
3412
3506
3430
3523
3479
3363
3435
3449
3378
3549
3445
3464
3449
3464
3493
3410
3474
3460
3482
3657
3474
3442
3531
3575
3668
3704
3736
3682
3588
3616
3669
3566
3531
3633
3624
3593
3648
3648
3693
3556
3602
3665
3647
3628
3725
3763
3680
3591
3673
3665
3672
3679
3654
3616
3685
3677
3560
3720
3673
3634
3798
3622
3777
3791
3761
3759
3722
3670
3847
3756
3736
3812
3972
3878
3778
3718
3695
3805
3785
3689
3669
3761
3858
3755
3760
3810
3798
3864
3767
3755
3765
3821
3780
3883
3625
3760
3735
3916
3921
3844
3920
3916
3818
3894
3688
3963
3924
3973
3861
3894
3902
3909
3912
3842
3901
3865
3866
3926
3945
3920
3944
3953
3979
3876
4139
3887
4013
3969
3940
3980
4015
4009
3916
4025
3950
4035
3839
4040
3990
3960
4033
4102
4020
3875
3989
3839
4129
4165
4226
4049
3976
4027
4027
3976
4006
3978
4151
4136
4097
4196
4030
3965
3958
3963
4045
4004
4191
4166
4096
4118
4125
4113
4144
4187
4254
4108
4143
4069
4164
4160
4116
4244
4261
4224
4269
4312
4374
4226
4144
4180
4255
4360
4380
4201
4267
4293
4255
4287
4353
4382
4310
4297
4345
4361
4486
4301
4308
4419
4372
4303
4193
4472
4365
4399
4451
4492
4479
4457
4527
4533
4287
4348
4423
4251
4318
4586
4365
4461
4273
4343
4288
4465
4485
4543
4473
4488
4455
4465
4493
4514
4466
4655
4468
4417
4549
4490
4463
4581
4627
4387
4406
4575
4626
4545
4620
4639
4597
4611
4728
4700
4653
4707
4540
4613
4540
4638
4679
4535
4610
4671
4716
4750
4513
4738
4742
4569
4604
4609
4890
4643
4825
4646
4732
4652
4900
4723
4682
4682
4611
4626
4729
4676
4813
4794
4807
4748
4616
4860
4835
4857
4691
4757
4772
4850
4883
4723
4873
4759
4730
4878
4842
4854
4951
5021
4858
4934
5070
4971
4783
4948
4892
4814
4915
5169
4984
5037
4955
5034
4848
4930
4980
4992
4923
5002
5108
5031
5111
4826
4889
4987
4975
5024
5062
5114
5044
4971
5162
5096
4876
5029
5029
5142
5045
5070
5054
5178
5219
5044
5032
5204
5109
5165
5183
5130
5061
5145
5204
5061
5272
5246
5331
5245
5062
5234
5110
5110
5255
5337
5468
5201
5226
5242
5324
5244
5339
5193
5276
5263
5412
5368
5246
5264
5412
5458
5318
5200
5313
5379
5513
5307
5370
5498
5423
5505
5339
5633
5318
5376
5402
5213
5509
5458
5466
5515
5653
5314
5511
5510
5413
5487
5480
5461
5525
5581
5596
5535
5596
5504
5701
5450
5684
5517
5476
5613
5707
5661
5682
5701
5583
5703
5661
5639
5714
5745
5687
5687
5777
5463
5565
5606
5695
5894
5900
5777
5741
5594
5717
5815
5776
5852
5766
5667
5748
5815
5784
5754
5998
5776
5800
5781
5903
5816
5816
5993
5822
5868
5816
5767
5863
5955
5810
5782
6042
6102
5895
5921
6046
5817
5952
6062
6067
6013
5825
6034
5988
6086
6179
6068
6084
6124
6091
6020
5964
6236
6028
6234
6145
6200
6087
6101
6083
6332
6256
6199
6172
6321
6073
6234
6085
6168
6266
6341
6250
6357
6284
6196
6548
6326
6344
6265
6258
6367
6239
6290
6285
6175
6428
6328
6408
6152
6283
6482
6435
6388
6465
6417
6442
6639
6166
6491
6455
6370
6491
6549
6518
6465
6468
6678
6425
6529
6549
6440
6454
6400
6576
6475
6462
6382
6090
6362
6472
6308
6492
6524
6425
6595
6697
6710
6637
6802
6565
6602
6689
6863
6824
6868
6831
6832
6791
6746
6673
6790
6779
6831
6932
6843
6725
6567
6932
6801
6902
6847
6908
6824
7001
6842
6747
6929
6827
6842
6947
6682
6907
6944
6847
7035
6890
7016
6898
7135
7129
6836
7021
6948
6988
7124
7109
6928
7002
6850
6950
7211
7145
7182
7122
7138
7008
7037
7050
7116
7114
7051
6843
7024
7045
7026
7061
7257
6986
7102
7447
7320
7361
7374
7331
7264
7418
7074
7431
7460
7235
7358
7265
7437
7509
7316
7413
7282
7366
7401
7360
7533
7270
7435
7499
7437
7368
7594
7562
7372
7437
7554
7680
7442
7812
7665
7629
7702
7483
7575
7696
7564
7582
7713
7732
7872
7618
7712
7679
7714
7640
7713
7691
7784
7680
7959
7790
7876
7680
7808
7647
7499
7812
7918
7932
8022
7859
7925
8043
7890
7936
7930
8056
8013
8109
7875
8026
7766
7742
8088
8221
8027
8237
7940
7984
8113
8217
7938
8301
8041
8008
7867
7993
8254
8204
8164
8107
8095
8140
8113
7946
8327
8133
8225
8070
8362
8207
8326
8115
8432
8361
8201
8323
8317
8417
8292
8462
8313
8409
8470
8461
8379
8412
8491
8532
8280
8557
8621
8410
8438
8588
8363
8565
8554
8591
8528
8698
8414
8523
8452
8687
8650
8563
8666
8566
8863
8759
8741
8831
8796
8753
8806
8718
8517
8768
8976
8827
8753
8628
8976
8908
8710
8838
8838
8987
9020
9000
8925
9073
9043
8887
8966
8972
9021
9214
9238
8861
8985
9124
8824
8717
8859
9177
8965
8958
9069
9102
9110
9147
9160
9137
9295
9255
9316
9305
9268
9141
9322
9131
9280
9177
9280
9300
9495
9287
9487
9322
9426
9441
9532
9595
9454
9404
9590
9462
9665
9425
9523
9556
9410
9453
9472
9573
9533
9778
9721
9656
9568
9788
9529
9866
9824
9665
9808
9670
9792
9758
9657
9443
9762
9594
9677
9663
9578
9770
9678
10022
9853
9911
10071
9732
9755
10185
10146
9970
9940
10016
9777
9894
10061
9860
9954
9994
10079
9964
10074
10154
9992
9917
10052
10029
9927
9871
10113
10032
10203
10448
10020
10107
10106
10413
10152
10159
10420
10107
10214
10416
10245
10601
10219
10260
10295
10075
10163
10363
10003
10301
10243
10588
10338
10215
10484
10272
10408
10236
10676
10467
10326
10514
10496
10589
10590
10522
10557
10481
10669
10413
10750
10659
10608
10589
10584
10562
10365
10698
10694
10393
10549
10352
10609
10633
10616
10837
10797
10869
10949
10802
10871
11019
10733
11011
10891
10882
10975
10953
10981
11002
10889
10996
11316
11231
10941
11033
11005
10802
11024
10860
10924
10893
11030
10803
10760
10701
10940
10897
10786
10676
10856
10807
11159
11166
11258
11236
11220
11306
11238
11368
11183
11416
11267
11249
11264
11193
11148
10891
10697
10631
10138
10121
9863
9650
9715
9273
8849
9336
9261
9600
10102
10224
10592
10908
11311
11590
11766
11606
12027
11760
11784
12178
11904
12187
11945
12230
11935
11756
11840
11986
11703
11860
11914
12022
11970
11952
11998
11792
11855
11865
11969
11774
12032
11977
11915
11972
11869
11915
11989
12034
11966
12324
12004
12288
12235
12182
12285
12100
12057
12312
12282
12144
12277
12133
12064
12237
12113
12355
12037
12022
12438
12236
12143
12234
12255
12485
12363
12357
12285
12374
12290
12295
12388
12397
12308
12322
12722
12712
12349
12708
12331
12418
12501
12451
12554
12378
12738
12241
12464
12567
12554
12560
12381
12618
12699
12656
12629
12766
12628
12531
12622
12948
12754
13014
12972
12981
12804
12700
12890
12820
12823
12898
13010
12983
12942
13128
13207
12924
13256
13221
13253
13503
13272
13200
13028
13072
13242
13195
13504
13447
13348
13178
13242
13523
13573
13534
13433
13588
13515
13539
13529
13328
13352
13091
13086
13083
12887
12962
13049
12752
12769
12730
12708
12508
13179
13163
13490
13481
13558
13417
13674
13353
13639
13661
13739
13800
13575
13900
13649
14010
13592
13604
13696
13906
14042
13977
13790
13757
13688
13946
13894
13880
13917
13771
14226
14169
13909
14035
13880
14008
14028
14131
13984
14215
14017
13789
14079
14053
13882
14121
14181
14170
14145
13935
14132
14319
14385
14282
14340
14302
14196
14309
14464
14683
14346
14281
14360
14496
14493
14267
14348
14504
14356
14095
14539
14693
14596
14455
14490
14468
14586
14477
14434
14676
14592
14613
14618
14700
14642
14914
14778
14938
14804
14831
14657
14592
14608
14941
15005
14764
14866
15087
14951
15008
14981
15032
15151
15074
15156
14886
15041
15136
15292
14966
15019
15202
15201
15343
15124
15412
15026
15220
15140
15120
15056
15445
15124
15382
15303
15231
15317
15185
15504
15275
15320
15444
15311
15444
15674
15356
15506
15586
15488
15236
15346
15552
15648
15712
15478
15400
15488
15616
15604
15560
15999
15658
15526
15986
15415
15792
15560
15918
15906
15925
15954
15728
15810
16046
15723
15837
15919
15814
15772
15623
15732
16133
16068
15763
15760
16114
16016
15789
15876
16012
15820
15914
16123
15926
16216
16023
15996
16021
15975
16260
16082
16095
16152
15880
15896
16109
15780
16035
15967
15833
16208
15979
16215
16058
16405
16698
16346
16351
16404
16432
16422
16525
16640
16619
16737
16494
16412
16512
16438
16519
16328
16436
16333
16770
16480
16690
16853
16527
16538
16848
16918
16764
16538
16953
16541
16733
16864
16651
16724
16750
16551
16751
16830
16678
16884
16857
16582
16888
16785
17142
16833
17008
17120
16789
16900
17101
16742
17020
17010
17188
16967
16898
17191
17116
17016
17051
16935
17101
17323
17065
17220
17177
17124
17304
17262
17241
17285
17289
17301
17125
17286
17220
17309
17837
17289
17290
17496
17362
17156
17472
17300
17288
17156
17515
17603
17376
17437
17276
17381
17626
17438
17288
17444
17434
17549
17604
17233
17517
17835
17614
17684
17639
17777
17389
17610
17805
17650
17837
17908
17726
17759
17949
17755
17708
17710
17965
17485
17565
17911
18155
17816
18011
17936
17781
18029
18132
17882
17664
17992
17823
17741
18024
18198
17876
17856
17848
18079
17892
17956
18043
18124
18009
18173
18358
18240
18093
18334
18148
18272
17946
18316
18136
18293
17924
18490
18237
18342
18222
18508
18137
18310
18309
18141
18415
18322
18286
18221
18368
18373
18427
18277
18136
18460
18396
18128
18464
18183
18328
18305
18456
18407
18549
18533
18333
18512
18519
18480
18465
18412
18498
18649
18716
18692
18778
18557
18194
18409
18070
18157
18136
18278
18024
18018
17854
18068
18173
18105
18838
18415
18584
19054
18774
19060
19003
18795
18927
18688
18744
18801
18765
18796
19064
19053
18875
18899
18883
18808
18829
18850
18777
19085
18909
18577
18885
18906
18991
18704
18633
19109
18993
18928
18724
19188
19008
19061
19142
19050
18952
19064
19281
19272
19280
19093
18763
19025
19115
18819
19610
19010
19222
19223
19259
19224
19361
18910
18954
19147
19289
19313
19166
19463
19092
19262
19265
19167
19327
19290
19160
19379
19319
19675
19412
19412
19355
19729
19387
19212
19232
19430
19509
19572
19595
19412
19460
19529
19615
19556
19397
19498
19727
19380
19661
19754
19653
19532
19690
19591
19748
19684
19531
19662
19498
19510
19727
19732
19624
19845
19863
19788
19588
19431
19458
19460
19410
19811
19485
19613
19616
19580
19875
19706
19589
20090
19692
19730
19759
19785
19305
19962
19930
19678
19441
19849
19626
19941
19586
19895
19538
20114
19772
19582
20077
19834
19968
19634
19776
19916
20121
19656
20036
19781
20132
20042
20188
20013
19770
20128
20308
20376
20200
19972
20019
19739
20153
20030
20009
19988
19561
19968
19977
20011
19973
20130
20147
20308
19845
20010
20512
20200
20038
20090
20022
20115
20011
20141
20112
20234
20252
20436
19996
20436
20174
19830
20235
19850
20240
20062
20232
20124
20173
20191
20225
19769
20217
20193
20158
20473
20292
20333
20273
20099
20342
20156
20275
19926
20254
20267
20403
20309
20608
20043
20150
20126
20260
20203
20038
20235
20149
20359
20257
20242
20482
20143
20341
20322
20357
20141
20480
20370
20076
20283
20103
20419
20274
20173
20212
20501
20242
20458
20262
20507
20474
20269
20333
20445
20420
20509
20247
20809
20314
20538
20392
20699
20233
20388
20669
20528
20749
20630
20421
20460
20390
20524
20586
20580
20417
20534
20373
20560
20392
20762
20626
20714
20404
20685
20648
20365
20431
20564
20314
20369
20381
20201
20279
20565
20310
20506
20303
20284
20383
20404
20579
20228
20143
20267
20388
20233
20552
20452
20260
20517
20595
20524
20167
19995
20109
20143
20181
20228
20136
19920
20146
20123
20042
19904
20136
19781
19860
19928
20032
19980
20012
20379
19950
20164
20033
20339
20418
20296
20456
20646
20134
20470
20600
20563
20621
20266
20278
20438
20533
20452
20239
20317
20442
20539
20334
20335
20356
20375
20058
20407
20272
20531
20438
20413
20357
20402
20455
20445
20406
20560
20424
20443
20577
20820
20521
20309
20505
20440
20325
20392
20512
20489
20345
20522
20345
20173
20388
20514
20621
20399
20261
20281
20250
20052
20157
20181
20201
20306
20383
20325
20218
20040
20153
20260
20328
19922
20048
19970
20490
20278
20157
20312
20322
20029
20218
20170
20294
20462
20324
20188
20165
20073
20373
20277
20206
20020
20249
20104
20475
20197
20022
19844
20109
20260
20054
19876
20285
20086
20038
20044
20082
19835
19812
20096
19919
19972
19871
19944
20172
20214
20006
19961
19784
20134
19716
20137
19991
19863
20054
19922
19608
19756
19677
19930
19805
19752
19901
19697
19817
19736
20040
19876
19856
19790
20020
19787
19906
19671
19836
19483
19718
19620
19861
19593
19426
19718
19866
19574
19765
19712
19346
19682
19485
19490
19771
19581
19525
19800
19725
19652
19502
19796
19691
19454
19700
19281
19661
19625
19215
19422
19245
19531
19220
19413
19090
19242
19515
19482
19218
19284
19097
19364
19294
19680
19565
19230
18944
19420
19326
19678
19016
19131
19598
19020
19221
19162
19183
18970
19024
19080
19270
19047
19039
19103
19240
18996
18924
18936
19028
18881
18972
19361
19064
18984
18964
18865
19339
18938
18603
19072
19108
18816
18996
18720
18930
18948
18917
18793
18714
18770
18714
18587
18794
19244
18858
18653
18822
18714
18592
18663
18811
18564
18735
18676
18276
18521
18363
18141
18418
18180
18048
18041
18617
18588
18344
18438
18488
18422
18493
18378
18347
18578
18644
18342
18372
18319
18564
18492
18144
18045
18468
18310
18103
18576
18295
18073
18740
18454
18076
18203
18136
17787
17964
17818
18189
17653
17738
18091
18092
17841
17821
17784
17772
17808
17849
17782
17833
18149
17648
17843
17853
17914
17793
17514
17468
17504
17784
17434
17486
17482
17824
17530
17536
17732
17483
17441
17242
17467
17612
17469
17630
17496
17248
17460
17355
17431
17412
17428
17366
17350
17396
17519
17340
16925
17124
17113
16836
17304
17288
17134
16768
17112
17068
17174
17074
17080
17032
16726
16921
16966
16962
16889
16656
16646
16408
16708
16712
16748
16490
16804
16453
16531
16341
16399
16365
16385
16380
16652
16384
16586
16546
16512
16396
16620
16536
16378
16754
16402
16640
16423
16604
16573
16528
16378
16395
16683
16485
16333
16313
16444
16383
16231
16052
16163
15865
15940
15714
15270
15378
15469
15717
15585
15490
15669
15657
15758
15554
15972
15848
15925
15823
15940
15903
15815
16036
15725
16043
15966
15837
15597
15721
15844
15525
15767
15486
15604
15574
15217
15549
15464
15549
15397
15302
15419
15407
15259
15265
15314
15295
15209
15268
15345
15173
15182
15174
15158
15073
15145
15030
14954
15432
14864
15051
14882
14786
14460
14586
14420
14427
14330
14494
14562
14368
14708
14502
14536
14608
14437
14491
14585
14758
14820
14868
14645
14305
14598
14574
14636
14489
14393
14400
14498
14508
14081
14253
14356
14266
14282
14075
14212
14309
13908
13856
13984
13934
14004
14093
13987
13867
13944
13729
14060
14086
13828
13829
13992
14105
13679
13762
13672
13763
13933
13870
13725
13529
13761
13631
13475
13736
13617
13347
13469
13279
13360
13782
13108
13423
13538
13248
13476
13394
13216
13405
13204
13412
13259
12805
13150
13288
13341
13179
13034
12917
13139
12794
13181
12792
13019
12754
12888
12744
13148
12934
12755
12653
12924
12729
12761
12671
12629
12855
12735
12596
12900
12581
12683
12589
12598
12587
12736
12657
12675
12656
12610
12395
12559
12613
12450
12221
12315
11946
12209
12090
12057
12054
12066
12012
11979
12118
12205
12013
12131
12180
11832
12116
11978
11924
11713
11725
11955
11980
12095
12018
11918
11890
11817
11832
11857
11941
11958
11606
11626
11928
11720
11876
11605
11750
11621
11498
11563
11562
11068
11656
11605
11542
11547
11457
11478
11400
11451
11463
11305
11549
11470
11355
11382
11354
11433
11362
11168
11432
11429
10973
11213
11240
11274
11141
11174
11143
11144
11195
11229
10963
10990
11103
11364
11300
11018
11046
10850
11047
10991
10914
10880
11079
10845
11095
10737
10828
10919
10802
10684
10946
10825
10489
10782
10680
10901
10618
10460
10377
10620
10787
10564
10603
10484
10434
10257
10141
10325
10599
10549
10518
10442
10473
10335
10295
10266
10304
10539
10157
10312
10328
10345
10468
10470
10718
10490
10184
10384
10154
10346
10378
10162
10333
10308
10138
9957
10254
10140
10196
10376
10108
10213
10206
9933
10199
9915
10004
10205
10194
9970
9996
10024
10107
9860
10006
10027
10235
9979
9852
9765
9907
10123
10173
10116
10164
9920
10076
9960
9960
9648
10016
9850
9840
9786
9850
9894
9688
9891
9636
9764
9825
9769
9910
9653
9767
9464
9739
9788
9696
9654
9766
9628
9585
9832
9670
9696
9654
9908
9563
9751
9711
9721
9693
9736
9777
9730
9576
9767
9655
9706
9579
9651
9498
9415
9646
9626
9722
9682
9454
9345
9602
9604
9594
9697
9610
9510
9418
9428
9677
9661
9602
9410
9569
9771
9596
9730
9549
9546
9672
9433
9604
9581
9431
9495
9599
9535
9624
9699
9497
9576
9543
9698
9599
9532
9529
9477
9540
9714
9294
9538
9626
9498
9657
9576
9481
9620
9485
9536
9444
9757
9512
9675
9761
9595
9704
9657
9767
9566
9539
9819
9774
9668
9828
9921
9794
9718
9751
9756
9589
9688
9536
9711
9629
9812
9809
9884
9736
9828
9944
9910
9784
9623
9687
9834
9717
9654
9730
9723
9762
9894
9796
9668
9948
10090
9953
9782
10117
9786
9900
9730
9834
9811
9927
9771
9777
9732
9809
9797
10084
10077
9970
9795
9771
10015
10324
10150
10057
10276
10128
10165
10132
10277
10184
10236
10107
10286
10184
9990
10244
10301
10315
10345
10464
10396
10276
10297
10177
10271
10311
10428
10187
10468
10237
10519
10425
10552
10329
10282
10084
10699
10392
10434
10457
10566
10459
10518
10446
10713
10768
10677
10432
10708
10891
10716
10570
10545
10676
10663
10614
10681
10363
10506
10708
10561
10736
10827
10485
10733
10734
10673
10631
10762
10548
10986
10877
10648
10955
10957
11053
10932
10865
11016
10830
10973
10896
10989
11184
11034
11135
11268
11152
11170
10924
11106
11149
11141
11120
11016
11051
11139
11156
11281
11274
11273
11244
11320
11440
11135
11191
11314
11285
11458
11214
11499
11306
11281
11257
11277
11525
11121
11025
11139
11232
11213
11476
11334
11468
11565
11482
11684
11529
11347
11514
11662
11540
11509
11285
11444
11395
11715
11564
11531
11382
11453
11493
11524
11359
11734
11582
11656
11685
11693
11597
11668
11657
11679
11749
11629
11595
11411
11717
11632
11487
11619
11616
11566
11849
11652
11702
11920
11697
11841
11692
11836
11738
11633
11617
11552
11757
11825
11770
11607
11765
11794
11558
11770
11764
11522
11631
11531
11324
11443
11579
11834
11860
11961
12105
11922
12054
11821
12028
12201
11772
11852
11927
11914
12050
11875
12056
12158
11928
11984
11989
11930
11934
12042
11990
12020
12045
11841
11781
11884
12026
12044
11930
11848
11957
11928
11923
11828
12235
12206
11892
11711
12014
12022
11916
12033
11928
11960
11966
12053
12189
12007
12064
12168
12029
12090
12044
12186
11962
12101
12034
12024
11898
11933
12133
11865
12203
11963
12069
12061
12053
12038
11954
11957
11981
11897
11752
11554
11809
12262
11596
11905
11915
11981
12104
11792
12054
11773
11878
12145
11792
11740
11772
11664
11820
12017
11770
11725
11826
11784
11645
11608
11772
11780
11706
11793
11642
11876
11433
11673
11823
11580
11965
11709
11838
11635
11502
11581
11514
11812
11794
11472
11552
11650
11723
11563
11672
11638
11507
11464
11358
11275
11188
11580
11246
11420
11384
11392
11396
11395
11411
11556
11461
11444
11548
11273
11155
11215
11250
11448
11249
11393
11240
11397
11299
11263
11255
11182
11445
11289
11437
11188
11208
11165
10898
11280
11118
11167
11221
11122
11178
11111
11134
11037
10958
11196
11272
10788
10916
11041
11070
10884
10777
10833
10738
11026
10816
10849
10709
10920
10820
10674
10735
10602
10696
10831
10804
10811
10708
10738
10699
10821
10650
10783
10755
10703
10663
10378
10858
10355
10674
10578
10605
10323
10529
10462
10503
10344
10633
10676
10368
10298
10308
10384
10290
10202
10404
10118
10175
10062
10113
9983
10301
10171
10198
10122
10042
9990
10055
10034
9996
10146
9722
9962
9825
9941
9772
9853
9814
9568
9662
9756
9831
9857
9916
9710
9709
9643
9770
9621
9596
9306
8987
8922
9062
8922
9123
9115
9473
9345
9268
9496
9263
9403
9160
9442
9093
9437
9334
9088
9175
9040
9295
9043
8923
8887
8861
9034
8874
8804
8751
8797
8765
8756
8874
8778
8590
8682
8656
8902
8521
8517
8141
8377
8590
8381
8506
8497
8460
8269
8497
8267
8323
8264
8242
8079
8248
8069
8026
8099
7946
7965
8091
8040
7888
8079
7968
7941
7801
7818
7878
7677
7586
7619
7741
7692
7564
7323
7572
7467
7644
7688
7384
7531
7366
7434
7318
7424
7302
7313
7075
7119
7173
6965
7222
7011
6922
7073
6858
6876
6858
6954
6671
6915
6840
6555
6784
6661
6739
6566
6619
6497
6676
6534
6481
6437
6428
6466
6310
6370
6181
6125
6275
6136
6166
6070
6146
6016
6085
6079
6101
6031
5872
6105
5978
5849
5949
5897
5805
5912
5661
5710
5672
5624
5577
5709
5357
5484
5497
5535
5298
5326
5403
5362
5470
5398
5294
5311
5429
5151
5075
5158
5220
5194
5173
5079
4962
5068
4736
4754
4745
4534
4643
4705
4724
4898
4757
4786
4700
4571
4681
4726
4539
4652
4564
4540
4481
4625
4565
4450
4575
4413
4442
4481
4348
4381
4338
4324
4331
4187
4087
4186
4177
4183
4142
4150
4054
4108
4197
4098
4123
4042
4095
3927
3962
3915
3766
3789
3897
3844
3856
3688
3855
3750
3716
3731
3684
3742
3667
3659
3654
3679
3749
3588
3629
3465
3684
3619
3389
3552
3513
3539
3478
3493
3510
3494
3443
3538
3385
3440
3418
3330
3416
3286
3255
3270
3296
3289
3125
3324
3237
3195
