3322
3386
3313
3236
3257
3304
3405
3261
3261
3281
3365
3348
3465
3394
3213
3444
3444
3314
3368
3341
3419
3496
3375
3398
3369
3358
3411
3364
3250
3449
3437
3402
3368
3328
3489
3449
3416
3367
3617
3432
3456
3361
3397
3431
3466
3519
3449
3393
3468
3567
3425
3479
3580
3463
3419
3484
3449
3453
3492
3448
3521
3341
3538
3420
3492
3453
3491
3416
3453
3498
3376
3549
3375
3641
3453
3545
3449
3526
3467
3477
3560
3714
3509
3440
3603
3545
3542
3587
3595
3606
3527
3624
3650
3686
3647
3451
3617
3652
3724
3651
3654
3615
3618
3688
3535
3596
3479
3670
3550
3639
3617
3595
3664
3684
3646
3781
3624
3705
3730
3580
3855
3736
3600
3764
3572
3794
3644
3787
3860
3695
3661
3655
3816
3790
3908
3828
3774
3814
3905
3814
3843
3881
3738
3783
3683
3895
3760
3769
3834
3743
3801
3745
3984
3847
3800
3894
3955
3929
3869
3951
3907
3878
3838
3961
3794
3823
3950
3811
3891
3993
3899
3795
3793
3846
3857
4012
3975
3948
3970
3781
3948
3977
3998
3975
4076
3939
3908
3920
4106
3941
4140
4025
4067
3962
4004
4002
3898
4021
4020
4124
4027
4022
4087
3989
3971
4111
3997
4154
4240
4035
4149
4028
4199
3966
4087
3961
3983
4177
3967
4040
4177
3973
4140
4165
4180
4166
4204
4204
4155
4039
4075
4312
4090
4251
4119
4074
4063
4154
4147
4286
4131
4087
4164
4264
4323
4267
4309
4385
4287
4316
4224
4176
4305
4165
4367
4304
4384
4266
4370
4227
4138
4421
4258
4335
4096
4405
4452
4209
4438
4346
4237
4368
4492
4415
4274
4420
4505
4356
4525
4414
4398
4142
4311
4453
4460
4335
4424
4540
4392
4564
4509
4494
4513
4501
4509
4501
4497
4631
4479
4448
4543
4412
4486
4350
4504
4502
4526
4401
4523
4632
4582
4653
4662
4560
4581
4571
4639
4483
4658
4594
4551
4533
4504
4681
4593
4523
4643
4674
4756
4800
4637
4666
4781
4788
4574
4682
4747
4726
4682
4705
4635
4676
4563
4699
4669
4666
4741
4694
4501
4582
4576
4741
4749
4730
4741
4726
4748
4943
4782
4872
4691
4955
4570
4862
4741
4746
4769
4844
4754
4835
4772
4890
4933
4827
4769
4875
4830
4926
4930
4911
4836
4827
4961
4968
4986
5084
4916
4790
4946
4854
5015
4887
4944
4874
4963
5069
5034
5000
5011
4812
5109
4996
5024
5165
5211
5010
5034
5016
5081
4893
5006
5157
5110
5195
5017
5010
5264
5183
5011
5237
5107
5252
5061
5114
5219
4978
5116
5103
5321
5226
5298
5300
5339
5214
5333
5388
5391
5430
5294
5300
5337
5200
5189
5229
5344
5262
5300
5320
5328
5313
5305
5391
5412
5380
5197
5338
5295
5315
5354
5473
5387
5360
5449
5334
5349
5301
5562
5405
5429
5427
5468
5428
5379
5467
5536
5524
5538
5502
5553
5528
5530
5490
5536
5544
5632
5369
5591
5692
5524
5619
5382
5385
5717
5515
5624
5668
5544
5667
5576
5703
5632
5591
5713
5614
5861
5588
5720
5655
5815
5704
5666
5679
5766
5713
5812
5776
5661
5696
5868
5858
5737
5880
5725
5775
5726
5932
5840
5772
5784
6033
5961
5791
5940
5837
5897
6021
5713
6011
5907
5999
5993
5918
5883
5970
5783
5968
5935
5980
6001
6029
5947
6088
6078
6010
6050
6226
6101
6089
6057
6094
6077
6012
6116
6232
5997
6209
5984
6148
6201
6208
5939
6227
6327
6152
6140
6096
6112
6298
6033
6358
6293
6363
6334
6218
6222
6242
6276
6312
6150
6334
6408
6336
6301
6433
6290
6306
6452
6382
6373
6196
6448
6317
6249
6379
6332
6370
6296
6667
6309
6436
6429
6503
6419
6568
6642
6435
6637
6536
6542
6574
6509
6526
6451
6457
6542
6654
6452
6403
6659
6485
6333
6454
6393
6331
6549
6564
6816
6564
6745
6914
6851
6654
6657
6506
6698
6914
6744
6756
6875
6691
6850
6782
6830
6789
6839
6797
6870
6677
6816
6810
6782
6893
6606
6784
6841
6676
6877
6859
6911
7014
6956
6901
6930
6914
7088
6734
6767
6868
6759
6830
6808
6985
6845
6967
6979
6951
6986
7204
6952
7304
7129
7130
7172
6994
7106
7151
7142
7091
7078
6988
7095
7121
7092
7194
6861
7047
7413
7209
7183
7167
7305
7287
7296
7257
7261
7324
7320
7348
7434
7325
7268
7412
7454
7209
7438
7325
7405
7402
7415
7424
7651
7385
7399
7580
7387
7412
7366
7672
7470
7637
7462
7563
7544
7677
7599
7660
7636
7474
7570
7638
7845
7884
7721
7665
7584
7754
7681
7934
7735
7581
7741
7666
7805
7799
7678
7875
7866
7714
7844
7810
7733
8005
8034
7851
7893
8051
8096
7869
7869
8019
7883
7794
7860
7972
7931
7851
8014
7940
8178
7788
7945
8123
7874
7882
8180
7884
8265
7910
8064
8302
8019
8218
7859
8027
7983
8073
8044
8052
8253
8246
8095
8198
8305
8062
8286
8165
8236
8452
8273
8299
8292
8403
8345
8411
8264
8392
8390
8518
8250
8459
8384
8210
8289
8369
8543
8298
8354
8421
8215
8317
8614
8532
8518
8506
8521
8635
8518
8394
8563
8631
8680
8488
8440
8660
8521
8854
8515
8919
8855
8792
8936
8819
8645
8730
8875
9001
8875
8891
8834
8817
9140
8805
9083
8876
8778
8920
8968
8847
9027
8853
8785
8924
8992
9045
9046
9155
8878
8894
9027
8972
8882
8778
8981
9032
8739
9058
9250
9016
9015
9146
9147
9171
9290
9344
9367
9181
9472
9261
9216
9378
9132
9354
9294
9456
9240
9390
9472
9363
9349
9420
9575
9493
9590
9676
9542
9594
9526
9640
9550
9850
9605
9462
9751
9773
9566
9454
9532
9564
9700
9694
9737
9734
9796
9825
9952
9821
9722
9740
9695
9778
9741
9738
9779
9857
9775
9834
9697
9881
9908
9844
9898
10047
10127
9746
10045
10143
9961
10063
9897
9959
9909
10014
10249
10079
9803
10332
10046
9964
9917
10129
10046
10051
9910
10009
9940
10164
10215
10211
10260
10209
10276
10118
10318
10471
10244
10127
10406
10521
10296
10108
10324
10353
10486
10263
10284
10228
10330
10266
10466
10282
10412
10050
10333
10311
10397
10536
10497
10566
10402
10586
10752
10781
10626
10594
10660
10541
10708
10664
10576
10649
10660
10747
10377
10476
10475
10670
10392
10198
10546
10763
10770
10856
10626
10874
11025
10836
11148
10974
11038
10724
11014
10687
10958
11043
11189
10772
11116
11019
10788
11030
11074
10973
10906
11094
10903
10968
10806
11142
11101
11121
10859
10743
10821
11012
11078
10823
10980
10978
11303
10999
11334
11048
11185
11485
11480
11392
11454
11376
11381
11443
11473
11255
11165
11201
10875
10593
10133
10191
10133
9884
9849
9344
9366
9231
9328
9572
9776
9845
10272
10576
11012
11348
11640
11821
11972
12074
11857
11881
11863
12073
12009
11883
11994
11862
11834
11775
12061
11647
11856
11794
12028
12210
12130
12046
11808
11922
11790
11813
11820
12009
11794
11927
11688
11925
11959
12085
12104
11977
12211
12359
12147
12101
12367
12314
12230
12489
12520
12214
12214
12357
12610
12340
12465
12196
12154
12014
12617
12325
12540
12320
12446
12584
12365
12510
12235
12202
12388
12444
12546
12460
12240
12429
12698
12632
12586
12636
12730
12504
12568
12407
12661
12628
12675
12464
12558
12544
12368
12528
12565
12542
12721
12621
12771
12657
12537
12832
12521
12796
12670
12705
12905
12790
12818
12742
12800
12807
12824
12955
12847
13026
13233
13231
13053
13081
12939
12958
13112
13037
13170
13200
13188
13258
13242
13087
13438
13178
13358
13542
13423
13368
13339
13365
13414
13501
13470
13561
13603
13377
13245
13273
13291
13224
12764
12865
13109
13021
12791
12808
12754
12843
12904
13002
13159
13283
13650
13594
13594
13689
13905
13452
13769
13938
13917
13877
13626
13848
13662
13793
13831
13781
13711
13860
13723
14106
13883
13752
13857
13880
13969
13997
14198
14184
14030
13971
13917
13838
14004
14173
14000
13777
14154
13934
14250
14194
14384
14274
14008
13946
14253
14470
14204
14309
14212
14110
14424
14368
14433
14318
14142
14168
14443
14227
14523
14437
14445
14328
14482
14539
14484
14358
14457
14650
14592
14745
14708
14690
14552
14467
14521
14640
14762
14624
14593
14599
14725
14541
14799
14924
14941
14964
14834
14576
14932
14776
14999
14765
14788
14721
14805
15002
15217
14819
15030
14970
15126
15083
15346
15052
15057
14925
15204
15156
15028
15116
15170
15327
15104
15206
15436
15091
15366
15460
15348
15029
15410
15359
15259
15578
15434
15175
15314
15539
15245
15288
15293
15581
15555
15613
15656
15479
15695
15434
15944
15579
15403
15543
15855
15385
15768
15672
15587
15528
15826
15719
15928
15493
15680
15786
15854
15358
16089
16104
15974
15901
16146
15780
15880
15899
15519
15904
15707
15947
16159
16159
16129
15711
16026
15991
16036
15827
16058
16022
16384
16366
16303
16275
16272
16042
16044
16136
16180
16132
16332
15986
16211
16010
15837
16140
15741
16150
15907
16204
16203
16338
16584
16518
16284
16556
16260
16494
16398
16491
16714
16487
16670
16671
16586
16458
16946
16570
16543
16712
16748
16748
16616
16724
16768
16928
16741
16826
16644
16737
16535
16685
16888
16888
16908
16833
16772
16770
16776
16724
17017
17007
16955
17141
16855
16976
16818
16795
16867
17181
16986
17044
16979
16900
17026
16874
17140
17014
17232
17092
17170
17285
17355
17161
17321
17105
17278
17290
16750
17134
17364
17172
17130
16940
17209
17244
17066
17579
17606
17293
17551
17291
17469
17403
17428
17677
17482
17290
17588
17414
17643
17445
17343
17521
17281
17339
17711
17689
17469
17545
17746
17629
17562
17397
17740
17501
17478
17792
17501
17790
17738
17829
17595
17940
17604
17480
17850
17708
17818
17725
17790
17888
17833
17744
18116
17929
17726
17948
17740
17848
18055
17885
17636
17973
17952
17911
18042
18048
18233
17794
17934
18244
18060
18078
17990
18022
17948
18133
17986
18534
18107
18100
18282
18266
18157
18185
18142
18352
18147
18130
18209
18201
18068
18312
18590
18435
18182
18214
18016
18176
18412
18324
18280
18313
18182
18314
18506
18233
18327
18612
18554
18509
18399
18552
18436
18337
18326
18526
18498
18616
18182
18456
18600
18920
18342
18358
18555
18582
18592
18715
18661
18702
18577
18653
18352
18487
18139
18240
18332
18228
18291
18225
18206
17970
18410
18136
18780
18885
18972
19185
19090
18803
19178
18983
18980
18954
19013
18836
18944
18957
18841
18764
18829
19192
19119
19054
18561
18877
18849
19088
18850
19115
18977
18998
19214
19159
18950
19245
19400
18916
18965
18636
19128
19399
19130
18980
19274
19384
19118
18932
18816
19037
19437
19282
19122
19373
19132
19109
19097
19622
19132
19505
18946
19538
19249
19403
19125
18910
19362
19378
19393
19402
19482
19514
19587
19094
19264
19661
19364
19444
19339
19741
19474
19389
19656
19514
19572
19613
19380
19488
19339
19756
19490
19633
19566
19343
19682
19461
19449
19594
19839
19627
19423
19633
19471
19732
19661
19390
19586
19974
19490
19750
19442
19689
19664
19781
19601
19858
19719
19676
19776
19907
19818
19629
19652
19908
19606
19724
19800
19657
19822
19754
19614
19911
19814
19622
19724
20260
19900
19796
20004
19657
19935
19784
19886
19780
19776
19906
20002
20013
19950
20107
19996
20016
19959
19942
19677
20055
20046
20000
19978
19897
19848
20168
19860
20454
20120
20111
20276
19898
20091
20054
20187
20082
20040
20012
19874
20171
19914
20338
19968
20182
20123
19915
20206
20165
19978
20189
20207
20431
20252
19937
20076
20240
20040
20177
20258
20014
20135
20216
20237
20146
20226
20252
20312
20190
20390
20264
20040
20316
20174
20181
20390
20116
19934
20119
20168
20431
20267
20413
20058
20206
20067
19814
20525
20288
20133
20306
19976
20219
19972
20420
20334
20088
20424
20165
20477
20267
20418
20562
20351
20224
20644
20398
20434
20412
20269
20363
20508
20475
20378
20406
20482
20292
20246
20091
20557
20342
20390
20343
20486
20608
20749
20432
20298
20586
20680
20406
20678
20516
20564
20551
20635
20413
20589
20827
20311
20628
20599
20697
20280
20804
20637
20617
20413
20429
20781
20676
20420
20461
20252
20619
20514
21030
20437
20894
20309
20719
20429
20593
20265
20587
20345
20608
20360
20544
20520
20221
20189
20210
20428
20194
20387
20488
20616
20024
20413
20288
20526
20387
20608
20727
20493
20244
20143
20109
20084
20260
20250
20022
20030
20241
20210
20414
20023
20020
20116
20029
20144
20161
20248
20179
20198
20182
20439
20424
20300
20567
20642
20490
20615
20540
20366
20458
20635
20548
20533
20736
20233
20820
20493
20635
20541
20411
20326
20631
20368
20349
20317
20851
20397
20461
20604
20493
20765
20668
20431
20454
20808
20564
20608
20812
20760
20550
20409
20438
20636
20580
20660
20602
20760
20779
20520
20364
20248
20562
20385
20084
20308
20239
20620
20234
20370
20503
20253
20259
20313
20379
20228
20405
20614
20414
20133
19995
20526
20244
20210
20255
19950
20420
20178
20214
20168
20112
20184
20120
20218
20334
20410
20285
20082
19948
20335
20212
20224
20101
20193
20384
20176
20227
20137
19821
20021
19890
20103
20270
20221
20000
20284
19873
20054
20166
20158
20268
20076
20368
20054
19856
20074
20088
19760
20024
20086
20228
19963
19932
19883
19951
19757
19828
19950
19921
19865
19738
19944
19897
20145
19638
19803
20165
19659
20002
19879
19987
19908
20194
19703
19870
19810
19826
19837
19854
19905
19883
19605
19931
19740
19924
19791
19732
19694
19602
19442
19640
19688
20020
19858
19794
19663
19592
19572
19656
19507
19430
19436
19651
19446
19572
19678
19560
19700
19714
19450
19636
19574
19643
19447
19432
19264
19630
19012
19348
19180
19378
19394
19368
19712
19259
19209
19444
18973
19485
19572
19200
19300
19108
19300
19107
19121
18970
18791
19128
19246
19012
19138
18980
19053
18813
19164
19295
18622
19195
18817
18914
19155
18879
19042
19113
19218
19167
18730
18910
18866
19138
18944
19008
18798
18889
18688
18758
18661
18716
18809
18952
18555
18754
18521
18959
18557
18997
19051
18829
18630
18812
18688
18524
18612
18442
17966
18311
18005
18021
18255
18306
18221
18570
18356
18395
18338
18552
18594
18250
18493
18454
18519
18116
18332
18471
18323
18517
18583
18368
18334
18403
18494
18373
18178
17970
18214
18031
17992
18308
18034
18103
17854
17612
17944
17994
17812
17928
17693
18331
17908
17957
17940
17964
17964
17888
17593
17956
18062
17833
17861
17915
17555
17755
17435
17557
17654
17530
17626
17415
17337
17908
17712
17462
17481
17438
17365
17335
17372
17387
17420
17403
17228
17466
17591
17434
17386
17408
17304
17325
17319
17176
17738
17342
17088
17371
17194
17066
16939
17375
17118
16884
17060
16853
17304
16982
17032
17028
16579
16900
16576
16738
16892
16777
16621
16543
16809
16365
16596
16422
16554
16510
16301
16262
16621
16526
16197
16439
16380
16116
16331
16390
16173
16640
16497
16372
16318
16538
16554
16367
16705
16469
16212
16549
16455
16288
16516
16381
16356
16388
16324
16366
16319
15889
15816
15416
15590
15629
15408
15753
15453
15592
15649
15701
15738
15740
15898
15826
15867
15850
15773
15933
15907
15836
15884
16088
15691
15744
15652
15571
15638
15412
15385
15465
15407
15476
15596
15595
15513
15295
15360
15384
15430
15499
15343
15635
15300
15237
15093
15469
15244
15188
15158
15177
15340
15221
15206
15112
15237
15215
15362
15170
14980
14612
14556
14303
14326
14285
14585
14469
14441
14550
14521
14546
14774
14803
14518
14932
14628
14885
14774
14605
14566
14509
14515
14652
14613
14309
14539
14318
14392
14585
14253
14485
14365
14420
14451
14162
14206
14287
14093
14032
13932
13966
14184
13960
14009
13959
13885
13938
14010
13882
14021
14202
13982
13842
13861
13552
13683
13917
13854
13697
13644
13592
13521
13766
13771
13696
13664
13429
13666
13422
13557
13622
13446
13562
13345
13190
13575
13560
13302
13327
13582
13405
13277
13516
13307
13167
13253
13378
13230
13250
12876
12869
13154
13166
13270
13050
13125
13163
12827
12811
13019
12886
13208
13030
12602
12897
12980
12738
12684
12828
12649
12636
12841
12818
12821
13026
12703
12652
12807
12717
12987
12724
12801
12431
12393
12433
12272
12182
12100
12184
12110
12338
12173
11995
12086
12168
11979
12455
11711
12223
12291
12053
12244
12315
12104
12079
11917
11920
11962
11898
12058
11840
12033
12095
11917
11984
11976
11842
12007
11706
12041
11644
11637
11335
11854
11695
11603
11617
11879
11593
11816
11629
11592
11554
11565
11848
11602
11599
11418
11449
11787
11515
11544
11578
11526
11395
11428
11373
11423
11530
11329
11324
11472
11370
11275
11259
11332
11396
11357
11261
11159
11326
11339
11233
11229
11085
11090
11322
11245
11151
11010
11077
10772
11010
10990
10876
10940
10949
10969
10896
11040
11015
11122
10844
11005
10937
10850
10804
10904
10962
10946
10673
10921
10682
10746
10644
10980
10614
10673
10773
10557
10689
10711
10595
10863
10839
10631
10500
10530
10607
10550
10601
10400
10685
10496
10640
10448
10467
10460
10469
10685
10299
10526
10486
10470
10708
10296
10453
10505
10346
10402
10386
10218
10217
10376
10370
10469
10411
10309
10235
10383
10511
10299
10566
10242
10215
10441
10344
10360
10099
10410
10200
9937
10239
10445
10165
10070
9984
10069
10304
10212
10141
10373
10066
10130
10240
10119
10224
10130
10020
10126
10050
10226
10012
10228
10356
10073
9922
9881
10010
10165
10254
9881
10015
9955
10086
10117
10084
9797
9826
10160
10064
10015
9865
10262
9997
10044
9917
9988
10045
9933
9864
10073
9880
10065
9948
10065
10133
10005
10141
10222
9890
9952
10153
10171
10137
9902
9936
9945
9972
10137
10005
10089
10073
9801
9923
9836
9939
9936
10141
10139
10027
9816
10183
10122
9999
10125
10262
10005
9935
10042
10201
10026
10153
10221
10149
10032
10225
9956
10242
10038
10100
10306
10058
10022
10244
9941
10296
10154
10378
10178
10169
10164
10112
10138
10267
10157
10374
10413
10400
10071
10242
10305
10096
10326
10378
10321
10428
10448
10318
10294
10239
10325
10691
10248
10586
10732
10363
10489
10296
10505
10431
10406
10427
10382
10264
10355
10169
10253
10338
10516
10778
10608
10488
10437
10477
10450
10560
10664
10421
10526
10653
10439
10404
10522
10568
10427
10630
10569
10588
10666
10582
10816
10982
11000
10996
10954
11139
10973
10970
10738
11177
10937
11128
10974
10980
10861
11024
11096
11102
11239
11128
11030
11097
11066
11317
11292
11367
11094
11256
11378
11198
11177
11575
11521
11382
11278
11179
11693
11291
11407
11725
11767
11449
11621
11508
11568
11346
11343
11474
11786
11480
11848
11598
11913
11481
11492
11684
11685
11612
11496
11842
11809
11562
11610
11594
11540
11520
11604
11769
11759
11961
11885
12012
12023
11942
12020
11975
11946
11739
11793
12093
12040
12120
12077
12052
12204
12201
12372
12189
12170
12192
12204
12254
12045
12409
11948
12244
12071
12109
12261
12197
12132
12233
12365
12392
12544
12423
12404
12078
12322
12444
12494
12618
12200
12214
12320
12720
12390
12454
12356
12694
12545
12657
12711
12619
12624
12783
12637
12624
12658
12736
12620
12749
12752
12711
12692
12770
12890
12776
12820
12738
13010
12744
12818
12751
12767
12916
12740
12924
12803
12896
13049
13103
12998
12883
12909
13018
12946
12829
13027
12853
13088
13081
13124
13064
13040
13026
13234
12824
13049
13118
12958
12989
13103
13159
13002
13145
13217
12962
13010
12861
12989
13121
12860
12942
13146
12625
12911
12773
13100
12938
13286
13328
13172
13506
13250
13385
13215
13315
13313
13435
13254
13327
13380
13464
13549
13388
13369
13452
13504
13264
13364
13223
13082
13464
13286
13169
13401
13430
13115
13246
13333
13478
13413
13596
13397
13592
13326
13302
13475
13354
13275
13210
13342
13207
13306
13684
13360
13487
13286
13395
13155
13498
13755
13378
13193
13367
13389
13434
13502
13619
13400
13593
13176
13291
13205
13472
13462
13294
13378
13310
13497
13470
13479
13168
13357
13129
13212
13113
13258
13274
13514
13552
13363
13448
13489
13348
13246
13196
12877
13404
13142
13166
13270
13429
13403
13360
13388
13282
13231
13133
12969
13096
13036
13213
13249
13088
13196
13140
12951
13083
13160
13053
12886
13069
13024
13078
13165
13287
13203
12823
13108
13010
13248
12986
13038
12852
12902
12939
12800
12848
12823
12506
12789
12813
12736
12958
12653
12615
12784
12785
12876
12685
12716
12698
12977
12701
12602
12939
12901
12690
12811
12989
12652
12564
12581
12797
12498
12794
12276
12434
12416
12360
12413
12368
12290
12660
12462
12443
12609
12598
12362
12298
12391
12471
12660
12353
12297
12386
12242
12330
12322
12194
12270
12424
11992
12078
12126
12025
12104
12164
12190
12100
12164
12036
12107
11904
12091
12087
11754
12001
11812
12003
11905
11784
11758
11872
11854
11617
11774
11817
11828
11791
11751
11797
11890
11771
11626
11810
11982
11753
11737
11436
11477
11522
11537
11479
11440
11325
11505
11445
11372
11212
11364
11214
11131
11152
11298
11225
11220
11025
11188
11209
11082
11092
11079
10758
10985
10865
10766
10859
11120
10852
10801
10690
10836
10970
10940
10758
10368
10360
10270
9909
9958
10083
10187
10410
10328
10565
10257
10570
10652
10589
10326
10388
10164
10161
10404
10148
10073
10130
10203
10102
9943
9857
10010
10010
9686
9994
9721
9875
9813
9602
9531
9818
9591
9814
9628
9442
9448
9428
9398
9453
9191
9373
9332
9160
9274
9173
9227
9382
9347
9202
9144
9195
9058
9198
9061
8868
9056
9025
8772
8872
9034
9057
8858
8829
8710
8629
8543
8580
8476
8644
8379
8613
8437
8442
8320
8381
8127
8302
8255
8281
8169
8334
8109
7966
8107
8054
7888
8052
7836
8082
7952
7914
7951
7687
7796
7784
7690
7616
7366
7392
7554
7497
7400
7417
7426
7389
7270
7384
7252
7316
7107
7248
7200
7000
7105
7056
6950
6897
7000
6755
6954
6990
6843
6799
6683
6721
6671
6601
6389
6491
6653
6544
6348
6481
6310
6362
6428
6117
6172
6199
6037
6117
6022
6090
6106
5876
6018
6145
6014
6059
6051
5777
5818
5818
5659
5730
5726
5758
5552
5602
5325
5577
5617
5345
5172
5301
5016
5040
5004
5116
5174
5071
5138
5074
5018
5195
5009
4881
4920
5141
5079
5028
4874
4863
4890
4741
4840
4803
4780
4731
4752
4622
4593
4472
4628
4595
4435
4503
4531
4562
4421
4376
4371
4391
4459
4504
4334
4306
4224
4266
4248
4221
4179
4196
4133
4118
4071
4098
4013
4069
4041
4126
3952
3921
3823
3905
3923
3700
3961
3736
3710
3893
3758
3805
3749
3661
3717
3637
3802
3581
3616
3656
3562
3615
3652
3503
3563
3614
3581
3487
3542
3552
3534
3419
3496
3454
3400
3284
