3345
3384
3242
3386
3322
3416
3440
3439
3397
3282
3262
3337
3321
3388
3259
3479
3381
3311
3368
3315
3251
3426
3375
3298
3329
3430
3369
3429
3256
3448
3388
3210
3477
3435
3392
3422
3410
3439
3407
3478
3502
3430
3474
3467
3444
3514
3418
3441
3524
3392
3454
3390
3485
3467
3489
3461
3561
3454
3331
3462
3525
3403
3443
3583
3365
3292
3372
3377
3386
3438
3471
3492
3618
3617
3416
3455
3556
3595
3530
3516
3524
3478
3522
3550
3621
3548
3703
3552
3436
3584
3655
3608
3566
3595
3570
3577
3588
3496
3600
3690
3536
3509
3655
3638
3658
3672
3698
3784
3592
3644
3772
3752
3702
3726
3694
3579
3717
3890
3670
3695
3692
3627
3762
3703
3653
3657
3764
3706
3685
3840
3624
3753
3662
3711
3795
3617
3774
3664
3871
3827
3867
3761
3759
3751
3719
3848
3833
3813
3914
3805
3860
3854
3793
3808
3763
3837
3928
4027
3867
3836
3889
3741
3972
3954
3892
3830
3956
4029
3934
3940
3792
3865
3935
3810
4046
3812
3771
3915
3908
3985
3847
4010
3951
3991
4044
3972
4035
3951
4090
3920
3940
4066
3968
3913
4007
3949
4016
4065
3920
3948
3873
4066
4048
4082
4090
4101
4085
4082
3945
3995
4189
3978
4057
4033
4023
4049
4096
4101
4169
4168
4068
4062
3974
4094
4281
3995
4204
4011
4077
4002
4132
4207
4150
4113
4101
4089
4184
4194
4067
4217
4213
4159
4173
4140
4361
4279
4211
4265
4185
4196
4203
4320
4245
4248
4284
4262
4253
4331
4236
4158
4326
4195
4369
4227
4196
4244
4295
4406
4279
4518
4410
4236
4194
4285
4324
4340
4456
4334
4384
4322
4214
4439
4392
4418
4375
4429
4370
4423
4436
4544
4318
4357
4524
4395
4437
4380
4503
4501
4276
4416
4680
4684
4402
4527
4395
4473
4518
4540
4419
4388
4533
4636
4530
4563
4290
4544
4601
4455
4579
4552
4716
4420
4469
4604
4499
4683
4738
4678
4538
4543
4639
4629
4496
4637
4584
4664
4677
4658
4734
4648
4737
4878
4588
4739
4567
4580
4614
4680
4677
4516
4505
4542
4598
4587
4706
4836
4606
4788
4652
4753
4741
4904
4867
4825
4787
4823
4844
4825
4891
4930
4845
4841
4783
4805
4809
4907
4755
4754
4778
4919
4805
4970
4786
4980
4935
4923
5013
4889
4806
5015
4956
4856
5208
4993
4853
4893
5001
5070
5035
4923
5025
4883
5106
5019
5162
5100
5050
4993
5109
5142
4984
5174
5022
5028
5122
4987
4996
5007
5034
5155
5068
5146
5144
5150
5218
5153
5197
5208
5125
5107
5050
5153
5223
5250
5153
5300
5413
5224
5140
5247
5207
5238
5286
5429
5223
5312
5173
5236
5299
5284
5435
5436
5353
5135
5499
5308
5284
5201
5410
5404
5293
5560
5261
5314
5430
5521
5348
5299
5363
5529
5409
5357
5253
5510
5337
5485
5291
5371
5509
5549
5376
5465
5617
5672
5480
5567
5495
5569
5607
5603
5640
5734
5457
5625
5622
5594
5757
5595
5613
5621
5747
5517
5718
5678
5764
5638
5916
5659
5594
5783
5575
5584
5728
5669
5627
5857
5651
5796
5752
5623
5779
5707
5895
5822
5825
5921
5787
5677
5885
5878
5685
5772
5928
5730
5896
5894
6011
6044
5947
5985
5883
5932
5982
5977
6065
5871
5791
5997
5992
6045
6040
5982
6028
6048
5975
5958
5999
5909
5922
5929
6085
5989
6015
6029
5956
6212
6035
6177
6093
6054
6191
6145
6289
6332
6115
6226
6230
6180
6111
6312
6348
6237
6259
6148
6072
6214
6131
6448
6310
6307
6154
6294
6269
6392
6469
6224
6221
6305
6524
6346
6296
6324
6338
6353
6438
6460
6543
6597
6461
6286
6543
6438
6425
6270
6600
6389
6546
6470
6558
6631
6597
6345
6677
6545
6260
6250
6488
6428
6251
6343
6356
6274
6335
6429
6528
6469
6520
6616
6760
6570
6530
6704
6842
6688
6699
6752
6668
6672
6725
6597
6800
6637
6780
6672
6855
6915
6842
6784
6878
6756
6736
6593
6800
6687
6817
6861
6635
6976
6812
6982
6770
6976
6855
6826
7177
6796
7048
7015
6790
6797
6814
6848
6910
7050
7005
6969
6902
7060
7065
7012
6985
6942
7029
7026
7062
7145
7197
7212
7081
7059
7124
7058
7115
7140
7098
7049
7074
7337
7332
7369
7004
7173
7156
7196
7279
7248
7121
7408
7380
7352
7458
7277
7360
7474
7328
7368
7266
7343
7341
7250
7410
7305
7502
7503
7466
7474
7564
7369
7453
7384
7503
7482
7467
7501
7608
7556
7618
7419
7534
7721
7593
7735
7623
7748
7497
7485
7796
7717
7723
7727
7707
7521
7837
7733
7817
7570
7549
7734
7785
7943
7598
7898
7802
7833
7956
7958
7910
7814
8006
7728
8021
7826
7744
8000
7966
8048
7883
7919
7885
7946
7697
7869
8003
7957
7950
8052
8023
8113
8016
7983
7841
8107
8151
7862
8106
7970
7918
8096
8007
8034
8228
8174
8387
8285
8109
8263
8207
8250
8163
8397
8472
8192
8474
8320
8376
8356
8361
8292
8384
8163
8440
8353
8616
8264
8390
8249
8363
8464
8481
8428
8429
8550
8495
8432
8428
8519
8395
8494
8444
8673
8355
8660
8553
8552
8471
8622
8547
8530
8632
8718
8804
8632
8690
8888
8836
8754
8779
8744
8916
9025
8732
8873
8807
8951
8927
9058
8962
8964
8871
9002
9089
9100
9005
9052
9069
9103
8813
9118
8904
8734
8856
8849
8767
8814
8766
9100
9132
9018
9085
9056
9264
9126
9049
9171
9369
9357
9439
9330
9145
9353
9480
9322
9254
9118
9263
9157
9414
9189
9262
9512
9350
9368
9269
9453
9459
9404
9632
9402
9477
9448
9645
9426
9616
9634
9617
9475
9405
9307
9410
9644
9345
9654
9549
9820
9584
9531
9707
9736
9638
9697
9611
9661
9517
9736
9732
9522
9725
9786
9782
9737
10053
9718
9892
9980
9952
10137
9915
9970
9764
10012
9971
9779
9862
10064
9919
9971
10214
10000
9958
10085
10160
9895
10067
10079
10076
9887
9920
9828
9893
9984
9995
10063
10277
10160
10304
10344
10082
10333
10442
10348
10534
10158
10384
10055
10248
10228
10512
10512
10260
10377
10304
10397
10353
10313
10646
10603
10503
10357
10474
10432
10764
10520
10542
10409
10355
10560
10530
10724
10701
10427
10490
10541
10380
10246
10733
10511
10582
10304
10503
10509
10589
10747
10640
11078
10875
10967
10897
10937
10870
10757
10827
11081
11129
10971
10940
10945
11050
10964
11029
11075
11007
10978
10630
11010
10852
10840
10993
10900
10827
10818
10728
10710
10711
10893
10682
11023
10865
10998
10962
11035
11212
11174
11305
11142
11007
11432
11456
11211
11381
11371
11182
11093
11036
11012
10844
10609
10336
10525
10052
9918
9828
9542
9263
9237
9272
9528
9686
9869
10368
10676
10756
11276
11265
11739
12017
12095
11821
11884
11891
12010
11851
11943
11853
12015
11930
11717
12107
11808
11918
11709
11834
11722
12116
12078
11864
11904
11916
11943
11921
11857
11784
11725
11978
11906
12037
12184
12020
11897
12297
12037
12094
12229
12206
12313
12391
12286
12251
12273
12159
12136
11951
12401
12219
12317
12004
12120
12282
12000
12275
12232
12220
12341
12220
12276
12341
12205
12450
12278
12307
12493
12368
12375
12372
12124
12333
12496
12399
12580
12510
12653
12668
12701
12553
12546
12262
12530
12526
12513
12340
12603
12342
12579
12659
12547
12692
12458
12637
12748
12502
12279
12715
12521
12800
12949
12976
12668
12863
12757
12762
13098
13174
12936
13275
13025
13114
13195
12993
13074
13031
13324
13053
13360
13099
12976
12949
13188
13134
13252
13474
13273
13468
13122
13100
13294
13436
13282
13368
13322
13340
12962
13225
13082
12908
13123
12748
12911
13117
13060
12856
12765
12769
12816
13288
13576
13589
13586
13488
13802
13536
13612
13682
13775
13673
13738
13689
13653
13799
13921
13597
13759
13655
14111
13862
13824
13741
13957
13802
13838
13877
13904
14069
13804
14114
13947
14105
13873
14248
13796
14201
14088
13902
13916
14053
14103
14082
14118
14103
13986
14164
14018
14141
14361
14111
14357
14047
14327
14269
14271
14360
14460
14535
14413
14418
14300
14405
14411
14242
14349
14366
14335
14618
14552
14426
14546
14363
14502
14533
14595
14549
14770
14917
14301
14768
14811
14307
14639
14485
14706
14715
14928
14765
14691
14886
14746
14982
14731
14981
14976
14868
14828
14895
14932
14829
14825
14792
14873
14985
14664
15023
14932
15082
15068
14930
14856
15250
15304
15263
15038
15131
15065
15153
15223
15147
15069
15201
15146
15500
15394
15336
15378
15333
15302
15221
15739
15570
15561
15429
15351
15469
15621
15274
15753
15266
15471
15666
15603
15490
15440
15597
15405
15286
15688
15578
15732
15385
15800
15649
15483
15664
15600
15835
15771
15678
15765
16055
15977
15866
15680
15788
15736
15579
15605
15624
15958
16020
15796
15792
15963
15785
16027
15748
15819
15876
16239
15814
16269
16088
16190
16094
16185
15856
15804
15975
15870
15892
16034
15983
16040
16165
15766
16026
15850
16280
16105
16016
16490
16330
16292
16045
16171
16436
16440
16530
16351
16333
16640
16393
16426
16624
16665
16549
16660
16424
16812
16740
16588
16802
16800
16468
16750
16674
16536
16728
16827
16798
16781
17088
16644
16628
16753
16610
16793
16970
17042
16845
16981
16946
16603
16725
16934
17332
17008
16992
17036
16995
17284
17390
16913
16847
16925
16827
17069
17103
16982
17192
17190
17332
17024
16948
17253
17203
17008
17259
17098
17196
17172
17092
17188
17189
17093
17172
17333
17304
17166
17194
17380
17240
17549
17310
17125
17336
17132
17242
17264
17423
17718
17493
17528
17501
17612
17511
17377
17442
17628
17540
17700
17613
17506
17623
17681
17628
17770
17709
17605
17710
17818
17836
17773
17836
17725
17725
17650
17928
17821
17774
17675
17657
17765
17907
18070
18034
17740
17953
17794
17886
17841
17910
17780
18034
18140
17642
17971
17862
18003
17984
17949
17869
18042
18048
18048
18203
17828
18056
17864
17721
18052
18280
18268
17952
17984
18202
18148
18178
18212
17929
18378
17926
18330
17860
18223
18148
18115
18237
17949
18007
18237
18528
18456
18208
18364
18257
18450
18429
18159
18245
18092
18368
18209
18608
18363
18412
18432
18789
18390
18233
18550
18587
18396
18644
18566
18319
18935
18564
18802
18741
18472
18365
18213
18261
18272
18065
18258
18314
17794
17928
18112
18284
18525
18626
18770
18977
18830
19028
19028
19012
18836
18945
18778
18794
18923
19011
18675
18805
18787
18702
18861
18561
18891
18827
18890
19113
19026
19100
18960
18813
18948
18891
18821
18741
18896
19040
18801
18759
18714
18544
19310
19116
18997
18628
18950
19067
19211
19029
18981
18896
19260
19129
19089
19215
19299
19147
19256
18820
18977
19030
19136
19333
19435
19220
19361
19226
19433
19597
19416
19252
19339
19122
19563
19183
19311
19361
19421
19353
19398
19482
19355
19596
19629
19196
19108
19400
19331
19658
19322
19264
19341
19456
19449
19412
19496
19446
19439
19298
19706
19506
19380
19865
19513
19525
19672
19492
19420
19434
19682
19614
19406
19517
19561
19626
19452
19545
19640
19517
19682
20078
19628
19542
19714
19447
19642
19761
19534
19889
19676
19723
19550
19760
19585
19635
19672
19745
20047
19650
19768
19621
19862
20068
19818
19830
19968
19869
19780
19918
19935
19754
19412
19856
20148
19782
19842
20154
19936
19970
19925
19908
20120
20008
19820
20132
20166
19944
19994
20280
19968
19908
20328
19968
20160
19994
20066
20319
19944
20148
20053
19813
20056
19887
19988
20292
20205
19982
20119
20106
20116
20008
20198
19968
20153
20139
20084
20061
19997
20036
20135
20071
20222
20053
20015
20246
20155
20162
20148
20128
19956
20406
20282
20048
20236
20498
20329
20221
20244
20034
20056
20373
20116
20002
20222
20075
20096
19931
20186
19861
20390
20673
20228
20253
20315
20125
20580
20300
20140
20458
20208
20283
20097
20184
20379
20490
20329
20422
20324
20394
20235
20378
20188
20180
20131
20208
20472
20408
20203
20267
20292
20374
20214
20251
20445
20430
20463
20471
20680
20472
20539
20445
20658
20582
20536
20201
20704
20661
20217
20708
20376
20506
20770
20210
20880
20504
20639
20322
20384
20596
20736
20460
20490
20282
20390
20302
20340
20059
20018
20218
20246
20290
20461
20597
20280
20141
20335
20074
20158
20260
20152
20292
20440
20665
20314
20507
20455
20188
20516
20470
20619
20443
20245
20191
20230
20228
20074
20470
20188
20262
20146
20213
20183
20335
19902
19804
19784
19700
20170
19972
19880
20321
20289
19976
20156
20240
20382
20481
20454
20455
20484
20591
20212
20491
20817
20524
20956
20436
20637
20485
20076
20451
20538
20278
20141
20178
20162
20506
20446
20266
20424
20582
20228
20630
20534
20468
20326
20237
20260
20634
20364
20649
20231
20637
20438
20309
20420
20540
20576
20589
20397
20248
20138
20336
20166
20013
20301
20203
20389
20221
20573
20043
20120
20352
20225
20249
20270
20552
20096
20505
20324
20053
20066
20234
20067
20356
20201
20421
20173
20192
20308
20308
20363
20185
20152
20148
20360
20083
20276
20136
19920
19653
20157
20085
20117
20157
20251
20372
20188
20098
20164
20064
20213
20237
19878
20072
19930
20047
20126
19937
20027
20120
20153
20234
20072
20077
19915
20042
19753
20098
20005
19862
19924
19809
19824
19623
19702
19851
19920
19902
19862
20044
19845
19870
19632
19798
20048
19956
19880
19949
19678
19677
19968
19791
19696
19648
19981
19643
19321
19575
19572
19576
20060
19771
19678
19868
19690
19660
19694
19412
19522
19941
19481
19509
19708
19855
19497
19506
19453
19453
19089
19238
19531
19566
19406
19362
19760
19538
19482
19286
19702
19351
19205
19115
19334
19364
19298
19378
19156
19034
19372
19423
19117
19334
19167
19437
19353
19500
19383
19339
19205
19332
19085
19016
19249
18888
18838
18918
19125
19214
19028
19113
19451
19128
19238
18868
19012
19241
19041
19140
18712
19328
19256
18908
18789
18971
18902
18866
18919
19308
18738
18920
18826
18872
19371
18560
18793
18449
18658
18858
18829
18744
18569
18625
18623
18467
18550
18714
18689
18697
18654
18605
18846
18618
18383
18401
18190
18084
18300
18024
17716
17807
18284
18163
18174
17880
18090
18398
18184
18444
18298
18348
18036
18108
18338
18410
18388
17981
18120
18237
18444
18282
18084
18331
18059
17930
18011
18042
18022
17973
18292
17938
18068
17880
17915
17877
17903
17687
17748
17654
17933
17866
17690
17903
17599
17499
17965
17808
17713
17850
17954
17609
17579
17875
17388
17638
17402
17717
17628
17436
17244
17210
17550
17635
17432
17416
17518
17306
17271
17328
17645
17403
17449
17160
17569
17438
17308
17138
17445
17247
17197
17401
17051
17262
17079
17119
17236
16978
17466
16846
17192
17150
16768
16916
17090
16981
16748
16863
16839
16696
16734
16487
16384
16249
16592
16460
16640
16594
16544
16711
16585
16323
16685
15981
16265
16503
16275
16277
16557
16276
16207
16458
16342
16458
16216
16448
16628
16546
16064
16408
16324
16321
16268
16326
16533
16375
16202
16070
16160
15978
16229
16221
16001
16036
16008
15410
15488
15465
15574
15622
15577
15676
15501
15416
15294
15489
15662
15749
15763
15810
15686
16113
15609
15777
15672
15694
15547
15695
15508
15481
15717
15548
15463
15676
15464
15381
15576
15392
15405
15059
15257
15099
15317
15217
15173
15178
15224
15197
15338
15517
15068
15113
15087
14868
14921
14932
14873
14887
14932
14880
14810
14918
14970
14785
14569
14436
14064
14056
14230
14507
14357
14630
14345
14285
14649
14634
14629
14774
14803
14552
14579
14576
14543
14430
14341
14136
14381
14392
14299
14538
14100
14498
14096
14369
14085
14340
14073
14268
14068
14159
14176
13946
14149
13700
13844
13932
13540
13976
13852
14026
13808
13652
13819
13790
13724
13881
13661
13661
13717
13680
13649
13591
13601
13705
13587
13451
13339
13501
13617
13461
13214
13202
13251
13377
13239
13558
13216
13221
13310
13019
13260
13455
13093
13301
12995
13019
12889
12786
13097
13155
13067
12984
12953
13144
12912
13058
12828
12821
12627
12913
12869
12920
12460
12704
12665
12621
12875
12678
12666
12551
12636
12563
12500
12464
12363
12911
12626
12295
12392
12343
12538
12328
12684
12364
12392
12352
12219
12336
11949
11828
11746
11822
11673
11840
11908
11831
12078
11723
11940
12047
11969
11891
11839
11906
12020
11607
11706
11830
11725
11726
11783
11648
11727
11787
11822
11967
11813
11634
11610
11548
11725
11590
11357
11457
11388
11469
11400
11321
11430
11363
11252
11466
11442
11446
11158
11416
11350
11355
11325
11230
11189
11012
11332
11268
11082
11236
11222
10984
11009
10936
11026
10860
11111
11000
11125
10970
10912
10849
10786
10894
10877
10614
10647
11088
11046
10784
10677
10600
10796
10624
10596
10536
10904
10622
10642
10943
10621
10656
10545
10306
10603
10467
10592
10557
10652
10533
10475
10611
10710
10550
10300
10503
10514
10387
10394
10237
10136
10318
10124
10263
10304
10245
10206
10322
10165
10249
10094
10100
10340
9977
10351
10278
10165
10077
10107
9992
9936
10017
9926
9892
9793
10048
10083
10027
9892
9896
9566
9760
9858
9817
9596
9891
9988
9665
9639
9693
9933
9752
9710
9746
9771
9656
9670
9465
9533
9609
9491
9508
9870
9743
9492
9660
9685
9577
9400
9653
9494
9505
9643
9504
9576
9576
9504
9554
9423
9524
9328
9436
9412
9377
9310
9393
9257
9125
9261
9312
9218
9518
9340
9422
9074
9172
8997
9109
9314
9355
9272
9344
9417
9127
9348
9280
9338
9079
9154
9302
9133
9072
9196
9037
9199
8902
9105
9046
9119
8812
9134
9209
9042
9121
9080
9024
9099
9244
9015
9098
9139
9012
9106
8989
9153
9061
9061
9134
8915
8900
9018
8907
9012
8949
9197
8874
9030
8893
9112
9022
9062
8950
8860
8952
8989
8969
8939
9021
8824
9000
8884
8888
9026
8920
8919
8930
8820
8974
8879
8866
8919
8900
8916
8924
9050
9001
8919
9053
9062
9205
9067
9180
8845
9034
9117
9030
8883
8938
8891
8806
8682
9109
9121
9086
9024
8952
8966
8976
8884
9065
9087
9050
8972
9007
9058
9044
8772
8771
9010
8917
8912
8801
8973
9101
8812
8747
8911
9096
8950
9252
9122
9099
8824
9001
8924
8894
9106
8877
8922
8944
8968
8917
8854
9080
8969
9088
9014
8913
9229
9127
8940
9308
9249
9327
9340
9260
9259
9185
9236
9266
9136
9260
9333
9317
9267
9310
9299
9264
9381
9254
9245
9334
9413
9442
9295
9293
9207
9318
9274
9195
9301
9338
9414
9152
9437
9428
9337
9472
9302
9333
9440
9411
9498
9546
9278
9349
9757
9374
9349
9420
9446
9334
9460
9604
9469
9510
9353
9557
9572
9372
9563
9475
9322
9447
9380
9543
9479
9804
9552
9524
9591
9602
9755
9544
9654
9483
9669
9671
9590
9600
9757
9605
9736
9827
9766
9552
9753
9878
9809
9816
9942
10090
9952
9782
9786
9768
9885
9871
9856
9672
9653
10147
9971
9777
9726
9769
9704
9876
9742
10045
9883
9991
9908
9984
9900
9846
9944
9828
10107
9876
10023
9872
10048
9964
10093
10079
10033
10168
9962
10074
10148
9997
10066
9991
10107
9963
10002
9975
10087
9825
10253
9944
10123
10003
10052
10001
9978
9957
10116
10199
10061
9963
10138
10356
9847
10148
9928
9992
10198
10085
10316
10054
10069
10125
10342
10153
10097
10038
10136
10106
10157
10062
10180
10162
10146
10148
10141
10105
9923
10105
9844
9962
10004
10215
9892
9991
9865
10025
10200
10094
10132
10513
10342
10440
10496
10397
10146
10257
10142
10220
10442
10288
10442
10190
10280
10540
10363
10173
10404
10181
10161
10258
10484
10467
10127
10216
10144
10354
10257
10628
10278
10240
10317
10609
10178
10274
10372
10187
10206
10456
10274
10205
10143
10321
10291
10201
10148
10178
10244
10218
10322
10106
10289
10146
10244
10299
10398
10361
10137
10358
10353
10407
10286
10432
10210
10009
10182
10236
10300
10088
10275
10356
10188
10249
10099
10267
9883
10295
10334
10145
10092
10195
10124
10404
10081
10151
10063
10368
10274
10175
10081
9963
10211
10038
10091
10260
10072
9974
9898
9989
10028
10042
10118
10021
10040
10042
9898
10068
10110
10185
9983
9966
9868
9933
9833
10072
9815
10055
10093
9878
9941
9816
10041
9858
9827
10057
9420
9836
9593
9874
9920
9757
9665
9692
9648
9617
9670
9869
9713
9716
9779
9715
9899
9720
9760
9817
9686
9643
9854
9764
9678
9705
9780
9767
9556
9564
9768
9709
9631
9495
9375
9424
9451
9530
9515
9585
9401
9577
9410
9598
9452
9615
9415
9413
9364
9501
9431
9381
9574
9398
9208
9271
9422
9308
9391
9150
9104
9364
9414
9312
9243
9344
9327
9271
9176
9240
9197
8917
9178
9050
9332
9197
9309
9034
8983
8704
9100
9074
9002
9072
8958
8969
9146
8970
8865
8905
8844
9001
8949
9031
8869
8645
8832
8775
8688
8695
8760
8821
8789
8678
8676
8650
8590
8632
8747
8538
8658
8707
8460
8529
8624
8561
8390
8379
8457
8420
8207
8268
8525
8232
8331
8354
8315
8351
8259
8173
8256
8013
7895
7703
7796
7586
7703
7746
8016
8209
7971
7956
8112
8134
8129
8132
7848
8037
7866
7736
7796
7763
7706
7786
7740
7691
7818
7709
7625
7630
7604
7564
7607
7563
7515
7681
7523
7625
7440
7613
7450
7434
7450
7266
7264
7364
7047
7387
7253
7153
7113
7146
7227
7180
7030
7045
6846
6975
7109
6971
6717
7129
6913
6829
6899
7051
6930
7010
6654
6842
6787
6676
6708
6536
6638
6806
6625
6602
6562
6701
6747
6526
6417
6594
6559
6340
6573
6440
6517
6235
6395
6042
6162
6134
6304
6007
6156
6073
6096
6061
6007
6079
6201
6054
5995
5847
5916
5876
5944
5857
5831
5823
5706
5911
5673
5692
5519
5673
5534
5636
5570
5661
5608
5512
5381
5352
5449
5236
5294
5433
5216
5403
5448
5251
5300
5193
5258
5181
5173
5160
5173
4986
5090
5094
4987
4948
5013
4610
4781
4796
4857
4845
4856
4720
4737
4722
4787
4808
4796
4526
4637
4542
4599
4510
4541
4574
4425
4430
4383
4180
4165
4258
4034
4211
4172
4208
4166
4405
4290
4259
4234
4084
4219
4076
4057
4009
4026
4103
4041
4027
4023
3926
3966
3991
3966
3830
3966
3867
3753
3837
3813
3713
3840
3667
3657
3732
3734
3716
3624
3708
3618
3579
3730
3637
3636
3540
3539
3488
3592
3599
3442
3549
3402
3535
3482
3491
3410
3364
3322
3582
3408
3422
3437
3285
3362
3291
3255
3395
3258
3374
3326
3125
3270
3330
3179
3107
3172
3094
3094
3196
3164
3054
3258
3093
3142
3052
3077
2943
3049
3027
3059
3100
2986
