3310
3355
3398
3383
3310
3372
3339
3381
3427
3291
3292
3433
3226
3389
3373
3256
3428
3406
3381
3342
3374
3396
3431
3335
3380
3321
3292
3422
3366
3504
3400
3371
3453
3431
3314
3416
3481
3376
3389
3442
3428
3420
3436
3553
3424
3529
3352
3370
3474
3508
3616
3649
3468
3381
3295
3527
3413
3530
3395
3524
3531
3508
3515
3508
3436
3503
3510
3421
3456
3374
3435
3554
3619
3512
3480
3550
3452
3597
3464
3546
3590
3627
3604
3611
3769
3698
3522
3680
3618
3556
3545
3613
3665
3540
3640
3638
3640
3660
3672
3644
3599
3567
3623
3654
3508
3779
3702
3629
3654
3688
3693
3802
3740
3693
3712
3698
3769
3810
3632
3624
3641
3684
3651
3504
3673
3692
3758
3681
3717
3681
3873
3675
3747
3640
3781
3833
3797
3902
3949
3745
3800
3771
3799
3809
3782
3899
3735
3695
3915
3745
3832
3749
3784
3779
3694
3810
3939
3852
3716
3886
3835
3794
3807
3720
3844
3888
3866
3790
3839
3776
3901
3857
3934
3746
3864
3913
4061
4012
4069
3804
3949
4032
4052
4095
3932
3859
3966
3774
3808
3782
4003
3941
3998
3919
4026
3997
3967
3951
4009
4112
4016
4017
3995
4003
3886
3973
3998
4034
4030
4165
4045
4057
4059
4108
4073
3946
4076
4111
4045
4085
3925
4132
4056
4100
4068
4029
4129
4110
4140
4099
4036
4037
4203
4214
4153
4088
4216
4183
4250
4169
4229
4202
4097
4315
4262
4297
4282
4266
4345
4135
4224
4322
4261
4272
4243
4278
4339
4319
4233
4287
4409
4235
4261
4298
4206
4349
4427
4331
4363
4375
4381
4340
4349
4316
4435
4433
4508
4379
4338
4453
4526
4417
4470
4337
4502
4349
4493
4290
4419
4273
4423
4413
4352
4340
4382
4408
4631
4569
4459
4338
4456
4601
4460
4450
4349
4426
4470
4490
4436
4479
4499
4621
4552
4540
4597
4643
4624
4725
4626
4432
4582
4693
4738
4558
4560
4534
4609
4494
4683
4556
4596
4576
4609
4701
4653
4738
4665
4729
4785
4790
4759
4657
4631
4719
4544
4610
4696
4770
4737
4643
4534
4597
4759
4731
4826
4909
4820
4848
4788
4857
4722
4780
4769
4730
4687
4943
4714
4776
4757
4890
4795
4786
4982
4978
5018
4816
4926
4845
4845
4944
4720
4925
4814
4917
4881
4856
4901
5030
4983
4914
4965
4893
5011
5096
4986
4962
5032
5064
4974
5028
5172
4933
5046
4987
5016
5208
4980
5055
5076
5115
5100
4988
5141
5105
5170
5106
5128
5146
5003
5134
5193
5196
5290
5227
5201
5180
5229
5019
5149
5297
5289
5285
5178
5234
5290
5199
5337
5170
5229
5286
5028
5047
5220
5382
5309
5448
5364
5512
5511
5336
5464
5406
5397
5339
5359
5556
5433
5439
5393
5226
5411
5573
5562
5464
5462
5479
5406
5454
5464
5487
5470
5292
5535
5415
5585
5531
5612
5504
5522
5546
5521
5532
5592
5612
5655
5599
5569
5698
5466
5414
5608
5470
5594
5666
5654
5566
5564
5587
5645
5820
5618
5538
5635
5669
5770
5794
5641
5718
5712
5728
5789
5794
5710
5625
5889
5790
5742
5845
5741
5668
5625
5816
5785
5660
5826
5804
5878
5801
5899
6015
6121
6001
5833
5804
5831
5913
5752
5965
5833
5780
5973
5880
6017
6002
6040
6023
6066
6002
6034
6073
5858
5914
5946
6133
6089
6091
5919
6026
6072
6010
6086
5960
5999
6062
6046
6082
6155
6258
6204
6137
6036
6221
6347
6255
6333
6255
6403
6172
6059
6117
6317
6219
6172
6325
6230
6269
6166
6342
6090
6427
6308
6406
6385
6376
6397
6239
6278
6301
6461
6344
6434
6484
6400
6388
6283
6650
6374
6394
6306
6311
6383
6413
6424
6539
6454
6413
6477
6512
6551
6535
6347
6427
6612
6407
6391
6502
6342
6343
6251
6419
6435
6305
6319
6507
6505
6262
6578
6740
6745
6691
6656
6699
6607
6665
6740
6843
6735
6808
6567
6737
6794
6587
6845
6857
6900
6723
6785
6832
6557
6813
6816
6618
6696
6795
6860
6934
6743
6826
6855
6758
6807
6888
7016
6786
6829
6927
6862
6848
6869
6918
6784
6878
6803
6856
7022
7190
6976
6957
7159
7000
7272
7122
7160
7126
7084
6926
7124
7025
7124
7202
7105
6976
7099
7066
6958
6941
7094
7142
7336
7546
7296
7110
7157
7160
7319
7230
7383
7238
7661
7395
7281
7376
7441
7234
7471
7485
7573
7419
7446
7445
7391
7326
7481
7579
7426
7510
7659
7242
7520
7558
7625
7370
7449
7552
7572
7575
7401
7489
7582
7649
7823
7593
7569
7600
7573
7632
7553
7507
7753
7574
7747
7647
7605
7888
7780
7633
7705
7901
7914
7826
7674
7843
7836
7916
7945
8118
8066
8067
8036
7949
7915
7977
7776
8088
7965
8305
7889
8062
7884
7951
8079
7926
7866
8104
8027
8145
8093
8184
8168
8012
8092
7828
8196
8232
8090
8063
8252
8254
8243
7988
8250
8207
8250
8126
8151
8245
8260
8280
8431
8177
7972
8437
8198
8495
8360
8516
8498
8271
8510
8492
8406
8451
8233
8399
8442
8343
8331
8309
8459
8595
8518
8510
8493
8457
8504
8676
8544
8608
8672
8681
8355
8642
8494
8736
8667
8852
8676
8612
8817
8736
8955
8775
8770
8713
8925
8739
9089
8587
8956
8912
8803
8869
8696
8916
9010
8843
8850
8802
8834
8981
8992
9035
8666
9051
8896
9145
8853
8933
8888
8922
9146
8960
8839
8996
8865
8994
9150
9025
9148
9158
9087
9328
9332
9250
9399
9433
9214
9200
9609
9309
9322
9402
9565
9396
9333
9382
9762
9252
9477
9315
9464
9387
9508
9552
9589
9387
9572
9511
9562
9499
9543
9730
9652
9633
9613
9640
9568
9686
9820
9570
9683
9812
9650
9660
9736
9649
9708
9757
9771
9680
9612
9643
9718
9663
9922
9970
9768
9577
9995
9883
9959
9966
9967
9873
9902
9865
9732
9809
9915
9908
9820
10049
9940
10061
9979
10030
10306
10098
10096
10008
10297
10150
10164
10001
10013
9919
9963
10243
9995
10221
10062
10283
10061
9998
10277
10149
10111
10199
10231
10673
10249
10295
10299
10185
10095
10184
10260
10203
10205
10255
10292
10332
10337
10320
10400
10381
10493
10603
10472
10474
10683
10780
10573
10743
10539
10471
10826
10629
10577
10643
10471
10389
10548
10612
10738
10433
10608
10583
10454
10633
10814
10675
10752
10766
10898
10989
11035
10752
10859
10964
11064
10952
11016
11051
10952
11189
11258
11071
10990
11097
11076
10986
11117
11013
10965
10939
11183
11127
10997
11210
10708
10782
10937
11076
10981
10950
10741
10877
10997
11467
11249
11467
11133
11213
11490
11203
11269
11435
11365
11366
11489
11419
11275
11114
10987
10596
10679
10271
10121
9862
9613
9461
9082
9081
9437
9455
9558
10122
10169
10772
10948
11263
11804
11888
11743
11995
12073
11808
11963
12137
11904
11750
11722
11923
11901
11735
11879
11693
11600
12058
11979
11899
11990
12089
11974
12309
11836
12005
11797
11829
11947
11816
11948
11894
11858
11860
12151
11795
12028
12118
12178
12356
12302
12692
12400
12066
12082
12293
12192
12374
12406
12168
12046
12143
11939
12139
12030
12344
12442
12186
12310
12260
12140
12371
12408
12630
12396
12235
12568
12499
12539
12404
12492
12392
12648
12384
12346
12422
12649
12694
12632
12490
12485
12652
12742
12490
12493
12587
12513
12604
12744
12792
12745
12450
12558
12875
12843
12548
12651
12794
12673
12534
12863
13028
12893
12766
12801
12709
12861
12842
12762
12841
13135
13183
13141
13072
13429
13223
13405
13445
13135
13060
13240
13154
13385
13078
13503
13105
13308
13189
13053
13505
13323
13242
13536
13370
13428
13421
13419
13570
13146
13057
12985
13045
12945
12746
12804
12941
12494
12683
13076
13058
13328
13378
13596
13879
13789
13509
13718
13640
13770
13754
13964
13790
13961
13733
13896
13809
13837
14001
13951
13986
13785
13723
13914
13734
14156
14093
13779
14077
13878
13906
13961
14226
13978
14175
13860
14020
13928
13956
13833
14219
14124
14430
14141
14312
14282
14302
14248
14408
14312
14319
14442
14253
14325
14178
14230
14245
14020
14405
14317
14452
14665
14500
14430
14347
14448
14406
14405
14382
14555
14530
14552
14655
14651
14539
14475
14404
14515
14566
14693
14540
14794
14681
14715
14619
14801
14692
14772
14789
14758
15080
14952
14583
14744
14856
14804
14722
15202
14970
14983
14831
14804
14901
15251
15014
15062
15151
14760
15144
14882
15091
15038
15182
15206
14991
15405
15149
15243
15147
15213
15444
15208
15278
15385
15178
15332
15438
15270
15413
15348
15162
15501
15478
15511
15488
15460
15522
15517
15642
15525
15521
15496
15464
15492
15832
15604
15600
15340
15590
15493
15561
15796
15647
15741
15885
15682
15792
15786
16000
15961
15794
15620
15966
15777
15634
16081
15810
15991
15680
15670
15757
15812
15930
16136
15901
16113
15849
16148
15778
16011
16117
16084
15979
15912
15924
16234
16456
16104
15992
16267
16152
16179
15897
15898
15994
16171
16063
16267
16133
15974
16023
16151
16326
16140
16566
16458
16512
16443
16313
16420
16742
16583
16480
16404
16346
16487
16426
16532
16533
16460
16542
16646
16810
16657
16593
16797
16862
16826
16674
16896
16788
16758
16771
16544
16960
16728
16816
16802
16896
16665
16518
16854
16829
17040
17052
17073
16950
16933
16904
17172
16969
16890
17120
16847
17182
16952
17058
16908
16828
17207
17258
17180
17088
17380
17248
16993
17009
17174
17358
17138
17218
17186
17132
17418
17279
17274
17292
17105
17240
17197
17300
17248
17508
17415
17684
17170
17354
17401
17486
17229
17430
17452
17474
17484
17359
17170
17676
17348
17608
17566
17580
17806
17710
17290
17567
17453
17802
17724
17573
17696
17619
17856
17620
17509
17894
17717
17584
17645
17816
17482
18002
17664
17784
17972
18018
17640
17736
17739
17615
17771
17855
17873
18018
17716
17958
18024
17784
17887
17868
18012
17876
17751
18042
18124
18082
17885
17962
18340
17984
18196
18074
17942
18105
18312
18210
18285
18320
18197
18285
18121
18278
18251
18091
18156
18228
18185
17901
18199
18560
18189
18382
18604
18283
18476
18311
18340
18376
18298
18095
18453
18373
18504
18279
18610
18501
18535
18436
18330
18694
18399
18497
18597
18564
18605
18575
18352
18451
18699
18631
18910
18634
18586
18569
18970
18456
18476
18204
18231
18031
18093
18351
18629
18106
17898
18459
18167
18377
18806
18792
18882
19072
18950
18728
18926
18811
18762
18816
18917
19234
18669
18894
18930
18708
18765
19161
18998
18985
18897
18841
18964
18918
18948
18891
18848
18896
18936
19005
18964
18855
18920
18651
18971
19212
18945
19160
19178
19103
18714
19117
18858
19358
19173
19135
19373
18829
19275
19250
19300
19113
19252
19150
19094
19252
19146
19134
19304
19572
19515
19351
19432
19135
19482
19624
19236
19376
19136
19168
19378
19270
19562
19385
19088
19445
19483
19388
19530
19474
19701
19339
19558
19684
19566
19306
19700
19548
19368
19536
19860
19834
19530
19601
19301
19678
19914
19228
19549
19895
19513
19617
19618
20006
19994
19625
19605
19754
19498
19945
19589
19687
19840
19764
19798
19877
19662
19686
20136
19846
19497
19498
19976
19817
19580
19655
19906
20076
19700
19869
19677
19859
19735
19563
19713
19924
19836
19899
19864
19620
20064
19873
19800
20072
19809
19572
19853
19944
19870
20085
20214
20361
19943
19540
20047
19942
19796
20113
20260
19877
19995
20137
20080
20052
19903
20004
20058
19996
19924
20481
19854
19872
20235
20014
20040
20174
20408
20224
20292
20225
19924
20365
20053
20393
20164
20449
20200
20091
20413
20079
20323
20188
20198
20075
20289
20420
20097
20312
20406
20218
20166
20238
20296
20289
20045
20092
20036
20101
20054
19972
20498
20077
20205
20473
20124
20512
20333
20343
20182
20245
20328
20149
20383
20202
20221
20309
20347
20319
20618
20313
20647
20283
20427
20505
20563
20522
20202
20288
20349
20200
20202
20372
20379
20538
20292
20640
20278
20260
20484
20357
20256
20351
20273
20395
20627
20736
20489
20333
20425
20271
20242
20578
20653
20946
20932
20355
20544
20303
20160
20481
20475
20806
20676
20265
21002
20322
20567
20949
20231
20674
20489
20626
20462
20549
20383
20492
20375
20617
20532
20500
20745
20864
20358
20379
20357
20378
20307
20327
20325
20215
20452
20689
20304
20590
20248
20620
20267
20468
20418
20298
20496
20498
20541
20564
20545
20358
20440
20708
20292
20284
20073
20118
20505
20148
20068
20316
20302
20068
19848
20090
19847
20266
19934
20046
19968
20077
19972
20402
20205
20283
20038
20762
20806
20590
20658
20568
20522
20774
20408
20536
20594
20681
20600
20692
20326
20781
20527
20765
20343
20632
20254
20711
20402
20531
20578
20599
20527
20538
20761
20677
20514
20324
20357
20379
20302
20775
20692
20670
20450
20397
20510
20117
20606
20512
20816
20408
20390
20376
20353
20324
20275
20178
20274
20532
20376
20432
20304
20293
20481
20429
20406
20377
20212
20213
20536
20227
20235
20172
20407
19925
19894
20127
20013
20039
20342
20129
20258
20404
20669
20174
20319
20168
20435
20429
20091
20210
19968
20174
20263
19976
20250
20050
19790
20016
20001
19934
20014
20119
20216
20040
20250
20210
19906
20024
20085
20157
19828
20001
20197
20036
19982
19930
20100
20425
19991
20160
19997
20175
20056
20097
20084
20436
20092
20184
20039
20013
19723
19798
20038
19938
20057
20154
19844
20131
20058
19968
19853
19844
20023
19949
19778
19997
19780
19880
19865
19748
19888
19421
19761
19742
19733
19805
19737
19751
19654
19784
19498
19929
19974
19594
19687
19629
19476
19665
19536
19702
19554
19669
19578
19382
19563
19567
19531
19402
19520
19257
19448
19253
19177
18967
19442
19637
19187
19209
19259
19385
19629
19283
19319
19265
19584
19501
19696
19252
19382
19251
19305
19448
19256
19418
18996
19155
19368
19250
19195
19178
19310
19529
18861
18967
18939
19034
19361
19197
19096
19060
19223
19268
18962
18874
18986
19305
18658
19142
18961
18999
18868
18716
19113
18973
18998
18786
19016
18898
19010
18546
18990
18660
18956
18448
18644
18654
18888
18604
18853
18978
18730
18758
18833
18729
18740
18397
18199
18296
18205
18134
18120
18100
18312
18212
18376
18141
18145
18592
18319
18328
18179
18263
18701
18251
18056
18281
18077
18110
18249
18334
18372
18234
18234
18395
18116
18265
17965
18096
18180
18255
18285
18163
17926
17816
17651
18001
17940
18187
17904
17896
18090
17952
17978
18033
17603
17908
17821
17898
17886
17720
17801
17799
17421
17688
17578
17721
17492
17707
17640
17563
17460
17676
17615
17451
17424
17569
17467
17744
17513
17492
17365
17561
17239
17353
17694
17417
17055
17335
17505
17103
17367
17018
17117
17327
17140
17199
17491
16883
17234
17044
17183
17130
17249
16920
16866
17288
17014
16972
16854
16884
16583
16666
16704
16685
16756
16599
16505
16923
16704
16726
16361
16499
16705
16522
16531
16576
16545
16501
16294
16474
16333
16528
16564
16314
16468
16454
16621
16534
16908
16514
16121
16477
16273
16372
16461
16343
16512
16445
16558
16408
16107
16402
16009
15959
15674
15247
15263
15448
15667
15382
15574
15654
15371
15658
15666
15834
15880
16060
16055
15787
15610
15981
15578
15606
15782
15772
15638
15885
15377
15480
15570
15472
15602
15465
15592
15575
15400
15450
15521
15460
15266
15453
15115
15547
15259
15116
15439
15333
15292
15346
15300
15272
15357
14995
15099
15156
14925
15130
15257
15118
15113
14996
14752
14532
14426
14345
14404
14157
14522
14422
14672
14568
14474
14702
14478
14838
14862
14757
14774
14393
14807
14772
14819
14553
14565
14499
14740
14580
14543
14116
14429
14248
14271
14506
14169
14139
14266
14295
13898
14329
14371
14191
14172
13894
13996
14196
13818
13939
13895
13737
13693
13844
13757
14016
13737
13828
13860
13628
13812
14012
13900
13737
13514
13509
13330
13506
13769
13680
13694
13415
13493
13637
13614
13557
13594
13373
13498
13355
13233
13368
13279
13559
13340
13229
13185
13304
13234
13408
13022
13347
13176
13448
13293
13288
12959
13029
13396
13120
12837
13039
13200
12935
12856
13074
13071
12744
12725
12944
12712
12717
12886
12778
12837
12654
12591
12764
12618
12810
12855
12919
12453
12544
12726
12616
12800
12868
12608
12383
12220
12048
11885
12012
11945
11869
12314
12029
11917
12069
12045
12100
12224
12294
12390
11908
12148
11964
12026
12139
12149
12104
11916
11974
11893
11979
11687
11993
11876
11841
11776
11813
11678
11662
11652
11730
11755
11734
11486
11747
11537
11633
11485
11611
11738
11585
11626
11549
11784
11828
11552
11544
11473
11477
11323
11446
11330
11505
11254
11390
11452
11409
11382
11283
11199
11142
11186
11392
11274
11192
11165
11128
10953
10967
10985
10893
11036
11106
10986
10990
10885
11040
10900
10989
11100
11031
11063
10886
10954
10926
10874
10767
10775
10956
11003
10713
10994
10834
10875
10859
10704
10770
10659
10927
10867
10789
10648
10696
10518
10301
10530
10587
10675
10795
10338
10676
10653
10664
10564
10754
10514
10886
10564
10292
10321
10575
10434
10588
10400
10264
10286
10310
10367
10372
10430
10376
10380
10256
10343
10239
10365
10196
10368
10101
10071
10002
10132
10335
10018
10096
10221
10060
10265
10413
10207
9922
9979
10514
9995
10347
10217
9882
10318
10119
9933
10090
10145
10102
10026
10154
10029
10004
9932
10139
9826
10018
10124
9974
10017
10051
10089
9843
10253
10008
9778
9796
9810
9738
10006
9832
9709
9955
9856
9892
9853
9653
9970
9851
9959
9958
9946
9761
9691
9856
9833
9757
9906
9723
9856
9785
9819
9798
9621
9842
9735
9924
9519
9710
9666
9816
9799
9600
9917
9785
9701
9804
9611
9639
9574
9769
9746
9712
9846
9749
9787
9795
9782
9817
9701
9728
9697
9632
9654
9699
9691
9799
9592
10001
9736
9778
9674
9812
9683
10119
10073
9795
9835
9816
9734
9892
9558
9785
9676
9901
9764
10020
9760
9691
9849
9884
9728
9711
9780
9951
9976
9869
9875
9915
9680
9966
9784
9792
9912
9856
9876
9797
9860
9946
9878
9894
10086
9865
9878
10020
9749
9848
9915
10095
9934
9678
10044
10116
9985
9866
10005
10068
9842
10148
9892
10061
10130
10045
9956
10037
9903
9901
9905
9873
9931
10161
9914
9854
10122
10333
10109
9860
10154
10043
10073
10028
10080
10184
10235
10056
10196
10260
10310
10424
10437
10529
10492
10746
10257
10515
10727
10560
10250
10601
10407
10496
10504
10626
10566
10787
10637
10456
10363
10635
10676
10725
10601
10682
10521
10556
10371
10503
10692
11003
10617
10715
10898
10864
10998
10788
10875
10833
10924
10920
10964
10990
10811
10820
10856
10750
10985
11033
10746
11164
10888
11119
11092
11169
11277
10927
10867
10830
10927
10936
10960
10858
10922
11004
10922
10959
11037
11203
11269
11107
11271
11334
11051
11158
11482
11227
11268
11146
11364
11227
11392
11173
11453
11367
11409
11527
11364
11369
11422
11399
11455
11460
11296
11449
11733
11361
11681
11715
11485
11908
11397
11413
11660
11712
11828
11702
11686
11498
11654
11689
11754
11554
11780
11561
11369
11672
11522
11622
11675
11765
11868
11767
11903
11843
11692
11942
11927
11904
12107
11754
11742
11845
11909
11634
12065
11881
11946
12069
11934
12038
11999
12037
12036
12119
11910
11861
11957
12015
12083
11817
12046
11974
11825
12237
12356
12344
12221
12246
12027
12144
12288
12290
12130
12111
12256
12014
12011
11958
12095
11968
12238
12102
12180
12298
12449
12061
12184
11788
12036
11814
12019
11941
12217
11930
11917
11862
11917
12229
12249
12331
12456
12331
12180
12459
12536
12371
12299
12298
12154
12410
12377
12086
12444
12636
12497
12346
12354
12241
12195
12419
12368
12190
12409
12259
12493
12297
12560
12531
12400
12236
12298
12452
12342
12386
12676
12615
12490
12365
12482
12478
12499
12601
12334
12532
12568
12604
12644
12330
12091
12380
12300
12565
12404
12544
12332
12655
12723
12410
12565
12359
12299
12570
12637
12470
12626
12714
12610
12533
12334
12117
12370
12338
12505
12572
12200
12474
12443
12454
12210
12434
12452
12504
12390
12224
12031
12159
12269
12099
12076
12104
12268
12271
12168
12120
12260
12115
12154
12155
12228
12223
12316
12248
12251
12239
12116
12361
12038
12359
11908
12157
12338
11973
11928
12105
12267
12127
12211
12008
11944
12130
12046
11940
12049
12036
12184
11917
11944
11964
11585
11765
12005
11922
11870
11759
11910
11900
11725
11734
11877
11771
11897
11990
11868
11914
11920
11780
11993
11779
12078
11762
11844
11853
11893
11596
11759
11444
11610
11506
11467
11529
11437
11588
11753
11767
11653
11647
11563
11608
11489
11520
11486
11258
11467
11444
11368
11269
11174
11386
11407
11656
11263
11173
11454
11099
11213
11185
11197
11220
11126
11213
11112
10964
11216
11087
11031
11115
11186
11154
11058
11065
10985
11050
11211
10925
11014
10870
11093
10790
10917
10757
11066
11018
10792
10798
10931
10845
10724
10899
10760
10727
10696
10715
10702
10636
10564
10585
10607
10775
10638
10464
10484
10499
10329
10584
10559
10581
10252
10171
10144
10361
10231
10204
10075
10096
10122
10066
10198
10293
10114
10297
10070
10210
10041
10196
9878
10044
9683
9769
9522
9425
9317
9543
9495
9819
9487
9828
9804
9932
9744
9815
9631
9821
9621
9762
9640
9554
9353
9476
9360
9418
9405
9293
9183
9310
9155
9091
9209
9196
9102
9190
9207
8905
9119
9054
8948
9187
8715
8671
8782
8949
8985
8654
8521
8702
8704
8732
8765
8495
8490
8567
8448
8443
8358
8372
8312
8592
8301
8501
8226
8264
8227
8388
7951
8154
8052
8008
7969
7850
7712
7961
7925
7833
7974
7807
7915
7735
7935
7731
7637
7535
7646
7583
7670
7659
7355
7442
7396
7443
7415
7375
7460
7376
7412
7206
7191
7361
7165
7262
7169
7062
7106
6941
6852
6686
6692
6934
6834
6724
6678
6575
6730
6548
6735
6591
6790
6687
6514
6560
6386
6541
6374
6402
6462
6418
6162
6204
6209
6225
5991
6244
6245
6078
6030
6032
6135
5939
6028
5967
5930
5945
5853
5772
5695
5769
5656
5768
5683
5636
5548
5534
5457
5484
5464
5523
5364
5545
5321
5355
5292
5262
5314
5443
5347
5058
5125
4823
4642
4781
4695
4785
4720
4867
4747
4855
4922
4807
4717
4744
4773
4684
4594
4703
4672
4600
4496
4584
4618
4629
4572
4584
4508
4454
4473
4439
4354
4420
4302
4405
4193
4132
4275
4291
4094
4219
4158
4264
4062
4032
4145
4356
4082
3824
3889
3925
4030
4002
3841
3926
3809
3971
3904
3797
3879
3618
3868
3707
3721
3757
3723
3649
3492
3785
3658
3641
3627
3517
3514
3611
3570
3600
3455
3489
3531
3528
3404
3481
3508
3427
3506
3304
3419
3368
3434
3276
3338
3433
3287
3277
