3289
3455
3362
3395
3243
3468
3242
3282
3340
3407
3463
3276
3339
3440
3394
3446
3286
3438
3380
3357
3332
3480
3364
3504
3386
3429
3406
3295
3280
3360
3316
3480
3489
3422
3417
3406
3362
3430
3364
3463
3365
3443
3529
3432
3268
3457
3514
3495
3524
3437
3464
3614
3620
3385
3527
3454
3367
3435
3430
3416
3474
3604
3539
3417
3391
3527
3494
3376
3552
3513
3485
3482
3499
3522
3581
3531
3544
3566
3441
3612
3644
3608
3548
3668
3581
3572
3554
3583
3570
3508
3592
3572
3592
3547
3625
3567
3576
3560
3739
3599
3612
3623
3572
3690
3653
3832
3626
3620
3598
3853
3786
3651
3756
3776
3750
3712
3669
3690
3798
3656
3759
3769
3769
3664
3712
3723
3675
3684
3663
3757
3890
3766
3806
3660
3735
3798
3846
3804
3686
3736
3735
3819
3684
3732
3812
3746
3910
3785
3748
3737
3749
3866
3928
3761
3741
3784
3808
3738
3819
4018
3820
3877
3941
4113
3866
3917
3947
3984
3887
3817
4023
3795
3916
3934
3862
3953
3849
3837
3875
3984
3897
3927
3860
3853
3939
3957
3980
3956
3960
3957
4005
4090
4022
4031
4005
4090
3922
4058
3916
4060
3932
4029
4155
4014
4069
4119
4139
4015
4096
4163
4104
4082
3949
4101
4091
4098
3996
4021
4173
4129
4091
4085
4144
4197
4195
4052
4229
4208
3980
4245
4135
4113
4336
4223
4120
4215
4232
4138
4176
4167
4339
4312
4276
4161
4202
4375
4164
4266
4267
4322
4315
4300
4165
4426
4265
4342
4364
4271
4442
4433
4218
4395
4389
4406
4268
4349
4381
4352
4472
4282
4451
4380
4450
4418
4431
4336
4181
4366
4450
4467
4352
4544
4470
4417
4484
4551
4383
4436
4563
4403
4340
4305
4454
4314
4536
4529
4510
4493
4344
4650
4608
4608
4677
4442
4465
4529
4565
4629
4406
4687
4548
4686
4655
4639
4445
4566
4538
4668
4500
4463
4656
4658
4656
4811
4632
4655
4755
4581
4728
4547
4708
4676
4648
4691
4644
4673
4758
4782
4744
4648
4740
4660
4756
4779
4734
4740
4752
4771
4656
4665
4665
4741
4755
4838
4644
4715
4875
4941
4739
4805
4792
4861
4967
4849
4851
4783
4889
5034
4724
4788
4756
4935
4937
4905
4782
4882
4881
4850
5027
4887
5058
4904
4880
4952
4927
4907
4927
5029
5005
5081
4901
4878
4915
4996
5221
5024
4932
4971
4977
5030
5062
5073
5105
5020
5141
4988
5073
5087
5062
5089
5164
5079
5044
4991
5161
5254
5062
5146
5200
5190
5270
5013
5138
5178
5171
5305
5115
5242
5160
5371
5374
5321
5406
5269
5139
5460
5199
5069
5347
5380
5323
5339
5358
5355
5225
5282
5274
5240
5416
5308
5380
5355
5387
5449
5341
5430
5494
5513
5525
5547
5405
5417
5516
5522
5364
5410
5299
5538
5501
5580
5568
5468
5378
5721
5451
5547
5538
5623
5537
5543
5293
5373
5672
5656
5544
5482
5652
5741
5667
5564
5653
5557
5494
5708
5499
5768
5686
5561
5737
5659
5625
5669
5730
5725
5745
5618
5687
5477
5759
5602
5692
5652
5611
5620
5779
5628
5865
5771
5707
5773
5576
5813
5737
5748
5820
5802
5799
5928
5959
5832
5883
5881
5921
5875
5922
6016
5910
5894
5984
5749
6035
6035
5911
5798
5878
6102
6095
6113
5915
6045
5958
6078
6090
6074
6073
6049
6199
6136
6048
6166
5991
6014
6172
6074
6125
5981
6042
6302
6157
6220
6089
6147
6264
6237
6278
6248
6122
6281
6170
6486
6223
6228
6476
6495
6338
6240
6208
6269
6174
6307
6481
6386
6460
6241
6350
6410
6418
6443
6384
6414
6411
6522
6416
6312
6613
6379
6481
6457
6310
6503
6165
6482
6495
6533
6428
6541
6502
6693
6530
6516
6328
6425
6293
6479
6458
6322
6539
6479
6289
6447
6441
6190
6392
6548
6753
6798
6726
6781
6684
6756
6829
6803
6749
6820
6790
6820
6825
6806
6724
6851
6712
6753
6911
6823
6779
6806
7002
6662
6707
6762
6846
6965
6706
6779
6899
6744
7028
6932
6939
6780
6941
6955
6764
6805
7039
6937
7046
6951
6853
6902
6966
6947
7036
7121
7113
6992
7178
6887
7101
7046
7084
6842
7101
7140
7046
7154
7014
7064
7213
7055
6922
7058
7167
6947
7043
7091
7055
6946
7140
7204
7028
7185
7448
7375
7400
7340
7474
7404
7281
7275
7286
7404
7499
7304
7650
7394
7492
7480
7595
7522
7511
7416
7485
7547
7471
7486
7682
7416
7509
7566
7651
7658
7508
7510
7485
7685
7421
7716
7788
7604
7683
7659
7573
7754
7773
7553
7767
7534
7860
7532
7621
7804
7619
7816
7805
7739
7950
7717
7739
7929
7710
7675
7963
7798
8029
7975
7860
7796
7776
7748
7798
8011
7950
8052
7803
7976
7974
8060
7916
7852
7821
7979
7855
7986
7932
8145
7986
8043
8099
8045
8221
8111
8260
8174
8185
8228
8115
8130
8218
8150
8376
8164
8298
8070
8239
8126
8275
8210
8280
8244
8376
8391
8214
8351
8543
8454
8416
8320
8312
8392
8394
8276
8225
8400
8552
8456
8439
8443
8369
8412
8524
8484
8565
8424
8602
8719
8632
8604
8883
8835
8660
8505
8417
8557
8552
8552
8830
8936
8652
8840
8806
8744
8734
8713
8754
9018
8834
8901
8852
9060
8953
8986
8895
8861
8826
9093
8847
8880
9037
9153
9105
8831
9039
9065
8978
8957
9053
8950
9030
8888
8785
8796
9115
8950
9170
8889
8964
9047
9024
9274
9286
9197
9200
9188
9389
9170
9316
9344
9418
9460
9347
9308
9439
9316
9552
9457
9399
9392
9345
9454
9565
9728
9532
9593
9378
9512
9543
9433
9488
9607
9464
9642
9604
9529
9508
9657
9509
9652
9553
9598
9932
9742
9556
9578
9555
9716
9874
9633
9675
9554
9817
9972
9653
9842
9842
9809
9761
9789
9897
10007
9976
9811
10003
9959
10089
9849
9826
10144
9994
9934
10108
10097
10042
9962
10202
9981
9878
10006
9862
10191
10018
10015
10191
10220
10505
10136
10135
10279
10310
10151
10178
10433
10260
10044
10320
10304
10228
10226
10257
10379
10111
10328
10273
10226
10407
10186
10376
10399
10290
10229
10453
10534
10143
10476
10538
10571
10832
10390
10545
10543
10616
10473
10598
10584
10657
10485
10679
10444
10410
10658
10560
10543
10559
10593
10639
10639
10589
10688
10634
10895
10604
10746
10839
10767
10879
10704
11011
11019
10924
10861
10830
11035
10928
10990
11135
11003
10911
11379
10878
11074
11062
11050
10998
11153
10898
10939
10948
10962
10962
10895
10756
10630
10635
10998
10748
10873
10699
10899
11012
11139
11160
11276
11343
11149
11458
11305
11358
11467
11473
11277
11399
11254
11300
11194
10913
10530
10344
10293
10209
10143
9697
9619
9442
9445
9125
9480
9631
9912
10349
10663
10966
11162
11622
11741
11973
12104
12059
11901
12086
12024
12183
12021
12184
11938
11691
11864
11945
11806
11821
11946
12020
12042
12044
12113
12004
12104
11751
11943
12076
11950
11880
11653
12267
12045
12072
12044
12105
12314
12099
12216
12387
12313
12491
12281
12173
12143
12187
12168
12286
12262
12487
12276
12137
12095
12310
12239
12350
12251
12104
12165
12146
12395
12204
12585
12483
12536
12370
12650
12194
12295
12452
12299
12424
12391
12394
12552
12517
12453
12584
12491
12412
12501
12562
12466
12441
12507
12493
12676
12485
12725
12615
12488
12495
12853
12759
12726
12711
12757
12829
12789
12565
13112
12897
12890
12925
12937
12704
13053
12949
13065
13087
13109
13227
13253
13078
12978
13333
13354
13115
13174
13189
13293
13222
13309
13102
13261
13465
13402
13370
13253
13551
13668
13506
13367
13469
13472
13373
13367
13256
13312
13233
13111
13236
12997
13041
13091
12918
12667
12567
12700
12769
12872
13191
13257
13558
13580
13733
13389
13615
13754
13805
14032
13918
13760
13829
14022
13754
13948
13747
14004
13828
13867
13662
13897
13917
14080
13971
14095
13963
14160
13924
14032
14207
14244
14022
14170
14020
14103
14010
13924
14016
14050
13968
14241
14098
14157
14088
14378
14316
14160
14683
14339
14258
14346
14114
14339
14157
14220
14196
14675
14422
14274
14507
14493
14352
14485
14348
14478
14456
14422
14810
14657
14740
14648
14600
14687
14693
14580
14601
14477
14704
14660
14820
14799
14461
14761
14864
14884
15042
14759
14791
14899
14837
14653
14777
14701
14742
14856
14954
14764
14950
14872
15012
15363
15131
15000
15076
14844
15431
15012
15115
15280
15178
15174
15264
15266
15024
15267
15244
15017
15264
15269
15200
15338
15360
15406
15226
15470
15557
15389
15373
15621
15435
15291
15299
15284
15472
15558
15438
15277
15604
15764
15832
15665
15759
15793
15794
15748
15606
15763
15605
15627
15609
15717
15864
15530
15658
16042
15932
15621
15816
15616
16167
15929
15961
16027
15912
15936
15942
15659
15888
15921
15865
16164
15934
16073
16202
16052
15894
16047
15920
15970
15906
16322
16241
16202
16301
15987
16123
16397
16336
16111
15997
15892
16050
16070
16053
16384
16088
16345
16083
15954
16420
16439
16347
16336
16362
16472
16299
16672
16686
16608
16421
16457
16632
16652
16446
16715
16657
16612
16563
16715
16491
16695
16782
16877
16577
16469
16514
16644
16818
16826
17059
16648
16797
16901
16901
16696
16756
16707
16435
16663
16729
16826
17063
16983
17011
17057
16811
16768
17130
17028
16968
16917
17147
17021
16868
17084
17067
17100
17266
16888
17259
16953
17336
17245
17124
17124
17199
17300
17160
17300
17184
17259
17266
17261
17295
17105
17213
17348
17343
17444
17038
17220
17261
17499
17605
17314
17348
17450
17617
17086
17595
17332
17589
17485
17487
17508
17332
17456
17502
17763
17640
17762
17380
17984
17639
17724
17698
17971
17791
17699
17732
17726
17842
17588
17800
18058
17680
17747
17774
17676
17910
17870
17748
17706
17917
17895
17796
17837
17869
18130
18164
18171
17952
17994
18119
17986
18184
17892
18312
17839
18199
17902
18029
18117
18001
18281
17638
18364
17785
18336
18410
18213
18176
18341
18288
18235
18140
17974
18165
18065
18232
18159
18048
18170
18307
18330
17957
18160
18034
18252
18121
18436
18184
18237
18467
18395
18165
18133
18518
18333
18336
18192
18484
18689
18458
18315
18465
18664
18806
18580
18454
18690
18419
18615
18728
18681
18560
18708
18756
18901
18548
18796
18889
18609
18292
18409
18168
18174
18367
18386
18281
18290
18132
18176
18232
18370
18630
18851
18962
18904
18938
18894
18836
18759
18802
18864
18553
18884
18660
18873
18953
18833
18981
18821
19204
18881
18763
18973
19060
18980
19210
18624
18444
19103
19256
19140
19039
18916
18968
18962
19059
18976
18789
19052
19024
19100
18956
19025
19062
19101
19099
19024
19286
19305
19217
19012
19127
19240
19146
19129
19266
19119
19268
19418
19131
19268
19505
19148
19546
19175
19415
19573
19425
19458
19439
19381
19245
19649
19558
19294
19301
19535
19341
19628
19640
19608
19233
19718
19360
19403
19665
19476
19624
19524
19681
19404
19604
19810
19783
19563
19752
19691
19476
19855
19658
19784
19552
19892
19928
19693
19610
19763
19816
19704
19671
19918
19776
19700
19546
19516
19506
19588
19675
19824
19528
19988
19712
19560
19778
19729
19961
19899
19895
19657
20166
19605
19848
19980
19783
19863
19869
19826
19737
19935
19912
19712
19856
19652
19963
20041
20020
19844
19894
20028
19940
19856
19858
20100
19974
20164
19898
19964
19985
19916
19782
20176
20159
20191
20121
20269
20082
20114
20051
20226
20096
20238
20251
19789
20097
20300
20390
20010
19765
20404
20404
19902
20109
20247
20055
20282
20296
20186
20314
19971
20199
20297
20249
20474
20236
20046
20374
20351
20413
20445
19983
20357
20705
20216
20008
20442
20018
20203
20188
20414
20364
20253
20105
20500
20548
20351
20576
20447
20408
20600
20140
20214
20452
20364
20290
20255
20299
20602
20130
19957
20576
20680
20373
20115
20726
20242
20410
20128
20407
20457
20565
20740
20362
20479
20422
20300
20664
20718
20446
20576
20553
20260
20781
20596
20409
20532
20613
20406
20633
20467
20662
20515
20720
20558
20435
20952
20612
20568
20660
20546
20611
20556
20744
20608
20866
20672
20625
20354
20270
20376
20089
20722
20720
20636
20522
20669
20903
20669
20724
20457
20486
20441
20756
20456
20568
20305
20402
20439
20187
20583
20306
20281
20218
20102
20216
20382
20437
20649
20608
20407
20460
20480
20564
20105
20434
20653
21052
20428
20388
20574
20253
20252
20193
20088
20427
20094
20461
19977
20189
20116
20175
19986
20106
20043
20132
19926
19834
20196
20266
20237
20388
20477
20520
20672
20645
20334
20584
20661
20690
20442
20779
20504
20874
20568
20788
20436
20727
20465
20612
20736
20537
20448
20131
20538
20804
20470
20405
20445
20298
20459
20443
20454
20576
20384
20420
20485
20496
20360
20422
20804
20507
20498
20567
20297
20562
20535
20658
20407
20393
20459
20409
20131
20377
20302
20445
20332
20262
20470
20430
19987
20200
20149
20472
20116
20329
20192
20404
20657
20092
20326
20567
20674
20301
20214
20220
20511
20364
20219
20085
20354
20105
20155
20364
20289
20344
19896
20116
20344
20052
20056
20111
20202
20422
20064
20258
20338
20362
20089
20182
19910
20240
20232
20020
20279
20107
20058
20244
20065
20365
20329
20269
20128
20038
20074
20088
20138
20023
20038
20235
19945
19941
20253
19761
19957
19891
20027
20090
19925
20060
19925
19841
19805
20138
20177
20042
20014
19832
20000
19729
19902
19775
19823
19826
20044
19802
19636
19712
19985
19797
19712
19602
19969
19716
19512
19662
19915
19712
19585
19991
19828
19446
19712
19445
19736
19621
19564
19526
19624
19196
19822
19398
19530
19512
19658
19366
19665
19721
19488
19257
19358
19512
19188
19176
19348
19564
19128
19230
19336
19425
19452
19146
19121
19384
19218
19207
19524
19640
19446
19419
19009
19195
18989
19264
19182
19156
19076
19272
19220
18871
19152
18874
19035
18986
18962
18988
19067
19002
19215
18941
18845
19252
19176
18972
19210
19025
18876
19028
19014
19002
18949
18591
19204
18845
19034
18644
18720
18840
18902
19095
18906
18980
18838
18556
18602
18786
18602
18645
18624
18860
18778
18827
18468
18437
18524
18167
18030
18145
18218
18460
18218
18280
18199
18056
18450
18472
18331
18475
18296
18380
18317
18413
18327
18378
18223
18569
18223
18573
18288
18254
18254
18280
18116
18480
18182
18154
18222
18229
18294
17984
17952
18188
17914
18186
17968
18076
18204
17895
17796
18033
17792
18029
17718
17673
17768
17883
18217
17675
17820
17848
17593
17890
17893
17558
17440
17547
17558
17780
17373
17541
17835
17473
17532
17565
17309
17696
18048
17467
17406
17400
17572
17654
17482
17703
17274
17468
17344
17000
17152
17357
17380
17536
17267
16889
17167
17064
17440
17401
17337
17034
17042
17192
17193
17088
16880
17089
16713
16806
16667
16891
16657
16579
16681
16852
16779
16868
16727
16674
16600
16699
16605
16555
16612
16628
16488
16458
16595
16609
16534
16217
16454
16646
16752
16380
16777
16518
16673
16520
16508
16434
16717
16658
16494
16502
16697
16121
16154
16229
16272
16486
16218
15927
15965
15849
15340
15508
15620
15706
15712
15778
15761
15466
15755
15910
15802
15896
15923
15902
16180
15727
15978
15804
15836
15607
15681
15810
15896
15905
15687
15628
15776
15369
15740
15584
15252
15553
15579
15570
15483
15476
15752
15491
15142
15285
15308
15523
15383
15073
15507
15488
15062
15155
15248
15272
15396
15157
15110
15230
15105
15156
15424
14877
14429
14504
14520
14454
14384
14715
14664
14528
14596
14475
14744
14400
14648
14898
14913
14781
14851
14777
14683
14965
14472
14678
14638
14808
14559
14516
14638
14350
14451
14556
14509
13926
14414
14269
14337
14305
14292
14132
14204
14154
14104
13999
14125
13928
13892
14043
13974
14127
13973
14108
13794
13948
13853
14301
13861
14008
13999
13848
14090
13458
13920
13826
13698
13650
13588
13610
13624
13595
13550
13624
13661
13594
13664
13478
13536
13653
13444
13401
13252
13497
13147
13451
13302
13481
13510
13124
13343
13370
13162
13040
13166
13083
13094
12986
12941
13130
13064
13203
12964
13312
12929
12987
12961
12790
13124
12877
12899
12639
12804
12719
12820
12744
12586
12666
12696
12633
12773
12679
12612
12555
12792
12667
12650
12532
12355
11997
11994
12171
12162
12222
12442
12226
12429
12322
12172
12193
12353
12236
12485
12214
12244
12211
12013
12163
11989
12045
12110
11970
11850
12257
12366
12016
12246
12102
12224
12045
11840
12088
12123
11926
11782
11894
11872
11844
11738
11828
11817
11829
11620
11915
11780
11694
11843
11710
11737
11710
11516
11645
11650
11721
11779
11588
11701
11449
11702
11417
11599
11319
11487
11560
11361
11515
11710
11623
11378
11195
11628
11280
11169
11220
11303
11253
11495
11258
11152
11087
11414
11438
11355
11259
11097
11124
11231
11115
11201
11116
11072
10987
11126
11128
11268
11013
10863
10719
11108
10896
11193
11013
11063
10968
10984
10895
10795
10717
10944
10830
10804
10785
10842
10856
10707
10798
10742
10752
10955
10656
10856
10844
10783
10832
10873
10552
10624
10821
10803
10775
10775
10782
10566
10674
10525
10613
10655
10680
10528
10668
10420
10625
10579
10544
10659
10729
10451
10701
10770
10568
10557
10587
10396
10551
10468
10466
10619
10560
10443
10422
10405
10415
10529
10505
10571
10717
10452
10375
10585
10416
10324
10388
10438
10206
10257
10449
10400
10251
10244
10350
10496
10276
10241
10564
10161
10486
10386
10406
10409
10300
10312
10320
10428
10226
10340
9984
10184
10486
10325
10569
10183
10091
10125
10446
10072
10361
10219
10348
10510
10302
10306
10191
10292
10313
10275
10475
10466
10188
10456
10180
10263
10284
10342
10260
10297
10310
10347
10289
10158
10202
10230
10142
10128
10016
10257
10192
10334
10347
10340
10197
10444
10327
10381
10518
10268
10276
10320
10447
10331
10304
10512
10462
10517
10461
10432
10332
10158
10561
10483
10442
10504
10493
10657
10556
10630
10519
10500
10420
10424
10516
10662
10504
10592
10420
10518
10682
10587
10678
10373
10624
10625
10739
10726
10577
10686
10696
10839
10845
10923
10772
10672
10785
10673
10776
10761
10928
10894
10789
10877
10888
10768
10885
10724
10820
10708
10878
10852
10603
10939
10782
10894
10802
10910
11157
11032
11117
11194
10988
10839
10973
10843
11034
11065
10995
10893
10959
10910
11083
11094
10906
11053
11243
11205
11039
11048
11167
11367
11377
11284
11378
11503
11211
11496
11302
11452
11406
11741
11794
11595
11671
11580
11648
11629
11755
11767
11707
11924
11492
11484
11720
11618
11733
11731
11594
11630
12006
11805
12086
12133
11936
11944
11956
11864
12023
11698
12162
11907
12097
11996
11804
11998
12061
12052
12046
12050
12117
12161
12310
12281
12118
12132
12376
12353
11980
12230
12252
12321
12148
12250
12238
11965
12087
12312
12430
12589
12558
12328
12467
12572
12581
12666
12786
12962
12486
12622
12743
12605
12778
12880
12821
12824
12937
12744
12800
12779
12800
12964
12813
12893
12970
13046
13108
13059
12956
12907
13006
13240
12941
13033
13102
12900
13108
13014
13358
13257
13333
13053
13239
13316
13078
13027
13007
13034
13136
13093
13148
13318
13594
13480
13313
13172
13440
13411
13389
13787
13549
13364
13547
13780
13480
13711
13610
13513
13858
13716
13369
13622
13610
13522
13525
13751
13678
13625
13568
13458
13966
13637
13711
14026
13665
13636
13551
13722
13505
13697
13861
13985
13755
13934
13956
13777
13847
13870
13658
13827
13710
13994
13937
13648
13984
13616
13850
14061
13876
13861
13672
13730
13785
13705
13830
13465
13327
13721
13549
13948
14076
14057
14141
14111
14149
14228
14024
14225
14027
14282
14238
14416
14150
14185
14125
14372
14068
14467
14223
14388
14196
14038
14182
14202
14217
14168
14256
14318
14202
14422
14224
14068
14309
14185
14020
14520
14136
14180
14346
14068
14356
14287
14318
14310
14578
14253
14444
14199
14358
14156
14301
14369
14271
14160
14303
14371
14440
14403
14344
14422
14501
14271
14207
14413
14452
14141
14069
13968
14327
14230
14304
14186
14285
14194
13998
14263
14370
14263
14169
14189
14177
14150
14297
13933
13993
14198
13988
14280
14174
13905
14246
14172
14159
14125
14161
14294
14230
14183
14038
14024
13908
14230
13975
14158
14161
13899
13941
13948
13742
14248
14053
14007
14097
13892
13935
13888
13907
13919
13896
13980
14004
13843
13673
13970
13802
14025
13974
13869
13965
13657
13442
13588
13653
13733
13510
13358
13618
13786
13696
13781
13651
13872
13801
13817
13633
13824
13670
13250
13658
13423
13812
13716
13786
13587
13486
13615
13416
13536
13359
13383
13312
13269
13380
13186
13209
13444
13091
13348
13303
13291
13338
13264
13205
13176
13182
13372
13244
12823
13061
12937
13179
13075
13012
13061
13048
12972
12999
12902
13005
12868
12977
12946
12814
12731
12957
12847
12599
12668
12754
12627
12664
12833
12868
12730
12619
12526
12544
12571
12785
12362
12485
12466
12438
12477
12434
12633
12518
12462
12434
12394
12436
12278
12473
12084
12361
12283
12248
11785
12469
12224
12118
12101
12191
11961
11880
11936
12073
12245
11738
11942
12184
11858
11941
11589
11511
11527
11496
11630
11617
11648
11460
11578
11636
11480
11628
11630
11724
11456
11368
10976
10755
10599
10770
10599
10990
11069
11350
11066
11291
11352
11353
11277
11200
11002
10766
11087
11051
11077
10752
10852
10797
10859
10760
10535
10724
10637
10607
10762
10604
10485
10391
10399
10416
10285
10401
9995
10168
10236
10132
10414
10031
10046
9962
10050
9854
9757
9884
9992
9908
9868
9856
9827
9812
9714
9456
9746
9555
9489
9563
9355
9469
9380
9396
9363
9384
9321
9220
9145
9114
8991
8968
9203
9046
8816
9029
8949
8955
8977
8991
8976
8761
8847
8595
8610
8747
8611
8484
8539
8370
8389
8440
8507
8427
8226
8259
8178
8164
8428
7993
8070
7920
7915
8143
7801
7823
7830
7781
7853
7756
7711
8002
7660
7684
7699
7361
7630
7629
7324
7619
7511
7316
7259
7304
7239
7138
7070
7026
7126
6957
7009
6946
7005
6920
6778
6647
6776
6962
6788
6738
6747
6475
6546
6574
6464
6497
6450
6406
6259
6223
6267
6170
6316
6180
6086
6329
6100
6088
6045
5954
6064
5992
5986
5811
5889
5664
5870
5370
5299
5416
5280
5245
5212
5336
5427
5519
5410
5409
5502
5339
5564
5339
5325
5195
5180
5181
5158
5045
5121
4921
4985
4846
4861
4877
4876
4895
4884
4916
4834
4748
4623
4685
4811
4665
4561
4728
4486
4414
4368
4469
4543
4393
4343
4388
4252
4283
4422
4534
4391
4356
4306
4242
4167
4082
4126
4159
3957
4091
4161
4186
3906
3961
3953
3924
4005
3957
3983
3904
3962
3886
3837
3794
3848
3749
3770
3688
3667
3652
3702
3638
3773
3680
3668
3784
3642
3493
3671
3567
3606
3554
3665
