8430
7740
8033
8819
7044
12709
6943
7337
7515
7372
7480
7057
7750
7621
6662
8987
9570
7615
8218
7640
7093
8132
7144
8421
7962
7605
7647
7001
7076
7631
7693
8004
7038
8383
7042
7595
7164
7464
8045
8258
7553
7593
7281
7337
7189
7490
8897
7220
8402
8000
10268
8473
9818
7886
7058
7925
7646
7659
7747
7466
7860
8352
7862
8756
7766
7983
8333
7180
8924
8696
7792
7797
7690
8368
7822
7709
7401
7985
7991
7453
8749
7996
8290
9069
7926
7916
8209
7135
8658
7706
8062
8220
7852
7957
7587
7427
8400
9785
8574
7305
8698
7480
7937
7587
7873
8076
7439
8601
7632
8115
9093
7919
8903
9058
7691
7944
7237
8637
7441
8168
8097
7667
7395
8370
8401
7900
8727
8378
7813
7985
7848
7586
8029
8350
7945
8218
8369
8381
8976
8062
7860
7627
7221
8437
8316
7426
7628
8544
7788
8397
9069
8178
7909
8292
7508
8134
8985
8081
7691
8312
10148
8184
7456
8127
8441
8908
7846
8840
8076
7877
8077
8044
8043
7498
8003
7228
8593
8377
7771
8979
7590
9261
8456
8123
8107
10074
8714
7503
10159
8679
9613
8177
8704
8089
8536
8914
7864
8435
7849
9535
7488
8233
8564
8113
7616
8440
9041
8530
8051
8590
7783
8294
9354
7895
8169
7974
8213
8604
8631
8639
9414
8509
8368
8780
8661
8655
8162
8754
7817
9518
8413
7909
7666
8459
8554
8739
9310
9132
8661
8581
9007
8221
8139
8763
7809
9414
8594
8688
7511
9178
7499
9303
8339
9277
8726
8916
9041
8278
9794
8596
7765
10229
8204
9197
7782
8525
8189
8403
8207
9894
8730
8381
8452
7955
7958
8530
8864
8253
7902
9733
8305
8490
8730
7970
8466
8209
8625
8840
9016
8409
7597
8112
8654
9335
9407
9706
9198
8720
8624
8527
8842
8146
7748
8086
9007
9108
8966
8283
9279
8737
8086
10365
8926
9224
8316
9139
8946
9241
9199
8272
10023
8751
7897
8861
8357
8427
9849
9370
8848
9284
8008
8276
8314
8388
8248
9203
8405
8708
8894
8570
9985
9328
9467
8987
9344
8498
9494
8896
8888
8850
9134
8907
8729
8181
8885
10256
8528
9696
8328
9999
8279
8566
9072
8237
8284
9036
8685
8642
8735
8902
9462
8204
9346
9353
8429
8598
8865
8775
8322
8379
8838
9151
8367
11092
8323
8733
9501
8468
9845
9448
9850
9439
8581
8536
8857
8717
9625
8746
8941
8666
9613
9108
9044
8432
10153
10508
8999
9722
9572
8876
10324
9585
9835
9493
8575
9423
8376
9073
9010
9021
9356
8900
8719
8668
8764
8838
10159
8726
9755
9628
9136
9765
9215
9199
8866
9012
9529
9110
9140
8649
8498
9136
8608
8786
9174
9181
9445
10008
9372
9928
8717
9144
9899
9454
9193
9336
9162
9310
9723
9378
9003
9354
9640
10054
9425
9955
9582
9487
8936
9245
9812
9133
9211
10214
10209
8933
9392
10383
9655
8741
10198
9256
9996
11270
10975
8752
10436
9563
9025
8900
8982
8870
8840
9473
9149
9677
13080
10649
9331
9021
10201
9733
9109
9624
9977
9256
10415
9661
9836
9576
9757
9435
9634
10254
9366
10959
9883
9893
9277
10000
10137
10717
10008
9645
9501
9993
10162
10590
10205
10359
9897
9287
10403
10198
9678
10820
9224
10504
9801
11494
9710
9786
8968
10560
9967
9724
10445
9437
9328
9788
9403
12426
9723
11849
10074
10195
10538
10015
9730
10936
9346
9448
9804
9731
10351
9862
10229
9340
11286
11058
9541
9404
10825
9956
9295
10101
10302
10942
9532
10564
10074
10817
10738
9661
9765
10757
9972
10170
10425
10631
9971
9834
9563
9437
9539
9745
10781
10168
9609
10284
9611
10138
10167
12637
10561
10311
10066
9801
9914
9775
9636
11180
10404
9926
10429
10304
9742
11302
9773
11357
10005
10660
11141
9912
10646
10088
9697
10505
10800
11042
10290
9955
10926
10513
10980
9647
10418
10262
10637
11338
10641
10142
10863
11958
11895
11694
10977
10273
9886
9749
10723
9949
9906
10651
10048
10109
10533
10368
10372
10394
11256
10644
10368
11188
10341
10507
10097
10357
11005
11469
11786
9967
10190
10985
11038
10512
10870
12360
10569
12894
11224
10204
10176
10614
10541
11108
11938
10321
10666
11814
10490
10504
10795
11034
10307
10638
11247
11487
12372
11462
11580
11560
10713
11201
10652
10343
10697
11674
11885
11083
10723
11301
11729
11187
11178
11294
10546
11030
10813
12141
11194
11961
11496
10645
13342
11150
11598
10690
12809
11158
11281
11561
11235
10689
11947
11602
10983
11492
12162
11610
11407
10555
11605
12084
11145
12050
10589
11199
11114
10870
12427
12376
11034
11668
11011
11599
10722
10972
13186
12560
11950
11054
11537
11293
11074
11418
11446
11271
11672
12459
11443
12212
11023
11357
11427
12292
11176
11806
13147
11461
11156
12107
11852
12344
11700
11770
11263
11032
11925
12734
11023
11417
11212
12816
11336
11908
11165
11073
11377
11188
12653
12059
10903
11577
12299
12552
11452
12038
11766
13372
12776
12085
12424
11685
11578
12036
12363
11561
12748
11882
12569
12314
11147
12834
12821
11736
13084
11248
12020
13144
12168
12633
13584
12184
12448
11417
12909
11852
12246
11608
11584
12013
12296
11948
11697
12595
12989
12566
13311
15722
11914
13386
11856
11621
11902
12185
13032
12305
12927
12821
13563
12905
12451
12510
11963
13755
12593
13357
13613
12134
12136
12437
13219
12090
11954
13048
14302
12776
14188
11954
12963
13485
12924
13106
13556
12964
12610
12424
13401
12856
12532
12893
13372
12964
12288
12565
11881
12831
12801
12439
14072
13492
12724
12879
13382
14283
13147
12529
14489
12575
14534
13134
12960
13837
12821
13293
13056
13160
12637
13245
13842
13916
13876
13837
12730
15242
12953
13297
13831
13974
13295
12830
13302
12956
13106
13392
13202
13223
14493
13076
12997
14101
14170
14013
14277
12939
14888
13698
13227
13815
14096
13764
13818
14488
14157
14187
13168
14234
13328
13613
13376
15321
14541
14420
14484
13915
13475
14358
13495
15406
13510
14500
13893
14969
14793
14664
13931
13438
14183
14276
14509
14595
14198
14330
14180
13914
14782
14309
14361
14689
13808
14616
14540
14628
15793
14394
15022
14140
14784
14952
13858
15803
14129
14942
16459
14580
14406
14456
14584
15053
14477
15532
14066
15166
14684
15681
14892
15824
15781
16148
15900
14872
14709
14833
15068
15141
15542
14762
15288
14790
15223
15306
14738
16322
15083
15692
15149
14990
15122
15528
15577
16208
16103
15920
15293
15266
16055
15814
15484
15313
15462
16623
15437
15366
15800
15680
15990
16356
15558
16157
15128
16484
15919
16591
15497
15576
15687
15554
15965
16289
16134
15976
16528
15901
15918
16536
14932
16150
15400
15865
16420
15753
16546
16429
15927
15701
17269
16460
17174
15998
17445
16427
16002
16263
16315
16677
16539
17074
17028
16602
16815
15757
16037
14508
14950
14828
13856
15228
15828
14820
14624
15972
15895
18219
17207
17334
17816
16756
19437
18282
17614
18636
17322
17613
18733
17203
17966
18579
18030
16960
18255
17325
19252
17928
17246
18538
17415
18029
17340
17292
18794
17330
17803
18196
17776
18200
17920
17955
17300
18538
18475
18119
18340
18818
17640
19126
18561
18579
17849
19382
19153
17984
17730
19456
19266
17882
18086
18372
19024
18336
18473
18522
17560
19853
18410
18350
18618
19245
18446
19052
19010
18564
18225
18274
18632
18004
19446
17966
18154
19036
18781
19374
19467
19098
19602
19318
19003
18544
18773
20678
19677
18948
19591
19457
18849
18742
18894
19556
19520
18893
19516
19949
18887
21002
19506
21076
18420
18908
19976
19677
19805
19635
20360
19908
19380
19979
19803
19605
19602
19645
21773
19668
19453
18934
19821
19403
20042
20109
19176
20168
19391
19996
19899
20710
19962
20022
20222
19898
20463
19565
19982
21528
20736
21374
20705
20469
19521
19675
20256
18930
19254
18300
20935
19998
19103
19941
21256
20497
19643
20564
19722
21670
20690
19805
21202
20509
21120
21560
20762
21294
19878
20228
21418
22662
21321
20492
20910
21460
20948
20546
20280
20845
20875
20708
20969
21309
20417
22384
21442
21127
20934
20821
20434
21273
21099
20853
20974
20813
20452
20612
22264
21764
20755
21202
22024
22741
21878
23237
21127
21239
21121
21110
21812
22189
22225
21664
22107
21186
21612
21423
22999
21705
21349
21866
21832
23444
21340
21196
21394
21469
21585
21426
21474
21950
21257
22841
22314
22578
21922
21652
22029
21517
21834
21505
22011
22020
22859
21868
23386
21667
22482
21938
21664
22488
22186
21979
22645
22765
22660
21044
22205
23476
22568
22089
23252
22976
22064
21969
21974
22860
21704
21888
22618
21708
22278
22173
22872
22064
22684
21483
21856
22052
22132
22145
24044
23168
22618
22234
23117
23145
22122
23192
22771
22534
22275
22912
23057
23314
22161
21828
22036
24461
22370
23096
24674
22508
22276
22214
22242
23646
23326
23274
23558
22564
21976
24118
22526
24418
22506
22044
22959
22518
22052
22309
23096
22210
22827
21815
22749
23176
22922
22833
22710
22849
23490
22742
23172
23476
21772
22849
22333
23684
22420
22381
21810
23326
22093
23079
23185
21916
22122
22538
21298
22007
23413
22626
23312
22330
23028
23001
22830
23560
22622
22869
22616
23464
22924
22646
23235
23046
22530
22792
23427
22878
23434
22413
23172
23150
23010
22413
23226
24322
22380
22524
23479
24183
23602
22672
23014
24149
23220
23030
23004
22523
23277
23445
23712
23065
23849
23098
24342
24187
23391
23726
23809
23576
23716
23177
24309
23161
23900
22940
23765
23557
23837
23173
23601
24527
23125
23582
23764
23860
23290
22810
23642
23557
24276
23790
23465
24292
23497
23324
23716
24362
23588
24912
23874
24248
24212
23599
25517
24652
24114
23572
24416
24722
22987
23712
24475
23637
23583
23386
23643
23143
23957
23359
25527
24701
23965
24804
23706
23823
24210
24655
24021
24074
24649
23691
24230
24248
24148
25098
24922
24630
23850
23464
25458
25579
25438
24508
23581
24287
24475
24372
24224
24941
24628
24008
24801
24209
24379
24374
24712
24710
25412
24192
26406
25401
24614
25408
25698
25234
24580
24324
24117
25025
24372
25704
24743
25306
24526
25432
25494
25384
25226
24510
24345
25146
24657
25542
24886
24756
24859
26423
26042
25689
25108
24748
26388
26507
25922
26672
25449
27076
25508
25177
26644
25800
24823
24886
27093
25987
25292
25252
26176
27180
25776
25849
26868
25271
26655
25401
25819
26621
25979
26075
25877
27426
26636
26740
26021
26527
26576
24932
26745
26989
25595
25645
25865
25748
25048
25451
26645
27416
25834
26638
27401
27672
26477
27432
27810
27737
26345
27680
27245
27474
26758
27332
26916
28217
27671
26702
27329
27569
27430
28625
28971
26762
26689
28321
28021
28392
27947
27384
27104
27909
27245
28152
27646
27672
27002
28254
27450
28477
28145
27517
27513
28789
27597
27940
27510
28248
27972
29455
28133
29204
28334
29188
29675
28331
28423
29289
28240
29102
28778
28512
28653
29194
29495
28692
30650
28064
29109
28390
28666
30492
30109
28992
30412
30884
28773
29014
29525
29874
29301
30565
29874
29236
29084
28884
30014
29748
30904
29800
29561
30938
29435
30036
29907
30190
30156
29872
29862
30393
30261
30125
30104
31086
30900
29715
29526
29956
29351
29458
31464
30052
30090
29609
30825
31208
29863
30600
30236
31076
30458
30189
30868
33358
29872
31320
31286
30568
30779
31127
30670
31826
31627
30101
32244
32200
30342
30326
32196
31478
31462
32091
31960
31200
30988
31480
33388
31389
30868
30497
32644
31244
31296
32512
31560
33524
32534
32404
31818
31432
30921
31020
33659
32724
31465
32516
32276
33130
32781
31371
32758
33572
31208
31738
33288
32051
32157
31086
32000
31722
31787
33224
33291
32458
32242
33220
31754
31604
32154
32024
31960
32630
31522
32665
32276
32025
32484
32534
32676
33389
32453
32041
32116
32212
33067
33199
31768
31765
34121
33226
31933
32356
33164
33253
32222
32619
33365
31828
32540
32498
31801
32108
31199
32550
32193
32373
32896
32152
32896
32884
32914
32850
33641
33605
33024
32588
32918
33877
32660
33172
33226
32892
32154
33440
32987
31853
32461
33077
32541
32699
33127
32555
32779
32631
32494
33141
33012
32994
33113
32436
33261
32163
32180
33510
32490
33849
34692
32124
32436
33356
32375
32413
32763
33147
32952
33024
32794
33566
32429
31923
32822
32746
32921
33676
33572
33305
33108
33647
33065
31992
32085
33475
32610
32314
32587
33298
31980
32603
32725
32331
32349
33578
32548
34884
32218
31878
33558
32792
33314
32484
32649
32837
31894
33290
31704
33172
33044
32088
32364
32151
32436
30752
31136
31702
30932
32071
31205
31906
32657
31624
32334
32046
33688
33322
31636
32990
30912
31723
31705
32132
31780
32749
31837
31684
31573
31872
31461
31900
32315
31544
30950
30891
31652
32323
32052
31259
32129
31380
31268
32486
32612
31136
32404
31766
30961
31031
32465
31322
30901
30982
30884
31854
31944
31679
31085
30726
31080
31081
30901
30686
30725
31162
30356
30545
30936
30996
30923
29932
30085
30201
30132
29659
30134
29963
29595
30919
30132
29895
30866
31117
29708
30430
30109
30978
29413
31052
29375
29866
29436
29364
29730
29405
29748
30691
29829
29761
29712
28987
29423
29922
29884
30148
29989
29332
29069
28552
28674
29572
29257
28816
29776
29354
28704
29353
29841
28064
29024
29188
28353
29040
27644
29080
27425
30696
28474
27409
28093
27396
27744
28955
28684
28744
27978
27460
27514
27802
27970
27242
27873
27973
27140
27805
27809
30150
27734
27844
26893
26792
27392
27628
27200
26664
26834
27178
26388
26484
27451
26524
25915
26241
27346
27319
26147
26276
26469
26468
27485
26488
26595
26028
26373
25535
26090
25366
25544
25584
25738
26170
26077
25502
25870
26573
25689
25128
25662
25956
26074
25808
24765
24130
24803
25291
25188
24331
23888
26385
25508
24133
24315
24554
25342
24028
26532
24324
25004
23490
24216
26549
23774
23244
24932
23519
23884
23941
23555
23918
24348
24121
23354
23642
23388
23844
23936
23841
22848
22776
23113
22672
23243
22324
22521
22963
22067
23620
22768
22790
21856
23214
24564
23073
22461
23126
22052
22223
22370
23031
21798
21172
22764
22404
21314
21528
21425
20944
20794
20881
21202
22476
21882
21632
22488
21851
21642
20795
21437
20904
20818
21944
20980
23176
21569
22668
20840
20440
20941
20646
21213
20742
20250
20908
21047
20335
21610
19959
20235
20612
20047
20676
20812
20424
20080
20340
20046
20256
19353
19306
19243
20394
19452
20241
20452
18924
19335
18520
18473
18261
19216
18476
18432
18695
19659
18966
20239
19088
17999
18370
17962
18130
18764
18319
18610
17917
17675
19032
17693
18066
17014
18984
17410
17298
16723
18763
17908
16986
17171
18171
17402
16941
17064
17356
16201
17524
16970
18012
17075
17698
17252
16640
17975
16930
16158
16660
16120
17090
16084
17563
16418
16605
16954
16507
17428
17498
17186
15654
15736
16792
16330
15730
15287
16164
15947
16212
17129
15594
16209
15564
16189
16610
15097
15546
15308
15531
15976
15273
14682
15561
14677
15085
15884
15501
14557
14738
14834
14541
14206
13762
14570
14582
14426
14619
14090
14569
15453
14728
14890
15176
13813
14914
16347
13691
13814
15237
13681
13997
13977
13970
16076
12629
14836
14923
13045
13073
14145
13580
13653
14245
13778
13545
14465
13394
14376
13540
13029
13678
13424
13125
14036
14183
14202
13697
13576
12517
13924
13961
13371
14535
13323
13737
13514
12940
13177
12388
13354
13021
12795
14455
13874
12647
13961
14026
12586
12904
11908
12679
12871
14316
12903
13229
12129
12612
11850
11723
13183
13215
12063
11815
11857
12206
12914
11692
12216
11609
12725
12038
12337
11608
11833
11898
11108
11852
12105
11258
11821
12394
11413
13136
12599
11465
11676
11398
12085
11648
11784
11947
11611
12808
12477
11200
10872
11026
11140
11690
10885
11539
12735
11726
11078
11214
11609
10918
11070
12372
11485
11183
11458
12682
11812
11537
11255
11732
11397
11248
12898
11077
11603
11210
11189
12050
11090
11294
11743
11515
11476
11666
11027
10589
10744
10925
10418
11135
11693
10702
10669
10554
10756
10820
11623
11600
10375
11108
11355
11108
11581
10360
11336
10203
10268
12537
10426
10655
11226
10564
10782
11761
10680
11199
10686
10424
11572
11685
10057
10713
10650
10368
10516
10591
11457
10640
10609
10898
10415
11229
11217
10150
11040
10285
11028
11315
10767
10660
10456
10191
10870
10013
10126
11256
10224
10532
10996
10072
11307
11230
11157
9950
9993
10667
11806
11690
11948
10746
10602
10573
10333
9862
9571
9909
10121
11049
9822
10758
10674
10880
9793
9766
10834
9653
10708
9679
10908
10420
10159
10845
11340
10462
11130
10099
9849
10667
9901
9670
10791
9547
9738
10258
10225
10410
10353
10738
9560
9837
10426
9774
9831
9367
9115
10240
9770
10593
10061
10169
9286
9088
11008
10045
10342
9718
11242
10251
9724
10107
10005
10075
10869
9393
10585
9916
10363
9868
10708
9812
9510
9938
9076
10208
9522
9054
10037
9116
9071
10165
10284
10551
10624
9464
9360
9303
10212
10275
9263
10226
9446
9458
9651
10183
9520
9344
9754
9734
9632
10174
11201
10638
9581
9436
9416
10027
9939
9637
11126
9824
10413
9035
10158
10402
9717
10459
9398
9561
9323
9338
9740
10710
9659
10598
10504
9823
9842
10561
9340
9765
9387
9836
10407
9605
9781
10289
10820
10966
9747
9276
9402
9130
9578
9422
9872
9110
9461
10377
9600
9585
9154
9916
10100
9687
10527
9244
9866
9017
11170
9751
10564
9495
9688
9541
9340
10357
10564
10327
9273
9588
8790
9970
9646
8875
9581
10056
9919
10229
9372
9269
9752
9335
10061
9940
9710
10393
9436
9481
9628
9949
9293
10583
10032
9967
9445
9672
8864
9227
9167
9131
8693
9436
9946
9349
9295
10090
9942
9977
8942
9103
9814
10213
9136
10264
9247
9138
9848
9897
9116
8967
9085
9552
9339
8979
9788
9655
9792
9161
8911
9804
8813
8868
9433
10037
9560
9406
9565
9394
9496
8456
8795
10098
9846
10191
8875
9478
9133
10119
10086
9022
9307
10175
9418
8881
10201
9023
9345
9381
9266
9313
8811
9766
10330
9018
8676
10212
11325
10423
9623
8525
9430
10538
10051
10685
9778
10153
9841
10328
11603
9206
9201
9923
9188
10079
8784
9024
9691
9591
9484
9236
9547
10898
10068
9600
9686
9009
9666
8802
9065
9762
10230
8900
8871
10054
9237
9295
10223
9921
8707
8614
9351
9297
9109
8979
8972
9263
9066
9543
9146
9043
8916
9465
9548
9308
9096
9855
9779
8868
9360
9720
9615
9930
9484
8896
10138
10185
9410
9622
8772
10454
10636
9918
9024
10124
9228
9385
9318
9538
9171
8964
9867
8799
9611
9245
10443
9078
9570
9364
9659
9819
9866
9281
9190
10497
9737
9954
10522
10315
9148
9232
9130
9954
10352
9485
9084
9321
8100
8966
8962
9268
8936
9196
9785
9481
9652
8314
8716
9937
10115
9167
8395
9406
9008
9488
11228
9040
9161
9791
9062
8629
8456
8874
9092
8797
9756
8692
8697
9803
8960
8916
9320
10604
9198
9715
8902
8957
9709
8868
8660
8615
9131
8708
9358
11130
9346
8596
9203
10240
9094
9614
9684
9420
9555
9362
9377
9325
8982
9035
8711
9316
9208
9174
9556
8845
10438
10063
8792
9995
10186
8873
10452
9932
9275
9693
10008
8626
9595
9489
10242
9146
8625
8178
9140
9570
8658
8989
9239
11027
8436
8493
9029
8890
9017
9004
9230
9334
9519
9774
9080
10074
9427
9276
9417
8754
9859
9129
8999
9112
9486
8470
9097
9940
8927
10423
8602
10001
9222
10706
11845
9739
9177
8612
8569
10260
8493
9086
9059
9004
9798
8951
9400
8927
8727
8555
9345
8898
9224
9556
9129
9280
8565
9044
9345
9631
8826
8296
8805
10061
9446
8582
9076
8801
8867
8826
8450
9821
9212
9794
9380
9055
9768
9672
9138
8837
9915
10276
9157
9962
8672
10052
9140
8935
9140
8834
8409
10456
10289
8494
9147
8735
8535
8677
10324
9612
8572
8736
10684
9082
9211
8660
9074
9519
9221
10010
9250
9282
8717
9718
8724
9162
10477
9318
8777
9254
8517
9111
8530
9529
10146
9125
9527
8682
8912
8907
10042
8391
9328
9653
9754
9034
9714
9165
8111
11188
9290
9460
9340
9283
9084
9266
8443
8987
9070
9281
8940
10055
10385
8214
8974
9645
8546
10045
8635
8290
8812
9230
9730
9086
9601
8808
9922
8869
9330
8602
9342
8535
8393
10484
9643
9104
9267
9345
10775
9982
8723
8570
9082
8384
8279
8488
8742
8815
8456
10577
9058
9778
10575
8619
8217
9663
8976
9180
10305
9039
9250
10099
8795
8390
9223
9620
8994
9326
9638
10973
9725
9255
8812
8770
9622
8901
8852
10362
9118
8684
9317
8648
9786
8683
8419
10124
9763
9289
9680
9246
9198
8935
9434
8886
9882
9038
9332
9247
8668
8822
8603
8322
9386
9389
9269
8391
8539
8897
9154
9438
8928
9830
9485
9174
8883
9278
9226
9117
9542
9420
8472
8073
8592
8824
9053
8863
9358
8450
8245
8898
9209
8420
8454
8819
8478
10091
8814
9211
8146
9226
9806
8642
9346
7882
8520
9171
9368
8694
8701
8438
9212
9400
10149
9249
9450
8418
8673
9076
8387
9385
8759
8266
9780
9410
10997
8063
8360
9904
8701
8072
8946
9074
8573
8780
8280
8742
8469
10368
9769
8484
8873
8976
8959
9917
9087
8431
9384
8992
9004
8398
9193
9008
9166
9053
8689
8590
8672
8341
8461
8538
8826
8138
9812
8426
8844
8681
7998
9577
8775
10786
8922
8115
8879
8048
8910
10193
8772
8256
9532
8650
8853
8906
8829
8802
8955
8081
8192
8329
8800
8628
8251
10104
10146
8197
9216
8332
10692
7907
9442
8787
8736
8347
8772
8924
9078
8600
9522
8410
9082
8121
8475
9151
9284
9262
9779
8557
8055
8173
8976
8600
9483
8498
10048
8105
8657
9678
8592
8801
8987
8238
8803
9128
8350
9412
8349
9330
9403
9153
8866
9480
8926
8206
9842
9398
8353
8712
9221
8758
9404
8822
8276
9503
8762
8695
8960
9345
8732
10068
9988
9236
8425
7992
8678
9167
8478
9004
8294
10123
8466
8818
9197
8620
8267
8725
8333
8648
8230
8954
8590
9864
9446
8469
9730
8318
8689
9392
8416
8301
9444
8229
9512
8651
8587
8158
9874
9997
8386
8444
8903
8185
8653
8716
8534
9217
9494
7739
8269
8966
10683
8427
8919
8493
8699
8854
9058
9743
8534
8751
8155
8648
8108
8943
8964
8343
8966
8443
8543
8722
9044
8295
9833
8722
9074
8506
8119
8978
9302
8426
8808
8187
9325
8843
10056
8780
8722
8932
10512
8971
8012
8735
8626
8533
7995
8667
9363
9128
8834
8269
8825
8684
9775
9669
8117
8595
9218
8709
8107
8244
8024
9637
8239
8849
8500
8827
8482
8407
8473
8707
8805
8183
