4616
4582
4427
4483
4392
5038
4326
4545
4534
4281
4669
4304
4194
4424
4292
4708
4529
4253
4676
4803
4208
4448
4252
4521
4726
4436
4669
4432
4455
4652
4651
4424
4239
4286
4404
4570
4256
4650
4461
4748
4496
4407
4371
4562
4884
4349
4717
4352
4838
4668
5229
4851
4956
4559
4673
4349
4585
4325
4365
4623
4415
4474
4757
4640
4443
4390
4626
4350
4807
4786
4645
4294
4674
4631
4732
4651
4570
4576
4537
4560
4820
4749
4792
4352
4655
4879
4720
4497
4851
4670
4682
4953
5086
4605
4425
4841
4433
4959
5064
4619
4869
4532
5050
4566
4806
4983
4617
4941
4603
4733
4943
4694
4974
4790
4854
4425
4630
5007
5029
4751
4882
4597
4843
4784
4992
4870
5204
4982
4645
4952
4725
4795
4925
4788
4672
4776
5113
5105
4939
4829
4948
4896
4783
4960
5103
4988
4940
5090
4802
4859
5215
4949
5220
4953
4600
5060
5230
5102
5277
4959
5383
4923
4838
4831
4857
5048
5460
4846
5257
4798
5079
5112
5081
4773
4925
4740
4955
5205
5223
5073
5128
5591
5189
4897
5215
5264
5196
5015
5374
5295
5300
5135
5200
5093
5055
5138
5038
5287
5274
5327
4933
4930
5483
5055
5118
5111
5230
5349
5495
5224
5367
5215
5478
5280
5183
4855
5412
4982
5346
5210
5535
5382
5354
5142
5653
5369
5238
5294
5063
5324
5110
5244
5443
5282
5223
5270
5252
5214
5401
5451
5494
5326
5275
5358
5532
5316
5563
5469
5326
5667
5323
5600
5581
5481
5413
5306
5226
5407
5673
5306
5359
5468
5243
5348
5153
5508
5212
5394
5655
5767
5712
5620
5768
5724
5234
5722
5768
5487
5465
5708
5688
5497
5886
5354
5734
5312
5464
5665
5422
5622
5594
5338
5574
5696
5790
5439
5653
5665
5643
5626
5756
5703
5435
5550
5469
5624
5528
5718
5755
5785
5806
6172
5921
5656
5658
5946
6112
5839
5967
5640
5997
5492
5834
5994
5784
5538
5842
5819
6031
5835
5793
5652
5567
5822
5591
5946
5823
5863
5787
5615
6162
5747
6088
5663
5848
5869
5970
5972
5849
6127
5727
5902
5868
5894
6049
6017
6035
6154
5784
6131
5707
5989
6017
5631
6123
5792
6033
5940
6174
5886
5796
5651
6312
6112
5912
5890
5934
5931
5764
5979
5780
6004
5776
6133
5920
6060
6085
5934
6294
5988
6204
6228
5995
6157
6441
6061
6132
6079
6201
6089
6323
6137
6031
6166
6363
6267
6186
6341
6070
6169
6449
6150
6348
6502
6165
6268
6340
6305
6323
6194
6521
6363
6175
6324
6419
6258
6210
5981
6148
6431
6197
6405
6383
6402
6336
6412
6637
6427
6475
6310
6463
6536
6339
6196
6670
6578
6441
6517
6436
6540
6581
6402
6335
6589
6478
6893
6338
6422
6733
6421
6368
6650
6530
6687
6546
6995
6665
6652
6505
6640
6748
6868
6574
6966
7118
6640
6832
6574
6906
6503
6440
6443
6680
6864
6715
6559
6991
6527
6727
6783
6690
6693
6562
6569
6879
6881
7089
6986
6757
6690
7066
6996
6739
6800
7061
6951
7092
6587
6814
6722
6649
6696
6924
7046
6898
7022
7079
7036
6688
6849
7215
6847
7074
6909
6889
7244
7060
7053
6894
7064
7039
6845
7070
6943
7059
7241
6938
7451
6941
7232
7049
7405
7367
7305
7412
6847
7517
7074
7020
7167
7185
7327
7246
7202
7520
7101
7431
7262
7172
7761
7098
7365
7253
7357
7269
7443
7639
7011
7312
7149
7113
7090
7126
7332
6963
7634
7557
7354
7254
7475
7459
7446
7302
7320
7168
7636
7620
7818
7616
7439
7378
7496
7332
7234
7257
7304
7500
7316
7467
7514
7493
7369
7391
7922
7718
7482
7424
7383
7598
7521
7329
7508
7696
7437
7531
7867
7624
7706
7536
7868
7522
7770
8100
7476
7614
7595
7341
7660
7816
7490
7515
7665
7516
7590
8153
7414
7928
7704
7763
7961
7711
7801
7655
8052
8237
8085
8329
7829
7821
7949
8363
7814
7772
7841
7963
7870
8272
8011
8221
8069
7893
7997
8100
8235
8038
7944
8027
8164
8119
8050
8154
8179
8132
8375
8212
8017
7933
8222
7979
8548
8048
8061
7915
8127
7924
8099
8162
8061
8307
8468
8287
8301
8326
8476
8259
8231
8420
8159
8456
8184
8534
8687
8040
8161
8162
8238
8193
8267
8312
8512
8164
8394
8420
8441
8757
8192
8285
8643
8627
8519
8615
8755
8777
8432
8890
8455
8618
8360
8709
8519
8658
8719
8394
8537
8801
8695
8771
8581
8939
8874
8662
8671
8353
8624
8750
8745
8436
8285
8615
8983
8963
8570
8898
9051
8782
8629
8811
8758
9176
8946
8994
8631
8889
9142
8590
9026
8894
9039
8772
8813
8771
8983
8774
9047
9045
8948
9074
9123
9309
9037
9035
9324
9418
9288
9025
9666
8752
9000
8791
9215
9014
9210
9090
9337
9071
9170
9122
9000
9207
8837
9577
9175
9034
9234
9226
9502
9259
9329
9115
9536
9235
9172
9658
9384
9398
9529
9246
9283
9268
9548
9320
9993
9332
9318
9348
9488
9477
9511
9601
9714
9428
9288
9868
9429
9441
9250
9716
9707
9544
9199
9579
10083
9684
9530
9479
9674
9846
9594
9841
10037
9634
9550
9743
9673
9382
10025
9772
9725
10082
9770
10069
10212
9956
9497
9808
9862
10244
9921
9770
9739
9484
9692
9886
9758
9616
10120
10007
9698
10020
9861
10180
10094
9853
9848
9882
10169
9859
9932
9930
9422
9821
9930
9842
9787
9805
9604
9979
10127
10022
9814
10091
10142
10309
9801
10074
10690
10260
9846
10474
10237
10774
9908
10535
10425
10258
9995
10504
10195
10004
10185
10377
10192
10196
10566
10412
10486
10110
10167
10634
10454
10432
10216
10533
10694
10446
10458
10252
10242
10665
10157
10543
10674
10784
10799
10807
10497
10802
10416
10613
10607
10664
10286
10723
10645
10608
10558
10811
10330
10644
10555
10466
10810
10642
10881
11250
11025
10801
10762
10679
11093
10870
10470
10902
10984
11112
10959
10681
10481
10630
10501
10613
10701
10877
10858
10944
10666
10868
10802
11058
10974
10832
10746
11040
10796
11186
10684
10862
10709
10638
10758
11053
11206
11098
11093
11648
11000
11088
10907
11130
11230
11257
11380
11242
11144
10724
10868
11081
10831
11624
11425
11177
11311
10983
11508
11242
11174
11191
11558
11481
11084
11414
11177
11290
11267
11442
11133
11184
11145
11183
11405
11392
11351
11920
11437
11376
11652
11791
11553
11610
11792
11613
11809
11545
11651
11735
11915
12277
11957
11599
11907
11537
12117
11372
11951
11776
11520
11693
11463
11343
12100
11764
11501
11431
11090
11591
11608
11277
11397
11545
11644
11913
11654
11796
11743
12066
12282
12506
11895
11853
11865
12218
12074
11881
12110
11746
11898
11915
11922
11567
11387
11148
10383
10418
9796
9739
9465
9163
9415
9950
10191
10549
10792
11296
11880
11823
12440
12480
12245
12770
12581
12270
12432
12371
12296
12490
12571
12650
12567
12555
12510
12394
12328
12929
12884
12292
12461
12188
12653
12420
12622
12496
12290
12129
12398
12337
12289
12319
12720
12510
12654
12487
12631
12608
13176
12776
12233
12869
12661
12563
12986
13000
12647
12638
12750
12904
12459
12960
12311
13026
12427
12782
12599
12315
12870
12644
12943
12766
12713
12756
12676
12850
12645
13047
12838
12814
12591
13221
12886
12669
13275
12842
13169
13170
13141
13773
13040
12855
12731
12873
13179
13165
12953
13141
12861
13007
13296
12834
12692
13216
13030
13339
13021
13058
13277
13037
13306
13081
13218
13045
13342
13110
13414
13483
13361
13549
13796
13691
13173
13472
13816
13416
13403
13543
13358
13202
13479
13784
13628
13350
13527
13507
13621
13538
13614
13701
13579
13609
13859
13540
13620
13865
13815
13473
13861
13800
13428
13577
12751
12946
12606
13059
12670
12908
13045
13243
13655
14057
13669
13778
13690
13555
13691
13705
13405
13672
13699
14017
14258
13674
13946
13568
14020
14550
14205
13778
13976
14301
14185
14218
14101
13901
14012
14162
14067
13902
14123
13753
14073
14313
13996
13844
13882
14144
14040
14001
14119
13955
14117
13747
14180
14091
13968
14386
14507
14331
14511
14137
14365
14339
14426
14401
14068
14372
14494
14624
14230
14775
14232
14742
14528
14635
14569
14502
14378
14525
14414
14474
14686
14304
14543
14429
14646
14575
14150
14477
14729
14844
14640
14714
14723
14634
14557
14845
14308
14537
14350
15325
14844
14917
14734
14832
14722
14458
14955
15029
14917
14899
15019
15028
14331
14984
15138
14862
14603
15223
14835
14784
14634
15010
14704
14903
15031
15339
14720
15146
15208
14864
15062
14868
15257
14858
15199
14849
15477
15045
14810
15282
15091
15170
15069
15446
15360
15064
15477
15278
15124
14996
15062
14938
15323
14971
15124
15403
15593
15598
15270
15080
15119
15375
15298
15324
15396
15279
15096
15243
15392
15186
15215
15189
15492
15291
15432
15495
15250
15357
14969
15113
15154
14949
14946
15346
15210
15300
15238
15606
15440
15801
15323
15347
15325
15579
15744
15580
15408
15195
15082
15453
15648
15424
15270
15316
15298
14678
15046
15501
15597
15542
15628
15707
15403
15248
15701
15715
15760
15350
15829
15543
15644
15643
15872
15597
15474
15545
15994
15700
15892
15561
16003
16090
15912
15882
15844
15885
15913
15856
16056
16161
15748
16232
16091
15828
15656
15773
15979
15967
16212
16089
16098
15935
15717
16253
15931
15770
16229
16041
15588
16342
15716
16150
15860
16246
15853
16302
16116
16130
15904
16344
16104
15993
16305
16297
16261
16247
15857
15900
16217
15808
16298
16322
15918
16228
16214
16015
16182
16377
16420
16380
16726
16166
16075
16555
16345
16380
16354
16662
16404
16468
16371
16289
16309
16192
16059
16124
16221
16437
16074
16644
16406
16476
16292
16164
15843
16570
16365
16674
16628
16481
16372
16560
16351
16461
16323
16489
16450
16300
16255
16808
16378
16512
16273
16421
16592
16304
16503
16374
16806
16924
16587
16540
16538
16913
16982
16373
16478
16923
16592
16910
16640
16746
16962
16546
16830
16449
16748
16779
16738
16602
16697
16454
16631
16406
16849
16808
16628
16961
16443
16464
16723
16600
16789
16710
17002
16933
16789
16976
16920
16874
17421
17079
17008
16820
17284
16759
16733
16961
16779
17148
17000
16848
16722
17177
16700
16732
16914
17097
16908
17001
16836
16860
16628
17360
17031
16948
16833
16859
17286
17176
16910
17207
17028
17120
16948
16802
16516
16734
16435
16890
16422
16350
16658
16591
16846
17194
16972
17705
17234
17632
17053
17195
17140
16946
17174
17426
17478
17690
17113
17361
17472
16956
17169
17459
17284
17306
17245
17110
17630
17418
17117
17461
17366
17332
17342
17404
17213
17133
17302
17849
17408
16628
16797
16941
16982
17332
17418
17066
17174
17350
17055
17536
17618
17156
17113
17696
17506
17185
17336
17367
17775
17267
17568
17569
17736
17385
17428
17417
17150
17472
17180
17452
17006
17750
17724
17310
17417
17502
17700
17517
17606
17526
17406
17644
17453
17756
17409
17438
17721
17834
17280
17317
17216
17205
16932
17481
17616
17327
17229
17694
17789
18036
17281
17519
17398
17214
17952
17372
17600
17691
17826
17804
17132
17572
17830
17443
17483
17588
17390
17415
17194
17970
17532
17716
17677
17816
17540
17636
17460
17384
17784
17600
17300
17402
17564
17696
17845
17608
17674
17632
17263
17868
17340
17602
17658
17672
17778
17777
17811
17912
17429
17579
17865
17959
17605
17921
17645
18110
17409
17549
17814
17874
17870
18143
17877
17649
17339
17561
17642
17960
17871
17287
17852
17744
17653
18020
18322
17784
18011
18140
17540
18020
17699
17836
17780
17544
17724
17516
17664
17561
17836
17626
18008
17577
17501
17685
17878
17579
17825
17547
17724
17910
17592
17745
17477
17793
17528
17422
17792
17677
17464
17828
17664
17568
17585
18100
17588
17536
17697
17716
17674
17550
17529
17625
17702
17524
17643
17140
17528
17293
17469
17358
17565
17798
17388
17968
17638
18060
17339
17883
18070
17568
17370
17564
17977
17878
17546
17625
17540
17326
17655
17328
17077
17372
17434
17445
17877
17622
17386
17181
17096
17390
17245
17301
17764
17602
17399
17878
17549
17162
17510
17422
17816
17725
17590
17692
17372
17706
17645
17562
17808
17608
17739
17474
17776
17801
17651
17943
17086
17618
17458
17797
17754
17697
17517
17321
17309
17451
17201
17515
17252
17381
17596
17304
16940
17001
17400
17377
16868
17163
17453
17401
16913
17375
17287
17333
17389
17219
17356
17114
17697
17321
17613
17531
17036
17188
16932
16749
16399
16738
16873
16650
16878
16884
16686
17165
17206
17732
16955
17684
17448
17098
17380
16957
16940
16914
17020
17273
17664
16992
17529
17118
17106
17645
17337
17196
17220
16586
16909
17039
17131
17320
16859
16960
16704
16852
16698
17309
16802
16733
16574
17017
16922
17236
16596
16749
16640
16966
16976
16816
16783
16726
16923
17024
16748
16502
16672
16477
16985
17050
16513
17124
17058
16789
16310
16605
16466
16458
16246
16242
15941
16732
16612
16465
16934
16719
16586
16677
16303
16642
16942
16119
16514
16323
16263
16444
16315
16377
16618
16654
16529
16217
16855
16581
16201
16888
16043
16210
16656
16292
16199
16384
16347
16395
16466
16048
16429
16350
16160
16027
16319
16826
16326
16250
16334
16081
16533
16533
16282
16230
16262
16208
16732
16081
16401
16302
16618
16268
16205
16090
16119
15933
16256
16806
15895
16407
15936
15962
15930
16537
16563
15855
16238
15749
16323
16276
15842
16028
15874
15777
16045
15662
15574
15922
15641
15688
15805
16085
16228
15809
15365
15926
16175
16149
15633
16048
15702
15961
15732
15680
15935
15739
15989
15434
15821
15620
15780
15992
15921
15587
16022
15816
15886
15735
15441
15570
15567
15520
15636
15215
15732
15605
15558
16066
15820
15638
15385
15402
15628
15739
15780
15653
15475
15610
16205
15675
15749
15464
15446
15640
15462
15486
15634
15259
15791
15470
15704
15546
15570
15450
15492
15348
15588
15291
15343
15418
15880
15218
15528
14963
15522
15666
15439
15562
15426
15633
15322
15631
15471
15053
15382
15471
15412
15611
15278
15464
15611
15010
15312
15256
15134
15528
15447
15342
15422
15933
15773
15410
15830
15276
15439
15691
15588
15770
15670
15318
15781
15655
15658
15219
15517
15325
15969
15470
15422
15709
15533
15707
15532
15616
15170
15453
15723
15490
15577
16036
15688
15944
15511
15647
15564
15520
15437
15430
15863
15816
15498
15606
15380
15428
15430
15248
15432
15710
15662
15169
15574
15452
15724
15888
15446
15609
15933
15534
15623
15796
15586
15717
16125
15413
16194
15484
15611
15653
16043
15497
15714
15638
15761
15852
16154
15900
15950
15962
16028
16025
15565
15942
15981
16202
16232
16366
16214
16053
15993
16459
16265
16029
15832
16253
16450
15915
16155
16055
16283
16237
16154
16266
16445
16597
16284
16364
16790
16212
16542
16136
16248
16124
16258
16610
16369
16095
16335
16832
16224
16388
16603
16396
16788
16204
16728
16896
16685
16337
16644
16578
16532
16808
16340
16607
16772
16756
16441
17001
16728
16863
16700
17058
17021
16952
17316
17121
17461
17256
17143
17709
17182
17545
17965
17544
17367
17664
17597
17845
17445
17946
17876
17255
16978
17552
16861
17300
17775
17472
17572
18048
17945
17789
17884
17970
18130
18294
18312
18552
18509
18760
18705
18639
18125
18944
18460
18476
18758
18700
18582
18661
18903
19038
18884
18776
19048
18775
19161
19301
19175
18682
19194
19437
19396
19455
19494
19244
20074
19971
19829
20109
19703
19884
19470
20006
20437
20086
19698
20726
20038
20530
19528
20324
20091
20110
20165
20431
19916
19725
19726
19934
20380
20551
20746
20873
20800
21396
20864
21402
21502
21030
21034
21688
21346
21764
21975
21556
22235
22174
21876
21958
22305
21686
22162
22144
21956
22218
22154
22550
22372
22364
22496
22765
22961
22626
23159
22646
23212
22944
23362
23047
23693
24178
23448
23469
23440
23776
23885
23920
23994
24546
24308
24317
24367
24588
24797
24653
24623
24957
24756
24974
24770
24969
25152
25413
25448
25447
25841
25462
25866
26126
25823
26028
26196
26016
25938
26713
26236
26746
26523
26276
26812
27229
26820
27368
27567
27219
27402
27776
27701
27572
28446
27853
27862
27964
28160
28260
28299
28825
28456
28421
28525
28928
29570
29628
29322
29446
29386
29900
29898
29499
30186
30196
30204
30034
30298
30313
30065
30708
30635
30359
30492
30732
31244
30921
31117
31154
31732
31821
31484
31540
31861
31835
32350
32384
32125
32722
32576
32613
32463
32788
32629
32375
32900
32880
33060
33677
33143
33559
33494
33913
33636
34072
33898
34094
33836
34836
34497
34437
34783
35072
35328
35076
35450
35480
35316
35547
35460
35798
36104
35947
36218
36106
36363
36490
36297
36116
36881
36836
37391
37037
37430
37547
37156
37565
37525
36716
37069
36765
36334
36276
35914
35562
36047
36912
37508
37962
38196
38797
39049
39369
39480
39399
39786
39666
39630
40240
39888
39781
40016
39434
40075
40549
40192
40247
40612
40804
40617
40997
40728
41273
40708
41307
41600
41764
41637
41868
41762
42200
42192
42420
42304
42923
42536
42276
42340
42217
42212
42899
42373
43050
42637
42916
42346
43048
43082
43176
42938
43074
43053
43192
43431
43206
43770
43392
43692
43474
44141
43868
43868
44096
44057
44160
44340
44428
43520
44787
44442
44160
45042
44588
44237
45028
44601
44836
44805
44506
44667
45412
45226
45444
44694
45062
45210
45572
45432
45354
45665
45538
45480
45296
45350
45551
46244
46317
46261
45440
45979
46105
45461
45588
45496
45515
45674
46107
45764
46336
46045
46231
46620
46210
45954
47024
46889
46485
46464
46872
46730
46360
46122
46376
46704
46276
46584
46445
46762
46891
46286
46485
46864
46219
46702
46425
46796
46656
46508
46729
46496
46101
46633
46260
46133
46642
46464
46185
46337
46581
46084
46492
45650
46006
46393
46294
46178
46516
46324
46420
46076
46464
46052
46097
46269
46010
45741
45810
46157
46160
46692
45786
46232
45914
45871
45958
45502
45336
45380
45471
44792
45556
45411
45469
45242
45337
45312
45248
45142
45027
44872
45745
44738
45220
44808
44608
45066
44416
44562
44394
44673
44932
44344
44982
43621
43950
43336
43818
43244
43967
43848
43961
43174
44324
43780
42989
42717
42727
42487
42380
42521
42060
41744
42013
42600
41987
42397
42076
41636
41925
41547
41693
41525
41418
40820
41399
41290
40685
40877
39837
39512
39634
39466
39780
39604
39386
39168
39370
39604
39844
39492
40152
40630
39516
39861
39360
39064
39082
39300
38960
39527
38804
38372
38667
38362
38326
38736
37947
37646
38184
37755
38176
37966
37330
37144
37048
37284
36664
36582
36856
36651
36408
36474
35659
35730
36331
35599
35601
35478
35424
35226
35284
34524
34605
34348
34632
33989
34358
34248
33481
33611
33492
33766
33444
32814
33052
32932
32872
32571
32301
31838
31209
30792
30947
30985
31130
30984
31211
30976
30578
30330
30866
30358
30381
30169
29374
29202
29538
29128
29126
29228
29147
29446
28842
28585
28452
28469
28458
28111
28312
27333
27516
28021
27503
27499
27200
27366
26710
26816
26516
26153
26296
26076
25946
25535
26047
25652
25709
25467
25535
24850
24699
24726
24689
24495
24317
24356
23780
23769
23263
23308
23486
23056
22892
23135
22988
22746
23492
22324
22429
22525
22136
21996
22123
21800
21834
21376
21725
21003
20992
20798
20662
20896
20289
20166
20358
19681
19763
19694
19738
19427
19348
19319
18882
18650
18658
18722
18536
18747
18386
18263
18406
17774
17928
17664
17980
17468
17419
17028
17130
16752
16970
16762
16356
16266
16312
16095
16127
16018
15676
15812
15915
15302
15656
14920
14873
14805
14922
15034
14469
14506
14875
14698
14644
14665
14314
14196
14001
13986
14203
13824
13860
13526
13618
13380
13523
13407
13224
13098
12891
12641
12702
12937
12791
12457
12412
12362
12316
11873
11968
11836
11746
11758
12050
11581
12048
11884
11833
11160
11473
11363
11241
11022
11059
11165
11041
11094
10724
10827
10377
10850
10661
10692
10369
10148
10188
9992
10340
9995
10058
9873
9665
9821
9664
9508
9378
9518
9761
9632
9370
9033
9404
9265
9178
9033
9126
8898
9029
8922
8736
9060
8841
8710
8728
8674
8574
8070
8580
8550
8366
7977
8225
8374
8224
8249
8150
7915
7895
8010
8500
8055
8149
7538
7775
7730
7521
7625
7801
7615
7301
7566
7824
7179
7499
7370
7465
7472
7516
7019
7228
7282
7600
7171
7343
7394
7186
7016
7106
6867
6736
6763
6684
6902
6690
6716
6566
6728
6915
6977
6765
6421
6723
6337
6714
6491
6382
6459
6457
6706
6372
6581
6589
6400
6174
6392
6353
6397
6442
6476
6057
6145
6004
6205
6274
6023
6185
5945
6156
6170
6071
6031
5861
5945
6254
6024
5653
6104
5893
5925
6192
5874
5906
5855
5793
5731
5922
5575
5895
5773
5428
5817
5938
5498
5623
5605
5718
5632
5561
5436
5368
5575
5536
5502
5592
5256
5338
5216
5467
5388
5264
5545
5618
5505
5316
5319
5788
5337
5437
5314
5187
5113
5213
5393
5149
5074
5298
4891
5329
5280
5516
5059
5260
5186
4964
5115
5031
5150
4928
5131
5053
4768
5080
4721
4946
5175
5115
4822
5103
5211
4731
5044
4879
5212
5062
4818
4888
4823
4814
4772
4895
5134
4978
4780
4736
4704
4744
5001
4644
4696
4866
4741
4703
4859
4608
4695
4491
4876
4840
4605
4828
4663
5075
4778
4810
4683
4755
4610
4463
4550
4934
4661
4961
4604
4868
4555
4955
4660
4746
4485
4537
4253
4843
4549
4560
4625
4366
4624
4700
4477
4452
4397
4480
4394
4337
4666
4385
4276
5052
4858
4436
4436
4753
4554
4475
4405
4342
4466
4840
4359
4347
4569
4537
4506
4260
4380
4699
4394
4406
4256
4369
4273
4516
4406
4344
4373
4369
4356
4061
4349
4374
4385
4406
4325
4509
4132
4255
4272
4212
4483
4685
4490
4673
3994
4123
4337
4196
4270
4406
4296
4530
4211
4740
4533
4137
4506
4696
4211
4089
4449
4479
4141
4374
4266
4294
4330
4285
4652
4185
4087
4020
4465
4372
4157
4087
4372
4215
4324
4438
4149
4216
4099
4096
3898
4160
4869
4115
4396
4023
4085
4317
4000
4076
4270
4315
4138
4142
4277
3944
4303
4253
4105
4357
4087
4217
4174
4104
4289
4206
4132
4279
4153
4189
4011
4384
4515
3823
3897
4010
4409
4216
4211
3949
4054
4017
3723
3932
4055
4273
4108
4076
4072
4119
4211
3753
4280
4079
4253
3846
4036
3943
4139
3897
3834
4157
3866
4413
4019
4158
3825
4415
4092
4210
3731
3919
4253
4140
3841
4060
3746
4077
4048
4210
4107
4086
3948
4111
3838
3845
3790
3969
3830
3588
4052
4184
3981
4156
3976
4074
3806
3966
4215
3733
3955
4108
3915
3704
3917
3949
3986
3776
3709
3748
3897
3795
3844
3836
4100
3852
3956
