7342
7235
6759
7071
7082
7674
6846
7023
7144
6955
7340
6960
6987
6942
6875
7348
7437
6995
7614
7540
7002
7036
7030
7156
7502
7114
7417
7010
7082
7270
7329
7124
6983
7080
6906
7372
7101
7578
7205
7449
7281
7278
7273
7465
7648
7305
7673
7190
7419
7688
7960
7800
7868
7402
7359
7529
7330
7373
7287
7442
7329
7261
7697
7773
7413
7359
7531
7317
7749
7479
7716
7191
7448
7475
7776
7563
7770
7689
7666
7487
7772
7572
7911
7630
7789
7801
7706
7555
7775
8047
7809
7869
8050
7949
7764
7642
7620
8010
8175
7614
7884
7653
8111
7653
7975
7989
7838
8301
7798
7891
8013
7808
8147
8013
7962
7766
7937
8238
8407
8250
8100
8203
8162
8360
8238
8408
8543
8192
7901
8265
7943
7943
8297
8196
8428
8160
8590
8494
8302
8185
8260
8435
8183
8373
8659
8609
8359
8368
8612
8269
8739
8334
8741
8167
8181
8485
8586
8539
8720
8532
8984
8381
8475
8413
8378
8872
9052
8234
8796
8316
8628
8604
8636
8329
8590
8220
8692
8850
8814
8650
8814
9073
8841
8626
9196
9120
8678
8684
9052
8821
8965
8859
8991
8814
8855
9046
8712
8951
8842
9301
8607
8939
9182
9127
8716
8978
9026
9086
9344
9014
9097
9118
9492
9164
8963
8853
9244
9145
9284
9214
9332
8952
9362
8911
9626
9495
9231
9101
9149
9503
8916
9113
9442
9428
9154
9388
9472
9049
9555
9299
9814
9486
9355
9297
9918
9436
9631
9562
9512
9872
9385
9741
9680
9691
9594
9548
9472
9766
9725
9464
9650
9621
9414
9862
9493
9884
9590
9532
9949
10043
10327
10192
10057
10167
9691
9943
10253
9920
9844
10146
10080
9932
10095
9849
10273
9691
9740
10062
10184
9964
9823
9848
9972
9917
10464
10063
10158
10164
10139
10228
10159
10372
9957
9922
10077
10259
10034
10253
10350
10437
10582
10745
10639
10228
10169
10565
10670
10438
10893
10347
10702
10167
10449
10503
10591
10410
10953
10567
10525
10814
10584
10347
10205
10357
10414
10760
10705
10316
10478
10699
10676
10723
10758
10811
10740
10658
10932
10606
10621
10615
10680
10570
10613
10428
11073
10818
10966
10980
10737
10935
10754
11035
11097
10621
10912
10828
11112
10863
11071
11005
10989
10874
11225
11156
10963
11030
11135
11000
11024
11173
10746
11447
11013
11255
11163
11374
11453
11101
11349
11403
11078
11523
11105
11154
11416
11170
11782
11197
11534
11343
11401
11619
11501
11961
11534
11344
11831
12029
11453
11800
11557
11439
11593
11771
11633
12037
11691
11868
11788
11926
12133
11946
11808
11954
11793
11881
11834
11473
11675
12089
11829
11723
12036
11892
12289
11984
12292
12200
12141
12105
12145
12191
12149
11709
12387
12238
12203
12128
12034
12030
12121
12216
12211
12424
12595
12925
12283
12156
12609
12373
12436
12349
12416
12423
12400
12927
12578
12732
12582
12566
12785
12563
12532
12728
13119
12853
13012
12747
13136
12373
12559
12664
12852
13127
12774
12393
13110
12929
12837
13046
13155
12880
12690
12778
12948
13284
13368
13360
12958
12914
13620
13250
13203
13101
13456
13013
13396
12924
13073
12794
13094
13595
13383
13542
13322
13523
13556
13476
13116
13365
13798
13309
13350
13039
13277
13878
13701
13636
13706
13743
13596
13905
13727
13901
13474
13999
13609
14131
13612
13993
13643
13944
13944
13945
14021
13532
13921
13713
13792
14053
13848
14199
13910
13882
14468
14132
14194
14062
14047
14564
13956
14180
13972
14341
14338
14424
14611
13824
14360
14278
14346
14370
14242
14491
14187
14945
14678
14501
14500
14656
14800
14745
14576
14575
14400
14618
14382
15204
14822
14671
14743
14755
14592
14556
14460
14565
15079
14685
14817
14884
14735
14665
14881
15415
14938
15126
14811
15030
14830
15091
15059
14908
15206
14997
14992
15438
14853
15381
15291
15223
14991
15205
15467
15403
15032
15419
14989
15116
15330
15053
14637
14318
14490
14811
15545
14666
15201
15263
15300
15440
15386
15449
15468
15770
16116
16205
16074
15858
15772
15683
15954
15839
15808
15733
15668
15595
16122
15727
16008
15986
16246
16002
16272
16264
16047
16062
15887
16125
16229
16212
16121
15914
16290
16541
16309
16110
16297
16238
15881
16688
16394
16188
16009
16285
16381
16004
16480
16327
16413
16640
16776
16560
16526
16666
16744
16846
16448
17064
16677
16916
16541
16861
16244
16132
16360
16411
16587
16832
16408
16859
16692
16484
16671
17293
17305
16820
16476
17049
17400
17378
17327
17072
17460
17046
17525
16919
17026
16755
17141
16775
17536
17423
17619
17078
17428
17298
17570
17224
17336
17336
17762
17453
17125
17479
17447
17716
17578
17330
17640
17576
17881
17602
17736
17965
17728
17810
17659
17835
17766
18073
17624
17797
17768
17909
17604
17788
17751
18189
18182
17983
17938
17580
17649
17880
18034
18347
18036
18068
18400
18465
18400
18340
18464
18418
18251
18664
18286
18098
17925
18510
18423
18346
18551
18551
18348
18228
18259
17924
18756
18226
18732
18572
18246
18426
18574
18718
18581
18328
18970
18947
18226
18336
18819
18500
18790
18698
18835
18824
18409
19153
18853
19546
18948
18828
18608
18830
19080
18846
19013
18906
18880
18805
19039
18964
18991
18630
19181
18849
19065
18669
18995
19377
19336
18925
19109
19242
19418
19163
19403
19681
19112
19108
19116
19338
18898
19933
19162
19446
19526
19405
19612
19943
19493
19128
19544
19560
19880
20334
19536
19575
19394
19322
19772
19488
19586
19935
19699
19557
19593
19782
19818
20162
19611
19627
19463
19977
19588
19588
19672
19158
19162
19580
19449
19332
19282
18905
19547
19613
19456
19736
20113
20096
20233
19940
20147
20805
20008
19940
20174
20048
20697
20081
20259
20226
20472
20058
20113
20040
20274
20427
20473
20367
20327
20686
20445
20497
19982
20225
20527
20192
20395
20124
20399
20677
20229
20667
20180
20191
20745
20107
20283
20686
20536
21089
20701
20608
20620
20370
20615
20427
20441
20278
20260
20454
20364
20210
20485
20402
20694
20269
20497
20850
20840
20666
20992
20777
20951
20518
20513
21323
20710
20608
20718
21002
21111
21200
20520
20544
21004
20579
20615
20666
20619
20436
20727
20742
20609
20618
21022
21052
20507
20833
21220
20669
21005
20786
20884
21046
20619
20709
20730
21420
20765
20834
21288
20585
20748
20844
21094
20985
21032
20952
20691
20805
20808
20826
20866
20551
21034
21051
21081
21188
21174
20932
21343
20829
21097
21321
20761
20848
21421
21400
21083
20955
20570
20557
20496
20434
20410
20196
20708
20558
21353
21159
21030
20948
21245
20768
21172
21029
21282
20796
20623
20708
21048
20966
21210
21748
21072
20763
21215
21162
20791
21380
21116
21056
20904
20560
20507
20714
20260
20687
20155
20285
20000
19750
19712
19901
19969
19918
20532
20360
20581
20637
20919
20928
21257
20710
20710
20804
20672
20594
20405
20919
20114
20197
20228
20044
19435
18913
18293
17230
16654
15846
15272
15320
15141
15191
16146
17222
17941
18712
19677
20431
20092
21209
20797
21099
21214
20763
20637
20380
20262
20508
20500
20758
20585
20665
20500
20556
20480
20098
20748
20468
20133
20325
19649
20326
19707
20204
19725
19512
19460
19766
19434
19793
19450
20019
19832
19944
20035
19755
19750
20278
19946
19686
19935
20178
19510
19524
19526
19433
19358
19356
19290
18843
19483
18776
19456
18936
19121
19310
18618
19195
19147
19268
19215
18838
18712
18948
19050
18618
18688
18434
18733
18616
18936
18496
18841
18973
18536
18968
18784
18761
18626
18333
18560
17828
18198
18594
18474
18466
18157
17892
18054
17920
18191
18026
18091
18338
18190
18204
17885
18245
17810
17677
17677
17724
18281
17874
17988
17967
17821
17856
17771
17956
17806
17406
17865
17711
17885
17476
17624
17445
17425
17408
17801
17394
17464
17024
17380
17547
17136
17092
17071
17025
17378
17152
17092
16974
17370
17429
16844
16838
16813
15828
15541
15107
14967
15094
15366
15274
15998
16138
15929
16432
16458
16167
16668
16225
16058
16280
16179
15733
16248
16000
16363
16190
15533
15713
15737
15805
15736
15967
15555
15560
15944
15616
15282
15829
15416
15170
15181
15350
14996
15088
14837
15072
15259
14870
14705
14751
15076
14570
14550
14676
14439
15029
14401
14755
14748
14736
14559
14626
14195
14706
14327
14735
14259
14039
14359
13875
14287
14040
14328
13960
14286
13670
14517
13797
14170
14154
13762
13595
13649
13560
13640
13727
13728
13234
13474
13386
13570
13070
13153
13867
13446
13428
13446
13139
13197
12820
12989
12599
12810
12582
13138
12853
12896
12761
12668
13061
12538
12751
12921
12680
12501
12861
12355
11973
12491
12558
12288
12170
12362
11965
12356
12120
11867
12068
11776
11894
12011
11712
11718
11981
11579
11684
11579
11921
11568
11684
11385
11642
11424
11327
11669
11124
11486
11231
11076
11003
11136
11201
11325
10795
10882
10697
10576
11243
10586
10653
10491
11121
10958
10408
10435
10583
10729
10635
10632
10416
10102
10246
10251
10636
10254
10247
10067
10180
9914
9956
9938
9707
9580
9320
9678
9727
9932
9601
9699
9522
9619
9643
9529
9696
9558
9594
9357
9447
9018
9532
9368
9215
8744
9040
8809
9253
8798
8853
9106
8734
8762
8564
8965
8753
8836
8555
8832
8569
8506
8655
8528
8572
8258
8540
8437
8461
8456
8450
8144
8196
8079
8362
8028
8324
8200
8154
8222
7926
8271
8265
7807
8071
7787
8153
8127
7703
7744
7651
7701
7611
7510
7522
7563
7829
8068
7725
7489
7418
7806
7387
7234
7293
7544
7325
7321
6895
7300
7178
7322
7011
7377
7318
7066
6852
7089
6883
6933
6698
6789
7172
6846
6739
6510
6973
6509
6716
6652
6475
6446
6928
6387
6452
6288
6821
6462
6803
6520
6316
6622
6428
6272
6262
6523
6142
6356
6122
6144
5971
6207
6072
5802
5925
6001
6002
6131
6200
5821
5981
6032
5715
5947
6111
5997
5989
5826
5715
5903
5554
5645
5732
5796
5873
5732
5397
5987
5401
5616
5503
5180
5602
5455
5392
5446
5480
5603
5388
5465
5544
5387
5618
5110
5153
5537
5339
5341
5261
5352
5192
5103
5361
4914
5165
5236
5325
5064
5062
5104
4916
4923
5142
5172
4895
4974
4762
4680
4567
4905
4818
4704
4870
4940
4777
4918
4703
4790
4816
4736
4855
4747
5010
4848
4909
4667
4594
4850
4659
4697
4598
4938
4604
4439
4786
4722
4617
4725
4562
4673
4313
4687
4555
4441
4571
4458
4592
4457
4598
4711
4554
4481
4405
4437
4252
4307
4617
4423
4288
4282
4298
4309
4159
4456
4357
4776
4194
4552
4145
4508
4355
4316
4348
4422
4347
4529
4318
4373
4254
4268
4322
4279
4175
4081
4310
3970
4521
4136
4158
4303
4203
4107
4219
4205
4097
4152
3977
4247
4317
4018
3901
4054
4051
3998
4556
3975
3878
3902
3973
4158
4204
3870
4019
4194
4193
3817
4254
4192
4448
4180
4144
4203
4178
3988
4171
3963
4132
4076
3854
4063
3910
4422
3945
4061
4016
4125
4110
3971
4136
4082
4142
3938
3978
4189
4063
3913
4253
4027
3902
4017
3721
3813
3694
3980
4014
3976
4052
4074
4157
4198
3772
4040
3960
3920
4207
3936
4003
3991
4069
4085
3904
4022
4074
4022
3786
4133
3986
3724
3860
4097
3807
4047
4109
3887
3945
4088
4078
3865
4307
3905
3918
3935
3980
4048
4290
4027
4230
4465
3891
4220
4084
3881
4114
3857
3835
3860
4080
3956
3734
4008
4214
4194
3984
4110
4028
4265
3702
3992
4033
4263
4208
4278
4051
3841
3844
3957
3878
4038
3966
3664
4011
3971
3937
4292
4248
4087
4027
4168
3824
4024
3749
4132
3988
3933
3756
3928
4023
4208
3874
3919
4190
3988
3983
4062
4207
3990
3843
4097
3933
4189
3908
4160
4020
3935
4044
3793
4166
3958
4126
4286
4121
3999
3959
4445
3941
3847
4041
4260
4212
3987
3883
3784
4062
3978
4057
3888
3925
3773
3949
3837
4052
4242
3829
4172
3921
4309
3915
4063
4313
4045
3690
4013
4234
4197
4012
4141
4115
3941
4420
4003
3844
3936
3867
3948
4257
3975
4168
4011
3926
3885
3929
4049
4247
4570
3747
4167
3973
3985
4120
4095
4295
4256
3996
4352
4145
4031
4326
4072
4225
4356
4217
4073
4200
3859
4089
4527
3881
4276
4026
4472
4462
4394
4258
3965
3989
4343
4204
4391
4238
4278
4189
4087
3972
4078
4140
4144
4179
4261
4329
4212
3963
4153
4261
4219
4194
4089
4209
3854
4547
4058
4328
4246
4019
4458
4475
4309
4041
4169
4297
4224
4266
4139
4066
4184
4044
4452
4105
4419
4425
4302
4325
3914
4042
4130
4257
4221
4670
4285
4434
4237
4245
4574
4373
4474
4402
4086
4193
4367
4226
4339
4278
4422
4242
4173
4449
4560
4212
4354
4136
4408
4168
4337
4302
4281
4225
4365
4271
4433
4422
4359
4453
4376
4366
4256
4273
4213
4372
4312
4172
4662
4624
4453
4174
4321
4362
4497
4608
4447
4084
4469
4394
4308
4530
4501
4530
4271
4491
4294
4636
4254
4618
4304
4504
4411
4224
4446
4278
4600
4566
4466
4952
4597
4353
4838
4540
4661
4578
4523
4618
4472
4660
4742
4884
4524
4679
4717
4505
4562
4628
4907
4524
4578
4811
4352
4891
4647
4835
4509
4973
4576
5208
4632
4793
4798
5086
4773
4626
5037
4589
4495
4639
5147
4632
5169
4554
4674
4740
4994
5164
4943
4856
4523
4788
4883
4967
4704
4764
4939
4870
4701
4713
4801
4748
4888
4805
4980
5026
4848
4773
5061
5069
5299
4861
5139
4553
5130
5019
4980
5037
5092
4781
4657
4948
4809
4993
5079
5246
4971
5005
5151
5059
5108
4689
4993
4916
5088
5010
4888
4985
5112
5094
5562
5028
5084
4792
4974
4908
5423
5290
5221
4932
5014
5671
5053
5247
5060
4944
5099
5040
5125
5199
5109
5438
5222
5326
5610
5269
5386
5297
5246
5608
5163
5289
5223
5176
5164
5362
5161
5212
5474
5418
5093
5290
5465
5512
5609
5627
5230
5568
5384
5467
5420
5347
5374
5523
5317
5471
5391
5400
5588
5573
5552
5493
5952
5719
5702
5885
5645
5485
5739
5758
5692
5799
5716
5657
5967
5927
5721
5510
5941
6228
5737
5786
6008
5789
5920
5871
5791
5723
5668
6122
5991
6176
6001
5826
6124
6137
6098
5865
6134
5867
6151
5900
6148
6095
6178
5920
6131
5717
5955
5996
6310
6318
5970
6168
6059
6293
6287
6319
6263
6658
5893
6144
6225
6149
6246
6538
6032
6625
6161
6276
6228
6497
6325
6420
6281
6610
6548
6559
6635
6505
6557
6595
6518
6617
6474
6601
6680
7077
6827
6660
6670
6880
6784
6740
6450
6582
6628
6966
6664
6758
6877
6746
7063
6794
6828
7144
7022
7028
7277
7255
6945
7136
6840
6900
7082
7055
7327
7098
7158
7124
7443
7094
6902
7394
7113
7287
6895
7164
7489
7517
7607
7432
7355
7399
7482
6937
7528
7459
7272
7422
7659
7406
7662
7651
7722
7712
7782
7723
7856
7895
7441
7936
8229
7749
7948
8211
7778
7929
8233
8000
8507
8009
8249
8338
8079
8018
8233
7828
7992
8331
8129
8233
8234
8402
8394
8589
8269
8305
8586
8247
8840
8465
9084
8906
8779
8429
9000
8707
8786
9006
8958
8984
9018
9209
9096
8932
9276
9328
9166
9610
9309
9182
9222
9316
9533
9253
9041
9467
9229
9775
9869
9635
9848
9373
9748
9502
9850
9963
9991
9695
10095
9850
10331
9947
10115
9964
9877
9552
9974
10071
9805
9525
9666
10186
10416
10316
10353
10471
10846
10665
11013
10893
10417
10761
10872
10432
10878
11086
11009
11196
11132
10906
11097
11208
11179
11421
11413
11328
11470
11710
11432
11489
11695
11752
11648
11827
11616
11554
11769
12058
11764
12064
12071
12607
12480
12035
12311
12453
12329
12311
12766
12365
12597
12682
12661
12598
12838
13037
13101
12887
13243
12920
13115
13199
13304
13422
13395
13094
13306
13716
13834
14121
13870
13812
14146
13840
14052
13910
13908
13876
14048
14112
13869
14335
14700
14631
14563
14880
14938
14765
14770
14758
15086
15649
14916
15213
15410
15247
15787
15240
15654
15462
15587
15538
15716
16278
16518
16024
16234
16018
16324
16739
16500
16378
16597
16528
16489
16615
16632
16794
17048
17011
17002
16941
17034
17455
17203
17180
17195
17701
17768
17528
17674
17760
17516
18630
18274
17777
17928
17957
18510
18513
18340
18511
18359
18572
18737
18564
18910
18388
19098
19009
19330
19316
19526
19238
19640
19310
19769
19771
20106
19741
19555
20283
20343
20178
20092
19922
20614
20496
20500
21010
20449
20588
20716
21094
20838
20683
21256
21432
21305
21551
21639
21597
21761
21469
21894
21364
21520
21625
21366
21465
21133
20877
20974
20941
21683
22032
22285
22408
23065
22549
23026
23326
23122
23160
23124
23324
23333
22866
23622
23617
23461
23530
23791
23742
23956
23942
24137
23873
24124
23808
24548
24041
24507
24605
24927
25054
24459
24650
25098
25080
24610
25114
25594
25300
25120
25237
25226
25454
25350
24980
25285
24973
25450
25415
25385
25471
25773
25622
25629
25701
25476
26274
26026
26407
25984
26042
26234
26423
26171
26684
26156
26370
26266
26372
26557
26631
27236
26402
26724
26922
26904
26973
26934
26869
26601
27325
26949
26957
27112
27079
26893
26916
27062
27220
27281
27820
27840
27120
27556
27590
27803
27770
27565
27709
27990
27721
27258
27778
27788
27776
27844
27299
27652
27777
27613
27859
27912
27924
28437
28327
27879
28244
28061
28486
28086
28612
28582
28637
28187
28113
28314
28269
28253
28202
27944
28064
28321
28405
28234
28463
28455
28372
28057
28474
28324
28194
28233
28538
28090
28522
28026
27932
28091
28053
28147
28417
28330
28196
28116
27957
27766
28018
28392
28187
28332
28036
28248
27845
28276
28298
28398
28458
28533
27908
27942
28186
28120
28175
27947
28267
28292
27560
28416
28042
27892
27852
27439
27884
27645
28025
28182
27940
27690
28048
27629
27943
27706
27465
27656
27646
27204
27406
27640
27434
27506
27042
27375
27686
27496
27160
27216
26760
26922
27092
26792
26969
27405
26952
26705
26821
27437
26784
26328
26429
26070
26282
25957
25806
25666
25684
25892
25973
25716
26201
26172
25856
25638
25521
25619
25541
25408
25327
25642
25082
24970
25012
24709
24384
24213
24322
24130
24218
24522
24359
24384
24486
24504
24644
24399
25038
24050
24207
24470
24090
24183
24137
24068
23979
24033
23329
23782
24158
23995
24022
23377
23294
23559
23094
23092
23236
23346
23118
23196
22959
22456
22928
22734
22454
22593
22318
22226
22132
22196
21881
21686
21714
21946
21691
21506
21257
21734
21468
21647
20900
21201
21500
20916
20887
20962
20930
20882
20380
20499
20284
20314
20337
19888
19624
19159
19293
18594
19146
19586
19177
19382
19144
19092
18983
19407
19216
18890
18757
18644
18072
17970
18007
18422
18042
18157
18058
17782
17676
17460
17543
17447
17297
17531
16994
17077
17455
17322
17142
16522
16680
16753
16563
16384
16050
16523
16205
15979
16050
16316
15764
15851
15668
15396
15548
15524
15443
15066
15162
15290
15281
14876
14504
14550
14576
14464
14383
14308
14327
14087
14045
14340
13959
14272
13940
13938
13908
13395
13650
13652
13440
13869
13131
13021
12725
12793
12845
12740
12315
12643
12144
12379
12314
12074
11993
12134
12069
11491
11528
11515
11499
11564
11588
11615
11293
11570
11037
11059
11392
11170
10852
10778
10735
10878
10467
10554
10340
10441
10155
10257
10122
9939
10060
9710
10015
10258
9876
10046
9287
9363
9226
9404
9472
9204
9055
9173
9231
9204
9547
9068
8738
8820
8965
8651
8783
8445
8802
8317
8516
8527
8747
8888
8420
8403
8195
8037
8406
8022
8071
7950
8044
7887
7759
7748
7924
7433
7462
7992
7620
7640
7915
7578
7170
7501
7424
7576
7208
7261
7386
7252
6985
6932
7039
6627
7422
7203
6993
6845
6559
6838
6725
7010
6874
6668
6299
6580
6700
6395
6522
6328
6456
6577
6476
6084
5953
6364
6306
5963
6025
6110
5935
6246
6136
5921
6474
6043
5780
6096
5870
6001
5613
5799
5897
5702
5364
5586
6135
5615
5694
5735
5317
5363
5813
5806
5527
5704
5431
5605
5399
5390
5371
5439
5464
5168
5295
5501
5019
5088
5319
5270
5462
5249
5047
5284
5224
5525
5026
5012
5365
5267
4914
5147
5124
4966
4795
4875
4991
4639
4895
4852
4949
4845
5170
4994
4517
4967
4500
4870
4780
4677
4615
4694
4860
4839
4811
4991
4545
4413
4711
4781
4582
4844
4653
4468
4594
4369
4669
4742
4532
4746
4332
4634
4674
4672
4471
4437
4417
4687
4481
4313
4559
4548
4347
4660
4347
4553
4371
4504
4009
4574
4360
4579
4420
4188
4500
4620
4086
4204
4163
4377
4510
4362
4254
3999
4240
4180
4144
4436
4154
4174
4049
4257
4331
4039
4256
4451
4393
4192
3976
4661
4180
4345
4222
4011
4050
3981
4176
4065
4160
4175
3896
4100
4209
4270
3703
4195
4270
4019
4159
4166
3986
3676
4038
4083
3774
4093
3664
3873
4020
4267
3895
3980
4088
3956
4032
3951
4088
4135
3875
4007
3917
3877
3839
4074
4269
4032
3763
3926
3546
3731
4141
3744
3819
4117
3972
3893
3985
3769
3782
3756
4006
3921
3911
3926
3873
3994
3750
3960
3995
3781
3797
3579
3737
4005
3846
3983
3721
3977
3765
4133
3619
3787
3867
3877
3501
4075
3644
3660
3715
3482
3810
3958
3722
3811
3485
3849
3802
3773
4059
3500
3698
4290
3949
3653
3652
3899
3667
3802
3698
3695
3742
4045
3552
3490
3985
3935
3820
3577
3629
3828
3686
3790
3485
3773
3626
3817
3764
3684
3571
3519
3686
3455
3641
3590
3806
3864
3722
3884
3466
3415
3402
3473
3691
3878
3773
3939
3357
3487
3467
3479
3456
3808
3740
3827
3767
3816
3821
3532
3753
4064
3500
3483
3691
3859
3412
3862
3524
3754
3557
3560
3969
3592
3578
3382
3749
3736
3673
3476
3738
3705
3752
3645
3501
3615
3494
3476
3383
3566
4393
3659
3770
3435
3522
3585
3378
3543
3610
3619
3557
3508
3718
3533
3812
3580
3531
3839
3330
3558
3639
3394
3602
3725
3622
3762
3661
3508
3595
3890
3880
3454
3469
3438
3717
3609
3478
3280
3539
3396
3280
3423
3488
3794
3684
3531
3573
3523
3535
3219
3764
3413
3536
3403
3503
3322
3523
3405
3305
3645
3379
3826
3557
3632
3277
3867
3493
3626
3223
3345
3657
3727
3319
3574
3097
3616
3467
3806
3553
3788
3437
3686
3299
3332
3577
3379
3470
3174
3499
3584
3589
3494
3584
3478
3488
3455
3698
3153
3479
3403
3468
3120
3332
3383
3562
3252
3420
3418
3580
3309
3637
3418
3666
3544
3504
