8449
7706
7745
8776
7133
13064
6997
7298
7620
7632
7499
7194
7563
7603
6758
8852
9464
7594
8439
7630
7249
8214
7185
8298
7707
7866
7821
7027
6957
7647
7759
8009
7186
8257
7081
7472
7116
7419
7967
8236
7508
7612
7309
7420
7089
7298
8948
7378
8385
8011
9992
8577
9714
7737
7268
8161
7701
7640
7986
7545
7991
8413
7728
8997
7798
8052
8274
6854
8822
8768
8022
7524
7791
8448
7699
7851
7448
7934
7995
7278
8358
8264
8257
8812
7745
8008
8217
6931
8581
7757
7873
8375
7824
7852
7600
7463
8350
9946
8558
7149
8589
7541
8050
7599
7899
7974
7426
8512
7354
8075
8918
7986
8728
9032
7700
8074
7366
8530
7691
8097
8002
7626
7320
8511
8548
8038
8844
8126
8049
8113
7976
7713
8029
8290
8005
8264
8363
8474
8891
7927
7835
7418
7182
8338
8320
7486
7765
8644
7751
8244
8831
7949
7862
8192
7794
8249
9150
7917
7712
8272
10334
8093
7549
8154
8268
9332
7933
9125
8059
7834
8005
8014
8008
7477
8052
7376
8510
8238
7662
9083
7555
9217
8805
8262
8010
10118
8506
7569
9976
8802
9715
8187
8722
7823
8566
8715
7925
8469
7799
9785
7589
8459
8366
8218
7723
8360
9028
8580
8344
8758
7706
8410
9331
8091
8221
7964
8016
8580
8498
8705
9281
8426
8360
8754
8685
8591
7916
8713
7867
9556
8281
7979
7657
8516
8552
8552
9468
8996
8588
8534
8955
8280
8372
8768
7853
9300
8376
8539
7597
9261
7648
9367
8238
9141
8757
8831
9030
8569
9577
8540
7796
10427
8094
9080
8031
8361
8407
8450
8070
10086
8757
8662
8357
8150
7846
8657
8557
8367
8098
9811
8268
8451
8709
7983
8417
8483
8678
8759
9120
8484
7623
8152
8609
9506
9547
9549
8893
8747
8786
8584
9071
8224
7921
8130
8735
9046
8756
8410
9118
8848
8239
10261
9063
9058
8182
9151
9033
9015
9226
8385
9800
8889
7996
8929
8327
8548
9813
9325
8788
9230
8019
8501
8307
8480
8464
9186
8547
8475
8862
8471
9873
9262
9400
8921
9071
8508
9411
8777
9006
8794
9243
8905
8712
8321
8899
9836
8814
9660
8220
9967
8192
8786
9176
8276
8494
9001
8810
8702
8940
8810
9514
8079
9091
9389
8529
8508
8814
8800
8310
8615
8850
9113
8373
10890
8305
8714
9542
8343
9949
9177
9745
9762
8356
8508
8770
8599
9594
8804
8970
8654
9677
9202
9181
8377
10055
10887
8925
9723
9796
8915
10405
9452
9782
9584
8686
9457
8553
9027
9165
8975
9098
8994
8594
8701
8774
9018
10191
8664
9906
9547
9050
9530
9002
8932
8880
9151
9494
9270
8954
8802
8700
9133
8833
8823
9431
9066
9354
9947
9347
10065
8682
9378
10057
9414
9158
9396
9275
9542
9741
9276
8852
9284
9681
10241
9769
10110
9706
9504
9091
9420
9947
9293
8977
10184
10107
9007
9524
10148
9607
8982
10074
9410
10073
11240
10875
8740
10269
9536
9033
9122
9014
8744
8757
9209
9026
9629
13056
10789
9353
9086
9833
9668
9106
9738
9773
9177
10525
9603
10146
9326
9585
9453
9478
10128
9339
10874
9714
9839
9572
9948
10099
10698
9996
9467
9333
9944
10103
10637
10163
10352
9829
9497
10389
10278
9358
10824
9346
10464
9812
11072
9958
9864
9144
10369
10284
9834
10403
9505
9312
9940
9622
12457
9829
11708
10269
10083
10773
9971
9772
10821
9413
9517
9682
9643
10525
9759
10107
9183
11185
10998
9524
9369
10861
9816
9220
10004
10259
11153
9612
10580
9838
10722
10756
9745
9965
10819
10156
10261
10444
10376
9703
9998
9845
9421
9488
9705
10460
10228
9638
10547
9533
10233
10374
12356
10373
10159
10374
9773
10028
9727
9673
11240
10403
10020
10346
10253
9593
11346
10016
11245
10156
10526
11467
9855
10518
10108
9675
10472
10917
11287
10160
9883
11070
10559
10995
9648
10322
10235
10489
11243
10596
10267
10863
12230
11849
12032
10901
10285
9807
9695
10821
10090
10001
10848
10167
9922
10458
10239
10605
10348
11366
10575
10351
10890
10384
10359
9906
10461
10756
11652
11818
10109
10361
11022
11118
10540
10868
12325
10632
13054
11231
10619
10388
10358
10399
10960
11957
10284
10764
11810
10421
10362
10672
11082
10269
10624
11215
11468
12320
11406
11833
11425
10894
11198
10273
10104
11012
11724
11996
11274
10811
11409
11871
11604
11127
11297
10605
11262
10891
12263
11164
11755
11360
10789
13624
11076
11500
10453
12893
10934
11314
11449
11437
10485
11885
11731
10970
11542
12523
11629
11076
10797
11529
11854
11294
11984
10816
11139
11101
10733
12299
12525
11168
11657
11086
11596
10789
11053
12964
12615
11875
11194
11608
11604
10904
11259
11312
11269
11612
12534
11433
12197
10802
11190
11481
12117
11244
11850
13057
11284
11189
12047
11715
12579
11655
11770
11400
11338
11876
12597
11139
11531
11133
12684
11349
11802
11433
11197
11178
11229
12678
12097
11033
11748
12349
12490
11412
11925
11666
13282
13093
11907
12171
11737
11817
12106
12556
11716
12749
12127
12674
12322
11350
12741
12578
11950
12961
11306
12040
13378
12155
12604
13833
12106
12864
11640
12819
11830
12056
11482
11724
11650
12330
12073
11770
12379
13065
12457
13049
15796
11953
13273
11980
11577
12059
12240
12948
12139
13194
13124
13709
12983
12693
12380
11897
13690
12501
13168
13497
11946
12168
12624
13070
12292
11849
13203
13890
12749
14010
12059
13193
13333
12904
12746
13526
12928
12556
12740
13234
12801
12660
13061
13100
12874
12298
12567
11984
13155
13088
12520
13935
13241
13173
12857
13373
14147
13324
12552
14414
12553
14509
12997
12783
13748
12663
13293
12996
12873
12753
13301
13786
13963
13801
13703
12854
15434
13097
13340
13486
14016
13080
12569
13224
12850
13077
13357
12999
13186
14410
13026
12903
14269
14266
14051
14218
13193
15111
13753
13225
13828
13807
13660
13869
14497
14411
13807
13272
14248
13714
13474
13609
15146
14173
14128
14416
13737
13662
14519
13752
15032
13592
14703
13401
14744
14763
14722
13789
13582
14168
14390
14412
15026
14059
14652
14270
13912
14830
14015
14365
14616
13998
14704
14214
14475
15607
14233
15061
14027
14654
15017
13868
15829
14148
15212
16375
14395
14443
14327
14726
14920
14594
15545
14315
15227
14637
15651
14821
15680
15664
15695
15596
14989
14566
14597
14900
15320
15583
14931
15050
14528
15656
15652
14857
16356
15173
15531
15298
14918
14931
15396
15270
15722
16029
15772
15370
15325
15718
15445
15446
15516
15510
16714
15714
15084
16097
15466
16073
16520
15464
16150
15330
16596
15942
16551
15461
15394
15546
15152
15994
16390
16252
15766
16315
15986
15835
16330
14849
15885
15357
15904
16512
15874
16890
16052
16052
15647
17268
16640
16868
15810
17313
16212
15924
16504
16146
16630
16477
16815
16790
16811
16683
15365
16272
14757
14915
14811
13809
15201
15788
14830
14568
16282
15777
17852
17282
17420
17776
16651
19698
18114
17620
18496
17369
17534
18792
17452
18132
18590
18436
16851
18166
17524
18840
18005
17360
18705
17572
17851
17739
17413
19080
17852
17706
17751
17704
18209
17853
17774
17469
18570
18421
18171
18402
18810
17786
18670
18536
18624
17781
19386
19165
17861
17826
19225
19174
17935
17916
18350
19088
17920
18507
18484
17413
19665
18114
18468
18805
19064
18534
19060
19165
18384
18264
18311
18486
17954
19522
18374
18156
19350
18984
19115
19661
19368
19786
19288
19138
18582
18720
20592
19470
19182
19636
19445
18701
18730
18724
19375
19167
18674
19407
20184
18780
21028
19537
21236
18485
19144
19925
19340
19988
19790
20072
19715
19218
20077
19666
19557
19508
19680
21760
19536
19548
18882
19658
19540
19994
20004
19218
20328
19544
20084
19934
20463
19968
20052
20228
19753
20320
19825
19981
21339
20587
21306
20486
20000
19725
19605
20442
18886
19492
18031
20756
20074
19006
19888
21416
20585
19720
20597
19788
21696
20512
20057
21047
20557
20819
21789
20806
21142
19989
20440
21439
22331
21232
20603
20890
21408
21080
20274
20334
20877
20640
20622
21123
21386
20480
22259
21316
20934
20608
20603
20287
21409
20970
20573
20710
20946
20563
20941
22134
21386
20804
21065
22202
22628
22103
23179
21081
21036
21471
21234
21921
21920
22032
21577
22326
21277
21387
21518
22826
21495
21429
21490
21676
23481
21128
21021
21544
21404
21801
21332
21555
21938
21012
22945
22307
22510
22114
21945
22117
21780
21537
21139
21957
21817
23173
21525
22995
21321
22500
21834
21561
22264
22285
21851
22727
23130
22614
21008
22110
23372
22420
22568
23339
22377
22444
21826
21966
23256
21701
21952
22893
21800
22378
21495
22894
21768
22949
21348
22040
22236
22244
22358
24428
23092
22357
21996
23300
23252
21988
23502
22932
22387
22332
22889
22842
22968
22251
22150
22274
24100
22409
22996
24902
22214
22385
22052
22120
23846
23622
23143
23544
22587
22398
23930
22560
24053
22505
22186
22952
22330
21688
22074
23042
21952
22598
21737
22830
23112
22964
22949
22770
22941
22937
22881
23274
23759
21715
22849
22511
23995
22657
22812
21741
22753
21956
23104
23078
22013
21881
23074
21477
22168
23189
22706
23684
22821
22743
22964
22241
23707
22697
22617
22478
23338
22844
22864
23573
23114
22411
22676
23504
22720
23147
22460
23242
22680
23025
22436
22682
23939
22301
22656
23597
24436
23444
23040
23130
24445
23035
22808
23186
22780
23072
23497
23700
23149
24189
23217
24348
24047
23516
23696
23670
23296
23901
23202
23954
22904
23641
22776
23941
23616
23486
23492
23534
24624
23040
23703
23429
23940
23366
22824
23830
24009
24308
23658
23588
24424
23454
23110
24261
24234
23808
24782
23584
24802
24301
23417
25772
24759
24002
23700
24476
24696
23036
23692
24100
23511
23444
23535
23742
23501
23914
23448
25412
24781
24082
24669
24080
23781
24642
24559
24096
24180
24604
24000
24192
24164
23684
25099
24757
24898
23887
23353
25222
25528
25742
24624
23732
24690
24616
24285
24407
25372
24954
24072
24600
24280
24362
24356
24616
25160
25206
23786
26441
25466
24286
25141
25605
25362
24395
24442
24104
24484
24036
26196
24716
25057
24513
24977
25796
25332
25556
23956
24422
25049
24937
25447
24634
24536
24892
26553
26358
25307
24573
25463
26368
26482
25684
26384
25454
26762
25211
25236
26980
25548
25056
24960
26824
25793
25707
25386
26546
27220
25860
25618
27057
25420
27030
25258
25773
26649
26446
25877
26265
27184
26406
27280
25978
26237
26162
25309
26438
26644
25793
25641
26238
25257
25282
25288
26779
27193
26112
26254
27156
27877
26596
26983
27734
27706
26489
28024
27402
27189
26284
26870
27105
28164
27690
26820
27377
27664
27553
28996
28742
27229
26816
28363
27806
27912
27704
27557
27200
27693
27549
27848
27540
27686
27426
27904
27632
28457
27979
27447
27784
28912
27853
28178
27355
27844
27348
29005
28200
29256
28234
29135
29291
28514
28756
29656
28383
29013
28553
28244
28672
29292
29536
28774
30458
28404
29325
28555
28762
29987
29915
28845
30262
30880
28669
28618
29834
29760
29386
30664
29670
29186
29261
29014
29988
29644
30501
29796
29373
30670
29685
30516
29788
29734
30298
29589
29934
30523
30112
30147
30166
31296
30371
29692
29862
30023
28864
29621
31598
30410
29978
29844
31002
31093
30242
30612
30644
31280
30299
30217
30744
33238
29968
31306
31369
30591
30533
31304
31298
31125
31778
30093
32133
31851
30625
30823
32084
31510
31427
32038
32036
31340
31245
31318
33558
31414
30873
30539
33032
31236
31010
32752
31620
33464
32493
32268
31559
31826
31225
31156
33670
32626
31522
32698
32284
33088
32847
31146
32804
33508
31568
31654
33206
32190
32068
31021
31943
31332
31872
32981
33138
32104
32191
33066
31861
31772
31932
31684
32621
32588
31663
32492
32148
32000
32900
32489
32678
33357
32514
31882
32372
32184
33437
33055
32149
31754
34237
32778
31837
32484
33096
33090
32234
33041
33644
32154
32469
32554
32024
32790
31872
32859
32102
31957
32896
32468
33317
32724
32749
32800
33024
33684
33069
32525
32968
33268
31951
33800
32876
32887
32474
33710
33162
32181
32495
33254
32517
32628
33508
32349
33580
31808
32869
33378
32960
32820
32751
32272
33373
32228
32169
33796
32150
33940
34368
32386
32609
33296
32540
32820
32342
33408
32806
33232
32696
33264
32577
32356
32637
32804
32761
33902
33746
33482
33384
33606
32923
31748
32460
33471
32789
32680
33024
32972
31931
32093
33098
32654
32570
33900
32537
35148
32057
31659
33727
32534
32970
32450
32845
32631
31787
33205
32173
32915
32747
31644
32168
32122
31981
30767
31185
31659
30674
31860
31752
31814
32536
31689
32378
32152
34055
33268
31876
32918
31012
31512
31845
32770
32393
32375
32336
31586
31252
31859
31539
32082
32430
31422
30784
30797
31581
32234
31640
31029
31965
31520
31193
32629
32500
31542
32580
31917
30804
30933
32268
31346
30589
30940
30662
31812
31908
31749
31234
31251
31320
30539
30948
30645
31008
31361
30381
30516
31109
31258
31007
29273
29774
30183
30098
29671
30520
30054
30176
30517
30423
30228
30536
30922
29724
30196
29985
30897
29597
30907
29412
29517
29553
29282
29510
29470
29802
30434
29732
29342
29464
29397
29908
29928
30195
29723
29768
29325
29037
28724
29011
29584
29607
28727
29486
29550
28950
29581
29540
28549
29030
29355
28357
29080
27709
29236
27477
30621
28485
28188
28021
27224
27693
28827
28976
28344
28212
27568
27172
28013
28091
27358
28013
27807
27136
27334
27754
30034
27703
27989
26334
26527
27284
27734
27242
26673
27188
27234
26313
26237
27361
26531
26001
26401
26957
27314
25812
26525
26254
26550
27392
26715
26717
25742
26612
25565
26427
26064
25257
25325
25872
26560
26399
25653
26157
26374
25740
25668
25845
26036
25782
26156
25130
24274
25114
24990
25508
24359
23900
25786
25574
23994
23914
24396
24666
24116
26190
24529
25052
23604
23989
26082
23312
23620
25101
23808
24226
24090
23432
24117
24304
23946
23416
23744
23316
23851
23481
23624
22971
22519
23283
23042
23111
22436
22765
23161
22156
23604
22890
22741
22082
23693
24582
23064
22681
23330
21986
21948
22466
22954
21851
20905
22477
22511
20908
21658
21057
21154
21273
21252
21351
22637
21960
21957
22766
21724
21471
20621
21921
21427
20901
22056
20977
22998
21524
23192
20724
20458
20926
21074
21636
20712
20190
20836
21237
20510
21439
19752
20230
20520
20196
20684
20912
20616
20293
19949
20068
20133
19338
19403
19439
20532
19752
19746
20203
19178
19560
18088
18573
18084
19277
18550
18081
18873
19229
18918
20149
18861
18193
18368
17938
17920
18720
18042
18627
17642
17637
19045
17781
18184
17032
19154
17305
17350
16846
18812
17630
17124
17269
18132
17070
16887
17082
17596
16388
17427
16941
17878
17030
17783
17341
16819
17845
17018
16477
16460
16006
16974
15835
17158
16662
16293
16701
16677
17519
17664
17288
15766
16121
16735
16137
15652
15115
16238
15830
16468
16940
15516
16361
15230
16092
16548
15066
15664
15262
15958
16022
15538
14598
15593
14524
15325
15770
15469
14597
14741
14872
14800
14268
13932
14503
14626
14697
14489
14122
14644
15770
14599
14794
15029
13837
14509
16607
13540
13906
15105
13788
14066
13729
13890
16244
12868
14394
14947
12997
13045
13912
13600
13670
14161
14010
13746
14213
13432
14194
13622
12777
13690
13019
12964
14185
14200
13915
13574
13371
12706
13956
13780
13437
14674
12886
13956
13528
12988
13156
12554
13592
12858
12667
14258
14124
12672
13926
13541
12376
12956
12047
12554
12806
14137
13066
12880
11963
12422
11546
11777
13186
13068
12310
11809
11939
12074
13031
11640
12430
11698
12589
12021
12390
12027
12017
11895
11074
11899
12354
11501
11781
12315
11672
13284
12559
11664
11756
11584
11970
11736
11477
12038
11382
12990
12566
11178
10779
10932
11017
11686
10883
11885
12688
11615
11299
10926
11663
11108
10803
12157
11335
10922
11293
12439
11948
11476
11493
11599
11597
11284
12828
10856
11601
11173
11216
12061
10880
11413
11866
11353
11232
11615
11125
10398
10743
11017
10353
10806
11611
10708
10872
10604
11016
10559
11753
11156
10326
11227
11585
11093
11410
10487
11438
10281
10301
12623
10588
10646
11294
10512
10770
11535
10665
11190
10926
10402
11485
11659
10275
10564
10508
10286
10474
10542
11794
10683
10740
10859
10491
11280
11017
10134
11153
10122
11174
11284
10429
10826
10284
10453
10968
10514
10245
11077
10286
10505
11125
9957
11343
11234
11023
9850
10002
10787
11783
11718
12221
10656
10631
10624
10207
9905
9500
10153
10143
10819
9995
10698
10512
10978
9540
9812
10796
9975
10657
9901
10973
10344
10134
10722
11352
10442
11173
10015
10124
10729
9711
9684
10860
9728
9768
10496
10340
10237
10490
10615
9509
9878
10450
9652
9771
9376
9240
10517
9762
10667
10040
10041
9325
9190
10725
10124
10111
9926
11502
10407
9717
10166
10153
10109
10997
9528
10390
9998
10413
9898
10614
9931
9531
9761
9184
10106
9532
9167
10009
9112
8996
10004
10695
10427
10748
9483
9013
9316
10272
10399
9382
10243
9254
9570
9342
10202
9486
9370
9789
9739
9847
10233
11309
10539
9449
9133
9273
9896
9922
9802
11131
9691
10316
8943
10381
10295
9865
10312
9406
9751
9410
9335
9746
10343
9582
10373
10509
9601
9823
10513
9288
9448
9657
9894
10046
9710
9744
10276
10865
10965
9553
9244
9567
9417
9655
9310
10028
8924
9193
10308
9463
9288
8939
9970
10096
9564
10496
9087
9876
9321
11164
9694
10473
9419
9721
9414
9468
9875
10639
10522
9354
9809
8917
9882
9773
8989
9445
9904
9664
10359
9373
9112
9322
9457
9940
10001
9671
10358
9311
9604
9838
9840
9248
10486
9972
10017
9484
9661
8593
9357
9054
8994
8523
9132
9946
9348
9414
9992
9868
9948
9195
9163
9733
10328
9184
10260
9312
9014
9861
9882
9038
8898
8943
9573
9274
8832
9878
9509
9740
9253
8877
10030
8917
8874
9290
9862
9759
9423
9605
9337
9407
8499
8894
9714
9888
10437
9013
9290
9078
10374
10018
8864
9101
10294
9457
8938
10209
9218
9316
9325
9344
9244
8777
9786
10127
8919
8804
10072
11450
10437
9378
8733
9625
10418
10042
10718
9672
10168
9815
10394
11588
9102
9033
9928
9186
10329
8933
8996
9604
9403
9493
9246
9533
10776
9950
9600
9641
8976
9729
8959
9183
9832
10266
8856
8914
9883
9285
8968
10044
9850
8760
8558
9451
9270
8917
8895
8875
9140
8892
9586
9157
9252
8776
9240
9457
9260
8966
10095
9725
8808
9448
9677
9679
9849
9394
8748
9895
10117
9758
9507
8651
10157
10549
9961
9122
9917
9034
9236
9252
9417
8838
8926
9778
8949
9777
8986
10292
9154
9465
9190
9540
9480
9751
9069
9174
10507
9749
10014
10552
10103
9220
9351
9070
9990
10509
9608
9136
9107
8260
8906
8938
9390
8873
9039
9969
9328
9708
8326
8704
9675
9970
9234
8347
9317
9060
9371
11375
8916
9304
9617
8975
8592
8494
9024
9048
8753
9728
8595
8768
9917
8895
8828
9151
10603
8951
9770
8859
8996
9545
8868
8618
8766
9107
8706
9024
11032
9382
8815
9002
10404
9287
9563
9723
9288
9668
9552
9240
9531
8854
9127
8804
9506
9141
9274
9829
8682
10400
10077
8677
9918
10282
8970
10621
9778
9218
9722
9886
8491
9617
9416
10263
8999
8722
8285
9244
9459
8700
9093
9073
11041
8531
8424
9085
9143
9095
9148
9243
9306
9521
9689
9015
9817
9620
9378
9257
8717
9649
9269
9077
9274
9612
8460
9280
10011
8889
10307
8593
10079
9378
10784
12004
9925
8955
8708
8386
10139
8802
9206
9428
9096
9591
8993
9303
8874
8452
8491
9307
8771
9117
9392
8961
9190
8521
9028
9294
9466
8902
8379
8812
10053
9429
8618
9365
8587
8847
8634
8448
9904
9320
10035
9179
8983
9572
9716
9162
8833
9877
10318
9274
10053
8524
10038
9013
8783
9243
8750
8463
10542
10370
8675
9114
8622
8593
8899
10482
9878
8654
8560
10779
9151
9304
8679
9236
9738
9141
10253
9349
9341
8726
9574
8610
9004
10598
9315
8717
9419
8746
8970
8611
9571
10277
9094
9666
8808
8549
9092
10133
8580
9245
9559
9574
8951
9494
9106
8085
10929
9113
9275
9204
9225
9138
9564
8373
8661
9236
9303
8667
9834
10318
8468
8890
9751
8676
10122
8873
8419
8770
9251
9533
9133
9567
8779
10105
8808
9299
8642
9456
8496
8266
10615
9608
9006
9289
9556
10669
9829
8762
8581
8938
8338
8356
8486
8884
8692
8344
10349
8994
9546
10646
8429
8457
9721
8873
9201
10566
9096
9388
10173
8762
8588
9172
9455
9098
9213
9294
10629
9590
9155
8633
8763
9676
8878
8861
10512
9156
8602
9293
8837
9742
8666
8335
10001
10016
9224
9595
9206
9031
9026
9060
9079
9984
9141
9276
9331
8610
9018
8682
8336
9211
9437
9317
8635
8580
8873
9106
9240
8721
9936
9371
9167
8897
9412
9349
9081
9465
9665
8527
7939
8835
8898
9136
8891
9445
8752
8342
8923
8963
8300
8495
9001
8618
9764
8794
9285
8265
9171
9848
8726
9162
7867
8521
9122
9367
8391
8589
8420
9019
9608
10147
9277
9285
8404
8719
8952
8465
9401
8964
8348
9536
9413
11105
8148
8365
9948
8754
8453
8932
9236
8431
8806
8145
8786
8448
10375
9771
8604
8923
8960
9058
9876
8880
8372
9456
8860
8894
8474
9158
9098
9209
9113
9005
8422
8581
8183
8405
8644
8857
8232
9902
8512
8629
8648
8062
9787
8849
10833
9143
8271
8856
8008
8726
10064
8753
8282
9513
8601
8990
8879
8740
8731
8884
8130
8308
8394
8749
9725
8249
10196
10163
8092
9335
8512
10909
8006
9243
8851
8712
8401
8745
8866
9094
8349
9515
8634
9029
8006
8532
9029
9273
9097
9528
8765
8272
8292
8961
8895
9590
8649
10388
8125
8752
9684
8562
8752
8910
8411
8660
9172
8342
9193
8296
9541
9465
8811
8419
9300
9018
8154
9831
9472
8541
8519
8943
8682
9247
8640
8359
9365
8683
8599
8932
9484
8638
10093
9900
9436
8631
7884
8642
8916
8428
9073
8047
10116
8475
8898
9213
8702
8280
8892
8254
8609
8253
8921
8498
9812
9311
8517
9894
8380
8623
9419
8436
8118
9253
8424
9525
8501
8405
7998
9984
10125
8320
8578
8818
8264
8674
8618
8587
9350
9473
7943
8411
8972
10926
8428
9013
8532
8562
9055
8936
9754
8604
8915
8217
8661
8287
8893
8832
8326
8992
8632
8445
8599
9352
8285
9706
8530
9176
8392
8180
9256
9259
8419
8745
8427
9272
8643
9895
8752
8643
9166
10619
8738
7933
8714
8728
8385
7784
8732
9525
9336
8753
8368
8695
8669
9545
9569
8341
8783
9104
8801
8146
8034
8214
9455
8377
8869
8528
8717
8307
8521
8607
8613
8653
8256
