7380
7403
6997
7087
6916
7667
7042
7247
7340
6898
7272
6802
6939
6924
6724
7498
7232
6991
7482
7716
6828
7086
6884
7248
7393
7325
7573
7207
7069
7138
7498
6881
7085
7100
7123
7319
7001
7409
7266
7306
7490
7328
7129
7388
7629
7015
7621
7243
7492
7468
7980
7566
7687
7477
7242
7261
7285
7156
7467
7538
7472
7487
7851
7636
7385
7560
7484
7310
7672
7542
7548
7344
7636
7720
7561
7642
7490
7619
7612
7476
7978
7830
7752
7477
7595
7850
7773
7402
7977
7713
7709
7909
8000
7705
7654
7629
7643
7903
8214
7874
7761
7751
8056
7735
8194
8175
7921
8144
7784
7820
8022
7805
8326
7972
8187
7866
7846
8371
8462
8314
8241
7874
7995
8240
8228
8368
8690
8286
7866
8320
8080
8192
8314
8241
8197
8275
8517
8572
8192
8169
8591
8249
8098
8197
8636
8517
8424
8716
8312
8408
8552
8408
8704
8203
8307
8506
8507
8645
9010
8665
9053
8616
8618
8494
8478
8672
8879
8383
8892
8320
8529
8799
8579
8509
8720
8427
8661
8991
9009
8642
8850
9131
8976
8741
8682
8944
8753
8911
9147
8969
9154
8840
9084
8961
8785
8995
8968
9034
8919
9254
8726
8852
9080
8918
8823
9033
8989
9025
9234
8982
9245
9109
9249
9015
8921
8726
9255
9080
9210
9129
9324
9442
9512
8969
9792
9433
9098
9353
9132
9263
8952
9228
9525
9253
9026
9278
9316
8933
9448
9347
9589
9493
9386
9367
9476
9526
9462
9623
9589
9789
9360
9642
9555
9528
9596
9751
9392
9437
9945
9354
9484
9563
9749
9718
9528
9738
9711
9528
9764
9916
10148
9872
10074
10149
9709
9973
10050
9819
9829
9989
10201
9688
10148
9700
10179
9764
10000
10060
10163
9827
9743
9759
9764
10060
10492
9896
10398
9950
9977
9798
10093
10504
9937
10026
9927
10087
10095
10148
10106
10130
10139
10803
10518
10398
10069
10288
10422
10397
10595
10271
10793
10056
10530
10572
10410
10258
10834
10483
10735
10496
10666
10547
10245
10475
10399
11054
10702
10657
10777
10460
10983
10769
10770
10708
10474
10854
10730
10916
10584
10421
10489
10616
10727
10475
10973
10925
11004
10990
10756
11142
10664
10903
11314
10663
11117
10703
11054
10617
11006
10939
11030
10775
11309
10820
10986
10780
11229
10898
11024
11090
10981
11310
10941
11259
11039
11300
11382
11193
11449
11200
11246
11616
11392
11538
11664
11312
11226
11401
11383
11377
11797
11762
11513
11707
11770
11781
11531
11917
11746
11515
11848
11674
11808
11563
11503
11737
11644
11670
11789
12032
11928
11796
11960
11752
11922
11912
11910
11563
11841
12079
11729
11844
12156
12010
12118
12214
12256
12017
12232
12040
12121
12120
11973
11893
12218
12479
12170
12279
12284
12264
11996
12119
12290
12476
12396
12747
12292
12245
12522
12488
12136
12639
12301
12523
12540
12842
12574
12614
12294
12800
12880
12683
12500
12804
13074
12949
12829
12557
12949
12533
12372
12427
12823
13102
12847
12460
12918
12856
12801
12900
12835
12891
12831
12813
12949
13357
13568
13261
13061
12904
13370
13360
13038
13212
13310
13253
13296
13048
12952
13191
13385
13490
13387
13556
13337
13504
13542
13550
13003
13330
13751
13664
13381
13149
13261
13574
13614
13603
13711
13963
13900
13758
13945
13850
13714
13830
13790
13956
13640
13830
13647
13947
13998
13778
14062
13700
14192
13912
13889
13663
14057
14488
13724
14164
14201
14296
14386
13936
14238
14566
13904
14214
14400
14180
14285
14600
14398
13713
14557
14311
14599
14116
14286
14440
14161
14630
14810
14562
14299
14616
14762
14600
14983
14592
14345
14658
14889
14912
14619
14422
14888
14842
14712
14464
14489
14650
14919
14735
15051
14618
14809
14793
14848
14994
14980
15097
14686
15028
15173
15059
14923
15021
15190
14955
15198
15186
14865
15326
15074
15407
15186
15246
15577
15443
15348
15190
15173
15466
15048
14708
14913
14648
14752
15063
15576
14952
15197
15307
15437
15816
15478
15665
15449
15791
15923
16172
16069
15413
15768
15624
16314
15300
15757
15776
16109
15842
16294
16173
16191
16015
16018
15925
16318
16036
15992
15907
16101
15961
16370
16192
16000
16004
16001
16670
16253
15934
16352
16281
15948
16595
16327
16123
15862
16308
16020
16448
16338
15877
16538
16564
16338
16329
16710
16712
16722
17094
16743
16845
16835
16533
16904
16752
16365
16065
16244
16252
16246
16528
16384
16722
16452
16432
16795
16909
16794
16900
16688
17125
17333
17228
17268
17030
17514
17629
17524
16933
17037
16856
17357
17045
17511
17367
17319
17104
17358
17368
17565
17170
17010
17542
17432
17472
16958
17496
17608
17762
17611
17033
17796
17784
17903
17780
17728
17749
17666
17644
17768
17667
18071
17880
17766
17621
17624
17756
17793
18195
17875
18306
18066
17792
18036
18097
17577
17720
18159
17908
18181
18008
18570
18142
18370
18479
18580
18796
17809
18644
18052
18369
18045
18434
18245
18218
18276
18597
18186
18688
18542
18035
18722
18030
18671
18485
18502
18439
18549
18662
18636
18655
18560
18850
18114
18564
18754
18532
18570
19012
18529
18300
18622
18976
18416
19253
18863
18862
18793
18569
18989
18867
19012
19196
18998
18701
19222
18632
19160
18380
19166
19003
18775
18747
18996
19237
19178
19131
19173
19285
19549
19341
19326
19520
19110
19201
19274
19436
18860
19455
19610
19402
19642
19645
19681
19700
19922
19365
19506
19631
20344
19894
19712
19465
19281
19505
19684
19456
19557
19703
19738
19746
20032
19678
19970
19987
19714
19805
19841
19911
19781
19545
19650
19533
19381
19757
19326
19639
19416
18992
19455
19902
19655
19626
20075
20117
19898
19810
20438
20428
20259
20100
20410
20311
20312
20323
20491
20372
20463
20202
20484
20079
20197
20322
20399
20132
20157
20697
20489
20022
20508
20286
20258
20351
20356
19826
20728
20762
20189
20614
19986
20265
20574
20226
20366
20814
20524
20795
20926
20318
20594
20294
20687
20338
20262
20098
20472
20279
20685
20416
20386
20170
20686
20124
20225
20559
20544
20524
21227
21142
20509
20447
20312
21087
20580
20242
21069
20930
21221
20980
20886
20566
20810
20565
20466
20555
20498
20703
20958
20580
20572
20453
20783
21098
20937
20748
20843
20875
20954
20661
20710
20573
21074
20928
20976
21053
20934
21061
21214
20748
20766
20506
20840
20964
20854
20927
21060
21008
20488
20846
20736
20896
21325
20955
20799
20946
20929
21217
20996
20845
21172
21209
21146
20391
21110
20865
21109
20818
20878
20470
20492
20254
20112
20508
20812
20241
21664
20916
20783
21305
21221
20955
21158
21203
21017
21068
20785
21281
21079
20952
21128
21233
20815
21197
21001
21270
20858
20889
20886
20868
20888
20957
20510
20608
20626
20290
19988
20140
20248
20137
19941
19652
19762
19935
20299
20466
20739
20908
20842
20829
21248
20781
20669
20676
20838
20649
20727
20876
20013
20429
20024
20019
19803
19082
18533
17202
16761
15690
15336
15036
14954
15392
16225
16932
17861
18731
19402
20018
20493
21035
21011
20760
21132
20658
20586
20505
20512
20325
20485
20241
20706
20677
20730
20388
20414
20407
20963
20364
19946
20116
20314
20019
20157
20301
19713
19642
19589
19478
19405
19672
19624
19982
19950
20143
19689
19936
19874
20325
19791
19864
19845
19553
19508
19579
19596
19660
19560
19629
19218
18665
19394
19191
19477
18954
19162
19378
18896
19338
18971
19248
19278
19076
19050
19086
19212
18629
18981
18831
18773
18630
19053
18819
18784
18772
18625
18322
18870
18838
18953
18408
18523
18142
17965
18290
18245
18568
17903
17837
17759
17924
18100
17978
18152
18347
17958
17894
17787
18000
17686
18348
17402
17720
18233
18097
17915
17885
17997
17802
17780
18188
17866
17553
18004
17884
17682
17460
17682
17394
17172
17316
17497
17543
17316
17275
17458
17346
17066
17300
17416
17120
17154
16988
17092
17020
17028
17327
17062
16714
16726
15990
15720
14809
14946
15024
15369
15482
15836
16039
16392
16255
16436
16470
16547
15962
16022
16357
15839
15774
16196
15763
16152
16440
15823
15794
15856
15709
16254
15618
15593
15472
16004
15573
15764
15656
15387
15239
14968
15333
15191
15401
14875
15044
15096
14788
14848
14682
14903
14890
14854
14861
14586
15083
14662
14492
14653
14537
14401
14648
14678
14698
14416
14592
13920
14437
14220
13850
14024
14214
14612
13971
14370
13861
14333
14192
13896
13926
13743
13494
13710
13660
13716
13733
13552
13133
13411
13616
13417
13165
13339
13445
13078
13496
13346
13102
12806
12776
13131
12680
12853
12666
13417
12777
12902
12553
12800
12911
12672
12520
12986
12419
12593
12704
12613
12035
12270
12556
12398
12129
12416
11970
12150
12184
11707
11837
11885
12074
12071
11875
11882
12044
11469
11582
11658
11900
11375
11532
11409
11680
11507
11523
11252
11061
11410
11409
11320
11502
10934
11363
11310
11069
11002
10812
10667
11189
10408
10962
10422
11275
10795
10186
10616
10777
10776
10578
10541
10358
10233
10060
10128
10632
10138
10227
10094
10151
10036
10133
9911
9575
9689
9298
9741
9717
9876
9591
9797
9672
9769
9444
9428
9729
9828
9300
9152
9135
9280
9542
9328
9350
8734
8774
8964
9384
8910
8817
8810
8848
8569
8434
8842
8908
9019
8635
8822
8624
8371
8373
8471
8645
8328
8499
8578
8584
8445
8333
8152
8171
8130
8370
8081
8175
8070
8285
8383
8184
8333
8017
7957
8018
7894
8012
8121
8027
7780
7597
7731
7604
7515
7682
7716
7957
7884
7536
7466
7399
7757
7382
7189
7342
7481
7189
7333
7109
7415
7156
7245
6959
7417
7043
6950
6777
7135
6846
6950
6926
6730
7010
7019
6768
6566
6825
6824
6759
6850
6658
6651
6907
6402
6471
6383
6679
6592
6802
6579
6340
6724
6571
6400
6264
6300
6213
6260
6154
6217
6057
6075
6237
5828
5986
6043
5933
6168
6061
5884
5876
6062
5710
5846
6083
5742
6113
6042
5644
5854
5788
5636
5572
5651
5928
5910
5451
6014
5591
5621
5395
5099
5785
5333
5491
5271
5459
5515
5388
5315
5553
5403
5543
5283
5301
5427
5504
5496
5391
5338
5117
5208
5387
5142
5034
5065
5175
5021
5181
5091
5016
4958
5015
5155
5037
4942
4751
4768
4599
4831
4753
4677
4948
5123
4866
5077
4633
4823
4967
4790
5093
4747
4993
4694
5037
4827
4531
4967
4640
4694
4504
4883
4612
4500
4902
4960
4650
4720
4554
4644
4292
4648
4529
4335
4541
4436
4559
4566
4529
4674
4492
4484
4482
4377
4459
4672
4545
4467
4201
4327
4094
4249
4130
4590
4379
4739
4025
4612
4323
4312
4358
4341
4435
4647
4254
4616
4192
4339
4324
3907
4257
4223
4119
4180
4310
4097
4580
4189
3913
4212
4204
4170
4251
4125
4277
4135
4001
4265
4266
3980
3916
4226
4058
4126
4473
4299
4035
4016
3960
4031
4137
3930
3900
4297
4323
3836
4158
4055
4391
3987
4270
4138
4175
3966
4255
4078
4187
4059
3885
4079
3905
4352
3916
3874
4099
4095
4141
4038
3924
3957
4148
3952
3873
4133
4028
3806
4301
4031
3968
4075
3811
3997
3858
3936
3972
3914
3828
4086
4152
4264
3860
4024
3753
3835
4103
3966
4115
4056
3994
4132
3826
4058
4073
3935
3858
4081
3996
3853
3849
4106
3905
4102
4009
3937
3866
4070
3982
3873
4125
3761
3933
3911
3748
4153
4170
3949
4090
4438
4028
4161
4020
3965
4077
3947
3947
3780
4345
4004
3868
4044
4214
4191
3895
4183
4025
4347
3802
3956
4158
4132
4084
4079
4030
3779
3806
3791
3710
4196
4207
3736
3999
4022
4065
4411
4026
4032
3958
4037
3891
4161
3964
4155
4024
4036
3657
3965
3943
4052
3880
3936
4215
3908
3983
3956
4077
3879
3632
4081
4037
4173
3914
4248
3869
3998
3991
3807
4076
3957
3976
4069
3958
4034
3731
4376
3898
3916
3859
4157
4237
4187
4023
3983
4111
3955
4055
3838
3920
3685
3964
3911
3940
4192
3825
4204
3944
4314
3897
4187
4334
4025
3952
3986
4267
4057
4071
4248
4333
3867
4258
3944
3875
3880
3926
4014
4378
4047
3982
3947
3976
4079
3861
3993
4174
4329
3812
4357
3871
3925
4084
4004
4223
4268
4210
4258
4165
4048
4277
4100
4109
4332
4212
3951
4315
3997
4062
4623
3856
4079
4120
4404
4396
4342
4352
3940
3982
4184
4086
4367
4150
4352
4241
4142
4185
4009
4261
4247
4127
4143
4308
4089
4089
4053
4159
4277
4189
4178
4341
3930
4584
4174
4467
4299
4048
4407
4474
4429
3854
4116
4280
4131
4125
4040
4062
4345
4107
4506
4161
4512
4274
4174
4342
3808
4087
4255
4342
4187
4877
4276
4381
4309
4325
4441
4324
4385
4237
4116
4195
4215
4346
4260
4135
4549
4164
4191
4549
4551
4291
4293
4198
4373
4219
4158
4083
4319
4194
4345
4513
4498
4644
4251
4350
4493
4392
4190
4330
4203
4481
4318
4148
4774
4548
4490
4207
4429
4311
4524
4532
4662
4272
4325
4377
4399
4512
4478
4362
4269
4410
4344
4578
4276
4619
4315
4563
4421
4217
4452
4518
4695
4426
4365
4728
4654
4352
4838
4416
4441
4645
4586
4535
4544
4574
4446
4754
4694
4555
4662
4523
4665
4632
4882
4428
4709
4689
4459
4942
4833
4773
4389
4841
4776
5252
4606
4721
4697
5053
4877
4649
4948
4760
4497
4720
5054
4674
5240
4736
4809
4716
4948
5358
4703
4776
4623
4783
4902
4809
4644
4802
5049
4772
4884
4743
4926
4732
4650
4826
4893
4994
4912
4780
4936
5001
5139
4949
4979
4798
5047
4907
5125
5083
5016
4867
4729
4880
4811
5015
5049
5175
4942
4872
5114
5107
4980
4922
4922
4857
5142
5059
4821
4827
4921
5185
5619
5066
5054
5019
5165
4980
5194
5236
5223
5060
5120
5563
5186
5123
5227
4986
5238
5254
5090
5146
5087
5198
5232
5232
5571
5314
5377
5419
5316
5308
5397
5372
5362
5340
5240
5455
5158
5380
5366
5414
5166
5245
5572
5437
5565
5599
5341
5775
5411
5614
5377
5412
5477
5673
5412
5626
5426
5261
5421
5658
5393
5404
5702
5675
5905
5893
5525
5484
5621
5786
5673
5856
5620
5757
5787
5639
5564
5433
5614
6131
5687
5762
5915
5886
5928
5946
5857
5719
5823
6009
6115
5998
6188
5885
6112
6242
5808
5919
6190
5783
6041
6210
6228
5968
6111
5942
6022
5896
6011
5990
5994
6172
5869
6278
6082
6287
6270
6240
6232
6447
5977
6000
6269
6164
6122
6528
6021
6590
6073
6363
6400
6633
6352
6377
6353
6521
6553
6621
6521
6728
6455
6666
6405
6742
6440
6822
6743
6859
6861
6791
6746
6842
6890
6826
6413
6743
6707
7006
6814
6821
6902
6640
6916
6740
6891
7221
7124
7281
7222
7462
7113
6906
6879
7048
7103
7141
7177
7082
6991
7028
7167
7195
7067
7277
7220
7364
6997
7403
7397
7590
7305
7386
7359
7454
7352
7091
7388
7306
7590
7366
7579
7706
7840
7579
7708
7684
7761
7529
7862
7723
7487
7652
8203
7726
7952
8299
7857
7849
8037
8127
8600
7819
8378
8494
7997
7869
8062
7739
8087
8454
8516
8148
8364
8356
8296
8267
8422
8416
8602
8504
8864
8550
9163
8949
8631
8631
9165
8891
8820
8918
8745
8883
8832
9300
9034
9065
9453
9321
9107
9731
9396
9147
9119
9498
9548
9273
9244
9313
9602
9910
9791
9881
9780
9479
9671
9403
9730
10203
9779
9802
10191
10082
10361
9711
9988
10202
10063
9788
9975
9956
9697
9795
9910
10469
10322
10419
10407
10565
10475
10651
11044
10719
10591
10615
11002
10779
11434
11243
11058
11185
11396
11013
10917
11081
11130
11516
11305
11199
11541
11659
11512
11380
11803
11730
11877
11890
11756
11890
11927
11976
12135
12130
12113
12433
12462
12273
12098
12301
12260
12554
12596
12319
12950
12706
12764
12971
12972
13037
13195
13086
13046
13070
13041
13413
13305
13317
13384
13228
13452
13357
13564
13971
13544
13650
14006
13739
13707
14259
14164
13782
13964
14234
14216
14526
14368
14285
14588
14632
14468
14834
14930
15182
14938
15236
15086
15041
15467
15188
15776
15268
15518
15357
15742
15388
15691
16038
16346
15989
16111
16145
16440
16576
16201
16598
16888
16546
16602
16557
16512
17039
16736
17199
17202
16829
17302
17446
17224
17221
17248
17261
17600
17481
17694
17666
17472
18414
18204
17801
17708
18391
18181
18265
18234
18548
18470
18310
18716
18460
18712
18688
18740
18760
18951
19137
19047
19316
19220
19314
19622
19897
19917
19836
19878
20295
20301
19924
20157
20249
20640
20528
20516
20597
20965
20745
20770
20968
21058
20891
20789
21548
21257
21538
21261
21677
21463
21600
21604
21414
21453
21402
21778
21231
20850
20737
20864
21056
21573
22100
22757
22861
22923
22650
23106
23134
22716
23204
23026
23280
23434
22983
23343
23588
23357
23435
24222
24004
24064
23999
24018
24052
23936
24133
24368
23965
24584
24262
24454
24810
24226
24774
24860
24674
25064
24898
25664
25510
24776
24920
25388
25279
25108
25106
25297
25294
25686
25389
25849
25884
25416
25878
25878
25881
25516
25952
25892
26262
25934
25856
26440
26605
25946
26556
26079
25975
26123
26588
26735
26240
27168
26548
26970
26808
26574
26863
26611
26855
26671
27370
27220
26786
27090
26746
27396
26890
26797
27273
27381
27400
27412
27209
27381
27620
27590
27712
27589
27362
28038
27460
27428
27690
27815
27911
27674
27534
27727
27760
27579
27627
27674
27661
27926
28356
27962
27978
28680
28014
28118
28448
28833
28472
28503
28144
28276
28243
27933
28167
28330
28389
28916
28666
28055
28496
28264
28273
28427
28188
28653
28212
28202
28508
28278
28344
28164
27978
27905
28458
27850
28450
27722
28338
27932
28044
27810
27795
28288
28590
28207
28381
28258
28135
28067
27904
28325
27914
28382
27874
28218
28386
27954
28301
27972
28420
27837
27600
27837
27840
28001
28139
27498
27301
27830
28175
27729
27584
27504
27725
27441
27375
27540
27334
28032
27541
27296
27672
27464
27504
27554
27254
27249
27473
27528
27465
27206
26765
26856
26724
26890
27153
27146
26950
26978
26554
27709
26472
26237
26413
25992
26157
25799
25684
25754
25564
25788
25954
25962
26059
26068
25698
26004
25874
26237
25389
25867
25216
25483
25188
25188
25341
24557
24228
24523
24050
24157
24270
24907
24461
24232
24469
24756
24213
24548
24980
24282
24792
23962
24336
24027
23966
24080
24501
23952
23556
23710
23718
23688
23963
23299
23354
23718
23396
23667
23357
23245
23026
22868
22872
22792
22664
22612
22682
22412
22548
21754
22429
22568
22037
22157
21780
21684
21863
21520
21175
21324
21583
21438
21172
21078
21182
20846
21058
21099
20369
21010
20386
20630
20298
20288
20262
19976
19946
19232
19513
19106
19405
19122
19318
19174
19214
19013
18868
19069
19305
19062
18868
18142
18154
17878
18075
18358
18005
18202
18576
17965
17922
17609
17216
17508
17577
17277
17006
17037
17492
17413
17165
16759
16714
16702
16941
16460
16230
16148
16036
16198
15677
16118
15680
15616
15524
15644
15522
15229
15749
15084
15263
15023
15201
14892
14553
14673
14547
14477
14550
14064
14407
13784
13978
14447
13737
14080
13687
13759
14080
13748
13642
13856
13281
13663
12992
13203
12702
12744
12882
12227
12584
12450
11995
12494
12094
12316
12046
11940
11997
11809
11567
11542
11528
11410
11886
11364
11226
11752
10935
11334
11103
11170
11031
10897
10662
10911
10677
10466
10702
10277
10012
10054
10143
9918
10041
9684
10082
10104
9627
10082
9156
9110
9120
9420
9762
9262
9422
9486
9323
9220
9435
9259
8732
8850
8855
8820
8888
8598
8681
8402
8463
8429
8662
8718
8324
8405
8000
7841
8175
7997
8077
7865
7991
7995
7610
7769
7777
7639
7758
7983
7392
7747
7717
7838
7263
7419
7377
7455
7121
7192
7265
7337
7142
7055
7004
6592
7405
7083
6957
6944
6586
6738
6628
6948
6578
6649
6416
6660
6694
6662
6292
6328
6463
6571
6542
6183
6161
6253
6132
6115
6157
6165
5834
6145
6162
5980
6469
6069
6074
6083
5890
6080
5599
5711
5956
5837
5309
5741
6056
5654
5655
5885
5541
5345
5711
6044
5469
5611
5289
5504
5360
5376
5260
5437
5255
5250
5260
5688
5189
5301
5234
5195
5160
5307
4946
5150
5378
5520
5215
5185
5149
5243
5304
5102
5054
5060
4807
4882
4982
4708
4912
4875
5064
5020
5157
4863
4672
4973
4615
4890
4768
4653
4638
4660
4931
4915
4986
5078
4644
4445
4598
4676
4584
4848
4857
4487
4565
4449
4536
4682
4480
4639
4408
4667
4658
4620
4370
4496
4431
4735
4453
4333
4656
4420
4328
4665
4523
4669
4557
4289
4345
4670
4315
4527
4385
4289
4546
4548
4213
4194
4030
4346
4381
4417
4255
4080
4073
4251
4283
4352
4045
4231
3920
4396
4325
3934
4180
4510
4210
4155
4078
4595
4258
4224
4178
4067
4008
4117
4132
4103
4038
4253
3742
4135
4143
4400
3754
4031
4190
4045
4066
4043
4150
3822
4171
4165
3702
3965
3725
3969
4047
3965
3944
3886
4057
3930
4119
3984
4128
3997
3911
3960
3920
3826
3741
4033
4155
3922
3698
3821
3670
3751
4133
3754
3654
4047
3892
3930
4041
3555
3752
3734
3916
3980
3814
4090
3817
4023
3837
3999
3782
3924
3844
3762
3828
4142
3936
4031
3725
3884
3767
4196
3737
3826
3769
3712
3515
4080
3592
3750
3833
3521
3604
3951
3667
3746
3632
3720
3648
3784
3898
3595
3528
4339
4013
3577
3623
3892
3665
3799
3612
3777
3815
4149
3590
3417
3786
3896
3820
3444
3635
4075
3730
3819
3604
3638
3649
3767
3701
3791
3440
3585
3818
3474
3690
3723
3733
3676
3727
3807
3466
3370
3524
3661
3620
3873
3752
3996
3282
3469
3638
3526
3591
3794
3564
3893
3581
3987
3790
3537
3643
3918
3565
3479
3764
3813
3262
3813
3480
3410
3425
3656
3847
3686
3393
3503
3708
3829
3350
3371
3767
3640
3731
3651
3663
3645
3542
3541
3443
3610
4282
3531
3733
3332
3513
3674
3352
3528
3695
3540
3498
3562
3543
3542
3766
3614
3514
3909
3371
3645
3611
3441
3802
3760
3614
3528
3491
3532
3425
3806
3732
3441
3343
3465
3690
3534
3392
3272
3506
3470
3183
3360
3665
3766
3729
3486
3474
3456
3635
3178
3610
3468
3355
3334
3324
3313
3418
3454
3375
3654
3329
3855
3461
3606
3368
3868
3479
3613
3114
3231
3736
3674
3371
3451
3094
3490
3464
3733
3616
3652
3539
3500
3243
3307
3639
3546
3276
3184
3346
3711
3456
3524
3503
3424
3305
3388
3902
3187
3513
3408
3582
3027
3291
3393
3505
3221
3435
3279
3400
3251
3452
3387
3567
3355
3490
