6180
6303
5702
6024
6041
6548
5889
6084
6133
5894
6178
5936
6021
5775
5889
6314
6077
6028
6248
6362
5803
6048
5848
6166
6519
6098
6298
5980
5939
6262
6213
6105
6014
5802
6078
6274
5802
6496
6157
6426
6259
6219
6162
6243
6495
5998
6550
5981
6332
6454
6722
6380
6538
6167
6253
6252
6264
6013
6279
6623
6349
6176
6585
6361
6331
6203
6230
6148
6390
6460
6137
6171
6357
6388
6394
6539
6318
6228
6210
6288
6618
6430
6488
6303
6400
6672
6582
6247
6723
6539
6617
6690
6717
6576
6388
6548
6389
6635
6973
6416
6492
6282
6747
6416
6558
6802
6514
6929
6471
6437
6549
6456
6995
6641
6808
6312
6631
7100
7017
6852
6747
6571
6613
6877
6787
6868
6939
6941
6373
6809
6664
6512
6918
6882
6961
6726
7006
7169
6982
6836
7006
6978
6631
6901
7194
7141
6860
7067
7014
6854
7012
6593
7460
6958
6533
7092
7100
7113
7374
7038
7486
6951
7109
7018
6872
7159
7486
7017
7275
6717
6894
7181
7161
6909
7100
6978
7064
7182
7248
7271
7095
7586
7299
7272
7222
7557
7230
7202
7441
7312
7569
7168
7390
7282
7084
7285
7262
7292
7321
7620
7039
7179
7459
7265
7237
7420
7517
7283
7497
7293
7375
7428
7560
7336
7310
7234
7726
7444
7553
7461
7758
7728
7487
7238
7915
7700
7517
7679
7325
7828
7354
7516
7627
7742
7444
7742
7705
7512
7693
7577
7862
7863
7526
7601
7869
7735
7746
7828
7561
7987
7742
8075
7750
7894
7769
7649
7686
7768
8143
7718
7889
8054
7757
7876
7767
8046
7713
7722
8051
8139
8247
7954
8270
8146
7770
7868
8288
7876
7867
8255
8244
7986
8481
7921
8209
8035
8127
8110
8056
7994
7927
7878
8050
8019
8540
8199
8387
8068
8110
8183
8281
8372
7968
8122
8077
8032
8291
8221
8154
8261
8362
8890
8626
8326
8110
8473
8575
8465
8591
8283
8714
8078
8413
8458
8329
8262
8734
8530
8475
8757
8461
8323
8228
8561
8508
8834
8764
8393
8559
8454
8783
8726
8657
8383
8510
8764
8865
8780
8477
8471
8362
8366
8476
8453
8809
8779
8752
8913
8740
8899
8536
8871
9021
8398
9091
8678
8878
8520
9069
8834
8548
8610
8924
8867
8862
8726
8958
8885
8943
8954
8792
9151
8598
9081
8748
8974
8977
8880
9058
9052
9198
9416
8941
9050
9210
9147
9044
9080
9159
8933
9220
9338
9035
9525
9368
9439
9240
9583
9349
9208
9409
8991
9367
9537
9224
9351
9376
9188
9320
9425
9510
9465
9424
9472
9709
9396
9547
9070
9416
9457
9244
9477
9711
9472
9634
9498
9762
9594
9650
9460
9775
9738
9784
9381
9412
9669
9478
9682
9593
9752
9763
9748
9800
9793
9801
10285
9695
9636
10262
9955
9995
9952
9981
9870
9950
10340
9920
10104
9669
9954
10235
9981
9485
10238
10448
10280
10382
9821
10509
9658
9924
9909
10188
10184
10098
9893
10440
10291
10090
10417
10332
10212
10068
10142
10451
10331
10509
10516
10235
10259
10525
10509
10265
10572
10726
10346
10611
10293
10125
10520
10343
10640
10657
10862
10436
10760
10724
10500
10434
10359
10936
10654
10462
10673
10314
10789
10936
10830
10582
10701
11000
10621
10976
10933
10997
10868
10749
11124
10775
11107
10889
11318
11032
10941
11174
10666
11138
10706
10843
10891
11108
11366
11066
10990
11081
11117
11420
10940
11118
11474
11105
11173
11172
11280
11375
11159
11510
11050
11130
11122
11197
11223
11320
11365
11124
11549
11444
11346
11100
11634
11536
11344
11398
11168
11229
11475
11490
11805
11472
11410
11528
11470
11348
11364
11412
11237
11658
11517
11507
11524
11462
11370
11602
11920
11869
11792
11756
11754
11794
11678
11709
11754
11693
12046
11752
12291
11584
12205
11770
12015
11771
12009
12381
12054
12083
12029
11594
11995
12011
11935
11675
11517
11618
11714
12196
11380
11896
12061
12060
12255
12011
12258
11869
12372
12398
12791
12688
12418
12308
12491
12432
12502
12165
12448
12373
12429
12679
12674
12498
12696
12653
12577
12623
12706
12714
12717
12561
12712
12869
12552
12775
12758
12548
12890
12978
12717
12637
12731
12795
13140
12886
12530
12508
12674
12657
12614
13060
12582
12853
13094
12919
12707
13059
13044
13120
13050
13113
13102
13599
13149
13319
13300
12961
12670
12901
13088
12873
13090
13037
13443
13009
13252
13376
13690
13275
13429
12981
13428
13407
13773
13618
13748
13973
13661
13788
13402
13430
13357
13506
13726
13861
13816
13554
13354
13766
13946
13821
13733
13872
14021
13714
13972
13326
13705
13699
14004
14045
13710
13754
13862
14001
13780
14165
14130
13774
13937
13993
14280
13867
14586
13880
14077
14155
14337
13870
14127
13879
14242
14212
14266
14246
14133
14045
14411
14313
14231
14448
14506
14372
14608
14636
14528
14696
14769
14555
14694
14301
14476
14412
14842
14513
14968
14650
15024
14267
14696
14866
14475
14950
14493
15134
14834
14913
14841
14978
14920
14821
14788
15018
15156
14702
14651
15051
14690
14933
14958
14708
14892
14860
15051
15028
15515
14663
14980
14894
15155
15552
15147
15153
15233
14912
14896
15695
14988
15145
14782
15605
15063
15359
14968
15460
15639
15314
15278
15186
15609
15565
15348
15910
16008
15452
15392
15502
15584
15352
15811
15629
15655
15863
15616
15757
15848
15966
15386
15788
15958
15893
16427
15769
15809
15397
15766
15716
15780
15689
16085
16117
15687
15814
16096
16183
16317
15994
15991
16024
16262
16097
15886
16260
15585
15715
16138
16121
15778
15488
15653
15665
16109
16221
15806
16414
16504
16384
16170
16674
16852
16661
16257
16830
16248
17097
16319
16999
16390
16756
16648
16606
16774
16667
16532
16882
16489
16683
16988
16525
16733
16612
16457
17003
16708
16852
16829
16918
16853
16720
16555
16430
16697
17048
16731
17087
17072
17070
16921
17595
17181
17404
17048
17334
17188
17129
17054
17183
17032
17308
17391
17213
17234
17361
17289
17101
17602
17579
17632
17754
17923
17403
17752
17493
17952
17706
17223
17694
17957
17592
17988
17805
17674
17688
17854
17828
17482
17600
17538
17762
17412
17773
17788
17878
17914
17849
17787
18008
18224
18534
18121
17848
17768
18330
18124
18256
18172
18092
18274
18651
18090
18052
18004
18107
18388
18184
18276
17993
18742
17653
18056
18551
18022
18707
18634
18458
18365
18423
18736
18722
18270
18644
18602
18857
18198
18872
18600
18560
18435
18657
18560
18471
18296
18004
18350
18669
18624
19410
18660
18562
18841
19197
18758
19149
19442
19295
19139
19018
19203
19404
19153
19668
19681
18952
19310
19252
19319
19474
19712
19306
19200
19163
19021
18485
19281
19220
18822
18780
18603
19031
18765
18734
18907
19028
19016
19271
18963
19143
19604
19629
19260
20032
19584
19556
19834
19914
19841
19560
20238
19533
19654
19437
19463
18765
18624
18279
17477
16859
16033
15491
15213
14964
15412
16009
16459
17145
17772
18688
19820
19640
20785
20236
20420
21169
20778
20573
20660
20551
20527
20488
20715
20762
20923
20752
20856
20458
20428
21176
21050
20533
20873
20772
20811
20412
20885
20608
20303
20303
20525
20522
20524
20757
20681
20516
21074
20885
20881
21175
21388
21179
20668
21268
21370
20529
21368
21037
21135
21192
20736
21172
20752
21634
20793
21170
20552
21182
21353
20864
21265
20970
21203
21020
21339
21161
20992
21265
21356
21176
20810
21505
21228
21552
21112
21236
22016
21551
21691
21913
21432
21891
21208
21501
21331
21458
21568
21765
21563
21380
21330
21556
21238
21338
21448
21762
21592
21668
21735
21562
21941
21677
21941
21632
21660
21817
22357
22103
22165
22537
21995
22152
22390
22484
21989
22436
22868
23001
22244
22572
22158
22346
22365
22950
22409
22548
22107
22900
22613
22314
22504
22563
22760
22467
22737
22854
22587
22907
23153
23012
22775
22843
22428
22157
21420
21506
20764
21094
20865
21264
21745
21556
22470
23051
23043
23291
22587
22696
23264
22837
22980
23244
22932
23272
23172
23031
23124
22882
23272
23808
23490
23320
23280
23588
22857
23185
23733
23098
22889
23181
23074
23246
23470
23059
23696
23500
23243
23258
23255
23499
23368
23096
23710
23140
23744
23120
23668
23658
23339
23445
24136
23697
24036
23828
23917
23924
23699
23912
23501
23824
23958
24384
23844
24269
23953
24200
23954
24306
24161
24068
24004
23923
24271
24082
24295
23899
23865
24060
24125
24091
24006
24287
24505
24585
24205
24323
24326
24487
24552
24258
24298
24176
24303
24987
24380
24402
24376
24241
24913
24468
24670
25302
24810
24699
24786
24715
24148
25000
25031
24728
24772
24912
24518
24842
24770
24581
24725
25120
24901
25046
24823
24960
24838
24511
25055
25286
25169
24793
24760
25156
25478
25270
25101
24976
24920
25534
25444
25450
25044
25014
25602
25761
25331
25205
24972
25346
25624
25338
25308
25349
25522
25337
25024
25178
25490
25684
25529
25284
25705
25562
25338
25431
25582
25566
25225
25222
25470
25146
25532
25552
25242
25252
24527
25142
25127
25188
24914
24996
25374
25733
25291
25880
25832
25910
25856
25752
25719
25815
25774
25869
25738
25566
25003
25429
25856
25309
25626
25565
25312
24950
25131
25476
25762
26048
25814
25941
25913
25808
26279
25807
25664
26112
26039
25976
25965
26056
26023
25694
25728
25930
26326
26363
26207
26093
26351
26384
26394
26606
26420
25961
25949
26322
26540
26656
26467
26728
26325
26342
26360
26046
26566
26527
26118
26866
26447
26402
26290
26504
26337
26495
26351
26128
26500
26530
26206
26764
25987
26635
26180
26517
26637
26365
26361
26581
26397
26406
26502
26584
26436
26390
26543
26453
26853
26576
26507
26900
26436
26522
26664
26347
26508
26727
26913
27017
26802
27064
26564
27191
26937
26483
26733
26869
26756
27181
26656
26756
26906
26952
27032
26267
26692
26816
26724
26667
27149
26796
26838
27008
26669
27136
26818
26996
26934
27476
26940
26889
26778
26658
27028
27224
27141
27044
26922
27215
26900
27097
26928
27117
27087
27146
27197
26880
27318
27351
26772
27150
26954
27227
27566
27385
27078
27103
27446
27048
26990
27219
27060
27413
27380
27115
27292
26945
26974
27042
26954
27036
27170
27124
26702
27351
27509
27118
27013
26977
26918
27131
27432
26872
27042
27322
27588
27062
27426
27246
27421
27801
27720
27325
27291
27380
27385
27552
27261
27526
27552
27482
27428
27596
27305
27117
27626
27776
27545
27501
27808
27372
27212
27503
27380
28069
27192
27312
27788
27780
27793
27580
27224
27408
27540
27124
26540
26716
26621
26267
26663
26822
26884
27268
27237
27747
27796
28071
27344
27997
27435
27348
27226
27318
27574
28205
27240
27764
27326
27572
27786
27221
27338
27354
27509
27284
27343
27292
27760
27295
27097
27228
27441
27722
27403
26989
27630
27230
27194
27289
27399
27458
26864
27311
27527
27471
27928
27408
27460
27215
27092
27615
27553
27311
27097
27896
27700
26993
27868
27169
27826
27090
27242
27851
28029
27738
27716
27318
27217
27434
27460
27529
27202
28062
27514
27552
27922
27365
27389
27778
27254
27425
27614
27213
26856
27164
27607
27389
27575
27273
27136
27494
27424
27419
27136
27342
27384
27337
27273
27280
27094
27300
27204
27370
27213
27346
27197
26909
27350
26964
27410
27765
27275
27108
27376
27305
27292
27324
27029
26851
27162
27304
27420
27142
26957
26888
27025
27084
27245
27103
27405
27016
26998
27253
26752
27325
27236
27087
27220
27514
26631
27557
27433
27151
27226
26706
27186
27291
26908
27010
26450
27029
27383
27194
26806
27420
27258
27288
26962
27022
27129
27153
27222
27074
27466
26619
26721
26384
26381
27406
27074
26417
26748
26781
26884
27108
26562
27064
26762
26696
26756
26756
26824
26797
26972
26867
26589
26714
26637
26828
26524
26378
26941
26619
26510
26573
26738
26580
26091
26510
26603
26525
26348
26629
26740
26389
26821
26221
26194
26248
26508
27016
26445
26483
26366
27080
26268
26280
26176
26478
26273
26400
26062
25886
25956
26077
25964
25668
26040
25456
26068
26020
26014
26644
25813
26138
26144
26606
26178
26260
26249
25986
25856
25892
26260
26210
26004
25911
26086
25626
26084
25690
25459
25794
25501
25456
26001
25637
25508
25269
25496
25420
25460
25357
25817
25772
25204
25802
25053
24964
25589
25124
25553
25482
25412
25518
25697
25625
25393
25444
25604
25423
25450
25030
25419
24832
25268
25485
25192
25615
25197
25156
25642
25345
25140
24910
24399
25060
24674
25252
24960
24534
25002
24406
24682
24685
24937
24901
25013
24477
24640
24722
24437
24414
24525
24686
24638
24524
25018
24555
25028
24836
24710
24610
24070
24442
24392
23714
22971
23266
23669
23833
23769
23560
24085
24324
24138
24447
24100
24533
23962
23845
24077
24322
23732
24111
23808
23906
24624
24184
24267
24020
23953
23782
23812
24078
23787
23143
23284
23808
23483
23719
23766
23734
23556
23380
23453
23517
23457
23709
23468
23380
23208
22997
23215
23338
23121
23285
23433
23293
23414
23421
23401
23128
22971
22833
23288
23110
23225
23056
22895
23312
23364
23140
22798
22233
22348
22304
22269
22386
22076
22348
22249
22676
22601
22639
22493
22680
22777
22372
22390
22036
22067
21956
22137
22114
22052
22229
22402
22399
22347
22211
22542
22151
21912
22366
21708
21946
22444
22044
21898
22157
21978
21706
22333
22043
21688
21674
21625
21720
21729
21962
21673
21547
21592
21543
22040
21653
21540
21320
21609
21138
21754
21170
21231
21604
21405
21584
21377
21956
21081
20864
21468
21704
20959
21677
20845
20685
21072
21252
21370
21298
21436
20820
20854
21122
20564
20538
20622
20835
20468
20783
20528
20756
20611
20596
20593
20853
20698
20471
20425
20589
20674
20498
20469
20593
20075
20688
20174
20269
20450
20630
20110
20084
20148
19850
20376
19859
20148
20121
20377
20326
19957
20026
19667
20069
19736
19574
19781
19509
20058
19866
19706
20432
19776
19776
19840
19674
19616
19979
19820
19840
19512
19848
20215
19537
19674
20006
19494
19362
19343
19565
19412
19460
19545
19120
19158
19669
19369
19584
19512
19065
19291
19117
19243
19229
19266
19040
19128
18765
19106
19269
19053
19180
18938
19394
19358
19445
19392
18862
19192
18954
19099
18869
18654
18799
18836
18826
19048
18436
18612
18737
18618
18716
18862
18866
18900
19120
19273
18756
18954
18913
18837
18948
19204
18859
18964
18606
19025
18938
18385
18546
19081
18816
18585
18833
18675
18807
18426
18536
18293
18607
18554
18925
18419
18786
18652
18358
18608
18702
18163
18347
18329
18359
18697
18295
18546
18308
18579
18158
18121
18116
18295
18392
18329
17850
18229
18506
18466
18400
18367
18333
18513
18093
18338
18199
18096
18314
18292
18240
18416
18292
18246
18370
18370
18274
18577
17925
18393
18266
18444
18644
18510
18373
18492
18278
18276
18308
18636
18330
18552
18726
18492
18312
18560
18298
18426
18282
18444
18367
18856
18006
18405
18540
18502
18429
18502
18429
18853
18785
18562
18934
18889
18956
18930
18251
18370
18540
18193
18869
18584
18173
18277
18834
18633
18347
18858
18725
18724
18214
18762
18697
18777
18664
18649
18563
18321
18466
18488
18584
18548
18461
18746
18971
18968
19087
18966
18904
18840
18944
19009
19382
19370
19090
19426
19884
19282
19395
19628
19096
19427
19677
19501
19644
19345
19584
19772
19257
19032
19092
19048
18980
19344
19262
19369
19402
19228
19869
19700
19764
19764
19977
20235
20253
20310
20582
20442
20337
19773
20752
20189
20363
20854
20426
20632
20640
20759
20437
20717
20514
21103
20571
21301
20900
20363
20589
21028
21107
20863
20776
20939
21120
21438
21218
21616
21721
21331
21608
21191
21999
21899
21688
21882
22230
21752
22221
21526
22100
21404
21309
21379
21272
21686
21528
21416
21519
22191
22008
22404
22656
22565
22628
22557
23145
22917
22493
23035
23172
23004
23146
23557
23134
23535
23508
23207
23531
23609
23481
23877
23758
23765
23778
23986
23812
23618
23946
24330
24140
24286
24335
24538
24783
24548
25003
25042
25117
25365
25522
24907
25094
25114
25288
25355
25424
25243
26155
25856
26050
26104
25832
26183
26428
26485
26357
26301
26139
26566
26564
26886
26907
26691
26792
27032
27099
27688
27552
27608
27499
27914
27852
27803
27974
27949
28127
27944
27904
28436
28740
28804
28928
28936
28996
29517
29558
29549
29179
30038
29449
29994
29876
29425
30468
30312
30136
29868
30508
30296
30468
31342
31533
31198
31268
31096
31407
31745
31468
31843
31792
32092
31684
31812
31813
32259
32329
32738
32308
32888
32856
33110
33025
33281
32985
33394
33110
32703
33140
33734
33517
34392
34738
34004
33828
34428
34340
34336
34974
34981
35097
35010
35592
34788
35613
35018
35536
35498
36004
35820
36317
36086
36025
36074
36628
36480
37278
37077
37060
37785
37451
37666
37604
37764
38020
37740
38168
38628
38276
38125
38258
38589
38910
38766
38912
39610
39417
39642
39780
39772
39830
39577
39775
39556
39004
39604
39029
38818
38420
38183
38168
38538
39604
40194
40760
41677
41964
41933
42084
42092
42224
42069
42452
41844
42333
42189
42523
43005
42601
42410
43565
43357
43676
43211
43145
42887
43717
43323
43962
44212
44308
44164
44362
44100
44176
44550
44523
45161
44806
44918
45453
45480
45272
45789
45061
45448
46024
45680
45418
45780
45540
45534
46314
46308
46260
46013
46218
46298
46693
46682
46975
46308
46538
46768
46976
47516
47013
46690
46623
47337
46464
47198
47620
46953
47669
47565
47444
47981
47673
47624
47744
48116
47316
47892
48245
48193
48776
47962
48594
48264
48024
48069
48681
48541
48656
48565
49204
49142
48724
49054
48664
49134
49556
48642
48786
49028
48916
48899
48906
48358
49348
49202
48996
49252
49450
49506
49364
49417
49178
49636
49821
49437
49420
49814
50196
49907
49728
49436
49882
50154
49078
49932
49956
49981
50202
49802
50140
49930
50133
50196
50006
49540
50047
49451
49611
49636
49370
49550
49408
49288
49582
49058
49501
49566
49321
49463
49288
49410
49496
48842
49328
49366
49749
48710
49412
49317
49028
48865
49262
49174
49606
49164
49148
49006
49184
48906
49408
48964
49051
48144
48749
48725
48642
48635
48338
48456
48362
48330
49000
47931
48344
48506
49112
48280
47765
47740
48004
47636
47776
47716
47082
47956
47700
47433
47322
47401
47541
47360
47240
46592
46831
46445
46774
46059
46636
46616
46058
46172
46546
45929
45174
45292
45492
44765
44826
45094
44317
44602
44233
44472
44372
45076
44228
44572
44018
43978
44814
43430
43702
44042
43918
43234
42820
43169
42158
41757
41582
41614
41941
41363
41519
41546
41508
41552
41878
41722
42435
42536
41892
42072
41680
40949
41364
40996
41168
41911
41270
40644
40502
40714
40424
40522
39839
39667
40133
40104
40016
39498
39598
39366
38990
39220
38500
38144
38886
38288
38057
38022
37920
37562
37908
37220
37290
36794
36605
36580
36420
36260
36685
36342
36533
35828
36096
35754
35482
35626
35392
34905
35179
34265
34669
34164
34506
34048
33707
33555
32670
32616
32338
32226
31940
32300
32540
31954
32100
31978
32118
31899
31679
30914
30580
30800
30474
30345
30884
30296
30498
30552
30032
29622
29499
29138
29400
29416
29162
28892
28320
28941
28458
28325
27670
27812
28336
27831
27353
26988
27073
26540
26929
26617
26804
26409
26658
26180
26000
25850
26085
25882
25024
25134
24922
25258
24730
24414
24440
24463
23988
23965
23862
24050
23532
23437
23684
23266
23342
23063
22792
22766
22532
22761
22597
22180
22457
21742
21597
21402
21533
21196
20954
20936
20576
20669
20488
20413
20366
19892
19755
19929
19163
19258
19196
19124
18971
18906
19001
18770
18794
18102
18432
18456
18134
18260
17866
17322
17675
17661
17564
17034
17044
16618
16378
16542
16201
16299
16204
16687
16517
15764
16326
15016
15246
15037
14907
15563
15124
15352
15186
15204
15148
14708
14864
14439
14561
14662
14469
14285
14093
14186
13976
14029
14075
13858
14066
13648
13797
13462
13180
13291
13305
12938
12823
12707
12727
12646
12390
12451
12531
12171
12568
12377
12346
12444
12217
11793
11999
11744
12024
11568
11570
11597
11527
11173
10928
11464
10908
11625
11218
10951
11007
10665
10766
10682
10885
10680
10427
10258
10353
10573
10359
10071
10081
10199
10315
10365
9811
9800
9769
9714
9626
9683
9478
9465
9485
9501
9258
9846
9334
9357
9399
9251
9172
8733
8905
8806
8922
8530
8972
8903
8954
8550
8729
8722
8312
8534
9224
8410
8578
8284
8540
8363
8308
8194
8239
8187
8042
8113
8478
7843
8135
8006
7732
7944
7654
7619
7808
8069
8144
7777
7709
7639
7681
7519
7488
7546
7574
7298
7224
7376
7205
7204
7297
7363
7329
7635
7216
6894
7398
6983
7394
7044
6935
6995
7066
7226
7027
7187
7185
6867
6553
6852
6672
6914
6988
6808
6456
6765
6480
6857
6857
6551
6633
6522
6662
6803
6615
6464
6279
6509
6633
6359
6074
6496
6424
6276
6505
6226
6596
6266
6098
6114
6268
6101
6345
6251
5953
6530
6413
6030
6111
5941
5994
6251
6090
5973
5822
5873
5946
6068
6029
5845
5812
5372
5899
5828
5579
5999
5940
5969
5852
5851
6215
5842
5798
5569
5685
5503
5682
5776
5802
5632
5780
5452
5798
5785
6001
5353
5556
5801
5598
5583
5643
5606
5204
5774
5533
5259
5557
5041
5458
5481
5532
5301
5478
5517
5311
5594
5512
5598
5657
5180
5394
5480
5294
5208
5401
5429
5433
5139
5256
5034
5102
5472
5116
5103
5254
5258
5302
5354
5101
5071
5017
5333
5248
5142
5325
5208
5419
5073
5334
4900
5169
4988
4878
5036
5351
5172
5259
5008
5229
4960
5373
4993
5269
5102
4998
4767
5381
4955
5140
5225
4715
5096
5187
5082
5224
4806
5026
4891
4980
5204
4858
4845
5501
5103
4763
4880
5052
5059
4932
4906
4797
4921
5287
4876
4646
5145
5063
4819
4772
4979
5045
4810
4952
4622
4787
4792
4991
4873
4973
4813
4938
4897
4575
4756
4848
4972
5023
4673
4882
4483
4792
4605
4691
4888
5036
4866
5217
4623
4577
4813
4687
4612
4971
4916
4767
4733
5055
4802
4757
4672
5154
4570
4689
4915
4797
4551
5034
4665
4705
4725
4732
4974
4724
4577
4416
4719
4874
4578
4468
4958
4763
4851
4887
4661
4655
4620
4532
4434
4629
5346
4571
4898
4515
4576
4649
4322
4708
4586
4779
4742
4489
4596
4427
4880
4679
4520
4947
4312
4676
4847
4384
4701
4797
4566
4695
4694
4622
4461
4801
4861
4310
4336
4397
4816
4580
4513
4409
4554
4439
4232
4247
4484
4711
4768
4693
4681
4457
4516
4274
4594
4604
4535
4342
4376
4298
4605
4336
4521
4621
4264
4858
4476
4855
4308
4777
4475
4706
4186
4373
4641
4550
4519
4550
4052
4531
4444
4567
4688
4588
4231
4648
4168
4176
4694
4344
4360
4065
4511
4688
4537
4683
4450
4348
4264
4320
4677
3969
4542
4458
4572
4124
4412
4286
4547
4140
4324
4354
4395
4107
4281
4462
4541
4211
4323
