7196
7313
6896
7209
7133
7750
7041
7208
7210
7089
7660
6838
7117
7149
7050
7492
7294
7129
7517
7451
7011
7168
6788
7254
7382
7125
7409
7077
7096
7249
7541
7076
7214
7005
7221
7293
7161
7583
7230
7600
7380
7342
7364
7397
7405
7231
7506
7274
7434
7474
7912
7664
7622
7251
7416
7292
7544
7191
7421
7593
7208
7473
7840
7672
7377
7525
7722
7232
7876
7635
7705
7291
7454
7771
7671
7767
7625
7828
7603
7571
7795
7692
7823
7566
7680
7972
7811
7293
7964
7925
7855
8040
8062
7497
7667
7961
7622
7881
8228
7424
7744
7618
8100
7759
8083
8126
7745
8297
7846
7828
8004
7926
8444
8117
8198
7823
7803
8232
8495
8184
8053
8000
7924
8114
8124
8246
8660
7960
7745
8209
8156
8071
8411
8236
8196
8212
8593
8391
8377
8052
8484
8274
7986
8298
8658
8450
8207
8396
8498
8338
8592
8394
8695
8558
8087
8320
8650
8717
8886
8384
9001
8333
8408
8433
8532
8658
8921
8480
9021
8381
8737
8742
8714
8277
8635
8628
8605
8761
8745
8608
8716
9066
8838
8788
8728
9118
8787
8861
9004
8966
8992
8864
9023
9156
8844
8814
8892
9048
9044
9066
8712
8821
9071
8855
8829
8974
9011
9174
9245
8914
9095
9021
9240
9171
9180
8930
9185
8828
9237
9317
9413
9114
9424
9147
9643
9488
9250
9325
8912
9392
9048
9330
9472
9339
9119
9301
9006
9497
9462
9444
9658
9532
9383
9305
9652
9210
9762
9490
9369
9746
9414
9697
9768
9700
9553
9474
9454
9572
9953
9387
9458
10039
9645
9709
9763
9684
9745
9822
9696
10002
10032
9992
10042
10207
9581
9796
10257
9709
9565
10034
10139
9820
10233
9771
10138
9662
9825
10067
9939
9812
9817
9503
9848
9853
10310
10067
10025
10038
10094
10310
10012
10301
9896
9941
10063
10241
10212
10187
10189
10368
10222
10957
10556
10216
10088
10219
10770
10348
10840
10397
10688
9954
10392
10476
10536
10262
10891
10537
10398
10799
10542
10496
10227
10416
10557
10885
10698
10600
10724
10603
11065
10754
10885
10729
10588
10687
10729
10891
10669
10694
10239
10614
10497
10538
10914
10858
10633
10766
10636
10995
10643
10942
10981
10741
11050
10808
10840
10809
11142
11231
11069
10869
11324
10977
10944
10950
11103
10871
10928
11224
10891
11402
10914
11313
11151
11304
11594
11113
11380
11380
11438
11576
11240
11195
11561
11339
11465
11149
11407
11132
11720
11632
11537
11462
11704
11425
11841
11817
11488
11755
11810
11908
11770
11921
11552
11822
11844
11764
12034
11780
11901
12117
12013
12093
11883
11694
11856
11412
11876
12057
12037
11992
12083
11922
11989
12244
12158
12110
12133
11804
12058
12589
12268
11667
12186
12299
12378
12211
12191
12331
12161
12262
12509
12647
12320
12973
12169
12050
12688
12180
12278
12622
12244
12608
12400
12881
12581
12641
12532
12669
12836
12813
12417
12770
12978
12777
13022
12580
12716
12451
12483
12569
12902
13019
12844
12586
13215
12734
12790
12934
13205
13014
12748
12688
12968
13206
13218
13312
12999
13056
13351
13357
12970
13105
13207
13108
13440
12829
13268
13022
13277
13314
13290
13717
13170
13397
13688
13702
13346
13513
13866
13525
13570
13226
13420
13830
13690
13740
13578
13914
13609
13817
13836
13845
13886
14108
13665
14025
13336
13832
14022
14024
14012
13743
14247
13781
14043
13802
13773
13984
14002
14383
13894
14119
14473
14292
14297
13899
14138
14468
14200
14043
14168
14241
14229
14329
14629
13952
14140
13821
14267
13966
14592
14444
14101
14696
14566
14575
14404
14702
14635
14887
14912
14266
14346
14585
15054
14899
14696
14886
14792
14749
14603
14247
14467
14515
14651
14630
14761
14902
14781
14724
14820
15332
15239
15159
14730
15033
14934
14930
14796
14938
15450
14884
15320
15293
15023
15606
15332
15543
15062
15362
15451
15354
15180
15413
14867
15365
15117
15050
14698
14601
14672
14774
15669
14585
15282
15042
15465
15666
15644
15820
15688
15943
16172
16324
16276
15642
15845
15439
16360
15420
15962
15665
15822
15544
16082
15928
15923
16321
16108
16179
16212
16358
15949
16086
16310
16044
16017
16049
16489
16384
16184
16237
16454
16058
16204
16070
15812
16642
16490
15990
15895
16234
16435
16466
16308
16110
16203
16369
16567
16103
16608
16663
16883
16777
16621
16981
16865
16676
16817
17058
16237
16081
16379
16248
16247
16742
16224
16858
16694
16402
16788
17424
17261
16981
16448
16881
17044
17240
17106
17267
17558
16916
17680
17087
17248
16839
17403
17026
17572
17346
17402
17274
17466
17632
17729
17409
17528
17411
17375
17496
17089
17442
17296
17661
17528
17626
17613
17735
17670
17777
18124
17846
17679
17358
17929
17767
17820
18388
17702
17312
18155
17833
17832
18137
17984
18301
17887
18051
17970
18006
17766
17869
18233
18041
18191
18102
18104
18185
18159
18441
18338
18739
18111
18727
18133
17834
17962
18391
18212
18402
18301
18374
18352
18509
18465
18313
18624
18136
18496
18382
18165
18540
18445
19010
18397
18714
18498
18833
18585
18260
18932
18500
18404
18843
18474
18960
18370
19043
18485
19589
18437
18658
18794
18933
18898
18923
18909
18754
18619
18451
19423
18690
18950
18645
19273
19182
18920
18765
19003
19116
19077
18825
19225
19550
19469
19241
19667
19886
19208
19259
19062
19229
19077
19441
19195
19614
19616
19333
19697
19625
19724
19522
19568
20281
19970
20250
19579
19352
19316
19273
19899
19770
19272
19753
19689
19453
19455
19579
19980
19872
19387
19673
19899
20159
19543
19446
19689
19291
19072
19642
19403
19558
19279
19250
19512
19728
19508
19560
20164
19990
20215
19952
20078
20706
20554
20003
20516
19964
20595
19980
20692
20323
20586
20170
20261
20269
20271
20267
20644
20325
20554
20769
20520
20458
20346
20396
20205
20304
20481
20087
20765
20413
20424
20306
20292
20267
20512
20151
20624
20489
20533
21076
20517
20544
20917
20256
20470
20384
20171
19993
20610
20426
20452
20255
20532
20244
20736
20309
20533
20758
20329
20865
21381
20992
20518
20864
20477
21230
20625
20722
20743
20950
21001
20923
20812
20588
21046
20369
20736
20780
20461
20685
20868
20217
20676
20726
21012
21148
20613
20701
21233
20820
21085
20658
20879
20499
20491
20792
20874
20978
20421
20726
21271
20810
20906
20565
20736
21181
20902
21098
20834
21035
20719
21140
20685
20904
21278
21069
20948
21224
20894
21312
21085
20903
21036
21275
21061
21028
21148
20993
20824
20544
20699
20578
20569
20525
20032
20258
20749
20578
21174
20579
20917
21028
21451
21114
21016
21172
21215
21090
20959
21244
21374
21307
21307
21352
20879
20876
20817
20941
20893
21154
21231
20821
20697
20493
20318
20445
20827
20264
20089
19940
20013
19816
19757
19988
20036
19942
20750
20351
20468
20757
20708
20798
21171
20827
20760
20857
21222
20452
20356
20749
20073
20573
20152
19958
19584
18833
18375
17222
16994
15580
15295
15067
15240
15321
16230
16904
17830
18735
19413
20228
20424
20847
20781
20634
21069
20900
20660
20696
20407
20258
20422
20753
20369
20676
20630
19889
20301
20013
20838
20179
20345
20290
20176
19915
19860
20091
19368
19744
19653
19329
19238
19544
19724
19888
19869
19648
19766
19628
19770
20061
19733
19377
19617
19990
19712
19911
19687
19464
19247
19192
19307
18740
19372
19122
19448
19011
19145
19119
18585
19008
18841
19362
19086
18707
19048
18742
18920
18876
18932
18737
18726
18297
19064
18677
18529
19324
18552
18776
18907
18602
18976
18278
18190
17970
18204
18682
18442
18278
17910
17913
18292
18243
17845
17916
18135
18336
18173
17577
17892
18205
17832
18112
17606
17926
17517
18024
17740
17484
17789
18089
17626
17913
18027
17869
17664
17835
17992
17580
17578
17696
17106
17323
17724
17610
17330
17269
17490
17473
17017
17000
17157
17469
17192
17049
16989
16801
16971
17101
16750
16756
16640
15876
15478
15305
14954
15044
15464
15570
15898
16246
16340
16452
16616
16278
16213
15719
16052
16226
15923
15940
16110
15957
16239
16532
15886
15620
15477
15744
15976
15820
15649
15752
15564
15433
15333
15488
15247
15108
15341
15186
15114
15213
14909
15021
15345
14850
15061
15078
14980
14781
14380
14668
14492
14969
14353
14528
14706
14244
14705
14865
14278
14640
14468
14428
14277
14347
14576
14022
14308
14112
14660
14090
14034
13691
14524
13917
14175
13884
13680
13627
13373
13954
13781
13691
13405
13255
13298
13383
13195
13020
13405
13456
13267
13243
13415
13162
12904
13000
12939
13052
12845
12746
13366
12697
12843
12520
12812
12852
12722
12738
12989
12378
12638
12652
12465
12285
12657
12387
12140
12170
12499
12008
12159
12035
11683
11944
11635
11778
11989
11746
11756
11773
11708
11528
11672
11885
11563
11602
11206
11982
11448
11325
11355
10950
11324
11087
11281
11177
11218
11215
11026
10932
10863
10757
10946
10953
10424
10909
10548
11332
11138
10147
10544
10374
10750
10584
10486
10647
10451
10278
10350
10404
10229
10183
10149
10127
10068
10107
10146
9669
9574
9304
9907
9491
9643
9823
9802
9705
9883
9720
9558
9630
9725
9645
9332
9285
9346
9462
9240
9049
8800
8844
9017
9048
8971
8998
8805
8960
8472
8632
9002
8890
8833
8552
8907
8738
8581
8577
8553
8825
8305
8386
8500
8530
8472
8238
8139
8194
8193
8469
7914
8079
8077
8233
8325
8118
8135
8141
7804
8108
7962
8173
8154
8065
8033
7868
7605
7656
7533
7570
7712
7777
7820
7232
7380
7202
7647
7468
7086
7388
7593
7045
7377
7093
7379
7017
7292
6813
7308
7112
7103
6554
7197
6813
7004
6816
6805
7003
6875
6627
6498
7055
6774
6862
6668
6484
6656
6786
6531
6363
6376
6749
6608
6496
6781
6295
6622
6612
6390
6248
6229
6216
6394
6345
6199
6196
5986
6159
5954
6033
5959
5998
6138
6133
5869
5773
5932
5734
5770
5882
6006
5953
5934
5580
5908
5624
5461
5684
5862
5609
5746
5207
5764
5615
5819
5550
5340
5503
5341
5372
5388
5471
5423
5344
5364
5618
5224
5597
5200
5262
5500
5523
5467
5291
5291
5273
5194
5217
5057
5161
5124
5141
5002
5262
5061
5220
5024
5221
5236
5049
5027
4785
4622
4769
4962
4850
4735
4839
5048
4916
4925
4623
4708
4876
4748
5047
4836
4988
4580
4699
4777
4660
4923
4818
4690
4661
4787
4583
4508
4898
4712
4491
4765
4687
4690
4245
4686
4487
4519
4488
4428
4530
4338
4597
4567
4529
4373
4374
4513
4515
4421
4534
4547
4334
4365
4360
4304
4079
4471
4480
4886
4163
4488
4408
4421
4385
4182
4372
4358
4352
4635
4194
4398
4220
4038
4328
4244
4065
4086
4242
4013
4431
4066
3982
4274
4163
4174
4269
4309
4166
4022
4178
4395
4249
3958
3970
4224
4063
3965
4298
4091
4062
3925
4148
4246
4244
3885
4026
4292
4347
3809
4244
4023
4260
4107
4337
4132
4216
4057
4173
3940
4189
4043
4138
4049
3851
4308
4141
4026
4261
3934
4073
3980
4021
4075
4088
4070
3868
4134
4044
4053
4238
4091
3852
3955
3587
3905
3645
4038
3922
4039
3959
4173
4252
4102
3857
3900
3866
3869
4296
3916
4196
3933
4078
4110
3798
4056
4079
3882
3971
4046
3987
3835
3910
4152
3849
4110
3979
3873
3962
4181
4072
3864
4138
3743
3846
3857
3843
4116
4311
3797
3972
4372
3827
4253
4043
3916
4086
3926
3944
3859
4120
4051
3716
4033
4196
3953
3805
4066
4084
4321
3903
4017
4130
4375
4098
4186
4169
3943
3842
3800
3715
4182
4214
3671
3974
3941
4021
4313
4289
3991
4076
4293
3985
4141
3711
4105
4069
4053
3647
3812
4006
4071
3994
3823
4270
3889
4027
3914
3880
3910
3735
4010
4090
4204
4001
4173
4010
4092
4199
3921
3964
3916
4094
4259
3941
4025
3783
4392
3772
3817
3979
4218
4275
3985
3965
3932
3991
3934
4167
3812
3962
3854
3936
3918
4018
4131
3988
4212
4021
4265
3830
4133
4426
3868
3921
4101
4169
4262
4011
4151
4127
4001
4475
3942
3717
3920
4048
3918
4335
4023
3999
3895
4092
3946
3995
3930
4287
4635
3808
4209
3857
3974
4121
4023
4216
4202
3988
4303
3974
4018
4270
4149
4189
4399
4264
3950
4116
4049
4155
4531
3708
4182
4300
4330
4275
4447
4261
4018
3956
4200
4244
4393
4178
4279
4291
4022
4059
4012
4041
4274
4192
4187
4262
4128
4025
4082
4299
4270
4170
4143
4470
3994
4559
4066
4490
4134
3989
4352
4482
4345
3920
4027
4229
4058
4162
4057
4046
4352
4134
4628
4308
4578
4143
3920
4274
3851
4145
4209
4295
4025
4826
4198
4352
4269
4400
4424
4313
4350
4366
4019
4282
4299
4385
4278
4276
4370
4289
4227
4601
4579
4227
4400
4084
4308
4248
4324
4281
4486
4146
4372
4445
4532
4452
4353
4380
4525
4319
4111
4396
4216
4295
4276
4052
4743
4497
4581
4200
4352
4328
4413
4623
4457
4122
4507
4466
4372
4562
4439
4448
4244
4445
4412
4665
4447
4611
4324
4481
4445
4303
4298
4538
4733
4429
4425
4617
4508
4340
4860
4477
4574
4511
4485
4500
4615
4660
4580
4843
4476
4553
4513
4519
4410
4766
4822
4525
4750
4793
4421
4930
4534
4757
4497
4837
4830
5263
4654
4742
4587
4943
4738
4629
4879
4738
4452
4758
5068
4386
5277
4552
4732
4695
4899
5277
4792
4954
4631
4897
4920
4922
4693
4789
4901
4766
4737
4732
4737
4704
4778
4814
4930
5013
4804
4988
4756
5032
5200
4813
5015
4925
4842
4897
4982
5073
4870
4844
4839
4854
4708
5117
5221
5100
4951
5167
5244
5060
4900
4804
5051
4769
5081
5048
4772
5023
4972
4997
5466
5334
4976
4982
5148
4970
5248
5163
5111
5046
5153
5551
5134
5294
5283
5133
5179
5157
5287
5309
4986
5323
5210
5343
5539
5489
5304
5385
5335
5420
5316
5217
5301
5278
5151
5330
5123
5395
5408
5327
5242
5240
5473
5598
5602
5423
5173
5574
5246
5416
5312
5291
5578
5451
5330
5623
5368
5356
5595
5416
5515
5455
5949
5664
5815
5932
5498
5569
5750
5730
5587
5765
5628
6030
5718
5769
5541
5528
5857
6312
5872
5798
5964
5926
6095
5727
5766
5702
5837
6008
5956
5985
6147
5938
6068
6182
6054
5757
6000
5834
6087
6013
6089
6065
6067
5965
6172
5994
5855
5949
6176
6128
5952
5899
6441
6314
6280
6338
6124
6518
5936
6083
6305
6153
6421
6443
6103
6663
6138
6124
6390
6605
6279
6376
6183
6738
6660
6536
6721
6687
6781
6709
6624
6540
6325
6803
6689
6931
6831
6814
6701
6669
6842
6734
6496
6804
6761
6957
6675
6957
6732
6770
6933
6971
6960
7060
7153
7086
7233
7443
7090
7296
6689
6878
7045
7106
7490
7297
7227
6878
7465
7217
7020
7435
7104
7277
7013
7363
7460
7463
7306
7396
7316
7390
7390
7178
7477
7410
7322
7250
7540
7749
7663
7670
7780
7678
7690
7645
7894
7876
7574
7775
8300
7908
7987
8011
7984
8024
8213
8136
8232
7946
8181
8125
8091
7856
8043
7842
8049
8299
8301
8175
8578
8414
8358
8645
8364
8401
8448
8448
8614
8563
9008
8872
8848
8266
8876
8825
8731
9127
8706
9099
8998
9280
8911
8858
9054
9119
9048
9400
9017
9024
9187
9361
9537
9373
9237
9568
9449
9775
9716
10023
9860
9385
9647
9537
9966
9856
9830
9627
10274
10007
10392
9961
10296
10106
10029
9926
10051
10106
9696
9901
9830
10263
10314
10260
10653
10597
10882
10680
10696
10796
10395
10665
10715
10710
11020
11253
11003
11104
11060
10893
11009
11290
11059
11478
11385
11154
11298
11571
11451
11714
11655
11638
11455
11810
11803
11833
11747
11848
11710
12168
12026
12325
12327
12038
12190
12326
12388
12488
12519
12320
12812
12560
12954
12864
12559
13064
13032
12985
13113
13032
13061
13425
12958
13278
13315
13094
13134
13398
13735
13878
13827
13735
13973
14178
14125
13936
14327
13844
14202
14232
13957
14348
14861
14307
14576
14596
14597
14942
14921
14770
14945
15658
14833
15358
15122
15304
16058
15433
15748
15293
15618
15499
15592
16469
16491
15940
16166
15878
15921
16336
16040
16521
16677
16690
16568
16436
16504
16719
16982
17042
17072
16998
17258
17422
17373
17060
17464
17792
17826
17362
17903
17698
17765
18460
18439
18004
17936
18116
18422
18580
18185
18783
18553
18853
18820
18717
18902
18852
19073
18649
19218
19336
19225
19354
19592
19349
19609
19725
19878
19813
19841
20413
20070
20085
19888
20120
20338
20351
20500
20786
20612
20948
20643
20995
20998
20867
21048
21589
21474
21605
21588
21579
21709
21591
21721
21620
21316
21620
21382
21263
20873
21061
20980
20760
21556
22067
22245
22571
22918
23053
22594
23479
22766
23135
22946
23294
23492
23099
23335
23500
23188
23661
24036
23929
24233
23797
23755
23795
23851
24129
24271
24308
24678
24202
24452
24838
24411
24865
24832
25006
24747
25130
25746
25168
24628
25333
25290
25240
25164
25132
25392
25533
25507
25525
26054
25778
25608
25682
26087
25700
25474
26002
25874
26848
25466
26198
25984
26461
26106
26600
26082
26267
26461
26369
26806
26599
26552
26702
26752
26725
26989
26776
27036
26684
27029
27370
27214
27002
27556
27004
27317
27200
27011
26927
27126
27336
27450
27373
27348
27528
27594
27606
27592
27266
27748
27205
27258
27908
27460
27672
27727
27284
27569
27915
27608
27825
28036
27510
28143
28420
28423
28007
28449
28378
27984
28126
28532
28512
28224
28057
28439
28328
28212
27922
28596
28402
28436
28182
28424
28498
28405
28404
28145
28501
28412
29129
28201
28411
27992
28497
28261
28450
28125
28428
28070
28452
27989
28557
27892
27946
28048
27920
28183
28468
28021
28059
28409
28076
28045
28026
28396
28404
28134
28032
27990
28444
28356
28274
28160
28240
27953
27830
28103
28150
27810
28091
27569
27835
27494
28182
27930
27768
27757
27604
27905
27480
27850
27639
27728
27780
27579
27136
27224
27655
27255
27320
27155
27444
27540
27323
27604
26827
27090
26893
26983
27037
27211
26870
26825
26777
27108
26741
26016
26362
25912
26178
25956
25933
25745
25968
25468
26029
25920
25956
26130
25972
25693
25672
25497
25586
25877
25319
25728
25259
24980
24917
24696
24116
24143
24264
24500
24181
24539
24009
23989
24370
24406
24226
24451
25053
24389
24260
24024
24344
24070
24107
24197
23837
24093
23608
23364
23936
23674
23644
23512
23258
23550
23309
23561
23445
23186
23306
23003
22824
23000
22701
22890
22326
22804
22745
22076
22038
22362
21594
21863
21890
21842
21565
21980
21428
21548
21516
21337
21268
21242
21227
21085
21412
20632
20758
21000
19885
20337
20463
20325
20301
19836
19594
19167
19522
18804
18938
19446
19409
19450
19352
18774
18778
19242
19072
18779
18637
18244
18284
17966
18054
18624
17799
18415
18180
17898
17582
17476
17348
17464
17378
17512
17070
16882
17433
16724
17194
16648
16845
16786
16574
16277
16115
16297
16063
15979
15822
16118
15820
15991
15781
15706
15556
15479
15488
15150
15139
15218
15295
15115
14768
14860
14630
14678
14332
14341
14558
14175
14258
14229
13664
13931
13693
13711
13952
13612
13657
13541
13288
13734
12938
13172
12758
12889
12842
12596
12696
12562
12199
12153
12365
12506
12098
12061
12024
11418
11677
11698
11489
11469
11734
11321
11358
11482
11193
11264
11277
11135
10870
10725
10645
10813
10698
10625
10413
10236
10154
10073
10255
10085
9994
9723
10136
10050
9719
9755
9130
9431
9185
9242
9476
9154
9310
9356
9370
9260
9633
9194
8882
9113
8916
8887
8834
8676
8505
8571
8418
8218
8532
8850
8296
8415
8108
8052
8414
8024
8168
7863
7970
8093
7924
7866
7760
7749
7644
7829
7325
7734
7962
7747
7328
7450
7480
7674
7314
7081
7328
7096
7139
6898
7248
6804
7428
6799
7102
6813
6658
6776
6759
7054
6731
6593
6305
6608
6732
6698
6330
6381
6245
6641
6466
6133
6093
6468
6170
6186
6215
6297
6078
6132
6076
5981
6437
5817
5885
5976
5971
5860
5658
5714
5789
5812
5354
5585
6069
5788
5622
5798
5493
5223
5511
6003
5606
5498
5358
5637
5238
5373
5383
5465
5420
5255
5432
5579
5031
5335
5177
5182
5398
5353
4996
4918
5295
5399
4907
5159
5211
5280
5133
5064
5049
5029
4817
4887
4868
4799
4934
4833
5042
4923
5101
4986
4524
5055
4582
4949
4793
4698
4838
4538
5104
4785
4945
5065
4687
4552
4762
4664
4640
4789
4668
4433
4554
4219
4528
4604
4584
4665
4396
4660
4679
4685
4542
4441
4498
4610
4423
4299
4651
4529
4435
4583
4528
4636
4460
4335
4254
4507
4275
4325
4449
4219
4573
4644
4175
4276
4141
4253
4470
4341
4192
4109
4178
4086
4371
4398
3909
4266
4018
4253
4195
4002
4125
4378
4442
4271
4073
4616
4188
4322
4093
4093
3937
4083
4224
4058
3999
4245
3735
4119
4295
4288
3831
4049
4118
4078
4079
4018
4061
3749
4073
4088
3826
3989
3624
3925
4251
4075
3865
4101
3981
3782
4092
3993
4045
3978
3667
4045
3901
3775
3713
4055
4079
3990
3786
3939
3632
3704
4091
3876
3843
4071
3910
4014
3915
3514
3663
3768
3961
3930
3792
3950
3798
4250
3900
3964
3880
3943
3632
3746
3721
4165
3967
3932
3780
3922
3719
4116
3777
3975
3815
3824
3448
4108
3549
3787
3886
3598
3680
3979
3570
3660
3499
3821
3789
3736
3997
3508
3655
4350
4075
3638
3704
3814
3748
3730
3712
3614
3799
4190
3548
3495
3837
3759
3680
3521
3544
4020
3731
3602
3510
3703
3679
3871
3614
3732
3688
3551
3769
3426
3595
3657
3742
3611
3530
3819
3416
3570
3521
3474
3755
3871
3801
3975
3339
3511
3579
3499
3630
3833
3642
3851
3704
3752
3812
3545
3520
4031
3429
3433
3796
3809
3586
3913
3630
3764
3519
3679
3926
3511
3473
3419
3684
3750
3400
3484
3719
3675
3628
3713
3626
3596
3575
3590
3339
3593
4384
3623
3921
3401
3541
3638
3414
3518
3524
3692
3643
3443
3720
3493
3774
3679
3545
3911
3362
3650
3631
3580
3694
3646
3491
3627
3546
3538
3624
3818
3909
3569
3455
3418
3761
3376
3574
3267
3635
3481
3304
3455
3509
3638
3678
3532
3534
3456
3570
3264
3584
3428
3678
3405
3496
3413
3615
3473
3364
3791
3335
3860
3544
3630
3223
3773
3463
3638
3130
3399
3758
3523
3281
3601
3099
3543
3499
3819
3540
3638
3423
3453
3401
3171
3458
3481
3247
3252
3452
3676
3593
3808
3506
3384
3413
3485
3910
3207
3540
3516
3419
3008
3376
3360
3613
3306
3362
3251
3431
3267
3380
3406
3629
3377
3340
