7788
7124
7172
8060
6505
12331
6409
6487
6990
6908
6775
6498
6792
6888
6258
8159
8760
6820
7638
7093
6424
7133
6662
7565
7155
7021
6838
6329
6197
6933
6926
7404
6283
7672
6389
6571
6343
6590
7237
7503
6811
6765
6570
6662
6573
6834
8038
6680
7497
7281
9595
7836
8791
6936
6277
7210
6826
6808
7106
6654
7238
7545
7162
8048
7039
7297
7753
6145
8134
7898
7114
7061
7181
7854
7075
7105
6742
7053
7273
6657
7863
7193
7661
8099
7058
7212
7468
6320
7802
6877
7197
7513
7134
6975
6767
6868
7711
9028
7936
6478
7965
6748
7287
6901
6954
7193
6534
7606
6702
7208
7942
6986
7985
8315
7023
7319
6528
7671
6772
7268
7327
6866
6573
7449
7494
7086
7752
7328
7042
7208
6877
6870
7096
7359
7094
7305
7447
7583
8167
7185
7068
6522
6293
7557
7264
6274
6752
7698
6605
7111
8037
7131
7043
7277
6761
7162
8122
7129
6678
7261
9446
7013
6757
7106
7359
8074
7000
8119
7102
6699
7093
7165
7062
6644
7082
6204
7586
7218
6906
8091
6492
8163
7789
7256
7044
9116
7737
6681
8897
7689
8758
7249
7587
6926
7558
7785
6773
7256
6648
8563
6411
7361
7295
6864
6657
7248
7903
7536
6916
7494
6756
7206
8286
6829
7052
6965
7143
7525
7390
7435
8268
7345
7254
7644
7503
7591
6978
7627
6825
8532
7386
6844
6525
7341
7424
7554
8298
7841
7517
7460
7855
7051
7064
7677
6818
8257
7135
7226
6308
8162
6289
8197
6964
8001
7583
7733
7895
7108
8538
7307
6547
9176
6998
7969
6753
7127
7091
7018
6937
8833
7506
7261
7213
6786
6622
7360
7211
7174
6551
8157
6964
7197
7244
6645
7373
7095
7403
7464
7801
7256
6477
6858
7399
7992
8166
8421
7653
7612
7503
7150
7419
6940
6568
6822
7649
7715
7228
7177
7837
7437
6776
9013
7790
7801
6516
7632
7606
7714
7689
6643
8395
7260
6568
7470
6921
7094
8279
7854
7327
7954
6515
7021
6918
6949
6769
7466
7116
7188
7544
6816
8469
7709
7909
7434
7741
7038
7987
7510
7462
7572
7714
7479
7398
6669
7457
8201
7188
8178
6724
8485
6743
7288
7636
6487
6782
7349
7107
7037
7216
7398
7877
6541
7754
7808
6923
6865
7163
7112
6800
6985
7220
7697
6761
9308
6733
7082
7912
6801
7985
7684
8120
8051
6748
7103
7079
6858
7879
7095
7316
6943
7846
7200
7381
6825
8383
9016
7044
7998
7756
7283
8562
7795
8341
7873
7052
7678
6692
7194
7241
7211
7364
7252
6708
6968
6975
7151
8441
6786
7812
7683
7018
7737
7348
7223
6934
7248
7582
7188
7135
6706
6818
7180
6683
6879
7389
7335
7384
8108
7458
8104
6858
7388
8061
7356
7110
7474
7288
7409
7734
7456
6945
7301
7653
8184
7522
8007
7414
7336
7051
7285
7830
7060
7095
8015
8005
6888
7242
8137
7613
6705
8082
7292
8213
9196
8820
6620
8252
7414
6889
6923
7007
6802
6538
7206
6844
7531
10976
8640
7182
6829
7802
7459
6882
7609
7777
7122
8183
7385
7772
7296
7573
7330
7441
7927
7245
8639
7656
7664
6986
7560
7719
8688
7602
7254
7248
7851
7722
8502
8004
7874
7424
7053
8049
7965
7103
8594
6940
8224
7494
8806
7599
7445
6674
8083
7659
7292
8063
7218
6790
7430
7074
9955
7470
9173
7910
7667
8217
7380
7392
8486
6858
7119
7351
7385
7981
7447
7697
6857
8547
8542
7402
6889
8083
7263
6845
7439
7719
8315
7141
8028
7645
8118
8173
7237
7247
8294
7432
7496
7752
7838
7178
7229
6987
6776
6869
7101
7956
7444
6906
7619
6984
7551
7684
9802
7740
7643
7453
7174
7392
6990
6939
8333
7762
7239
7715
7612
6769
8629
6951
8790
7186
7545
8323
7147
7684
7457
6921
7565
8113
8558
7522
7043
8196
7885
8210
6811
7467
7538
7701
8443
7618
7377
7950
9135
8965
8933
8061
7347
6904
6811
7655
7094
7052
7810
7102
6889
7616
7334
7526
7402
8097
7644
7311
8057
7187
7494
7102
7312
7906
8632
8693
7057
7323
7798
7825
7497
7689
9097
7520
9842
8080
7314
7078
7302
7178
7961
8497
7200
7534
8493
7326
7365
7562
7842
7007
7324
7782
8192
9079
8167
8558
8287
7665
7788
7188
6860
7695
8287
8886
7956
7390
8096
8296
8064
7753
7969
7340
7843
7647
8779
7733
8400
7810
7444
10231
7513
8150
7039
9290
7659
7518
7906
7902
7036
8467
8105
7410
8141
8793
7940
7818
7284
8128
8415
7701
8399
7192
7620
7649
7114
8312
8783
7532
8042
7408
8043
7157
7286
9391
9034
8408
7517
7912
7597
7406
7580
7618
7592
7994
8663
7822
8450
7112
7530
7584
8356
7352
8128
9220
7734
7504
8259
7854
8779
7688
7852
7411
7108
7859
8756
7091
7585
7193
8954
7706
7876
7363
6921
7306
7037
8436
8167
7048
7876
8169
8843
7376
8047
7670
8982
8912
7934
8156
7723
7648
7917
8329
7565
8623
7894
8442
8180
7025
8776
8617
7792
8851
7365
7969
8829
8085
8335
9317
7996
8144
7193
8433
7464
8029
7118
7393
7682
7879
7583
7208
8068
8622
8158
8574
11031
7468
8963
7433
7063
7444
7800
8568
7904
8463
8648
9080
8279
7968
7970
7534
8960
8091
8569
8760
7401
7409
7756
8251
7644
7420
8491
9251
7850
9396
7455
8520
8710
8250
8143
8704
8261
7924
7835
8294
7919
7669
8330
8515
8316
7485
7664
7089
8275
8192
7668
9212
8613
7890
8001
8216
8975
8055
7620
9446
7499
9256
8076
7856
8698
7645
8109
7930
7926
7701
8015
8642
8585
8632
8653
7385
10020
7744
7963
8789
8724
8098
7469
7970
7947
7896
8101
7378
7808
8787
7780
7692
8576
8765
8671
8639
7645
9221
8335
7935
8054
8313
8307
8388
8989
9011
8577
7545
8474
8125
7908
7817
9391
8660
8798
8563
8038
7888
8768
7538
9140
7668
8772
7763
9087
8886
8898
7986
7471
8139
8597
8536
8868
8295
8520
8266
7801
8630
7972
8420
8646
7860
8461
8330
8457
9579
8070
8822
7725
8353
8585
7438
9311
7812
8746
10170
8084
7854
8184
8252
8325
8298
8993
7911
8682
8158
9170
8455
9380
9195
9193
9114
8462
8055
8042
8179
8300
8698
8050
8069
7825
8810
8732
7891
9519
8119
8748
8588
8106
8348
8840
8646
9156
9141
9078
8298
8273
8738
8613
8593
8330
8282
9450
8341
8311
8836
8278
8852
9176
8240
8858
7820
9144
8758
9368
8119
8179
8295
8046
8837
9070
8708
8504
9015
8432
8731
9232
7781
8708
8084
8470
9075
8325
9135
8613
8259
7981
9533
8512
9073
8281
9715
8562
8285
8730
8293
8704
8862
9269
9376
9173
9434
8341
9096
8340
8438
9011
8294
9326
9873
8771
8273
9400
8356
10516
9168
9156
9279
8246
10714
9717
9067
9771
8753
9049
10296
8868
9689
9804
9538
8335
9701
8775
10343
9134
8647
9739
8775
9161
8899
8953
10257
8960
8989
9087
8901
9657
9416
9095
8603
9767
9345
9152
9300
9810
8964
9852
9344
9559
8491
10234
10293
8880
8709
10188
10063
8669
8987
9481
10124
9165
9255
9578
8368
10574
8881
9191
9483
9850
9328
9889
9856
9039
9124
9084
9240
8629
9728
8981
8913
9704
9548
9958
10088
9732
10085
9755
9616
9067
9484
11215
9845
9772
10125
9981
9228
9234
9076
9859
9846
9352
9686
10108
9316
11254
9770
11282
8731
9151
10196
9678
9767
9837
10054
9738
9152
9856
9924
9654
9668
9745
11578
9420
9334
8954
9740
9354
9532
9655
9128
10047
9720
9661
9709
10200
9551
9394
10052
9290
10075
9464
9580
10822
10109
10796
10402
10113
9578
10275
10826
9474
10246
8939
11534
10384
9228
9853
10895
10286
9371
10196
9398
11161
10372
9682
10712
10064
10494
11396
10414
10831
9519
9793
11118
11986
10516
10090
10526
11032
10439
10116
9766
10390
10266
9880
10527
11122
9930
11554
10906
10668
10217
10507
9958
10896
10594
10431
10173
10465
10215
10310
11587
11269
10448
10454
11550
11932
11614
12674
10391
10710
10920
10541
11111
11783
11394
10901
11793
10679
11005
10850
12424
11024
10803
11037
11321
12763
10833
10861
11068
11186
11438
10800
10934
11599
10619
12253
11749
12001
11782
11422
11892
11328
11307
11006
11661
11208
12547
11554
12631
11204
12267
11463
10971
11938
11752
11555
12434
12435
12030
10642
11667
12785
12182
12101
12568
12248
12122
11818
11631
12730
11257
11595
12318
11442
12131
11558
12440
11543
12338
11082
11743
11803
11833
12172
13896
12958
12315
11802
13195
13080
11682
13122
12701
12676
12230
12413
12929
12856
12233
12061
12251
14467
12254
12878
14740
12328
12068
12213
12182
13828
13272
13540
13580
12707
12255
14094
12731
14410
12589
12388
13387
12915
12185
12528
13842
13106
13383
12228
13210
13946
13218
13273
13332
13409
13686
13235
13623
14014
12384
13534
13166
14254
13292
13626
12639
13738
12948
13940
14415
13264
13269
13986
12549
13402
14412
14109
14612
13665
14032
14194
13405
14601
14073
13925
13676
14592
13941
13992
14357
14566
13170
14064
14725
14219
14695
13867
14725
14341
14122
13853
14673
15764
13554
14037
14927
15976
15053
14483
14549
15709
14690
14364
15016
14732
14942
15605
15586
15120
16144
15013
16347
15912
15543
15901
15730
15658
15734
15280
16232
15091
16003
15028
16242
16087
15823
15616
15897
16908
15251
16414
15724
16115
15674
15066
16406
16356
16847
16500
16200
16680
15873
16131
16735
16807
16399
17739
16523
17477
17275
16522
18504
17653
16939
16826
17349
17770
16182
16924
17380
16897
16403
16441
16954
16934
17589
16827
18925
18234
17299
17930
17285
17244
17877
18286
17352
17574
18310
17766
17763
18022
17580
18396
18388
18361
17936
17418
18874
19216
19880
18589
17414
18413
18393
18483
18324
19158
19084
18512
19031
18717
18528
18560
19039
19213
19762
18210
20727
19962
18962
19725
19889
19971
19250
19394
18792
19588
18891
20546
19674
20036
19640
19969
20521
20268
20493
19312
19530
20462
20175
20363
19706
19936
20307
21687
21802
21137
19822
20330
21570
21915
21202
21716
20600
22336
21050
20658
22462
21190
20426
20608
22360
21632
20748
21116
22378
22661
21747
21547
22790
21764
22482
21026
21581
22804
22113
21728
22319
23322
22561
23144
21987
23105
23076
21789
23198
23535
21970
21589
22548
21846
21576
21804
23095
24048
22850
22665
23912
24461
22971
23865
24429
24285
23502
24610
24296
23792
22925
23570
23416
24763
24658
23878
24438
24435
24386
25812
25707
24537
24000
25666
25076
25358
25110
25069
24539
24904
24554
25222
24773
25024
24641
25236
24582
25875
25668
25153
24887
26232
25252
25557
25111
25381
25022
26890
25812
26763
25665
27194
27517
26070
26148
26779
25780
26970
25981
26030
26811
27129
27363
26802
28474
26460
27024
26611
26827
28356
27786
27192
28516
28928
27106
26906
27739
27788
27467
28809
28292
27215
27489
27435
28491
27941
29290
28182
28036
29258
27844
28937
28408
28500
29172
28434
28160
28948
29175
28804
28672
30300
29777
28594
28588
28872
28218
28517
30278
28696
28928
28330
29509
29710
28875
29693
29436
29722
29175
28800
29824
32541
28909
30118
30189
29561
29606
30208
30431
30628
30502
29580
31335
31087
30214
29729
31258
30699
30628
31663
31282
30552
30668
30534
32763
30655
30300
30032
32221
30432
31056
32144
31048
33244
32154
31831
30840
31213
30066
30814
33809
32020
30708
32237
32079
32800
32312
30807
32670
33209
31135
31766
33060
31860
31556
31283
31659
31250
31385
33256
33210
32053
31811
32768
32244
32149
32244
31914
32165
32501
31820
32636
32256
32136
32708
32571
32688
33104
32484
32006
32238
31755
33080
33067
32006
32083
34490
33131
32152
32607
33408
33496
32549
32808
33912
31888
32840
32459
31723
32537
31544
33136
32349
32116
32866
32484
33501
33263
32768
32955
34068
34372
33362
32747
33280
33869
32584
33832
33061
33119
32663
34213
33482
32437
32954
33408
32898
32941
33431
32573
33780
33214
33316
33924
33300
33621
33301
32470
33710
32965
32416
33897
32948
34666
35230
32685
33273
33587
33217
33374
33034
34194
33260
33684
33565
33933
32784
32715
33136
33478
33013
34260
34372
34203
33766
34434
33478
32584
33024
33780
33759
33196
33297
34235
32681
32648
33932
33331
33172
34036
33552
35816
33266
32402
34228
33131
33435
33280
33684
33674
32993
34038
33236
33661
33738
32900
33068
32904
32920
31423
32317
32214
31644
32852
32066
32600
33322
32447
33211
33300
34816
34293
32549
33956
31741
32196
32838
33071
32923
33299
33192
32708
32555
32712
32258
32868
33108
32011
31636
31789
32637
33033
32686
31840
32544
32460
31769
33058
32896
32121
33000
32532
31474
31590
33136
32068
31645
31936
31236
32367
32458
32424
32041
31833
32600
31679
31764
31791
31818
32041
30909
31204
31904
32154
32008
30761
30939
30964
31037
30706
30924
30629
30652
31405
31252
31019
31492
32150
30490
31036
30739
31626
30141
31608
30602
30564
30383
30038
30068
30508
30555
31370
30888
30376
30864
29917
30480
30887
31119
30744
30442
30100
29784
29253
29807
30352
30088
29627
30096
30010
29652
30466
30084
28637
29786
29780
28930
29674
28663
30003
28056
31256
29211
28255
28550
27892
28555
29472
29513
28938
28877
28247
27661
28757
28488
28004
28849
28584
28230
28468
28140
30940
28660
28565
27468
27136
28432
28421
27893
27378
27831
28197
27334
26765
28189
27258
26773
26709
27682
27857
26720
27047
27146
27316
28264
26610
27158
25777
26978
26278
26899
26276
25856
26253
26535
26829
26495
26068
26672
26680
26176
26169
26136
26081
26226
26458
25674
24674
25625
25496
25776
24980
24892
26396
26180
24772
24398
24991
25469
24591
27304
25147
25770
24268
24344
26312
23974
24020
25532
24214
24554
24422
23867
24621
24524
24381
23936
23902
23567
24485
24130
23995
23525
23265
23808
23049
23620
23245
23214
23687
22606
23892
23098
23082
22322
23720
25091
23629
23418
23838
22253
22553
23185
23606
22178
21002
22868
22944
21556
21701
21699
21250
21389
21606
21608
22826
22122
22130
22985
21741
21762
21060
21893
21269
21303
22271
21556
23304
21692
23300
20697
20566
21152
21124
21729
21382
20588
21268
21582
20662
22106
20228
20365
20869
20492
20825
21284
20600
20372
20433
20350
20677
19869
19866
19634
20871
20360
20245
20647
19165
19412
18298
18624
18452
19329
18540
18659
18989
19755
18986
20344
19602
18248
18632
18154
18300
19417
18313
18575
17816
17760
19309
17877
18340
17485
19425
17548
17807
16950
18777
18204
17098
17506
18363
17397
17106
17233
17874
16389
17235
16920
18160
17000
18057
17356
16656
18188
16776
16449
16881
16293
17060
16289
17500
16560
16668
16493
16436
17604
17745
17394
15365
15808
17125
16328
15881
15065
16246
16223
16303
17112
15805
16088
15544
16169
16896
14891
15800
15353
15872
15744
15373
14572
15566
14546
15117
15680
15403
14789
14904
15042
14802
14138
13790
14796
14632
14592
14447
14280
14189
15574
14642
14600
14985
13787
14757
16512
13611
13997
15226
13646
14255
13711
13945
15876
13074
14883
15024
13001
13017
14146
13675
13983
14282
13819
13558
14041
13259
14091
13794
12875
13396
13142
12926
14000
13956
14152
13928
13334
12341
14055
13793
13115
14263
12973
13527
13450
12988
13113
12477
13012
12950
12683
14426
14155
12648
13600
13623
12261
13053
11841
12838
12794
14102
13167
12916
11960
12497
11827
11486
13097
12983
12029
11584
11746
12050
12916
11620
12301
11746
12357
12006
11992
11628
11685
11754
11289
11674
11905
11417
11730
12027
11431
13073
12557
11607
11829
11497
11843
11565
11564
11973
11296
12597
12397
10953
10722
10788
10938
11736
10819
11375
12569
11417
11240
10877
11400
10772
10754
12095
11248
11053
11211
12230
11676
11241
11366
11588
11463
10912
12932
10700
11349
11247
11048
11859
10929
11268
11900
11344
10984
11526
11041
10314
10715
10928
10308
10862
11373
10505
10496
10272
10822
10605
11405
11247
10343
11258
11324
11000
11329
10314
11258
10444
10257
12334
10432
10324
11072
10118
10830
11533
10675
10969
10678
10405
11372
11782
10085
10264
10168
10160
10450
10428
11594
10539
10442
10795
10180
11107
10939
9870
10884
10058
10867
11180
10426
10525
10056
10331
10773
10240
9906
11062
10115
10524
10982
9817
11189
11472
10841
9763
9853
10618
11681
11415
11843
10341
10339
10456
9988
9722
9595
9946
10061
10536
9769
10353
10404
10682
9462
9761
10634
9417
10472
9581
10727
10192
9926
10364
11073
10525
10909
9717
9978
10429
9825
9596
10540
9517
9600
10325
10066
10080
10129
10562
9467
9615
10439
9597
9473
9233
9040
10211
9674
10535
9860
10050
9064
8976
10621
9578
9929
9576
11459
9993
9335
10165
9817
9754
10338
9151
10188
9684
10286
9760
10565
9519
9323
9638
8981
9913
9262
9107
9864
8912
8908
9700
10384
10236
10448
9195
8969
9061
9828
10148
9077
10155
9096
9414
9323
10116
9366
9129
9711
9800
9553
9985
10945
10254
9091
9012
9098
9884
9595
9465
11131
9620
10057
8700
10126
10281
9382
10273
9338
9449
9235
9213
9348
10294
9489
10359
10274
9482
9594
10238
9053
9360
9279
9686
10018
9378
9600
10190
10509
10516
9441
9038
9485
9191
9460
9308
9687
9023
9272
10217
9434
9344
8970
9836
10010
9477
10230
9147
9757
9040
10817
9410
10304
9146
9472
9128
9145
9979
10325
10048
9137
9357
8646
9880
9544
8940
9275
9781
9669
9961
9084
9171
9451
9151
9690
9561
9403
10372
9137
9359
9376
9758
9034
10557
9735
9807
9329
9453
8550
9087
9043
9015
8422
8932
9781
9042
9114
9884
9846
9539
9020
8954
9706
10132
9033
9983
9359
9001
9466
9870
8849
8763
8966
9092
9132
8838
9464
9394
9534
9287
8815
9572
8596
8587
9097
9807
9391
9291
9512
9266
9169
8427
8620
9678
9870
10085
8717
9146
8934
9976
9883
8624
9167
9969
9173
8588
10064
8879
9199
9190
9136
9228
8660
9646
10061
8856
8777
9994
11254
10455
9271
8629
9223
10243
9946
10520
9856
9947
9593
10154
11703
9161
8978
9728
8983
10141
8760
8608
9466
9312
9505
9201
9230
10584
9714
9658
9344
8728
9461
8651
8866
9367
10364
8645
8732
9806
8967
8792
10061
9673
8522
8503
9426
9131
9049
9105
8759
9019
8943
9298
8901
9288
8437
9066
9356
9070
8746
9850
9545
8724
9051
9581
9360
9956
9333
8695
9743
9824
9517
9472
8708
10020
10538
9695
8705
9914
9071
9122
9172
9246
8908
8746
9524
8653
9697
9036
9867
8941
9271
9024
9356
9461
9659
8988
8940
10298
9556
9580
10384
10008
8720
9226
9018
10027
10321
9350
8778
9279
7989
8774
8788
8994
8656
9030
9731
9373
9633
8264
8654
9520
9841
9332
8478
9488
8967
9134
11199
9062
9114
9483
8841
8161
8303
8840
9005
8690
9441
8618
8630
9354
8832
8562
9160
10549
8840
9495
8808
8844
9477
8695
8305
8539
8911
8460
9054
10789
9038
8366
9045
9954
9052
9384
9607
9177
9634
9509
9213
9344
8800
8923
8708
9165
8828
9117
9454
8516
10223
9844
8493
9748
9933
8758
10380
9611
8989
9743
9633
8412
9335
9258
9990
8975
8401
8027
9212
9307
8516
9030
9054
10631
8278
8413
8987
8823
9045
9001
9227
9040
9246
9590
8598
9984
9447
9087
9214
8527
9643
9016
9097
9085
9325
8340
8791
9940
8643
10368
8493
9806
9209
10739
11771
9653
8963
8454
8320
9901
8428
8858
9086
8697
9592
8764
9088
8636
8442
8274
9290
8644
8958
9472
8844
8972
8373
8973
9080
9276
8826
8236
8645
9972
9290
8392
8918
8804
8561
8452
8370
9653
9226
9709
9210
8839
9372
9363
8967
8605
9613
10234
9035
9472
8581
9916
8962
8625
9198
8615
8081
10435
10230
8342
9132
8553
8246
8654
10290
9464
8281
8374
10639
9128
9177
8536
9034
9701
8997
10132
9163
9179
8608
9163
8328
8968
10407
8904
8784
9220
8337
8855
8520
9404
10089
8929
9600
8562
8613
8773
9795
8270
9099
9544
9381
8775
9636
9010
7971
10759
9148
9328
9124
9132
8925
9231
8233
8521
8866
9055
8707
9596
10211
8060
8690
9580
8439
10043
8735
8421
8615
9160
9480
9028
9435
8628
10053
8773
9096
8488
9334
8308
8361
10339
9488
8980
9196
9378
10472
9774
8564
8352
8533
8114
7977
8043
8662
8674
8321
10267
8872
9623
10601
8507
8321
9561
8852
9315
10462
8974
9386
10114
8677
8415
9038
9497
8724
9056
9551
10839
9501
9116
8505
8593
9408
8616
8584
10093
8980
8520
9167
8606
9682
8383
8406
9950
9576
9055
9243
9176
8973
8832
8991
8730
9668
8829
9096
9148
8452
8696
8509
8186
9146
9430
9240
8344
8184
8765
8870
9197
8625
9681
9315
8830
8487
9157
9132
8814
9226
9224
8411
7942
8704
8649
9102
8724
9317
8467
8218
8712
8795
8279
8586
8721
8538
9666
8610
9020
8078
9198
9907
8455
9217
7759
8575
8950
9214
8458
8275
8324
8859
9333
9894
9081
9217
8215
8613
8780
8292
9340
8725
8349
9410
9151
10824
8003
8222
9756
8465
8031
8691
9069
8226
8827
7877
8571
8344
10045
9832
8469
8722
8554
9162
9554
8725
8219
9306
8638
8854
8418
9029
8704
9048
8981
8777
8402
8427
8022
8238
8364
8803
8248
9508
8431
8752
8378
7768
9337
8292
10414
8820
8089
8672
8022
8711
9969
8711
8186
9432
8574
8821
8839
8472
8600
8949
7862
8199
8018
8522
9391
8063
10054
9937
8296
8975
8245
10617
7690
9162
8653
8531
8420
8712
8867
9016
8169
9230
8310
8986
7702
8461
8834
9139
9064
9578
8572
7933
8048
8594
8598
9359
8499
9984
7989
8625
9361
8395
8626
8853
8552
8780
8949
8165
9017
8166
9374
9247
9011
8666
9327
8548
7927
9549
9307
8260
8353
8922
8781
9364
8526
8330
9413
8576
8509
9022
8892
8499
9804
9600
9103
8373
7919
8370
8772
8299
9049
8164
10066
8188
8829
8957
8591
8231
8653
8251
8294
8430
8716
8482
9771
9131
8405
9392
8222
8510
9070
8294
8268
9438
7937
9508
8279
8112
8080
9709
9946
8212
8254
8907
8132
8658
8656
8385
9052
9444
7746
8157
8627
10741
8256
8889
8422
8370
8951
8799
9541
8289
8639
8153
8674
7885
8850
8801
7956
8653
8236
8488
8650
8866
8200
9662
8553
9099
8267
7898
8943
9094
8133
8648
8298
9120
8589
9733
8661
8575
8732
10313
8792
7742
8385
8480
8393
7965
8724
9351
9010
8528
8166
8876
8492
9322
9425
8029
8653
9049
8593
8106
8013
7822
9294
8109
8835
8288
8594
8217
8306
8370
8372
8731
8241
