11257
10992
10637
11026
11101
11588
10820
11029
11263
10747
11225
10676
11140
11146
10839
11451
11188
11066
11521
11450
11066
11070
11114
11314
11315
11368
11274
11162
11022
11316
11450
11140
11049
11429
11217
11236
11211
11402
11398
11594
11520
11537
11456
11483
11710
11197
11746
11379
11676
11508
12057
11582
11931
11674
11669
11470
11714
11438
11524
11814
11580
11721
12217
12135
11671
11444
11609
11467
12083
11807
11761
11522
11898
11861
11960
11928
11881
11967
11943
11845
12186
12155
11948
11990
12219
12027
12247
11920
12480
12328
12332
12477
12773
12453
12010
12388
12101
12351
12602
12031
12235
12040
12684
12166
12608
12619
12372
12854
12498
12462
12842
12613
13071
12558
13066
12652
12633
12836
13002
12973
12884
12644
12750
12950
12928
12895
13241
12658
12800
13190
12937
13001
13089
13141
13029
12982
13444
13568
13144
12744
13352
13448
13097
13421
13475
13530
13406
13346
13328
13273
13497
13348
13852
13476
13156
13545
13732
13709
13899
13421
14293
13652
13591
13895
13364
13811
14079
13623
14050
13537
13645
13721
13913
13398
13819
13642
13996
14053
14099
14082
14033
14199
14059
13964
14168
14171
13964
13942
14321
14140
14324
14332
14577
14289
14168
14278
14275
14402
14612
14380
14148
13973
14642
14166
14319
14350
14734
14414
14710
14736
14420
14644
14698
14676
14458
14730
14747
14920
14789
14567
14912
14929
14797
14638
15209
15011
14805
14912
14709
15076
14912
14948
15413
15074
14849
14933
14898
14810
15414
15063
15479
15243
15234
15416
15466
15382
15573
15382
15476
15690
15156
15490
15698
15477
15531
15365
15582
15327
15755
15395
15432
15577
15714
15805
15395
15821
15628
15911
15865
16151
16477
15932
16209
16141
15654
15947
16237
15797
15718
16241
16171
16061
16416
15860
16168
15960
15976
16041
15819
15830
15776
15534
16153
16313
16420
16403
16630
16338
16116
16381
16608
16850
16071
16744
16457
16468
16425
16539
16660
16794
16306
17240
17224
16739
17061
16856
17229
17132
17338
16935
17207
16776
17236
17367
17229
16808
17780
17265
17538
17245
17165
17025
16955
17129
17130
17337
17558
17324
17307
17494
17990
17622
17710
17210
17470
17390
17513
17450
17437
17339
17241
17230
17542
17296
17890
17690
18096
17930
17681
17973
17467
17931
18309
17372
18116
17813
17978
17730
17968
18294
18343
17604
18088
18038
17916
18082
18038
18125
18252
18571
18020
18551
18139
18433
18576
18527
18533
18362
18981
18212
18498
19138
18524
18445
18658
18632
18592
18624
18885
18633
19016
19003
18973
19148
19152
18870
19158
19508
18984
18987
19417
19133
19431
19430
19013
19542
19118
19669
19099
19662
19971
19741
19736
19631
19692
19647
19530
19292
19686
19757
19701
19853
19976
19729
19833
19898
20032
19852
19830
20038
19988
20100
20208
19629
20019
20285
20096
20075
20047
20324
20285
20640
20482
20372
20500
20794
20356
20186
20538
20360
20512
20662
20789
21062
20471
20934
20630
20708
20212
20875
20714
21043
20807
21379
21541
21257
21656
20951
21230
21036
20973
20996
21368
21514
21463
21149
21365
21304
21253
21522
21788
21395
21557
21236
21618
21634
22065
21804
21945
21528
21979
21773
21946
21879
22021
21851
22273
22249
21914
21961
22142
22462
22375
22448
22084
22394
22316
22036
22073
22074
22672
22281
22277
22500
22234
22558
22404
22750
22722
23168
22964
22844
23242
22957
22761
22925
23179
23237
22440
23412
22708
23231
23500
23481
23182
22888
23489
22796
23123
23124
23437
23834
23195
23430
23674
23336
23991
23534
23770
23599
23428
23448
24052
23669
23672
24096
23739
23333
24099
23808
23643
24105
23930
23754
23560
24260
24308
24132
24112
24321
24389
24084
24572
24176
24013
24538
24710
24886
24565
24577
24765
24683
24822
24260
24183
24621
24855
25030
24579
25104
24626
24517
25120
25296
25202
25393
24968
25237
25060
25061
25060
24985
25229
25253
25309
25636
25191
25412
25449
25682
25276
25668
26154
25752
25518
25882
25238
25304
25590
24938
24985
24615
24709
25138
25381
24978
25586
26201
26078
26516
25977
26112
26383
26591
26713
26672
26898
26388
26230
26356
26632
26361
26574
27001
26938
26554
26809
26852
26818
27090
26984
26865
27281
27306
26756
27301
27113
27104
27573
27035
27254
27350
27112
27623
27768
27184
27244
27400
27069
27612
27316
27128
27701
28098
27823
27547
27613
27029
27804
27835
27615
27666
27909
28190
28627
28230
28383
28428
28486
28302
28269
28537
28056
27766
27871
27510
28402
28084
28314
28584
28169
28689
28878
29220
28958
28916
28429
29248
29047
29734
29394
29197
29420
29082
29402
28934
29318
28980
29512
29038
29833
29345
29343
29253
29524
29376
29771
29312
29386
29841
29631
29722
29286
29704
29867
30324
29695
29783
30018
30042
30567
30053
30361
30388
30248
30347
29995
30208
30562
30514
30700
30149
30180
30561
30078
30728
30865
30779
30668
30666
30824
30805
30312
30490
31092
31080
31169
31047
31227
30852
31440
31341
31156
31566
31194
31612
31321
31368
30919
31808
31275
31444
31439
31698
31135
31566
31851
31419
31914
31264
32045
32173
31626
32230
32180
32246
32068
31872
31542
32277
31820
31460
32435
32000
32198
32011
32072
32096
31906
32321
32426
32685
32410
32570
32136
32502
32638
32394
32609
32932
32278
32757
33005
32658
32836
32293
33209
33156
32272
32493
32630
33124
32964
32920
33181
33117
33257
33268
33368
33558
33383
33484
33049
33130
33037
33639
33524
33650
33775
33578
34073
34212
33871
33521
33739
33800
34570
34305
34009
33674
34103
33802
34222
34356
34098
34436
34248
34170
34176
34271
34116
34596
34107
33876
34829
34692
33901
34406
34261
33671
33674
33702
33833
33678
33426
33368
34184
34126
34229
33920
34865
34777
35253
34776
35306
35656
35345
35232
35627
35593
35421
35124
36356
35483
35853
35045
35736
35380
35485
35706
35611
35402
35835
35972
35750
35540
35335
35442
36035
35456
35773
35844
36246
36321
35713
36153
35701
36416
36245
36032
36096
36557
36340
36804
36692
36501
37056
35723
36767
35936
36362
35804
35892
36424
36388
36378
36652
36692
36272
36229
36301
37024
36709
37092
37759
37504
37069
36698
36452
37669
37033
37188
37050
36933
37377
37005
37322
36964
37410
37059
37141
37034
37133
36717
37275
36871
37303
37044
37621
37724
37291
37385
37780
37845
38254
38234
37952
37700
37778
37706
38084
38210
37307
37940
38586
37974
37696
37742
38098
38105
37532
38237
37642
37997
37414
38314
37898
38084
38528
38276
38160
38319
38346
38778
38481
38640
38692
38818
38792
38283
38926
38434
38241
38347
37898
37912
37814
37278
37511
38121
38375
38052
38708
39272
39076
39176
39131
39170
38978
39332
39670
39190
39462
38902
39638
39176
39414
40197
39084
39040
39908
39416
39029
39679
39401
39095
38990
38893
39056
39032
39092
38548
38144
37734
37495
37430
37547
37476
37732
37965
38528
38765
39012
39174
39442
39168
40182
39432
39307
39509
40092
39492
39110
39340
38662
38993
38148
38006
37440
36377
35538
33373
32170
30281
29402
28594
28468
29434
30979
31929
33786
35748
37010
38628
39080
40193
40224
40572
40874
40550
40464
40270
39828
40106
40012
40230
40226
40298
40441
39764
40229
39892
40192
40365
39798
39988
39669
39457
39472
39476
39044
38859
38888
38764
38970
38813
39596
39540
39456
39954
39308
39684
39877
40404
39712
39518
39878
40234
39300
39730
40180
39005
39300
38734
38810
38154
39232
38214
39040
38472
38794
38912
38378
39307
39188
39208
39218
38777
38246
38803
38765
38388
38701
38605
38676
38603
38666
38058
38662
39245
38811
38325
39243
38692
38900
38169
37928
38091
38178
38232
38299
37917
38219
37929
37546
37860
37704
37808
38248
38650
38409
37776
37819
37737
37759
37730
37481
38008
38212
38502
38052
37892
38154
37941
38376
38124
38218
38333
38512
38438
37930
37786
37904
37930
37580
37480
37817
37867
37768
37457
37842
37736
37320
37248
37717
37759
37591
37607
37188
37390
38002
37706
37316
37046
36672
35158
34214
33273
32896
32196
33736
34262
34661
35424
36011
36208
36153
36108
36534
36096
36165
36280
36098
35741
36081
35815
36117
35994
35846
35914
35514
35517
36196
35850
35626
35446
35577
35045
35464
35420
35274
34896
34972
34612
34616
34856
34488
34773
34683
34743
34135
34547
34049
34324
34138
34092
33485
34253
34169
34109
34350
33856
34030
34054
33912
33816
33702
34082
33202
33357
33495
33418
33828
33405
33501
33288
33818
32797
33741
32986
33136
33231
33005
32532
32558
32808
32976
32808
32060
32052
32035
32425
31816
32042
31718
32315
32061
32038
32177
32059
31552
31476
31466
31275
31212
31156
31957
31208
31190
31172
30896
31276
30745
30608
30746
30953
30592
31198
30692
30011
30644
30804
30521
30218
30277
30295
30090
30076
29786
29802
29738
29841
29651
29533
29674
29486
29309
29196
29097
29609
28700
28900
28866
28919
29197
28703
28717
28298
28218
28666
28367
28572
28012
28509
28579
28297
28154
27690
27396
28242
27826
27770
27346
28051
28102
27341
26908
26935
27101
26662
27190
26978
26822
26555
26570
26862
26573
26301
26490
26086
26341
26084
25860
25217
25513
24381
24669
25317
24932
25160
25124
25270
25557
25058
25318
25268
25140
24890
24555
24516
24626
24626
24488
24486
23473
23924
23972
24083
23572
23518
23528
23362
23109
23610
23353
23543
23688
23093
23458
23113
23197
23291
22891
22908
22916
22932
22381
22798
22684
22738
21950
22251
22184
22298
21866
22361
21803
22160
22088
21604
22135
21898
21251
21818
21594
21423
21720
21520
21177
21363
20969
20950
20843
21033
20635
20883
20911
20442
20321
19669
20612
20064
19932
20218
20198
19609
20164
19644
19852
19690
19615
19643
19686
19445
19280
19419
19137
19293
19240
18858
18853
19102
19083
18678
18550
18715
18632
18573
18211
17947
18164
18509
17776
18014
18008
18013
17977
18380
17842
17563
18206
17744
17142
17306
17526
17446
17513
17391
17220
17378
16975
17030
16854
16957
16816
16704
16626
16769
16703
16222
16520
16285
16425
16314
16128
16505
16548
16144
16212
15850
15854
16122
16013
16095
15660
15818
15558
15441
15572
15414
14960
15356
15228
15297
15163
15030
15362
15218
14964
15300
15057
15156
14679
14744
14814
15113
15072
14810
14588
14543
14497
14684
13984
14368
14077
14484
13976
14049
14234
13986
13824
13851
14125
14052
13858
13595
13661
13360
13666
13797
13309
13675
13849
13256
13535
13110
13525
13064
13197
13477
13366
13490
13156
13073
13080
12857
13137
13061
13007
12681
12968
12731
12624
13039
13002
13050
12760
12715
12698
12240
12564
12485
12358
12353
12567
12649
12297
12453
12496
12281
12145
12304
11662
11705
11882
12055
11978
11536
11748
11673
11849
11919
12229
11868
12178
11813
11989
11829
11824
11917
11646
11854
11961
11609
12033
11451
11762
11512
11111
11428
11363
11371
11574
11286
11504
12020
11373
11023
11394
11334
11486
11252
11177
11286
11071
10937
11357
11183
10888
10894
11263
11064
11101
11690
11205
10918
11130
11019
11336
11305
10825
10806
11117
11194
10594
11163
10821
11265
10987
11126
11456
11012
10866
11277
11124
11053
10797
10878
10761
10696
11044
10672
10932
10786
10909
11100
10830
10616
10997
10854
10604
10624
11099
10767
10949
11030
10486
10596
10757
10541
10731
10813
10860
10584
10747
10772
10975
11256
10955
10813
10806
10944
10692
10960
10634
11036
10884
10949
10704
10744
10613
10841
10541
10693
10892
10912
10610
10945
10884
10510
10939
10931
10678
10715
10963
10842
10683
10989
10736
10909
10835
10595
10981
11398
10888
10937
11126
10732
11100
10920
10841
10957
10962
10880
11014
11234
11238
10710
11156
11376
10963
10988
11301
11086
11221
10824
11129
11131
11234
11255
11672
11342
10902
11076
11133
11046
11401
11120
10749
11001
11088
11098
11480
11367
11122
11227
11470
11009
11460
11033
11299
11483
11428
10978
10916
11294
11407
11485
11257
11458
11409
11632
11464
11403
11524
11345
11392
11690
11780
11155
11831
11000
11593
11710
11403
11626
11522
11771
11801
11399
11501
11214
12119
11411
11313
11656
11932
11776
11763
11687
11556
11588
11599
11612
11280
11761
11223
11730
11643
11752
12056
11582
11939
11636
12187
11743
11976
12369
11645
11732
11833
11870
12047
11899
12170
12137
11883
12177
11946
11817
11849
11905
11568
12295
11999
11928
11994
11931
12203
12041
11989
12452
12569
11896
12562
11969
12090
12166
12154
12490
12285
12004
12305
12418
12449
12562
12354
12426
12475
12468
12276
12544
12246
12427
12787
12171
12524
12632
12832
12866
12729
12701
12329
12423
12673
12368
12768
12610
12713
12957
12483
12509
12460
12669
12559
12632
12638
13052
12637
12604
12684
12932
12868
12596
13018
12829
12664
13265
12746
13182
13028
12598
12973
13181
12866
11979
12470
12491
12760
12616
12964
12628
13246
12942
13468
12792
13192
13156
13102
13240
12999
12934
13191
13177
13024
13852
13190
13507
13084
13391
13363
13215
13334
13082
12813
13105
13393
13180
13595
13252
13291
13596
13096
13190
13642
13224
13447
13142
13369
13394
13476
13293
13333
13301
13317
13472
13317
13688
13061
13404
13543
13506
13444
13476
13410
13454
13732
13426
13890
13959
13486
13480
13621
13391
13316
13127
13371
12942
13512
13515
13573
13796
13573
13534
13452
13755
13613
13972
13421
13771
13409
13684
13471
13484
13563
13574
13959
13690
13552
14141
13919
13646
14322
13646
13834
14002
14088
13728
13921
13584
13860
14222
13859
13965
13889
13953
13832
14112
14267
14014
14096
14251
13883
14377
14079
14310
13825
14340
13930
14582
13989
14210
14047
14370
14228
14241
14331
14093
13820
13984
14425
14232
14487
13844
14016
14255
14517
14669
14020
14063
14045
14160
14452
14270
14088
14336
14264
14325
14328
14187
14518
13860
14189
14366
14411
14425
14253
14207
14638
14330
14650
14052
14587
14069
14673
14306
14504
14394
14363
14468
14218
14294
14190
14733
14675
14394
14464
14817
14667
14598
14583
14452
14476
14252
14729
14543
14434
14296
14523
14538
14823
14685
14778
14163
14661
14277
14701
15091
14891
14398
14677
15153
14712
14712
14592
14707
14594
14657
14906
14853
14718
14886
14867
15017
15147
14961
14851
14908
15005
14900
14773
15022
14849
14905
15094
14869
14516
14770
14765
14971
14693
15042
14939
15101
15387
15298
14845
15168
14891
15053
15063
15132
14921
15088
15116
15409
14861
15189
15305
15112
15353
15213
15662
15354
15616
15706
15082
15428
15516
15684
15597
15437
15678
15677
15555
15661
15483
15230
15530
15963
15652
15659
15949
15936
15865
15928
15876
15586
15836
15950
15883
16058
16134
15811
16116
15925
15768
15682
16140
15852
16095
15939
16328
15881
16174
15918
15964
15686
16061
15604
16295
16178
15976
16077
16061
16414
16022
16079
16495
16493
16080
16442
16474
16610
16484
16288
16245
16974
16442
16362
16628
16829
16497
16557
16408
16802
16729
16742
17125
17061
16797
16772
16706
16747
17136
16944
17134
17410
17036
17496
17168
17019
17653
17046
16988
17336
17124
17317
17322
17359
17595
17339
17964
17822
17484
17972
18049
18095
17988
17624
17795
17780
17810
17851
17947
18036
18174
18157
17786
17692
18256
17973
17730
18136
18150
18109
17992
18233
18729
18387
18354
18345
18348
18303
18386
18106
18260
18606
18383
18486
18932
18886
18827
18674
19033
18950
18929
19167
19176
19214
19046
19474
20191
19338
19994
20237
19756
19767
19942
20004
20399
19812
20282
19917
19638
19497
19834
19508
19817
19902
19852
19645
20542
20420
20752
21028
20836
20470
20911
21058
21335
20866
21438
21707
21262
20884
21372
21776
21391
21803
21956
21760
22010
22050
21943
21466
22248
22278
22055
22473
22208
22256
22220
22651
22825
22228
22836
22810
22766
23106
23940
23433
23460
23364
23383
23236
23650
23797
24019
23828
24132
23976
24144
23541
23918
23686
23490
23483
23814
23620
23390
23680
23760
24327
24632
24932
25213
25071
25061
24803
25258
24888
25165
25664
25845
25671
25957
26139
26316
26519
26466
26164
26281
26724
26372
26587
26736
26826
27464
27430
27256
27374
27328
27498
27382
27685
27827
27848
28043
27915
27732
28153
28183
28692
28761
28574
28668
29101
29100
29260
29124
29341
29732
29675
29784
29671
30075
30336
30192
30125
30356
30356
30918
31110
31078
31104
31624
31013
31450
31574
31820
32117
31951
31916
32478
32280
32217
32541
32483
32395
33142
33026
32714
33556
33156
32977
33706
33748
33892
33929
34280
34205
34452
35020
34660
35115
34954
35140
35607
35456
36048
35769
35998
36100
36317
36171
36871
36621
36795
36687
37124
37704
37666
37172
37636
37743
38025
37423
37721
37765
38354
38554
38658
38490
39528
39434
39064
39286
39193
39380
39647
39539
39520
40064
40310
40874
41216
40327
40460
40780
41060
41514
41060
41560
41762
41914
42269
42187
42401
42336
42441
42468
42932
43472
43101
42744
43460
43338
43444
44123
43918
44066
44596
45448
44973
44813
44766
45040
45456
45666
45610
45884
45508
46176
46592
46519
46189
46069
46408
46984
47340
47276
47707
47620
47853
47616
48256
47834
47496
47621
46804
45770
45148
45734
45581
46344
47334
48640
49412
49944
50180
50132
50372
50333
50228
50071
50364
50765
50804
50650
50959
51082
51214
51456
51949
51530
52480
52232
52301
52260
52727
52292
52094
51513
52756
53262
52975
53512
53220
52810
53328
53572
54020
54154
54042
54471
53644
54164
54060
54029
54582
54492
54528
54920
54805
55160
55453
55562
55015
55340
55322
55528
54875
55387
55808
55930
55424
56092
56201
56255
55703
55504
56376
56580
56476
56448
56592
56260
56925
56586
57318
56816
56857
56328
57037
56669
57012
57826
57413
56973
57098
57414
57677
57323
57612
57773
57652
58200
58144
58013
58150
58404
58202
57888
58518
57984
58313
58331
58125
58485
58228
58164
58196
57957
57892
58341
58320
57558
58560
58067
58548
59357
58002
59149
58982
59101
58447
59300
59268
59242
59069
58214
58996
59168
58724
58205
59284
58896
58714
59260
58916
59170
59274
59322
59445
58461
58936
58442
58500
58599
58454
58724
58150
57860
57618
58668
58155
58340
58299
58156
58185
57707
57811
57546
58116
58530
58384
57802
57720
58222
58180
57396
58810
58425
58279
57810
57536
58012
57524
57733
57530
57371
57672
57237
57572
57472
56838
56809
56683
56948
56673
57050
57291
56520
56840
56576
57410
56752
56411
55755
56255
56319
56384
55783
55688
55704
55552
55588
55926
55659
55512
55435
55437
54428
54650
54133
54140
54372
55020
54506
53988
54304
54788
54336
53111
53546
53304
53014
53337
51790
52165
52150
52219
52827
52586
52644
51876
52234
51786
51760
51668
51958
51529
50874
50952
51174
50176
49436
49604
49586
48823
48813
49386
48665
48667
49131
48582
49131
49530
49063
49472
49588
49087
48632
48409
48452
48392
48452
47904
48570
48013
47796
47616
47805
47297
47050
47034
47061
46749
46388
46720
46408
46264
46409
46213
46002
45476
44890
45620
45101
45083
44324
43914
44450
44474
43929
43760
43350
43264
43291
43074
42538
42821
42482
42988
42150
42447
41625
42017
41812
41524
40804
41332
40484
40423
40370
40714
39794
39364
39386
37757
38235
37717
38042
38221
38170
37988
38116
37794
37204
37730
37430
37004
36329
35782
35591
35476
35689
35156
35564
35220
35685
34964
34890
34348
34148
34684
34320
34054
33936
33162
33800
33000
33083
32490
32824
32703
32296
32155
31752
31575
31325
31375
31077
31492
30854
31040
30071
30052
30086
29676
30140
29198
29231
29385
29338
29238
28430
28014
28301
28105
27746
28000
27620
26917
27157
27293
26505
26628
26406
26428
26010
26159
25876
25933
25450
25714
24948
24821
24152
24069
24297
23958
23958
23936
23571
23630
23108
22950
22595
22689
22920
22408
21860
22109
21634
21861
21857
21518
21437
21204
21002
20788
20415
20357
20463
20100
19773
20005
19730
19746
19370
19368
18861
18509
18613
18775
18286
17896
18204
18413
17832
17597
16942
16823
16997
17001
17484
17000
17091
16898
16778
16772
16631
16668
16125
16259
16124
15673
15499
15587
15642
15267
15378
15311
15397
15571
15009
14949
14804
14542
14592
14472
14114
14084
13961
13897
13561
13559
13590
13380
13445
13523
13469
13196
13528
13268
12949
13331
12801
12989
12655
12373
12618
12382
12236
12186
12405
11751
12532
12101
11937
11635
11317
11533
11503
11672
11511
11217
11093
11338
11301
11082
10708
10800
10524
11010
10792
10372
10285
10777
10368
10274
10144
10207
10154
10155
10094
9887
10409
10117
9781
9884
10080
9771
9314
9721
9670
9409
8880
9353
9593
9433
9328
9195
8974
8981
9163
9351
8937
8908
8761
8955
8630
8627
8625
8543
8641
8557
8512
8878
8168
8246
8349
8273
8328
8408
8120
8138
8261
8518
8052
8127
8252
8182
7760
7886
7843
7834
7600
7834
7822
7556
7546
7478
7703
7867
7740
7436
7272
7611
7113
7677
7361
7173
7292
7275
7673
7522
7581
7471
7231
7006
7172
7159
7038
7452
7094
6957
6976
6751
6840
7227
7143
7164
6882
6969
6856
6938
6885
6540
6810
7001
6860
6459
6629
6760
6562
6860
6496
6922
6562
6367
6508
6786
6518
6530
6553
6425
6589
6838
6135
6317
6171
6159
6542
6277
6149
6228
6274
6141
6194
6471
6001
6376
6121
6188
6199
5980
6333
6365
6334
6042
6091
6633
5924
6418
6076
6013
5793
6077
6025
6110
5979
6033
5686
6105
6042
6020
5666
5868
6186
5982
5858
5918
6147
5653
5931
5756
5623
5780
5534
5696
5715
5866
5508
5579
5863
5512
5770
5741
5771
6012
5438
5711
5693
5562
5497
5639
6026
5497
5436
5426
5301
5301
5673
5423
5502
5624
5456
5485
5474
5438
5327
5435
5632
5643
5544
5536
5429
5893
5498
5527
5346
5538
5442
5272
5227
5723
5393
5512
5298
5511
5276
5604
5263
5464
5349
5377
5014
5738
5102
5479
5279
5079
5122
5493
5280
5296
4908
5383
5163
5194
5374
5124
5091
5829
5594
5101
5224
5505
5178
5332
5189
5180
5220
5471
5055
4651
5280
5377
5230
5043
5087
5579
5070
5108
5045
5354
5077
5195
5081
5065
4981
4990
5033
4896
5025
4967
5051
5200
4984
5321
4846
4928
4975
5019
5140
5352
5318
5162
4706
4909
4980
4821
4928
5190
5030
5153
4946
5441
5178
4742
4983
5363
4963
4921
5179
5125
4814
5166
5014
5006
4810
5015
5251
4867
4840
4726
5186
5270
4806
4821
5211
5084
5196
5105
5058
5008
4987
4736
4692
4774
5699
4900
4858
4913
4719
4924
4707
4764
4940
4906
4968
4837
4965
4796
5008
4911
4773
5216
4711
4866
5029
4675
4839
4939
4841
4907
4732
4846
4742
5258
5176
4618
4681
4701
5114
4919
4709
4652
4803
4558
4654
4616
4822
4975
4913
4709
4814
4998
4803
4705
4845
4769
4870
4693
4643
4669
4775
4644
4612
5029
4590
5252
4644
4926
4608
4873
4624
4960
4488
4504
5070
4854
4543
4718
4466
4778
4807
4888
4731
4804
4750
4805
4650
4532
4819
4689
4582
4436
4598
4823
4774
4808
4676
4539
4649
4592
5041
4300
4700
4874
4486
4329
4554
4706
4742
4512
4628
4517
4685
4536
4739
4633
4911
4606
4759
