5919
6167
5591
6017
5837
6181
5775
5819
6073
5629
6048
5672
5770
5669
5497
6152
5959
5655
6090
6153
5614
5813
5629
5829
6041
5712
6005
5833
5771
6190
6081
5661
5581
5618
5659
6032
5658
6183
5867
6241
5892
5840
5945
6009
6312
5853
6123
5826
6191
6122
6768
6300
6281
6075
6032
6033
6027
5828
6066
6156
5797
5936
6224
6203
5894
5905
6037
5890
6347
6061
6145
5901
6251
6215
6276
6258
5973
6097
6198
5906
6430
6215
6314
6193
6242
6371
6280
5967
6313
6303
6206
6381
6627
6165
5992
6237
6136
6323
6751
6299
6349
6220
6495
6401
6373
6436
6280
6817
6079
6164
6508
6156
6709
6401
6535
6280
6413
6550
6766
6467
6565
6335
6412
6539
6542
6689
6867
6518
6342
6594
6476
6779
6837
6622
6561
6457
6836
6605
6816
6500
6657
6546
6553
6824
6941
6715
6686
6634
6550
6715
6944
6647
6996
6767
6453
6601
6734
6774
7200
6652
7074
6735
6953
6634
6756
6852
7287
6729
7080
6473
6819
6815
7038
6649
7009
6663
6965
7041
7163
7028
6843
7444
7227
6975
6927
7247
6958
6868
7304
7140
7326
6980
7275
7001
6948
7048
7125
7170
7266
7166
6712
6801
7343
7048
6860
7038
7212
7064
7470
6992
7226
7163
7459
7137
6995
6848
7178
7065
7303
7189
7429
7259
7432
7111
7683
7360
7088
7126
7124
7357
7005
7166
7462
7461
7259
7122
7181
7112
7434
7437
7555
7526
7027
7396
7666
7596
7292
7595
7466
7738
7368
7630
7539
7445
7307
7522
7484
7463
7685
7508
7374
7773
7339
7801
7380
7560
7400
7536
7682
7857
8044
7829
7838
7808
7348
7662
7927
7522
7451
7876
7951
7680
7976
7654
8126
7476
7677
7781
7844
7591
7666
7549
7650
7750
8137
7563
7686
7794
7820
7935
7818
8115
7818
7822
7723
7885
7886
8002
8091
8049
8045
8552
8294
7980
7845
8123
8417
8018
8292
8063
8354
7733
8172
8322
8183
8115
8487
8053
8362
8293
8343
7972
7920
8191
8051
8557
8287
8136
8199
8132
8418
8293
8313
8022
8365
8349
8343
8217
8346
8431
8172
8397
8256
8046
8622
8316
8433
8559
8493
8502
8032
8459
8426
7980
8885
8245
8553
8365
8746
8341
8230
8252
8658
8640
8443
8436
8408
8352
8371
8763
8239
8748
8362
8822
8554
8761
8875
8496
9020
8616
8806
8868
8497
8840
8811
8549
8873
8652
8897
8716
8921
9028
8854
9021
8921
8900
9014
9144
8827
9050
9148
8793
9012
9126
8794
9344
9050
9070
9034
9197
9388
8993
9266
9195
9463
8972
8939
8853
9053
9256
9167
9049
9251
9089
9189
9186
9428
9264
9268
9238
9356
9432
9237
8974
9208
9344
9275
9509
9314
9426
9532
9492
9329
9537
9179
9774
9393
9328
9511
9390
9432
9768
9616
9655
9534
10031
9663
9686
9499
9551
9706
9784
9454
9693
9835
9807
9820
9509
9988
9577
9536
9544
9733
9919
9802
9637
10157
9917
9614
9853
9737
9770
9585
9721
10026
10146
10340
10052
9682
9877
9990
10273
9764
10106
10338
9853
10348
9736
10228
9779
10005
10067
9972
10497
9966
10231
10154
10048
9855
9869
10438
10110
10123
10035
9798
10479
10180
10361
10111
10423
10409
10363
10575
10466
10616
10594
10368
10365
9929
10584
10426
10370
10744
10264
10719
10229
10698
10460
10314
10447
10786
10972
10460
10658
10978
10430
10646
10657
10800
10906
10665
10644
10580
11078
10747
11108
11219
10602
10780
10634
10772
10930
10716
10768
10492
10928
11084
11017
10626
10963
10989
11127
11073
10597
10683
10896
11101
11310
11352
10802
11122
10932
11113
10804
10884
10733
11218
10825
11307
11276
11199
10928
11039
11392
11182
11389
10945
11384
11203
11272
11194
11269
11442
11161
11524
11470
10940
11412
11233
11469
11316
11389
11823
11457
11228
11631
11240
11523
11614
11502
11277
11086
11058
11265
11640
10975
11383
11408
11609
11923
11545
11875
11546
11889
12257
12265
12251
11697
11808
11810
12190
11602
11784
11956
11737
11557
12102
11868
11938
12239
11878
12014
12168
12271
11989
11871
12100
11996
12332
11989
12267
11981
11981
12269
12152
11885
12137
12121
12078
12549
12339
11958
12064
12064
11993
12288
12568
12046
12419
12396
12400
12284
12429
12466
12439
12527
12535
12681
12624
12502
12635
12731
11982
11966
11972
12466
12391
12642
12425
12758
12525
12303
12510
13047
12992
12509
12651
12883
12897
13294
13002
12812
13282
13108
13200
12886
13066
12653
13036
12635
13058
13500
12746
12933
13300
13037
12987
12994
12899
13256
13247
13204
12665
13249
13309
13350
12956
12827
13474
13199
13378
13390
13495
13227
13298
13304
13563
13262
13579
13902
13556
13336
13620
13703
13296
13568
13556
13862
13411
13406
13568
13406
13609
13857
13648
13449
13754
13612
13908
13706
13933
13808
13900
14089
13528
14417
13740
13834
13561
13672
13552
13936
13885
14415
13732
14037
14004
13929
14117
13821
14072
14337
13826
13917
14089
14462
14242
14123
14122
14316
14148
13893
14508
13971
14272
14701
14175
14092
14230
14269
14265
14667
14277
14277
14332
14324
14592
14314
14595
14557
14375
14009
15041
14280
14457
14260
14831
14354
14237
14315
14566
14632
14653
14479
14535
14713
14895
14811
15179
15441
14551
14608
14592
14821
14596
15152
14776
14666
15026
14848
15035
15153
15377
14659
15092
15185
15562
15444
14946
14953
14994
15065
15154
15069
14674
15003
15371
14855
14990
15173
15332
15353
14772
15690
15117
15342
15011
15211
15148
14934
14858
15222
14959
15106
14598
14614
15253
15152
15386
14972
15626
15842
15465
15298
15544
16305
15616
15263
15855
15473
15837
15577
15979
15842
15930
15672
15702
15673
15829
15868
16053
15865
15924
16089
16105
16053
15749
15674
15854
15850
16023
15387
16082
16016
16133
16068
15703
15588
16420
15833
16111
16438
16107
16358
16535
16169
16501
16155
16258
16208
16324
16095
16330
16194
16280
16231
16343
16208
16486
16338
16190
16653
16434
16916
16910
17185
16360
16557
16385
17192
16384
16503
16664
16745
17112
16722
16545
16805
16521
16842
16628
16813
16680
16600
16890
16500
16520
16698
17078
17094
16731
16982
17189
16988
17181
16960
16826
16878
17050
17150
16981
17542
17186
17101
17593
16753
17064
16950
17138
17337
17369
17552
17138
17401
16860
17542
17440
17234
17560
17348
17214
17594
17335
17683
17638
17517
17709
17629
17528
17469
17795
17689
17626
17502
17341
17292
17523
17261
17258
17300
17356
17313
18095
17293
17538
17916
18468
17780
18213
18207
18331
18309
17957
18024
17857
18149
18486
18504
18276
17854
18102
18225
18072
18185
18201
18061
17910
17966
17793
18267
18122
18037
17596
17208
17766
17274
17493
17706
17860
17938
18083
18112
18247
18212
18061
18280
19169
18423
18606
18863
18884
18951
18377
18780
18245
18651
18494
18098
17902
17346
17093
16367
16035
15087
14972
14461
14082
14326
14972
15397
16150
16402
17444
18295
18411
19259
19259
19444
19833
19446
19201
19664
19211
18701
19341
19135
19513
19678
19633
19628
19391
19228
19868
19375
19014
19327
19352
19585
19028
19389
18842
19254
18692
19190
19145
19023
18837
19458
19544
19656
19437
19383
19768
19803
19707
19670
19716
19424
19627
19702
19928
19550
19350
19485
19584
18693
19610
19122
19594
19183
19083
19507
18930
19700
19602
19565
19505
19370
19636
19419
19662
19574
19400
19455
19728
19514
20082
19619
19252
20361
19563
19913
19856
19722
20086
19865
19748
19577
19490
20097
19995
19947
19634
19516
19437
19816
19798
19605
19757
19980
20086
19667
19742
20124
20074
19860
19598
19834
20149
20146
20092
20186
20296
20326
20494
20510
20634
20027
20321
20624
20612
20277
20665
20283
20038
20174
20351
20610
20215
20468
20124
20597
20613
20642
20333
20705
20549
20540
20514
19949
20478
20894
20807
20234
20758
20006
19903
19537
19122
18826
19164
18925
19331
19750
19426
19893
20572
20381
20750
20765
20154
20728
20978
20174
21043
20244
20841
21004
20649
20864
20381
20552
21343
21211
20865
20835
21146
20528
20783
21084
20491
20516
20774
20736
20808
20682
20945
20855
20767
20668
20509
20706
20501
20665
20525
20695
20484
20856
20600
20932
20867
20662
20608
20679
21024
21340
20793
21204
21073
21313
21013
20736
21355
21082
21535
20905
21171
20692
21290
21076
21556
21051
21026
20968
21275
20845
20896
21455
20709
21027
21227
20992
21074
20541
21010
21608
21151
21106
21191
21349
21210
20940
21240
20795
20938
21069
21596
21284
21129
20980
21076
21098
21272
21291
21284
21201
21338
21420
21323
20738
21195
21617
20959
21209
21579
21140
21437
21363
21056
20920
20888
21499
21092
20896
21252
21416
21070
21146
21481
21446
20995
21428
21147
21778
21487
21160
21469
21253
21325
21355
21297
21430
21223
21416
21337
20973
21131
20949
20829
21528
21371
21231
21378
21563
21668
21443
20957
21146
21624
21088
21387
21396
21129
21188
21568
21751
21178
21187
21414
21322
20816
21160
21131
20966
21035
20553
21176
20800
20649
20719
20928
20586
21264
21317
21239
21170
21167
21192
20986
21012
21162
21280
21207
21220
20586
20907
20746
21153
20685
20653
20685
20354
20466
20635
20745
20948
21241
20926
21158
21294
20910
20864
21339
21026
20873
21062
20969
21163
21198
21358
20724
21105
20898
21465
20852
21258
21080
21476
21437
20928
21078
21604
20946
21406
21220
21373
21504
21448
21195
21060
20800
20676
20821
21324
21093
21316
21478
21067
20800
20942
21475
20859
21003
21076
21024
20831
21057
20598
21296
20797
21185
20904
21299
20995
20970
21050
21293
21256
21074
20892
20882
21047
20892
20536
20736
21127
20797
20864
21003
20876
20900
21222
20750
20632
20724
21487
20911
21312
20978
20570
21117
21084
20680
20895
20907
20764
20831
20776
20636
20739
20984
20608
20491
20816
21028
20669
20492
21171
20907
20601
20939
20496
20775
20949
20668
20778
20963
20630
20747
20650
20652
20699
20725
21199
20571
20237
21103
20838
20608
20720
20307
20650
20647
20909
20865
20749
20973
20897
20559
21225
20941
21240
20704
20587
20713
20756
21077
20704
20783
20717
20461
20948
20674
20548
20548
20495
20480
20436
20640
20744
20345
20569
21060
20320
20844
20412
20563
20462
20456
20318
20267
20752
20947
20424
20616
20452
20576
20804
20871
20985
20288
20910
20368
20669
20688
20241
20882
20441
20238
20702
21048
20357
20515
20745
20551
20557
20688
20375
20621
20409
20797
20618
20640
20351
20366
20773
20652
20812
20647
20460
20313
20260
19992
19740
20038
19995
20175
19515
20034
20236
20271
20087
20673
20651
20722
20266
21033
20811
20683
20808
20261
20794
20710
20794
20809
20570
20394
20538
20330
20646
20678
20186
20285
20530
20431
20859
20754
20362
20487
20358
20909
20370
20347
20410
20144
20168
20794
20538
20614
20254
20306
20142
20197
20864
20464
20345
20113
20247
20617
20646
20326
20370
21082
20744
20046
20622
20525
20793
20409
20708
20557
20533
20577
20779
20370
20841
20501
20415
20574
20032
20807
20388
20184
20426
20260
20489
20590
20398
20554
20640
20390
20168
20482
20421
20317
20399
20445
20462
20660
19968
20496
20484
20632
20247
20405
20330
20426
20473
20640
20377
20519
20040
20141
20717
20434
20651
20859
20698
20337
20283
20341
20628
20195
20565
20465
20569
20226
20319
20662
20372
20415
20580
20504
20244
20699
20527
20397
20262
20191
20312
20002
20340
20562
20574
20148
20469
20992
20054
20449
20215
20182
20402
20593
20458
20404
20650
20476
20258
20518
20891
21173
20458
20648
20496
20809
20014
20457
20500
20748
20322
21004
20720
20284
20173
20332
20299
21047
20650
20260
20382
20331
20441
20632
20649
20360
20566
20612
20424
20769
20372
20351
20641
20322
20106
20136
20337
20442
20268
20250
20748
20356
20243
20448
20621
20492
20220
20488
20434
20816
20089
20638
20141
20326
20414
20120
20338
20411
20358
20805
20496
20381
20332
20804
20330
20070
20353
20283
20698
20589
20285
20239
20420
20357
20395
19930
20068
19943
20504
20176
20358
20719
20104
20790
20148
20875
20253
20164
20532
20180
20068
20106
20357
20248
20372
20422
20401
20267
20470
20061
19940
19916
20289
19954
20410
20145
20182
19878
19730
20187
20019
19913
20254
20522
19758
20201
20022
20052
20104
19949
19991
20042
20357
20530
20541
20113
20368
20179
20231
20413
20010
20102
20374
20300
20313
20563
19599
20409
20329
20388
20568
20463
20442
19764
20103
19787
19831
20249
19890
20203
20138
19776
19714
19644
19713
19900
19821
19877
20092
19556
19770
19645
20018
20096
20164
19815
20104
19542
20482
19758
20372
19906
19131
19760
19614
19160
18752
19100
19066
18986
19442
19434
19595
19906
19433
20149
19588
20129
19942
19841
19861
19465
19435
19608
19613
19828
20315
19626
19712
19998
19839
19762
19638
19903
19544
19261
19438
19584
19864
19756
19428
19469
19540
19240
19547
19853
19347
19509
19407
19435
19370
19446
19298
19406
19413
19440
19256
19375
19716
19425
19494
19700
19660
19046
19488
19411
19238
19381
19312
19956
19457
19384
19197
19140
18965
18778
18910
18833
18518
18710
18760
19149
19213
19194
19176
19115
18930
18962
19227
18702
19084
18896
18726
18501
18743
19020
18966
19322
18950
18785
19162
18682
18816
19090
18875
18968
18872
18820
19154
18773
18956
18561
18824
18760
18702
18781
18430
18541
18970
18964
18610
18457
18568
18676
19050
18560
18849
18492
18766
18391
18807
18493
18618
18470
18847
18483
18534
18707
18569
18388
18578
18816
18132
18751
18562
18370
18290
18848
18798
18232
18399
18134
18538
18397
18486
18011
18338
18424
18193
18196
18031
18266
17994
18030
18219
18509
18302
17880
18010
18136
18325
18677
17867
18316
18084
18182
18116
18057
18161
18233
17926
17874
17853
17580
18184
17949
17977
18386
17920
17887
17891
17805
17591
17942
17634
17978
17604
17930
17644
17533
17690
18116
17788
17874
17404
17559
17412
18176
17682
18030
17457
17742
18657
17789
17893
17800
17554
17834
17485
17610
17455
17482
17647
17406
17381
17733
17437
17418
17567
17398
17396
17494
17433
17528
17605
17375
17154
17336
17686
17734
17495
17298
17595
17326
17485
17952
17726
17259
17476
17418
17583
17186
17253
17508
17596
17277
17381
17354
16820
17465
17511
17278
17142
17581
17738
17498
17620
17247
17146
17667
17460
17446
17602
17306
17567
17444
17537
17615
17191
17470
17798
17334
17012
17653
17627
17607
17436
17497
17401
17444
17650
17554
17598
17837
17250
17664
17370
17322
17402
17109
17225
17860
17827
17686
17525
17556
17272
17538
17112
17266
16967
17627
17276
17231
17220
17556
17543
17640
17585
17357
17620
17706
17297
17475
17426
17549
17515
17108
17654
17194
17465
17782
17902
17450
17508
17174
17638
17604
17691
17584
17866
17496
17992
17685
18034
17600
17899
17979
18242
17699
18110
17909
17749
18101
17826
17769
17962
17960
18108
17900
17908
17952
18133
18126
18077
17967
18360
18447
17997
18004
18560
18220
18391
18089
18352
18076
18188
18571
18388
17882
17974
18271
18516
18075
18310
18196
18419
18141
18317
18582
18460
18376
18244
18483
18430
18682
18201
18462
18347
18702
18220
18725
18859
18880
18658
18840
18938
18779
18621
18870
19117
19348
19245
20024
19091
19664
19624
19261
19168
19480
19277
19968
19334
19535
19660
19256
19112
19315
19152
19371
19615
19413
19429
19430
20003
19840
20062
20010
19936
20248
20120
20824
20192
20832
20678
20601
19812
20699
20856
20620
20700
20828
21065
20875
20958
21212
20911
20970
21220
20809
21837
20843
20980
21224
21446
21532
21156
21154
21626
21645
21661
21932
21744
22237
21837
22251
21632
22428
22631
22453
22090
22452
22392
23133
22148
22508
22093
22304
21980
22718
22186
21716
22296
21995
22712
22699
23157
23385
23282
23300
23762
23602
23324
22944
23656
23922
23609
23978
24475
24340
24043
24320
24107
23787
24728
24677
24813
24818
24837
24522
25142
24760
24685
24820
25503
25189
25718
25561
25524
25636
25718
26086
25659
25705
26464
26333
25826
26362
26605
26393
26645
26862
26907
27092
26788
27462
27048
27400
27476
27877
27684
27866
27764
27588
28301
28358
28429
28109
28430
28372
28579
28714
29085
28872
28736
29188
28981
29184
29639
29242
29464
30077
29814
29508
29961
30023
29812
30370
30729
30480
31148
31020
30876
30977
31749
31213
30976
31241
31194
32061
32064
32172
32031
32085
31812
32384
32818
33005
32525
33000
32691
33568
33444
33304
33785
33748
33602
33701
33540
33700
34061
34100
34176
34643
34285
34777
35200
34618
34746
35442
35232
35348
35277
35668
35456
35464
35994
36507
35807
36100
36040
36344
36808
36904
37403
36992
37068
37405
36980
37208
37429
37380
37514
37616
38212
38084
38046
38452
38194
38557
38528
38781
38950
39210
39348
39428
39764
39569
39517
39424
40438
40504
40806
40272
40736
40666
40733
40461
40173
41254
41366
41266
41943
41823
41879
41693
41820
42298
41464
41108
41309
41516
40960
39898
40192
39927
41050
41124
42002
42852
43617
43965
43492
44122
44356
44504
44374
43758
44650
44597
44346
44288
45144
44118
45184
45512
44810
45568
45570
45644
45213
45787
45712
45706
45510
46296
46244
46260
46408
46504
46506
47547
47095
46758
47000
47797
47609
47046
47460
47780
47664
47341
47101
47669
47801
47672
48411
48232
47984
47997
47796
48731
48618
48004
48704
48589
48846
48652
49050
48834
49261
48898
48997
49304
49011
49450
49204
50093
49268
50104
49481
49909
49700
49944
49540
49928
49482
49941
50281
50315
49524
50672
50266
50416
50476
50841
50496
50916
50314
50560
50788
50962
50761
51003
50841
50699
50482
51290
50304
50794
50700
51037
50949
50878
51037
50692
50654
51126
51332
51146
51115
51466
51915
51840
51828
51996
52265
52089
51840
52995
52136
51352
51736
52186
51587
51443
51880
51887
51344
52364
51721
51640
51653
52178
52458
51672
52174
51840
51628
51328
51951
51298
51663
51274
51053
51229
51900
51397
51776
50671
51432
51412
50960
50917
51020
51369
51483
51053
51494
51232
51637
51208
51220
51616
51824
51886
51242
51020
51190
51826
51252
51029
51054
50712
51044
50562
50956
50926
51012
50324
50372
50333
51092
50356
50457
49689
50852
50459
50240
49988
49992
50577
50027
50081
49762
49896
50277
49851
49152
49933
49781
50106
49236
48812
48570
48630
48558
48334
48256
49023
48505
48669
48605
48789
48265
47784
47785
47620
47499
47243
47156
46720
46614
47086
47098
46708
47269
47281
47168
46724
46372
46516
46164
46554
45544
45268
45047
45290
44632
44632
44609
44143
43958
43620
43997
44288
43967
44262
43866
44238
44273
44792
45445
44438
44205
43818
44068
43658
43982
43532
44042
42939
42841
42571
43264
42840
42521
42591
42060
42537
41835
42398
42357
41707
42020
41728
41450
41252
41123
41077
40440
40898
40410
40172
39962
40532
39596
39568
39010
39572
39472
39378
39120
38845
38846
38728
38222
38379
37807
37542
37544
37930
37701
37236
36983
37220
37165
36992
36552
36114
35723
35072
34622
34470
35072
34852
34924
34824
34733
34493
34322
34944
34280
34072
33738
32822
32916
32877
32853
33482
32048
32816
32436
32612
32219
32062
31718
31708
31219
31516
31291
31110
31426
30794
30585
30031
30468
29770
30317
29508
29550
29733
29174
29091
28946
29132
29016
28510
28497
28078
28288
27945
27797
26932
27406
27439
27256
26968
26470
26144
26235
26048
26001
25901
25664
25549
25598
25554
25153
25143
25307
24763
24550
24106
24471
24088
24352
24164
23590
23236
23058
22746
22968
22564
22629
22634
22184
22054
22136
22047
21234
21381
21615
20811
20593
20714
20714
20484
20463
20480
20512
20107
19750
19634
19794
19679
19454
19283
18968
19270
18902
18672
18652
18401
17958
17636
17852
17730
17844
17368
17340
17496
16678
17016
16226
15940
15898
16489
16703
16142
16008
16340
16452
16038
16245
16012
15124
15470
15384
15457
15076
14886
14884
14763
14991
14599
14608
14904
14383
14286
14145
14022
14114
13912
13915
13417
13503
13540
12950
13140
12923
13243
12888
13218
12652
12780
13028
12666
12076
12585
12344
12608
12049
12016
11845
11809
11979
11894
11808
11082
11928
11306
11471
11313
11038
11183
10884
11298
10921
10828
10615
10808
10688
10680
10286
10276
10132
10802
10279
10027
9841
10191
9842
9876
9807
9826
9684
9757
9873
9509
9715
9581
9353
9346
9340
9329
8774
9102
9108
8958
8655
8863
9171
8953
8871
8796
8566
8411
8734
8994
8473
8725
8418
8421
8295
8196
8254
8393
8169
7858
7806
8466
7892
8132
7863
7824
7928
7741
7521
7810
7796
8124
7656
7516
7738
7894
7499
7473
7293
7375
7268
7170
7370
7009
7358
7113
7207
7148
7322
7048
6817
7147
6593
7008
6811
6861
6778
6889
7124
6868
7049
6985
6586
6618
6681
6615
6637
6808
6662
6378
6692
6128
6362
6374
6554
6655
6451
6378
6420
6490
6359
6243
6392
6597
6354
5926
6272
6110
6144
6170
6134
6382
6072
6120
5863
6232
5935
5977
6135
5810
6142
6242
5663
5937
5778
5985
5950
5828
5883
5579
5771
5700
5760
6047
5610
5678
5483
5654
5747
5568
5628
5820
5601
5489
5616
6126
5519
5600
5315
5559
5389
5396
5641
5442
5367
5691
5016
5496
5502
5719
5022
5267
5460
5330
5226
5229
5341
5012
5461
5427
4988
5329
4869
5196
5275
5188
5079
5390
5418
5032
5358
5178
5355
5341
5048
5134
5126
5086
5102
5195
5259
5078
4816
5035
4765
4842
5193
4925
4942
5258
5177
5006
5125
4843
4743
4868
5266
4865
4781
5005
4835
5088
5034
5004
4846
5033
4574
4599
4765
5031
4850
5091
4905
4968
4841
5124
4750
4951
4860
4784
4461
5181
4521
4882
4736
4574
4950
4888
4778
4749
4400
4916
4810
4776
4970
4601
4541
5267
4948
4544
4664
4963
4693
4712
4612
4515
4761
4932
4713
4336
4662
4762
4663
4402
4506
4758
4671
4650
4490
4678
4527
4723
4661
4642
4450
4482
4525
4387
4619
4586
4587
4602
4523
4865
4257
4416
4273
4347
4639
4866
4555
4860
4287
4298
4563
4412
4374
4613
4558
4739
4471
4745
4761
4440
4480
4812
4209
4372
4620
4793
4235
4767
4529
4536
4353
4386
4636
4458
4181
4378
4638
4480
4378
4125
4444
4484
4481
4389
4270
4373
4256
4286
4190
4370
5049
4384
4516
4141
4347
4456
4276
4221
4436
4394
4333
4216
4617
4185
4542
4415
4328
4541
3985
4358
4482
4261
4547
4391
4211
4401
4261
4373
4221
4576
4708
4149
4081
4185
4564
4275
4307
4086
4405
4281
3933
4101
4340
4376
4375
4234
4249
4160
4174
4062
4384
4200
4342
4135
4186
4207
4163
4171
4102
4375
4244
4491
4248
4357
3956
4407
4138
4324
3956
3925
4481
4269
4008
4288
3970
4295
4234
4483
4428
4319
4035
4306
4030
3962
4059
4100
4015
3796
4081
4396
4233
4314
4060
4150
4128
4216
4657
3835
4250
4094
4183
3777
4008
4051
4140
3938
4130
4081
4276
3988
3973
4015
4330
4193
4138
