7995
7338
7664
8390
6888
12717
6543
6957
7346
7401
7190
6737
7133
7178
6493
8671
9284
7243
7988
7366
6966
7696
6872
7894
7575
7222
7482
6594
6664
7463
7261
7501
6850
7807
6792
7012
7016
7048
7825
8021
7138
7244
7082
7116
6732
7212
8757
7023
7923
7759
9906
8191
9331
7491
6667
7552
7364
7108
7360
7038
7661
8109
7292
8418
7331
7547
8070
6761
8674
8116
7412
7229
7325
8134
7149
7384
6961
7675
7669
7059
8233
7645
8018
8269
7662
7601
7919
6731
8167
7273
7517
7794
7426
7469
7220
7045
7969
9525
8353
6792
8435
7096
7529
7254
7506
7782
7076
7993
7097
7726
8576
7288
8375
8406
7207
7533
6974
8166
7143
7887
7511
7245
7050
7933
7903
7644
8409
7873
7595
7475
7419
7071
7583
8002
7481
7626
7779
7945
8340
7527
7497
6939
6829
7814
7788
6980
7392
8265
7257
7577
8624
7319
7504
7635
7124
7848
8485
7650
7210
7699
9894
7597
7043
7645
7708
8670
7408
8424
7567
7283
7630
7816
7541
7053
7605
6757
8106
7734
7382
8484
7130
8717
8100
7749
7378
9380
8016
6996
9552
8162
9240
7531
7921
7370
8112
8143
7284
7703
7313
8989
6968
7646
7795
7556
7217
7709
8484
7902
7760
8017
7359
7715
8688
7428
7773
7290
7672
8063
7764
8100
8725
7805
7593
8075
8068
8197
7466
8034
7380
8990
7788
7510
6860
7822
8031
8059
8794
8535
7989
7837
8418
7545
7548
8125
7451
8757
7757
8042
7012
8650
7083
8710
7739
8587
7872
8244
8643
7926
9175
8138
7163
9757
7606
8538
7374
7877
7786
7701
7381
9315
8171
7968
7886
7476
7211
7905
7792
7773
7246
8904
7511
7878
8102
7225
7864
7685
7913
8249
8674
7918
7009
7657
7923
8587
8614
9062
8320
8192
8042
7840
8157
7564
7285
7405
8075
8456
7912
7799
8637
7972
7285
9449
8402
8445
7536
8470
8338
8470
8452
7536
8822
7942
7278
8232
7699
7865
9170
8473
8236
8443
7141
7798
7566
7744
7562
8210
7649
7663
8036
7751
9266
8479
8812
7835
8336
7796
8555
8189
8078
8251
8459
8148
7949
7424
8132
9099
7874
8865
7319
9204
7445
8030
8298
7532
7776
8054
7880
7733
7949
8042
8712
7256
8270
8543
7707
7540
7890
7938
7530
7861
7952
8325
7456
10147
7500
7961
8537
7415
8865
8712
8917
8840
7696
7658
8013
7785
8680
7985
8094
7868
8718
8354
8333
7619
9288
9760
8033
8721
8635
8324
9575
8841
8979
8699
7702
8645
7522
8131
8248
8237
8087
7965
7702
7806
7668
8086
9237
7676
8754
8611
7998
8704
8102
8251
7862
8210
8462
8303
8241
7588
7669
8091
7801
7798
8421
8288
8372
8980
8503
8993
7692
8264
8950
8394
8084
8332
8433
8364
8805
8245
7915
8108
8545
9210
8512
9064
8600
8422
7909
8468
8725
8155
8383
9142
9263
7892
8470
8978
8525
7565
8972
8266
9083
10027
9836
7723
9326
8490
7949
8131
7893
7832
7470
8352
7717
8583
11630
9593
8096
8046
8671
8549
7990
8566
8828
8135
9329
8395
8980
8346
8572
8327
8429
9276
8266
9775
8806
8837
8077
8831
8991
9524
8707
8483
8427
8763
8859
9594
8953
9046
8654
8301
9233
9093
8238
9662
8014
9377
8523
10021
8538
8652
8000
9064
9018
8338
9155
8391
7874
8990
8149
11207
8693
10514
9162
8564
9290
8647
8516
9706
8086
8278
8445
8665
9163
8695
8776
8192
10004
9697
8370
8132
9394
8496
7940
8600
8888
9778
8276
9383
8662
9658
9298
8477
8502
9486
8517
8726
9098
9179
8541
8545
8501
8190
8173
8440
9083
8797
8051
8929
8448
8869
9111
11036
9024
8934
8733
8398
8658
8257
8128
9769
9058
8427
9000
9087
8437
9826
8498
10157
8732
9012
9675
8494
9216
8787
8192
8776
9604
9987
8776
8299
9519
9211
9532
8225
8980
8986
9202
10143
8968
8642
9195
10493
10311
10370
9407
8823
8437
8103
9405
8361
8614
9273
8689
8484
9001
8653
8986
8839
9533
9121
8820
9628
8761
8917
8390
8811
9413
9941
10395
8365
8841
9288
9426
9219
9145
10705
9082
11158
9705
8900
8872
8858
8612
9434
10259
8836
8980
9914
8825
9100
9124
9421
8687
8799
9464
9834
10632
9898
10254
9888
9236
9293
8768
8609
9216
9927
10228
9501
8809
9552
9960
9659
9331
9502
9012
9446
9338
10374
9552
9998
9617
9046
11861
9253
9927
8776
10854
9405
9304
9626
9769
8704
10244
9828
9260
9789
10294
9625
9570
8718
9749
10365
9188
10096
8823
9240
9475
8604
10329
10450
9402
10093
9379
9692
9092
9055
11045
10539
9932
9249
9487
9416
9076
9281
9419
9465
9573
10589
9435
10164
8817
9349
9549
10142
9206
9883
10885
9470
9204
10177
9856
10339
9818
9908
9548
9251
9700
10711
8847
9434
8981
10790
9240
9619
9108
9084
9193
8993
10524
10199
8929
9650
10191
10702
9318
9953
9625
11132
11000
9803
10546
9685
9585
9936
10428
9524
10543
9768
10331
10251
9204
10780
10420
9567
10992
9321
9756
11021
10054
10433
11732
9939
10412
9199
10697
9725
10175
9165
9377
9798
9905
9699
9441
10058
10587
10102
11014
13386
9548
11372
9675
9467
9778
9873
10857
9867
10652
10657
11325
10601
10370
10175
9647
11444
10195
10931
11212
9601
9613
10005
10459
9935
9492
10749
11318
10038
12002
9756
10789
10832
10590
10471
11163
10595
10217
10145
10689
10106
10151
10645
10764
10310
9752
10064
9298
10584
10509
10244
11358
11024
10243
10404
10648
11638
10653
10020
11911
9943
11881
10661
10293
11151
10092
10697
10402
10356
10204
10562
10877
11322
11301
11330
10004
12650
10400
10532
11124
11497
10720
10124
10203
10462
10210
10555
10329
10356
11705
10378
9989
11537
11308
11209
11497
10406
12075
10911
10356
10822
11152
10766
10908
11718
11497
11148
10554
11424
10777
10586
10629
12183
11366
11569
11557
10630
10660
11359
10715
12072
10586
11487
10529
11907
11788
11630
10941
10179
11033
11335
11174
11682
10922
11344
11264
10650
11380
11013
11633
11635
10998
11588
11042
11482
12505
11288
11742
10478
11268
11480
10420
12431
10792
11780
13252
11091
10943
11282
11287
11756
11240
12159
11031
11710
11154
12233
11713
12394
12224
12527
12138
11585
11359
11244
11534
11514
12194
11495
11596
11285
12023
11962
11354
12631
11452
11949
11852
11333
11341
11853
11907
12240
12296
12489
11544
11705
12006
11978
12027
11791
11652
12851
11938
11652
12252
11622
12229
12770
11679
12384
11517
12705
11938
12644
11776
11852
11816
11667
12124
12557
12287
11892
12612
11848
12164
12661
11248
12506
11803
12085
12911
12115
13026
12279
11983
11834
13450
12082
12879
12002
13346
12349
12208
12456
11995
12533
12633
12990
12790
12608
12950
11592
12708
11396
11606
12019
10973
12068
12740
11685
11318
12738
12206
14300
13052
13033
13764
12313
15073
13964
13159
13836
12905
13020
14442
12827
13850
13938
14137
12439
13775
13003
14629
13415
12616
14176
13051
13515
13143
12979
14797
13405
13299
13357
13242
13962
13552
13204
13030
14094
13896
13700
13658
14188
13214
14368
13738
14011
13067
14422
14429
13258
13177
14452
14210
13063
13389
13881
14400
13732
13955
14061
12834
15087
13142
13955
14172
14384
13842
14557
14644
13804
13397
13733
13774
13275
14299
13342
13652
14612
14360
14392
14582
14516
14966
14674
14349
13929
13973
15914
14649
14401
14155
14683
13619
13952
13688
14378
14376
13902
14467
15113
13978
16137
14856
16225
13553
14046
15049
14479
14822
14613
15209
14692
14419
15022
14515
14564
14515
14506
16516
14220
14538
14120
14707
14506
14797
14976
14192
14768
14416
14735
14843
15273
14430
14658
15204
14161
15194
14580
14849
16194
15337
16156
15588
15056
14561
14966
15492
14034
14628
13534
16116
15156
13902
14768
16294
15288
14745
15341
14604
16167
15463
14898
15717
15295
15704
16523
15786
15839
14720
15087
16134
17159
15765
15211
15544
16328
15489
15171
15133
15677
15541
15368
15441
16020
15196
16906
16037
15692
15610
15438
14836
16197
15499
15709
15535
15744
15228
15396
17051
16322
15403
15377
16782
17219
16950
17772
15731
15993
16381
15720
16578
17097
16917
16112
16786
15830
16441
16202
17700
16424
16406
16143
16558
18101
16308
15957
16150
16226
16165
16088
16206
16724
15980
17676
17124
17162
16946
16616
17190
16771
16198
16202
16939
16349
17536
16512
17514
16362
17377
16367
16580
17262
17052
16555
17775
17617
17405
16054
16650
18090
17346
17336
17942
17504
17246
16775
16704
17749
16361
16862
17484
16423
17346
16680
17566
17108
17309
16052
16725
16580
17078
16985
18753
18366
17448
17256
18065
17848
16905
18099
17689
17550
16878
17560
17818
18141
17128
17014
17200
19080
17314
18122
19474
17242
17275
16911
17244
18779
18212
18451
18596
17487
17276
18808
17533
19280
17466
17071
17931
17550
17241
16922
18457
17551
18070
16966
17596
18516
18008
17892
17698
17989
18560
17713
18394
18818
17164
18138
18020
19008
17928
18004
17300
18372
17247
18460
18635
17370
17255
17984
16987
17671
18731
18286
18664
17734
18048
18478
18225
19140
17952
18350
17839
18622
18402
18088
18797
18602
18017
18210
18905
18145
18745
18010
18944
18467
18349
17903
18510
19486
17804
17930
19101
19832
19225
18517
18859
19994
18786
18425
18899
18580
19109
19196
19300
18523
19785
18457
19939
19904
19410
19402
19405
19593
19649
18984
20027
19066
19646
18780
19604
19765
19346
19082
19305
20533
19113
19834
19390
19895
19196
18742
19764
19854
20410
19822
19592
20047
19519
19558
20399
20348
19780
21083
20010
20737
20373
19574
21979
20676
20118
20054
20180
20907
19418
19757
20661
19809
19588
19475
19995
19644
20442
19653
21724
21045
20441
21397
20006
20222
20806
20761
20539
20388
20828
20393
20470
20620
20344
21109
21602
21222
20217
19845
21676
22168
22265
21097
20147
21219
21178
20830
20833
21684
21594
20829
21188
20841
20700
20751
21148
21416
22013
20446
22970
22220
21210
21832
22176
22068
21324
21332
20669
21388
21016
22766
21597
21849
21286
21971
22442
22100
22466
20938
21650
22177
21908
22546
21371
21288
21986
23412
23065
22417
21869
22239
23157
23115
23003
23408
22098
23700
22356
22428
23466
22618
21515
21899
23584
22939
22703
22452
23616
24036
23138
22757
23983
22671
23796
22386
22706
23391
23218
23104
23074
24283
23545
24186
23018
23625
23341
22463
24102
24175
23019
22818
23308
22557
22281
22703
23785
24520
23386
23626
24594
25114
23896
24349
24964
24797
23956
25199
24838
24670
23680
23949
24362
25235
25120
24133
24533
24843
24919
26009
26452
24287
24028
26068
25258
25664
25125
24942
24617
25220
24650
25423
24952
25157
24704
25613
24792
26378
25348
24955
25369
26445
25321
25812
24908
25446
25498
26536
25545
26525
25738
26432
27637
25869
26394
26702
25986
26519
26412
25530
26688
26786
27508
26766
28154
26187
26656
26281
26372
27756
27643
26590
28032
28896
26660
26407
27434
27426
27073
28146
27578
26932
26889
26700
27636
27248
28102
27700
27367
28483
27564
28180
27278
27656
27776
27285
27557
27992
27895
27716
28070
28784
28670
27439
27448
27937
27067
27289
29648
27602
27868
27674
28740
28773
27705
28936
28072
28938
27881
28256
28660
31040
27812
29305
29099
28552
28613
28811
28772
29261
29633
28430
30264
29920
28262
28753
30266
29163
29288
30116
30130
29069
29577
29624
31644
29265
28968
28516
31099
29124
29424
30499
29582
31438
30596
30212
29613
29888
29061
29224
31763
30775
29606
30784
30673
31050
30900
29554
30666
31626
29440
30022
31544
30097
30020
29429
30152
29414
30025
31189
31284
30314
30133
31118
29944
29851
29952
30221
30189
30536
30487
31011
30283
30144
31238
30912
30806
31169
30557
30340
30233
30128
31360
31276
30468
30114
32128
31131
30010
30805
31115
31754
31016
30840
32012
29963
30660
30426
30113
30349
29562
31000
30196
30140
31107
30275
30918
31109
31449
30777
31560
32120
31558
30982
30984
31963
30429
31770
31489
31028
30596
31752
30976
30564
30451
31610
30603
31077
31162
30667
31268
30634
30778
31478
31517
31204
31498
30716
31745
30450
30703
31978
30417
32020
32826
30578
31397
31209
31220
30821
30795
31586
31306
31262
31044
31802
31005
30412
31202
31128
30804
32059
31906
31890
31605
31821
31532
30508
30513
31949
31535
30744
31117
31685
30482
30264
31373
30673
30614
32144
31016
33438
30858
30077
31538
31222
31239
30949
30816
31398
30559
31962
30474
31590
31412
30427
30717
30742
31021
29464
29565
30175
29472
30372
30368
30326
31060
29802
31008
30561
32612
32009
30010
31422
29854
30089
30016
30698
30046
31437
30404
30549
30137
30655
29357
30534
30786
29891
29477
29590
30314
30522
30209
29496
30404
29963
29524
30932
31060
29994
31270
30538
29497
29748
31092
29882
29512
29750
29160
29994
30460
30122
29968
29748
30002
29456
29659
29371
29768
29540
28886
29050
29700
29981
29422
28488
29080
28701
28790
28420
28578
28956
28683
29040
28909
28487
29428
29704
27924
28767
28706
29881
28311
29997
28058
28644
28089
27759
28270
28524
28660
29464
28443
28282
28576
27562
28488
28580
28954
28852
28613
28154
27615
27203
27610
28360
28224
27282
28436
28294
27285
28468
28980
27016
27696
27892
27090
27714
26820
27759
26068
29148
27344
26378
26465
26117
26628
27760
27277
27286
26904
26192
25878
26828
26712
26323
27958
26552
26038
26339
26546
28912
26720
26674
25398
25140
25898
26427
25863
25764
25761
26293
25276
24694
26521
25174
25198
25400
26251
26362
24953
25530
25145
25399
26288
25416
25444
24846
25249
24042
24869
24402
24443
24584
24602
25439
25446
24361
25123
25500
24331
24764
24799
24740
24706
24809
24168
23204
23949
24218
24331
23680
23012
24996
24983
23288
22964
23652
23788
22923
25404
23155
23776
22485
22733
25140
22414
22621
23944
22575
23256
22907
22825
23009
23758
22827
22562
22914
22351
23131
23116
22836
22367
21930
22369
21999
22296
21493
22056
22484
21052
22460
22029
22031
21148
22666
23972
22148
21749
22778
21085
20910
21327
22125
21110
20206
21549
21432
20290
20710
20429
20168
20359
20061
20307
21701
20916
21093
21707
20840
20727
19693
20906
20709
20087
21278
20528
22274
20613
22226
19644
19324
19861
20184
20624
20416
19184
20510
20501
19557
20584
18781
19395
19755
19607
20043
19898
19606
19611
19512
19052
19492
18776
18732
18586
19550
19284
19212
19584
18239
18856
17869
17795
17316
18349
17972
17744
18297
19016
18169
19842
18551
17606
17771
17238
17542
18282
17582
17902
17214
16749
18254
17060
17664
16626
18561
16504
16982
16289
18090
17075
16428
16989
17820
16596
16308
16372
17362
15794
16762
16217
17352
16533
17434
16519
16006
17769
16442
15762
16102
15677
16280
15725
16778
16312
15895
16214
15952
17098
17085
17097
14857
15393
16480
15988
15252
14765
15534
15634
15737
16496
15143
15638
14953
15912
16136
14705
15280
14584
15428
15199
14738
14024
15160
14221
14536
15206
14983
14078
14303
14574
14248
13649
13394
14365
14125
14300
13768
13678
14196
15026
14298
14418
14540
13394
14294
15902
12991
13506
14756
13695
13563
13513
13491
15581
12742
14269
14672
12588
12588
13795
13478
13380
13811
13490
13471
13737
13111
13982
13428
12354
13258
12498
12809
13515
13888
13850
13083
13036
12174
13585
13311
12933
14307
12579
13670
13042
12632
13069
12091
13009
12654
12426
14265
13883
12368
13298
13844
12079
12625
11596
12339
12557
13934
12837
12685
11896
12198
11648
11370
12638
12527
11839
11529
11487
12012
12753
11492
12151
11534
12143
11670
12122
11649
11637
11787
10895
11613
11925
11163
11688
11938
11251
12928
12346
11260
11582
11286
11851
11516
11221
11954
11241
12512
11957
10978
10537
10595
10914
11514
10761
11341
12330
11291
11092
11003
11247
10500
10765
11946
11010
10970
11143
12187
11538
11471
11384
11664
11399
11124
12629
10910
11254
11021
10887
11660
10575
11220
11650
11135
11236
11323
10954
10363
10613
10712
10136
10983
11397
10411
10513
10273
10643
10577
11272
11160
10016
10917
11119
10842
11318
10386
11238
9989
10416
12438
10460
10337
11144
10233
10740
11445
10473
10780
10257
10303
11422
11320
9943
10346
10386
10108
10280
10411
11607
10496
10342
10760
9982
10959
11000
9790
10886
9930
10787
11208
10430
10450
10085
10505
10819
10131
10187
10936
10178
10332
10882
9942
11104
11149
10754
9647
9959
10644
11665
11684
11837
10412
10299
10698
10177
9640
9476
9915
10092
10637
9797
10714
10353
10779
9362
9597
10622
9797
10457
9504
10704
10278
10075
10625
11012
10524
11029
9608
9768
10644
9828
9568
10528
9416
9708
10338
10274
10202
10240
10629
9330
9562
10212
9561
9394
9317
9085
10272
9536
10460
9995
10042
9163
8988
10825
9847
10039
9800
11386
10093
9575
10237
9842
9798
10605
9104
10250
9836
10283
9873
10415
9495
9300
9602
9048
10133
9426
8845
9709
8982
9007
9876
10505
10257
10512
9150
9133
9188
9996
10248
9304
10247
9338
9490
9345
10072
9228
9383
9829
9571
9524
9977
10941
10409
9217
9187
9125
9835
9868
9659
10821
9697
10282
9087
10016
9969
9329
10244
9234
9374
9044
9344
9516
10492
9530
10392
10525
9753
9590
10449
9179
9595
9492
9864
10015
9502
9546
10232
10697
10479
9506
8906
9284
9219
9663
9350
9936
8824
9336
10296
9268
9200
8933
9746
10135
9691
10192
9332
9827
9116
11002
9414
10316
9373
9666
9211
9262
10100
10413
10236
9141
9519
8756
9884
9551
8978
9245
9830
9589
10133
9286
9248
9577
9170
9857
9801
9592
10391
9312
9519
9658
9804
9316
10563
9551
9842
9310
9481
8704
9213
9039
8865
8466
9182
9651
9338
9270
9750
9801
9798
9208
9080
9444
10106
9052
10151
9274
9012
9571
10000
8764
8793
8810
9277
9197
8802
9486
9439
9456
9141
8820
9789
8634
8766
9227
10027
9545
9423
9560
9050
9315
8282
8701
9906
9690
10103
8938
9323
9054
10248
9932
8736
9372
10255
9146
8781
10104
8993
9230
9300
9107
9226
8746
9529
10111
8808
8880
10320
11514
10182
9425
8475
9339
10250
9728
10647
9372
10085
9676
10179
11704
9077
8845
10049
8922
10255
8664
8732
9492
9364
9235
9229
9384
10558
9660
9517
9380
8846
9459
8860
8974
9474
10035
8647
8899
9856
9112
8970
10007
9926
8444
8648
9579
9189
8919
8924
8924
9114
8913
9259
8874
9019
8649
9218
9371
9221
8875
9899
9735
8714
9374
9778
9566
9820
9301
8772
9810
9958
9450
9672
8775
10371
10473
9747
8754
9934
9094
9253
9179
9314
8747
8863
9574
8518
9626
9158
10284
8926
9386
9190
9458
9572
9714
9116
9036
10618
9472
9721
10064
9744
9020
9258
9053
9962
10502
9414
8791
9381
8001
8834
8849
9273
8550
8977
9973
9407
9694
8418
8740
9437
9809
9303
8411
9404
8931
9122
11076
8860
9201
9629
8776
8594
8171
8927
8980
8921
9545
8645
8711
9781
8784
8696
8937
10591
8949
9796
8729
8979
9586
8675
8556
8612
8970
8674
9037
10871
9334
8616
8939
10041
8978
9437
9590
9197
9620
9257
9278
9518
8833
9253
8776
9419
8882
9381
9480
8540
10194
10079
8600
9866
9873
8720
10463
9802
9131
9672
9977
8472
9362
9308
9984
9052
8771
8252
9310
9371
8496
9057
9209
10951
8336
8317
9014
9160
9076
8934
9087
9347
9426
9858
9006
9760
9222
9298
9532
8564
9930
9195
8907
9236
9322
8348
8990
9856
8797
10257
8667
10049
9344
10776
11781
9697
8978
8628
8395
10160
8578
8936
9348
8776
9606
8854
9245
8722
8502
8456
9376
8872
9008
9399
8994
9275
8492
8852
9256
9432
8718
8274
8652
9780
9318
8584
9284
8566
8706
8623
8342
9816
9106
9858
9117
8973
9504
9441
8948
8736
9751
10173
8978
9726
8546
10107
8884
8701
9207
8654
8137
10300
10463
8394
9069
8580
8448
8742
10269
9700
8537
8472
10582
9034
9224
8638
9159
9557
9140
10240
9163
9248
8722
9269
8564
8838
10582
9248
8376
9298
8613
9056
8682
9397
10292
9042
9670
8837
8715
9001
10035
8509
9044
9679
9381
8857
9748
9076
8082
11084
9187
9269
9067
9202
8779
9142
8356
8485
9018
9018
8672
9850
10092
8264
8870
9699
8585
9833
8790
8482
8580
9314
9368
9051
9370
8743
10118
8844
9368
8416
9347
8457
8084
10370
9437
8731
9014
9667
10546
9797
8452
8568
8845
8089
8165
8329
8513
8736
8321
10246
8963
9686
10374
8413
8328
9734
8882
9293
10320
8937
9358
10249
8816
8601
9048
9478
8912
9064
9328
10742
9705
8931
8560
8860
9784
8887
8674
10180
9103
8710
9439
8725
9429
8513
8160
10175
9668
9096
9380
9252
9146
8890
9110
8704
9688
8943
9199
9298
8539
8826
8568
8200
9329
9275
9259
8432
8310
8879
9125
9217
8750
9897
9143
9087
8827
9108
9110
8898
9449
9325
8369
8067
8556
8893
8926
8882
9423
8418
8126
8970
8987
8056
8402
8868
8371
9740
8736
9098
8022
9203
10049
8429
9453
7893
8558
9099
9466
8291
8374
8336
8806
9489
10117
9400
9191
8291
8482
8872
8272
9361
8704
8268
9447
9331
11126
8239
8152
9785
8657
8079
8868
9185
8324
8820
8080
8660
8354
10162
9735
8484
8623
8826
9132
9775
8759
8204
9395
8727
8797
8386
9242
8925
8804
9047
8740
8572
8560
8121
8276
8481
8746
8159
9622
8204
8885
8428
7817
9477
8648
10665
8916
8070
8928
7956
8770
9991
8613
8391
9418
8668
8841
8776
8759
8774
8811
7727
8166
8333
8690
8464
8163
10036
10015
8333
9096
8391
10686
7897
9212
8714
8666
8413
8757
8794
8979
8256
9311
8412
8896
7946
8457
9071
9273
9157
9652
8639
8039
8044
8879
8603
9470
8740
10212
8144
8677
9404
8439
8904
8690
8024
8712
9031
8415
9127
8123
9501
9364
8963
8787
9495
8748
7925
9775
9358
8226
8484
9040
8586
9258
8751
8187
9234
8773
8631
8885
9314
8561
9984
9612
9073
8544
8052
8491
8965
8246
8773
8138
10246
8413
8892
9206
8864
8311
8667
8192
8591
8112
8847
8491
9726
9068
8384
9558
8227
8593
9036
8320
8460
9217
8312
9551
8440
8400
8000
9764
10039
8063
8270
8822
8238
8840
8745
8386
9182
9480
7727
8277
8951
10899
8466
8893
8594
8651
8744
8537
9639
8318
8767
8019
8706
7955
8769
8712
8203
8762
8202
8366
8664
9046
8218
9702
8583
9140
8296
8185
9026
9228
8324
8746
8310
9050
8643
9770
8733
8753
8982
10392
8891
7953
8608
8533
8317
7810
8493
9340
9071
8511
8198
8911
8642
9394
9384
8056
8543
8949
8548
8093
7996
7971
9631
8165
8838
8169
8918
8237
8252
8436
8562
8651
8386
