7829
6945
7380
8304
6676
12258
6329
6496
6922
6779
6830
6725
6929
7191
6198
8278
8851
7067
7839
7142
6569
7465
6612
7711
7187
7088
7048
6197
6224
6978
6944
7266
6668
7766
6358
6886
6413
6758
7434
7605
7014
7103
6683
6741
6480
6843
8174
6745
7576
7380
9468
7964
9135
7195
6510
7321
6891
6907
7184
6773
7351
7681
7145
8029
6968
7244
7641
6276
8343
7912
7114
7072
7344
7797
7086
7000
6965
7185
7319
6662
7934
7318
7530
7994
7080
7138
7746
6350
7797
7006
7269
7481
7107
7231
6722
6746
7595
9177
7893
6620
7995
6662
7252
6941
7054
7196
6607
7597
6845
7273
8252
7062
8174
8320
7080
7282
6498
7737
6713
7390
7225
6895
6448
7846
7524
7160
7916
7427
7078
7321
7030
6893
7322
7572
7035
7320
7515
7630
8200
7218
6989
6657
6368
7683
7370
6561
6954
7792
6905
7368
8104
7150
7170
7233
6576
7275
8252
7241
6659
7452
9459
7160
6768
7335
7514
8268
7035
8168
7164
6956
7100
7205
7150
6568
7153
6282
7672
7393
6920
8091
6765
8185
7876
7335
7268
9220
7546
6544
9101
7651
8971
7219
7676
7000
7738
7845
6822
7468
6680
8634
6554
7330
7581
7012
6767
7462
8175
7449
7300
7695
6732
7325
8237
6926
7293
7108
7118
7584
7672
7504
8310
7598
7340
7729
7782
7720
6992
7688
6741
8532
7361
7111
6621
7362
7445
7670
8397
8049
7435
7715
7856
7136
7212
7737
6789
8344
7504
7556
6469
8230
6614
8266
7023
8024
7696
7845
8010
7369
8677
7532
6558
9175
7183
7928
6826
7446
7118
7224
6841
8821
7750
7503
7368
6953
6727
7474
7305
7159
6825
8491
7162
7142
7547
6903
7418
6997
7393
7802
7995
7426
6568
6987
7437
8262
8057
8521
7815
7675
7441
7304
7481
7108
6720
6904
7618
8030
7619
7211
8010
7758
6860
9124
7764
8192
6943
7806
7838
8036
7998
7078
8434
7307
6622
7504
7188
7360
8556
8130
7560
8073
6790
7243
6953
7107
7108
7648
7064
7326
7653
7034
8565
7907
8142
7404
7975
7158
8095
7700
7685
7654
7835
7490
7533
6907
7717
8484
7163
8240
6736
8601
7031
7372
7634
6657
7146
7473
7311
7262
7387
7641
8197
6589
7827
8012
7133
7058
7324
7310
6820
7016
7337
7833
6927
9412
6912
7464
8283
6852
8277
7842
8386
8175
6986
6999
7373
7138
7972
7119
7497
7240
8061
7562
7636
6919
8649
9220
7353
8159
8029
7432
8841
7798
8296
8051
7017
7853
6820
7327
7412
7428
7622
7339
6978
7047
7039
7412
8726
7199
8046
7803
7257
7991
7416
7570
7208
7271
7787
7413
7370
7007
6804
7370
6986
7036
7602
7482
7428
8335
7590
8409
7191
7575
8051
7754
7378
7727
7520
7759
8029
7309
7200
7469
8006
8236
7902
8452
7806
7701
7166
7652
8042
7546
7555
8203
8393
7139
7401
8421
7757
6861
8131
7545
8268
9121
8886
6859
8629
7728
7072
7134
7189
6829
6828
7502
7092
7760
11217
8859
7337
7172
8045
7703
7200
7525
8081
7432
8592
7549
8306
7304
7963
7477
7828
8333
7508
8995
7847
7934
7453
8087
8224
8997
7723
7514
7396
7877
7961
8687
8267
8218
7750
7486
8332
8271
7321
8763
7101
8452
7684
9151
7863
7818
7025
8386
8138
7695
8250
7433
7066
7707
7403
10347
7653
9394
8116
7724
8365
7661
7730
8644
7105
7209
7541
7623
8184
7606
8063
6996
9186
8767
7444
7296
8530
7647
6863
7914
7890
8717
7241
8205
7924
8279
8525
7524
7552
8448
7893
7890
8283
8106
7396
7564
7421
6983
7226
7320
8192
7935
7196
7908
7243
7696
8153
10120
8029
7913
7697
7419
7647
7433
7067
8715
7874
7547
7961
7800
7080
8906
7528
9125
7602
8051
8854
7418
8146
7542
6997
7792
8460
8659
7768
7584
8526
8099
8479
7220
7653
7837
8008
8834
8084
7615
8363
9261
9331
9397
8196
7601
7426
7061
8081
7289
7420
8193
7476
7145
7904
7518
8027
7684
8488
7981
7537
8256
7573
7838
7364
7803
8249
8993
8969
7389
7541
7965
8062
7765
8049
9396
7859
10025
8488
7671
7385
7570
7485
8357
9148
7604
7828
8795
7714
7889
7653
8186
7557
7788
8184
8573
9401
8539
9020
8495
7896
8144
7753
7396
7947
8787
8850
8231
7765
8177
8567
8463
8174
8080
7664
8124
8048
9143
7948
8631
8225
7653
10628
7931
8538
7549
9698
7968
8074
8485
8155
7368
8754
8533
8000
8377
9065
8389
8018
7571
8365
8770
8046
8721
7571
7921
8028
7499
8911
9354
7891
8408
7879
8148
7640
7701
9636
9170
8741
7703
8282
8044
7688
8154
8034
7956
8385
9130
8134
8872
7495
7865
7811
8931
7858
8533
9533
8125
7559
8530
8305
8994
8296
8218
7925
7725
8426
9157
7669
7949
7538
9385
7845
8079
7721
7596
7702
7526
8901
8442
7457
8155
8687
9339
7768
8286
8089
9756
9221
8281
8793
8252
8154
8320
8696
8074
9106
8301
8928
8679
7465
9155
9099
8175
9457
7615
8326
9530
8484
8719
9933
8224
8630
7727
8940
8046
8508
7678
8053
8045
8367
8112
7656
8544
9223
8546
9089
11752
7973
9407
7770
7744
7954
8211
9057
8331
8885
8781
9539
8777
8768
8424
7712
9644
8600
9116
9378
7861
8063
8420
8863
8168
8017
9101
9863
8454
10150
7796
8919
9047
8627
8780
9252
8693
8292
8425
8984
8454
8340
8895
8888
8865
7942
8246
7587
8837
8589
8212
9603
9065
8668
8652
8856
9714
8750
8025
9802
7974
10045
8656
8359
9092
8141
8855
8336
8396
8330
8495
9090
9209
9235
9135
7757
10389
8216
8585
9025
9295
8572
8086
8478
8360
8471
8729
8148
8533
9710
8309
8076
9301
9267
9151
9370
8134
9803
8937
8472
8771
9116
9139
8679
9615
9356
8928
8266
9202
8724
8506
8284
10062
9277
9229
9117
8584
8433
9354
8424
9945
8466
9261
8406
9768
9459
9464
8600
8129
8861
8994
9274
9328
8773
9068
8874
8523
9298
8742
8718
9444
8734
9125
8699
9231
10110
8670
9514
8472
8872
9380
8116
9982
8598
9480
10863
8755
8695
8987
9258
9244
8951
9762
8586
9420
8693
9834
9260
9848
9917
10016
9716
8907
8664
8770
8823
9047
9388
8785
8987
8661
9563
9466
8752
10199
8952
9642
9077
8861
9069
9372
9578
9734
9968
9856
9195
9012
9448
9290
9158
8973
9244
10200
9000
8844
9272
9157
9645
10091
9005
9701
8714
9964
9503
9961
8758
9008
8878
8894
9320
9973
9494
9344
9748
9236
9430
9995
8491
9324
8934
9236
9881
9378
9984
9364
9030
8840
10370
9490
9966
8972
10300
9332
8849
9357
9058
9419
9391
10046
10037
10060
10104
8826
9969
8842
9461
9737
8829
10142
10424
9452
9103
10128
9296
11303
9854
10024
10337
9038
11855
10673
10004
10594
9717
9896
11309
9528
10280
10682
10540
9182
10330
9577
11266
10168
9556
10834
9574
10126
9787
10004
11048
10223
10056
10027
9881
10444
10267
9861
9621
10602
10641
10146
10356
10917
9671
10753
10282
10455
9768
11279
10767
9858
9754
11017
10843
9686
9914
10269
10857
10169
10301
10053
9205
11361
9811
10046
10407
10728
10323
10701
10926
10112
9852
9990
10301
9617
10747
9920
9856
10772
10517
10770
10756
10850
11055
10709
10414
9961
10493
12283
10866
10554
10935
11015
10142
10036
10281
10729
10534
9973
10747
11178
10276
12478
10625
12253
9764
10262
11250
10593
10859
10817
11160
10681
10644
10985
10663
10554
10543
10701
12559
10281
10462
10026
10488
10325
10600
10870
10169
10987
10662
10739
10745
11171
10547
10847
11149
10038
10835
10405
10686
11901
11119
11845
11606
10932
10618
11064
11871
10464
10945
10006
12242
11444
9962
10855
11947
11076
10271
11119
10504
11717
11027
10392
11546
11117
11449
12350
11290
11812
10432
11075
12118
12906
11566
11159
11432
11758
11207
11055
10821
11410
11251
11069
11449
11978
10976
12662
11558
11561
11351
11083
10896
11838
11458
11331
11432
11255
10929
11213
12695
11909
11296
11306
12489
12964
12584
13254
11152
11886
11796
11520
11930
12480
12293
11907
12625
11406
11696
11732
13099
12013
11741
12102
12114
13343
11702
11492
11616
11759
12062
11523
11746
12359
11476
13294
12460
12880
12311
12014
12431
12068
11858
11758
12433
12081
13332
12266
13458
11898
12996
11994
11847
12604
12552
12457
13338
12952
13125
11353
12428
13245
12790
12720
13223
13133
12694
12266
12175
13410
12212
12268
12884
12060
12840
12068
13037
12202
13146
11785
12246
12233
12569
12549
14641
13723
12938
12506
13814
13518
12171
13541
13245
13182
12688
13070
13141
13475
12697
12935
12790
14880
12641
13278
15439
12777
12762
12829
12480
14417
13956
13680
13772
13020
12692
14582
13331
14856
12951
12708
13381
13377
12511
12792
14288
13266
13674
12706
13531
14015
13699
13514
13451
13337
14134
13590
13974
14384
12672
13679
13458
14666
13702
13791
12742
14144
13175
14012
14260
12895
13241
13850
12605
13307
14669
13864
14523
13884
14289
14102
13757
14839
13788
14337
13580
14417
13869
13876
14254
14377
13704
13883
14649
13964
14373
13523
14663
14151
14389
13641
14442
15616
13544
13852
14681
15605
14907
14187
14435
15733
14132
14288
14740
14314
14632
15008
15025
14554
15789
14602
15991
15748
15226
15037
15286
15266
15120
14859
15911
14756
15429
14437
15429
15346
15327
15173
15404
16546
14730
15569
15108
15533
15144
14673
15625
15858
16326
15536
15425
16130
15378
15268
15979
16074
15739
16946
15658
16602
16395
15755
17965
16319
15936
16009
16405
16607
15170
15892
16297
16092
15514
15534
16053
15634
15916
15522
17680
17032
16216
16983
16209
16382
16897
16676
16522
16442
17254
16289
16601
17053
16170
17006
17270
17094
16371
15995
17807
18100
18252
16966
16038
16872
17139
16820
17034
17707
17744
16842
17323
16868
16797
17070
17213
17460
17825
16384
19268
17972
17309
17775
18197
18114
17429
17288
16738
17579
17353
18618
17818
18070
17453
18341
18448
18142
18093
17236
17624
18009
18144
18139
17646
18038
18078
19592
19261
18610
17938
18008
19523
19444
18797
19718
18521
19812
18821
18236
19621
18908
18050
18434
19968
19060
18671
18458
19637
20022
19250
18890
20600
18749
20102
18553
19010
19669
19584
19096
19266
20440
19990
20503
19314
19781
19930
18992
20149
20463
19198
19080
19567
19124
18780
18859
20442
21016
19594
19706
20532
21110
20061
20352
21078
21101
20276
21308
21388
20739
20141
20400
20493
21504
21307
20554
21130
21675
20972
22530
22425
20729
20511
22163
21176
21965
21380
21306
20980
21284
21056
21956
21110
21510
21028
21912
21248
22222
21869
21528
20706
22357
21571
21640
21052
21864
21607
23017
21618
22954
21869
22867
23370
22116
22269
23157
22008
22771
22836
22194
22398
22916
23457
22535
24218
22463
23178
22094
22633
24192
23706
22885
23977
24488
22821
22599
23480
23324
23348
24516
23963
23105
23044
22843
24011
23562
24502
23524
23490
24990
23682
24340
23756
23611
24213
23840
23960
24276
24278
24230
24092
24902
24874
23650
23698
24132
23035
23469
25817
24168
24129
23932
25080
24836
24260
24539
24424
24960
23954
24061
24590
27560
23636
25405
25160
24776
24712
24955
25357
25164
25554
24139
26637
25774
24635
24598
26191
25406
25721
26132
25772
25356
25306
25305
27509
25257
24996
24660
27119
25307
25478
26566
25586
27802
26323
26533
25936
26165
24962
25596
28080
26896
25636
26928
26500
27547
26840
25345
27176
27683
25556
26060
27210
26160
26260
25438
26224
25556
26004
27003
27478
26731
26392
27208
26318
25856
26285
25803
26580
26479
26358
26845
26740
26360
27080
26686
27101
27678
26860
26234
26380
26354
27577
27468
26112
26413
28551
27415
25909
26972
27592
27654
26573
26920
27997
26100
27200
27021
26196
26684
25937
27196
26298
26223
27478
26473
27287
27066
27193
26651
27879
28116
27382
27190
27035
28374
26363
27644
27548
27232
26554
27997
27272
26278
26741
27491
27307
27080
27684
26740
27721
26825
27076
27724
27675
27295
27540
26537
27798
26964
26556
28390
26732
28509
29031
27032
27092
27723
27153
27218
26922
28049
27436
27528
27032
27942
26829
26621
27198
27101
27020
28119
28088
27888
27929
28304
27033
26586
26752
28040
27782
27322
27460
28129
26782
26726
27972
27110
27204
28281
27498
29685
27284
26344
28322
27549
27528
27008
27684
27562
26779
28004
27189
27720
27727
26781
27028
27164
27050
25834
26542
26346
25710
26962
26727
26688
27362
26273
27136
27078
28756
28272
26840
28066
25804
26578
26646
27276
26308
27747
26890
26752
26158
26967
26488
26774
27125
26602
25826
25906
27123
27060
26969
26294
27002
26863
26086
27472
27333
26418
27108
26847
26381
26104
27595
26621
25966
26178
25813
26477
27334
27137
26285
26533
26900
25898
26164
25702
26367
26323
25864
25708
26228
26627
25839
25334
25210
25329
25590
25342
25404
25446
25323
25914
25594
25716
25954
26413
25209
25320
25221
26900
25443
26733
25261
25688
25088
24922
25249
25088
25664
26506
25435
25296
25547
24598
25446
25772
25642
26162
25481
25287
25106
24573
24524
25363
25013
24553
25601
25106
24203
25766
25424
24245
24646
25176
24038
24826
23988
25272
22856
26571
24204
23646
23578
23426
23708
25161
24710
24076
24282
23433
23141
24121
23680
23613
25454
24018
23244
23871
23773
26360
23588
24620
22802
22526
23714
23850
23179
22794
23527
23820
22948
22267
23556
22701
22452
22874
23602
23318
22729
23069
22928
22818
23490
22952
22889
22199
23147
21760
22810
21745
21917
22204
22245
22978
22745
22260
22521
22733
22132
21994
22023
22552
22474
22629
21829
20786
21841
21803
21864
21304
20648
22540
22627
20649
20684
20941
21573
20847
23502
21150
21840
20342
20356
22916
20513
20445
21962
20529
20957
20717
20397
21024
21333
20860
20698
20555
20259
20736
20500
20825
20074
19526
20394
19725
20139
19697
19834
20475
19332
21011
19988
19909
18850
20500
21505
20348
19973
20748
19403
19352
19634
20288
19310
18244
19642
19858
18438
18898
18524
18565
18607
18537
18816
20151
19323
19137
19935
18996
18552
18102
19146
18520
18426
19476
18631
20578
19043
20292
18217
17779
18510
18545
18868
18531
17749
18468
18421
17985
19129
17476
17988
18212
17781
18280
18405
17886
17691
17837
18109
18182
17301
17339
17265
18303
17787
17885
18068
16848
17180
16237
16299
15863
17138
16541
16312
17049
17364
16891
18333
17313
16433
16388
16006
16172
16976
15983
16384
16199
15532
17028
15854
16196
15143
17446
15377
15666
15071
16774
16052
15164
15342
16459
15813
15206
15121
15684
14299
15678
14995
16238
15042
16107
15644
15052
16605
14967
14612
15058
14359
15176
14667
15837
15055
14740
15055
15076
15818
16026
15895
13854
14474
15450
14658
14171
13705
14900
14690
14977
15787
14171
14844
14038
14691
15211
13616
14698
13888
14464
14446
13937
13414
14290
13301
13731
14601
14270
13485
13385
13508
13709
12810
12822
13536
13344
13596
13180
13051
13069
14268
13523
13595
13980
12336
13595
15323
12285
12856
13953
12856
12821
12500
12683
14970
11715
13714
14152
11995
11909
13132
12776
12860
13204
13019
12592
13318
12444
13146
12684
11724
12556
12099
12259
12872
13191
13039
12651
12376
11750
13199
12832
12328
13538
11999
12609
12544
12038
12637
11513
12720
12042
11710
13524
13287
11711
13100
13042
11422
12106
11226
12048
11832
13436
12334
12288
11530
11688
11068
10821
12105
12140
11586
10969
11135
11526
12259
11079
11709
11093
11842
11417
11486
11162
11208
11380
10532
11034
11587
10703
10981
11596
10996
12497
12213
11004
11026
11024
11421
11102
10857
11444
10818
12118
11665
10400
10148
10370
10505
11061
10569
11150
11959
10852
10612
10523
10947
10368
10536
11742
10683
10459
10892
11843
11292
10902
11177
11129
10968
10512
12142
10393
10907
10773
10646
11438
10581
10781
11480
10921
10822
10986
10621
10036
10135
10562
9848
10590
10982
10088
10297
10219
10378
10275
10966
10917
9940
10611
10830
10707
10875
9863
10839
9880
9954
11860
9889
9935
10805
9886
10323
11125
10285
10686
10301
10045
11063
11282
9713
10106
10073
10025
10290
10125
11363
10095
10088
10402
9936
10793
10825
9747
10685
9732
10566
10992
10187
10416
9821
9864
10346
9732
9837
10861
9856
10146
10518
9626
10681
10860
10553
9564
9619
10522
11545
11345
11668
10202
10141
10091
9904
9420
9370
9616
9949
10414
9517
10312
10404
10429
9179
9321
10568
9588
9962
9237
10799
10000
9904
10362
10925
10263
10555
9655
9653
10293
9549
9503
10532
9178
9686
9886
9959
9974
10154
10512
9312
9553
9978
9283
9465
9139
8670
9965
9581
10114
9731
9743
8947
8725
10682
9527
9924
9608
11036
10141
9346
9850
9612
9600
10613
9085
10169
9700
9994
9560
10388
9411
8899
9456
8811
9951
9151
8884
9723
8999
8721
9775
10254
9942
10279
9012
9028
8963
9875
10032
9207
9908
8918
9247
9210
10000
8928
9210
9579
9475
9296
9766
10775
10168
9101
9143
9337
9768
9692
9472
10866
9357
10206
8832
9824
10063
9444
10048
9151
9416
9037
9072
9408
10205
9430
10245
10315
9266
9459
10298
8943
9111
9158
9451
9810
9262
9325
10074
10358
10400
9284
8908
9281
9264
9202
9298
9695
8805
9093
10168
9204
9099
8614
9679
9792
9373
10209
8979
9611
8894
10934
9425
10168
9298
9171
9178
8914
9778
10244
10057
9170
9334
8579
9701
9407
8817
9295
9677
9326
9981
9123
9138
9403
9161
9754
9679
9540
10272
9089
9237
9351
9644
8978
10550
9711
9656
9304
9312
8483
8786
9042
8792
8328
8941
9668
9037
9076
9658
9765
9637
8945
8967
9278
9988
8792
10000
8949
8632
9398
9798
8922
8451
8846
9223
9166
8613
9581
9284
9402
9087
8664
9683
8525
8731
9229
9690
9262
9208
9497
9028
9263
8140
8602
9729
9826
10057
8697
9039
8986
10001
9850
8694
8912
9920
8984
8575
10155
8923
9209
9305
9011
9114
8606
9292
9926
8689
8590
9787
11128
10196
9312
8443
9242
10237
9822
10493
9528
10061
9432
9924
11438
8820
8673
9883
8962
9930
8909
8621
9126
9055
9186
9193
9233
10542
9586
9586
9492
8699
9442
8602
8790
9561
10428
8506
8569
9776
9036
8874
9857
9692
8586
8357
9128
8918
8832
8650
8722
9192
8884
9417
8857
8911
8437
8943
9286
8918
8587
9684
9764
8521
9114
9627
9458
9565
9329
8709
9830
9722
9464
9538
8575
10138
10333
9519
8700
9818
8879
9267
9125
9205
8776
8760
9428
8561
9476
8940
10043
8905
9223
8950
9521
9334
9472
9056
8981
10492
9414
9928
10161
9710
8881
9157
8766
9792
10370
9267
8634
8974
7897
8699
8674
9207
8622
8766
9693
9390
9657
8325
8459
9339
9913
9133
8196
9284
8889
9151
11188
8670
8803
9233
8811
8253
8097
8673
8704
8700
9530
8261
8566
9533
8673
8578
8989
10182
8748
9478
8591
8783
9444
8737
8288
8522
8806
8434
8993
10954
9122
8277
9041
10102
9064
9360
9506
9345
9458
9322
9001
9233
8583
8883
8582
9129
8680
9322
9390
8497
10098
9949
8535
9996
9908
8542
10409
9674
9038
9610
9785
8393
9367
9054
9769
9010
8418
8071
9022
9312
8290
8980
8913
10869
8301
8146
8918
8809
8889
8937
9153
8937
9215
9685
8616
9994
9210
9063
9312
8336
9652
9114
8875
8951
9263
8157
9083
9566
8793
10154
8485
10017
8963
10726
11520
9749
8873
8452
8070
9862
8490
8777
9033
8754
9404
8550
8989
8635
8308
8137
9075
8664
8949
9442
8953
8947
8260
8778
9124
9153
8685
8302
8674
9996
9041
8453
9093
8758
8918
8644
8217
9792
9090
9804
9165
8817
9463
9291
8685
8492
9466
10135
8945
9795
8480
9853
8820
8577
9016
8581
8079
10294
10153
8173
9011
8488
8250
8424
10174
9577
8378
8290
10513
8811
9173
8566
8776
9468
8957
10151
9194
9200
8562
9354
8522
8825
10477
9274
8452
9289
8195
8978
8325
9171
10111
8982
9542
8706
8548
8736
10031
8426
8971
9565
9240
8806
9529
8900
7792
10804
8821
9126
9030
9094
8984
9001
8245
8566
8946
9292
8612
9741
10083
7877
8699
9549
8638
9836
8642
8214
8584
9126
9338
8920
9253
8517
9989
8680
9135
8281
9256
8309
8057
10218
9298
8692
9164
9634
10328
9705
8426
8565
8782
8009
7992
8314
8604
8340
8394
10116
8886
9481
10472
8311
8176
9522
8794
9272
10430
8996
9216
10176
8782
8462
9164
9178
8826
8989
9278
10715
9462
8977
8455
8564
9540
8631
8684
10311
9082
8619
9150
8622
9612
8416
8175
9837
9664
8961
9341
9004
8790
8695
8907
8767
9965
8948
8964
9200
8572
8797
8502
8261
9277
9306
9141
8399
8298
8749
8788
9254
8311
9668
9097
9090
9005
9073
9021
8759
9222
9153
8143
7857
8602
8429
8920
8526
9165
8212
8339
8777
8901
8100
8253
8678
8325
9785
8486
9008
7981
9019
9891
8444
9173
7725
8315
9047
9116
8384
8329
8208
8996
9460
9920
9212
8995
8275
8449
8901
8466
9335
8635
8194
9421
9146
10876
8016
8286
9539
8530
7847
8905
9005
8209
8755
8000
8475
8272
9846
9539
8367
8683
8755
8995
9567
8786
8027
9179
8589
8592
8302
9229
8856
8963
9130
8701
8544
8586
7947
8299
8420
8505
8027
9607
8254
8665
8395
7937
9429
8541
10566
8660
7998
8635
8040
8738
9820
8594
8062
9394
8308
8735
8903
8708
8520
8728
7872
8179
8041
8672
9480
7923
9922
9984
8080
8944
8142
10496
7791
8974
8452
8670
8197
8649
8594
8676
8198
9250
8574
8940
7840
8443
8806
9097
9007
9455
8533
7912
7922
8789
8493
9338
8442
10028
8018
8601
9274
8360
8781
8576
8495
8496
8931
8194
8856
7928
9270
9360
8790
8765
9216
8661
7918
9722
9364
8216
8403
8952
8690
9070
8397
8103
9349
8569
8579
8815
9245
8564
9822
9524
9161
8321
7791
8381
8982
8262
8882
7970
9961
8295
8650
9131
8584
8217
8642
7992
8365
8320
8711
8385
9498
9171
8297
9514
8138
8573
9177
8285
8132
8987
8149
9422
8337
8196
7772
9621
9883
8139
8324
8691
8000
8656
8543
8357
8949
9254
7669
8181
8717
10810
8235
8639
8434
8296
8750
8674
9543
8362
8687
8104
8698
7879
8545
8698
8188
8641
8342
8462
8406
9117
8022
9490
8382
8928
8333
7999
8924
9157
8186
8773
8200
9051
8693
9733
8644
8540
8763
10319
8586
7739
8379
8440
8400
7838
8451
9212
9011
8364
8068
8593
8595
9355
9386
8159
8492
8903
8496
7865
7874
7803
9302
8016
8667
8224
8729
8116
8353
8440
8453
8574
8226
