11049
11163
10931
10849
10872
11656
10798
10961
10975
10970
11049
10859
10994
10885
10816
11466
11424
10818
11509
11310
10800
11306
10950
11012
11637
11231
11546
11337
10980
11471
11612
11124
11240
10845
11229
11525
11224
11658
11549
11569
11476
11361
11374
11430
11865
11254
11890
11340
11784
11549
12180
11635
11946
11520
11555
11743
11757
11272
11736
11820
11687
11735
12284
11905
11581
11807
11601
11611
12017
11844
11760
11641
11968
12014
12088
12027
11947
12004
12079
11786
12264
12089
12145
11869
12187
12211
11867
11771
12463
12349
12329
12410
12594
11960
12047
12422
11998
12401
12792
11966
12367
11901
12976
12297
12805
12756
12168
12893
12228
12436
12835
12470
12885
12825
12848
12640
12576
12979
13012
13206
13227
12794
12688
13134
13099
13284
13332
12842
12796
13201
13193
12911
13028
13075
12916
13062
13352
13348
13259
12912
13672
13332
13022
13201
13578
13298
13129
13368
13117
13470
13752
13108
13990
13416
13465
13320
13956
13628
14124
13273
13963
13699
13788
13531
13355
14072
14136
13602
13970
13596
13862
13930
13851
13739
13760
13840
13742
14036
14116
13965
13748
14672
14043
13836
14042
14199
14205
13792
14412
14384
14318
14149
14270
14420
14255
14264
14063
14500
14318
14627
13866
13885
14656
14263
14336
14438
14630
14431
14696
14579
14522
14669
15253
14347
14280
14448
14748
14693
14941
14652
14912
14900
14971
14605
15254
15090
14815
14937
14612
15204
14618
14991
15066
15181
15003
15090
15044
14900
15307
15019
15409
15304
15026
15104
15661
15202
15209
15636
15426
15752
15225
15591
15707
15863
15370
15531
15410
15558
15904
15284
15424
15738
15558
15848
15619
15587
15560
15958
15690
16141
16075
15993
16394
16236
15645
16051
15993
15675
15961
16496
16273
16192
16333
15886
16489
16057
16045
15976
16023
15979
15575
15851
15917
16056
16908
16290
16556
16394
16258
16608
16726
16756
16401
16460
16507
16337
16504
16640
16674
16839
16522
17329
17039
16832
16823
17068
17092
17021
16712
16700
17572
16815
17243
17175
17194
16971
17607
17093
17338
17024
17139
17108
17033
17029
16869
17657
17334
17270
17253
17000
17934
17724
17796
17284
17709
17528
17778
17548
17088
17248
17146
17156
17530
17154
18014
17322
17684
18180
17853
18141
17684
17792
18228
17504
18110
18012
17682
17879
18404
18159
17834
18010
18229
18086
18101
18337
18247
18211
18214
18151
17884
18292
18261
18377
18620
18436
18545
18381
18735
18544
18783
18784
18474
18266
18996
18714
18874
18699
18994
18858
19054
19092
18576
19238
19046
19099
18841
19521
18937
19025
19592
19011
19174
19549
19164
19462
19421
19428
19389
19796
19759
19316
19735
19732
19842
19712
19649
19451
19594
19956
19700
19812
19751
20100
20080
19990
19973
20021
20356
20138
19959
20154
20066
19840
20497
20196
20209
20236
20214
20173
20343
19978
20330
20500
20613
20588
20472
20397
20866
20602
20390
20925
20713
20754
20612
20859
20694
20970
20433
21237
20766
20885
20672
20897
21492
21223
21383
20929
21165
20824
20810
20724
21204
21661
21432
21144
21662
21188
21101
21726
21528
21504
21490
21307
21732
21384
22267
21690
21388
21590
21553
22269
21442
21576
21786
22176
21958
21762
21994
21866
22128
22280
22100
22554
22134
22126
22220
22211
21951
22051
22728
22513
22039
22084
22173
22784
22618
22709
22863
23034
22954
22560
22718
22820
23206
22917
23020
23242
22873
22952
23215
23414
23113
23016
23161
23154
23266
23364
22989
23471
23529
23552
23535
23330
23522
23461
24185
23453
23285
23832
23612
23896
23704
23865
23462
24135
24076
23430
24135
23809
24045
23730
24262
24260
23904
24538
24666
24370
24253
24597
24518
24489
24441
24192
24229
24466
24737
24734
24852
24474
24472
24596
24424
24399
24413
24638
24692
24560
24803
24904
24788
24952
24838
25366
25237
25294
24960
25381
25158
25026
25234
25278
25744
25573
25259
25275
25471
25610
25514
25412
25609
25709
25894
25596
25483
25608
25204
25436
25077
24833
24824
24535
24851
24970
25764
24906
25700
25846
25777
26181
26103
25892
26550
26461
26688
26531
26916
26744
26348
26397
27120
26528
26602
26377
27150
26568
26916
26929
27119
27456
27050
27329
27352
27204
26811
27098
27182
27095
27341
26848
27540
27556
27232
27697
27644
27293
27372
27624
27044
27601
27536
27174
27626
27594
27701
27600
27890
27396
27803
27850
28129
28016
28412
28226
28356
28315
28589
28390
28980
27732
28420
28468
27579
27635
27959
27533
28345
28070
28205
28565
28413
28424
28891
28786
28828
28938
28437
29169
28948
29229
29328
29184
29620
29144
29176
28920
29353
29118
29412
28955
29453
29581
29361
29338
29239
29542
29961
29673
29601
29460
29456
29952
29446
29751
29918
29892
29620
29772
30122
29648
30420
30144
30006
30653
30308
30420
30235
30402
30125
30800
30696
30052
30476
30556
30444
30681
30398
30897
30889
31042
30987
30931
30762
30920
31536
31023
30976
30982
31105
31056
31108
31582
31545
31346
31084
31514
30771
30874
31313
31199
31528
31579
31544
31764
31116
31240
31789
31451
31788
31392
31830
31896
31840
31648
31900
32002
32217
31857
31740
32427
31277
31592
32274
31547
32242
32292
32326
32395
32234
32304
32107
33000
31908
32296
32548
32415
32851
32633
32726
32693
32304
32462
32973
32476
32564
32288
32810
32682
32586
32427
32658
33270
33364
32614
32808
33412
33611
33181
33623
33612
33204
33236
33360
33332
32810
34119
33677
33601
33800
33979
34096
34232
33912
33557
33848
34068
34439
34522
34231
33952
34049
34141
33835
34384
33896
34365
34112
34050
34330
34268
34578
34536
34008
34150
34616
34662
34824
34473
33988
33686
33526
34465
33920
34073
33604
33690
33718
34212
34423
34278
35008
34838
35076
34746
35002
35597
35688
35493
35588
35046
35613
35358
35435
35424
35866
35578
35524
35225
35249
35510
35740
35330
35596
36043
35995
36100
36161
35706
35685
35499
35978
35653
36078
35942
35849
35755
35956
35946
36205
35768
36137
36120
36434
36160
37223
36198
37156
36424
36133
36288
36696
35979
36029
36363
36036
36276
36343
36360
36690
36124
36316
36858
37076
36796
37490
37643
37153
37208
36931
37926
37292
37208
37064
37288
37220
37197
37520
36456
37327
37285
37258
37003
37076
37056
37445
37120
37325
37002
37724
37787
37930
37462
37979
37908
38550
37860
37767
37588
37976
37579
37909
38214
37962
37712
38360
37922
37849
37793
38327
38325
37728
37896
38118
38189
37940
37985
38204
37944
38096
37988
38081
38331
38639
38623
38925
38086
38539
38912
38440
38253
38916
39156
38925
38552
38485
38016
37674
37508
36781
37685
37948
38356
39504
38553
39228
39342
39563
39101
39396
39396
39314
39324
38984
39440
39465
39580
39126
40072
39101
39360
39325
39499
39312
39613
39202
39256
39072
38793
38432
38676
38420
38415
37604
37700
38406
37188
37533
37570
37933
38290
38875
38811
38863
39094
39100
39565
39973
39236
39495
39630
39759
39114
39040
39505
38792
39143
38299
38249
37582
36427
35253
33432
31740
30536
29322
28489
28443
29092
30636
31754
33720
35981
37053
38811
38976
40749
40657
40162
41098
40522
40619
40374
40440
39577
40069
40438
40064
40407
39832
40040
40429
40049
40379
40385
39796
39961
39546
39460
39460
39583
38953
38852
38610
38890
38856
38902
39508
39227
38981
39774
39244
39376
39704
40481
39868
39605
39883
40154
39508
39590
39788
39464
39988
39274
38735
38492
39237
38144
38932
38928
38650
38916
38666
38926
38952
39108
38621
38559
38716
38521
39057
38554
38476
38600
39104
38400
38829
38799
38176
39382
38692
38821
39112
38338
38426
38072
38474
37707
38192
38068
38235
38439
37690
37675
37827
38085
37765
38090
38224
38389
38392
37894
37798
37948
37804
37321
37675
37846
38109
38420
38088
38163
38356
38406
38292
38772
38409
37587
38170
38057
38388
37878
37992
37337
37336
37442
37764
37667
37766
37413
37898
37666
37432
37510
37962
37726
37784
37260
37284
37316
37970
37879
37316
37376
36654
35312
34588
33828
33034
32730
33473
33657
34354
35718
36013
35905
36276
36437
36666
36100
35916
36238
36060
35640
36354
35673
36317
36176
35268
35888
35460
35716
36066
35908
35400
35554
35627
35582
35629
35816
35476
35098
34915
35051
34888
35072
34176
34929
34613
34304
34318
34248
34604
34188
34386
34452
33938
34804
34091
34076
34183
34084
33997
33850
33954
34240
33668
34299
33384
33166
33435
33227
33690
33399
33217
33338
33678
32904
33460
33321
33117
33661
32879
32294
32820
32506
32781
32432
32499
31882
32274
32362
32285
31723
32150
32154
32010
32080
31609
31416
31958
31698
31447
31191
31396
31340
31662
31525
31049
30426
31418
31138
30868
30906
31237
31021
30863
30981
30579
29926
30266
30318
30551
30219
30516
29914
30146
29806
29910
29716
29938
29898
29980
29316
29752
29755
29404
29321
29140
29341
28832
29272
29088
29236
28580
28601
28567
28206
28539
28476
28276
28404
28390
28276
28299
28100
28034
27808
27434
27650
27425
27503
27210
27894
27492
27224
27221
27097
27318
27000
26714
26912
26614
26920
26529
26847
26450
26491
26824
26453
26700
26199
25933
25514
25241
24592
24493
24760
25178
24874
25455
25367
25685
25353
25156
25152
25081
25031
24683
24470
24552
24885
24365
24130
23903
24122
23906
24013
23218
23674
23620
23561
22908
23268
23214
23552
23586
23395
23317
23104
23166
22827
22991
22999
22872
22961
23076
22976
22555
22381
22268
22380
22317
22307
22322
21993
22145
21994
22372
22084
21811
21892
21638
21626
21796
21674
21743
21393
20829
21063
20979
21199
21005
20339
20692
20840
21313
20357
20310
20173
20522
20119
20391
19953
20494
19922
19781
19479
19659
19537
19701
19306
19620
19637
19432
19031
19167
19190
19005
18704
18795
18905
18948
18639
18311
18751
18688
18697
18408
18522
18241
18457
18132
18082
18266
18272
18170
18297
17909
17716
17642
17814
17610
17460
17636
17174
17469
17244
17213
17067
17284
17086
16552
16614
16709
17116
16917
17034
16672
16526
16364
16274
16215
16285
16723
16404
16424
15809
16095
15961
15557
16074
15872
15872
15913
15380
15761
15394
15643
15429
15149
15131
15355
15051
14942
15013
15341
15025
14912
15182
15014
15160
14836
14427
14964
15159
14976
14810
14601
14490
14310
14269
14292
14457
14515
14118
14092
13938
14008
13992
14013
14053
14353
14045
14266
13505
13497
13634
13376
13492
13203
13482
13690
13474
13531
13050
13398
13630
13370
13406
12885
13366
13244
13231
12938
13034
13090
12846
13146
12692
13060
12774
12595
13246
12990
12848
12773
12499
12589
12387
12661
12500
12461
12628
12662
12188
12279
12571
12458
12221
11905
12159
11825
11891
12019
11830
11980
12013
11977
11626
11917
11662
11998
11996
12181
11494
12038
12001
11732
12041
11679
11902
12111
11840
11951
11763
11669
11483
11466
11856
11601
11493
11444
11387
11462
11777
11592
11172
11433
11386
11184
11310
11051
11168
11188
10996
11282
11242
11269
10949
11501
11268
11182
11592
11260
10868
10948
10908
11354
11118
10809
10966
11342
11245
10653
11169
10898
11101
10937
11096
10949
11204
11011
11196
11115
10842
10948
10716
10921
10810
11199
11037
10823
10916
10888
11045
10872
10759
10858
10768
10853
10584
11028
11010
10920
11215
10850
10801
10873
10631
10564
10626
10894
10802
10776
10769
10870
10804
11261
10583
11066
10541
10617
10980
10464
11114
10828
11002
10850
10445
10837
10949
10880
10465
11011
10722
10641
10679
10898
10518
10964
10656
10869
10666
10973
11083
11016
11076
10777
10824
10625
10671
10790
11203
10775
10957
11442
10680
11060
10878
10747
11173
10985
10836
11150
11213
11016
10857
10937
11116
11165
11025
11363
11044
11497
10828
11148
11101
11432
11020
11356
11152
10843
11216
10984
10914
11536
11215
10955
11135
11017
11230
11642
11445
11094
11266
11323
11143
11409
11181
11580
11152
11398
11134
11134
11380
11479
11158
11208
11459
11270
11290
11269
11616
11627
11082
11244
11432
11641
11386
11817
11294
11653
11442
11430
11718
11525
11595
11823
11680
11591
11705
11990
11534
11504
11574
11797
12043
11822
11581
11742
11687
11702
11606
11546
11524
11357
12011
11580
11795
12081
11710
12156
11480
12366
11828
12048
12172
11805
11626
12017
12139
12167
12061
12075
12066
12098
12205
11741
11864
12023
11846
11870
12288
12041
12013
12330
12025
12054
11818
11899
12434
12285
12043
12445
12027
12157
12201
12223
12401
12540
12294
12514
12230
12371
12416
12113
12341
12563
12546
12230
12530
12136
12297
12865
12156
12900
12768
13199
13045
12664
12696
12208
12199
12590
12571
13038
12559
12919
12553
12357
12445
12402
12747
12701
12626
12737
12562
12690
12366
12647
12636
12923
12929
12742
13164
12781
13390
12804
13077
12896
12737
13250
12864
12808
12016
12617
12574
12607
12747
12761
12886
12780
12779
13558
12867
13340
13098
12920
13157
12957
13292
12871
13219
12722
13645
13385
13481
13131
13463
13758
13317
13495
13137
13078
12954
13472
13302
13496
13100
13289
13275
13123
13492
13367
13180
13312
13224
13459
13058
13521
13404
13387
13190
13440
13477
13674
13434
13518
13688
13494
13579
13525
13444
13587
13786
13412
13461
14197
13812
13658
13302
13162
13205
13159
13519
13293
13190
13625
13527
13369
13786
13729
13802
13696
13752
13729
13939
13501
13760
13629
13789
13685
13402
13446
13804
13716
13737
13748
14148
14134
13675
14157
13691
13668
13842
13600
14071
13888
13868
13876
13837
13708
14026
14193
13854
13908
13814
14232
14063
14074
13941
13616
14263
13988
13991
13746
14385
14012
14740
14041
14310
14267
14426
14310
14264
14368
14040
14077
13929
14456
13992
14826
13931
14124
14223
14515
14813
14084
14468
14223
14539
14361
14294
14092
14244
14354
14391
14111
14306
14283
14158
14370
14252
14382
14158
14299
14299
14125
14615
14916
14289
14664
14148
14595
14492
14352
14469
14294
14314
14252
14623
14084
14717
14586
14607
14390
14452
14562
14552
14461
14219
14381
14327
14617
14618
14372
14573
14502
14569
15100
14820
14517
14436
14660
14882
15081
14635
14628
14517
14666
15206
14691
14841
14867
14453
14743
14807
14437
14737
14621
14806
14789
14919
15165
14811
14938
15348
15082
14634
14965
14829
14820
14972
14613
15057
14760
14982
15203
14952
14842
14723
15185
15162
15453
15029
14962
15278
14890
15124
15267
14982
15222
15179
15072
15023
15016
14949
15321
15114
14924
15113
15404
15504
15574
15517
15204
15252
15418
15624
15481
15786
15259
15992
15570
15682
15291
15266
15358
16181
15336
15501
15812
15800
16119
15596
15700
15561
15952
15821
15974
15725
15882
15722
15882
15700
15828
15958
16009
16038
15872
16017
16146
16059
16149
15773
15835
15868
16184
15826
16122
16059
15809
16173
16126
16207
16124
16102
16486
16520
16015
16073
16770
16120
16623
16641
16264
16577
16372
16370
16994
16693
16660
16392
16456
17143
16584
16855
16845
17154
16900
16996
16678
16741
16876
17270
17188
17370
17215
17226
17153
17170
17324
17215
17294
17326
17428
17676
17186
17512
17310
17866
17825
17498
17478
17893
17825
17875
17944
18110
17891
17723
17644
17972
17838
18020
17934
18011
17588
17791
18325
17722
17757
18014
17875
17975
17979
18345
18501
18325
18343
18244
18218
18440
18466
18199
18780
18730
18612
18678
19087
18956
19207
18910
18683
18706
18827
19083
19255
19434
19620
19420
19960
19730
19662
19797
19755
19855
19961
19948
20251
19714
20284
20097
19641
19445
19620
19336
19738
19777
19885
19957
20292
20320
20664
20964
20845
20878
21177
21114
20996
20900
21300
21587
21488
20681
21591
21337
21288
21532
21960
21645
22097
22074
21872
22026
22066
22324
21888
22508
22262
22513
22245
22334
22733
22452
22526
22758
22984
23399
23163
23157
23492
22986
23056
22868
23624
23371
23822
23544
23944
24175
24238
23545
23775
23790
23575
23585
23849
23808
23413
23599
24140
24599
24847
25128
25152
25470
25034
25047
25419
25237
24992
24843
25870
25770
26020
26539
26105
26090
26532
26328
26104
26452
26504
26820
26905
27094
27360
27273
27140
27460
27421
27125
27172
27920
27519
28018
27662
27866
27798
28597
28257
28906
28840
28566
28887
28699
28852
29202
29160
29544
29524
29510
29594
29913
30053
30135
30429
29913
30406
30823
30976
30734
30803
31198
31050
31138
31298
31543
31764
32026
31892
31897
32228
32325
32460
32909
32466
32717
32924
32793
33044
33332
33757
33396
33780
33614
33882
34492
33936
34298
34384
35287
34869
34996
34925
35172
35944
35395
35813
35204
35958
35896
36196
36852
37076
36741
36898
37004
37120
36926
37188
37999
37421
37387
37418
37726
37684
38094
38228
38365
38804
38523
39108
39517
39001
39378
39634
39718
39217
39456
39925
40038
40153
41148
41113
40404
40682
41403
41656
40761
42027
41724
41492
41746
42439
42204
42316
41848
42290
42489
43251
43176
42935
43365
43386
43402
43830
44329
44253
44339
44256
45127
44795
44556
44927
45228
45884
45500
46176
45982
46042
45803
46296
46250
46343
46388
47058
47241
47440
47312
47643
48005
47688
47364
47710
47360
47492
47032
46480
46184
45645
45753
45640
46592
47930
48475
49097
49885
50078
50125
50368
50012
50372
50488
50731
50736
50816
50925
51096
51333
50906
51088
52086
51933
51994
52012
52178
51536
52634
52276
52388
52967
52580
52453
52777
53119
52987
53376
53876
53845
53860
53376
54468
54471
53976
54665
53488
54093
54152
54252
54421
54937
55308
54306
54811
55190
55309
55220
55198
55624
55108
55633
55629
55765
55706
55585
55882
56026
55726
55879
55837
56582
56560
55988
56746
56500
57002
56246
56672
56844
56523
56858
56960
56872
56926
57279
57747
57472
57544
57538
57976
57316
57209
57526
57624
57874
58203
57383
57392
57771
58388
58098
58474
57832
58607
58109
57838
58424
58088
58552
57892
57730
58068
58346
58171
58091
58640
58468
58840
59416
58666
58578
58827
59233
58984
58672
59604
58843
58684
58602
59012
59162
58926
58807
58665
58944
59417
59061
58868
58392
58916
58980
58458
59076
58752
59075
58104
58842
58133
58442
57986
57472
57613
58256
58080
58760
57992
58172
58164
57323
57926
57717
57933
58606
57940
57460
58020
58100
57676
57914
57792
58004
58350
57765
57922
57807
57561
57775
57672
57517
57572
57182
57600
57286
57177
56856
56222
56869
56125
57182
57364
56745
56796
56616
56384
56731
56521
56292
55812
55524
56157
55837
55816
56205
55626
55722
55348
55818
55593
55023
55494
55021
54841
54578
54656
54205
55072
54336
54392
53978
53940
53725
53322
53248
52965
52982
53051
52758
52605
52010
51556
52459
52224
52250
53024
52354
51421
51456
51658
51433
51270
50920
51209
50484
50504
49652
49205
49367
49551
48669
48772
49135
48830
49284
48865
49005
49184
49306
49488
49366
48900
48869
48198
48552
48473
48013
48184
47600
47752
47394
47863
47381
47464
47156
46694
46809
46760
46730
46912
46020
46073
45993
45632
45753
45368
45349
45336
45312
45156
44620
44042
44386
44652
43753
43851
43695
43593
43140
43226
42692
42704
42357
42500
42096
41641
42116
41593
41575
41564
41106
41732
40376
39972
40064
40590
40118
39141
39546
38184
38064
37626
37870
38198
38405
38292
37912
37359
37430
37770
37885
37098
36334
35723
35688
35500
35734
35930
36018
35524
35519
34774
35076
34820
34644
34452
34166
34264
33435
33205
34137
33396
33109
32509
32673
32596
32116
32070
31886
31610
31338
31425
30940
31302
30748
31016
30717
30230
30173
29913
30038
29300
29189
29526
29140
28865
28346
28180
28316
28091
27944
27557
27259
27281
27112
27170
26955
26752
26617
26557
26434
25896
25525
25752
25210
26042
24717
24678
24300
24101
24379
23716
23957
23947
23427
23186
23148
23146
22758
22697
22480
22045
22040
21858
21760
21634
21946
21588
21258
20932
20708
20686
20959
20570
20526
20058
19825
19646
19682
19677
19336
19117
18811
18745
18449
18568
18341
17848
18465
18399
17632
17536
16970
17061
16641
17017
17385
16833
16923
16923
17126
16852
16882
16772
16220
15996
16064
16036
15860
15541
15398
15144
15492
15384
15334
15342
14777
14914
14778
14564
14741
14501
14421
13900
13997
13812
13490
13564
13725
13580
13434
13618
13427
13380
13454
13271
12710
12931
12840
12892
12587
12232
12603
12346
12301
12178
12338
11856
12281
12044
12080
11942
11772
11819
11449
11828
11257
11371
10975
11226
11249
11131
10798
10896
10507
11106
10929
10449
10439
10563
10365
10059
10174
10179
10035
10300
10143
9912
10406
9950
9846
9960
9849
10093
9555
9524
9510
9435
9241
9356
9783
9252
9237
9400
9060
8976
9092
9374
9068
8996
8711
8934
8678
8459
8504
8705
8886
8533
8573
8709
8459
8551
8425
8119
8378
8413
8125
8158
8289
8416
8025
7923
8166
8259
8091
8038
7812
7970
7646
7606
7806
7442
7404
7498
7710
7820
7777
7693
7257
7703
7274
7581
7360
7349
7267
7373
7628
7301
7508
7474
7212
7006
7300
6830
7113
7168
6980
6803
7048
6698
7085
7074
7022
7159
6790
7057
6960
6733
7026
6634
6869
7115
6629
6621
6823
6839
6543
6763
6515
6761
6522
6327
6282
6754
6542
6558
6795
6304
6521
6700
6200
6362
6248
6389
6432
6245
6217
6126
6317
6086
6186
6501
6004
6174
6023
6091
6119
6032
6293
6312
6143
6192
5994
6745
6101
6196
6015
5954
5865
5960
6042
5982
5861
6232
5894
5998
5952
6038
5769
6026
6072
5870
5983
5796
5806
5625
5716
5824
5559
5783
5601
5753
5805
5878
5615
5749
5742
5555
6015
5659
5856
5663
5547
5673
5740
5679
5506
5776
5778
5820
5248
5512
5243
5259
5749
5323
5420
5612
5588
5414
5551
5251
5478
5405
5430
5528
5427
5441
5483
5565
5494
5435
5452
5550
5304
5120
5335
5727
5420
5372
5361
5488
5260
5586
5360
5367
5484
5324
5037
5546
5012
5371
5405
5158
5144
5547
5112
5196
5122
5328
5223
5241
5478
5099
5145
5732
5455
5119
5107
5633
5174
5267
5122
5144
5218
5557
5201
4944
5134
5184
5080
4814
4942
5320
5102
5007
5006
4966
5095
5244
5313
5257
5047
5138
5021
4916
5171
5154
5205
5194
5080
5139
4870
4815
5026
4964
5279
5129
5279
5415
4877
4945
4954
4874
4886
5148
4918
5132
5150
5301
5230
4908
4889
5406
4903
4781
5287
5221
4836
5175
5076
5005
4926
4971
5387
4970
4865
4836
5240
5025
4900
4857
5131
4964
5152
5168
4918
5023
4781
4878
4470
4853
5538
4921
5190
4781
4834
4875
4744
4836
4861
5010
4892
4803
4990
4808
5077
4972
4900
5290
4620
4817
4954
4755
5103
5068
4873
5060
4699
4846
4785
5093
5166
4750
4583
4583
4946
4864
4708
4585
4735
4686
4414
4717
4867
4771
4911
4877
4921
4961
4831
4532
4958
4640
4832
4623
4853
4561
4854
4573
4666
4790
4704
5118
4842
4942
4480
5116
4666
5032
4617
4671
4856
4971
4468
4845
4360
4663
4687
4921
4702
4955
4687
4972
4410
4467
4852
4692
4630
4343
4622
4985
4817
4818
4633
4649
4526
4556
5090
4379
4794
4655
4667
4271
4585
4566
4792
4574
4623
4546
4688
4515
4591
4631
4837
4632
4535
