4572
4623
4262
4502
4358
4996
4245
4449
4597
4328
4632
4260
4401
4516
4240
4694
4611
4394
4956
4799
4257
4386
4260
4509
4738
4669
4674
4441
4303
4681
4764
4301
4352
4315
4348
4737
4257
4737
4444
4712
4503
4422
4360
4522
4873
4335
4717
4410
4649
4827
5212
4828
4993
4541
4609
4472
4519
4394
4581
4670
4381
4521
4876
4901
4591
4451
4647
4403
4810
4861
4764
4473
4457
4545
4599
4708
4509
4777
4664
4558
4927
4644
4743
4696
4829
4779
4746
4311
4953
4702
4637
4880
4991
4816
4705
4720
4473
4924
5202
4594
4808
4600
4981
4630
4809
4989
4497
4994
4609
4717
4967
4612
5156
4948
4880
4533
4722
5092
5051
5018
4987
4739
4741
4932
4923
5025
5200
4837
4561
4783
4774
4618
4972
4746
4888
4773
5236
5069
5017
4677
5035
4941
4897
4985
5205
5154
5094
5058
4860
4875
5051
4874
5362
4758
4945
5028
5167
5134
5637
4991
5417
4945
5217
5071
4780
5002
5446
4953
5258
4940
4991
5059
4948
4879
4999
4818
5075
5153
5261
5176
5246
5506
5261
5055
5043
5517
5193
5093
5398
5220
5152
5141
5405
5244
5010
5201
5043
5288
5095
5399
4805
5028
5313
5101
5035
5147
5150
5278
5429
5235
5331
5378
5383
5276
5111
4904
5525
5132
5410
5355
5460
5321
5382
5128
5593
5473
5367
5396
4955
5427
5177
5251
5475
5388
5212
5250
5146
5279
5531
5415
5684
5447
5101
5392
5418
5450
5557
5530
5307
5659
5230
5697
5463
5600
5536
5396
5207
5370
5713
5337
5358
5403
5299
5574
5268
5548
5554
5419
5728
5633
5820
5720
5754
5756
5224
5378
5808
5357
5453
5832
5664
5521
5860
5387
5658
5500
5613
5677
5635
5618
5426
5467
5622
5613
6021
5438
5801
5570
5558
5790
5720
5796
5440
5740
5495
5701
5499
5707
5862
5708
5770
6194
6090
5892
5795
5770
5976
5658
5948
5811
6057
5490
5795
5978
5909
5679
6297
5795
5770
5931
6007
5614
5804
5707
5907
6121
5950
5848
6054
6001
6240
5901
6078
5654
6005
5756
6083
5910
5839
5998
5874
5759
5905
5741
6291
5917
5965
6189
5782
6227
5721
5924
6349
5698
6137
5983
6019
5952
5895
5891
5816
5910
6204
6172
6084
5768
6022
5795
5931
6072
5777
6168
5748
6125
6050
6180
6240
5660
6240
6028
6143
6344
5972
6260
6377
6193
6421
6073
6199
6205
6311
6448
6051
6219
6341
6229
6251
6258
6281
6423
6386
6190
6344
6433
6237
6470
6336
6184
6465
6373
6576
6462
6416
6372
6523
6173
6356
6018
6428
6477
6188
6347
6470
6533
6467
6565
6689
6477
6318
6390
6283
6570
6401
6161
6731
6463
6404
6613
6458
6732
6526
6577
6453
6692
6458
6984
6400
6429
6887
6606
6423
6831
6612
6881
6433
6935
6647
6859
6433
6691
6899
6749
6446
6951
7028
7044
7029
6680
6925
6496
6559
6432
6856
6950
6905
6493
6989
6885
6628
6914
6839
6749
6412
6771
6918
6972
7202
6982
6661
6643
6913
6909
6773
6925
7245
6870
7009
6714
7012
6783
6802
6913
7159
7199
7074
7016
7236
7116
6679
6987
7224
7042
7112
6934
7087
7342
7218
7234
7250
7268
7233
7048
7096
7201
6962
7546
6959
7357
6933
7384
7089
7280
7365
7265
7492
7007
7438
7119
6974
7253
7417
7596
7206
7200
7395
7275
7465
7201
7453
7551
7079
7228
7405
7316
7382
7534
7412
7095
7496
7151
7387
7351
7307
7263
7238
7598
7401
7567
7506
7551
7491
7415
7602
7346
7348
7504
7659
7851
7673
7571
7599
7665
7601
7154
7369
7390
7603
7475
7483
7636
7552
7469
7396
8002
7791
7768
7402
7530
7726
7654
7657
7671
7790
7824
7778
7875
7626
7952
7771
7683
7713
7799
8029
7431
7718
7791
7424
7828
7562
7687
7766
7406
7722
7738
8161
7275
7787
7841
7819
8030
7833
8022
7803
8091
8345
8256
8306
7971
7876
8063
8268
7838
7996
7940
8050
7914
8340
8063
8043
8375
8042
7904
8377
8319
8153
8142
8292
8006
8222
8147
8303
8043
8363
8449
8437
8172
8287
8308
8139
8825
8374
8030
8095
8039
8083
8297
8364
7890
8158
8442
8201
8388
8354
8325
8371
8479
8474
8555
8508
8448
8609
8880
8262
8157
8308
8264
8437
8419
8420
8640
8116
8356
8640
8442
8415
8278
8413
8552
8616
8684
8816
8643
8857
8847
9181
8253
8466
8303
8804
8509
8754
8802
8632
8562
8652
8787
9126
8550
8785
8809
8833
8785
8373
8845
8732
8686
8846
8683
8716
8960
8953
8852
9050
9160
8984
8693
9151
8859
8869
9191
9143
8980
9149
9106
8681
8963
8771
9123
8774
9033
8984
9039
9050
9040
9202
9061
8948
8949
9406
9247
9338
9400
9499
9460
9226
9550
9028
9204
8880
9115
9077
9232
8870
9347
9098
9189
9268
8910
9302
9094
9420
9373
9255
9276
9404
9402
9196
9482
9349
9602
9109
9261
9496
9564
9402
9623
9288
9396
9388
9473
9622
10036
9158
9503
9491
9512
9767
9458
9662
9594
9365
9383
9917
9513
9465
9374
9786
9642
9387
9400
9526
9951
9785
9455
9695
9884
9790
9889
9841
10198
9782
9814
9615
9734
9313
10078
9864
9720
10093
9858
9797
10130
10050
9510
9640
10011
10213
10299
10066
9577
9657
9811
9874
9771
9675
9997
9807
9764
9936
9902
10233
10272
9730
10132
9782
10397
9874
9925
9987
9546
9692
10076
9680
9782
9744
9584
9786
10266
10114
9859
10435
10289
10377
9939
10337
10715
10363
9869
10460
9980
10531
10108
10701
10412
10424
10315
10397
10356
10192
10628
10641
10255
10380
10566
10474
10444
10169
10244
10572
10482
10667
10164
10620
10752
10445
10603
10262
10345
10722
10397
10708
10648
10465
10831
10787
10442
11141
10296
10813
10468
10570
10423
10643
10533
10900
10518
10688
10874
10655
10839
10781
11014
10672
11076
10978
11170
10761
10701
10741
11244
10583
10890
10884
11131
10964
11256
11126
10757
11076
11172
10808
10985
10999
10921
11107
10764
10891
10859
11050
11049
10560
10894
11082
11277
11380
10801
11058
11021
11095
11042
11110
11358
11246
11293
11685
11070
11124
11117
11293
11280
11186
11571
11236
11552
11180
11373
11280
11034
11707
11417
11357
11224
11146
11632
11344
11288
11282
11543
11555
11066
11688
11729
11505
11354
11233
11270
11258
11284
11020
11428
11364
11191
11920
11485
11522
11664
11929
11429
11828
11770
11785
11564
11613
11497
11962
11732
12150
12231
11893
11756
11829
11953
11693
12216
11677
11699
11637
11718
11824
11963
11753
11708
11256
11406
11670
11597
11432
11619
11549
11466
12074
11648
11764
11962
11929
12137
12536
12238
12155
12021
12411
12542
12082
12177
11791
12065
12137
11874
11869
11345
11546
10756
10512
9924
9508
9234
9472
9408
9910
10186
10650
11181
11486
11862
12207
12729
12546
12733
12978
12613
12329
12752
12498
12393
12585
12704
12515
12694
12670
12616
12664
12301
13067
12821
12738
12839
12457
12581
12578
12716
12159
12288
12296
12601
12196
12773
12500
12868
12740
12570
12660
12874
12968
13413
13255
12620
13018
12960
12554
12849
12735
12856
12857
12850
12721
12475
12759
12586
13213
12608
12627
12918
12411
13066
12667
13056
12876
12965
13060
12810
12902
12962
13024
12805
13009
12601
13308
13058
12969
13237
12968
13273
13175
13238
13546
13135
12925
13014
12938
13527
13222
13062
13067
12980
12956
13005
12884
12890
13234
13189
13289
12891
13072
13472
13008
13492
13188
13166
13327
13451
13321
13230
13286
13868
13451
13800
13593
13226
13746
13653
13654
13542
13732
13244
13297
13562
13811
13766
13453
13733
13741
13820
13772
13835
13801
14013
13842
13793
13809
13934
14051
14250
13790
13856
13745
13445
13227
12896
12805
12822
13060
12535
13134
13378
13455
13492
13818
13753
14308
13661
13499
13989
13876
13542
14213
13911
14354
14464
13981
14171
13878
13888
14562
14525
14244
13763
14213
14100
14105
14196
14168
14052
14295
13853
13840
14448
14081
14377
14464
14140
13791
14196
14352
14166
14277
14457
14047
14365
13866
14424
14360
13910
14406
14498
14394
14600
14161
14702
14371
14326
14464
13838
14374
14633
14904
14516
14426
14236
15212
14626
14921
14605
14706
14474
14352
14536
14782
15045
14493
14238
14667
14498
14263
14570
14637
14985
14564
14766
14863
14840
14755
14684
14985
14402
14597
14560
15094
14798
15021
15015
14828
14925
14725
14861
15217
15076
15025
15308
14954
14726
15113
15212
14811
14945
15354
14928
14864
14952
15052
14760
14889
15052
15121
14976
15116
15086
15115
14826
15170
15397
15097
15451
15110
15334
15300
15558
15043
15023
15478
15002
15020
15437
15205
15328
15440
15092
15344
15093
15101
15645
15424
15419
15089
15947
15523
14721
15265
15495
15468
15446
15133
15447
15101
14989
15446
15900
15588
15570
15645
15341
15415
15250
15401
15408
15470
15061
15182
15259
15170
15197
15230
15389
15577
15504
15677
15696
15878
15697
15425
15377
15688
15989
15818
15736
15300
15268
15546
15988
15408
15460
15460
15232
15027
15211
15331
15777
16013
15511
16004
15578
15676
16028
15932
15758
15656
15652
15847
15960
15918
15740
15821
15801
15436
16059
15652
15857
15852
16220
16130
15661
16000
16178
16072
15924
16050
16226
16465
16333
15949
16200
16010
15890
15846
15709
15988
16145
16477
15752
15976
15908
16020
15958
16146
16301
16351
16214
16144
15968
16544
16328
16173
15810
16205
16360
16085
15894
16304
15940
16032
16104
16116
16295
16094
16072
16181
16598
16007
16538
16311
16280
16075
16430
16047
16306
16239
16454
16692
16471
16440
16473
16743
16508
16386
16124
16597
16380
16702
16376
16502
16504
16501
16490
16050
16362
16266
16461
16594
16584
16412
16337
16614
16380
16578
16685
16652
16770
16560
16237
16673
16500
16451
16478
16671
16586
16997
16410
16966
16619
16642
16537
16519
16857
16626
16558
16656
16580
16809
16498
16696
16987
16758
16816
16396
16176
16944
16940
16945
16621
16701
16758
16980
16712
16789
16759
16833
16680
16443
16855
16640
16762
16845
16794
16816
16804
16537
16816
16495
16646
16596
16497
16492
16756
16940
16988
17178
16758
17087
17037
17093
17252
17101
17118
17073
17275
16846
16924
17416
17099
16738
16954
17081
16757
17136
17302
17047
16954
17237
16997
17187
16964
17287
17068
17146
17211
17191
17474
16960
17114
17355
17247
17371
16970
16908
16557
16703
16775
16596
16384
16375
16772
16781
16948
17129
17335
17690
16933
17472
17202
17236
17373
17376
17213
17542
17551
17664
16901
17387
17593
17173
17339
17322
17150
17373
17538
17108
17782
17134
17207
17220
17473
17221
17409
17490
17357
17335
17340
17533
17335
17441
17463
17396
17165
17396
17472
17428
16988
17187
17119
17390
17558
17032
17118
17507
17588
17144
17578
17445
18013
17544
17820
17226
17624
17443
17302
17351
17949
17585
17701
17338
17289
17834
17730
17490
17641
17399
17460
17704
17298
17835
17734
17404
17164
17492
17869
17677
17922
17515
17338
17685
17450
17460
17558
17536
17640
17632
17490
17698
17997
17924
17462
17594
17710
17485
17908
17609
17827
17664
17769
17847
17682
17704
17488
17452
17571
17770
17563
17670
17521
17581
17422
17993
17682
17682
17484
17861
17762
17716
17889
17320
17680
17373
17407
17472
17851
17614
18094
18476
17615
17926
17653
17596
17923
17809
17726
17821
17834
17777
17621
17915
18292
18102
17954
18153
18159
18010
17701
17978
17950
18097
17986
18085
17771
17788
17536
17780
17586
18246
17984
17316
18171
17639
17595
18157
17958
17748
17704
17885
17664
17789
17685
17780
17671
17924
17360
17648
17956
17690
18097
17435
17693
17794
18045
18080
17645
17801
17341
17833
18064
17993
17686
17837
17617
17323
17850
17850
17739
17828
17798
17709
17900
17589
17363
18448
17633
18010
17613
17688
17839
17536
17554
17410
17664
17559
17657
17399
17470
17250
17683
17646
17753
17984
17538
17778
17549
18290
17634
18130
17844
17787
17584
17896
17804
17860
17716
17615
17770
17642
17918
17668
17410
17336
17733
17404
17730
17479
17653
17688
17642
17743
17589
17578
17899
18110
17448
17593
17313
17334
17544
17606
17259
17580
17701
17886
17588
17549
17928
17701
17849
17524
17451
17717
17486
17628
17577
17929
17600
18178
17716
17539
18165
18016
17722
17452
17402
17702
17666
17722
17436
17749
17476
17153
17570
17206
17314
17432
17415
17236
17569
17321
17284
17249
17359
17540
17348
17550
17680
17367
17730
17268
17514
17664
17140
17466
17364
16969
16589
16755
16908
16743
16875
16859
16961
17244
17229
17715
17434
17558
17556
17390
17294
17095
17072
17089
17529
17285
17745
17165
17206
17190
17490
17455
17401
17494
17062
16591
17287
16856
17044
17321
17085
16986
16791
17111
16828
17149
17042
17092
17179
17128
16946
17071
16920
16778
16649
17350
16987
17249
17082
16920
16931
16980
16955
16820
16759
16563
16947
16742
16994
17317
17214
16924
16754
16612
16391
16244
16492
16650
16161
16522
16568
16399
16884
16626
16658
16722
16858
16600
16592
16517
16706
16228
16572
16410
16498
16388
16295
16820
16296
16276
17062
16607
16266
16881
16557
16516
16507
16322
16351
16706
16242
16401
16548
16289
16274
16474
16223
16591
16359
16763
16346
16363
16537
16360
16795
16380
16152
16137
16342
16348
16724
16117
16346
16244
16928
16374
15860
16642
16352
16061
16014
16571
15992
16652
15988
16016
15851
16372
16503
16055
16199
16011
16284
16088
16036
15646
16225
16305
16194
15851
15754
16100
15893
16005
15927
16062
16215
16059
16028
16157
16188
16386
15877
16345
15648
15946
15950
15744
16082
15828
15656
15406
15801
15724
15648
16018
16037
15604
16091
16107
15994
15770
15660
15827
15533
15600
15707
15398
15922
15319
15771
16075
15878
15769
15794
15782
15593
16117
16078
15693
15672
15792
16006
15866
15753
15646
15504
15601
15464
15618
15661
15524
15560
15500
15650
15736
15644
15540
15449
15661
15476
15139
15670
15525
15553
15368
15378
15300
15596
15558
15608
15386
15317
15690
15802
15843
15749
15397
15706
15709
15457
15531
15414
15586
15542
15346
15569
15355
15240
15471
15341
15273
15263
15828
15777
15492
15841
15386
15289
15523
15602
15876
15900
15408
15690
15536
15763
15502
15131
15333
16068
15446
15791
15755
15489
15650
15573
15498
15418
15370
15826
15712
15680
15950
15742
15928
15838
15634
15875
15850
15365
15845
16090
15877
15754
15460
15508
15883
15512
15724
15153
15717
15700
15565
15757
15796
15877
16162
15716
15560
15866
15476
15791
15922
15543
15713
15983
15408
16092
15364
15780
15787
16229
15698
15796
15599
16060
16108
16017
15945
16069
15684
16261
15950
15836
15730
16193
15922
16443
16185
16236
16092
16004
16200
16197
16064
16315
16181
16466
16078
16298
16253
16206
16236
16487
16303
16633
16420
16612
16740
16572
16518
16532
16397
16149
16058
16457
16890
16469
16457
16431
16838
16681
16170
16830
16576
16866
16246
16506
16863
16726
16911
16685
16803
16847
16874
16272
16685
16616
16746
16458
17050
17038
16980
17021
16974
17098
17176
17118
17238
17237
17236
17512
17686
17266
17517
17730
17268
17995
17514
17705
17692
17352
17836
17737
17495
17514
17281
17284
17356
17700
17326
17532
17600
17826
18004
18248
17990
18178
18245
18206
18529
18277
18618
18597
18597
18221
18554
18729
18514
18756
18842
18708
18993
19218
19217
18890
19172
19145
18829
19421
19498
19229
18931
19089
19481
18959
19264
19163
19642
19763
19902
19812
19896
19958
19921
19530
20356
20076
20072
19949
20629
20362
20672
19798
20409
20171
19980
19712
20218
20203
20109
19977
20086
20315
20699
21113
20985
20863
21407
21220
21306
21349
21227
21114
21696
21732
21876
22180
21880
22241
21930
22042
21610
22175
22097
22431
22262
22476
22395
22537
22897
22281
22837
22555
22825
23323
22904
22797
22810
23228
23628
23624
23242
23812
23572
23628
23820
24079
23742
24158
23942
23829
24458
24509
24136
24317
24691
24740
24773
24757
24950
25082
25242
25412
25371
25534
25318
25460
25608
25526
25947
26136
25931
25856
25969
26322
26164
26246
26637
26403
26490
27021
26575
27019
26975
26978
26989
27485
27506
27649
27684
27738
27817
28582
27812
27668
28220
28136
28720
28599
29066
28703
28768
28860
28892
29668
29788
29582
29517
29492
29962
30024
29869
30560
30021
30237
30280
29892
30144
30299
30468
30553
30548
30702
31066
31061
31517
31360
31396
31700
31880
31609
32194
31761
32268
32187
32292
32260
31986
32279
32919
32692
33086
32911
32730
33290
33207
32932
33453
32961
33621
33078
33992
33754
33803
34078
34674
34399
34670
34336
35090
34779
34904
35392
35438
35525
35386
35421
36039
35878
35932
36166
36020
36394
36196
36461
36708
36112
36884
36943
37097
37430
36994
37408
37354
37365
37967
37572
36642
36875
37038
36658
36644
35476
35643
36166
37222
37377
38328
38781
39265
39558
39321
39961
39436
39697
39174
39520
40381
39957
40192
39743
39690
40044
40710
40284
40970
40879
40900
40671
40973
41092
41088
40992
41662
41310
41932
41832
41659
41309
42009
42114
41876
42488
42538
42548
42112
42591
42564
42660
42991
43275
43008
42797
42918
42942
43016
43366
43204
43342
43710
43520
43220
43610
43673
44237
43832
43371
43991
44144
43899
44236
43935
44578
44594
44308
45006
44502
44498
44800
44916
44856
44918
44742
44875
45018
44627
45004
45138
45149
45487
45156
45743
45734
45579
44730
45728
45851
45531
45492
45600
45796
46014
45576
45467
45928
46183
45726
45503
45793
46186
46024
46269
45386
46053
46047
46152
45828
46020
46101
46429
46276
46656
46446
47416
46548
46729
46966
47956
46554
46774
46212
46714
46260
46189
46799
46504
46720
46868
47140
47210
46582
47194
46464
46567
46692
46784
46632
46349
46822
46275
46825
46544
46388
46296
46442
46506
46728
46130
46272
46441
45828
45972
46528
46304
46484
46436
45835
46502
46600
46511
46280
46572
46316
46068
45789
46200
45638
46394
46661
45992
46336
46410
45268
45476
46092
45845
45172
45600
45325
45408
45675
45773
45385
45531
45285
45526
45458
45058
44493
45012
44838
44898
44793
44824
44712
44750
44788
44770
44746
44836
44474
44677
44036
43412
43556
43637
43748
44029
43526
43740
43457
44298
43506
43418
43264
42958
42863
42690
42084
41997
42033
42050
42518
41834
42364
42445
42314
41994
41934
41940
41416
41412
40843
41397
40475
41323
40731
40466
40209
40175
39725
39882
39432
40030
39504
39096
39364
39892
40077
40164
40219
39842
40132
39389
39290
39752
39364
38867
39466
39034
38768
38766
38912
38622
38340
37981
38660
38312
37605
37800
37676
37562
37144
37531
37530
37172
36694
37072
36651
36857
36414
36004
36404
36578
35773
35743
35640
36006
35222
35154
34686
34548
34900
34607
34400
34308
34260
33907
33774
33940
33593
33844
32850
33125
32978
33138
32956
32096
31960
31362
31610
31280
31403
31254
31409
30853
30992
30798
30522
31077
30916
30761
30180
29500
29504
29436
29235
29586
29133
29294
29184
28961
28649
28452
28420
28236
28177
28258
27264
27466
27892
27798
27764
27130
27120
26880
26589
27061
26304
26414
26114
25938
25608
26295
25781
25720
25308
25248
25181
25432
25174
24458
24597
24617
24779
24504
23775
23828
23597
23564
23144
23360
22993
23128
22713
23021
22469
22480
22349
21997
22207
22260
21945
22036
21273
21854
20776
21172
20585
20772
20742
20632
20552
20324
19988
20085
19971
19718
19467
19293
19531
18810
19108
18428
18717
18932
18788
18296
18149
18539
18016
17880
17618
17639
17643
17133
16908
17095
17055
17120
16813
16665
16071
16237
16050
16198
16144
15716
15957
16266
15488
15314
14817
14932
14633
14696
15272
15044
15002
14896
15010
14522
14585
14237
14015
14099
14012
14009
13858
13636
13804
13379
13561
13476
13437
13412
13044
13151
12849
12631
12985
12442
12332
12198
12303
12493
12141
12120
12100
11840
11593
11976
11793
11797
11953
11581
11319
11509
11352
11321
10981
11093
11095
10954
10733
10528
11079
10240
10976
10446
10611
10366
10061
10244
10177
10231
9992
10012
9644
9898
10068
9685
9370
9555
9216
9526
9738
9053
9030
9429
9449
8953
8934
9190
8925
8986
9030
8747
9331
8678
8641
8786
8818
8819
8137
8335
8554
8490
7926
8371
8550
8349
8114
8171
7730
7737
8182
8272
7768
8182
7633
7927
7711
7589
7553
7720
7544
7425
7465
7724
7321
7394
7245
7311
7433
7197
7095
7189
7466
7681
7115
7232
7473
7392
7065
6940
6944
6910
6662
6763
6849
6477
6724
6702
6760
6879
6858
6711
6515
6904
6523
6934
6765
6401
6391
6297
6522
6483
6567
6683
6395
6190
6373
6144
6350
6513
6103
5970
6321
6004
6261
6409
6118
6192
5844
6228
5992
6063
5822
5878
5896
6230
6105
5681
6091
5934
5731
6027
5758
6058
5721
5620
5678
5866
5617
5857
5752
5565
5766
5952
5365
5576
5496
5677
5581
5632
5394
5185
5431
5441
5330
5570
5406
5352
5294
5473
5641
5220
5500
5568
5502
5496
5534
5854
5254
5456
5368
5141
5104
5158
5210
5135
5260
5430
4793
5237
5229
5504
4950
5132
5342
5055
5039
5115
5144
4997
5137
5172
4819
4989
4759
4870
5075
5209
4811
5023
5000
4845
4956
4894
5083
4971
4818
5064
5020
4760
4723
5106
5028
4936
4753
4865
4651
4580
4956
4590
4856
5011
4922
4812
4872
4546
4621
4681
4950
4815
4817
4866
4686
4914
4762
5077
4630
4679
4455
4663
4598
4959
4851
4626
4568
4738
4652
4884
4777
4704
4681
4624
4280
4964
4449
4710
4595
4381
4527
4701
4590
4519
4300
4550
4420
4528
4752
4249
4344
5033
4739
4312
4499
4749
4563
4455
4651
4451
4536
4739
4354
4210
4501
4610
4471
4298
4324
4741
4388
4360
4121
4418
4363
4467
4453
4493
4229
4465
4381
4188
4358
4449
4379
4507
4557
4554
3979
4164
4251
4278
4379
4600
4431
4613
4022
4218
4393
4178
4334
4441
4373
4558
4326
4463
4397
4108
4210
4628
4087
4146
4329
4467
4018
4534
4222
4252
4125
4402
4457
4180
4012
4057
4358
4371
4104
4059
4428
4136
4282
4361
4320
4382
4106
4142
3895
4232
4725
4183
4376
4026
4238
4205
3853
4174
4310
4187
4066
4200
4420
3928
4253
4027
4216
4317
3902
4182
4038
4010
4233
4228
4007
4241
4270
4090
4073
4441
4365
4066
4015
3953
4396
4008
4121
3798
4180
3917
3771
3855
4224
4369
4266
4096
3965
3934
4107
3870
4303
3984
4132
3843
3995
3865
4078
3867
3812
4134
3981
4330
4066
4037
3862
4301
3946
4234
3753
3921
4262
4186
3841
4075
3581
4197
3932
4238
4118
4158
3838
4012
3748
3873
4060
4080
3892
3679
3942
4289
4117
4062
4149
3901
3951
3901
4217
3673
4086
4027
3992
3549
3901
3944
4108
3717
3928
3784
3911
3870
3944
4005
4260
3786
3905
