4688
4936
4531
4742
4790
5366
4607
4931
4854
4718
4999
4548
4646
4583
4406
5105
4988
4499
5100
5012
4491
4794
4559
4812
4906
4659
5025
4678
4687
4875
4891
4516
4742
4797
4735
4659
4601
5144
4728
5000
4835
4763
4813
4942
5224
4683
5124
4774
5077
5033
5526
5237
5102
4702
4814
4949
5042
4693
4924
5067
4796
4724
5148
5163
4803
4986
4910
4640
5097
4946
4954
4787
4902
4941
5074
5078
4794
4972
4853
4888
5095
4884
5097
4868
4983
5263
4888
4662
5217
5137
5069
5248
5191
5054
5018
5204
5132
5297
5582
4979
5082
4898
5397
5058
5141
5235
4993
5301
5046
5135
5256
5083
5452
5245
5149
5131
5144
5357
5612
5412
5318
5172
4884
5237
5340
5344
5511
5072
5061
5302
5094
5074
5277
5244
5240
5166
5507
5428
5470
5199
5239
5335
5078
5237
5539
5421
5343
5548
5236
5282
5476
5213
5743
5280
4945
5302
5432
5447
5915
5499
5938
5338
5549
5364
5445
5408
5943
5209
5822
5299
5395
5460
5413
5287
5399
5193
5488
5578
5621
5636
5639
5684
5634
5533
5626
5847
5528
5520
5779
5820
5800
5515
5626
5663
5505
5610
5473
5662
5699
6063
5473
5311
5813
5531
5572
5679
5666
5585
5831
5673
5723
5712
5893
5692
5605
5408
5803
5762
5725
5670
5922
5874
5837
5476
6084
5807
5751
5603
5435
5857
5624
5612
5796
5901
5835
5633
5818
5960
5829
5712
6028
5948
5746
5892
5863
5751
5896
6116
5879
6138
5739
6020
5894
6058
5926
5972
5808
5736
6281
5793
5811
6070
5719
6272
5914
6175
5773
5950
5880
6218
6228
6061
6422
6272
5789
5961
6324
6093
5875
6244
6239
5978
6313
5853
6127
5744
6084
6155
6060
6062
5978
5796
6014
6268
6448
5954
6164
6364
5927
6214
6287
6258
5839
6284
6052
6351
6002
6160
6231
6437
6153
6658
6462
6324
6117
6365
6406
6393
6396
6147
6534
5869
6483
6417
6415
6200
6746
6457
6438
6499
6487
6095
6228
6360
6299
6627
6514
6379
6461
6333
6663
6709
6638
6260
6575
6663
6476
6403
6279
6759
6308
6287
6347
6222
6818
6413
6617
6656
6391
6660
6477
6515
6709
6199
6656
6208
6580
6528
6784
6497
6255
6338
6848
6511
6400
6556
6596
6290
6649
6689
6276
6878
6512
6848
6691
6661
6872
6439
6831
6633
6574
6893
6492
6850
7010
6725
6808
6666
6892
6799
6870
7011
6539
6800
6973
6752
6866
6872
6945
6832
7262
6828
7000
7125
6771
7165
6850
6820
7000
7039
7319
7094
7026
6941
6971
6930
6995
6727
7092
7080
6896
6987
7217
7044
6960
7190
7122
7188
7224
7034
6957
7327
7118
6976
7275
7279
7127
7361
7255
7154
7157
7118
7092
7141
7199
7838
7156
7006
7293
7211
6959
7512
7290
7290
7164
7665
7226
7442
7159
7507
7346
7466
7275
7592
7624
7269
7466
7298
7668
7206
7112
7118
7349
7554
7589
7068
7612
7489
7263
7682
7588
7418
7444
7342
7624
7598
7903
7818
7568
7476
7598
7744
7501
7678
7813
7498
7803
7557
7582
7453
7629
7654
7805
8000
7614
7773
7839
7762
7434
7584
8106
7747
7871
7627
7456
7939
7716
7997
7657
7894
8096
7783
8027
7999
7899
8102
7837
8168
7801
8181
7798
7891
8151
8050
8141
7797
8194
7914
7876
7784
8115
8235
7959
8158
8072
8109
8316
8040
8131
8308
7645
8325
8309
8299
8021
8362
8357
8053
8320
8237
8053
7931
7921
8129
8111
8417
8281
8109
7987
8161
8262
8227
8263
7980
8030
8378
8387
8763
8314
8170
8370
8425
8188
8027
8147
8278
8577
8234
8404
8243
8354
8358
8420
8557
8627
8575
8263
8337
8509
8258
8465
8320
8633
8429
8574
8740
8526
8706
8446
8882
8306
8439
8838
8388
8500
8605
8372
8769
8578
8416
8328
8230
8298
8585
9010
8129
8577
8707
8648
9085
8544
8926
8741
8863
9334
9074
9121
8743
8926
8662
9312
8605
8793
8868
8869
8726
9183
9106
8785
9223
9094
8855
9188
9142
8730
8934
8936
8987
9224
8840
9446
8936
9160
9327
9170
8910
8976
9116
9051
9546
9068
9118
8924
9065
9016
9197
9274
9018
9224
9466
9412
9057
9293
9262
9544
9445
9439
9516
9198
9208
9593
9467
9014
8984
9103
8961
9187
9384
9309
9551
9189
9321
9311
9717
9477
9391
9324
9649
9508
9735
9648
9693
10166
9862
9928
9646
9590
9333
9824
9293
9960
9970
9705
9538
9528
9715
9665
9754
9643
10003
9675
9905
9390
9642
9649
9773
9604
9565
9894
9843
10004
9989
10094
10196
9940
9566
9974
9860
10006
10199
10132
9674
9896
9875
9664
9870
10053
10047
9902
9920
9874
9974
10050
10048
10247
9930
10292
10092
10336
10135
10001
10330
10200
10539
10073
10745
9971
10136
10092
10237
10253
10496
10174
10551
10176
10096
10397
10324
10253
10107
10559
10490
10164
10319
10282
10680
10204
10496
10479
10685
10192
10271
10296
10187
10549
10721
10210
10416
10290
10652
10660
11131
10463
10245
10561
10676
10823
10618
10646
10696
10497
10450
11057
10794
10553
10296
10718
10522
10405
10377
10596
11132
10893
10549
10512
10923
11014
10741
10950
11217
10710
10681
10552
10875
10479
11276
10915
10889
11069
10907
11155
11080
11094
10598
10806
11233
11246
11481
10917
10866
10844
11010
10901
11134
10807
11159
10817
10979
11121
11076
11296
11104
11220
11298
11268
11451
11135
10871
11149
10675
10943
11271
11167
11154
10962
10699
11145
11142
11220
11020
11459
11388
11433
11092
11326
11910
11516
11101
11714
11224
11844
11074
11712
11694
11528
11304
11654
11382
11384
11330
11483
11460
11698
11591
11511
11946
11562
11399
11814
11483
11603
11284
11956
11669
11679
11854
11354
11453
11809
11565
11569
11885
11913
11977
12009
11894
11972
11634
11978
11466
11604
11397
11883
11650
11910
11880
11945
11699
11684
11554
11825
12151
11849
11938
12624
12178
12097
11992
11714
12647
11842
11926
12194
12206
12019
12091
12081
11899
12187
11764
12013
12128
11997
12125
11915
11901
11872
11921
12347
12271
12280
12101
12285
12224
12599
11998
11943
12211
11892
12042
12385
12525
12093
12317
12958
12210
11907
12144
12237
12714
12331
12382
12613
12518
12000
12250
12406
12416
12777
12346
12483
12392
12672
12625
12640
12403
12401
12774
12650
12592
12822
12657
12690
12427
12506
12418
12364
12287
12225
12515
12352
12150
13154
12564
12585
12865
13102
12724
12932
13044
12846
12960
12672
12759
13124
13107
13131
13224
13002
12788
13032
13143
12609
13203
12576
12640
12828
12594
12433
12923
12862
12499
12394
12547
12633
12497
12525
12544
12566
12258
12884
12825
12827
12835
12921
12802
13505
13029
12947
12918
13492
12947
13158
13125
12777
13027
12952
13082
12552
12218
12100
11649
11244
10781
10404
10143
10213
10250
10616
11211
11487
12024
12428
13201
12885
13768
13528
13552
13591
13678
13472
13310
13639
13248
13557
13461
13669
13490
13253
13422
13661
13097
14130
13854
13301
13675
13297
13554
13266
13520
13356
13205
12931
13471
13057
13324
13304
13474
13483
13768
13534
13453
13549
13914
13918
13372
13696
13949
13320
13608
13648
13396
13317
13422
13766
12947
13642
13231
13633
13181
13577
13707
13012
13408
13287
13440
13615
13514
13542
13358
13586
13493
13291
13534
13440
13311
13785
13447
13513
13979
13406
13344
13620
13664
13802
13304
13522
13122
13295
13529
13687
13514
13457
13370
13323
13293
13139
13360
13784
13642
13800
13488
13267
13749
13519
13589
13156
13563
13389
13476
13466
13542
13754
13732
13842
14000
13736
13511
13666
13780
13840
13793
13720
13460
13481
13573
13956
13568
13241
13230
13482
13665
13426
13440
13593
13668
13568
13700
13544
13512
13820
13757
13545
13487
13745
12985
13059
12388
12472
12450
12552
12380
12621
13002
13055
13363
13576
13448
13598
13198
13236
13422
13460
13372
13263
13437
13524
13919
13249
13330
13383
13406
13917
13500
13353
13568
13763
13449
13549
13272
13368
13099
13403
13233
13443
13426
13220
13534
13572
13110
13124
13040
13380
13164
13252
13307
12984
13389
13097
12994
13353
13288
13138
13351
13254
13546
12909
13370
12948
13107
13204
13141
13101
13206
13542
13111
13364
12910
13524
13133
13417
13063
13183
12738
13063
12937
13135
13425
12808
12774
13074
13073
13275
12749
12899
13213
13099
13183
13228
13002
12968
12889
12786
12625
12772
12790
13444
12948
13096
12831
12974
13103
12859
12884
13172
13048
12933
13110
12928
12266
12813
13172
12928
12594
13268
12667
13066
12800
12949
12598
12460
12673
12972
12332
12891
12969
12682
12595
12597
12985
12399
12704
12664
12644
12565
12705
12504
12480
12526
12650
12583
12656
12406
12549
12767
12544
12812
12356
12221
13081
12150
12141
12461
12576
12671
12214
12231
12297
12733
12309
12443
12250
12042
11902
12148
12585
12011
12274
12052
11933
11899
12071
12242
11918
11809
11562
11813
11716
11720
11633
11717
11952
12102
12005
12143
12009
12138
11987
11573
11678
11714
12074
11872
11783
11408
11523
11734
11892
11648
11469
11691
11517
11194
11425
11720
11726
11652
11466
11680
11522
11302
11471
11689
11634
11438
11410
11340
11381
11433
11520
11172
11239
11340
11604
11227
11295
11158
11232
11418
11343
11479
11387
11115
11343
11060
11386
11429
11381
11250
10985
11021
10986
10972
11300
11160
11476
11620
11016
11057
10731
11274
11009
11007
10889
11174
10996
11019
10716
11144
10805
10884
10645
11148
10834
10897
10905
10834
10568
10850
10811
10533
10955
10800
10733
10250
10894
10858
10776
10788
10269
10426
10920
10426
10444
10424
10767
10612
10840
10525
10296
10930
10792
10385
10484
10692
10474
10600
10421
10484
10400
10173
10448
10319
10178
10472
10227
10610
10373
10387
10243
10126
10070
10297
10241
10168
10251
10413
10097
10292
10013
9839
10250
10394
10256
10307
9805
10255
9713
10163
9914
9613
9937
10015
9803
9769
10053
10179
9958
10059
10064
9930
9861
9900
9735
10181
10062
10018
9820
10135
9845
9930
9904
9708
9804
9972
9793
9588
9687
9716
9767
9742
9724
9966
9856
9758
9462
9447
9608
9508
9425
9446
9460
9764
9660
9513
9486
9554
9650
9643
9766
9615
9977
9468
9744
9560
9386
9677
9596
9566
9511
9730
9396
9401
9701
9759
9335
9777
9359
9644
9078
9647
9279
9302
9114
9295
9416
9307
9584
9632
9435
9320
9229
9185
8979
9336
9193
9322
8847
9127
9021
9016
9301
9408
9293
9724
8996
9538
9382
9323
9344
9004
9254
9559
9183
9676
9236
9167
9092
8992
8904
9423
9002
8919
9166
8939
9532
9073
8919
9227
9064
9373
9253
9265
9098
8988
8880
9191
9180
8827
8842
8874
9073
9027
9312
8982
8908
8685
8986
9146
9316
8772
8965
9223
9372
8594
9299
8907
9291
9204
9242
9122
9137
8938
9273
9182
8965
8966
8917
9045
8848
9282
9010
8773
8991
9030
9142
8911
9039
9010
9076
8906
8957
9352
8777
9057
9304
9139
8982
8986
8951
8844
8789
9058
9086
9164
8945
9153
9200
9220
8739
8917
8771
8875
9200
9034
9209
9114
9130
9113
8911
9147
9055
9087
8971
9101
9145
8797
9093
9166
8969
9142
9080
9074
8931
9073
9165
9100
9392
8795
9037
8880
9067
9288
9464
9060
9310
9684
8776
9464
9134
8988
9099
9197
9015
9149
9163
9155
8987
9092
9357
9461
9150
9312
9172
9390
8932
9260
9246
9461
9013
9625
9314
9187
8974
9353
9134
9329
9303
8976
9297
9120
9166
9718
9368
9260
9174
9319
9196
9264
9033
9572
9221
9371
8959
9254
9352
9410
9336
9155
9382
9280
9188
9110
9222
9291
9032
9224
9172
9658
9368
9488
9349
9389
9364
9296
9490
9444
9361
9476
9504
9368
9067
9776
9322
9119
9463
9577
9746
9561
9273
9240
9216
9449
9508
9054
9285
8918
9472
8954
9215
9673
9038
9707
9346
9653
9244
9760
9653
9578
9433
9502
9740
9577
9450
9420
9706
9373
9863
9419
9226
9316
9276
9084
9563
9414
9395
9467
9264
9297
9369
9544
9729
9946
9391
9867
9251
9578
9412
9465
9637
9610
9561
9936
9626
9619
9725
9810
9607
9851
9835
9674
9710
9403
9645
10007
9387
9818
9915
9719
10090
10039
9890
9564
9423
9720
9718
9932
9707
9824
9752
9664
9406
9490
9714
9739
9668
9666
9576
9612
9353
9701
9775
9765
9849
9888
9980
9550
10007
9641
9921
9792
9562
10018
10164
9918
9332
9442
9569
9436
9507
9281
9655
9938
9588
10050
9604
10203
9762
9581
9925
9485
9753
9726
9910
9550
10327
10102
9992
10008
9822
10026
9728
9840
9970
9604
9717
9982
9954
9793
9881
9816
9893
9642
9942
9940
9922
9729
9634
9835
9681
9969
9616
9789
9692
9671
9953
9805
9922
9946
9962
9893
10073
9533
9865
9903
10033
9937
9971
10292
10070
9904
9650
9690
9700
9821
9880
9913
9509
9863
9870
9868
10196
10066
9786
9674
9976
9979
10071
9734
9818
9720
9957
9909
9709
9897
9928
10173
9957
9851
10345
10029
9668
10196
10062
9852
9885
9942
9880
10006
10074
9821
10347
10143
9729
10045
9703
9748
10135
10203
9878
9945
9915
9656
10427
9869
10061
9876
10153
10187
10371
9753
10169
9941
10384
10155
9853
9988
9771
9837
9932
10467
9891
10446
9923
9856
10095
10232
10699
9902
10009
9871
9954
10018
9972
9777
9948
10171
9796
9820
9823
10073
9710
9640
10077
10293
9991
9892
10028
10124
10300
10144
9928
10101
9891
9952
10089
9762
10026
9929
9993
9592
10070
9851
9976
10338
10306
9995
10444
10228
10109
9861
9957
9962
9748
10116
9953
9935
10198
9709
10369
10556
9924
10168
9893
10191
9956
10056
10376
9922
9999
9771
10379
10272
10189
10130
9915
9880
9906
9825
10259
9953
10084
10334
10128
10253
10360
10371
10290
10094
10270
9917
10216
10029
10038
9924
10272
10040
10059
10093
10093
9996
9990
10325
10459
10435
10413
9965
10277
10199
10154
10236
10180
9997
10249
10062
10057
9846
9957
10073
10237
10016
10268
10345
10272
10524
10348
10234
10136
10303
10307
10140
10259
10320
10552
10463
10621
10097
10240
10580
10776
10312
10272
10502
10682
10733
10375
10539
10535
10414
10594
10596
10572
10658
10500
10588
10577
10488
10481
10610
10601
10550
10560
10768
10321
10728
10334
10500
10542
10447
10528
10569
10711
10465
10657
10680
10876
10470
10708
10656
11112
10526
10644
10822
10663
10731
11179
10593
10965
10507
10689
11083
10984
10686
10745
10506
10974
10810
10882
10693
11125
11057
11003
11011
11051
11113
11231
11156
11311
11332
11378
11364
11260
11124
11213
10762
11309
11357
11448
11306
11183
11321
11118
11490
11533
11161
11556
11770
11628
11371
11704
11376
11387
11457
11442
11494
11627
11919
11388
11457
11620
11819
11716
11502
11826
11476
11870
11487
11633
11971
11868
11889
11816
11574
11795
11863
11648
11760
11944
11978
11842
12120
12036
12178
11957
12043
12180
12316
12138
12202
12170
12158
12372
12951
12389
12609
12974
12416
12455
12893
12765
12882
12436
12873
12758
12391
12385
12583
12397
12628
12866
12778
12750
12859
12751
12717
13186
13174
12994
13083
13011
13682
12983
13903
13414
13415
13066
13699
13517
13325
13754
13374
13712
13654
13745
13839
13659
13757
13878
13829
14413
13908
14067
13908
13999
14226
14085
13829
14030
14297
14566
14196
14712
14644
14330
14395
14204
14739
14856
14940
14399
15150
14625
15669
14541
15043
14890
14752
14704
15100
15012
14442
14531
14789
15103
15145
15428
15306
15349
15636
15676
15701
15718
15395
15882
15948
15741
15927
16309
16036
16400
16242
16052
16015
16315
16412
16728
16458
16503
16645
16712
16458
16573
16671
17108
16813
17138
16874
16960
16984
17596
17124
17594
17174
17669
17764
17421
17619
17650
17734
18006
17785
17724
18434
18386
18496
17986
18162
18648
18560
18482
18560
18550
18427
19043
18701
18688
18936
18926
19212
19035
19138
19285
19468
19186
19539
19712
19696
19475
19897
19764
19674
19923
19740
20168
20587
20180
20496
20294
20618
20649
20458
20794
20586
21463
21166
21187
21232
21465
21897
21261
21678
21461
21660
21650
21929
22295
22281
22012
22314
22270
22442
22672
22658
22520
22622
22997
22586
22686
22815
22980
22955
23365
23492
22964
23744
23672
23533
23858
23858
24175
23985
23792
23730
24128
24287
24381
24791
24536
24391
24254
24739
24693
25088
25326
24957
25293
25052
25290
25390
24932
25734
25037
25439
25676
25819
26054
25856
25793
26248
25977
26760
26289
26241
26933
27085
27442
27093
26880
27590
27289
27222
27737
27696
27402
27661
27945
27463
27789
27443
28198
27988
28634
28365
28457
28490
28623
28870
28750
28283
27952
28350
28126
27537
27165
27096
27453
28006
28338
29013
29714
30314
29835
30169
30059
30180
30061
30260
30411
30493
30188
30488
30604
30155
30538
31242
30858
30959
30906
31026
31042
31220
31151
31846
31447
31908
31128
31614
31882
31650
31834
31922
32206
31976
32000
32438
32569
32394
32281
32162
32330
33088
32588
32456
32716
32687
32572
32612
32561
32964
32651
33314
32837
32776
33088
33181
33325
33307
33469
33446
33910
33492
33333
33149
33691
33694
33465
34125
34024
34190
33898
33869
34204
33837
33902
33908
34102
33876
34176
34219
34382
34693
34461
34432
34228
34420
34626
34368
34355
34712
34748
34548
34612
34590
34568
34281
34696
35255
34432
34988
35328
35098
35001
34893
34618
34692
35117
35002
35076
35136
34563
35382
35669
35084
35433
35044
35217
34721
35472
36079
35781
35272
35395
35562
35330
34965
35510
35093
35010
35530
34978
35116
35176
35530
35258
35265
35304
35328
35165
35253
35534
35129
35386
35170
34489
35261
35242
34469
35245
35104
34660
34859
34628
34697
34676
34751
35704
35113
34681
35040
35079
35112
34617
35578
35164
34917
34543
34781
34902
34944
34874
34360
34760
34379
34601
34765
34472
34410
34440
34276
34660
33931
34856
34344
34245
33832
34506
34320
34268
34219
33945
34293
34214
33949
33798
33735
33808
34282
33589
33698
33920
34258
33532
33850
33303
33306
33161
33036
32596
33050
32618
32967
32632
33613
33282
32792
32714
32089
32244
31900
31689
32106
31772
31465
32228
31648
31940
31990
31953
31873
31893
31524
31344
31204
31098
31560
31038
30566
30310
30120
30301
30154
30028
29897
30008
30158
29952
30255
30322
30011
30256
30191
30696
30116
29973
29619
30134
29798
29834
29576
29850
29612
28803
29209
29106
29004
29453
29041
29192
29418
28710
28698
28571
28391
28133
28312
28358
27949
28026
28079
27978
27812
27536
27588
27588
28160
26890
27243
26724
27125
26769
26708
26652
26590
26518
26690
26314
25938
26135
26010
26093
25764
25899
25595
24834
25137
25402
25214
25380
24610
24724
23808
23772
23531
23749
24058
24180
24145
23667
23673
23453
24260
23781
23364
23460
22556
22580
22693
22389
22546
22410
22661
22795
22453
22248
22008
21970
22069
21568
21484
21508
21224
21804
21386
21266
20538
20921
20836
20957
20638
20181
20481
20122
20313
19799
20503
19877
19865
19944
19787
19593
19335
19687
18924
18930
18811
19286
18802
18328
18201
18570
18122
18207
17987
17872
17885
17835
18028
17598
17957
17570
17396
17314
17172
17162
17326
16712
17648
16686
16685
16027
16236
16295
15952
16070
15773
15843
15643
15492
15591
15418
15210
15347
14677
14981
14805
14597
14895
14971
14422
14392
14720
14309
14126
14328
14107
13629
14068
13297
13592
13481
13499
13467
13261
12648
12965
13073
12783
12781
12479
12559
13098
12464
12379
11748
11548
11665
11985
12092
11822
11806
11840
11636
11767
11826
11789
11220
11343
11100
11154
11180
11053
10752
10808
10813
10956
10905
11024
10518
10617
10356
10199
10475
10202
10024
9974
10094
9882
9525
9761
9801
9676
9743
9866
9606
9610
9810
9443
9028
9352
9327
9410
9202
9066
9355
8901
8788
8753
8972
8377
9039
8741
8544
8614
8296
8430
8448
8559
8155
8150
7894
8122
8232
8005
7862
8151
7827
8279
8109
7754
7686
7938
7559
7644
7545
7640
7377
7355
7389
7209
7738
7363
7278
7444
7267
7185
6800
7142
7040
7108
6708
7072
7380
7060
6684
7000
6776
6675
6976
7362
6700
6579
6402
6725
6388
6368
6431
6460
6557
6305
6355
6709
6038
6386
6428
6188
6370
6183
6147
6288
6171
6440
6041
6015
6234
6023
6139
6122
5964
6072
5665
5724
5864
5486
5820
5741
5711
5931
5949
5774
5495
5741
5453
5934
5504
5381
5531
5521
5787
5605
5666
5704
5338
5141
5496
5243
5397
5588
5301
5102
5221
5040
5176
5487
5224
5422
5266
5236
5317
5223
4946
4984
5151
5514
5148
4856
5221
5118
5039
5215
5021
5264
4825
4916
4950
5087
4753
4952
4964
4686
5121
5276
4667
4663
4717
4989
5009
4846
4564
4756
4749
4569
4700
4918
4601
4652
4588
4618
4780
4442
4790
4894
4584
4644
4631
5129
4688
4820
4575
4348
4387
4434
4708
4659
4513
4585
4293
4473
4673
4720
4201
4595
4703
4480
4403
4475
4349
4244
4556
4508
4070
4296
4054
4323
4486
4411
4192
4214
4496
4084
4361
4395
4629
4511
4301
4332
4281
4295
4170
4366
4420
4260
4073
4172
3966
3983
4516
4103
4035
4386
4248
4311
4268
3949
4100
4063
4302
4296
4235
4210
4205
4394
4174
4176
4030
4089
3920
3996
3962
4386
4070
4241
4063
4281
4005
4301
4017
4153
4057
4018
3808
4477
3791
3978
4058
3753
3854
4099
3874
4043
3832
3911
4045
3958
4150
3760
3872
4454
4327
3846
3859
3992
3864
3961
3840
3818
3955
4182
3864
3561
4068
4105
4027
3778
3822
4034
3883
3827
3647
3859
3725
3936
3787
3972
3663
3778
3848
3538
3940
3853
3967
4208
3845
4098
3621
3656
3805
3746
3958
4047
3801
4054
3423
3650
3928
3679
3689
3953
3880
4057
3827
4133
3846
3716
3750
4100
3639
3572
3795
3915
3646
3891
3729
3606
3840
3803
4102
3831
3641
3580
3947
4031
3614
3664
3782
3764
4004
3786
3702
3766
3789
3589
3577
3615
4222
3668
3932
3650
3696
3779
3432
3623
3751
3724
3721
3605
3713
3652
3815
3712
3587
3830
3520
3776
3859
3522
3780
3848
3803
3832
3642
3729
3721
3943
3973
3609
3475
3479
3746
3678
3638
3470
3787
3530
3347
3499
3691
3826
3792
3609
3618
3631
3758
3445
3857
3604
3649
3281
3654
3459
3642
3665
3549
3642
3493
3954
3448
3817
3443
3874
3571
3762
3267
3446
3833
3816
3355
3635
3098
3785
3378
3887
3640
3827
3509
3729
3449
3301
3676
3519
3395
3189
3490
3774
3682
3632
3396
3467
3554
3444
3785
3366
3598
3549
3616
3274
3383
3483
3664
3380
3421
3358
3564
3302
3467
3551
3804
3499
3573
