6165
6090
5897
6123
6018
6598
5956
5970
6238
5909
6066
5797
5910
5900
5641
6403
6169
5975
6419
6228
5799
6134
5863
5997
6426
6062
6173
6011
5895
6405
6236
6058
5963
5970
6184
6151
5978
6542
6182
6324
6303
6221
6087
6200
6435
6070
6457
6082
6457
6201
6856
6473
6550
6058
6296
6150
6037
6101
6230
6436
6176
6029
6790
6313
6071
6065
6189
6055
6594
6494
6334
5970
6264
6514
6382
6463
6229
6200
6413
6200
6394
6344
6564
6392
6539
6685
6427
6159
6664
6478
6548
6616
6713
6637
6198
6441
6517
6839
6984
6326
6511
6381
6920
6456
6713
6699
6475
6822
6401
6455
6573
6535
6792
6708
6606
6558
6653
6834
7052
7090
6753
6561
6510
6699
6959
6913
7267
6810
6485
6707
6739
6629
6934
6679
6913
6777
7015
7234
6928
6795
6917
6912
6685
6846
7160
6934
6793
7031
6813
6796
6934
6831
7242
6868
6727
7098
6955
7075
7450
6998
7478
6898
7083
6844
6959
7094
7550
6891
7261
7087
7203
6985
7067
6823
7307
6812
7262
7243
7353
7177
7027
7637
7371
7291
7176
7173
7215
7177
7531
7314
7498
6966
7421
7261
7180
7427
7066
7388
7328
7532
7058
6969
7419
7092
7106
7221
7368
7490
7628
7362
7469
7649
7667
7450
7293
7125
7490
7394
7499
7480
7814
7619
7717
7446
7895
7500
7628
7628
7380
7718
7585
7509
7666
7523
7517
7527
7735
7657
7747
7591
7932
7692
7577
7653
7785
7735
7600
7846
7749
8019
7712
7816
7886
7823
7842
7725
7764
7772
8019
7642
7543
7847
7804
8134
7731
8065
7751
7922
7961
8223
8185
8213
8283
8250
7969
8045
8183
7744
7782
8084
8165
7913
8328
7835
8219
7906
8107
8276
8083
8012
7970
7778
7923
7994
8416
7973
8406
8100
7882
8033
8258
8229
7959
8208
8010
8200
8097
8320
8313
8229
8196
8792
8662
8116
8334
8427
8456
8475
8468
8167
8525
8127
8450
8476
8660
8163
8835
8353
8634
8611
8549
8298
8287
8325
8469
8970
8595
8614
8473
8587
8981
8522
8935
8403
8650
8701
8653
8565
8490
8881
8382
8596
8509
8451
8696
8633
8502
8826
8796
8877
8806
8932
8908
8482
9017
8763
8884
8789
9063
8789
8556
8832
9012
8947
8782
8959
8956
8708
8945
8936
8735
9216
8735
8982
9080
8976
9208
8896
9166
9026
9072
9245
8836
9158
9336
8973
9125
9124
9084
9153
9429
9410
8983
9320
9179
9232
9499
9644
9258
9220
9451
9230
9385
9521
9409
9334
9306
9271
9639
9556
9388
9330
9550
9487
9387
9251
9566
8850
9526
9570
9495
9634
9569
9491
9542
9724
9666
9635
9851
9588
9805
9878
9653
9325
9691
9804
9821
9872
9709
9776
9658
9660
9842
9922
9777
10304
9782
9743
10218
9706
9751
10069
9883
9983
9841
10279
9844
10056
9979
10185
10117
10202
10047
10264
10508
10305
10223
9893
10155
9893
9732
9845
10272
10590
10238
10077
10642
10120
10140
10288
10081
10292
10051
10028
10334
10212
10602
10290
10339
10074
10522
10709
10346
10497
10572
10210
10453
10085
10559
10110
10399
10763
10525
10648
10356
10713
10964
10697
10023
10475
10872
10665
10752
10549
10266
10895
10784
10834
10752
11111
10867
10778
11198
11044
10789
10817
10782
11030
10593
10941
10845
10860
11183
10992
11100
10732
11178
10632
10644
11012
11214
11522
11197
11293
11024
10951
11489
10972
11367
11363
10950
10975
11093
11189
11272
11422
11552
11004
11082
10916
11247
11100
11367
11234
11105
11732
11568
11560
11185
11728
11230
11315
11460
11222
11252
11627
11660
11746
11766
11561
11629
11710
11665
11414
11413
11134
11581
11696
11668
11474
11614
11645
11863
12162
11779
11809
11368
11600
11477
11639
11835
11667
11792
11723
11848
12125
11660
11984
11826
12352
11977
11885
12559
12002
11946
12096
11762
12025
11959
11835
11641
11692
11732
11794
12239
11402
11634
11991
12162
12450
12119
12497
12196
12351
12564
12765
12801
12557
12437
12378
12586
12085
12136
12580
12436
12266
12922
12513
12849
12718
12418
12655
12654
12790
12352
12623
12652
12673
12828
12492
12804
12544
12781
12939
12840
12469
12668
12784
12685
13141
12863
12504
12684
12517
12817
12840
13041
12628
12852
13026
12758
13201
13218
13010
13371
13026
12843
13440
13253
13035
13167
13354
12727
12935
12846
12794
13003
13109
12761
13493
13146
13345
13461
13541
13441
13378
12950
13303
13593
14087
13728
13386
13819
13598
13716
13450
13450
13338
13833
13395
13862
13517
13578
13298
13614
13563
13857
13591
13437
14016
13766
13685
13308
13814
13635
13948
14004
13528
13752
13975
14189
13935
13804
14309
13869
13629
14027
13977
14113
14624
13964
13960
14141
14140
14001
14218
14097
14368
14242
14171
14275
14247
13928
14113
14413
14240
14592
14370
14577
14562
14592
14757
14735
14678
14726
15194
14292
14339
14437
14472
14302
14895
14592
14652
14443
14587
14441
14413
14742
14178
14848
14912
14622
14823
14859
14838
14804
14970
15051
15412
14949
14631
15137
14757
15108
15051
15082
14861
14836
15097
15137
15833
14971
15070
15065
15252
15060
15217
15121
15209
14973
14783
15327
15005
15021
14871
15658
15259
14943
15067
15198
15422
15417
15085
15342
15481
15437
15483
15559
15901
15317
15508
15442
15492
15084
15636
15805
15873
16078
15573
15837
16032
16160
15602
15967
16110
15910
16289
15778
15734
15784
16012
15809
15925
15746
16046
15984
15933
16067
16021
16149
16347
15972
16304
15876
16577
16036
16197
16190
15850
16042
15828
15857
15766
15812
15673
15987
16400
15853
15898
16594
16133
16589
16103
16367
16836
16681
16127
16781
16301
16801
16327
16692
16469
16917
16400
16654
16708
16484
16772
16919
16502
16989
16827
16986
16964
16755
16774
16970
16715
16650
16647
17192
16905
16852
17330
16512
16666
17124
17068
17184
17217
16966
17101
17500
17122
17420
16994
17211
17106
17017
16884
17091
16892
17285
17380
17246
17148
17094
17122
17213
17372
17673
17356
18002
17925
17348
17877
17244
18058
17442
17567
17778
17780
17862
17592
17552
17733
17654
17320
17772
17428
17611
17692
17965
17634
17802
17624
18082
18167
17771
17996
18143
17956
18259
17891
18052
17859
17854
18091
18266
18636
18223
18357
19010
18165
18105
18100
18101
18397
18075
18399
18190
18496
17994
18383
18449
18096
18536
18495
18668
18411
18380
18656
18542
18491
18347
18804
18562
18376
19038
18560
18822
18465
18462
18244
18138
18360
18029
18420
18408
18105
19367
18640
19045
18803
19030
19050
19288
19276
19430
19147
19187
18954
19046
19095
19568
19744
19050
19108
19240
19546
19292
19759
19272
19238
19281
18832
18912
19410
19356
18949
18949
18834
19001
18813
18424
19089
19026
18840
19261
19210
19520
19408
19752
19836
20409
19508
19676
19734
20286
19750
20087
20427
19377
19748
19682
19383
18924
18544
18111
17293
17181
15798
15628
15353
14987
15114
16074
16303
17163
17932
18796
19499
19642
20738
20592
20670
21203
20865
20763
20811
20504
20429
20762
20765
20826
20965
20520
20527
20651
20520
21354
21378
20744
20756
20794
20904
20457
20804
20693
20513
20336
20841
20746
20922
20438
20792
20811
20958
21120
21116
21358
21625
20820
20904
21557
21359
21137
21183
21452
21245
20962
20917
21017
20377
21112
20812
21133
20950
21188
21195
20843
21106
20904
21110
21120
21092
20982
21266
21357
20964
21388
20964
21394
21010
21589
21445
21161
21400
21487
21316
21623
21716
21736
21577
21224
21582
21309
21613
21840
21462
21571
21429
21578
21457
21784
21634
21844
22134
21817
21865
21877
22084
21461
22070
21314
21640
22080
22378
22034
22144
22349
22167
22329
22440
22406
22008
22570
22529
22620
22373
22367
22273
22247
22238
22889
22391
22817
22731
22516
23040
22580
22648
22735
22840
22754
22592
22957
22730
23201
23169
22766
23154
22722
21805
21928
21406
20984
20958
21270
21251
21326
21711
22274
22330
22881
23033
22860
23032
22918
23278
23113
22405
23197
22592
23085
23436
23112
23422
22950
23196
23634
23383
23256
23419
23811
23101
23595
23716
23341
23516
23252
23432
23082
23556
23215
23483
23598
23261
22856
23370
23050
23349
23409
23354
23227
23718
23414
23508
23574
23519
23629
23604
23794
24094
23835
23997
23657
23981
23708
23404
23802
23747
24682
23829
24270
23968
24320
23959
24429
24260
24285
23962
24059
23994
23893
24563
23950
23892
24052
23917
24329
23908
23895
24293
24186
24416
23976
24313
23990
24500
24245
24299
24373
24295
24861
24412
24609
24202
24892
24253
24328
24565
25028
24452
25040
24769
24531
24410
24553
25031
24600
24566
24744
24856
24988
24542
24952
25014
24336
24586
25488
24761
25153
25184
24818
24904
24901
25501
25044
25281
25156
25394
25238
25002
25058
24977
25557
25150
25473
25332
25337
25702
25752
25572
24742
25015
25065
25428
25035
25373
24832
25589
25865
25428
25490
25029
25478
25664
25204
25398
25416
25508
25403
25652
25429
25241
25442
25498
25540
25296
25434
25088
25555
24556
24925
24705
25038
24750
25088
25389
25699
25572
25753
25646
25972
25988
25739
25458
25369
25914
25732
25974
25424
25360
25438
26025
25590
25253
25258
25114
24692
24988
25157
25748
25792
25780
25981
25530
25952
26168
26306
25942
25657
26099
26373
26205
26021
26181
25992
25672
25773
26212
26123
25965
26246
26486
26359
26444
26361
26638
26102
26244
26458
26605
26635
26617
26212
26454
25972
26234
26253
26149
26351
26612
26646
26330
26511
26450
26435
26526
26257
26580
26526
26132
26405
26139
26612
26484
26754
26116
26941
26446
26636
26032
26952
26461
26426
26516
26557
27000
26576
26802
26264
27030
26754
26761
26946
26486
26550
27394
26306
26529
26928
27077
27104
27270
27204
26388
26991
26928
26830
26789
26819
26758
27229
26848
26667
26917
27023
26989
26612
26838
26884
26880
27203
26884
27012
26812
27072
26502
26688
27100
26800
27254
26989
26667
27163
27026
26854
26509
26776
27333
27688
26716
27256
27011
26962
26936
27078
27284
26996
26724
27028
26884
27296
27085
27550
27322
27325
27237
27381
27121
27624
27430
27136
27400
27308
27321
27071
26992
27006
27071
27019
27259
26578
27268
27418
26988
27137
27416
27476
27106
27572
27020
26816
27291
27115
26991
27450
26994
27506
27064
27594
27168
27200
27445
27373
27548
27525
27750
27496
27418
27550
27500
27619
27378
27591
27364
27540
27112
27273
27613
27913
27182
27852
27160
27284
26784
27483
27508
27732
27597
27562
27953
27690
27611
27928
27416
27422
27373
26984
26684
26478
26548
26858
26182
26856
26867
27101
27394
27770
27418
27990
27608
27481
27319
27474
27778
27825
27804
27836
27624
27850
27483
27481
27460
27194
28004
27752
27469
27085
27757
27472
27576
27308
27226
27361
27744
27583
27456
27583
27647
27311
27112
27560
27704
27220
26971
27365
27359
27119
27986
27583
27272
27269
27307
27412
27904
27450
27241
27850
27712
26997
27784
27149
27348
27412
27493
27634
27358
27252
27719
27280
27450
27808
27193
27280
27196
28058
27582
27021
27709
27638
27704
27605
27482
27652
27652
27596
27003
27516
27561
27241
27958
27488
27222
27435
27165
27688
27061
27136
27252
26925
27146
27588
27311
28100
26898
27259
27240
27158
27570
27515
27393
27464
27480
27595
27432
27403
27557
27152
27194
27293
27080
26823
26854
27375
27248
27264
27140
27168
27115
27490
27498
27163
27470
26745
27147
27110
27064
27289
27160
26990
27284
27643
27435
26825
27049
27061
27100
26885
26713
26898
27336
27536
26676
27156
27428
27033
26937
27012
27169
27306
26646
27046
27066
27556
26772
27372
26939
26698
26697
26880
26715
26810
27077
26713
26932
26718
27056
27008
27127
26890
26844
26712
26070
26698
26557
27018
26730
26481
26569
26473
27079
26725
26761
26765
26962
26425
26455
26482
26664
26698
26233
26782
26869
26898
26380
26881
26503
26461
26419
26436
26316
26602
26146
26509
26616
26456
25988
26795
26372
26329
26263
26436
26394
26315
26022
25734
26194
25706
26046
25600
25992
25754
26137
25850
26400
26429
26240
26801
26188
26714
25858
26758
26524
25581
26026
25658
26043
26251
26026
26320
26148
26033
26068
25786
25666
25860
25624
25578
26128
26066
25706
25395
25818
25820
25554
25580
25650
26164
25152
25572
25256
25240
25567
25496
25531
25567
25236
25548
25677
25332
25438
25842
25164
25736
25604
25090
25336
25370
25321
25746
24740
25511
25179
25210
25416
25617
25061
24585
24889
24876
25140
25398
24872
24939
24713
24539
24708
24542
24533
24770
24857
24744
24826
24784
24364
24811
24622
24898
24798
24378
25058
24283
25004
24708
24566
24357
24364
24296
24026
23688
23444
23209
23843
23684
23870
23866
24064
24608
24430
24648
24171
24873
24464
24477
24178
23847
23880
24013
23922
24034
24469
24250
24352
23820
24181
24283
24124
23864
23702
23576
23724
23867
23684
23404
23774
23699
23542
23260
23630
23908
23572
23530
23306
23206
23486
23494
23466
23643
23258
23501
23213
23422
23028
23223
23064
23040
23608
23296
23426
22901
23355
23290
23013
23543
22986
23005
22461
22884
22332
22217
22302
22233
21993
22356
22445
22695
22886
22749
23040
22586
22278
22601
22494
22366
22219
22276
22403
22217
22084
22172
22319
22166
22048
22047
22546
22244
21725
22254
21904
21926
22142
21825
21988
22272
21780
21909
22037
21592
21534
21722
21718
21613
21932
22183
21939
21715
21701
21619
21792
21735
21680
21312
21678
21540
21784
21396
21525
21446
22034
21569
21207
21620
21037
21077
21373
21786
20922
21559
20827
21126
20801
21298
21833
20961
21048
21077
21153
20925
20820
20712
20780
21050
20696
20874
20728
20492
20331
20613
20544
20647
20414
20191
20532
20335
20893
20904
20215
20957
20177
20665
20151
20347
20473
20446
20459
20060
19953
20110
20333
19930
20319
19954
20341
20214
20096
19782
19917
19804
19578
19976
19586
19482
19392
19754
19893
20245
19725
19875
19371
19898
19495
20004
19584
19795
19444
19550
20090
19713
19844
19529
19217
19517
19600
19338
19381
19013
19641
19272
19684
19537
19465
19558
19390
19389
19291
19110
19557
19019
19285
18935
19149
18845
19335
19140
19371
18998
18926
19486
18870
19330
19322
18716
19288
18925
18974
18958
18832
18856
19296
18966
18934
18856
18688
18788
18816
18833
18622
19051
18769
18976
19082
18693
18696
18741
18793
19066
18964
18715
18560
18855
18970
18362
18388
18661
19114
18728
18674
19078
18708
18742
18670
18660
18488
18569
18442
18624
18761
18662
18894
18467
18572
18228
18380
18403
18420
18452
18695
18992
18651
18485
18084
18293
18443
18240
18154
18554
18381
18107
18257
18500
18344
18349
18326
18405
18372
18020
18221
18018
18229
18395
18861
18040
18712
18406
18277
18228
18635
18090
18408
18143
18720
18411
18583
18453
18488
18036
18499
18157
18403
18267
18624
18485
18836
18613
18821
18387
18326
18872
18248
18362
18253
18360
18715
18390
18766
18450
18572
18577
18924
18604
19128
18646
18654
18680
19158
18562
18273
18543
18327
18605
18548
18674
18582
18432
18171
18625
18493
18604
18717
18349
18605
18252
18500
18909
18780
18530
18564
18486
18504
18498
18059
18688
18367
18936
18334
18886
18844
19039
18644
18852
18800
18931
18947
18935
19360
18952
19277
20070
19256
19394
19489
19096
19462
19712
19611
19795
19464
19696
19720
19097
19063
18860
18828
19016
19577
19082
19351
19434
19612
19648
20011
19869
19584
19969
20042
20317
19714
20541
20245
20283
19666
20701
20473
20315
20669
20410
20377
20794
20463
20968
20634
20665
20557
20340
20997
20782
20884
20742
21005
21150
21131
20775
20891
21059
21587
21476
21388
21578
21450
21590
21444
21617
21658
21773
21561
21992
21788
22287
21553
21813
21654
21397
21348
21566
21640
21277
21678
21706
22013
22188
22525
22358
22458
22486
22612
22408
22696
22289
22761
23040
23112
23466
23449
23258
23532
23573
23138
23402
23722
23513
23789
23705
23580
23910
24238
24223
24102
24210
24270
24268
24298
24590
24522
24802
24858
24970
24982
24730
25556
25532
24956
25398
25262
25146
25668
25588
25673
26328
25860
25994
25934
25994
26370
26552
26028
26239
26441
26570
26412
26597
27458
26903
26822
27012
27210
27220
27364
27424
27081
27950
27776
27844
27904
27936
27981
27731
28340
27913
28292
28960
28584
29124
28500
28556
29330
28886
29572
29151
29978
29720
29914
29688
29512
30581
30201
30536
30336
30324
30550
30548
30789
31224
30867
31417
31577
31218
31690
31305
32132
31946
31912
31677
32034
31731
32165
32133
32815
32557
32448
33320
33144
32900
32884
33016
33531
33484
33064
33677
33684
34329
34384
35163
34304
34185
34523
34388
34548
35174
35156
35290
34896
35652
35112
35487
35332
35402
35184
36085
35724
35720
35972
36224
36377
36696
36600
36937
36888
37172
38016
37606
37560
37784
37556
38076
37707
38654
38764
38326
38382
38772
38272
38330
38417
38968
39134
39352
40088
39365
39482
39640
39572
40048
39943
39380
39348
39028
38699
38238
38345
38232
38549
39466
40077
40949
41690
41729
42048
42213
42068
41873
41853
42088
42080
42646
42016
42429
42986
42829
42477
43348
43301
43222
43381
43658
43328
43754
43648
44096
43300
44762
44302
44645
44772
44560
43770
44927
45288
44634
44795
46103
45674
45676
45506
45472
45366
45686
45812
45674
45882
45553
45242
46090
45951
46084
45972
46029
46045
45927
46470
46600
47154
46749
46883
47021
47215
46762
46617
47112
46841
47088
47304
47428
47400
47770
47789
48004
47981
47732
47526
48256
47981
47754
48581
48148
47627
48402
48448
48120
47956
48074
48094
48730
48854
49115
48773
48708
48941
48762
48656
48948
48712
49302
48036
48900
48840
49082
49006
49186
48950
49067
48724
48632
48810
49048
49408
49386
49901
49932
49604
49808
49204
49364
49444
49882
50196
49318
50045
50132
50376
49348
50166
49867
49889
50122
50109
49655
49596
50240
49448
49972
49812
50232
49986
49296
49824
49634
49716
49540
49588
49243
49480
49460
49780
48949
49349
49605
49296
48932
49231
49416
49712
49373
49388
49432
49614
49288
49257
49357
49664
49780
49188
49543
49014
49430
49312
49440
48619
49532
48699
49062
48901
48724
48706
48053
48440
48020
48997
48310
48641
47938
48586
48398
48125
47800
47883
47764
48002
47860
47802
47706
48348
47853
47947
47684
47450
47693
47385
47117
46347
46781
46469
46792
46649
47448
46516
46484
46196
46920
45959
46253
45226
45000
45348
45184
44873
44409
44602
44389
44891
44266
44409
44786
44781
44749
44420
44134
44008
44029
43558
43498
43164
43374
43118
42664
41972
41960
41643
42022
41675
41621
41576
41888
41701
42020
41573
42368
42612
42168
41508
41528
41524
41146
41152
41134
41484
41256
40029
39930
40202
40661
40694
40655
39680
39835
39468
40041
39430
39264
39725
39172
38971
38464
38698
38804
38292
38297
38224
37952
37792
38084
37349
37267
37090
36993
36960
36722
36364
36775
36056
36239
35758
35621
35860
35278
35445
35508
34524
34912
34376
34330
34536
34734
33677
33688
33683
32572
32873
32572
32587
32148
32260
32441
31952
32200
31638
32330
32050
31647
31574
30929
30536
30164
30086
30575
30658
30541
30753
30322
30187
29053
29468
29585
29116
29241
28523
28485
28945
28229
28575
27940
28020
28182
27993
27453
27194
27402
27086
26527
26636
26670
26614
26251
26116
26045
25701
25859
26222
25401
25570
25274
25384
25044
24384
24208
24491
24256
24015
23721
23700
23405
23502
23974
23160
23717
23058
22736
22618
22507
22757
22622
22166
22882
21637
21696
21325
21326
21370
21158
20712
20788
20622
20440
20426
20394
19970
19672
19912
19652
19213
19133
19189
19402
19314
18760
18506
18856
18237
18461
18376
18217
18154
17705
17563
17578
17278
17492
17439
17084
16820
16773
16640
16461
16362
15827
16404
16338
15725
15942
15173
15172
14923
15307
15481
14878
15336
15461
15264
15208
15236
15036
14592
14566
14596
14604
14354
14287
14289
13777
13997
13650
14060
14090
13539
13812
13292
13240
13107
12989
13090
12964
12672
12965
12570
12416
12405
12255
12354
12689
12024
12324
12380
12209
11699
12142
11704
11969
11330
11546
11776
11539
11243
11247
11158
11005
11560
11181
11038
10887
10740
10649
10605
10808
10414
10547
10090
10453
10636
10390
10094
10409
10221
10429
10332
9849
9813
9833
9746
9397
9734
9585
9456
9644
9608
9264
9642
9341
9124
9466
9156
9408
8783
9156
8974
8779
8437
8764
9237
8956
8718
8822
8617
8421
8820
8915
8420
8320
8059
8535
8275
8398
8409
8380
8269
7984
7844
8276
7798
7786
8021
7700
7804
7672
7685
7868
7973
8289
7773
7788
7810
7953
7384
7434
7595
7614
7102
7167
7465
7142
7204
7329
7160
7402
7390
7198
7002
7220
6863
7044
6990
6878
6939
6861
7329
6873
7013
7059
6826
6678
6709
6855
6742
6980
6841
6429
6773
6373
6666
6756
6640
6707
6443
6528
6588
6587
6322
6203
6409
6717
6614
6208
6499
6324
6198
6495
6233
6480
6395
6362
6222
6493
6031
6290
6168
6046
6303
6383
5784
6020
5937
6169
6268
6121
5803
5610
5894
5810
6088
6044
5750
5929
5627
5742
5673
5641
5916
5883
5766
5729
5764
6243
5772
5834
5870
5748
5660
5757
5853
5793
5726
5678
5349
5715
5794
5871
5285
5647
5632
5718
5636
5452
5613
5235
5738
5499
5273
5547
5071
5364
5686
5495
5417
5633
5556
5339
5568
5411
5495
5525
5220
5335
5444
5248
5252
5361
5598
5352
5077
5373
5095
4965
5491
5254
5322
5410
5229
5236
5301
5112
5033
5037
5346
5054
5120
5250
5355
5387
5378
5241
5245
5197
4962
4936
5086
5346
5097
5133
5012
5112
5061
5280
5098
5087
5128
5030
4705
5384
4845
5046
5025
4814
4928
5134
4904
5027
4905
5028
4963
5065
5315
4757
4857
5343
5292
4917
5052
5141
5029
5019
4914
4874
4950
5304
4734
4594
5042
4965
4808
4741
4717
5159
4897
4844
4772
4954
4831
4968
4944
4642
4825
4727
4836
4621
4831
4728
4772
4741
4778
4989
4478
4638
4689
4644
4982
4853
4932
5046
4567
4436
4874
4648
4751
4861
4618
4843
4733
5149
4846
4620
4655
5151
4763
4671
4862
5020
4482
4829
4674
4668
4597
4704
4834
4717
4499
4590
4949
4822
4644
4450
4898
4619
4867
4654
4657
4722
4597
4495
4415
4433
5111
4614
4815
4548
4741
4664
4456
4635
4685
4871
4693
4682
4761
4681
4736
4632
4555
4881
4336
4762
4709
4457
4724
4604
4535
4756
4719
4442
4496
4909
4839
4474
4490
4441
4797
4570
4425
4164
4595
4418
4379
4537
4539
4622
4651
4498
4676
4514
4457
4267
4595
4467
4553
4410
4486
4468
4327
4383
4367
4637
4522
4777
4479
4749
4187
4826
4545
4564
4203
4351
4782
4729
4194
4480
4164
4594
4171
4539
4462
4532
4336
4616
4249
4298
4564
4520
4363
4094
4390
4564
4546
4592
4396
4331
4335
4393
4926
4023
4352
4558
4486
4011
4394
4237
4424
4440
4334
4185
4366
4265
4402
4501
4467
4345
4310
