8386
7529
7691
8468
6913
12846
6772
7105
7504
7279
7259
7070
7333
7470
6706
8713
9157
7416
8023
7567
7080
7994
7092
8100
7647
7630
7544
6815
6614
7457
7228
7709
6812
8009
7035
7104
6785
7013
7643
8218
7227
7371
7092
7210
6946
7177
8730
7057
8242
7899
10110
8303
9429
7611
6876
7626
7453
7228
7529
7199
7570
8283
7634
8439
7598
7732
7969
6724
8511
8508
7585
7383
7660
8018
7631
7521
7369
7769
7963
7257
8353
7891
7934
8633
7461
7882
7926
6960
8555
7461
7558
8028
7500
7658
7236
7204
8118
9663
8413
7029
8523
7215
7650
7538
7730
7920
6924
8338
7304
7788
8691
7693
8713
8646
7442
7857
7203
8138
7215
7942
7883
7428
7194
8100
8106
7689
8528
7857
7582
7719
7578
7344
7941
7973
7797
7925
8095
8105
8822
7502
7435
7177
6955
8116
7941
7049
7440
8442
7470
7866
8905
7657
7769
7877
7208
7906
8950
7922
7424
7871
9931
7892
7134
7813
7906
8767
7745
8615
7810
7426
7674
7791
7661
7278
7694
7065
8359
7945
7436
8733
7149
8796
8251
7953
7819
9794
8348
7117
9642
8320
9468
7882
8328
7489
8404
8534
7576
8069
7435
9413
7134
7886
8093
7659
7486
7839
8492
8030
7948
8346
7381
8134
9112
7612
8022
7287
7819
8458
8168
8324
9082
8080
7843
8366
8260
8249
7724
8229
7481
9351
7961
7670
7196
7992
7992
8296
9143
8686
8202
8229
8640
7862
7834
8570
7527
9016
8028
8276
7310
8846
7344
8956
7825
8749
8379
8590
8801
8006
9259
8330
7502
9959
7820
8805
7616
7855
8032
7698
7837
9653
8562
8199
8092
7780
7552
8185
8168
8222
7652
9206
7933
7833
8383
7627
8007
7950
8192
8502
8802
8321
7349
7888
8192
9017
9023
9389
8571
8550
8280
8023
8506
7906
7412
7766
8791
8674
8186
8154
8907
8453
7682
9977
8484
8828
7662
8604
8861
8821
8817
7978
9480
8466
7530
8593
8046
8102
9403
8840
8448
8779
7387
8074
8000
7889
7934
8584
8101
7947
8403
8074
9584
9011
9099
8333
9019
8220
9042
8605
8557
8514
8904
8402
8270
7835
8473
9406
7988
8951
7797
9650
7830
8302
8687
7714
8130
8660
8282
8132
8355
8482
8846
7738
8770
8881
8108
8116
8443
8368
7986
8124
8332
8869
7907
10533
7969
8258
9176
7918
9309
8852
9201
9107
8022
8019
8379
8227
9154
8439
8453
8172
9216
8770
8515
7898
9821
10074
8434
9181
9151
8589
9931
9031
9294
9353
8090
9158
7823
8376
8525
8493
8643
8316
8030
8196
8130
8520
9682
8153
9131
8936
8293
8960
8690
8484
8232
8333
9028
8723
8320
8202
8192
8385
8257
8154
8867
8483
8830
9318
8847
9313
8076
8584
9373
8788
8574
9020
8790
8656
9141
8750
8428
8792
8839
9775
8984
9483
9104
8743
8531
8657
9172
8671
8692
9600
9490
8478
8851
9621
8869
8232
9557
8864
9525
10630
10206
8143
9951
8879
8321
8475
8377
8275
8328
8666
8349
9232
12433
10317
8701
8621
9568
8828
8536
8981
9383
8608
9868
8891
9564
8855
9272
8747
9000
9531
8717
10277
9252
9290
8871
9499
9523
10097
9338
8906
8822
9372
9221
10023
9637
9602
9220
8812
9781
9542
8928
10108
8663
10021
9119
10807
9280
9260
8299
9655
9370
9336
9710
8731
8675
9202
8669
11833
9180
10882
9555
9372
9884
9136
9037
10211
8650
8804
9027
9021
9824
9005
9513
8619
10508
10368
9005
8772
9962
9127
8520
9118
9581
10234
8746
9841
9475
9925
9964
9047
8999
9990
9220
9343
9716
9794
8987
9238
8919
8868
8927
8935
9907
9436
8665
9562
9054
9346
9784
11856
9562
9397
9393
9041
9378
9101
8805
10377
9690
9136
9615
9674
8906
10472
9032
10713
9328
9684
10387
9152
9949
9274
8771
9441
10182
10455
9503
9093
10049
9682
10204
8856
9499
9570
9726
10549
9636
9348
9903
11247
11356
11053
10044
9609
9128
8907
10197
9110
9160
9738
9224
9026
9806
9330
9760
9556
10318
9808
9415
10157
9336
9651
9133
9408
9964
10557
10732
9155
9408
10092
10231
9537
9824
11334
9900
11884
10504
9534
9390
9658
9374
10308
10820
9329
9932
10770
9536
9645
9694
10163
9328
9847
10214
10526
11341
10452
10989
10618
9810
10018
9730
9304
9775
10761
11058
10199
9893
10429
10762
10378
10369
10368
9818
10022
9809
11264
10361
10804
10497
9910
12667
10168
10445
9681
11605
9914
10359
10360
10510
9525
11125
10570
9895
10592
11167
10420
10401
9651
10556
10966
10397
10960
9638
10053
10255
9624
11200
11501
10280
10740
10015
10438
9723
9953
12042
11489
10878
10257
10676
10368
10046
10108
10252
10253
10576
11442
10267
11259
9713
10274
10319
10974
10077
10967
11978
10542
10074
11125
10909
11392
10624
10662
10251
10116
10666
11566
9750
10382
9867
11642
10348
10627
10034
10154
10203
9975
11311
11056
9757
10442
11204
11650
10050
10851
10702
11958
11784
10979
11192
10727
10638
11032
11163
10460
11547
10859
11464
11107
10127
11665
11637
10667
11802
10188
11016
11925
10976
11539
12303
10979
11434
10293
11485
10766
10990
10257
10217
10802
11133
10664
10374
11350
11966
11204
12058
14144
10927
12013
10671
10519
10672
11083
11964
10901
11744
11736
12272
11631
11460
11270
10663
12416
11284
12041
12435
10728
10748
11165
11733
11181
10826
11778
12570
11266
12961
10676
11908
11996
11749
11713
12288
11771
11311
11457
11951
11435
11289
11805
11998
11450
10946
11375
10575
11541
11542
11116
12816
12062
11579
11545
12026
12924
11914
11241
13156
11235
12918
11754
11547
12245
11420
11864
11610
11764
11405
11655
12426
12474
12666
12514
11333
13888
11545
11767
12578
12478
11928
11247
11931
11775
11607
11865
11652
11817
13150
11754
11488
12779
12589
12302
12985
11578
13517
12141
11836
12104
12464
12419
12559
13214
12989
12668
11904
12935
12119
12209
11919
13668
13098
12861
13053
12271
11922
13061
11940
13596
11846
12875
11992
13481
13022
13414
12196
11828
12570
12888
12960
13134
12619
12868
12823
12269
13073
12367
12972
13197
12590
13158
12587
12999
14139
12820
13305
12432
13083
13123
11939
14140
12456
13547
14942
13046
12904
12921
13213
13248
13035
13624
12766
13365
13083
13849
13204
14172
13974
14342
13871
13434
13047
13083
13005
13241
13594
12829
13408
12804
13757
13513
13155
14490
13440
13833
13431
13163
13335
13819
13761
13613
14374
14378
13356
13568
13984
13552
13820
13737
13485
14677
13613
13821
14142
13678
14277
14701
13763
14303
13424
14551
14190
15048
13466
13483
13423
13385
14056
14518
14293
14100
14820
14000
14191
14842
13258
14021
13485
14141
14730
13832
14948
14302
13945
13638
15378
14607
14940
14343
15373
14538
14106
14568
14393
14376
14516
14920
15001
14717
15003
13540
14429
13133
13423
13690
12412
13973
14340
13279
13060
14529
13694
15755
15046
15049
15620
14440
17284
15959
15309
16036
15319
15356
16696
15108
15920
15989
16013
14636
15837
15186
16667
15787
15244
16244
15262
15616
15502
15376
17017
15828
15391
15467
15550
16123
15794
15616
15295
16101
16106
15759
15838
16269
15540
16613
16261
16267
15438
17186
16698
15607
15586
16970
16609
15265
15717
16242
16834
15688
16201
16499
14977
17266
15901
16372
16488
16667
16226
16640
16746
16145
15876
15932
16268
15389
16650
15711
15845
16543
16610
17231
17152
16787
17130
17161
16607
16243
16529
18240
17266
16660
17146
16932
16200
16109
16185
16828
16607
16371
16786
17192
16386
18305
16990
18648
16224
16428
17672
17052
17090
17094
17657
17154
16642
17610
17225
16998
16862
17212
19139
16954
16686
16319
16988
16680
17102
17249
16502
17513
17140
17497
17307
17881
17124
17167
17565
17025
17418
16964
17277
18315
17760
18298
18075
17476
17010
17340
17941
16587
17042
15857
18101
17465
16047
17312
18476
17949
17064
17573
16955
18808
17997
17278
18333
17676
18048
19145
17923
18324
17140
17351
18521
19712
18337
17810
18154
18667
18095
17636
17676
17996
18105
17664
18084
18711
17487
19384
18167
18246
17835
17880
17463
18457
18180
18108
17866
18476
17772
17892
19478
18784
17880
17988
19112
19578
19216
20398
17837
18277
18437
17943
18777
19334
19355
18604
19488
18244
18739
18391
20011
18903
18200
18534
18699
20185
18509
18456
18352
18412
18630
18181
18089
19122
18138
19689
19588
19437
19026
18818
18963
18720
18805
18397
18884
18572
20180
18877
19902
18529
19516
18749
18258
19176
18986
19081
19782
19845
19289
17812
19144
20049
19334
19338
19687
19406
19021
18688
18842
20004
18754
18702
19657
18802
19258
18384
19716
18677
19499
18206
19115
18525
18870
19272
20968
20426
19293
18912
20185
19971
18806
19888
19482
19584
19058
19327
19423
19778
18806
18911
19161
21265
18920
19786
21309
18865
18857
18705
18823
20566
20143
20122
20293
19285
18680
20562
19269
21154
19314
18548
19460
19006
18465
18840
19993
18869
19493
18530
19010
19808
19408
19696
19425
19729
19989
19224
19607
20151
18373
19458
18998
20614
19246
19644
18432
19586
18777
19693
19868
18601
18891
19613
18119
18944
20256
19408
20006
19205
19387
19755
18959
20196
19030
19538
19253
19993
19417
19088
19968
19798
18770
18932
20073
19430
19988
18803
20224
19304
19307
18798
19471
20565
18584
18992
20191
20641
19928
19266
19288
20672
19465
19160
19481
19310
19372
19954
19846
19339
20557
19524
20848
20467
19893
20004
20136
19708
20202
19348
20562
19338
20098
19293
20342
19880
19748
19638
19408
20790
19312
20004
19712
20030
19621
18980
20244
19971
20531
20187
19532
20132
19481
19462
20253
20276
20020
21160
20000
20721
20273
19890
21859
20566
19875
19869
20522
21008
19161
19802
20260
19636
19638
19115
19802
19434
20069
19629
21458
21027
19969
20854
19864
19892
20740
20408
19700
19826
20196
19825
20193
20362
19953
20683
21044
20516
19542
19349
21248
21213
21513
20379
19361
20469
19978
19545
19917
20740
20507
19978
20493
20159
19962
20020
19942
20262
20664
19713
21918
21242
20096
20823
21127
20948
19941
19935
19648
20094
19693
21279
20235
20839
20236
20911
21307
20808
20788
19755
19901
20682
20645
20608
20350
20070
20264
21536
21501
20810
20166
20503
21334
21533
21128
21460
20527
21579
20576
20054
21366
20469
20109
20082
21799
20992
20318
20061
21522
21803
20518
20562
21956
20011
21609
20075
20641
21580
20956
20736
20807
21716
21092
21386
20576
20916
20884
20098
21562
21668
20281
20128
20911
20398
20014
20088
21654
22028
20975
20740
21742
21861
21141
21835
22027
21941
20970
22166
21802
21724
20954
21131
20877
22188
21904
20800
21447
22184
21674
23234
22958
21264
21088
22607
22008
21890
21900
21646
21345
21919
20710
22154
21298
21421
20953
21622
21181
22404
21868
21371
21275
22351
21257
21637
21117
21679
20959
22420
21583
22984
21833
23146
23348
21924
22137
22750
21560
22254
22621
21467
22421
22395
23061
22000
23802
21835
22433
21690
21989
23439
23373
22365
23573
24074
22133
22092
22901
22515
22748
23433
22682
22092
22372
21716
22661
22471
23641
23215
22242
23513
22597
23064
22618
22756
22985
22701
22476
23085
22720
22936
23000
23665
23588
22375
22324
22612
21374
22052
24265
22965
22455
22208
23382
23116
22412
23092
22923
23348
22749
22418
23282
25932
22045
23587
23516
23014
22767
23546
23288
23657
23849
22689
24810
24437
22820
22792
24206
23220
23799
24214
24066
23220
23562
23501
25256
23157
22841
22506
24843
23044
23323
24111
23330
25789
24634
24137
23627
23586
22916
22865
25698
24570
23134
24576
23836
25070
24475
23390
24713
25256
23181
23740
24712
23738
23459
22878
23389
23043
23239
24731
24911
23687
23645
24761
23325
23524
23652
23644
24074
24226
23479
23945
23600
23680
24110
24093
24253
24372
23811
23518
23492
23324
24616
24553
23654
23085
25508
24134
23243
23775
24535
24581
23492
24296
24927
23418
23757
23744
23013
23771
22744
23997
23227
23512
24404
23422
24185
24558
24114
24094
24492
25402
24230
23476
23988
24936
23562
24540
24128
23962
23360
24903
24369
23386
23682
24379
23795
24106
24092
23787
24489
23321
23609
24762
24158
23883
24028
23597
24329
23437
23492
24922
23690
25129
25792
23680
23729
24187
23680
23669
23328
24658
23981
24074
23906
24240
23638
23234
24030
24089
23740
24484
24834
24555
24097
24378
23617
22746
23498
24493
24253
23737
23989
24676
23371
23473
24141
24156
23776
24844
24005
26530
23584
23316
24602
23469
24474
23674
24065
24026
23274
24458
23298
24248
24768
23365
23830
23712
23991
22309
22945
23161
22382
23290
23044
23121
23772
22904
23824
23597
24965
25060
23040
24772
22644
22913
23150
23784
23176
24333
23463
23323
22852
23316
22798
23394
23949
23120
21979
22349
23309
23784
23771
22645
23762
23056
22709
24299
24156
22745
24026
23750
22362
22552
24266
23060
22748
22897
22601
23478
23391
23550
23060
23250
23394
22526
22716
22296
23192
23156
22606
22133
22811
22977
22950
22053
22567
22497
22536
21995
22546
22202
21792
22912
22672
22314
22800
23017
21917
22020
22060
23393
21874
23246
22225
21960
21796
21591
21869
22220
22272
23158
22242
21877
22475
21466
22367
22388
22925
22514
22759
22276
21594
21434
21484
22291
21904
21698
22429
22018
21128
22497
22220
21316
21922
22070
21112
21962
20879
22105
20548
23573
21405
20882
21078
20612
20751
22074
21794
21130
21292
21070
20760
21408
21071
20349
22698
21174
20388
21037
21057
23437
21469
21240
20200
19996
20840
20936
20426
20125
20636
21003
20330
19876
21195
20356
20066
20112
20804
20869
19862
20490
20151
20101
20772
20224
20382
19599
20393
19418
20383
19590
19303
19464
19675
20564
20391
19468
20248
20480
19751
19567
19769
20148
20309
20186
19515
18367
19331
19460
19686
18775
18313
20290
20151
18582
18375
18696
19405
18478
21026
18913
19748
18002
18585
20992
18371
18370
19830
18220
19084
18540
18232
18718
19109
18496
18197
18244
18098
18845
19020
18668
18063
17582
18282
17725
18027
17372
17801
18297
17220
18490
17822
18136
17140
18598
19876
18228
17924
18781
17435
17547
17981
18434
17504
16529
17800
18038
16727
17487
16731
16466
16426
16953
16668
18158
17387
17500
18271
17504
16723
16640
17419
16941
16674
18013
16860
18936
17428
18728
16735
16030
16745
16914
17264
16688
16336
17001
17040
16750
17574
15722
16523
16825
16173
16772
17338
16634
16631
16606
16694
16311
15696
15880
15604
16668
16440
16343
16903
15676
16138
14676
14885
14581
15744
14984
15070
15521
16020
15638
16938
15948
14820
15213
14665
15008
15632
14984
15696
14567
14756
16013
14661
15152
14074
16104
14446
14537
13931
15923
14799
14237
14669
15275
14580
14316
13855
14766
13627
14442
14234
15226
14518
14973
14708
13905
15636
14233
13995
14186
13451
14216
13464
14860
14165
13926
14154
13942
14550
15221
14964
12999
13469
14420
13906
13191
12846
13856
13972
14062
14757
13180
14002
13332
13796
14434
13083
13644
12818
13637
13600
13456
12667
13481
12603
12992
13618
13368
12537
12947
13209
13065
12338
12005
12844
12741
12782
12338
12299
12487
13602
12965
13100
13474
11809
13057
14525
11809
12328
13459
11926
12500
12078
12069
14735
11402
13072
13442
11718
11424
12480
12266
12253
12588
12218
12290
12714
12023
12693
12183
11479
11752
11814
11453
12324
12922
12760
12177
11988
11208
12812
12851
11965
13278
11504
12487
12308
11750
12068
11117
12211
11451
11341
13037
12934
11486
12653
12637
11366
11556
10874
11615
11549
13087
12140
11954
10894
11459
10937
10582
12159
11899
11066
10644
10812
11165
11780
10926
11585
10706
11557
11254
11755
10927
10825
11029
10305
10807
11300
10278
10969
11317
10868
12216
11813
10781
10815
10584
11179
10813
10672
11293
10543
11890
11458
10381
9911
10173
10309
10920
10134
10836
11895
10850
10456
10324
10674
10093
10329
11421
10472
10296
10797
11790
11002
10897
10802
11216
10852
10508
12302
10293
10794
10621
10500
11333
10325
10770
11268
10887
10691
10922
10482
9775
10128
10368
10009
10535
11205
9938
10284
10295
10274
9863
10994
10523
9839
10643
10705
10469
10932
10043
10925
9880
9790
11979
9987
10005
10646
9903
10611
11176
10044
10454
10114
9689
11154
11354
9870
10028
9988
9823
10173
10241
11273
10164
10289
10437
9840
10805
10692
9732
10718
9529
10711
10838
9988
10480
9981
10055
10348
9871
9585
10734
9867
9950
10471
9612
10781
10955
10551
9466
9581
10324
11630
11212
11616
9988
10011
10141
9890
9449
9309
9566
9777
10410
9502
10263
10222
10496
9169
9317
10590
9454
10100
9396
10635
9945
9996
10472
10931
10173
10799
9668
9584
10313
9500
9324
10311
9226
9422
10028
9834
9909
10004
10425
9349
9233
9982
9410
9359
8964
8729
10017
9482
10113
9723
9879
8968
8707
10527
9610
10027
9574
11088
9871
9487
10107
9680
9820
10567
9048
9962
9764
10129
9734
10133
9640
9168
9410
8886
9838
9272
8837
9694
8931
8710
9671
10312
10164
10393
9012
9004
9181
9869
10114
9139
10084
9042
9304
9355
9893
9201
9152
9688
9632
9325
10215
10840
10252
9204
9014
9310
9616
9454
9483
10813
9497
10149
8818
9986
10217
9421
10272
9143
9423
9100
9207
9627
10384
9437
10269
10177
9418
9345
10116
8968
9380
9104
9521
9979
9403
9365
9894
10564
10436
9274
9052
9488
8987
9548
9182
9615
8826
9189
10084
9188
9070
8773
9675
9918
9287
10052
8988
9698
8902
10677
9352
10291
9357
9439
9261
9042
9994
10287
10013
9132
9270
8532
9850
9463
8924
9278
9662
9534
10100
9080
8950
9490
9077
9830
9688
9508
10127
9222
9375
9457
9552
9005
10560
9553
9507
9190
9466
8561
9137
8869
8949
8425
9093
9796
8966
9142
9774
9560
9690
8948
8948
9446
10011
8929
9878
8973
8873
9333
9770
8806
8527
8677
9328
9208
8932
9512
9313
9379
8923
8736
9517
8558
8725
9231
9685
9462
9141
9406
9160
9431
8162
8622
9635
9602
10205
8487
9147
9254
10215
9894
8464
9132
10066
8917
8513
9879
8901
9119
9348
9101
9149
8649
9529
10190
8889
8453
10152
11213
10342
9275
8337
9207
10267
9760
10544
9401
10060
9508
10122
11471
9012
9059
9835
9029
9770
8721
8497
9201
9212
9193
9040
9109
10591
9624
9490
9416
8894
9404
8742
8829
9554
10279
8680
8718
9555
8977
8832
9884
9627
8641
8349
9522
9064
8884
9031
8832
8980
8739
9413
8849
9198
8394
9105
9310
8935
8730
9686
9601
8756
9020
9539
9227
9609
9387
8707
9794
9863
9556
9638
8626
10114
10337
9802
8808
9668
8804
9086
9218
9167
8651
8868
9596
8597
9538
8988
10188
9142
9411
8903
9219
9520
9412
8876
8832
10578
9462
9707
10155
9780
8882
9098
8922
9697
10345
9145
8675
9004
7927
8600
8822
9234
8605
9114
9844
9364
9783
8380
8420
9611
9856
9148
8263
9211
8890
9198
11278
8733
9006
9383
8768
8568
8249
8681
8931
8488
9438
8349
8590
9508
8615
8496
9051
10231
8754
9498
8800
8827
9606
8490
8238
8418
8961
8665
9075
10939
9077
8404
8899
9937
9048
9408
9659
9197
9368
9188
9319
9166
8730
9064
8493
9219
8739
9098
9536
8552
10249
10062
8692
9840
10113
8802
10331
9552
9100
9605
9896
8271
9271
9139
10084
8819
8431
8200
8931
9324
8382
8881
8847
10833
8253
8147
8945
8809
8863
8877
8891
9049
9250
9552
8882
10110
9240
9379
9241
8478
9531
9097
8888
9012
9260
8169
9035
9892
8765
10228
8313
9902
9074
10669
11830
9831
9120
8473
8167
9969
8519
9066
9204
8861
9436
8738
9017
8648
8308
8185
9111
8410
9143
9403
8858
9104
8390
8926
9207
9478
8825
8448
8493
9640
8996
8526
8917
8614
8679
8572
8196
9620
9083
9820
9048
9057
9495
9558
8906
8585
9559
10045
9139
9477
8458
9827
8636
8648
9087
8534
8145
10266
9929
8219
8986
8613
8308
8653
10280
9523
8337
8633
10507
9055
9069
8465
8986
9550
9042
10215
9111
9249
8549
9321
8385
8900
10241
9160
8533
9073
8429
8791
8343
9304
10201
9054
9625
8685
8621
8854
9846
8399
8964
9547
9278
8921
9648
8892
7842
10890
9133
9115
8967
9149
8815
9212
8433
8543
8704
8981
8659
9823
10394
8036
8961
9520
8285
9810
8686
8306
8587
9210
9536
8848
9278
8681
10172
8741
9182
8476
9289
8621
8139
10333
9290
8729
9086
9379
10401
9727
8438
8395
8750
8170
8159
8108
8595
8592
8311
10244
8950
9575
10575
8439
8313
9595
8762
9173
10528
8954
9252
10131
8784
8462
9020
9325
8837
9027
9494
10777
9484
9040
8532
8656
9585
8634
8479
10317
8850
8605
9076
8785
9637
8414
8184
9944
9642
8954
9391
9162
9044
8722
9012
8676
9921
8946
9228
9010
8591
8717
8444
8226
9285
9169
9112
8486
8352
8630
8908
9338
8580
9685
9315
9153
8786
9198
9219
8935
9178
9323
8352
7914
8534
8583
9084
8594
9286
8542
8150
8708
9080
8186
8366
8894
8335
9842
8566
9107
7965
9195
9950
8493
9309
7879
8749
8962
9226
8494
8549
8266
8906
9596
10047
9227
9168
8267
8505
8866
8129
9232
8674
8413
9435
9324
11043
8068
8306
9722
8489
7914
8610
9291
8151
8777
7893
8651
8241
10062
9537
8445
8559
8655
8856
9577
8797
8282
9234
8609
8802
8281
9058
8757
9054
8723
8491
8373
8441
8073
8493
8607
8772
8320
9446
8396
8688
8478
7856
9442
8438
10552
8765
8115
8671
7770
8931
9750
8574
8132
9486
8494
8769
8804
8664
8722
8725
7914
8193
8169
8526
8622
7926
10129
10015
8159
9101
8197
10496
7890
8868
8593
8441
8159
8695
8886
9009
8154
9334
8372
8744
7867
8325
8863
9060
9069
9410
8384
7980
7930
8788
8538
9484
8421
10017
7943
8591
9498
8583
8647
8833
8274
8757
9055
8267
9022
8212
9413
9416
8957
8449
9420
8579
7922
9643
9172
8296
8322
9041
8455
9226
8761
8318
9208
8657
8463
8715
9334
8538
9730
9596
8910
8417
7938
8526
9005
8234
8934
8134
10134
8286
8620
9268
8510
8234
8544
7958
8472
8290
8858
8585
9744
9222
8481
9506
8215
8563
9250
8107
8130
9250
8217
9407
8260
8521
7880
9930
9877
8073
8390
8800
8214
8749
8568
8364
9027
9361
7677
8210
8687
10925
8297
8745
8329
8534
8676
8635
9451
8452
8694
7972
8512
8136
8766
8725
8165
8847
8331
8504
8349
9253
8036
9427
8578
9014
8289
7994
8921
9171
8207
8854
8288
9119
8633
9934
8600
8673
8687
10227
8545
7801
8463
8543
8251
7883
8630
9398
9100
8658
8105
8733
8433
9683
9590
7984
8551
9068
8745
7943
7855
7787
9473
8169
8848
8228
8828
8115
8358
8299
8452
8546
8203
