6155
6356
5990
5907
6067
6486
5779
6007
6241
5930
6235
5690
6068
5738
5877
6278
6123
5975
6302
6557
5862
6094
5753
6070
6493
6097
6323
6123
5974
6232
6116
5902
5909
6095
6088
6395
6005
6434
6110
6573
6343
6082
6337
6110
6450
5891
6464
6042
6566
6374
6807
6634
6531
6212
6143
6341
6224
5983
6345
6428
6215
6132
6649
6590
6148
6185
6286
5922
6542
6476
6413
6123
6452
6354
6481
6594
6226
6270
6385
6298
6692
6434
6422
6216
6501
6749
6539
6268
6806
6394
6534
6667
6688
6574
6292
6422
6536
6752
6794
6448
6637
6347
6628
6461
6660
6617
6450
6900
6486
6434
6681
6617
6939
6838
6818
6406
6670
7108
7011
6877
6607
6568
6546
6627
6862
6858
7049
6918
6528
6925
6715
6702
6920
6906
6851
6804
7131
7030
6811
6684
6932
7010
6703
6955
7142
7236
6966
6980
6933
6864
7188
6801
7261
6968
6696
6741
7156
7003
7404
6964
7318
7010
7009
6929
6925
7178
7494
7024
7389
6852
7223
7260
7072
6826
6981
6961
7127
7382
7413
7139
7254
7542
7459
7234
7528
7502
7410
7144
7539
7395
7537
7233
7424
7425
7137
7266
7026
7357
7371
7604
7036
7230
7707
7249
7515
7558
7408
7379
7529
7458
7454
7365
7592
7438
7226
7174
7419
7503
7442
7653
7611
7713
7677
7515
7845
7656
7455
7630
7393
7776
7363
7441
7734
7799
7502
7497
7652
7578
7726
7459
7675
7719
7475
7692
7770
7523
7824
7836
7598
7953
7688
7946
7943
7986
7680
7644
7594
7913
7988
7853
7814
7989
7880
7974
7549
8162
7544
7810
7968
8171
8194
7946
8392
8024
7691
8181
8290
8033
7903
8205
8207
8023
8186
7789
8185
7885
7897
8121
8228
7899
8046
8024
7984
8352
8290
8224
8209
8116
8024
8141
8216
8413
8003
8178
8044
8332
8176
8317
8176
8518
8388
8687
8606
8338
8338
8409
8727
8301
8560
8265
8561
8019
8588
8725
8560
8455
8932
8473
8733
8657
8538
8250
8174
8417
8448
8825
8756
8373
8516
8462
8789
8655
8857
8456
8544
8624
8634
8576
8609
8741
8511
8680
8611
8450
8961
8696
8768
8930
8705
9011
8468
8840
9036
8645
9042
8513
8844
8750
9007
8980
8700
8713
9151
8799
8700
8569
8822
9102
8940
8949
8803
9178
8852
9206
8875
9085
9183
8718
9246
8902
8948
9147
8766
9043
9244
9215
9129
8996
9133
9020
9404
9521
9024
9332
9290
9380
9268
9512
9051
9555
9420
9376
9464
9628
9015
9352
9517
9550
9458
9714
9688
9451
9517
9742
9596
9298
9466
9099
9602
9620
9194
9387
9570
9588
9597
9875
9868
9645
9802
9462
9728
9778
9674
9252
9810
9974
9711
9955
9711
9695
9752
9702
9812
9838
9874
10175
9639
9785
9981
9846
9875
10008
10056
9931
9844
10229
9968
10104
10077
9934
10069
10292
9841
10070
10328
10186
10082
9759
10162
9733
9910
9858
9922
10629
10029
9971
10664
10071
10137
10321
10281
10236
10055
10067
10308
10537
10477
10601
10244
10042
10490
10471
10212
10636
10638
10375
10674
9994
10595
10268
10584
10508
10594
10588
10594
10706
10652
10644
10308
10588
11034
10636
10696
10738
10354
10728
10789
10807
10633
10826
10820
10765
11173
10878
10712
10798
10842
10824
10739
11156
10752
11192
11079
10930
11392
10955
10978
10741
10688
10915
11215
11466
11124
11137
11166
10996
11223
11008
11168
11431
10923
11094
11147
11228
11089
11671
11368
10899
11384
11256
11156
11114
11211
11173
11222
11765
11531
11432
11182
11514
11548
11463
11686
11212
11357
11570
11524
11884
11448
11358
11898
11496
11400
11069
11589
11654
11572
11478
11734
11527
11637
11736
11987
11906
11805
11672
11853
11629
11631
11696
11738
11737
12041
11757
11828
12228
11950
12172
11620
12198
11841
11862
12400
11843
11988
11896
11897
12041
12061
11612
11763
11414
11616
11788
12211
11525
11812
12142
12251
12458
12200
12375
12304
12662
12842
12471
12858
12437
12180
12222
12692
12234
12210
12464
12366
12358
12660
12607
12588
12675
12719
12544
12777
12659
12655
12693
12444
12793
12787
12461
12710
12759
12713
13077
12895
12630
12518
12818
12363
13318
13204
12691
12416
12842
12658
13026
12939
12602
13055
12973
13019
12740
13191
13196
13069
12928
13230
13380
13403
13023
13364
13641
12730
12876
12868
12842
13097
13161
12925
13704
13034
13352
13231
13323
13294
13371
13174
13645
13396
13634
13822
13592
13975
13694
13615
13620
13570
13486
13956
13299
13956
13671
13546
13526
13613
13790
14157
13578
13544
13860
13655
14036
13499
13887
13966
14072
13788
13880
13956
13825
14100
13896
14308
14119
13791
13890
14017
14188
14121
14422
14176
13949
14196
14153
13877
14361
14104
14449
14220
14054
14399
14244
13909
14430
14121
14198
14578
14102
14401
14468
14642
14842
14748
14806
14740
14852
14196
14562
14237
14663
14424
14606
14473
14747
14436
14708
14601
14457
14870
14357
15086
14891
14812
14856
14882
14913
14850
14809
14843
15199
14687
14610
15053
14963
14866
15082
14709
15021
14880
14900
15080
15732
15015
15002
15105
15197
15139
15059
15373
15449
15191
15110
15908
15229
15354
14936
15674
15136
15254
15024
15136
15523
15165
15421
15413
15508
15675
15618
15820
16213
15524
15197
15321
15642
15308
15979
15627
15830
15849
15554
16108
15954
15942
15499
16010
16285
16073
16293
16011
15741
15758
15909
15819
15964
15880
16166
15839
15852
15938
15833
16019
16015
15842
15977
15860
16261
16115
15987
15893
15787
15853
16000
16072
16236
15592
15484
16113
16305
16343
15940
16440
16167
16501
16316
16254
17132
16626
16516
16690
16546
17126
16564
16920
16547
17116
16634
16760
16429
16630
16620
16584
16796
16680
17084
17031
17202
16708
16632
17010
16593
16904
16724
17459
17186
16989
17046
16632
16753
16964
16682
17021
17259
16987
17444
17348
17174
17306
16825
17009
16996
17216
16939
17042
17286
17287
17236
17487
17258
17241
17106
17229
17488
17341
17795
18022
18004
17489
17802
17289
18144
17612
17502
17597
17501
18036
18193
17728
17458
17721
17619
17638
17550
17560
17942
17956
17439
17548
17390
17885
18094
18010
17761
18097
17970
18226
17915
18045
17820
18030
18106
18042
18518
18018
18193
18612
18098
18138
17956
18137
18186
18109
18560
18560
18355
17664
18524
18172
18234
18533
18564
18447
18379
18405
18739
18671
18523
18380
18816
19072
18526
18790
18914
18778
18610
18606
18596
18436
18351
17933
18394
18581
18749
19540
18740
18782
18953
19316
18927
19339
19236
19278
19163
18926
19434
19289
19407
19492
19663
19327
19076
19412
19349
19338
19712
19324
19082
19130
19192
19058
19173
19220
19259
19074
18780
19082
18732
18721
18974
19090
18920
19504
19214
19181
19508
19673
19993
20346
19671
19991
19557
20196
20257
19623
20224
19419
19586
19252
19303
19218
18574
18118
17472
16878
16285
15438
15206
14948
15227
15901
16332
17248
18109
18681
19211
19706
20463
20825
20708
21238
20930
20550
20635
20825
20396
20895
20802
21094
20789
20676
20425
20904
20532
20986
21067
20445
21167
20770
20692
20683
20759
20682
20502
20293
20564
20373
20294
20066
20753
20544
21044
20851
21295
21036
21530
21254
20925
21457
21233
21257
21282
20930
20698
21158
20728
21099
20661
21032
20694
21102
20920
20950
20884
20366
21461
21093
21423
21334
21036
21231
21425
21238
21388
21137
20971
21236
21122
21668
21398
21381
21514
21154
21627
21676
21532
22346
21226
21505
21082
21236
21828
21716
21514
21531
21112
21369
21642
21307
21457
22181
21884
21716
21737
21267
21913
21772
21891
21256
21686
22107
22050
22224
22016
22036
22355
22454
22542
22516
22104
22292
22842
22521
22457
22588
22272
22241
22380
22565
22660
22383
22458
22790
22670
22250
22754
22530
22970
22426
22617
22873
22511
22878
23346
22777
22936
22765
22019
22098
21147
21079
20697
21159
20934
21313
21910
21988
22340
22957
22993
23257
22778
22802
22995
23289
22696
23293
23180
23596
23499
22788
23214
23192
23162
23630
23579
23191
23176
23478
23047
23364
23419
23237
22806
23269
23022
23236
23620
23513
23451
23402
23613
23106
23350
23424
23274
23178
23421
23228
23855
23072
23405
23703
23528
23661
23634
23898
23680
24022
24202
23648
23642
23656
23325
23886
23645
24148
23869
24341
23828
24290
23826
23960
24136
24027
23772
24192
24518
24100
24402
24068
24068
24175
24440
24021
23946
23978
24107
24042
24159
24420
24158
24122
24004
24556
24163
24026
23961
24923
24344
24480
24054
24433
24428
24320
24840
24748
24680
24714
25152
24804
24149
24807
24624
24473
24460
25058
24798
24797
24653
24955
24649
24771
25141
25092
24877
24836
25028
24868
25218
24881
25482
24896
25221
24819
25338
25414
25071
24953
25153
25306
25467
25428
25346
25213
25594
25428
25450
25102
25082
24956
25706
24936
25268
25136
25530
25553
24948
25546
25700
25505
25458
25546
25549
25562
25259
25472
25768
25605
25455
25437
25655
25390
25565
25896
25462
24809
24864
25091
24724
24988
24813
24997
24956
25519
26078
25844
25730
26160
25712
25636
25205
25702
26004
25960
25544
25416
25800
25823
25787
25538
25298
25673
25197
24954
25444
25461
26040
25694
25252
25736
25945
25493
26024
25576
26264
25947
26058
26148
26126
26261
26058
26216
25981
26025
26181
25956
26120
26112
26269
26409
26298
26559
26566
26186
26207
26270
26310
26648
26348
26354
26178
25939
25997
26276
26104
26522
26648
26792
26116
26459
26235
26703
26396
26198
26073
26608
26188
26597
26016
26488
26328
26588
26130
26612
26698
26332
26475
26585
26395
26586
26381
26404
27106
26466
26372
26769
26826
26379
26586
27116
26610
26868
26742
26376
26679
26747
26980
26645
26990
26688
26418
27528
26827
26658
26517
26692
26724
26944
26714
26704
26701
26540
26905
26533
27021
26785
26968
26591
26920
26963
26505
26669
26800
26952
26935
26964
27002
26941
26651
26913
26790
27064
26866
26928
27397
27008
26773
27232
27180
27444
27036
26373
27103
27364
27002
27026
27181
27035
27008
27406
27298
27236
27160
27215
27102
27629
27498
27284
27010
27740
26936
27002
27353
27032
26905
27028
26950
26854
26685
27210
27057
27360
27412
27279
26944
27156
26624
27085
26834
27510
26866
27052
27312
27625
27103
27141
27317
27284
27147
26927
27996
27115
27648
27145
27304
27226
27309
27450
27692
27807
26964
27374
27197
26998
27566
27557
27604
27721
27324
27419
27114
27850
27654
27497
27655
27469
27548
27560
27846
27789
27630
27670
27063
27004
26744
26210
26612
26605
26230
26602
26678
27050
27136
27840
27558
28134
27131
27794
27595
27517
27816
27792
27421
27620
27590
28045
27652
27458
27362
27499
27364
27268
27413
27640
27623
27260
27578
27200
26867
27506
27652
27401
27569
27308
27357
27164
26956
27233
27738
27149
27420
27451
27586
27630
27868
27473
27417
27274
27212
27548
27636
26940
27110
27477
27704
27295
27419
27044
27951
27348
27700
27857
27513
27159
27720
27244
27550
27814
27086
27326
27373
27642
27431
27095
27494
27295
27702
27291
27632
27557
27499
26892
27163
27633
27602
27352
27770
27498
27264
27540
27328
27322
27369
27550
27274
27337
27181
27630
27794
27658
27256
27600
27101
27352
27493
27081
27486
27292
27275
27409
26978
27361
27310
27238
26881
27330
27121
26914
26988
27194
26981
27065
27373
27192
27129
27077
27387
27148
26956
26772
27197
26964
27217
26901
27508
27065
27205
27482
27005
27188
27373
26672
27129
27309
26994
27123
27158
27152
26868
27357
27604
27046
26546
26900
27028
27353
27052
27032
27060
27466
27256
27368
26606
26509
26428
26919
26788
26789
26694
26526
27068
27008
26644
27348
26899
26578
26612
26840
26709
26645
26732
26760
26730
27052
26318
27021
26756
27092
26628
26341
26779
26573
26338
26461
26896
26754
26491
26340
26640
26615
26524
26696
26313
26436
26372
26100
26302
26635
26606
26625
26616
26220
26388
26742
26262
26292
26033
26263
26233
26285
26026
25940
26068
26012
25996
25789
25808
25642
26205
25835
25912
26292
25765
26506
25782
26448
25980
26251
26541
26144
25800
25747
26082
26203
26136
25709
25892
25680
26090
25728
25478
25493
25381
25388
26284
25514
25513
25741
25676
25828
25423
25604
25739
25889
25476
25754
25035
25589
25520
25410
25416
25555
25474
25741
25576
25453
25691
25434
25487
25746
25531
25306
25606
25382
25334
25755
24763
25315
25198
25692
25795
25550
25388
24799
24877
25099
24842
25290
24762
24948
24758
24654
24720
24526
24580
24683
24444
24620
24749
24221
24528
24626
24900
24782
24433
25060
25078
24685
25128
24797
24874
24509
24325
24358
24169
23808
23304
23344
23368
23721
23927
23954
23782
24388
24267
24239
24265
24486
24196
24125
23948
23876
24197
23844
24132
23975
24551
23912
24088
23968
23831
24261
23882
24298
23779
23407
23565
23847
23834
23796
23648
23866
23700
23246
23820
23462
23468
23541
23193
23860
23179
23446
23094
23351
23106
23322
23648
23357
23101
23168
23105
23373
23616
23030
22998
22850
23125
23168
23010
23422
23046
22620
22406
22677
22674
22338
22326
22202
21865
22213
22183
22495
22861
22440
22503
22256
22518
22244
22873
22228
22219
21895
22236
21980
22008
22350
22242
22464
22229
22440
22468
22107
21815
22523
22154
21992
22202
22062
22236
21818
22228
21796
21624
21888
21678
21845
21788
21762
21851
22100
21614
21680
21674
21845
21468
21589
21594
21258
21764
21584
21864
21147
21262
21520
21765
21157
21705
21535
21434
21169
21498
21824
21099
21490
21349
20902
20406
21132
21357
21284
21078
20558
21093
21032
21001
20667
20905
21174
20645
20756
20426
20674
20533
20592
20578
20675
20955
20420
20654
20550
20786
20854
20560
20736
20197
20277
20264
20360
20478
20300
20406
20356
20057
20419
20312
20426
20349
20267
20096
20251
20104
19812
19738
19780
19904
19691
19918
19609
19419
19695
19853
20164
19852
19677
19653
19780
19292
19810
19914
19444
19100
19547
20116
19378
19624
19867
19380
19363
19650
19387
19173
19356
19577
19450
19419
19520
19469
19426
19253
19023
19300
18874
19428
19197
19298
19058
19540
18977
19205
19143
19382
18822
18776
19444
18991
19124
19371
18925
19291
19020
19052
18911
18608
19188
18987
18788
18990
18924
18693
18816
19050
18618
18412
18902
18987
19049
19253
18669
18427
18588
19217
18660
18973
18844
18996
18752
19227
18575
18283
18746
18872
18560
18395
18700
18715
18862
18549
18722
18333
18276
18812
18688
18546
18968
18589
18552
18365
18677
18587
18525
18342
18696
18581
18859
18422
18676
18399
18560
18226
18218
18226
18520
18272
18004
18168
18356
18489
18516
18541
18216
18401
18108
18224
18432
18280
18341
18170
17959
18548
18265
17896
18411
18391
18146
18163
18300
18274
18095
18275
18267
18409
18264
18716
18214
18152
18346
18609
18519
18516
18487
18776
18560
18308
18740
18500
17989
18493
18257
18702
18521
18426
18592
18496
18684
18390
18486
18884
18676
18721
18730
18896
18661
18666
18420
18326
18796
18361
18637
18617
18229
18145
18944
18370
18175
18688
18548
18660
18204
18574
18970
18688
18682
18977
18362
18796
18688
18713
18642
18725
18706
18746
19061
19105
19133
18614
18964
18801
19035
19105
19237
19170
19118
19306
19714
19531
19515
19716
18969
19604
19436
19732
19950
19301
19544
19522
19260
18978
19148
18858
18944
19232
19324
19444
19590
19564
20018
20020
19760
20040
20166
19850
20250
20026
20936
20134
20162
20119
20270
20520
20319
20420
20777
20464
20608
20724
20825
20474
20760
20316
20749
21041
20781
20675
20667
20740
21080
20761
20961
21032
21082
21692
21373
21736
21640
21360
20993
21188
21874
21620
21829
21177
22021
21902
22317
21632
21696
21700
21610
21473
21866
21469
21316
21269
21728
22042
22733
22096
22828
22593
22746
22897
22832
22602
22558
22948
22948
23125
23130
23656
23305
23893
23612
23284
23066
23706
23114
24117
23480
23970
24189
24409
24361
23940
24016
24127
24342
24664
24365
24438
24301
24631
24722
24966
24610
25428
25301
24937
24870
25281
25441
25627
25348
25110
25832
25434
25960
25658
25929
26379
26586
26372
26487
26185
26548
26772
26890
26495
27000
26764
26914
27008
27508
27736
27499
27465
27572
27650
27894
28093
28524
27670
28166
27940
27802
28406
28779
28836
28867
28607
28812
29033
29386
29382
29203
29834
29652
29645
29853
29728
30276
30167
30414
30076
30356
30264
30720
30606
31262
31252
31022
30872
31647
31670
31798
32022
31451
32028
31938
31434
31872
32094
32692
32310
32324
32294
33171
33265
33066
33284
32765
33293
33174
33386
33620
33725
33736
34104
34296
33930
34432
34622
34177
34512
34798
34876
34764
35190
35437
35306
35416
35620
36008
35406
35878
35729
35853
35930
35946
36013
36314
37082
37211
37227
37034
37915
37773
37209
37716
37405
38265
38213
38020
37995
38224
38276
38221
38773
38847
38665
38602
39482
39117
39508
39725
39962
39835
39628
40214
39839
39457
38994
39403
39010
38157
38237
38086
38587
39867
40064
40863
41293
41860
41570
41844
42340
41636
41940
42198
42146
42551
41463
42245
42582
42475
42753
43700
43062
43371
43320
43506
43364
43740
43737
44171
43620
44187
44319
44021
44572
44365
44043
44641
45022
44486
44757
45124
45679
44772
45519
45604
45518
45477
45652
45422
45736
46229
45494
46068
45973
45820
45958
46304
46422
46354
46466
47098
46699
46436
46479
46974
47365
46740
46777
47108
47244
47440
47054
47395
47592
47796
47232
47797
47775
47401
47573
47862
47706
47403
48170
47860
48053
48644
48063
48476
48436
48324
48298
48118
48241
48858
48420
48460
48920
49610
48904
48748
49300
48909
48257
48324
48666
48940
49140
49338
48818
48603
48983
48242
48526
49644
49240
49690
50079
49280
49496
50058
49822
49132
49880
50434
50061
50436
49728
49734
49772
49280
49850
49793
50480
50061
49709
50031
49581
49601
49938
50181
49596
50138
50043
49497
49869
49364
49110
49174
49523
49517
49222
48776
49576
48989
49784
49348
49166
49194
49222
49526
49722
49465
49193
49312
49316
49390
48974
49568
49248
49060
48747
49131
49045
49064
49065
49322
48789
48726
48341
48502
48384
48564
48708
48218
48394
48500
48200
48084
48046
48160
48310
48667
47664
48740
47988
47810
47546
48208
47721
47126
47745
47556
47016
47476
47688
47578
47344
47156
46537
46650
46340
46534
46477
46724
46469
46860
46312
46442
46063
45724
45396
45173
45258
45080
44545
44598
44478
44288
44200
44555
44288
44598
44352
44530
44356
44052
43572
43962
43602
44362
43316
43005
43468
42190
42048
41652
41864
41913
41536
41770
41449
41656
41472
41961
42136
42256
42544
42226
41885
41315
41270
41540
41252
41168
41819
40561
40678
40683
40441
40429
40437
40192
39628
40340
40154
39172
39950
39499
39271
39040
39212
38610
38588
38856
38176
38084
38348
37737
38176
37788
37562
37430
36992
36999
36726
36738
36063
36404
36373
36224
35860
35968
35515
35177
35710
35245
35200
35165
34221
34467
34390
34484
33862
33369
33330
32717
33061
31881
32024
32464
32612
32314
32468
32418
31933
32047
31741
31666
31326
30561
30694
30052
30314
30520
30291
30440
30426
30175
29994
29637
29131
29417
29434
29120
28862
28419
29058
28421
28274
27849
28132
27802
27728
27347
27018
26987
26956
26984
26474
26742
26660
26426
26243
25709
25698
25743
25784
25281
25329
25401
25376
24468
24332
24330
24562
23740
24088
23960
23541
23592
23160
23852
23211
23307
22980
23019
22396
22683
22272
22758
22232
22396
21957
21909
21057
21096
20829
20954
21132
20820
20572
20517
20281
20027
19820
19622
19732
19235
19303
19341
18857
19025
19037
18875
18792
18971
18434
18354
18470
18076
18297
17770
17411
17594
17708
17380
17211
17228
16655
16772
16452
16454
16314
16047
16521
16460
15837
15953
15444
15388
14881
15229
15657
15280
14855
15077
15129
15137
15193
14977
14475
14581
14552
14422
14301
14542
14041
13980
13981
13701
13945
14017
13619
13743
13617
13284
13568
12889
13144
12665
12973
12900
12466
12299
12165
12182
12389
12578
12343
12371
12377
12147
11574
12134
11986
12127
11686
11564
11549
11474
11214
11031
11286
10685
11537
11075
11474
10929
10875
10867
10781
10910
10480
10500
10330
10514
10431
10285
10024
10038
10072
10334
10180
9810
9540
9701
9596
9580
9527
9800
9325
9733
9406
9127
9844
9461
9221
9335
9216
9238
8673
9009
8887
8860
8517
8780
9205
8839
8816
8953
8590
8551
8565
8947
8468
8504
8408
8505
8204
8220
8339
8187
8060
7794
8089
8199
7738
8079
7995
7914
8007
7930
7663
7717
7676
8054
7624
7695
7738
7951
7499
7666
7620
7538
7164
7321
7322
7112
7188
7396
7417
7362
7577
7178
6839
7354
6751
7264
6981
7069
6990
6883
7166
7129
7317
7122
6841
6720
6891
6812
6671
7020
6637
6545
6747
6278
6583
6778
6628
6753
6357
6641
6568
6663
6445
6320
6422
6745
6532
6223
6498
6470
6288
6658
6287
6455
6355
6156
6063
6456
6065
6272
6268
6048
6432
6562
5922
6163
6059
6149
6146
6021
6030
5928
6002
6069
5935
6295
5855
5805
5757
5734
5990
5714
5876
6170
5904
6011
5793
6277
5977
6042
5781
5656
5471
5774
6020
5834
5661
5855
5237
5608
5846
5785
5304
5667
5800
5504
5637
5681
5589
5200
5762
5697
5265
5504
5369
5405
5598
5419
5544
5447
5574
5242
5483
5432
5555
5576
5338
5394
5442
5368
5160
5540
5498
5396
5078
5275
4959
5051
5182
5077
5133
5405
5304
5318
5508
5097
5109
5133
5359
5172
5109
5273
5208
5489
5266
5233
5210
5210
5131
4876
5002
5448
5176
5285
4973
5222
5050
5472
5208
5150
5209
5236
4715
5362
4791
5188
5182
4883
4941
5130
4906
5052
4745
4994
4928
4872
5194
4852
4929
5556
5205
4810
4887
5233
4953
5055
4892
4801
4940
5177
4845
4631
4989
4857
4981
4861
4818
5211
4852
4916
4847
4986
4714
5066
4788
4850
4775
4750
4743
4525
4845
4747
4849
4838
4702
4948
4700
4697
4632
4764
4945
5002
4818
5199
4681
4677
4743
4693
4723
4879
4828
4940
4786
4862
4937
4567
4853
5147
4497
4499
4897
5014
4596
4953
4614
4821
4504
4604
4919
4700
4651
4491
4895
4768
4574
4402
4853
4751
4826
4815
4563
4582
4471
4459
4460
4591
5248
4680
4842
4557
4502
4587
4417
4516
4595
4670
4689
4553
4622
4396
4764
4752
4598
4968
4341
4640
4752
4440
4597
4597
4505
4704
4539
4488
4528
4798
4925
4547
4294
4469
4854
4602
4548
4373
4518
4376
4305
4392
4579
4633
4747
4518
4480
4480
4714
4244
4672
4470
4538
4386
4517
4443
4556
4436
4434
4605
4357
4746
4430
4592
4314
4814
4514
4700
4187
4279
4836
4693
4276
4512
4107
4484
4347
4714
4484
4593
4410
4632
4306
4308
4546
4570
4348
4169
4532
4593
4522
4658
4492
4400
4319
4489
4869
4053
4441
4333
4532
3980
4409
4361
4446
4118
4295
4211
4343
4344
4546
4280
4539
4333
4411
